-2 -1.9596 -1.91919 -1.87879 -1.83838 -1.79798 -1.75758 -1.71717 -1.67677 -1.63636 -1.59596 -1.55556 -1.51515 -1.47475 -1.43434 -1.39394 -1.35354 -1.31313 -1.27273 -1.23232 -1.19192 -1.15152 -1.11111 -1.07071 -1.0303 -0.989899 -0.949495 -0.909091 -0.868687 -0.828283 -0.787879 -0.747475 -0.707071 -0.666667 -0.626263 -0.585859 -0.545455 -0.505051 -0.464646 -0.424242 -0.383838 -0.343434 -0.30303 -0.262626 -0.222222 -0.181818 -0.141414 -0.10101 -0.0606061 -0.020202 0.020202 0.0606061 0.10101 0.141414 0.181818 0.222222 0.262626 0.30303 0.343434 0.383838 0.424242 0.464646 0.505051 0.545455 0.585859 0.626263 0.666667 0.707071 0.747475 0.787879 0.828283 0.868687 0.909091 0.949495 0.989899 1.0303 1.07071 1.11111 1.15152 1.19192 1.23232 1.27273 1.31313 1.35354 1.39394 1.43434 1.47475 1.51515 1.55556 1.59596 1.63636 1.67677 1.71717 1.75758 1.79798 1.83838 1.87879 1.91919 1.9596 2 
0.500728 0.50883 0.517191 0.525817 0.534713 0.543886 0.553342 0.563083 0.573115 0.583439 0.594057 0.604969 0.616172 0.627665 0.63944 0.651492 0.663809 0.676381 0.68919 0.70222 0.715449 0.728853 0.742404 0.756071 0.769818 0.783608 0.797398 0.811145 0.8248 0.838313 0.85163 0.864696 0.877456 0.889852 0.901828 0.913325 0.92429 0.934669 0.944411 0.95347 0.961803 0.969373 0.976148 0.982101 0.987212 0.991468 0.994862 0.997394 0.999068 0.999897 0.999898 0.999093 0.997509 0.995177 0.99213 0.988405 0.98404 0.979075 0.973548 0.967501 0.960972 0.954 0.946622 0.938872 0.930785 0.922391 0.913718 0.904794 0.895642 0.886285 0.87674 0.867026 0.857158 0.847148 0.837009 0.82675 0.816379 0.805904 0.79533 0.784664 0.773909 0.76307 0.75215 0.741153 0.730081 0.718938 0.707726 0.69645 0.685113 0.673718 0.662269 0.650772 0.63923 0.62765 0.616037 0.604396 0.592735 0.58106 0.569378 0.557697 
1.479 1.49516 1.53273 1.37633 1.49256 1.41505 1.40677 1.3589 1.40697 1.39216 1.35539 1.27343 1.3075 1.27948 1.35785 1.29419 1.32416 1.22403 1.22628 1.21008 1.16353 1.20787 1.18361 1.15222 1.13495 1.1365 1.1371 1.15105 1.08903 1.09823 1.07625 1.06664 1.09987 1.05122 1.03499 1.01587 1.00836 1.03241 1.01107 1.02142 0.998628 0.986172 0.98957 0.979948 1.00023 0.989963 0.993337 0.992387 0.998135 0.997934 1.00193 1.00417 1.01229 1.01539 1.02528 1.03523 1.0439 1.05921 1.05446 1.05103 1.09864 1.08437 1.09139 1.1428 1.16739 1.13258 1.20175 1.16344 1.19224 1.18787 1.26043 1.2179 1.26901 1.26895 1.32831 1.32596 1.42741 1.35182 1.41934 1.3615 1.45014 1.37871 1.45037 1.54864 1.54535 1.46636 1.5759 1.5508 1.58762 1.60318 1.68088 1.68859 1.70875 1.6479 1.81009 1.78505 1.74071 1.88451 1.75796 1.86442 
1.53259 1.5167 1.51345 1.51589 1.50869 1.49306 1.52064 1.43932 1.42153 1.46065 1.38461 1.35521 1.33199 1.29738 1.27866 1.33012 1.30476 1.23249 1.24766 1.22429 1.18512 1.16844 1.16575 1.19194 1.12649 1.11955 1.08182 1.13894 1.11085 1.0635 1.12715 1.07135 1.06055 1.05463 1.05368 1.05881 1.06591 1.01851 1.00577 0.999802 1.01344 1.0024 0.99798 0.993209 0.99654 1.00293 0.987845 0.995112 0.997262 0.998 1.00133 1.00973 1.01213 1.00986 1.0094 1.03524 1.03741 1.02788 1.05395 1.09085 1.07903 1.06206 1.09903 1.09429 1.12823 1.12429 1.18277 1.18177 1.14373 1.22015 1.28207 1.24577 1.27655 1.20202 1.31569 1.35859 1.31305 1.37492 1.35352 1.37719 1.44105 1.47211 1.46552 1.52983 1.49701 1.55325 1.53158 1.58889 1.53223 1.74543 1.63493 1.68146 1.64887 1.78639 1.71721 1.79323 1.87576 1.86073 1.86378 1.8563 
1.57427 1.47276 1.47537 1.53493 1.46719 1.48114 1.4001 1.43957 1.32673 1.3867 1.36802 1.38188 1.37047 1.3294 1.32473 1.26466 1.21859 1.25372 1.27177 1.26856 1.19338 1.22345 1.18792 1.17632 1.15399 1.12562 1.1303 1.10525 1.14498 1.03159 1.07643 1.10045 1.07603 1.07099 1.01467 1.04525 1.05132 1.00673 1.02586 1.00496 1.00661 0.990109 0.999544 1.00091 0.999437 0.98917 0.993775 0.990279 0.992185 0.997702 1.00089 1.0057 1.01905 1.01121 1.01202 1.02472 1.03079 1.05215 1.05217 1.07012 1.08168 1.08639 1.09849 1.1063 1.1279 1.13444 1.14595 1.17294 1.17892 1.2155 1.23746 1.24471 1.23023 1.33375 1.32324 1.34125 1.36027 1.39537 1.32102 1.40328 1.44988 1.38736 1.55112 1.54235 1.5168 1.53804 1.56486 1.56435 1.63938 1.66463 1.62528 1.80837 1.70522 1.77375 1.78995 1.92954 1.87046 1.86487 1.87894 1.84461 
1.56791 1.57785 1.57665 1.54928 1.45907 1.45548 1.49279 1.46998 1.36869 1.37128 1.36713 1.34555 1.32531 1.3598 1.3204 1.26655 1.25055 1.24449 1.22578 1.2348 1.22235 1.19091 1.17089 1.16037 1.16032 1.10152 1.12993 1.11417 1.07475 1.11134 1.08092 1.08098 1.06674 1.03309 1.04684 1.02904 1.03667 1.0229 1.01715 1.02887 1.00516 0.987659 0.980125 0.987224 0.982065 0.993314 0.990231 0.99396 0.995574 0.998767 1.00149 1.00589 1.0122 1.02782 1.03572 1.02607 1.04908 1.04585 1.04182 1.07876 1.07971 1.11195 1.11217 1.12968 1.17656 1.1105 1.16981 1.1747 1.1671 1.23904 1.22482 1.25195 1.24672 1.31055 1.29798 1.29384 1.3247 1.39026 1.36929 1.35291 1.37976 1.49912 1.50453 1.53246 1.53302 1.39903 1.58867 1.61566 1.66271 1.61912 1.69578 1.72688 1.64607 1.70365 1.68263 1.84552 1.72147 1.76724 1.8547 1.84133 
1.55614 1.56306 1.59917 1.4363 1.45831 1.48527 1.49535 1.41969 1.39409 1.36784 1.303 1.3236 1.38966 1.28143 1.32663 1.22839 1.28242 1.30422 1.22427 1.26835 1.23708 1.23107 1.21722 1.16283 1.11558 1.11275 1.10166 1.10837 1.06968 1.14203 1.08708 1.05995 1.0609 1.04318 1.04741 1.03139 1.01597 1.01384 1.0149 1.01134 1.00251 0.998454 0.99368 1.00132 0.980368 0.990299 1.00093 0.992996 0.996018 0.998096 1.00188 1.00367 1.0127 1.0131 1.021 1.02714 1.05137 1.06329 1.04503 1.0891 1.06258 1.07854 1.1176 1.10409 1.16014 1.11634 1.18357 1.16687 1.18944 1.21453 1.21854 1.24793 1.26252 1.268 1.26566 1.31743 1.34151 1.32104 1.31187 1.41876 1.42488 1.36333 1.46962 1.5783 1.5256 1.49891 1.64955 1.66017 1.68264 1.62251 1.63101 1.75216 1.68072 1.81279 1.71965 1.76288 1.75522 1.77796 1.92714 1.91487 
1.55845 1.52476 1.57058 1.51445 1.4053 1.41414 1.42924 1.50901 1.39038 1.4368 1.34198 1.3825 1.31864 1.36405 1.32271 1.28328 1.28413 1.21845 1.30933 1.22793 1.21252 1.23883 1.20083 1.09664 1.18847 1.15186 1.12793 1.14399 1.10404 1.10753 1.08966 1.07433 1.07428 1.05171 1.03607 1.02749 1.03329 1.01086 1.02015 1.02509 1.00656 0.996929 1.01206 0.985415 0.994718 1.00027 0.991341 0.998172 0.997481 0.998167 1.0017 1.0062 1.0165 1.02275 1.02054 1.02666 1.04007 1.04754 1.04469 1.0618 1.07582 1.08953 1.10818 1.09129 1.1217 1.10562 1.16305 1.1903 1.21872 1.1808 1.20671 1.23456 1.30017 1.29982 1.36173 1.26666 1.34985 1.2957 1.41637 1.40386 1.47643 1.40575 1.48907 1.46073 1.50101 1.57331 1.54415 1.53875 1.62188 1.58439 1.66669 1.73511 1.80185 1.61027 1.79359 1.81912 1.80519 1.92546 1.75524 1.92978 
1.58889 1.55107 1.43408 1.54993 1.51103 1.46174 1.47461 1.45778 1.38371 1.39301 1.39109 1.38533 1.30645 1.29486 1.30533 1.281 1.25595 1.28325 1.23668 1.20919 1.28111 1.25232 1.17632 1.15633 1.17443 1.15003 1.16444 1.13608 1.1204 1.09894 1.09128 1.12079 1.06721 1.04687 1.02273 1.04031 1.02282 1.01601 1.01964 0.997393 1.00693 1.00337 0.985189 0.999416 0.988093 0.999727 0.996336 0.99164 0.995297 0.999861 1.00138 1.00412 1.01221 1.01779 1.022 1.02791 1.03331 1.03901 1.04557 1.06619 1.10745 1.08387 1.08849 1.16296 1.13644 1.14406 1.12464 1.17915 1.20064 1.22768 1.21863 1.22593 1.27581 1.26251 1.36013 1.33393 1.34276 1.33764 1.38411 1.35165 1.3747 1.51003 1.44118 1.47836 1.54717 1.50829 1.54269 1.61205 1.59741 1.56839 1.61266 1.60759 1.77735 1.79602 1.75624 1.76523 1.75512 1.86076 1.97383 1.89101 
1.51203 1.61309 1.45696 1.56882 1.45233 1.51662 1.47834 1.39765 1.44862 1.38037 1.3545 1.369 1.34189 1.25988 1.31387 1.31022 1.285 1.23854 1.26159 1.21038 1.2401 1.19079 1.20289 1.14339 1.16169 1.06862 1.16225 1.07575 1.12432 1.07758 1.04802 1.10395 1.04319 1.04737 1.05189 1.01367 1.02571 1.03403 1.01313 0.990427 1.00416 1.01432 0.999778 1.0057 1.0005 0.984954 0.985983 0.994955 0.996954 0.998657 1.00118 1.00474 1.01511 1.0119 1.01834 1.02927 1.03503 1.0334 1.04801 1.0605 1.06531 1.06048 1.09181 1.12512 1.1486 1.14716 1.16669 1.18003 1.19941 1.16947 1.23478 1.2225 1.23557 1.2973 1.31167 1.34711 1.32552 1.33654 1.40786 1.38661 1.41644 1.40774 1.46864 1.48943 1.50548 1.45611 1.58239 1.58136 1.64846 1.64568 1.70195 1.74321 1.60097 1.69522 1.68647 1.71765 1.89097 1.89179 1.82414 1.83427 
1.58293 1.51312 1.54513 1.56272 1.43068 1.52313 1.40795 1.44503 1.42691 1.48151 1.33198 1.34383 1.28471 1.29754 1.29575 1.31222 1.2437 1.24324 1.24591 1.24258 1.19846 1.22601 1.16535 1.14443 1.19038 1.11409 1.15456 1.12797 1.08705 1.08553 1.0833 1.09451 1.03039 1.06307 1.06317 1.03235 1.05872 1.03474 1.00345 0.984864 1.01674 0.998761 1.01463 0.996844 0.986944 1.00763 0.993449 0.993583 0.997801 0.99917 1.00107 1.00718 1.00877 1.01441 1.01248 1.02255 1.03575 1.03349 1.05096 1.05772 1.06549 1.0913 1.0879 1.12452 1.12491 1.17849 1.13939 1.16261 1.19379 1.20858 1.30857 1.24211 1.29481 1.2976 1.25134 1.36766 1.32168 1.36983 1.38351 1.42392 1.35042 1.45932 1.41033 1.55806 1.49711 1.58777 1.57857 1.6913 1.55798 1.70669 1.68015 1.56964 1.74443 1.68327 1.75697 1.87121 1.74425 1.81268 1.87996 1.84471 
1.54907 1.57329 1.45791 1.508 1.50106 1.47457 1.50823 1.45773 1.36076 1.45463 1.37043 1.29643 1.31307 1.34391 1.34053 1.2841 1.30131 1.21926 1.21224 1.22172 1.24266 1.23176 1.17511 1.19759 1.1462 1.1603 1.1736 1.05391 1.11891 1.09715 1.0777 1.1096 1.04082 1.05887 1.06206 1.03759 1.04558 1.02976 0.995245 1.02289 1.01508 1.00975 0.990278 0.998973 0.992495 1.01047 0.991381 0.993336 0.996321 0.998626 1.00178 1.00762 1.01428 1.00879 1.01743 1.0265 1.03154 1.04414 1.0626 1.06128 1.05915 1.10103 1.09431 1.11255 1.10951 1.16017 1.19715 1.19489 1.23465 1.23536 1.20736 1.24136 1.19291 1.26846 1.29545 1.28901 1.37023 1.34719 1.37428 1.38987 1.43653 1.42397 1.47669 1.5515 1.53809 1.4899 1.55871 1.54791 1.52198 1.65571 1.73498 1.71266 1.77198 1.66386 1.79529 1.78517 1.8455 1.76127 1.72907 1.88596 
1.5516 1.57863 1.55437 1.46001 1.50213 1.52021 1.41084 1.41046 1.37592 1.39795 1.33089 1.36695 1.26569 1.37542 1.2946 1.28076 1.30744 1.25722 1.27708 1.2168 1.2275 1.18292 1.14456 1.15875 1.17208 1.12379 1.17524 1.10313 1.10742 1.09367 1.041 1.06607 1.0683 1.06313 1.04177 1.04267 1.04817 1.02556 1.00328 0.999775 0.999829 0.986587 0.999609 1.00345 1.0014 1.00102 0.996495 0.995355 0.995693 0.999018 1.00152 1.00771 1.00756 1.0185 1.01062 1.03874 1.0415 1.04603 1.06096 1.07761 1.0839 1.07802 1.10098 1.11515 1.13125 1.16798 1.15968 1.21582 1.18604 1.22736 1.23924 1.24502 1.27632 1.24762 1.32726 1.34091 1.31813 1.29995 1.33104 1.38087 1.38527 1.45932 1.4562 1.47562 1.44345 1.58656 1.52609 1.53771 1.55938 1.63538 1.61713 1.66869 1.66861 1.63486 1.73935 1.7503 1.80598 1.83321 1.77073 2.07285 
1.56282 1.56015 1.4988 1.48714 1.44958 1.45878 1.46439 1.45218 1.4547 1.39026 1.42051 1.35339 1.30716 1.31226 1.30134 1.32972 1.30387 1.29958 1.28073 1.28281 1.25702 1.1904 1.21325 1.16136 1.2208 1.15296 1.14044 1.13586 1.13513 1.09772 1.10172 1.08465 1.09186 1.06117 1.0594 1.0158 1.0432 1.0318 1.024 1.02178 1.00444 0.995214 0.999288 0.999154 0.999402 0.992302 0.991398 0.994036 0.994437 0.999051 1.00164 1.00577 1.00575 1.01718 1.01456 1.02212 1.03008 1.0537 1.0502 1.07263 1.05799 1.09478 1.10045 1.14384 1.1093 1.12037 1.14849 1.1416 1.18352 1.16026 1.21607 1.28932 1.28221 1.27534 1.29746 1.32094 1.32959 1.38643 1.33532 1.39185 1.39604 1.37949 1.54064 1.43412 1.47893 1.5 1.58138 1.54639 1.57964 1.55314 1.62338 1.59204 1.64848 1.67485 1.80329 1.7694 1.77944 1.65338 1.86714 1.91475 
1.59695 1.53202 1.58146 1.55129 1.56207 1.45996 1.49189 1.41013 1.39234 1.4984 1.47694 1.3846 1.32957 1.29682 1.25805 1.35967 1.30749 1.2584 1.24177 1.22456 1.20772 1.25494 1.23489 1.17705 1.17214 1.16668 1.16293 1.12354 1.10467 1.07703 1.08791 1.08124 1.0554 1.04936 1.05023 1.03459 1.01667 1.02088 1.01142 1.03589 1.00717 1.00241 0.995038 1.00772 1.00219 0.995898 0.994774 0.993199 0.996608 0.998826 1.00124 1.00703 1.01466 1.01516 1.01748 1.04854 1.03164 1.04101 1.04261 1.07205 1.06707 1.08929 1.09424 1.10647 1.11671 1.13166 1.14261 1.19121 1.1801 1.17272 1.22807 1.21028 1.25469 1.25882 1.26404 1.29689 1.32893 1.35473 1.36509 1.40155 1.46441 1.41777 1.52293 1.54458 1.47815 1.5228 1.51795 1.60559 1.54807 1.59926 1.67502 1.58966 1.67195 1.74363 1.73548 1.73852 1.79794 1.70611 1.86244 1.92996 
1.56922 1.58336 1.48144 1.49163 1.4563 1.48694 1.40666 1.41634 1.44235 1.38663 1.4288 1.41535 1.34911 1.32366 1.34701 1.24772 1.26746 1.25549 1.24495 1.25319 1.22736 1.20056 1.17645 1.15396 1.17797 1.13819 1.11625 1.10241 1.10707 1.09429 1.08617 1.07174 1.0511 1.08063 1.06563 1.0403 1.04511 1.01548 1.03303 1.02223 1.00814 1.00024 0.99894 1.00048 1.00646 1.00505 0.995256 0.994708 0.993938 0.998044 1.00177 1.00722 1.01659 1.01067 1.02629 1.03039 1.04289 1.04754 1.05129 1.06998 1.07353 1.05401 1.1119 1.10592 1.09137 1.15432 1.1483 1.17846 1.16893 1.20464 1.17211 1.23022 1.24724 1.2448 1.24488 1.20472 1.35749 1.34257 1.32788 1.42094 1.40364 1.42843 1.38738 1.40773 1.39275 1.49626 1.57449 1.6093 1.58545 1.6096 1.63025 1.60879 1.72727 1.80035 1.70818 1.73682 1.71286 1.7524 1.96204 1.99306 
1.63144 1.50237 1.50382 1.46489 1.41311 1.46989 1.37851 1.47002 1.39946 1.40512 1.37051 1.38394 1.34003 1.33929 1.35919 1.3376 1.30074 1.26692 1.23814 1.19703 1.22223 1.24196 1.17524 1.18846 1.17045 1.14288 1.11102 1.11856 1.11495 1.06801 1.12024 1.10829 1.0975 1.03896 1.08022 1.05117 1.04462 1.03519 1.01522 1.02714 1.02025 1.00982 1.00095 1.00063 0.998297 0.988722 0.999079 0.995363 0.999611 0.998593 1.00136 1.00729 1.01071 1.01879 1.01917 1.02877 1.03244 1.03886 1.06724 1.0659 1.07758 1.10088 1.09127 1.1113 1.11235 1.12866 1.16347 1.14251 1.18696 1.19466 1.24307 1.21893 1.21597 1.34898 1.25325 1.35806 1.27839 1.36492 1.32875 1.35822 1.47303 1.41306 1.4879 1.48493 1.43843 1.49923 1.44889 1.55745 1.58459 1.60386 1.64439 1.71288 1.63376 1.62446 1.71411 1.82674 1.86547 1.80858 1.94589 1.92148 
1.44464 1.53226 1.55061 1.40905 1.48714 1.52445 1.47262 1.39888 1.42507 1.46619 1.33653 1.36267 1.34375 1.39357 1.28614 1.3094 1.27071 1.26063 1.27912 1.26126 1.22031 1.19929 1.16715 1.12526 1.16591 1.17862 1.19385 1.13544 1.1458 1.11472 1.06835 1.0404 1.05963 1.09951 1.06254 1.04725 1.0654 1.03991 1.01805 1.01812 1.01072 1.01264 0.992029 1.00092 1.00937 1.00348 1.00726 1.00191 0.997409 0.999316 1.00028 1.00631 1.01194 1.01476 1.01886 1.0294 1.04918 1.05201 1.06477 1.0743 1.08341 1.08023 1.11256 1.10984 1.14315 1.14149 1.16801 1.18439 1.17619 1.18104 1.25011 1.25654 1.21474 1.22412 1.26945 1.36029 1.37502 1.32438 1.39359 1.37896 1.38518 1.46569 1.44754 1.42155 1.49769 1.55504 1.51334 1.51212 1.48599 1.58797 1.70855 1.62409 1.69157 1.74133 1.70745 1.77109 1.63751 1.77369 1.81537 1.85727 
1.5705 1.51975 1.61886 1.45549 1.47462 1.4923 1.44837 1.44574 1.36309 1.37718 1.3758 1.31461 1.4184 1.39169 1.28126 1.28456 1.31756 1.30174 1.27581 1.27946 1.25633 1.23556 1.19189 1.16534 1.18366 1.1967 1.12687 1.10698 1.11093 1.12802 1.10541 1.0509 1.05583 1.0541 1.07425 1.04838 1.03767 1.03089 1.03668 1.0281 1.0127 1.00299 1.00267 0.997728 1.00155 0.997489 1.00132 0.997208 0.998409 0.99856 1.00146 1.00435 1.0098 1.0199 1.02706 1.02831 1.0442 1.05286 1.04786 1.08051 1.07239 1.0917 1.10436 1.10378 1.12582 1.14989 1.12733 1.17056 1.17277 1.18519 1.21936 1.2152 1.30192 1.2438 1.28012 1.25096 1.26551 1.31322 1.32576 1.38908 1.42123 1.40479 1.36839 1.46555 1.47377 1.42549 1.55014 1.59881 1.56999 1.53822 1.56177 1.74205 1.7026 1.77207 1.78458 1.78393 1.79208 1.73429 1.77605 1.78936 
1.60927 1.5571 1.59241 1.48286 1.51154 1.44004 1.40879 1.38625 1.38655 1.38785 1.38976 1.38907 1.3614 1.34046 1.3163 1.36001 1.27988 1.29856 1.27015 1.26788 1.2104 1.22162 1.18769 1.20086 1.15567 1.10552 1.13528 1.09745 1.12275 1.10224 1.10843 1.0709 1.06397 1.06131 1.07164 1.04776 1.01913 1.02744 1.02641 1.02287 0.986862 1.01293 0.994959 0.988443 1.00637 0.997171 1.00271 0.995498 0.996713 0.999402 1.00054 1.0049 1.00897 1.01817 1.01442 1.02143 1.02478 1.04727 1.04723 1.031 1.05907 1.08191 1.11996 1.10075 1.12077 1.13795 1.10902 1.18001 1.14999 1.19804 1.22291 1.24409 1.22472 1.30443 1.32797 1.30658 1.3051 1.36643 1.39444 1.30244 1.36585 1.31291 1.43784 1.39232 1.38978 1.53738 1.55139 1.53618 1.52983 1.62798 1.54432 1.56289 1.74684 1.63971 1.70989 1.81454 1.77199 1.78403 1.86213 1.71617 
1.53476 1.53532 1.456 1.47381 1.57984 1.49958 1.537 1.47039 1.45795 1.41776 1.40284 1.32781 1.38125 1.30991 1.25101 1.34772 1.29977 1.26201 1.21751 1.28214 1.25798 1.19148 1.18646 1.16867 1.15107 1.15361 1.15445 1.091 1.11311 1.10994 1.0888 1.08463 1.08657 1.06743 1.04183 1.05391 1.02344 1.01007 1.03726 1.01409 1.01669 0.994039 1.01207 1.00191 0.995739 1.00289 0.995874 0.995258 0.99897 0.998082 1.00118 1.00335 1.01074 1.01591 1.01205 1.02006 1.04049 1.03643 1.05153 1.08182 1.06819 1.07993 1.08628 1.12624 1.11964 1.08857 1.15022 1.18557 1.20103 1.17101 1.24203 1.26817 1.22446 1.23019 1.28359 1.31785 1.26868 1.33689 1.30279 1.41409 1.3973 1.40603 1.47075 1.44237 1.41878 1.51058 1.51559 1.56111 1.63674 1.62202 1.58143 1.65666 1.64045 1.65241 1.68042 1.8095 1.74103 1.63501 1.86021 1.84331 
1.59956 1.56837 1.52145 1.55187 1.47064 1.53088 1.45156 1.4705 1.3439 1.41798 1.41448 1.37097 1.34966 1.33938 1.30445 1.35737 1.3012 1.28467 1.23031 1.24518 1.25429 1.18765 1.22496 1.18972 1.1654 1.16694 1.14553 1.13109 1.12268 1.11874 1.08175 1.09662 1.06966 1.08102 1.03296 1.04421 1.0384 1.02927 1.03416 1.02416 1.01605 1.00668 0.999951 1.0114 1.00007 1.00103 1.00382 0.999595 0.998442 0.998419 1.00124 1.00104 1.00309 1.01112 1.0284 1.02129 1.0295 1.03697 1.0595 1.04666 1.06647 1.07223 1.07959 1.11697 1.13741 1.13644 1.15158 1.17076 1.19536 1.21938 1.2264 1.16585 1.25732 1.28226 1.27623 1.2693 1.28947 1.35421 1.41017 1.35679 1.32044 1.4095 1.34923 1.44869 1.44977 1.52111 1.52008 1.51766 1.48209 1.58228 1.63937 1.62058 1.62155 1.73129 1.73329 1.72011 1.71012 1.7944 1.85699 1.73384 
1.64094 1.59932 1.58601 1.5457 1.46035 1.42804 1.51699 1.45447 1.51372 1.42495 1.41363 1.37507 1.34382 1.33058 1.31148 1.33602 1.3271 1.27485 1.27319 1.24054 1.22696 1.2435 1.19908 1.17627 1.21719 1.196 1.1494 1.1224 1.11803 1.16652 1.11347 1.12302 1.09596 1.06467 1.04951 1.04941 1.05115 1.03298 1.05018 1.01638 1.00995 1.02186 0.989664 1.00262 1.00176 0.99601 0.99756 1.00017 0.996481 0.998358 1.00112 1.00524 1.00455 1.00908 1.02901 1.032 1.03407 1.05341 1.05327 1.04992 1.06737 1.07784 1.11856 1.09088 1.10342 1.13175 1.1456 1.1388 1.15994 1.1446 1.18813 1.22232 1.24881 1.25022 1.26993 1.26618 1.29946 1.36039 1.35298 1.35283 1.39256 1.49052 1.42354 1.39675 1.46529 1.45545 1.41773 1.59984 1.6225 1.65184 1.51489 1.63344 1.62239 1.51487 1.6554 1.78273 1.76044 1.6592 1.84029 1.79459 
1.6027 1.65963 1.68335 1.51568 1.5412 1.4822 1.40229 1.41646 1.45951 1.39562 1.34662 1.37518 1.39396 1.36774 1.34971 1.30042 1.29159 1.26351 1.23457 1.25991 1.2894 1.22561 1.1918 1.18203 1.16478 1.1717 1.17852 1.14501 1.14421 1.09385 1.10138 1.1226 1.08368 1.0799 1.02504 1.05964 1.05677 1.0155 1.01544 1.01468 1.01128 1.0141 1.00572 1.00366 0.999625 0.99691 0.99787 0.995051 0.993508 0.998894 1.00153 1.00293 1.01319 1.01288 1.01601 1.0192 1.02745 1.04449 1.06015 1.06636 1.07051 1.0654 1.06591 1.11453 1.11047 1.09419 1.1359 1.1797 1.1813 1.1377 1.22097 1.22017 1.23491 1.27764 1.2266 1.30824 1.30718 1.31853 1.33577 1.37801 1.42663 1.32438 1.4186 1.46769 1.38533 1.42441 1.43061 1.51635 1.59396 1.64994 1.60485 1.5491 1.61244 1.58715 1.74831 1.70843 1.77415 1.71755 1.74848 1.71964 
1.58539 1.54 1.55658 1.58775 1.55762 1.50968 1.43343 1.49788 1.40185 1.37121 1.39512 1.37649 1.37839 1.38154 1.29634 1.28543 1.33418 1.29828 1.27296 1.27708 1.22511 1.17735 1.20528 1.20291 1.17243 1.15442 1.19818 1.17567 1.13157 1.09038 1.06516 1.09182 1.07912 1.07692 1.07441 1.05416 1.04375 1.03105 1.01907 1.02749 1.01345 1.01182 1.00277 1.0082 1.00014 0.994745 0.993264 0.996588 0.994191 1.00034 1.00161 1.00426 1.00791 1.01252 1.01001 1.02266 1.01985 1.03837 1.05711 1.04609 1.05758 1.0695 1.06259 1.11133 1.12811 1.11119 1.13362 1.136 1.1442 1.17091 1.20453 1.222 1.19922 1.24087 1.29186 1.28991 1.33723 1.22211 1.37324 1.32214 1.32587 1.3867 1.4337 1.39782 1.45087 1.52458 1.50437 1.59418 1.54385 1.54496 1.52613 1.68827 1.72982 1.55624 1.62225 1.56267 1.68527 1.63136 1.88449 1.77886 
1.716 1.56725 1.57514 1.58556 1.50718 1.54429 1.51394 1.4155 1.46028 1.43469 1.45851 1.37794 1.32612 1.3995 1.35057 1.36929 1.32347 1.25704 1.26083 1.26347 1.24099 1.28254 1.19292 1.17648 1.1861 1.15872 1.16374 1.14755 1.14547 1.1312 1.069 1.10567 1.08628 1.0714 1.05788 1.04455 1.03934 1.04152 1.02279 1.01044 1.00635 1.00791 1.00568 0.999081 1.00911 1.00826 1.00051 0.998807 0.998076 0.999489 1.0017 1.00294 1.01115 1.01682 1.01547 1.02163 1.01858 1.03996 1.03272 1.06404 1.07239 1.06185 1.06345 1.11421 1.11075 1.09524 1.14939 1.11488 1.17447 1.20121 1.17478 1.21314 1.24928 1.23043 1.24028 1.30633 1.3149 1.31265 1.3075 1.33704 1.45213 1.3748 1.49806 1.38022 1.37919 1.47156 1.5487 1.52888 1.56759 1.49543 1.54611 1.51931 1.64896 1.70754 1.68825 1.73437 1.73757 1.69598 1.78752 1.82904 
1.65104 1.56132 1.51225 1.53756 1.57616 1.48667 1.44662 1.45187 1.45779 1.46102 1.4282 1.35528 1.34765 1.38597 1.38755 1.35872 1.26558 1.33804 1.29708 1.24196 1.26318 1.1851 1.22663 1.20256 1.20344 1.18232 1.12417 1.14023 1.14769 1.10651 1.10705 1.12439 1.06769 1.05945 1.04867 1.04299 1.03792 1.03867 1.02836 0.998394 1.02147 1.01667 1.02492 0.986859 1.0067 1.00908 0.99447 0.997145 1.00073 0.998594 1.00049 1.00234 1.00836 1.01613 1.0195 1.02125 1.02894 1.04294 1.02558 1.04433 1.04375 1.05432 1.09651 1.1091 1.05447 1.10863 1.12487 1.17263 1.18397 1.16909 1.19703 1.17751 1.21732 1.25469 1.26514 1.25427 1.3402 1.29215 1.36367 1.37756 1.42818 1.39146 1.42683 1.38709 1.40517 1.4114 1.44597 1.5124 1.49693 1.50366 1.60109 1.7835 1.61065 1.57026 1.66903 1.68354 1.74342 1.76584 1.78664 1.71307 
1.54947 1.63087 1.56661 1.49309 1.52549 1.42528 1.53355 1.44398 1.43198 1.37918 1.45847 1.46256 1.3926 1.41305 1.37395 1.3077 1.28998 1.34649 1.24581 1.2842 1.27149 1.21766 1.19966 1.15661 1.14541 1.17809 1.10562 1.15354 1.15624 1.09759 1.09483 1.0935 1.08594 1.09429 1.05403 1.05769 1.04329 1.04589 1.03728 1.02516 1.03008 1.03676 1.0146 1.00866 0.996047 1.00022 0.997236 1.00028 0.999727 0.999781 1.00128 1.00226 1.01886 1.00999 1.01675 1.01028 1.03917 1.03521 1.02635 1.04272 1.04483 1.07494 1.08747 1.08169 1.11378 1.11597 1.11878 1.15915 1.14354 1.21162 1.18917 1.21618 1.2428 1.24451 1.18874 1.28083 1.29081 1.26001 1.36976 1.36974 1.34517 1.40471 1.31585 1.42656 1.40367 1.48821 1.49595 1.50785 1.44656 1.52342 1.60695 1.66484 1.60189 1.55251 1.65772 1.73712 1.66583 1.7311 1.71785 1.78656 
1.60812 1.64156 1.54977 1.57285 1.60258 1.4662 1.48191 1.49087 1.47185 1.41789 1.4318 1.39194 1.37177 1.45534 1.31106 1.29689 1.28086 1.2973 1.25769 1.30537 1.27308 1.27544 1.21489 1.16595 1.17534 1.21787 1.17944 1.13258 1.13287 1.10608 1.08515 1.12678 1.06307 1.05228 1.05229 1.03954 1.05018 1.05181 1.00861 1.03159 1.02619 1.01863 1.02339 1.00071 1.01263 1.00219 1.00163 0.999783 0.997545 0.999878 1.00098 1.00695 1.00388 1.01145 1.00779 1.01142 1.02686 1.03621 1.0568 1.0316 1.06716 1.05245 1.04135 1.11216 1.10175 1.12273 1.12542 1.13632 1.13595 1.18246 1.21003 1.23437 1.22792 1.25091 1.2424 1.282 1.25856 1.30393 1.29914 1.34802 1.41359 1.35097 1.35535 1.45631 1.51578 1.51932 1.38703 1.59912 1.51255 1.53863 1.65139 1.52533 1.60208 1.54265 1.72685 1.67713 1.73273 1.77682 1.71782 1.71334 
1.60295 1.55722 1.60138 1.52821 1.57115 1.49763 1.4197 1.45668 1.44743 1.38702 1.44041 1.41473 1.38543 1.34568 1.35194 1.38289 1.35223 1.26467 1.30249 1.22835 1.23976 1.20486 1.23719 1.21741 1.20281 1.18774 1.14176 1.16551 1.1259 1.14517 1.11156 1.12892 1.08627 1.07431 1.09597 1.08812 1.07507 1.03779 1.03751 1.02297 1.00681 1.01382 1.02724 1.00513 1.00216 1.00916 0.995775 1.00455 0.998465 0.998809 1.00142 1.00107 1.00659 1.01665 1.01199 1.01806 1.02563 1.04357 1.04712 1.05172 1.07639 1.04076 1.06663 1.08345 1.08199 1.11963 1.13346 1.15518 1.18124 1.17088 1.18977 1.19985 1.19893 1.21262 1.20324 1.25237 1.27403 1.36094 1.28403 1.31006 1.31817 1.38 1.3658 1.36332 1.39914 1.42229 1.47926 1.4361 1.62051 1.54328 1.56332 1.63706 1.76329 1.53263 1.59155 1.6115 1.7326 1.70147 1.70288 1.69796 
1.61213 1.55369 1.54404 1.5452 1.4952 1.54941 1.57667 1.47471 1.46611 1.53054 1.36801 1.34753 1.37932 1.33833 1.36948 1.36709 1.33398 1.2976 1.30419 1.283 1.22669 1.2109 1.21325 1.23525 1.14607 1.15175 1.10024 1.14945 1.13015 1.13831 1.08717 1.12813 1.11005 1.08175 1.0527 1.05986 1.03363 1.03325 1.06194 1.02921 1.02906 1.00454 1.00969 1.02377 1.0023 1.0057 1.00227 1.00142 0.998578 0.999262 1.0007 1.00112 1.00545 1.01306 1.01627 1.03015 1.02312 1.03733 1.03402 1.05462 1.08543 1.06324 1.06921 1.08287 1.10188 1.11621 1.12159 1.12506 1.17652 1.14958 1.13418 1.19523 1.23579 1.20303 1.23471 1.21509 1.28649 1.27986 1.33292 1.30895 1.3644 1.30617 1.3693 1.47044 1.34085 1.49187 1.47591 1.54347 1.52167 1.50389 1.57406 1.51837 1.56972 1.54767 1.54608 1.59703 1.73896 1.63481 1.65449 1.59031 
1.6777 1.60086 1.51027 1.59249 1.65605 1.55511 1.46166 1.46232 1.47147 1.42693 1.41522 1.43109 1.38875 1.43233 1.36976 1.3186 1.33606 1.27716 1.32648 1.26997 1.26785 1.21093 1.26544 1.21572 1.17196 1.17073 1.20232 1.18243 1.12758 1.11245 1.12488 1.11367 1.1071 1.08284 1.07124 1.05308 1.04796 1.03983 1.02067 1.01434 1.01028 1.01897 1.01203 1.00145 0.998195 1.00263 0.994666 0.999056 0.99719 0.999553 1.00184 1.00064 1.00458 0.997425 1.0162 1.02545 1.01405 1.03092 1.0185 1.05384 1.0708 1.06211 1.0612 1.03954 1.08998 1.11288 1.09658 1.13415 1.13981 1.19985 1.17701 1.16346 1.22497 1.2586 1.19928 1.24038 1.29175 1.29189 1.32134 1.28268 1.3997 1.37455 1.3603 1.36056 1.40243 1.37492 1.40884 1.45738 1.44867 1.57343 1.53551 1.63227 1.54441 1.67205 1.63629 1.68135 1.58076 1.65205 1.66605 1.74853 
1.61415 1.57514 1.59918 1.55659 1.47524 1.47614 1.51626 1.48142 1.51838 1.46652 1.4676 1.45759 1.42682 1.40124 1.29168 1.3618 1.33552 1.38465 1.25218 1.24197 1.24144 1.22061 1.26195 1.21557 1.2192 1.15672 1.16645 1.11761 1.11171 1.14909 1.11591 1.08462 1.09172 1.10941 1.07014 1.07006 1.06271 1.04293 1.0385 1.04403 1.02646 1.03321 1.02364 1.00958 1.01111 1.00514 1.00318 0.996289 0.99854 0.999556 1.00014 1.00004 1.00287 1.00468 1.01434 1.02266 1.00951 1.02954 1.02798 1.03257 1.06915 1.07 1.07686 1.09996 1.11687 1.12348 1.14151 1.15222 1.12251 1.16758 1.14751 1.18141 1.22923 1.22319 1.24553 1.21332 1.2285 1.24233 1.23702 1.24515 1.28863 1.37707 1.44153 1.43679 1.40435 1.47378 1.41328 1.47945 1.52657 1.52897 1.48278 1.57293 1.51677 1.62819 1.69544 1.6322 1.69792 1.73747 1.57616 1.71468 
1.63722 1.6002 1.62582 1.49638 1.53619 1.5653 1.55028 1.51915 1.50381 1.4792 1.44795 1.37311 1.41252 1.35077 1.37121 1.36131 1.39747 1.32496 1.28678 1.25786 1.26899 1.26225 1.23257 1.20972 1.2039 1.18398 1.20367 1.19687 1.13792 1.12741 1.07745 1.07649 1.09459 1.09522 1.08341 1.07431 1.07277 1.0556 1.04195 1.04584 1.02738 1.01818 1.0084 1.00906 1.00833 1.00301 1.00219 1.0046 1.00023 0.999476 1.00055 0.99901 0.997951 0.999255 1.00409 1.02171 1.01675 1.03564 1.0346 1.05662 1.05375 1.07069 1.04829 1.07424 1.09243 1.13693 1.11398 1.14037 1.14307 1.17215 1.19136 1.18407 1.15197 1.17779 1.23112 1.20962 1.24681 1.32793 1.31386 1.28731 1.3038 1.32351 1.34297 1.44025 1.45713 1.3497 1.56657 1.44435 1.46004 1.48321 1.51175 1.55388 1.48062 1.60241 1.57986 1.65699 1.71045 1.68468 1.5753 1.73541 
1.68448 1.56052 1.58784 1.52263 1.42985 1.58338 1.54263 1.44729 1.52254 1.46302 1.49843 1.43101 1.45414 1.345 1.36606 1.40423 1.29049 1.28137 1.29337 1.26266 1.29478 1.29641 1.25787 1.18309 1.21184 1.1973 1.1666 1.17652 1.16282 1.16027 1.12671 1.11515 1.10017 1.05742 1.0679 1.05923 1.05911 1.04544 1.0397 1.02944 1.0123 1.02652 1.00137 1.01853 1.00759 1.00936 1.00222 0.996904 0.99766 0.999317 1.00058 1.00134 1.00361 1.01071 1.01353 1.02275 1.03149 1.02822 1.02665 1.047 1.04175 1.05292 1.03753 1.07181 1.07748 1.12147 1.07831 1.12069 1.14101 1.15149 1.17609 1.15951 1.21725 1.15167 1.22607 1.26345 1.27754 1.22592 1.27543 1.29092 1.35906 1.31472 1.37675 1.37696 1.48837 1.41336 1.40911 1.42288 1.53214 1.46805 1.42931 1.43245 1.53678 1.51366 1.55615 1.62514 1.6295 1.63892 1.61204 1.71467 
1.65045 1.62009 1.66396 1.59846 1.55674 1.46862 1.52946 1.54722 1.45201 1.42974 1.45412 1.41574 1.43313 1.37538 1.35135 1.33959 1.28532 1.32211 1.2872 1.24983 1.22569 1.26821 1.28432 1.21738 1.1661 1.16909 1.18917 1.1702 1.17979 1.12796 1.14632 1.08916 1.10767 1.08898 1.10879 1.0689 1.05264 1.04779 1.07523 1.04085 1.02911 1.01241 1.01544 1.00596 1.01053 1.00281 0.999569 1.00162 0.998185 0.99988 1.0006 1.00116 1.00497 1.00832 1.01843 1.02292 1.03203 1.02307 1.0363 1.04008 1.06238 1.0568 1.05753 1.06989 1.11541 1.10549 1.11575 1.10909 1.13251 1.11758 1.1374 1.18806 1.16661 1.24469 1.25794 1.21972 1.24677 1.26202 1.25593 1.321 1.32559 1.27329 1.34772 1.38718 1.41268 1.40884 1.41468 1.40346 1.42284 1.47163 1.47789 1.52395 1.57994 1.5294 1.52502 1.52875 1.56668 1.61706 1.59662 1.72099 
1.61326 1.62594 1.61935 1.4892 1.57932 1.51647 1.62609 1.49251 1.49455 1.4775 1.45516 1.36779 1.40067 1.34353 1.42441 1.36716 1.31091 1.27495 1.29441 1.33005 1.29712 1.27708 1.21845 1.264 1.22765 1.19824 1.15884 1.14636 1.12833 1.12569 1.14469 1.09732 1.08066 1.08702 1.1035 1.07484 1.06197 1.07067 1.03859 1.04465 1.03321 1.00372 1.01085 1.01242 1.0129 1.01433 1.00442 1.00159 1.00187 1.00062 1.00102 1.00375 1.00166 1.00212 1.00965 1.01354 1.01457 1.03321 1.02961 1.03712 1.02537 1.05406 1.07661 1.05172 1.11534 1.12164 1.10455 1.10998 1.10419 1.1598 1.21856 1.21131 1.20415 1.17006 1.22258 1.20333 1.26799 1.24148 1.282 1.30919 1.34251 1.3077 1.26263 1.32329 1.38961 1.46744 1.47991 1.48865 1.47632 1.49657 1.53057 1.46002 1.50723 1.56945 1.55421 1.66851 1.64127 1.69755 1.70794 1.61065 
1.62936 1.61705 1.63091 1.54763 1.56013 1.54815 1.5893 1.50531 1.51668 1.49101 1.46615 1.43181 1.41701 1.40061 1.38766 1.35738 1.33576 1.27977 1.33165 1.29851 1.24082 1.31766 1.21722 1.22974 1.24065 1.18854 1.16548 1.15618 1.20523 1.15436 1.1111 1.092 1.11637 1.08577 1.1102 1.07512 1.06877 1.04358 1.06107 1.0364 1.02964 1.02008 1.00998 1.00967 1.01143 1.01259 1.00206 0.99909 1.00266 1.00025 1.00078 1.00099 1.00537 1.00359 1.00646 1.0143 1.01374 1.02002 1.03455 1.02546 1.0602 1.058 1.04494 1.07886 1.10383 1.07753 1.0911 1.07044 1.12682 1.12399 1.15253 1.10683 1.16963 1.13107 1.2173 1.14485 1.26487 1.26188 1.24688 1.28839 1.28062 1.32594 1.35058 1.40455 1.35647 1.34259 1.4401 1.40145 1.53109 1.50685 1.47713 1.47181 1.59377 1.54665 1.48443 1.54779 1.64535 1.54682 1.69505 1.57432 
1.65735 1.56819 1.59929 1.57768 1.58233 1.61819 1.48238 1.52 1.48992 1.50405 1.42764 1.38968 1.44129 1.41956 1.3843 1.41247 1.36251 1.30812 1.29245 1.29007 1.30385 1.25533 1.23936 1.22378 1.23497 1.22101 1.17143 1.13178 1.14874 1.1356 1.16773 1.12828 1.13602 1.09437 1.10097 1.05154 1.05329 1.05166 1.03775 1.05633 1.03023 1.02375 1.02463 1.01702 1.00715 1.00995 1.00497 1.00147 1.00157 1.00051 1.00029 1.0051 0.999695 1.00263 1.0145 1.00562 1.01284 0.997132 1.01112 1.02324 1.02604 1.04042 1.05163 1.07099 1.0716 1.06868 1.12426 1.10859 1.11875 1.16051 1.10467 1.16415 1.1578 1.21921 1.23025 1.22355 1.19349 1.26562 1.25981 1.26085 1.30262 1.26843 1.28477 1.33727 1.40079 1.3459 1.3279 1.41812 1.50843 1.40871 1.47329 1.44097 1.52803 1.49397 1.56414 1.61725 1.6043 1.63697 1.66333 1.62848 
1.69404 1.66337 1.67909 1.64269 1.65357 1.51243 1.52091 1.54163 1.46133 1.45301 1.43181 1.45303 1.45452 1.40973 1.39727 1.35072 1.29164 1.34799 1.30843 1.34137 1.3128 1.27424 1.24181 1.24761 1.25137 1.17132 1.24214 1.15564 1.18888 1.1261 1.14241 1.11891 1.10974 1.07577 1.0971 1.09291 1.07079 1.06972 1.08035 1.03533 1.02095 1.03518 1.0289 1.01493 1.01818 1.01239 0.996907 1.00157 0.998526 1.00043 0.999462 1.00026 1.00101 1.00722 1.00665 1.00717 1.01859 1.03519 1.02262 1.0405 1.01 1.05023 1.0596 1.08073 1.07337 1.06144 1.09933 1.10224 1.1356 1.15545 1.15174 1.12403 1.11646 1.2081 1.20912 1.18564 1.20771 1.22548 1.23351 1.29951 1.27448 1.36045 1.32245 1.33621 1.2881 1.41016 1.36022 1.45829 1.50517 1.49714 1.52547 1.48536 1.53855 1.48606 1.44026 1.55525 1.56883 1.60441 1.65173 1.65733 
1.65894 1.66506 1.59123 1.59692 1.51552 1.61286 1.48441 1.53315 1.59972 1.45534 1.49005 1.44009 1.43696 1.45248 1.39181 1.38434 1.37096 1.32492 1.36771 1.29364 1.31092 1.27697 1.28999 1.21262 1.241 1.20227 1.15973 1.18875 1.15104 1.16193 1.1161 1.12683 1.1117 1.09809 1.08794 1.07931 1.06684 1.04731 1.0541 1.04476 1.03248 1.02293 1.01064 1.02922 1.00525 1.00794 1.00411 1.00132 1.00118 1.00006 0.999563 1.00176 1.0043 1.00257 1.0065 1.00742 1.01554 1.00202 1.03766 1.036 1.02995 1.03667 1.05656 1.05747 1.06607 1.11837 1.07261 1.07873 1.09906 1.09201 1.1326 1.15291 1.09308 1.21071 1.16004 1.23687 1.21281 1.21108 1.23006 1.30676 1.28445 1.33065 1.27975 1.32843 1.35786 1.36747 1.38669 1.38302 1.43483 1.46135 1.47294 1.43487 1.44555 1.5692 1.55568 1.55718 1.51843 1.58709 1.51263 1.84529 
1.67332 1.62265 1.55273 1.65687 1.56881 1.57927 1.60176 1.54778 1.50703 1.50767 1.50503 1.40899 1.51502 1.40079 1.38914 1.37022 1.35068 1.31119 1.30745 1.33652 1.28114 1.27281 1.29785 1.24497 1.24354 1.17994 1.2013 1.19069 1.16126 1.19381 1.16306 1.1486 1.11629 1.09197 1.09939 1.07014 1.08162 1.05696 1.07034 1.0526 1.02839 1.02917 1.0242 1.02708 1.01648 1.01124 1.00767 1.00808 1.00117 1.00011 0.999745 1.00077 0.998706 1.00387 1.00914 1.00333 1.01058 1.007 1.01005 1.01604 1.04435 1.05382 1.03426 1.03755 1.06364 1.08391 1.08986 1.0905 1.10693 1.1245 1.16007 1.15258 1.20106 1.15448 1.14577 1.20071 1.15699 1.21163 1.19678 1.24725 1.27721 1.34083 1.36864 1.37938 1.32486 1.35642 1.41098 1.38381 1.47017 1.36809 1.38679 1.45787 1.43719 1.5478 1.4963 1.51259 1.68451 1.71935 1.58844 1.59298 
1.68519 1.64752 1.57053 1.58973 1.63038 1.60425 1.59362 1.55166 1.47116 1.49771 1.49381 1.44848 1.43636 1.47238 1.34117 1.39073 1.30463 1.3498 1.29549 1.27372 1.30414 1.29305 1.233 1.23595 1.24298 1.22679 1.15641 1.20578 1.17691 1.14107 1.14897 1.14403 1.12474 1.10699 1.0871 1.08491 1.07663 1.07446 1.06965 1.05726 1.05 1.03153 1.03231 1.02532 1.01357 1.0039 1.00662 1.00596 1.00127 0.999782 0.999347 1.00019 1.00228 1.00031 1.01326 1.0084 1.01392 1.00834 1.00845 1.02893 1.04903 1.04405 1.02849 1.06941 1.06359 1.05713 1.05942 1.10359 1.13531 1.11563 1.11801 1.16604 1.16838 1.1694 1.18496 1.20187 1.21649 1.23322 1.21356 1.28808 1.2708 1.34638 1.26873 1.39261 1.37168 1.30441 1.40675 1.46279 1.41083 1.46555 1.36813 1.36872 1.3784 1.59135 1.5145 1.51659 1.5979 1.41523 1.64164 1.50866 
1.70536 1.64667 1.62569 1.69558 1.54871 1.55924 1.55311 1.6154 1.50479 1.47708 1.42777 1.48747 1.45024 1.43651 1.37391 1.38639 1.36801 1.34173 1.35066 1.33139 1.29007 1.31213 1.28428 1.27441 1.22837 1.25045 1.21019 1.18428 1.18976 1.1645 1.11627 1.12205 1.13916 1.12969 1.10493 1.09764 1.07421 1.06689 1.04999 1.04863 1.032 1.01066 1.01714 1.02224 1.02167 1.00909 1.00105 0.998988 1.00332 1.00017 1.00058 1.00112 0.998659 1.00237 1.0044 1.00424 1.01168 1.01145 1.02258 1.02496 1.01091 1.04035 1.02095 1.02554 1.0466 1.08485 1.0372 1.07775 1.08702 1.12772 1.1493 1.1237 1.18608 1.14482 1.17204 1.15116 1.20782 1.23463 1.16746 1.26108 1.21974 1.28384 1.27282 1.30311 1.28681 1.32457 1.36721 1.35244 1.40641 1.50357 1.51767 1.43132 1.43941 1.45294 1.51349 1.50713 1.50634 1.56754 1.59565 1.65839 
1.68495 1.57975 1.62548 1.61299 1.64791 1.56611 1.5194 1.50833 1.56599 1.49228 1.50042 1.41747 1.46853 1.45657 1.4193 1.37924 1.36927 1.31707 1.32768 1.31269 1.30037 1.30972 1.27395 1.22679 1.24111 1.18517 1.2242 1.18389 1.14519 1.14681 1.1672 1.1155 1.11409 1.12655 1.09107 1.09594 1.06101 1.0625 1.05688 1.02997 1.05225 1.02898 1.02605 1.023 1.01185 1.01047 1.00613 1.00479 1.00214 1.00151 1.00026 0.999935 0.999296 0.99852 1.00242 1.00045 1.00553 1.01841 1.02317 1.02747 1.03322 1.02284 1.04946 1.04338 1.06506 1.08891 1.07231 1.07935 1.08402 1.11015 1.09953 1.14101 1.08566 1.13732 1.15549 1.1971 1.22301 1.18479 1.20233 1.19465 1.27159 1.30682 1.33198 1.37546 1.25661 1.33729 1.34707 1.43085 1.3632 1.44757 1.42273 1.37933 1.47342 1.42292 1.52847 1.52931 1.55019 1.62343 1.62016 1.56719 
1.73681 1.71595 1.61843 1.62466 1.59399 1.56799 1.57965 1.54189 1.53423 1.47381 1.51254 1.4722 1.44937 1.41942 1.36578 1.36901 1.33607 1.34609 1.35729 1.28949 1.28499 1.24027 1.25564 1.28367 1.24843 1.24138 1.20012 1.19387 1.16662 1.16266 1.14279 1.14459 1.1209 1.1335 1.10006 1.08264 1.07158 1.05057 1.04145 1.04845 1.03784 1.03907 1.03559 1.01244 1.02191 0.999032 1.00692 1.00679 1.00179 1.00089 0.999793 0.999669 0.995427 1.00591 1.0058 1.00854 1.0062 1.01421 1.01525 1.02895 1.02959 1.03537 1.04412 1.0476 1.04269 1.05156 1.08233 1.10168 1.07924 1.10879 1.13629 1.09137 1.16196 1.15636 1.16636 1.18705 1.19259 1.16543 1.26298 1.29319 1.2199 1.26027 1.29896 1.31875 1.29857 1.41256 1.27727 1.3736 1.3876 1.44621 1.44801 1.41227 1.49151 1.36156 1.49053 1.54705 1.39463 1.59353 1.5429 1.5555 
1.75709 1.58813 1.67259 1.61305 1.59051 1.58323 1.57214 1.54131 1.48941 1.55793 1.522 1.47408 1.46829 1.41259 1.42303 1.37122 1.35962 1.34597 1.35611 1.3175 1.3142 1.32486 1.30249 1.26595 1.19195 1.22499 1.22704 1.19227 1.20845 1.17423 1.1651 1.13124 1.13299 1.13266 1.07702 1.08456 1.07373 1.07544 1.05761 1.0566 1.06844 1.03855 1.04288 1.00844 1.01717 1.00872 1.00815 1.00667 1.00351 1.00095 0.999803 0.999943 1.00022 0.999075 0.999938 0.997645 1.01379 1.00175 1.00717 1.03101 1.0358 1.00857 1.03282 1.03749 1.07691 1.04833 1.10048 1.07258 1.09729 1.10648 1.1392 1.11573 1.18592 1.18088 1.16994 1.21463 1.19653 1.17484 1.19337 1.24602 1.25362 1.25348 1.26074 1.30456 1.32849 1.37084 1.43013 1.3943 1.30196 1.37501 1.36086 1.41704 1.47667 1.46937 1.47335 1.44365 1.53785 1.57183 1.52052 1.59879 
1.72182 1.69568 1.74772 1.57488 1.60258 1.56985 1.66404 1.57632 1.53052 1.54408 1.4961 1.46039 1.50992 1.38243 1.41029 1.40835 1.35962 1.39563 1.40488 1.32054 1.31898 1.29983 1.29368 1.24226 1.20165 1.23101 1.23087 1.16742 1.14381 1.17799 1.14092 1.14218 1.11847 1.11551 1.11687 1.08961 1.09147 1.07261 1.04359 1.03552 1.04297 1.05337 1.02375 1.02461 1.02058 1.01757 1.01213 1.00708 1.0002 1.00091 1.00014 0.997104 1.00057 1.00273 0.996026 1.00877 1.01908 1.02005 1.01191 1.04336 1.03171 1.03046 1.05227 1.04305 1.06663 1.08587 1.06108 1.03918 1.05924 1.06929 1.12598 1.11984 1.13722 1.18 1.12115 1.20148 1.17785 1.19115 1.22363 1.24978 1.25336 1.23289 1.2894 1.25572 1.30304 1.31334 1.29949 1.32879 1.334 1.29908 1.38079 1.39584 1.35744 1.58361 1.53567 1.56243 1.44008 1.55038 1.55209 1.49195 
1.69342 1.65571 1.59902 1.52554 1.68505 1.55422 1.61552 1.58246 1.5701 1.54942 1.51659 1.50032 1.49574 1.43171 1.3635 1.45045 1.35104 1.37802 1.37709 1.30429 1.31584 1.24998 1.25315 1.24162 1.24742 1.24102 1.22721 1.2205 1.17319 1.17116 1.15077 1.15506 1.14049 1.10381 1.10823 1.08635 1.07393 1.07731 1.0798 1.04106 1.05674 1.03585 1.03117 1.02489 1.02236 1.01259 1.00783 1.00774 1.00327 1.00059 0.99896 1.00011 0.999448 0.994223 0.995579 1.00009 1.01197 1.00045 1.01063 1.01825 1.01509 1.039 1.04348 1.05486 1.05644 1.07326 1.0797 1.06732 1.07899 1.09904 1.14559 1.12619 1.09685 1.12488 1.1553 1.16188 1.17266 1.18791 1.20549 1.18557 1.28903 1.26987 1.26175 1.27616 1.23888 1.35779 1.33428 1.31926 1.29849 1.37283 1.39083 1.40707 1.48419 1.43503 1.44645 1.54592 1.44085 1.45029 1.55186 1.60405 
1.75044 1.70777 1.6214 1.56117 1.62933 1.60503 1.54224 1.54785 1.50348 1.55083 1.52246 1.44508 1.51929 1.39324 1.34408 1.41995 1.34174 1.35039 1.31437 1.32374 1.27732 1.31138 1.31233 1.27682 1.26952 1.25793 1.22811 1.19565 1.19396 1.19114 1.13394 1.10053 1.10223 1.10573 1.10822 1.09027 1.04971 1.06648 1.07692 1.04836 1.03903 1.03647 1.02355 1.03235 1.01182 1.01042 1.00938 1.00621 0.998485 1.00142 0.999801 0.999615 0.996495 1.00031 1.00758 0.998701 1.019 1.00777 1.00694 1.02054 1.02251 1.04227 1.04483 1.0366 1.03389 1.08654 1.05902 1.09803 1.03958 1.09509 1.12162 1.12449 1.10327 1.11917 1.17512 1.13628 1.20001 1.1888 1.20757 1.19243 1.24788 1.27018 1.26696 1.27365 1.31582 1.35082 1.38648 1.33584 1.39841 1.40056 1.37929 1.38463 1.53595 1.468 1.51717 1.5159 1.42674 1.45677 1.48487 1.61388 
1.70375 1.61897 1.69335 1.64129 1.65335 1.60366 1.5755 1.57026 1.50313 1.46622 1.55135 1.47465 1.41329 1.41673 1.44296 1.4151 1.37016 1.39628 1.37445 1.28931 1.34008 1.29352 1.24654 1.25337 1.26933 1.22416 1.22693 1.16793 1.16381 1.1549 1.15616 1.15597 1.14057 1.10642 1.11574 1.08983 1.07229 1.07848 1.07465 1.05446 1.04377 1.03956 1.0346 1.02636 1.02875 1.01651 1.00503 1.00524 1.00447 1.001 0.999045 0.996948 0.997946 1.00177 0.991728 0.988593 0.999669 1.01219 1.03811 1.01547 1.02495 1.0097 1.0379 1.03563 1.04447 1.06128 1.06558 1.0668 1.08459 1.11756 1.11484 1.11156 1.12969 1.13865 1.19085 1.1764 1.16454 1.16096 1.22799 1.21961 1.24227 1.26756 1.26606 1.24324 1.34619 1.3577 1.38003 1.26062 1.42056 1.37208 1.38042 1.44511 1.41518 1.43992 1.40597 1.45037 1.44666 1.49307 1.55937 1.50951 
1.67437 1.77068 1.67836 1.68844 1.6531 1.61148 1.59112 1.61694 1.54688 1.54921 1.53804 1.51106 1.46016 1.43912 1.43862 1.45665 1.40435 1.41255 1.33682 1.33977 1.30588 1.30533 1.28454 1.23989 1.27085 1.24588 1.2177 1.21037 1.18408 1.16419 1.16114 1.14288 1.12008 1.11926 1.11207 1.08883 1.07767 1.08895 1.068 1.0777 1.04934 1.04402 1.03278 1.01904 1.02005 1.02172 1.00997 1.00627 1.00343 1.00075 0.999609 0.998776 0.998271 0.993553 0.99286 0.996284 1.00897 1.00609 1.01817 1.00469 1.01063 1.00062 1.02818 1.04768 1.04572 1.07404 1.07535 1.05834 1.10749 1.11396 1.08167 1.10479 1.10967 1.17287 1.10789 1.1441 1.18745 1.16317 1.18875 1.18412 1.19642 1.26955 1.28751 1.26304 1.22785 1.32399 1.35294 1.33674 1.34366 1.40716 1.40254 1.35542 1.35181 1.5219 1.5284 1.38112 1.53114 1.37466 1.48658 1.54697 
1.7178 1.72023 1.69034 1.64496 1.6551 1.61308 1.63387 1.50403 1.48197 1.57243 1.50936 1.49784 1.50005 1.47435 1.43846 1.38423 1.44901 1.35352 1.38205 1.35119 1.34305 1.28246 1.27408 1.27534 1.27737 1.24951 1.21521 1.25502 1.24791 1.20226 1.18327 1.15491 1.141 1.11195 1.11587 1.08666 1.07514 1.06855 1.06056 1.06656 1.0335 1.04525 1.02297 1.03325 1.0204 1.01571 1.009 1.00368 1.00273 1.00044 0.999199 0.996612 0.99905 0.99301 0.992112 1.00144 1.00579 1.01132 1.00792 1.01872 1.0321 1.02386 1.03566 1.03716 1.0308 1.04451 1.04987 1.03428 1.07761 1.11414 1.09514 1.16454 1.11266 1.15957 1.15203 1.14286 1.18301 1.16456 1.18716 1.21156 1.25518 1.24678 1.23795 1.35488 1.26028 1.27706 1.30473 1.25403 1.31325 1.3113 1.44776 1.32771 1.31723 1.48954 1.51304 1.40001 1.40678 1.56153 1.4839 1.50297 
1.70967 1.67841 1.67038 1.6708 1.61307 1.5803 1.53991 1.6163 1.60101 1.55399 1.50953 1.48991 1.46169 1.46629 1.45918 1.37332 1.35474 1.37578 1.42042 1.33407 1.32083 1.29698 1.30495 1.23551 1.21682 1.25796 1.23437 1.18816 1.21532 1.19005 1.18293 1.13725 1.13267 1.1373 1.11123 1.10053 1.06671 1.0872 1.07976 1.0483 1.06156 1.04192 1.03486 1.03328 1.02558 1.01894 1.01821 1.00628 1.00181 1.00155 0.998627 0.995719 0.999118 0.997353 1.00359 0.989751 0.998194 1.0037 1.00618 1.01031 1.01301 1.02071 1.01674 1.05338 1.03389 1.09096 1.04202 1.07517 1.11011 1.08423 1.10971 1.10374 1.12605 1.1341 1.08811 1.1691 1.14812 1.21509 1.24301 1.20382 1.26689 1.22852 1.24297 1.28125 1.27151 1.20982 1.27127 1.27294 1.34124 1.33889 1.30046 1.38172 1.42879 1.45311 1.36477 1.47954 1.52855 1.44833 1.52131 1.57615 
1.72881 1.72108 1.66954 1.66034 1.59703 1.6663 1.57713 1.54089 1.62065 1.51419 1.49449 1.49236 1.52116 1.42582 1.41561 1.40568 1.40986 1.36549 1.3577 1.32971 1.32992 1.34889 1.30358 1.25075 1.23442 1.22901 1.20853 1.20635 1.23945 1.16506 1.16741 1.15242 1.1579 1.13765 1.08391 1.08529 1.09859 1.0939 1.06031 1.05913 1.061 1.04587 1.04148 1.03287 1.0301 1.01778 1.01202 1.00734 1.00573 1.00198 0.998195 0.997701 0.996984 0.994898 1.00016 0.992656 1.00434 0.99672 1.01118 1.01256 1.0075 1.02305 1.02044 1.04063 1.0443 1.05933 1.02959 1.05601 1.07612 1.08815 1.07284 1.14627 1.15374 1.13891 1.11874 1.16371 1.207 1.16363 1.20057 1.18519 1.17519 1.28699 1.21923 1.2729 1.2609 1.36377 1.35834 1.3482 1.33893 1.31067 1.39948 1.30358 1.35837 1.45627 1.46667 1.49779 1.48763 1.53323 1.44227 1.67505 
1.63462 1.69631 1.64021 1.60579 1.66132 1.60926 1.65151 1.59709 1.54064 1.49689 1.50962 1.48752 1.56897 1.49817 1.39419 1.38715 1.3701 1.35494 1.41094 1.30538 1.33409 1.28221 1.29304 1.25542 1.24967 1.22554 1.24718 1.17129 1.17625 1.19805 1.1956 1.16164 1.13208 1.1563 1.10615 1.08336 1.09602 1.07952 1.06594 1.05092 1.05571 1.03232 1.03949 1.03211 1.02994 1.02158 1.00672 1.00456 1.00371 1.00106 0.999212 0.996791 0.998322 0.999329 0.99731 1.0018 0.997448 0.995267 1.00621 1.02519 1.03419 1.04998 1.00422 1.03072 1.04807 1.06767 1.04086 1.06165 1.07277 1.07262 1.08119 1.07879 1.0846 1.1099 1.10595 1.19251 1.20538 1.13258 1.16252 1.16494 1.21239 1.23275 1.22234 1.23254 1.23638 1.32943 1.32156 1.3254 1.35976 1.33983 1.40248 1.36979 1.41258 1.29282 1.38699 1.40784 1.51446 1.44752 1.52661 1.49406 
1.73669 1.71101 1.66182 1.70093 1.63085 1.65756 1.62071 1.5811 1.60805 1.53312 1.48966 1.5289 1.47855 1.45845 1.43833 1.43827 1.401 1.38296 1.34867 1.34997 1.30656 1.34064 1.28973 1.29571 1.23412 1.25264 1.21006 1.1829 1.18443 1.17554 1.19297 1.18211 1.12655 1.09776 1.11072 1.10531 1.07749 1.07612 1.07668 1.05778 1.05457 1.0486 1.03532 1.03838 1.02942 1.01824 1.01051 1.00763 1.0049 1.00172 0.998655 0.998876 1.0004 1.00052 1.00364 1.00477 1.00041 0.995092 1.00801 1.02068 1.01194 1.01608 1.03494 1.04493 1.04615 1.0155 1.03557 1.04275 1.08696 1.07347 1.10734 1.10315 1.06962 1.11197 1.1143 1.13011 1.20029 1.14295 1.18083 1.12416 1.20022 1.19035 1.27953 1.2647 1.2896 1.33862 1.25311 1.27382 1.30482 1.33388 1.38905 1.40427 1.42293 1.38607 1.36119 1.47316 1.46867 1.45146 1.53814 1.44386 
1.70039 1.69617 1.70862 1.65982 1.70441 1.64479 1.70309 1.56984 1.58591 1.52645 1.49957 1.52151 1.51883 1.4134 1.45114 1.38869 1.39637 1.39871 1.35528 1.34565 1.31631 1.31748 1.30721 1.29302 1.29264 1.25427 1.22732 1.24437 1.20004 1.19613 1.21358 1.13849 1.13522 1.14228 1.09576 1.12165 1.07881 1.07681 1.06868 1.04256 1.04125 1.04955 1.0238 1.03213 1.02894 1.01916 1.01267 1.01178 1.00421 1.00122 0.998979 0.997577 0.999465 0.992749 0.999672 0.987797 1.00468 1.01388 0.991472 1.00612 1.01017 1.02098 1.03028 1.03547 1.06037 1.04302 1.0391 1.03059 1.09281 1.08422 1.09477 1.0985 1.13059 1.15829 1.13292 1.16924 1.16207 1.19468 1.19895 1.16848 1.20066 1.22617 1.2559 1.29832 1.24138 1.27145 1.35026 1.28416 1.25837 1.30447 1.33908 1.45724 1.37934 1.49013 1.32934 1.42064 1.51573 1.49336 1.41128 1.46533 
1.78892 1.64636 1.72764 1.66446 1.61606 1.55486 1.6066 1.60855 1.54983 1.49479 1.51322 1.57429 1.53668 1.47278 1.47825 1.43083 1.36434 1.37415 1.35832 1.35569 1.37828 1.35726 1.30026 1.3008 1.27393 1.28237 1.25612 1.23218 1.2265 1.20465 1.12633 1.14977 1.16527 1.15862 1.09228 1.11885 1.09358 1.09012 1.06731 1.06515 1.03807 1.02895 1.04727 1.02462 1.01531 1.02174 1.01409 1.00695 1.00424 1.00146 0.998181 0.996103 0.992718 0.999413 0.991851 0.993615 1.00355 1.00731 1.0008 1.01318 1.01017 1.02229 1.01053 1.01421 1.02132 1.052 1.02436 1.02705 1.08799 1.07318 1.11679 1.08828 1.06853 1.08696 1.14417 1.14999 1.12831 1.18315 1.15818 1.18929 1.23851 1.20195 1.27034 1.25031 1.26372 1.28601 1.33648 1.29334 1.32748 1.38129 1.34751 1.33421 1.34221 1.44516 1.41173 1.47395 1.42063 1.50021 1.47969 1.55197 
1.73977 1.71427 1.60849 1.65147 1.6391 1.5713 1.63647 1.6532 1.53428 1.53943 1.60507 1.49452 1.46127 1.44899 1.49525 1.43185 1.40984 1.37445 1.36726 1.40245 1.30967 1.36146 1.3449 1.28033 1.26882 1.25419 1.24799 1.21793 1.1702 1.19423 1.17266 1.17074 1.12229 1.14568 1.1219 1.11662 1.10694 1.08661 1.07462 1.06094 1.05578 1.0439 1.03624 1.04287 1.02605 1.01829 1.0115 1.01043 1.00246 1.00166 0.99958 0.995528 0.995999 0.993731 0.996106 0.991245 0.998314 1.00415 1.02363 1.00944 1.01072 1.01188 1.02015 1.0171 1.04324 1.06205 1.0645 1.05612 1.05602 1.06585 1.10048 1.10085 1.10204 1.12398 1.18415 1.1583 1.19603 1.15481 1.17277 1.16582 1.22179 1.22299 1.27085 1.28512 1.21891 1.27814 1.22098 1.30041 1.24098 1.30093 1.33079 1.33432 1.36037 1.38275 1.45369 1.51038 1.52249 1.50779 1.52594 1.4387 
1.73993 1.72571 1.70854 1.63806 1.65697 1.62984 1.59008 1.59369 1.61779 1.5723 1.54805 1.51468 1.50215 1.50085 1.4202 1.46005 1.41875 1.41711 1.39549 1.37078 1.34358 1.34054 1.28711 1.27055 1.27992 1.2611 1.20584 1.2379 1.2354 1.17554 1.15372 1.15622 1.13478 1.12474 1.12303 1.10069 1.09111 1.06819 1.07749 1.05385 1.05863 1.04378 1.03743 1.02742 1.01696 1.01762 1.0164 1.00877 1.00463 1.00124 0.998992 0.996353 0.993332 0.991213 1.00022 1.0033 0.99353 1.00364 1.00698 1.00384 0.994065 1.02901 1.02863 1.04917 1.0308 1.0287 1.04897 1.06212 1.06109 1.10658 1.08203 1.0902 1.15503 1.12183 1.1448 1.1088 1.17533 1.16077 1.23094 1.18598 1.16187 1.28319 1.2092 1.29779 1.24723 1.3088 1.22577 1.30998 1.30215 1.32339 1.34852 1.36211 1.28231 1.36434 1.37109 1.3856 1.44973 1.55767 1.40369 1.38149 
1.66361 1.693 1.76632 1.75339 1.55903 1.61063 1.56172 1.65011 1.60951 1.5754 1.54266 1.51962 1.4676 1.44333 1.49141 1.45309 1.44728 1.40006 1.36142 1.38515 1.325 1.33005 1.32638 1.27811 1.29846 1.27074 1.22712 1.2085 1.18769 1.19874 1.14551 1.1637 1.15295 1.12425 1.12825 1.12439 1.12596 1.08202 1.07304 1.06997 1.05391 1.03825 1.04212 1.03649 1.02058 1.02054 1.01155 1.00679 1.00654 1.00137 0.998831 0.996922 0.992286 0.997486 0.998983 1.00445 0.998817 0.994877 1.00296 1.00664 1.0106 1.01826 1.04751 1.01816 1.03271 1.04976 1.07357 1.07194 1.05778 1.09466 1.07325 1.09655 1.0928 1.10639 1.17542 1.10724 1.11895 1.13802 1.16148 1.21836 1.20609 1.22847 1.21756 1.22257 1.20851 1.30429 1.26973 1.25624 1.33784 1.23889 1.32599 1.35688 1.3359 1.35933 1.27731 1.30381 1.39581 1.55363 1.52541 1.59449 
1.74039 1.73811 1.67454 1.71662 1.67998 1.66563 1.61666 1.56945 1.53298 1.52673 1.55275 1.49006 1.49998 1.48208 1.46429 1.46387 1.37867 1.41924 1.35887 1.33637 1.30226 1.34048 1.27027 1.2776 1.30771 1.24805 1.23365 1.24665 1.19023 1.17854 1.14578 1.1843 1.15085 1.13915 1.10377 1.13428 1.09935 1.08025 1.06189 1.07291 1.06048 1.04847 1.04434 1.03561 1.03224 1.02142 1.01507 1.00907 1.00398 1.0021 0.998565 0.997344 0.997672 0.989542 0.989206 0.993938 1.00243 1.01018 0.996266 0.996382 1.01656 1.00194 1.01027 1.03882 1.01151 1.03495 1.0476 1.02849 1.085 1.04204 1.05308 1.1205 1.10281 1.11761 1.13394 1.19199 1.11472 1.17046 1.17129 1.17939 1.18121 1.21893 1.18083 1.21082 1.24496 1.265 1.33197 1.33641 1.36475 1.33409 1.2515 1.39742 1.35546 1.31827 1.45037 1.46038 1.36013 1.45009 1.50913 1.50806 
1.77995 1.7743 1.72044 1.61582 1.66256 1.69186 1.64487 1.58901 1.58665 1.56914 1.58894 1.53634 1.49431 1.51443 1.4391 1.44889 1.39839 1.43573 1.41632 1.35555 1.35071 1.3549 1.30552 1.25671 1.24283 1.26694 1.2815 1.23316 1.20363 1.17633 1.18928 1.1369 1.14788 1.15116 1.13402 1.08774 1.10741 1.08497 1.07039 1.05995 1.06026 1.05375 1.05006 1.02656 1.02479 1.01194 1.00993 1.01111 1.0058 1.00109 0.998772 0.998149 0.99671 0.995048 0.99379 0.993946 0.993227 0.996355 0.991953 0.996025 1.00955 1.00542 1.01775 1.04687 1.0077 1.0564 1.04717 1.05692 1.05835 1.09052 1.02964 1.05259 1.13096 1.07281 1.12209 1.13262 1.12791 1.17033 1.14825 1.21744 1.21989 1.21844 1.21142 1.23722 1.25814 1.23815 1.28052 1.34523 1.2977 1.26003 1.32256 1.35616 1.4407 1.42383 1.36872 1.45038 1.52737 1.37285 1.57895 1.5667 
1.78762 1.71745 1.68698 1.70501 1.72489 1.57164 1.59427 1.6506 1.61363 1.56652 1.53037 1.57362 1.49244 1.47288 1.48131 1.43439 1.38763 1.42006 1.4039 1.32803 1.3217 1.31115 1.31696 1.29084 1.29837 1.24489 1.24346 1.24761 1.21583 1.21367 1.18737 1.16844 1.17734 1.1625 1.12388 1.10664 1.09041 1.09672 1.07575 1.06049 1.05877 1.05215 1.05237 1.03045 1.02524 1.01818 1.01347 1.01072 1.00286 1.00184 0.998564 0.996304 0.994883 1.00488 0.997662 0.996214 0.995359 0.997945 0.990298 0.99884 1.00187 1.02831 1.02695 1.03211 1.03172 1.05162 1.00876 1.05083 1.0936 1.05723 1.05237 1.06521 1.10713 1.13113 1.11262 1.11058 1.16403 1.14402 1.21236 1.14222 1.18796 1.21836 1.21251 1.16508 1.22369 1.30273 1.28686 1.23144 1.32523 1.38588 1.4762 1.39274 1.44126 1.36751 1.33303 1.36503 1.42419 1.38368 1.4715 1.42314 
1.8201 1.69716 1.64999 1.62619 1.6538 1.69536 1.65059 1.54705 1.55257 1.56567 1.49886 1.54165 1.55201 1.43512 1.49233 1.41658 1.38797 1.39487 1.33445 1.3529 1.32439 1.32042 1.30943 1.27377 1.2401 1.27237 1.23476 1.23624 1.18668 1.1648 1.2003 1.13405 1.14342 1.14693 1.13422 1.11942 1.11842 1.08063 1.06353 1.06259 1.06224 1.05145 1.04117 1.03577 1.02849 1.01798 1.02008 1.01039 1.00824 1.00174 0.998549 0.995814 0.996905 1.00442 0.992809 0.994304 0.9868 1.00073 1.00788 1.00055 1.00193 1.01306 0.990797 1.01842 1.0355 1.04295 1.03096 1.03839 1.07213 1.04086 1.08518 1.09412 1.09332 1.08324 1.10742 1.09604 1.12387 1.14273 1.10429 1.25362 1.22333 1.20287 1.17755 1.30328 1.20105 1.26231 1.25109 1.35283 1.26678 1.31504 1.36787 1.27941 1.36854 1.31569 1.39603 1.46051 1.47559 1.42286 1.44807 1.44479 
1.8086 1.74539 1.66931 1.67559 1.70118 1.60555 1.58564 1.62871 1.59811 1.61063 1.57881 1.56189 1.46412 1.4822 1.47743 1.44417 1.41549 1.37715 1.41095 1.39962 1.30649 1.27556 1.31587 1.31339 1.28176 1.24747 1.21375 1.20336 1.2167 1.23249 1.19002 1.14671 1.16436 1.13508 1.11308 1.11342 1.11018 1.10197 1.07278 1.06464 1.04331 1.04772 1.03536 1.03245 1.02608 1.02373 1.01174 1.00674 1.00588 1.0011 0.998763 0.994209 0.994712 0.998097 0.995616 0.994673 0.98908 1.00513 1.00321 1.01554 1.01055 1.0093 1.02092 1.03583 1.03138 1.03267 1.04451 1.04814 1.06522 1.07062 1.06307 1.11344 1.07639 1.13057 1.17935 1.09494 1.13127 1.15286 1.17355 1.14965 1.22193 1.17276 1.21496 1.22419 1.32905 1.23653 1.31903 1.28485 1.31325 1.31686 1.27135 1.37036 1.39865 1.36452 1.41711 1.38161 1.4232 1.41911 1.38054 1.50571 
1.67587 1.69926 1.7002 1.72454 1.65044 1.69225 1.57534 1.63607 1.54356 1.54228 1.53348 1.52819 1.47915 1.51315 1.48922 1.43979 1.42731 1.4102 1.41216 1.36661 1.31711 1.29005 1.31972 1.28971 1.27833 1.27487 1.23887 1.23582 1.21657 1.18461 1.19963 1.15908 1.16547 1.13837 1.14754 1.11768 1.09425 1.08682 1.05862 1.05814 1.0565 1.03203 1.03266 1.02716 1.02679 1.01548 1.01608 1.00764 1.00591 1.00209 0.998995 0.998675 0.992632 0.994106 0.993638 0.996521 0.998814 0.984402 1.00773 1.00771 1.0152 1.01171 1.012 1.00814 1.03451 1.04753 1.036 1.03989 1.07515 1.08514 1.09622 1.09666 1.11033 1.11568 1.12119 1.11288 1.11587 1.15161 1.12591 1.16475 1.12993 1.17934 1.1998 1.23994 1.21321 1.24109 1.29121 1.2846 1.30982 1.36929 1.38282 1.3202 1.30429 1.3456 1.41305 1.38013 1.45864 1.50539 1.53707 1.45104 
1.7596 1.7713 1.7459 1.78088 1.69392 1.69424 1.65593 1.62801 1.56631 1.62087 1.49489 1.46801 1.55484 1.51134 1.4404 1.43956 1.43524 1.40815 1.41088 1.34506 1.37901 1.33279 1.29119 1.31405 1.24447 1.26877 1.23631 1.21821 1.18732 1.22545 1.18595 1.18013 1.15566 1.14271 1.15532 1.12136 1.09134 1.08214 1.07135 1.07432 1.06243 1.0513 1.04273 1.02006 1.02955 1.02059 1.01691 1.00889 1.00594 1.00127 0.997724 0.998994 0.996155 0.993906 0.99097 0.989208 0.987612 0.991065 0.999362 1.0041 1.00689 1.01421 1.01082 1.01636 1.01334 1.03906 1.09989 1.04445 1.07954 1.04301 1.05356 1.13299 1.08019 1.10498 1.16044 1.15052 1.16708 1.17334 1.17038 1.15533 1.16774 1.21749 1.14928 1.217 1.19545 1.30822 1.24818 1.27147 1.30668 1.30598 1.35721 1.34369 1.41123 1.27885 1.33036 1.46759 1.33767 1.46716 1.51037 1.50362 
1.74132 1.68129 1.76003 1.68156 1.64812 1.69006 1.60517 1.5929 1.52537 1.55817 1.56836 1.54682 1.49213 1.46584 1.49942 1.4218 1.41892 1.40681 1.39702 1.38208 1.31923 1.30442 1.28849 1.29677 1.27414 1.26135 1.28426 1.22489 1.21571 1.20738 1.20056 1.14845 1.16116 1.15359 1.10793 1.11218 1.1041 1.09921 1.07624 1.06032 1.07294 1.05598 1.03166 1.03345 1.03315 1.02031 1.01232 1.00768 1.00664 1.00082 0.998791 0.995776 0.994895 0.995497 0.991323 0.999075 0.991789 0.99826 0.988299 1.00001 1.02082 1.02032 1.01314 1.01006 1.02865 1.0308 1.05501 1.04888 1.04846 1.08408 1.06104 1.08437 1.09865 1.10847 1.1361 1.13257 1.16515 1.17334 1.14226 1.1935 1.21428 1.24626 1.15557 1.23379 1.27576 1.2594 1.21671 1.29335 1.33291 1.27995 1.37039 1.31976 1.35652 1.43576 1.43724 1.43958 1.45493 1.46184 1.49111 1.41736 
1.78721 1.70873 1.70398 1.68895 1.63749 1.68753 1.63405 1.60942 1.58581 1.59484 1.51962 1.52171 1.56432 1.49905 1.5032 1.4303 1.45055 1.45207 1.38248 1.35859 1.33625 1.35564 1.27684 1.34789 1.27444 1.27331 1.27112 1.21556 1.21441 1.19084 1.22274 1.16266 1.14956 1.14463 1.12596 1.10775 1.09148 1.08183 1.09137 1.0751 1.06216 1.03887 1.04263 1.03855 1.02506 1.02005 1.00974 1.00976 1.00338 1.00142 0.998889 0.995494 0.997369 0.991251 0.990193 0.985003 0.992445 0.999481 1.00799 1.00354 0.999385 1.00148 1.02989 1.04261 1.04648 1.03952 1.04081 1.05266 1.07263 1.05785 1.07706 1.08302 1.10547 1.12495 1.09496 1.09213 1.09993 1.11866 1.19087 1.16526 1.18072 1.24887 1.25533 1.29303 1.28279 1.23352 1.2664 1.25308 1.32423 1.34525 1.31078 1.41173 1.40029 1.30787 1.32153 1.44955 1.34212 1.42799 1.3809 1.53567 
1.78326 1.71366 1.72506 1.70651 1.70322 1.69529 1.65876 1.61691 1.51663 1.57713 1.54759 1.49037 1.52257 1.43763 1.47819 1.44271 1.42882 1.48371 1.42985 1.38022 1.33779 1.3151 1.34561 1.31792 1.27743 1.27591 1.23808 1.21502 1.25934 1.19578 1.19239 1.14581 1.1364 1.14889 1.10664 1.11262 1.11908 1.05959 1.07075 1.08158 1.07505 1.06287 1.03947 1.03494 1.03081 1.01985 1.01466 1.01036 1.00437 1.0018 0.997214 0.996877 0.996516 0.996794 0.989763 0.995225 0.997271 1.00376 0.995994 1.00412 1.01264 0.98997 1.04313 1.04724 1.04513 1.02902 1.06185 1.02187 1.07734 1.09735 1.07347 1.03487 1.07828 1.08632 1.12469 1.14503 1.08819 1.24872 1.15634 1.22023 1.22646 1.19452 1.19035 1.21371 1.28524 1.29455 1.28432 1.24505 1.28538 1.4235 1.26795 1.32923 1.39156 1.39507 1.47027 1.40639 1.4373 1.38144 1.44203 1.44079 
1.749 1.75106 1.70475 1.77481 1.69301 1.62145 1.6038 1.57906 1.5982 1.48956 1.53373 1.53331 1.52736 1.49597 1.48358 1.46179 1.418 1.42314 1.37348 1.35723 1.37167 1.30122 1.33801 1.27695 1.28988 1.25476 1.26705 1.21409 1.23051 1.19678 1.19231 1.15032 1.15955 1.13032 1.14451 1.12253 1.11176 1.09288 1.0907 1.07189 1.06864 1.0402 1.04246 1.03644 1.03045 1.01664 1.0157 1.0095 1.00668 1.00179 0.998314 0.996286 0.994395 0.994091 0.996242 0.999732 0.998321 0.988365 1.0074 1.01006 1.01506 1.03433 1.03327 1.00511 1.00144 1.04218 1.05232 1.04802 1.07848 1.04759 1.14498 1.09681 1.102 1.13286 1.11687 1.12463 1.12808 1.11853 1.18163 1.14558 1.21882 1.18561 1.24589 1.20937 1.21144 1.24725 1.23888 1.22497 1.25794 1.32419 1.31912 1.35968 1.33116 1.40514 1.32387 1.35461 1.46199 1.48645 1.49528 1.45043 
1.76074 1.73957 1.7703 1.75154 1.63927 1.7017 1.64482 1.61989 1.58845 1.54036 1.58057 1.52518 1.53587 1.46748 1.46311 1.48271 1.45243 1.40847 1.37877 1.40518 1.38215 1.31243 1.33867 1.27467 1.26711 1.24115 1.24609 1.20839 1.23719 1.18803 1.19547 1.18665 1.1492 1.1124 1.11022 1.10396 1.08984 1.10511 1.07216 1.07177 1.0448 1.04928 1.04631 1.02452 1.02604 1.01719 1.01317 1.00904 1.00307 1.0014 0.999485 0.99771 0.995193 0.9885 0.994955 0.991299 0.990378 1.00481 0.995959 1.00745 1.01692 1.01069 1.01669 1.01324 1.02545 1.03065 1.07229 1.06029 1.04281 1.07966 1.04513 1.06929 1.1 1.06575 1.08599 1.11555 1.11609 1.11466 1.20775 1.15616 1.14621 1.15052 1.28981 1.26933 1.23185 1.30711 1.29858 1.25352 1.3241 1.32232 1.2991 1.40283 1.29811 1.36263 1.40399 1.40834 1.44035 1.53094 1.49609 1.50909 
1.81992 1.78152 1.72796 1.73072 1.73699 1.65161 1.58912 1.57534 1.56324 1.56048 1.60936 1.51432 1.53228 1.48839 1.50963 1.4736 1.44137 1.37202 1.37919 1.40371 1.3288 1.35353 1.29679 1.33261 1.26477 1.27193 1.26729 1.25919 1.21436 1.23682 1.19299 1.18564 1.15604 1.16665 1.11259 1.09783 1.12108 1.08083 1.08175 1.06975 1.0589 1.05089 1.03977 1.03204 1.02168 1.02338 1.0166 1.01033 1.00643 1.00156 0.998572 0.996769 0.996094 0.989016 0.991592 0.990926 0.985373 1.00725 0.997226 0.980097 1.01222 1.00009 1.01843 1.03108 1.03218 1.04658 1.0335 1.06345 1.03198 1.06747 1.0666 1.07386 1.07785 1.12629 1.12839 1.12388 1.16071 1.18165 1.13971 1.1622 1.2639 1.19653 1.22805 1.2061 1.23439 1.30267 1.2933 1.28189 1.2705 1.35277 1.31677 1.25875 1.36005 1.42466 1.46221 1.45197 1.43818 1.46938 1.41746 1.4611 
1.76512 1.77206 1.71921 1.74405 1.7284 1.62555 1.65528 1.5927 1.57679 1.57159 1.55702 1.50657 1.48399 1.49911 1.50992 1.44874 1.40189 1.44951 1.45138 1.31604 1.41155 1.33826 1.32404 1.27677 1.2613 1.29843 1.2484 1.2344 1.19091 1.16458 1.16944 1.15659 1.19629 1.14212 1.12063 1.1336 1.11001 1.09493 1.08107 1.08636 1.07246 1.05367 1.03998 1.0308 1.02682 1.01646 1.013 1.01273 1.00539 1.00164 0.998686 0.998064 0.995635 0.999286 0.984902 0.995767 0.994313 0.98968 0.997521 1.01115 1.00411 1.03103 0.988908 1.01986 1.03169 1.01027 1.03809 1.04016 1.05566 1.06229 1.05725 1.09411 1.06359 1.09862 1.1231 1.15474 1.13199 1.13812 1.15614 1.20418 1.20543 1.18151 1.20297 1.19755 1.26615 1.23135 1.2657 1.32443 1.29026 1.28762 1.42271 1.36275 1.45221 1.40291 1.43156 1.44926 1.42988 1.50493 1.4285 1.52413 
1.77264 1.75219 1.70044 1.74482 1.66528 1.66312 1.6112 1.64929 1.62291 1.60651 1.54049 1.56408 1.50823 1.44171 1.47859 1.49065 1.47435 1.40964 1.385 1.36164 1.33011 1.32678 1.32254 1.27579 1.28803 1.26281 1.25276 1.24253 1.19298 1.2173 1.18444 1.16571 1.17473 1.12449 1.13749 1.12422 1.10592 1.1086 1.071 1.08234 1.05565 1.05915 1.04444 1.0411 1.02835 1.01751 1.0134 1.00939 1.00592 1.00135 0.999039 0.995309 0.994331 0.993269 0.994053 0.975818 0.99062 0.993746 1.00721 1.01267 0.99189 1.00932 0.999846 1.01926 1.02538 1.0132 1.04229 1.04476 1.08776 1.08701 1.08796 1.0976 1.09993 1.1382 1.10554 1.15151 1.14472 1.12419 1.1059 1.18536 1.24762 1.24945 1.22728 1.23466 1.21279 1.29459 1.21544 1.28366 1.35655 1.27598 1.35273 1.38805 1.37847 1.37557 1.38404 1.37093 1.46506 1.46902 1.33662 1.48204 
1.72633 1.76024 1.75102 1.70263 1.76163 1.63527 1.60064 1.68165 1.52074 1.61012 1.48739 1.57027 1.43579 1.49243 1.46196 1.47236 1.44373 1.43669 1.40793 1.34432 1.34271 1.36649 1.33835 1.32835 1.29195 1.25946 1.23034 1.24919 1.22411 1.18514 1.18412 1.17399 1.1536 1.12246 1.13445 1.12311 1.09429 1.07526 1.07493 1.08095 1.04866 1.05539 1.04945 1.03323 1.0218 1.01813 1.01628 1.00589 1.00463 1.00198 0.999144 0.994657 0.996845 0.992165 0.996883 0.993013 0.980989 0.997182 0.997345 1.00492 0.998051 1.03032 1.00486 1.02476 1.03976 1.04505 1.04684 1.03742 1.05486 1.09147 1.06906 1.07372 1.10704 1.10519 1.11068 1.1494 1.15831 1.14471 1.15646 1.13934 1.16231 1.21945 1.23436 1.16727 1.26023 1.23163 1.24404 1.27052 1.22992 1.3121 1.32656 1.43433 1.2778 1.41866 1.33272 1.51827 1.44849 1.35672 1.44724 1.54713 
1.75274 1.75012 1.71191 1.7303 1.67072 1.63771 1.62625 1.55934 1.63175 1.62698 1.57668 1.58326 1.5186 1.52335 1.46651 1.43428 1.44551 1.44327 1.37332 1.34295 1.34606 1.32405 1.28008 1.28858 1.30883 1.2605 1.2392 1.24533 1.25395 1.17958 1.18337 1.18587 1.16043 1.13936 1.11006 1.11201 1.0881 1.11332 1.07894 1.06045 1.063 1.03542 1.0301 1.02981 1.02527 1.01614 1.01479 1.0075 1.00539 1.00194 0.998345 0.993941 0.98932 0.995015 0.99338 0.998181 0.992671 1.00557 0.993433 0.990623 1.00986 1.00646 1.03949 1.03278 1.03957 1.03612 1.05207 1.07084 1.04389 1.07241 1.08156 1.09468 1.14963 1.10128 1.13574 1.11874 1.15377 1.15333 1.19958 1.19838 1.22837 1.20514 1.26391 1.18678 1.27824 1.31579 1.2867 1.3978 1.28024 1.27767 1.34617 1.35182 1.39536 1.54232 1.38408 1.4329 1.50795 1.47478 1.47431 1.53479 
1.75479 1.79592 1.79492 1.66591 1.74964 1.64081 1.57919 1.599 1.5639 1.5321 1.5608 1.49905 1.54569 1.52661 1.46287 1.47436 1.41734 1.43013 1.37538 1.39923 1.31935 1.34954 1.31928 1.30528 1.31988 1.25105 1.23989 1.25543 1.21999 1.20988 1.16291 1.18177 1.15867 1.16191 1.11861 1.11526 1.12964 1.07444 1.0809 1.07861 1.06807 1.04116 1.05047 1.02976 1.0315 1.01676 1.01921 1.00856 1.00587 1.00096 0.99831 0.998723 0.994049 0.986498 0.990701 1.00152 0.995077 1.0187 0.995924 1.00833 1.0092 1.01145 1.02899 1.03607 1.04712 1.03314 1.04745 1.04903 1.08088 1.12082 1.06893 1.06037 1.11764 1.1501 1.08659 1.12455 1.15096 1.18619 1.13789 1.13225 1.19761 1.23152 1.24071 1.1985 1.29458 1.21638 1.38557 1.2531 1.35037 1.38408 1.3132 1.34551 1.35588 1.36221 1.38461 1.51001 1.41648 1.4622 1.52891 1.44246 
1.86552 1.74654 1.73208 1.74752 1.76445 1.65972 1.57296 1.65313 1.63633 1.54222 1.57719 1.5343 1.5122 1.51404 1.46147 1.43177 1.37021 1.43841 1.44934 1.38868 1.34555 1.29607 1.32923 1.33973 1.2945 1.29443 1.25932 1.25435 1.20331 1.16086 1.1538 1.1631 1.15813 1.13144 1.12197 1.14262 1.11487 1.07421 1.08925 1.07785 1.06214 1.05524 1.04204 1.02966 1.02788 1.02791 1.01018 1.00667 1.00608 1.00132 0.999532 0.999635 0.999256 0.99919 0.997283 0.987508 0.994953 0.995054 1.00608 1.00001 1.02594 1.00565 0.994172 1.02421 1.04061 1.04702 1.04753 1.04412 1.07141 1.05053 1.07086 1.06266 1.12729 1.10911 1.14174 1.1839 1.15714 1.18389 1.19532 1.17944 1.22995 1.19005 1.25125 1.22092 1.20958 1.2545 1.25203 1.38324 1.30028 1.30845 1.36795 1.38706 1.37833 1.36482 1.40341 1.38074 1.48116 1.48939 1.53912 1.53922 
1.79778 1.77645 1.77328 1.76429 1.72281 1.61981 1.6086 1.62049 1.65726 1.54324 1.49127 1.5488 1.53608 1.48769 1.47796 1.44849 1.48243 1.45346 1.41164 1.36815 1.38051 1.30701 1.32088 1.28689 1.24889 1.26197 1.25963 1.24646 1.24489 1.20532 1.18039 1.15995 1.15609 1.14848 1.12732 1.12528 1.10859 1.0942 1.07159 1.0488 1.07214 1.05149 1.0454 1.03641 1.01841 1.02165 1.01615 1.00948 1.00534 1.00179 0.99823 0.993981 0.990913 0.993234 0.992181 0.996356 1.00012 1.0033 0.998021 1.00127 1.02763 1.00695 1.03414 1.01739 1.01354 1.06744 1.04491 1.04729 1.10111 1.08549 1.04927 1.10264 1.07553 1.14858 1.10931 1.11945 1.16371 1.11987 1.24411 1.1847 1.21895 1.21455 1.29172 1.27466 1.17825 1.22009 1.36302 1.25163 1.36393 1.36137 1.28888 1.3455 1.40406 1.38507 1.43965 1.38614 1.52387 1.40454 1.51596 1.38478 
1.78304 1.71074 1.80763 1.73775 1.65824 1.72561 1.63684 1.64711 1.50694 1.60528 1.53485 1.57213 1.55412 1.53208 1.50688 1.49644 1.46572 1.37546 1.44164 1.37065 1.36009 1.33077 1.30418 1.28292 1.2999 1.25482 1.25675 1.26584 1.21951 1.21936 1.20543 1.17296 1.15323 1.17949 1.1401 1.10333 1.12055 1.07043 1.06672 1.05898 1.05008 1.04297 1.04272 1.03653 1.03195 1.02136 1.01301 1.00859 1.0067 1.00186 0.999016 0.996856 0.992773 0.988149 0.993399 0.991853 0.994445 0.996054 0.990714 1.00142 1.02593 1.02301 1.01805 1.02637 1.0275 1.05383 1.0461 1.06485 1.03548 1.06983 1.05785 1.11412 1.07585 1.0961 1.11171 1.19147 1.16388 1.1946 1.1687 1.2501 1.19566 1.22005 1.23698 1.2879 1.23148 1.25832 1.32983 1.37618 1.36463 1.39865 1.29332 1.41179 1.42968 1.44617 1.38523 1.52192 1.38984 1.44513 1.43926 1.41206 
1.70142 1.82261 1.74823 1.68399 1.6531 1.6931 1.61907 1.64498 1.57434 1.53053 1.59293 1.52555 1.56241 1.46388 1.52103 1.47434 1.45096 1.42671 1.38456 1.40313 1.34197 1.33814 1.31907 1.32201 1.32451 1.25654 1.24778 1.21693 1.20235 1.18857 1.20011 1.15976 1.14399 1.14477 1.11014 1.09944 1.09936 1.11981 1.07337 1.07497 1.06831 1.04574 1.04106 1.04223 1.0275 1.02141 1.0131 1.01136 1.00349 1.00189 0.998595 0.997464 0.991456 1.00019 0.989559 0.998216 0.994743 1.0005 1.00026 1.00095 0.993208 1.01514 1.01581 1.01668 1.03585 1.04064 1.04233 1.02142 1.07021 1.05804 1.07263 1.12279 1.14594 1.07512 1.11914 1.07536 1.15566 1.12817 1.17402 1.13863 1.22929 1.14342 1.30739 1.27858 1.26594 1.22643 1.2959 1.35254 1.31702 1.35933 1.33079 1.3483 1.42144 1.36323 1.41116 1.47205 1.43021 1.52244 1.46202 1.64523 
1.73835 1.82612 1.68021 1.79521 1.81855 1.66949 1.64244 1.60859 1.59403 1.6219 1.50645 1.55191 1.52346 1.53591 1.57439 1.46859 1.41521 1.43655 1.34782 1.39806 1.39958 1.33582 1.2961 1.30403 1.28803 1.2985 1.25444 1.23575 1.22349 1.22735 1.18316 1.16638 1.15094 1.16675 1.11022 1.11287 1.13393 1.08125 1.0829 1.04575 1.06407 1.04433 1.05393 1.02665 1.02021 1.01842 1.01028 1.01059 1.00532 1.00136 0.998774 0.997965 0.994062 0.99756 0.991649 0.994688 1.0056 0.997998 1.01377 1.00444 1.01801 1.00545 1.02588 1.0289 1.02453 1.03167 1.06147 1.0717 1.0546 1.08669 1.08394 1.04233 1.11365 1.08545 1.11718 1.15879 1.16874 1.14983 1.13847 1.19659 1.22852 1.21632 1.26385 1.29582 1.24719 1.26401 1.32769 1.28912 1.28404 1.35442 1.35671 1.39996 1.35613 1.43832 1.36115 1.39527 1.41882 1.39162 1.49698 1.46994 
1.79015 1.71831 1.77413 1.67364 1.62587 1.6381 1.62649 1.63878 1.61501 1.59779 1.57668 1.58112 1.54635 1.53682 1.45712 1.52196 1.47898 1.4077 1.4295 1.3747 1.34692 1.33421 1.32592 1.30099 1.26899 1.28931 1.21821 1.24864 1.22835 1.22437 1.18381 1.17011 1.16569 1.14418 1.11981 1.10709 1.10776 1.07863 1.0683 1.04982 1.06825 1.04337 1.05323 1.03653 1.03124 1.02682 1.01372 1.00972 1.00255 1.00167 0.998383 0.997318 0.992915 0.997043 1.00567 0.994308 0.996474 1.00749 0.991413 1.00378 1.02336 0.987313 1.03245 1.01313 1.02313 1.05868 1.02091 1.07103 1.04383 1.06805 1.06827 1.08922 1.07753 1.09484 1.17805 1.15507 1.19105 1.15886 1.17435 1.16487 1.20718 1.22473 1.22239 1.34507 1.2505 1.28431 1.29545 1.27673 1.32238 1.31107 1.44301 1.42977 1.28599 1.484 1.45614 1.5231 1.45674 1.53985 1.50919 1.46302 
1.71443 1.75925 1.74974 1.71751 1.67844 1.67978 1.68375 1.61704 1.61404 1.60945 1.51455 1.60173 1.50273 1.48532 1.49711 1.46198 1.43294 1.42318 1.39173 1.3817 1.33313 1.33653 1.34577 1.30165 1.29401 1.25636 1.23954 1.20774 1.2112 1.19873 1.16168 1.20446 1.13393 1.14496 1.13046 1.12668 1.10527 1.08237 1.06371 1.06474 1.06163 1.05404 1.04494 1.03501 1.02323 1.01664 1.01244 1.00536 1.00609 1.00116 0.998679 0.997705 0.997139 0.9942 0.995693 0.984161 0.998104 1.01199 1.01648 1.0121 1.00461 1.01322 1.03738 1.04001 1.03573 1.04575 1.02183 1.05185 1.09659 1.08029 1.06763 1.11919 1.09511 1.09099 1.13858 1.17085 1.1915 1.14827 1.1711 1.21413 1.24244 1.23744 1.22006 1.31378 1.16227 1.27214 1.25814 1.35039 1.3478 1.36697 1.39598 1.32991 1.38003 1.35633 1.43032 1.41135 1.51197 1.45623 1.52126 1.45554 
1.84065 1.74058 1.75508 1.66525 1.67587 1.61918 1.69554 1.60334 1.61324 1.65504 1.56997 1.57539 1.47541 1.44782 1.50921 1.40903 1.45827 1.41258 1.40718 1.42103 1.39088 1.35282 1.33107 1.30426 1.22213 1.25249 1.24341 1.21679 1.23336 1.23408 1.17124 1.20929 1.16857 1.14799 1.11698 1.13405 1.11274 1.0876 1.06595 1.06458 1.06373 1.05841 1.0399 1.02873 1.04361 1.01923 1.01462 1.01106 1.00596 1.00128 0.997833 0.996754 0.992566 0.99519 0.995274 0.996465 0.997531 1.01284 0.99969 1.00508 1.02208 1.01186 1.02016 1.0102 1.03362 1.06186 1.08 1.06845 1.07287 1.08616 1.07211 1.08508 1.10206 1.20454 1.1416 1.11025 1.09754 1.21385 1.20023 1.23849 1.21984 1.1986 1.26675 1.28535 1.27864 1.24126 1.29915 1.27491 1.36658 1.2669 1.36991 1.32361 1.31891 1.45464 1.40442 1.42948 1.43914 1.53706 1.37269 1.37551 
1.84108 1.71669 1.70102 1.74021 1.69918 1.76528 1.59204 1.5857 1.57819 1.56485 1.50847 1.59764 1.53377 1.51843 1.51256 1.46778 1.44033 1.43967 1.38533 1.3515 1.34843 1.38933 1.32509 1.35164 1.26694 1.29451 1.28202 1.26989 1.20028 1.1934 1.14604 1.17348 1.14599 1.12958 1.15822 1.10717 1.12914 1.09161 1.08719 1.0609 1.05974 1.04483 1.03363 1.03127 1.01499 1.01497 1.01883 1.01213 1.00463 1.00165 0.998407 0.996476 0.992009 0.991397 0.998936 1.00334 1.00799 0.989203 1.00931 0.997062 1.01863 1.01032 1.01199 1.02346 1.05431 1.03768 1.03787 1.04067 1.07298 1.1138 1.08954 1.10717 1.128 1.1502 1.12269 1.1305 1.1305 1.15264 1.24592 1.24286 1.26318 1.25732 1.22735 1.28711 1.23123 1.25953 1.25766 1.31928 1.27311 1.21667 1.41795 1.32597 1.31856 1.38131 1.43887 1.4845 1.51073 1.43012 1.60627 1.5666 
1.76782 1.76203 1.80454 1.70154 1.71678 1.65927 1.64847 1.61353 1.61693 1.60951 1.6074 1.51202 1.53434 1.45734 1.48635 1.48821 1.45488 1.44993 1.38094 1.362 1.33118 1.31167 1.32504 1.31465 1.30014 1.30468 1.26356 1.23451 1.19681 1.20594 1.19099 1.18034 1.13871 1.14822 1.13099 1.09949 1.1058 1.09587 1.06844 1.06406 1.06526 1.05192 1.04261 1.04018 1.02407 1.02273 1.01295 1.00943 1.00514 1.00142 0.998102 0.997008 0.992415 0.991549 0.996815 0.994757 0.992211 0.985119 0.993858 0.99984 1.00705 1.02498 1.01202 1.02884 1.0429 1.00842 1.02591 1.06298 1.08759 1.09538 1.03476 1.17224 1.12437 1.11104 1.1271 1.12884 1.19889 1.16117 1.22711 1.26381 1.19954 1.29695 1.22825 1.23673 1.2549 1.24502 1.28234 1.34739 1.27581 1.30052 1.28332 1.37322 1.29545 1.41619 1.45403 1.41894 1.49324 1.53233 1.53665 1.51343 
1.74351 1.72839 1.70417 1.73569 1.72026 1.64958 1.67754 1.6886 1.52197 1.56583 1.57636 1.53146 1.55554 1.50248 1.49062 1.49525 1.51086 1.34042 1.40882 1.34348 1.36608 1.3367 1.35017 1.31498 1.26502 1.30082 1.20473 1.21312 1.25678 1.2126 1.16542 1.17306 1.15785 1.13316 1.11427 1.12398 1.0927 1.09947 1.083 1.06224 1.06666 1.04565 1.04666 1.02994 1.03016 1.01873 1.01771 1.00556 1.00591 1.0015 0.999804 0.995707 1.00099 0.99261 0.989365 0.997989 1.00622 0.989694 1.01026 1.00539 1.00603 1.02066 1.02472 1.02882 1.03683 1.06802 1.036 1.07119 1.05162 1.11848 1.08215 1.08326 1.18358 1.14022 1.16019 1.16894 1.13602 1.15478 1.16526 1.25067 1.26625 1.23123 1.25048 1.2402 1.25178 1.34336 1.35245 1.32063 1.37139 1.34524 1.42593 1.35325 1.44719 1.47801 1.46471 1.50167 1.48333 1.61909 1.59502 1.50162 
1.77846 1.78095 1.6806 1.79157 1.70505 1.66828 1.70356 1.55986 1.67992 1.6566 1.56824 1.56567 1.54531 1.48547 1.47358 1.42398 1.38985 1.39756 1.42015 1.41853 1.3632 1.32689 1.30388 1.30252 1.2937 1.26253 1.27873 1.26246 1.23305 1.17726 1.161 1.16382 1.14518 1.1176 1.1222 1.12941 1.11707 1.08873 1.09251 1.0941 1.06863 1.04661 1.041 1.04324 1.0292 1.02324 1.01705 1.01196 1.00666 1.00148 0.999008 0.996193 0.991764 0.994288 0.992021 1.00157 0.999977 1.00268 0.993509 1.01542 1.01445 1.01346 1.04279 1.0326 1.00561 1.02132 1.04637 1.0652 1.02288 1.14798 1.10449 1.11444 1.13279 1.11306 1.15079 1.14837 1.12921 1.12615 1.20883 1.15513 1.25725 1.20843 1.20976 1.29414 1.3392 1.32486 1.26759 1.32555 1.37925 1.39876 1.35167 1.2758 1.40837 1.59005 1.50816 1.48894 1.59071 1.42887 1.63481 1.42066 
1.75214 1.77632 1.72254 1.66871 1.70159 1.70086 1.70738 1.63352 1.6828 1.64019 1.49082 1.59287 1.58415 1.51097 1.4796 1.45027 1.41959 1.47687 1.43266 1.42851 1.38337 1.41806 1.29856 1.32378 1.31203 1.27369 1.20755 1.24666 1.22141 1.20759 1.2004 1.18283 1.15443 1.15465 1.14818 1.10792 1.1028 1.0918 1.07427 1.04865 1.06025 1.04624 1.04061 1.04088 1.02646 1.02357 1.01507 1.01268 1.0051 1.0006 0.998643 0.997657 1.00288 0.992347 0.997075 1.00638 0.99982 0.997526 1.00129 0.998697 1.0095 1.01637 1.01303 1.01548 1.05879 1.02361 1.05501 1.09506 1.06606 1.06471 1.0914 1.1197 1.0879 1.11102 1.16586 1.16319 1.22157 1.1914 1.19301 1.16849 1.24675 1.20011 1.27888 1.28189 1.33351 1.24973 1.32391 1.36875 1.28839 1.34956 1.3361 1.37035 1.43301 1.51453 1.4239 1.52347 1.60101 1.59514 1.51285 1.53242 
1.81365 1.80506 1.71765 1.7426 1.65391 1.76931 1.67448 1.65848 1.62853 1.57931 1.51299 1.49309 1.53801 1.52686 1.4308 1.41809 1.46698 1.41991 1.41391 1.34604 1.39599 1.32902 1.30167 1.31929 1.29187 1.26748 1.31314 1.21998 1.1986 1.24685 1.16541 1.15518 1.0993 1.14044 1.15359 1.10817 1.07874 1.07374 1.06592 1.08694 1.06236 1.04422 1.03838 1.04079 1.03014 1.01302 1.01194 1.00934 1.00275 1.00145 0.997954 0.999481 0.994271 1.00283 0.99329 1.00636 0.987075 1.00361 1.01954 1.01835 1.02213 1.04485 0.99277 1.03581 1.01519 1.04993 1.04113 1.07717 1.05229 1.08705 1.07328 1.11183 1.10548 1.08965 1.14102 1.16923 1.15282 1.22174 1.1943 1.24653 1.18206 1.2261 1.23492 1.2708 1.26923 1.21456 1.39105 1.34222 1.28032 1.32263 1.44047 1.32091 1.5959 1.40529 1.38753 1.4182 1.46709 1.40912 1.59573 1.57706 
1.82661 1.76711 1.72936 1.76025 1.78174 1.73176 1.68238 1.71403 1.57212 1.55539 1.60203 1.53293 1.56413 1.42694 1.41874 1.46436 1.41695 1.46462 1.4158 1.36247 1.37715 1.35629 1.40002 1.30335 1.30199 1.29206 1.2778 1.28237 1.22748 1.19057 1.17881 1.16696 1.17574 1.12806 1.12623 1.14268 1.11903 1.11616 1.08246 1.06791 1.05939 1.05338 1.04563 1.02871 1.02628 1.02163 1.00829 1.00655 1.00771 1.00114 0.998579 0.995949 0.999581 0.99298 0.992036 0.99303 0.993299 1.00709 1.00792 1.02522 1.01344 1.00755 1.02618 1.03664 1.04563 1.02539 1.05122 1.08104 1.0886 1.07156 1.09947 1.09994 1.13359 1.13256 1.14655 1.16516 1.18281 1.20042 1.19245 1.1896 1.20335 1.27156 1.21873 1.35082 1.25089 1.3093 1.2915 1.34648 1.39969 1.39965 1.38443 1.37695 1.51329 1.40115 1.43841 1.42236 1.48179 1.4034 1.5252 1.57217 
1.74704 1.72841 1.74634 1.67464 1.68865 1.73105 1.66533 1.64857 1.59068 1.64333 1.59407 1.54694 1.52779 1.46 1.43235 1.46125 1.37211 1.44207 1.39345 1.41078 1.32857 1.38148 1.327 1.26695 1.28081 1.24106 1.24684 1.23447 1.23834 1.22175 1.20672 1.17246 1.17077 1.14188 1.11719 1.12292 1.07973 1.10477 1.06651 1.07334 1.03984 1.04521 1.03956 1.03335 1.02561 1.02376 1.00843 1.00965 1.00382 1.0011 0.998144 0.995866 0.997475 0.997186 1.00288 1.00617 0.998307 1.00523 1.00329 1.01917 1.02054 1.00182 1.03816 1.01094 1.03742 1.05645 1.06643 1.0143 1.06847 1.1157 1.07051 1.08356 1.08677 1.16663 1.13676 1.20471 1.1685 1.17805 1.2878 1.21283 1.21736 1.18149 1.239 1.29197 1.28949 1.29012 1.34517 1.33109 1.32015 1.36079 1.4293 1.36254 1.44603 1.37684 1.43629 1.454 1.44683 1.53918 1.4557 1.50383 
1.8599 1.72405 1.72858 1.68754 1.69398 1.64875 1.61207 1.58572 1.65527 1.60655 1.50494 1.50705 1.54988 1.48919 1.50983 1.41917 1.43937 1.44646 1.40946 1.40128 1.3266 1.37596 1.29484 1.31035 1.28231 1.26925 1.26752 1.27722 1.21138 1.17286 1.16528 1.19153 1.15561 1.14751 1.1294 1.1525 1.10206 1.10179 1.06931 1.07173 1.05009 1.0384 1.03172 1.03204 1.02381 1.02002 1.01327 1.00516 1.00345 1.00135 0.998637 0.999489 0.998809 1.00201 0.995776 1.01139 1.00498 0.997271 0.995756 1.00553 1.01596 0.996995 0.980673 1.02247 1.03576 1.03924 1.04768 1.05172 1.09492 1.1383 1.11052 1.12257 1.11798 1.14369 1.15855 1.13406 1.12712 1.15113 1.20414 1.18592 1.24938 1.29728 1.20723 1.22875 1.34265 1.29335 1.26197 1.34142 1.29167 1.38808 1.42025 1.38263 1.38836 1.37786 1.45818 1.51019 1.54839 1.5256 1.56363 1.55285 
1.82372 1.81323 1.79053 1.77082 1.67061 1.75055 1.6577 1.65876 1.6313 1.6356 1.51077 1.59378 1.57625 1.54478 1.51026 1.48829 1.43476 1.40161 1.37191 1.37986 1.36272 1.31383 1.30925 1.31054 1.29553 1.24132 1.29136 1.20724 1.27241 1.21315 1.18116 1.15389 1.14052 1.11943 1.12417 1.12946 1.11494 1.08759 1.09499 1.06185 1.06179 1.03543 1.03909 1.0335 1.02776 1.01209 1.00987 1.00774 1.00367 1.00061 0.999292 0.997502 0.994829 0.997442 0.999523 1.00571 0.989392 1.00406 1.02132 1.0246 1.02721 1.04139 1.03064 1.02378 1.03372 1.05746 1.05647 1.09323 1.05528 1.08135 1.10714 1.10355 1.11245 1.0737 1.18013 1.06824 1.16153 1.17826 1.18075 1.18382 1.1859 1.30694 1.30522 1.27231 1.30577 1.25662 1.32199 1.36807 1.44976 1.34896 1.3079 1.42117 1.40444 1.37967 1.47617 1.3628 1.47518 1.55799 1.62923 1.53388 
1.81608 1.8828 1.74239 1.75018 1.65536 1.70349 1.65997 1.65035 1.58293 1.60793 1.61311 1.5469 1.54608 1.49094 1.5181 1.51128 1.4125 1.42495 1.34883 1.35446 1.39026 1.32025 1.29547 1.33974 1.27972 1.26249 1.25231 1.20846 1.20742 1.19001 1.18345 1.13538 1.16132 1.15744 1.14408 1.11768 1.08946 1.08991 1.07734 1.0588 1.05514 1.05818 1.04781 1.02337 1.02694 1.01497 1.01207 1.00671 1.00293 1.00128 0.99901 0.995857 0.995261 0.993132 0.997263 0.988242 0.994077 1.00425 1.01478 1.02321 1.02768 1.02667 1.02821 1.05289 1.02139 1.03744 1.07524 1.03895 1.08047 1.0974 1.10233 1.1124 1.1146 1.10993 1.17493 1.14558 1.16247 1.15988 1.16148 1.23276 1.21408 1.26182 1.30137 1.23941 1.22115 1.32629 1.37516 1.34377 1.35494 1.47775 1.4137 1.43294 1.31337 1.38555 1.48864 1.54621 1.57944 1.56382 1.53655 1.56845 
1.83228 1.82698 1.77535 1.72861 1.70561 1.67222 1.69362 1.6487 1.65681 1.62633 1.64393 1.5345 1.49603 1.50237 1.4762 1.43876 1.47042 1.36331 1.38347 1.3381 1.40254 1.36812 1.27456 1.28849 1.28351 1.25178 1.27211 1.24877 1.23987 1.21498 1.18687 1.16918 1.14902 1.1502 1.12016 1.09981 1.12306 1.0811 1.09281 1.0838 1.05679 1.06028 1.03879 1.03032 1.03178 1.01638 1.01263 1.00492 1.00419 1.00103 0.999177 0.99753 0.996424 0.992778 0.993144 1.00638 1.0036 0.997653 1.01571 1.0151 1.04107 1.01628 0.998407 1.00645 1.0494 1.05417 1.04819 1.07006 1.09683 1.08911 1.13571 1.12518 1.10583 1.14779 1.17984 1.10137 1.21606 1.18813 1.20937 1.19804 1.26806 1.22926 1.22205 1.20897 1.30119 1.34927 1.39036 1.31393 1.37992 1.36299 1.28432 1.41761 1.44876 1.31155 1.36546 1.34638 1.48428 1.46269 1.48703 1.57475 
1.81265 1.76347 1.68626 1.72561 1.75457 1.67185 1.69647 1.65521 1.74321 1.58122 1.60104 1.50371 1.62176 1.50021 1.51048 1.47222 1.47147 1.43006 1.40808 1.39167 1.3103 1.31761 1.34906 1.3115 1.25646 1.2226 1.25198 1.24172 1.22055 1.21002 1.17653 1.18542 1.16778 1.14838 1.11644 1.11937 1.08176 1.09531 1.08339 1.07071 1.06502 1.048 1.04519 1.02436 1.01931 1.02621 1.01653 1.00942 1.0012 1.0014 0.999805 0.997728 0.997387 0.99207 1.00412 1.00612 1.00484 1.02167 1.01627 1.02986 1.02331 1.04029 1.02893 1.04894 1.03011 1.03667 1.05653 1.09946 1.08065 1.10459 1.1412 1.09107 1.11056 1.09392 1.14096 1.12269 1.22574 1.25559 1.24005 1.17624 1.17504 1.23284 1.25089 1.23984 1.29275 1.30753 1.39934 1.37328 1.36688 1.3845 1.38618 1.40537 1.52515 1.42402 1.57966 1.55003 1.49428 1.4909 1.61952 1.63175 
1.71532 1.84453 1.77679 1.73726 1.75532 1.73154 1.69064 1.61501 1.64813 1.68569 1.48405 1.56011 1.53808 1.55795 1.50132 1.40607 1.38795 1.45251 1.43468 1.36188 1.34335 1.32035 1.31919 1.29211 1.35079 1.26469 1.24499 1.22224 1.2051 1.1984 1.16703 1.17221 1.15806 1.11185 1.1257 1.1239 1.09778 1.09539 1.08542 1.08936 1.06011 1.05087 1.05148 1.03503 1.02277 1.01613 1.0154 1.00746 1.00689 1.0017 0.998555 0.998669 0.995533 1.0011 0.985866 0.998332 0.997631 0.999752 0.996719 1.01787 1.02118 1.00988 1.04454 1.06113 1.04919 1.04989 1.06573 1.07703 1.05606 1.04675 1.10246 1.11465 1.14114 1.19173 1.19776 1.11352 1.2051 1.1864 1.20656 1.24351 1.21324 1.24808 1.29343 1.27072 1.26033 1.28155 1.40201 1.36447 1.32802 1.34492 1.3712 1.3807 1.5068 1.38276 1.48138 1.46431 1.49207 1.54791 1.53501 1.47204 
