-2 -1.9596 -1.91919 -1.87879 -1.83838 -1.79798 -1.75758 -1.71717 -1.67677 -1.63636 -1.59596 -1.55556 -1.51515 -1.47475 -1.43434 -1.39394 -1.35354 -1.31313 -1.27273 -1.23232 -1.19192 -1.15152 -1.11111 -1.07071 -1.0303 -0.989899 -0.949495 -0.909091 -0.868687 -0.828283 -0.787879 -0.747475 -0.707071 -0.666667 -0.626263 -0.585859 -0.545455 -0.505051 -0.464646 -0.424242 -0.383838 -0.343434 -0.30303 -0.262626 -0.222222 -0.181818 -0.141414 -0.10101 -0.0606061 -0.020202 0.020202 0.0606061 0.10101 0.141414 0.181818 0.222222 0.262626 0.30303 0.343434 0.383838 0.424242 0.464646 0.505051 0.545455 0.585859 0.626263 0.666667 0.707071 0.747475 0.787879 0.828283 0.868687 0.909091 0.949495 0.989899 1.0303 1.07071 1.11111 1.15152 1.19192 1.23232 1.27273 1.31313 1.35354 1.39394 1.43434 1.47475 1.51515 1.55556 1.59596 1.63636 1.67677 1.71717 1.75758 1.79798 1.83838 1.87879 1.91919 1.9596 2 
0.799254 0.80371 0.808218 0.812779 0.817391 0.822053 0.826765 0.831524 0.83633 0.84118 0.846072 0.851004 0.855972 0.860975 0.866008 0.871067 0.876148 0.881246 0.886357 0.891475 0.896594 0.901706 0.906806 0.911885 0.916935 0.921948 0.926914 0.931824 0.936667 0.941432 0.946108 0.950683 0.955144 0.959478 0.963673 0.967713 0.971585 0.975275 0.978768 0.982048 0.985102 0.987913 0.990467 0.99275 0.994746 0.996442 0.997824 0.998878 0.999592 0.999954 0.999954 0.999581 0.998826 0.997681 0.99614 0.994197 0.991847 0.989089 0.98592 0.982341 0.978352 0.973956 0.969158 0.963962 0.958376 0.952406 0.946064 0.939357 0.932298 0.9249 0.917174 0.909135 0.900797 0.892175 0.883285 0.874143 0.864765 0.855166 0.845365 0.835376 0.825216 0.814902 0.804449 0.793874 0.78319 0.772415 0.761561 0.750643 0.739675 0.72867 0.71764 0.706597 0.695553 0.684518 0.673503 0.662517 0.65157 0.64067 0.629825 0.619043 
1.35364 1.3283 1.30092 1.31196 1.23269 1.25326 1.22883 1.28004 1.22263 1.14396 1.21803 1.21795 1.11515 1.19767 1.11005 1.15027 1.15622 1.11836 1.13882 1.12058 1.11297 1.10859 1.1102 1.01556 1.07803 1.06444 1.0379 1.06364 1.0555 1.03634 1.08975 1.02804 1.02104 1.02251 1.03 1.00949 1.01675 1.02251 1.00938 1.00511 1.00446 1.00501 0.993279 0.993608 1.00412 0.996097 0.998602 0.999094 0.997589 0.999024 1.00046 1.00308 1.00448 1.0064 1.00826 1.01302 1.01934 1.02612 1.03321 1.03874 1.03754 1.04524 1.04777 1.0401 1.06029 1.07091 1.06482 1.08635 1.08779 1.11383 1.0996 1.11508 1.12423 1.12384 1.12823 1.1608 1.17498 1.1302 1.18203 1.17843 1.19324 1.18905 1.21207 1.22223 1.23301 1.25725 1.26722 1.25699 1.29041 1.3147 1.31719 1.3008 1.3306 1.33494 1.37872 1.40709 1.40243 1.39529 1.49065 1.46372 
1.28905 1.28 1.26566 1.25849 1.20635 1.23182 1.23256 1.25403 1.25059 1.23457 1.23429 1.20984 1.12501 1.1742 1.16313 1.1301 1.12527 1.12414 1.07527 1.0901 1.13111 1.08142 1.12446 1.04677 1.06396 1.05299 1.07891 1.03877 1.03424 1.05303 1.03634 1.03235 1.05372 1.02208 0.995488 1.01175 1.01892 1.01032 1.00705 0.994928 0.995514 0.995882 0.986027 1.00472 1.00265 0.995362 0.996369 0.999587 0.996696 0.999511 1.0013 1.00206 1.00487 1.00507 1.01318 1.0139 1.01548 1.01867 1.01698 1.02755 1.04147 1.04458 1.0436 1.04207 1.0582 1.06765 1.09131 1.08115 1.07345 1.11229 1.06923 1.09105 1.10922 1.13517 1.12606 1.14681 1.15682 1.20088 1.16983 1.20717 1.18185 1.20897 1.25056 1.21857 1.21942 1.24564 1.25961 1.24974 1.26769 1.30265 1.29529 1.33653 1.36139 1.40288 1.38659 1.30782 1.34865 1.38957 1.36399 1.41719 
1.26407 1.26214 1.25381 1.27576 1.29082 1.24111 1.17991 1.23485 1.23319 1.21526 1.25878 1.15508 1.20496 1.18411 1.2154 1.12635 1.16732 1.0998 1.17917 1.10864 1.08495 1.11973 1.08561 1.06681 1.07412 1.05741 1.0828 1.04106 1.07185 1.03317 1.03949 1.0373 1.03737 1.02703 1.02264 1.01906 0.996724 1.00427 1.0133 1.00001 1.00228 1.00685 1.00249 0.998309 1.00266 0.997384 0.995809 0.99778 0.998967 0.999222 1.00102 1.00206 1.00511 1.00559 1.01302 1.01237 1.01267 1.02713 1.03216 1.02701 1.02421 1.02644 1.04727 1.03849 1.07228 1.07525 1.072 1.07542 1.08345 1.10339 1.07935 1.12881 1.12246 1.13729 1.13414 1.15417 1.16734 1.14376 1.18332 1.196 1.19643 1.17977 1.20593 1.21304 1.23463 1.25799 1.27909 1.23503 1.28272 1.28481 1.31735 1.3282 1.36425 1.32307 1.34365 1.37963 1.39415 1.41046 1.41272 1.40822 
1.35533 1.25166 1.26581 1.32882 1.23015 1.18849 1.23852 1.22024 1.18848 1.2117 1.24757 1.263 1.13091 1.20086 1.16741 1.16763 1.16474 1.09124 1.12419 1.07466 1.09317 1.07722 1.08316 1.0968 1.10716 1.09049 1.05918 1.07568 1.03209 1.01346 1.05103 1.05512 1.0379 1.03672 1.02007 1.02019 1.01182 1.02275 1.00272 1.01039 1.00913 0.998882 1.00187 0.995841 0.995359 0.999042 0.996825 0.998375 0.99964 0.999484 1.00093 1.00126 1.00485 1.0038 1.00619 1.01286 1.01599 1.01885 1.01957 1.03304 1.03764 1.05486 1.04532 1.04757 1.05766 1.05281 1.06095 1.07411 1.09364 1.09531 1.11033 1.08255 1.10893 1.1267 1.13657 1.13829 1.16952 1.12707 1.1407 1.19469 1.18325 1.21046 1.19744 1.22142 1.28607 1.2371 1.23437 1.28533 1.29505 1.26499 1.35312 1.3735 1.29529 1.37149 1.35943 1.34966 1.40489 1.42791 1.39199 1.36617 
1.29772 1.28186 1.32495 1.26436 1.24235 1.20883 1.19558 1.24516 1.21419 1.27871 1.21476 1.16767 1.23662 1.18556 1.18982 1.10557 1.15172 1.11885 1.10919 1.08529 1.11978 1.1176 1.06825 1.06128 1.07489 1.06591 1.02436 1.07121 1.04704 1.04866 1.03359 1.05053 1.05305 1.0192 1.02916 1.04538 1.01212 0.999774 0.997718 0.990788 0.990783 0.999082 0.994922 0.995516 1.00005 0.997956 0.998432 0.996275 0.998125 0.999836 1.00056 1.0022 1.00311 1.00585 1.01537 1.01499 1.01223 1.01663 1.02385 1.03583 1.04162 1.03953 1.04369 1.04616 1.03676 1.06581 1.06364 1.0762 1.05073 1.10133 1.11167 1.09948 1.13481 1.12953 1.10083 1.13516 1.18644 1.17992 1.151 1.19749 1.19477 1.17633 1.22846 1.22107 1.22489 1.2637 1.27705 1.27627 1.2703 1.29635 1.2782 1.30842 1.33687 1.37951 1.37043 1.32828 1.3443 1.37989 1.40091 1.45454 
1.26721 1.27174 1.17894 1.23511 1.26512 1.24974 1.22314 1.20615 1.15316 1.25267 1.13511 1.19347 1.14684 1.10624 1.14362 1.11215 1.15197 1.15429 1.14974 1.08273 1.08563 1.05953 1.08865 1.07269 1.10595 1.08527 1.05947 1.05493 1.06583 1.04744 1.028 1.04272 1.02102 1.01432 1.05037 1.01156 1.01874 0.996155 1.00537 0.998473 1.00472 1.00009 1.00118 0.995782 1.00285 0.997479 0.997736 1.00055 0.998101 0.999704 1.00085 1.00367 1.00446 1.00899 1.00757 1.01299 1.01936 1.01873 1.02124 1.02295 1.02621 1.04167 1.06126 1.06298 1.079 1.07671 1.08395 1.07026 1.09825 1.07727 1.076 1.10156 1.10255 1.12625 1.17015 1.10459 1.153 1.18945 1.17333 1.14271 1.22025 1.20506 1.21296 1.25566 1.21112 1.27108 1.27099 1.28606 1.26639 1.30065 1.31102 1.34463 1.34554 1.31071 1.32081 1.38425 1.37978 1.40964 1.43004 1.4187 
1.2812 1.32899 1.2644 1.2315 1.25338 1.21028 1.20435 1.24661 1.29714 1.19253 1.16446 1.14182 1.19589 1.12779 1.17949 1.14268 1.12595 1.11063 1.14439 1.09263 1.13632 1.07952 1.10372 1.09903 1.03976 1.09114 1.06776 1.0704 1.05596 1.02058 1.07788 1.01719 1.03775 1.03384 1.0244 1.01678 1.00339 1.01212 1.02335 0.999827 1.00499 0.997891 0.996213 0.999933 0.993995 0.996053 0.998887 0.997237 0.997761 0.999064 1.00012 1.00201 1.00618 1.00479 1.01053 1.01174 1.02217 1.01333 1.02626 1.03155 1.03762 1.04981 1.05077 1.03942 1.04497 1.05407 1.04424 1.06351 1.06631 1.07369 1.11014 1.10218 1.11046 1.12211 1.12083 1.11778 1.15521 1.15767 1.22607 1.16311 1.18461 1.18764 1.20674 1.24242 1.21682 1.24066 1.25105 1.2639 1.25556 1.27691 1.34801 1.3728 1.33961 1.34143 1.33035 1.37293 1.4119 1.38429 1.39737 1.38976 
1.31891 1.27925 1.28198 1.25508 1.23374 1.21781 1.25125 1.19289 1.18695 1.22944 1.2378 1.20706 1.14651 1.14278 1.21059 1.14685 1.1644 1.17116 1.12626 1.12386 1.12214 1.10085 1.1039 1.07141 1.09158 1.07075 1.07458 1.04179 1.04086 1.04207 1.06996 1.04067 1.03703 1.0116 1.02391 1.01478 1.01667 1.00708 1.0064 0.995134 1.01224 1.01073 1.01223 1.00259 1.00165 0.996017 1.00009 0.996149 0.998301 0.999406 1.00052 1.00375 1.00502 1.00692 1.01298 1.01463 1.00689 1.02291 1.02284 1.0332 1.03232 1.04253 1.03865 1.04319 1.06296 1.0645 1.07487 1.09523 1.09294 1.09803 1.1009 1.11398 1.11077 1.12908 1.13433 1.15944 1.17484 1.13873 1.16937 1.18534 1.17685 1.19839 1.20984 1.21671 1.2393 1.25723 1.22181 1.33053 1.31861 1.31334 1.30727 1.35521 1.35388 1.33878 1.35645 1.35644 1.39025 1.42004 1.41487 1.45514 
1.30559 1.28645 1.22538 1.26895 1.26058 1.24109 1.19419 1.1792 1.23375 1.19003 1.15386 1.18167 1.10007 1.16751 1.11401 1.09085 1.1512 1.14302 1.07068 1.13215 1.11167 1.10354 1.07244 1.06381 1.09743 1.0924 1.07532 1.07421 1.04382 1.04413 1.03208 1.04714 1.02226 1.02235 1.01883 1.03026 0.999942 1.01412 1.00144 1.01782 1.01319 0.999705 1.00287 1.00124 0.992694 0.997296 0.996344 0.998653 0.99784 0.999138 1.00092 1.00386 1.00559 1.00329 1.01019 1.01359 1.0196 1.02244 1.01663 1.02867 1.02945 1.04145 1.05461 1.04425 1.06933 1.067 1.06199 1.07649 1.08875 1.09714 1.09423 1.10694 1.09692 1.11251 1.14033 1.13505 1.14029 1.12846 1.19302 1.18031 1.16793 1.18886 1.23222 1.21407 1.27092 1.23852 1.24925 1.28444 1.29412 1.2942 1.29393 1.33795 1.34037 1.31824 1.35001 1.38496 1.40188 1.43222 1.42312 1.45059 
1.32302 1.29038 1.2703 1.22406 1.2579 1.20267 1.30575 1.23291 1.15737 1.18122 1.23952 1.21647 1.14525 1.12738 1.17132 1.17683 1.17627 1.15325 1.14315 1.08723 1.10914 1.11479 1.09824 1.0787 1.06293 1.08433 1.04472 1.06263 1.06665 1.05463 1.01838 1.06598 1.04908 1.03928 1.01346 1.00508 1.02776 0.999093 1.02242 0.993267 1.00566 0.996219 0.994725 0.998477 0.995335 0.994346 0.997434 0.997291 0.997994 0.999304 1.00036 1.00266 1.00361 1.00551 1.01015 1.01407 1.02393 1.02442 1.02953 1.03319 1.02829 1.0373 1.02657 1.05034 1.05658 1.07144 1.07607 1.08184 1.08653 1.11259 1.11482 1.07296 1.10246 1.11631 1.09592 1.14729 1.16098 1.15778 1.17643 1.14203 1.18967 1.23438 1.22142 1.22168 1.21838 1.25542 1.27473 1.2735 1.23449 1.26896 1.31979 1.3105 1.36973 1.28162 1.38086 1.37695 1.38214 1.39631 1.41242 1.37227 
1.27532 1.34857 1.28661 1.30893 1.32513 1.30216 1.23195 1.24306 1.20947 1.23154 1.22508 1.209 1.13871 1.09992 1.15417 1.16333 1.15565 1.11395 1.14679 1.09936 1.06419 1.15064 1.06094 1.05617 1.06987 1.08961 1.06095 1.04257 1.04764 1.0563 1.0568 1.05734 1.01942 1.02335 1.04057 1.01938 1.00981 1.02222 1.01609 1.00728 1.01056 1.00907 1.00243 0.99844 0.994997 0.999949 0.9986 0.99952 0.998181 0.999367 1.00023 1.0031 1.00524 1.00472 1.0107 1.00706 1.01751 1.0177 1.02921 1.04289 1.03571 1.03741 1.03515 1.05801 1.04787 1.07356 1.07067 1.06283 1.08225 1.09488 1.09055 1.1187 1.14578 1.10581 1.13409 1.11595 1.1458 1.14359 1.16931 1.20026 1.19944 1.17674 1.23604 1.18448 1.26856 1.25928 1.22979 1.29504 1.2784 1.3006 1.33263 1.30223 1.31653 1.32817 1.36196 1.34526 1.38991 1.44006 1.42032 1.44254 
1.3146 1.30357 1.22724 1.31522 1.22722 1.27523 1.24231 1.26469 1.33764 1.17738 1.22215 1.14994 1.22847 1.21717 1.19677 1.22374 1.14064 1.14873 1.09742 1.10701 1.09927 1.11611 1.10047 1.09544 1.06566 1.06579 1.11181 1.06022 1.04652 1.03199 1.04006 1.05479 1.01789 1.03985 1.01742 1.01227 1.02575 1.01469 1.01433 0.993961 1.00434 1.0029 1.00654 1.01895 0.996209 0.996362 1.00243 1.00096 0.999872 0.999194 1.001 1.00185 1.00422 1.008 1.0138 1.01416 1.01797 1.00887 1.02194 1.02088 1.03817 1.03489 1.05484 1.04726 1.05112 1.06115 1.07502 1.07994 1.09638 1.07428 1.10044 1.09479 1.12544 1.12806 1.12707 1.1251 1.15893 1.16425 1.16855 1.19572 1.18883 1.21898 1.22855 1.20556 1.23939 1.25759 1.25333 1.29941 1.22149 1.31491 1.32577 1.33394 1.37535 1.33943 1.34856 1.40599 1.42394 1.43287 1.42398 1.44033 
1.27687 1.32933 1.24803 1.21805 1.173 1.24276 1.18793 1.2607 1.20766 1.16418 1.15257 1.18529 1.19102 1.18562 1.13038 1.12564 1.17791 1.10088 1.11385 1.07669 1.14334 1.10455 1.07137 1.05364 1.07639 1.09717 1.04106 1.07001 1.04422 1.03361 1.03997 1.05526 1.0235 1.02693 1.02129 1.00115 1.0276 1.00795 0.996872 0.999464 1.00303 1.00853 1.00111 1.00328 1.00367 0.993446 0.991497 0.99899 1.00028 0.998583 1.00103 1.00262 1.00396 1.00385 1.01554 1.01108 1.02015 1.02111 1.02845 1.02318 1.03774 1.0421 1.03807 1.06071 1.06861 1.07071 1.07694 1.10063 1.08223 1.06756 1.07972 1.10707 1.13047 1.13947 1.1712 1.14318 1.18634 1.17663 1.18824 1.1891 1.17433 1.20688 1.23432 1.21899 1.20773 1.2538 1.30764 1.2526 1.30931 1.27608 1.30231 1.35925 1.33584 1.35324 1.42062 1.36828 1.41176 1.39208 1.43281 1.47384 
1.39804 1.2931 1.2726 1.30115 1.23873 1.27122 1.19405 1.21015 1.23809 1.23493 1.15042 1.17492 1.12684 1.16966 1.16539 1.13146 1.15941 1.13155 1.16207 1.06729 1.09947 1.06154 1.08831 1.04977 1.07567 1.05707 1.02745 1.07354 1.05248 1.04139 1.04867 1.02653 1.03372 1.02821 1.02442 1.00939 1.02521 1.02348 1.00323 1.00801 1.00146 0.993605 1.0006 0.995836 0.990892 0.999699 0.997636 0.99444 0.998636 0.999294 1.00051 1.00369 1.0041 1.00746 1.00385 1.00791 1.01924 1.02414 1.02274 1.0241 1.03867 1.05117 1.0367 1.04265 1.05771 1.06369 1.06686 1.07403 1.11177 1.09057 1.0902 1.11002 1.12237 1.11031 1.12492 1.12063 1.12891 1.16816 1.15618 1.18838 1.20685 1.21233 1.21086 1.19697 1.23612 1.26903 1.27836 1.27345 1.27166 1.29366 1.31572 1.34887 1.30799 1.34305 1.35899 1.37628 1.36843 1.38064 1.39378 1.41251 
1.24517 1.36371 1.1959 1.29793 1.30601 1.18076 1.23403 1.2108 1.13969 1.15047 1.1329 1.19814 1.19526 1.21359 1.16326 1.06576 1.12044 1.16964 1.11161 1.1597 1.11123 1.09915 1.09833 1.09616 1.08398 1.05972 1.06105 1.05207 1.05216 1.04222 1.01961 1.0324 1.03413 1.01006 0.993251 1.0303 1.01551 1.02458 1.00889 1.01539 0.999851 1.00189 0.991969 0.995876 1.0022 0.999468 0.994925 0.996682 0.998436 0.999453 1.00045 1.00128 1.00798 1.0074 1.00581 1.01392 1.01065 1.01778 1.02999 1.03443 1.02198 1.03905 1.03656 1.04877 1.03959 1.0569 1.06998 1.06809 1.07177 1.09007 1.07965 1.07795 1.11152 1.12693 1.13588 1.12837 1.13184 1.16139 1.14562 1.20027 1.18922 1.18328 1.22165 1.26589 1.22407 1.24439 1.28297 1.26643 1.26064 1.29507 1.29238 1.30141 1.37791 1.33027 1.40712 1.36132 1.36249 1.39046 1.42404 1.41732 
1.24775 1.22001 1.24302 1.38946 1.33759 1.18583 1.18608 1.25194 1.1829 1.22347 1.19514 1.15734 1.17617 1.22421 1.1982 1.17434 1.10235 1.10259 1.09936 1.11134 1.10136 1.06047 1.09457 1.10214 1.13245 1.05057 1.10104 1.03477 1.0484 1.04254 1.04068 1.03292 1.01036 1.02686 1.02509 1.0238 1.01906 1.00879 1.00135 1.0103 1.00146 0.996284 0.9982 0.99494 1.00284 0.99881 1.00126 0.997667 0.998417 0.99969 1.00075 1.00083 1.00243 1.00618 1.00884 1.00815 1.01492 1.02923 1.02242 1.03632 1.02586 1.05059 1.04269 1.05286 1.06841 1.06971 1.06206 1.07893 1.06453 1.09278 1.1004 1.09789 1.11941 1.10247 1.13712 1.15203 1.16025 1.15728 1.15281 1.17279 1.20062 1.21836 1.2057 1.20643 1.24237 1.23611 1.26458 1.30857 1.2703 1.3134 1.28681 1.27581 1.36562 1.339 1.35488 1.38041 1.39866 1.40923 1.39663 1.42207 
1.35299 1.27717 1.291 1.20516 1.24961 1.2061 1.2635 1.19463 1.33085 1.16975 1.19129 1.13031 1.17336 1.18987 1.14687 1.14525 1.11405 1.10927 1.19643 1.11553 1.11129 1.10683 1.11061 1.05128 1.09412 1.09326 1.08262 1.05246 1.05024 1.03319 1.0513 1.02103 1.04805 1.00855 1.02784 1.02591 1.02734 0.997798 1.00151 1.00204 1.00919 1.00598 1.00102 0.990796 0.997218 1.0006 0.996691 0.994759 0.998003 0.999626 1.00101 1.00175 1.00494 1.00767 1.00751 1.00745 1.0236 1.01912 1.01934 1.02369 1.03527 1.05126 1.03753 1.04078 1.0548 1.07053 1.06216 1.07551 1.08418 1.0795 1.08959 1.09348 1.09546 1.12939 1.13813 1.13725 1.16458 1.14591 1.16025 1.19283 1.19169 1.20611 1.20175 1.18623 1.21822 1.22853 1.25837 1.25315 1.28128 1.29531 1.3232 1.33035 1.29784 1.38257 1.36192 1.33036 1.36818 1.40148 1.43722 1.41387 
1.3302 1.30757 1.30749 1.23219 1.29793 1.25813 1.25368 1.1913 1.24739 1.14892 1.23263 1.13984 1.25805 1.16207 1.1873 1.11078 1.18175 1.12748 1.10763 1.09439 1.10639 1.12883 1.08683 1.03247 1.08466 1.0445 1.08046 1.05947 1.06929 1.05373 1.06021 1.0292 1.01255 1.03254 1.01654 1.02877 1.01953 1.01201 1.00268 1.00536 1.00041 0.999462 1.00325 0.996128 1.00339 0.99582 1.00068 0.999809 0.998441 0.999052 1.00074 1.0026 1.00335 1.00919 1.016 1.01709 1.0113 1.01761 1.02665 1.03094 1.03213 1.03856 1.04531 1.04309 1.04926 1.05426 1.06846 1.07766 1.0881 1.09839 1.08466 1.11326 1.10323 1.09685 1.16198 1.13634 1.14063 1.2015 1.16107 1.18738 1.22486 1.23516 1.22363 1.22139 1.25049 1.26246 1.25306 1.27094 1.27682 1.29707 1.30639 1.30739 1.32378 1.36892 1.35933 1.37743 1.41326 1.39376 1.43234 1.44829 
1.3664 1.29376 1.28974 1.32989 1.29724 1.23706 1.16441 1.27632 1.22521 1.22126 1.13425 1.23013 1.14414 1.10083 1.18698 1.14003 1.11022 1.13579 1.1596 1.08266 1.14166 1.10604 1.10925 1.08706 1.07103 1.06673 1.07236 1.04964 1.0349 1.06837 1.0393 1.06538 1.00228 1.0351 1.01087 1.01258 0.999739 1.00621 0.992747 1.01011 1.00889 0.993382 1.00318 1.00492 0.999675 0.990596 0.99684 0.999248 0.997388 0.999993 1.00125 1.00148 1.00764 1.00353 1.00682 1.01428 1.02153 1.01744 1.01269 1.04665 1.04484 1.04283 1.02765 1.0437 1.06414 1.06882 1.06562 1.05861 1.09923 1.09142 1.09118 1.10954 1.11428 1.13589 1.16011 1.1619 1.15255 1.17828 1.13215 1.1777 1.19016 1.20065 1.18741 1.226 1.23693 1.25854 1.27783 1.26013 1.28304 1.30662 1.27927 1.35702 1.35875 1.34906 1.37075 1.32198 1.38097 1.41553 1.3879 1.44396 
1.25084 1.30139 1.24281 1.22189 1.23898 1.26047 1.19304 1.1824 1.18655 1.22399 1.18884 1.1805 1.24762 1.208 1.166 1.1706 1.21393 1.13073 1.11831 1.13663 1.10574 1.06119 1.07142 1.07682 1.07158 1.1012 1.06029 1.08209 1.04156 1.07077 1.01318 1.01833 1.01253 1.03105 1.02388 1.03215 1.01159 1.00599 1.00501 0.994386 0.998427 0.998806 1.0068 0.995617 1.00103 0.995322 1.00049 1.00043 1.00046 0.99916 1.00037 1.00286 1.00564 1.00756 1.01055 1.00882 1.01996 1.01669 1.02562 1.02262 1.03329 1.05435 1.05171 1.05681 1.04587 1.05473 1.06499 1.06341 1.10184 1.10014 1.0929 1.11008 1.11706 1.1033 1.13957 1.14857 1.15133 1.16512 1.18598 1.16267 1.17959 1.20394 1.23755 1.23802 1.23486 1.26393 1.28928 1.28813 1.30647 1.27307 1.30633 1.32407 1.30118 1.35427 1.34302 1.38056 1.43156 1.43024 1.40236 1.39948 
1.26476 1.29979 1.29993 1.26562 1.21915 1.23182 1.29504 1.22919 1.20138 1.22673 1.22705 1.18079 1.1467 1.15638 1.18123 1.16134 1.11773 1.1171 1.11246 1.13416 1.11085 1.11555 1.08907 1.09564 1.04476 1.04627 1.06911 1.02494 1.04861 1.04011 1.05713 1.04233 1.0378 1.02028 1.03017 1.01953 0.995267 1.0108 0.988257 1.00889 1.00829 1.00272 0.997536 1.00608 0.999596 0.999919 1.00109 0.998508 0.998997 0.999901 1.00073 1.0045 1.00617 1.00813 1.00846 1.01326 1.02194 1.02466 1.02779 1.03349 1.03651 1.03212 1.03657 1.03687 1.04263 1.06917 1.05728 1.07708 1.07414 1.08167 1.11432 1.09042 1.10298 1.1464 1.1417 1.14454 1.15888 1.15651 1.16454 1.19507 1.21344 1.20275 1.22326 1.25379 1.21946 1.28695 1.2839 1.25506 1.2684 1.32085 1.3026 1.31505 1.29086 1.32941 1.38155 1.42134 1.41415 1.42219 1.46074 1.40876 
1.23861 1.26868 1.24469 1.34959 1.21943 1.20851 1.18919 1.228 1.21888 1.19334 1.12174 1.13915 1.21213 1.07603 1.17252 1.14617 1.14998 1.11533 1.08081 1.08417 1.12129 1.1251 1.09054 1.06352 1.0745 1.05649 1.07329 1.04473 1.04117 1.04674 1.06892 1.06129 1.03414 1.0131 1.0202 1.02052 1.01335 1.00822 1.01201 0.997423 1.00414 0.995109 1.00421 0.998896 0.994235 1.0018 0.996074 0.99524 0.998496 0.999664 1.00081 0.99993 1.00692 1.00774 1.01383 1.01123 1.00889 1.02481 1.03013 1.02741 1.03477 1.03562 1.0369 1.04742 1.05129 1.06469 1.06238 1.08056 1.10356 1.10747 1.06897 1.10125 1.10021 1.13186 1.13431 1.13675 1.13255 1.17106 1.17711 1.19804 1.18554 1.21302 1.22783 1.22633 1.23261 1.2728 1.25304 1.2562 1.26876 1.30859 1.33228 1.31753 1.33661 1.35958 1.37282 1.39375 1.3853 1.42022 1.46934 1.4374 
1.31188 1.22263 1.29277 1.2516 1.20514 1.24588 1.23999 1.20973 1.25362 1.18842 1.14786 1.16054 1.15161 1.15382 1.16288 1.19838 1.12829 1.1645 1.12737 1.12914 1.09381 1.12867 1.09257 1.12202 1.08472 1.07759 1.03577 1.06651 1.06956 1.08629 1.02849 1.04543 1.02227 1.01963 1.01276 0.999976 1.0197 1.02138 0.991993 1.00138 1.01091 0.996053 0.998816 0.997606 0.999805 0.997811 0.998452 0.997838 0.997503 0.999347 1.00052 1.00229 1.00423 1.00571 1.00919 1.00774 1.02054 1.01951 1.02547 1.03022 1.0205 1.04504 1.04903 1.04286 1.06672 1.04486 1.08404 1.07356 1.05556 1.08191 1.10793 1.10288 1.13314 1.13407 1.12077 1.15848 1.14746 1.1532 1.18962 1.1485 1.17906 1.21662 1.21207 1.24539 1.26121 1.25191 1.25767 1.3114 1.27349 1.29392 1.33032 1.34546 1.31777 1.37447 1.34379 1.3416 1.4059 1.37668 1.43279 1.40957 
1.3196 1.23111 1.28243 1.36647 1.19912 1.27122 1.31118 1.26619 1.19396 1.23937 1.20725 1.2114 1.13171 1.14989 1.1483 1.15937 1.11388 1.195 1.1329 1.09747 1.1002 1.10579 1.09075 1.12124 1.06442 1.12426 1.05272 1.03551 1.04632 1.08442 1.04433 1.03444 1.03454 1.0319 1.00167 1.0151 1.0379 0.996288 1.00165 1.00151 0.992549 1.00391 0.991495 0.99663 0.995736 0.995692 1.00066 0.995774 0.996712 0.99976 0.999782 1.00275 1.00653 1.00644 1.00948 1.00929 1.01608 1.01839 1.02263 1.02698 1.03854 1.03582 1.05715 1.05166 1.05285 1.06278 1.07726 1.0852 1.09585 1.0959 1.10277 1.11073 1.11738 1.13618 1.16063 1.15688 1.16578 1.14881 1.17641 1.21836 1.15365 1.20745 1.23565 1.20155 1.25963 1.26334 1.26071 1.30886 1.30086 1.3089 1.2791 1.27233 1.3155 1.38847 1.35086 1.37145 1.39798 1.39342 1.41067 1.43076 
1.32417 1.26362 1.22173 1.23782 1.26473 1.1871 1.28846 1.18603 1.16201 1.13583 1.21669 1.15577 1.16628 1.17793 1.16329 1.19222 1.17797 1.16563 1.06263 1.0742 1.09109 1.09952 1.08582 1.08757 1.08044 1.05162 1.04212 1.06822 1.05749 1.05101 1.01959 1.04342 1.04208 1.03706 1.02854 1.00714 1.00239 1.0025 1.02053 1.01068 1.01412 1.00389 1.00311 0.997247 0.998785 1.00025 1.00065 0.999722 0.997286 1.00018 0.99996 1.00224 1.00396 1.00687 1.01176 1.01377 1.01305 1.0287 1.02153 1.04107 1.04272 1.04946 1.03697 1.04567 1.07182 1.07136 1.06454 1.09215 1.08906 1.10665 1.0851 1.11483 1.10652 1.11096 1.1179 1.13204 1.15497 1.18295 1.18676 1.1796 1.18546 1.17896 1.20669 1.23509 1.25666 1.24205 1.27094 1.25079 1.2903 1.28513 1.29822 1.34819 1.34058 1.37978 1.35619 1.34806 1.34816 1.38121 1.44527 1.41666 
1.25437 1.18266 1.26189 1.31114 1.21726 1.26044 1.27641 1.2158 1.24338 1.24587 1.22603 1.17771 1.19405 1.15815 1.18133 1.12217 1.15412 1.13392 1.11322 1.12564 1.08074 1.08472 1.12077 1.08602 1.03255 1.06666 1.06883 1.05564 1.03885 1.04988 1.03436 1.01261 1.02876 1.0281 1.03819 1.03153 1.02407 1.01012 1.01007 1.01846 1.00373 1.00862 0.998275 1.00089 0.996352 1.00438 0.994136 0.999378 0.998647 0.99901 1.00041 1.00109 1.00511 1.0096 1.00374 1.00907 1.01554 1.01359 1.02487 1.02516 1.03235 1.03443 1.03956 1.04857 1.06495 1.06614 1.07776 1.07001 1.08607 1.10168 1.08228 1.10183 1.12082 1.11879 1.14521 1.142 1.14377 1.15226 1.16264 1.16009 1.20899 1.18975 1.21951 1.22821 1.21619 1.27083 1.21967 1.27008 1.31551 1.31179 1.25382 1.33118 1.36624 1.36115 1.32547 1.39082 1.40634 1.37536 1.43589 1.41367 
1.31392 1.33289 1.32884 1.26743 1.24793 1.23193 1.24473 1.16079 1.30712 1.21616 1.29159 1.28034 1.14689 1.16534 1.10686 1.16104 1.15828 1.10411 1.10341 1.15028 1.07358 1.13618 1.04261 1.08657 1.07375 1.07239 1.05505 1.04033 1.05568 1.02558 1.04431 1.01186 1.04589 1.0377 1.00397 0.99316 1.01811 0.992075 1.00179 1.02422 1.00824 1.00732 1.0027 0.998141 1.00023 0.99317 0.996969 0.996637 0.998501 0.999008 1.00084 1.00262 1.00321 1.00635 1.01518 1.01829 1.01667 1.0145 1.02302 1.03998 1.017 1.03463 1.05127 1.05866 1.06044 1.05381 1.04913 1.07476 1.0658 1.09235 1.11182 1.0923 1.12645 1.12627 1.13673 1.14772 1.14908 1.18319 1.16154 1.18453 1.19721 1.16714 1.2153 1.23077 1.2253 1.22124 1.24073 1.29032 1.26676 1.32053 1.29747 1.32889 1.33194 1.32927 1.34567 1.35906 1.39507 1.411 1.43475 1.45965 
1.30752 1.28362 1.22657 1.24381 1.24512 1.28561 1.21221 1.20514 1.26069 1.20668 1.21138 1.23331 1.18683 1.17179 1.13559 1.11516 1.1606 1.11985 1.11793 1.12664 1.137 1.08445 1.08379 1.1144 1.07247 1.05711 1.05671 1.07808 1.04213 1.06577 1.04155 1.0367 1.02288 1.00146 1.012 1.04215 1.0042 1.0133 1.00375 0.994639 0.99285 1.00145 1.00706 1.01314 1.00046 0.995729 1.00369 0.996087 0.997252 0.999338 1.00071 1.00103 1.00276 1.0073 1.01087 1.01501 1.01422 1.01559 1.0296 1.0373 1.03056 1.04072 1.03154 1.05481 1.04219 1.07749 1.05921 1.08368 1.09167 1.09368 1.09806 1.11852 1.09922 1.09199 1.12292 1.14218 1.16272 1.15092 1.18063 1.16041 1.1818 1.20664 1.19391 1.21931 1.18261 1.25218 1.21047 1.25881 1.26635 1.29258 1.31696 1.3314 1.31404 1.32903 1.33524 1.36531 1.38472 1.43205 1.40796 1.46076 
1.32594 1.38556 1.31559 1.24916 1.28069 1.28644 1.2182 1.15874 1.20301 1.25217 1.22383 1.18851 1.17323 1.15797 1.16876 1.12844 1.12657 1.14237 1.1249 1.10762 1.09837 1.12162 1.11872 1.07754 1.07563 1.08757 1.06815 1.04255 1.03082 1.06825 1.03371 1.02885 1.01088 1.01466 1.01939 1.01421 1.0229 1.00572 1.01479 1.00636 0.997461 1.00013 1.00486 0.995033 0.995407 0.996658 0.997438 0.998397 0.997849 0.999171 1.00046 1.00216 1.00217 1.01212 1.01526 1.01572 1.00191 1.02183 1.02317 1.03008 1.03318 1.03501 1.04922 1.06029 1.04833 1.06186 1.07255 1.0721 1.09823 1.0906 1.1146 1.1038 1.12438 1.1034 1.13288 1.15089 1.12491 1.17271 1.15572 1.15639 1.18437 1.18759 1.21854 1.22193 1.22501 1.24311 1.26938 1.28934 1.23809 1.28662 1.31228 1.36955 1.35181 1.37656 1.37636 1.32959 1.40927 1.3949 1.44933 1.43637 
1.25803 1.30939 1.32425 1.31384 1.2676 1.22623 1.22797 1.16002 1.21748 1.23656 1.1968 1.19661 1.20188 1.19725 1.16334 1.11339 1.14012 1.1543 1.14117 1.12992 1.09527 1.14656 1.10175 1.10887 1.0459 1.09124 1.08483 1.03389 1.03961 1.04628 1.0457 1.0295 1.04297 1.015 1.02051 1.02458 1.01298 1.01371 1.00741 1.02264 1.00365 0.997983 1.00276 1.00695 1.00144 0.998183 0.998538 0.993881 0.998858 0.999363 1.00036 1.00231 1.0065 1.00453 1.01159 1.01955 1.02215 1.01721 1.03104 1.03521 1.04118 1.04138 1.04608 1.04427 1.05596 1.03963 1.07723 1.06774 1.07662 1.08905 1.09493 1.10199 1.1269 1.13524 1.13432 1.14718 1.16517 1.18692 1.18021 1.1485 1.17075 1.20992 1.23814 1.25448 1.26298 1.25404 1.24458 1.2909 1.31049 1.30645 1.33702 1.33297 1.38327 1.32333 1.34279 1.3901 1.3771 1.42816 1.44433 1.42509 
1.39182 1.31842 1.39026 1.28134 1.32142 1.25351 1.23553 1.21926 1.21337 1.20441 1.15803 1.1805 1.18185 1.17397 1.13923 1.14209 1.13192 1.10202 1.06888 1.10087 1.12824 1.10078 1.09058 1.11129 1.0658 1.04013 1.08564 1.06097 1.00821 1.04258 1.02813 1.04699 1.02041 1.0135 1.03243 1.01874 1.02343 1.00841 1.00516 1.00316 1.00207 0.997758 1.00153 1.0042 0.998726 0.997168 0.997192 0.997888 0.996358 0.999581 1.00048 1.00207 1.00436 1.00922 1.00976 1.01696 1.01533 1.02031 1.0337 1.02922 1.03071 1.03785 1.04611 1.04821 1.06348 1.07568 1.08751 1.07995 1.08397 1.09938 1.09459 1.12938 1.13805 1.14061 1.12493 1.15614 1.13858 1.14244 1.19335 1.16311 1.17267 1.21731 1.18764 1.21849 1.24829 1.25062 1.29871 1.23367 1.30127 1.31638 1.25723 1.29965 1.40203 1.37783 1.36794 1.35768 1.46189 1.39131 1.41454 1.43232 
1.37036 1.30121 1.30783 1.23749 1.25176 1.31246 1.21167 1.29799 1.19653 1.12954 1.21751 1.16995 1.23646 1.15845 1.18908 1.19355 1.13635 1.09467 1.07838 1.11702 1.14131 1.11989 1.10513 1.09169 1.09736 1.06287 1.06555 1.05455 1.05293 1.04489 1.0282 1.04098 1.04058 1.02842 1.00878 1.01448 1.01003 0.99392 0.999844 1.02084 1.01355 1.00251 0.986569 1.00063 1.00647 0.994418 0.99798 0.997182 0.99842 0.999588 1.0006 1.00148 1.00481 1.00647 1.00719 1.00997 1.02414 1.01277 1.02649 1.02623 1.0244 1.04062 1.04206 1.04162 1.05915 1.04178 1.06628 1.08155 1.06372 1.07958 1.09778 1.09186 1.14271 1.1267 1.11766 1.15827 1.15864 1.17714 1.18219 1.19695 1.20205 1.17404 1.21091 1.237 1.20334 1.24289 1.27075 1.24377 1.30668 1.24874 1.32554 1.31705 1.33073 1.38017 1.38425 1.4089 1.39822 1.36086 1.38928 1.42984 
1.23574 1.31625 1.32816 1.32057 1.29436 1.24514 1.29489 1.2018 1.19144 1.20941 1.18388 1.16221 1.18726 1.18172 1.15652 1.13196 1.16467 1.14349 1.1185 1.08987 1.09059 1.05197 1.10767 1.12409 1.09188 1.10013 1.02091 1.06765 1.04151 1.02887 1.02937 1.01717 1.05757 1.03924 1.01451 1.02067 1.00853 1.03249 1.00453 0.996324 1.00469 0.996346 1.00269 0.992218 1.00138 0.995443 0.996336 0.995966 0.997835 0.999713 1.00069 1.00259 1.00665 1.00909 1.01077 1.01848 1.00712 1.01754 1.01714 1.02239 1.03432 1.02761 1.05841 1.06015 1.0686 1.04214 1.06585 1.09007 1.0773 1.09519 1.10055 1.09067 1.11795 1.13059 1.15062 1.12468 1.15712 1.15408 1.16082 1.21379 1.1936 1.20008 1.22441 1.21541 1.22819 1.23252 1.27257 1.30187 1.28745 1.27224 1.28611 1.3218 1.30625 1.34942 1.38951 1.3655 1.44043 1.41519 1.42198 1.41589 
1.26 1.21745 1.31769 1.24051 1.29305 1.25743 1.16875 1.22936 1.20232 1.24363 1.20951 1.18286 1.14558 1.14583 1.15117 1.14818 1.14493 1.11718 1.15348 1.12605 1.12007 1.07396 1.07968 1.06059 1.09584 1.05716 1.04339 1.05283 1.03279 1.05176 1.04404 1.04302 1.04006 1.04924 1.01542 1.01325 1.01199 1.00388 1.02232 1.01135 0.998243 1.00217 1.00089 0.988934 0.995759 0.998676 0.999341 0.998107 0.998242 0.999364 1.00079 1.00094 1.00588 1.00709 1.00231 1.01512 1.02038 1.01209 1.02215 1.02598 1.04261 1.03883 1.0511 1.05448 1.05758 1.04303 1.05237 1.08321 1.07987 1.07956 1.10622 1.11079 1.10284 1.12749 1.1535 1.12405 1.11743 1.14251 1.17347 1.19602 1.17231 1.19785 1.23099 1.22415 1.2086 1.25849 1.24973 1.23189 1.27964 1.29343 1.3086 1.31001 1.35686 1.29425 1.36405 1.38966 1.41972 1.40762 1.39211 1.43566 
1.31621 1.35345 1.2437 1.27332 1.30672 1.25561 1.23519 1.23329 1.20208 1.17945 1.1647 1.2031 1.22681 1.17572 1.1717 1.17945 1.11279 1.14888 1.11038 1.12776 1.05641 1.07382 1.10802 1.10231 1.08743 1.04732 1.08721 1.05998 1.08311 1.05801 1.04738 1.03828 1.03608 1.04554 1.01629 1.01177 1.01233 1.00229 1.013 1.01142 1.01161 1.00076 1.00137 1.00116 1.00068 1.00347 0.99741 0.997081 0.997305 0.999371 1.00052 1.00332 1.00471 1.00887 1.0106 1.01247 1.0175 1.01149 1.0307 1.03618 1.03986 1.0334 1.04365 1.04422 1.05605 1.07136 1.07068 1.05584 1.08837 1.09405 1.10331 1.11151 1.1272 1.1256 1.12944 1.17566 1.14017 1.16424 1.19338 1.16159 1.2133 1.18423 1.28253 1.18751 1.2056 1.20454 1.25851 1.27148 1.25334 1.28452 1.31639 1.32303 1.38855 1.34922 1.33207 1.3777 1.41743 1.396 1.38939 1.43492 
1.2883 1.25537 1.37495 1.26771 1.26338 1.28481 1.26307 1.22256 1.17234 1.25536 1.18319 1.20914 1.15103 1.15045 1.17303 1.18378 1.10969 1.14598 1.07197 1.11678 1.12128 1.09808 1.08387 1.08381 1.06438 1.09393 1.07772 1.04416 1.05181 1.03567 1.02052 1.02031 1.03692 1.00007 1.00565 0.98965 1.00908 1.01678 1.00046 1.00938 1.00635 0.984442 0.992426 1.00287 1.00644 0.995316 1.00071 1.00047 0.99794 0.999835 1.00113 1.00309 1.00288 1.00549 1.00962 1.01836 1.01863 1.02174 1.01819 1.02593 1.02545 1.03057 1.04076 1.0536 1.05746 1.05284 1.05999 1.07142 1.08506 1.0977 1.11067 1.10919 1.10944 1.12363 1.13781 1.14371 1.14181 1.18411 1.1624 1.17641 1.19297 1.20806 1.24158 1.18233 1.26438 1.26512 1.26154 1.2679 1.26927 1.30945 1.30692 1.31984 1.30633 1.33809 1.3584 1.38813 1.39395 1.37019 1.44182 1.43037 
1.28675 1.3001 1.27102 1.27225 1.27656 1.21958 1.23363 1.21212 1.27505 1.22248 1.18464 1.25324 1.10429 1.12725 1.13426 1.07589 1.11154 1.10093 1.11008 1.10567 1.16144 1.10493 1.10319 1.08271 1.12004 1.09491 1.08203 1.10029 1.06051 1.0213 1.04813 1.00767 1.02459 1.01407 1.01258 1.02353 1.03231 1.02021 1.00809 1.01107 0.999385 1.0001 1.00007 0.998595 0.99745 1.00386 0.994917 0.996203 0.997791 0.998987 1.00115 1.00296 1.00411 1.00709 1.01343 1.00925 1.0117 1.01581 1.02718 1.02573 1.03667 1.04996 1.04204 1.04399 1.04663 1.0673 1.06378 1.08048 1.08441 1.09012 1.0856 1.10114 1.11599 1.12885 1.15467 1.14686 1.15594 1.17309 1.17266 1.17241 1.1956 1.16883 1.2099 1.22695 1.26913 1.20351 1.2266 1.25741 1.3367 1.29445 1.31099 1.36886 1.32217 1.3444 1.35552 1.32192 1.38541 1.40342 1.41534 1.4788 
1.28858 1.2996 1.25503 1.23273 1.26644 1.21419 1.21879 1.21683 1.25626 1.18217 1.17531 1.23378 1.1874 1.09762 1.14119 1.15591 1.14793 1.09677 1.12798 1.10311 1.15081 1.07786 1.08607 1.09664 1.07267 1.07437 1.04537 1.06479 1.05473 1.03773 1.03772 1.02387 1.02184 1.03205 1.02383 1.02466 1.00019 1.00891 1.01106 1.01513 1.00757 1.01029 0.997456 1.00155 0.995217 0.99599 0.996236 0.996797 0.996972 0.999498 1.00051 1.00288 1.00297 1.00858 1.01262 1.01052 1.0133 1.02377 1.03238 1.02891 1.03521 1.03836 1.04198 1.04842 1.05251 1.05604 1.05307 1.07592 1.10168 1.09175 1.08425 1.11488 1.098 1.13121 1.14878 1.11681 1.158 1.15488 1.1626 1.15215 1.21402 1.20133 1.22334 1.2508 1.22843 1.2566 1.25733 1.26469 1.25367 1.32169 1.305 1.31653 1.35703 1.35096 1.36431 1.33654 1.4007 1.42986 1.43365 1.44901 
1.19312 1.21268 1.27718 1.29093 1.31068 1.20763 1.25056 1.26284 1.20628 1.13758 1.16522 1.24087 1.1463 1.16079 1.15287 1.08397 1.0867 1.14765 1.09376 1.13216 1.06869 1.09026 1.07401 1.07804 1.0508 1.08345 1.04676 1.05374 1.00739 1.04444 1.05503 1.02955 1.01224 1.03159 1.01402 1.01967 1.01779 0.983639 1.00673 1.01452 0.998902 1.00525 1.00608 1.00588 0.997528 0.995709 0.997244 0.995541 0.998705 0.999529 0.999767 1.003 1.00481 1.00919 1.01142 1.01209 1.01929 1.0221 1.02206 1.03368 1.03912 1.04475 1.04793 1.03642 1.05997 1.04884 1.06679 1.08449 1.05808 1.08281 1.09493 1.11216 1.12734 1.11007 1.14261 1.17837 1.17442 1.19422 1.1781 1.19519 1.18082 1.21539 1.17499 1.25653 1.21476 1.24827 1.23398 1.28022 1.26525 1.33504 1.33648 1.32474 1.33549 1.36503 1.33317 1.40639 1.37781 1.45103 1.40101 1.41718 
1.32195 1.31397 1.28038 1.24557 1.22481 1.22086 1.18762 1.24622 1.19276 1.19533 1.14508 1.22064 1.15161 1.24342 1.19987 1.10826 1.13502 1.13951 1.08629 1.09378 1.08957 1.10114 1.10166 1.08531 1.07642 1.07755 1.04141 1.06337 1.0553 1.06456 1.05203 1.04627 1.0574 0.999069 1.00415 1.00168 1.02464 1.0074 0.998773 1.00626 0.997405 1.0088 0.996502 0.999977 0.997129 0.998713 0.998567 0.993838 1.00117 0.999092 1.0008 1.00187 1.00237 1.0097 1.0077 1.00578 1.01737 1.02721 1.02385 1.03264 1.03556 1.02961 1.05221 1.06413 1.06113 1.05866 1.06782 1.08688 1.08046 1.09874 1.09478 1.10543 1.12572 1.1293 1.13802 1.13162 1.16479 1.1772 1.19339 1.17815 1.21488 1.18587 1.22268 1.22482 1.24266 1.25732 1.2421 1.28228 1.28041 1.30601 1.34877 1.31304 1.32869 1.32015 1.3327 1.35617 1.37708 1.44849 1.44389 1.41747 
1.31108 1.29 1.29145 1.26938 1.28805 1.19427 1.17879 1.26844 1.21038 1.21543 1.15184 1.22981 1.17839 1.12258 1.19747 1.18912 1.15231 1.12788 1.11327 1.12615 1.11731 1.06138 1.06155 1.07568 1.07935 1.05853 1.04253 1.037 1.06744 1.04693 1.05965 1.04438 1.02276 1.03311 1.01161 1.00828 0.998633 1.0241 1.01329 1.01236 0.990126 0.996615 0.997609 0.996979 0.997139 1.00087 0.998456 1.00075 0.997182 0.999059 1.0007 1.00277 1.00464 1.00313 1.00572 1.00621 1.01481 1.02652 1.02381 1.02789 1.03474 1.0396 1.03147 1.05149 1.04361 1.0878 1.05537 1.10615 1.09952 1.08682 1.10204 1.11132 1.11283 1.14449 1.15053 1.13294 1.16639 1.16309 1.14871 1.20972 1.19291 1.20151 1.19929 1.24962 1.25201 1.26326 1.27013 1.28443 1.31393 1.34321 1.30556 1.34371 1.33574 1.34202 1.3827 1.4231 1.36883 1.40286 1.34287 1.40973 
1.28208 1.30629 1.29408 1.2618 1.2539 1.29062 1.21083 1.22272 1.21132 1.23887 1.21101 1.15676 1.17162 1.15532 1.17124 1.12966 1.14086 1.1243 1.19617 1.16191 1.13907 1.12105 1.07003 1.0886 1.0854 1.09113 1.07594 1.04988 1.04548 1.03698 1.04346 1.00763 1.01686 1.02087 1.00018 1.01578 1.02203 1.01153 0.999746 0.999501 1.01654 1.00691 1.00169 0.994399 1.00045 0.995565 1.00022 0.997052 0.997564 0.999174 1.00068 1.00358 1.00785 1.00321 1.01413 1.00896 1.01814 1.02924 1.03344 1.02617 1.02734 1.03008 1.04746 1.02301 1.05419 1.06411 1.06496 1.08979 1.08524 1.07861 1.11688 1.09379 1.0843 1.1552 1.14996 1.14479 1.16531 1.15614 1.16067 1.16347 1.19455 1.2082 1.21877 1.23586 1.2289 1.25627 1.25345 1.26356 1.27077 1.25252 1.33791 1.32949 1.33081 1.39097 1.35881 1.37016 1.40612 1.36962 1.40512 1.41451 
1.26363 1.25765 1.34788 1.30837 1.21792 1.2598 1.21199 1.22418 1.23788 1.18869 1.19111 1.19636 1.17683 1.18677 1.1303 1.13276 1.10669 1.11486 1.11906 1.10504 1.10367 1.10339 1.10706 1.06169 1.08334 1.06231 1.07931 1.06757 1.03856 1.04457 1.04472 1.05496 1.03761 1.03776 1.02648 1.01807 1.01848 0.997382 1.02344 1.00449 1.00662 0.992891 1.00777 0.996537 1.00098 0.994769 1.00087 0.997714 0.99736 0.999301 1.00104 1.00092 1.00425 1.00758 1.00816 1.00861 1.01973 1.02077 1.02099 1.02495 1.03475 1.03722 1.05092 1.04461 1.05801 1.04266 1.08168 1.07747 1.09069 1.08282 1.10383 1.11866 1.1362 1.13173 1.11534 1.16064 1.13783 1.15344 1.17161 1.19781 1.19957 1.23439 1.21691 1.23595 1.27691 1.2242 1.27851 1.22012 1.26205 1.28682 1.3038 1.33007 1.33133 1.36621 1.37748 1.37788 1.33947 1.43523 1.46161 1.45754 
1.28977 1.2059 1.28228 1.18539 1.2634 1.15417 1.14712 1.19562 1.2036 1.22775 1.21731 1.24491 1.14891 1.11604 1.11964 1.16716 1.18746 1.18193 1.09262 1.1636 1.10146 1.10118 1.09808 1.03131 1.109 1.04135 1.06452 1.07739 1.03175 1.03278 1.02119 1.01429 1.02153 1.02712 1.01139 1.02406 1.03632 1.01341 1.01643 1.00665 0.996591 1.00338 1.00233 0.998267 0.991327 0.999395 0.997211 0.999323 0.997877 0.999024 1.00067 1.00177 1.00076 1.00736 1.00662 1.01268 1.01804 1.01346 1.02452 1.0298 1.02298 1.04644 1.04014 1.03867 1.04143 1.07407 1.08253 1.07964 1.07977 1.08578 1.09273 1.1073 1.13086 1.13751 1.10315 1.14864 1.16811 1.15924 1.19644 1.17545 1.21298 1.2263 1.19221 1.21572 1.19898 1.24497 1.27837 1.28736 1.32953 1.29295 1.33911 1.35008 1.32254 1.31844 1.33242 1.39006 1.40203 1.42179 1.46651 1.41314 
1.25281 1.22821 1.23651 1.30838 1.28203 1.22506 1.36269 1.12613 1.2157 1.19768 1.12386 1.17628 1.25103 1.13245 1.14773 1.12085 1.18031 1.13519 1.1199 1.13356 1.10752 1.15862 1.11035 1.09432 1.08071 1.06161 1.0363 1.07161 1.04083 1.05587 1.00902 1.03361 1.075 1.03249 1.02328 0.997986 1.02056 1.01851 1.00636 1.00148 1.01686 0.999282 0.996362 0.991299 0.99253 0.996796 1.00136 0.998186 1.001 0.999243 1.00086 1.00298 1.00254 1.00286 1.00564 1.01014 1.01575 1.02675 1.02759 1.0392 1.02222 1.03716 1.04235 1.06902 1.05851 1.05019 1.05881 1.09681 1.08703 1.08776 1.10145 1.10574 1.10767 1.1328 1.13377 1.15552 1.1367 1.15969 1.17158 1.19315 1.20131 1.19841 1.19559 1.21499 1.20592 1.2911 1.22908 1.28639 1.24202 1.33578 1.30705 1.36668 1.34229 1.3506 1.34084 1.33422 1.40257 1.36301 1.44834 1.39769 
1.29315 1.25649 1.31871 1.32377 1.21572 1.23679 1.26614 1.22268 1.22055 1.17261 1.15018 1.18059 1.18159 1.18917 1.17023 1.21907 1.10754 1.16309 1.07933 1.09842 1.1051 1.09938 1.08906 1.07661 1.07259 1.09528 1.07684 1.057 1.0408 1.07554 1.00707 1.0118 1.03041 1.00917 1.02661 1.01967 1.01671 1.0054 0.999513 1.00291 1.00473 0.994981 1.00205 0.991804 0.99892 1.0001 0.996761 0.997118 0.99861 0.999316 1.00111 1.00287 1.0058 1.00188 1.01092 1.00837 1.02144 1.01833 1.02232 1.03013 1.03155 1.03765 1.03776 1.0492 1.06035 1.06072 1.06454 1.07659 1.07302 1.1035 1.08132 1.1036 1.11119 1.13362 1.13627 1.16447 1.17172 1.16032 1.17574 1.18254 1.21898 1.22823 1.21679 1.21769 1.23679 1.2784 1.27389 1.29603 1.31791 1.35864 1.32706 1.26028 1.3497 1.31041 1.38848 1.3761 1.36404 1.4451 1.35404 1.45879 
1.29374 1.31348 1.26062 1.27838 1.18182 1.22897 1.21371 1.26225 1.20071 1.21905 1.13004 1.14911 1.15336 1.16063 1.10958 1.17637 1.15817 1.12086 1.09954 1.10541 1.13477 1.09144 1.11181 1.04753 1.06005 1.08382 1.07161 1.07512 1.04538 1.04071 1.054 1.02726 1.04398 1.01752 1.01183 1.01391 1.02319 1.02668 1.01076 0.999922 1.0036 0.998559 1.00761 0.994682 0.996161 0.996265 1.00115 0.998826 0.997224 0.9998 0.99975 1.00163 1.00505 1.01252 1.00471 1.01576 1.01941 1.01697 1.02743 1.03737 1.04414 1.03713 1.04086 1.05238 1.04316 1.07471 1.07283 1.08615 1.09771 1.07279 1.08604 1.10506 1.12557 1.11609 1.1146 1.15488 1.14297 1.15878 1.18964 1.15918 1.21402 1.18239 1.17428 1.22654 1.26025 1.29902 1.24082 1.25331 1.28762 1.27878 1.3266 1.31857 1.3492 1.36723 1.37379 1.36687 1.43032 1.33731 1.35863 1.44661 
1.30576 1.30996 1.2344 1.21363 1.31117 1.28074 1.18661 1.23635 1.29389 1.24073 1.21157 1.16169 1.18533 1.1645 1.18087 1.18867 1.19481 1.09897 1.12484 1.08492 1.12374 1.10941 1.10401 1.08733 1.05574 1.08381 1.04959 0.999321 1.05844 1.03681 1.02545 1.0456 1.05176 1.01261 1.00144 1.01067 1.00653 1.01524 1.02094 1.01648 0.996616 1.00663 1.00948 0.998885 0.992846 1.00241 0.99816 0.996704 0.997881 0.999785 1.00086 1.0034 1.00755 1.00516 1.01072 1.01268 1.01033 1.01944 1.02758 1.02545 1.03069 1.03743 1.04392 1.05191 1.05453 1.07157 1.04693 1.09061 1.09597 1.09242 1.09971 1.11129 1.09137 1.13362 1.15342 1.15321 1.15795 1.14388 1.13625 1.19342 1.17821 1.21581 1.20091 1.25197 1.21946 1.23349 1.23489 1.28205 1.30499 1.30643 1.28922 1.32367 1.34042 1.33506 1.3679 1.36806 1.38837 1.41508 1.42892 1.44117 
1.27053 1.39219 1.23212 1.23339 1.31525 1.18627 1.23665 1.23856 1.25566 1.19311 1.19312 1.16586 1.21678 1.17971 1.13635 1.14205 1.14116 1.18121 1.16855 1.05601 1.13105 1.06183 1.04644 1.10667 1.05691 1.08102 1.06799 1.06564 1.0565 1.03081 1.0309 1.04432 1.03155 1.0177 1.02608 0.999931 1.00171 1.01366 1.02034 0.991446 1.00307 0.998491 1.00744 0.993866 0.999943 1.00183 0.995321 0.999139 0.997484 0.999345 1.00092 1.00329 1.00888 1.00417 1.0082 1.01072 1.01359 1.01957 1.01882 1.02338 1.0415 1.03389 1.04532 1.04546 1.04192 1.04959 1.07508 1.07868 1.0739 1.07657 1.09706 1.11563 1.13465 1.1408 1.12262 1.17172 1.16044 1.15568 1.16082 1.16249 1.19617 1.2243 1.21441 1.22535 1.2413 1.23669 1.27189 1.26912 1.28682 1.31289 1.3068 1.3581 1.30502 1.32014 1.35949 1.393 1.37356 1.4088 1.38239 1.42407 
1.38336 1.28485 1.2792 1.26055 1.26925 1.25286 1.22442 1.26105 1.1834 1.17332 1.12217 1.1619 1.12488 1.15743 1.1282 1.13621 1.13715 1.12862 1.12539 1.14866 1.07362 1.05612 1.08598 1.05403 1.06195 1.06124 1.07226 1.0642 1.06333 1.05608 1.05976 1.01677 1.03976 1.02382 1.01266 1.03852 1.01306 1.00976 1.00989 1.0005 1.00669 0.992599 0.994488 1.00006 0.991384 0.999273 1.00006 0.995997 0.998479 0.999728 1.00067 1.0054 1.00489 1.00786 1.00733 1.01392 1.0127 1.01898 1.0237 1.03551 1.02644 1.04382 1.04387 1.03683 1.06306 1.06373 1.07231 1.08289 1.08703 1.08774 1.11861 1.1254 1.09204 1.12033 1.14474 1.13951 1.14292 1.16895 1.18578 1.20703 1.22088 1.20576 1.21843 1.20891 1.23185 1.2632 1.30415 1.31608 1.28606 1.2958 1.29409 1.33448 1.29836 1.32218 1.38062 1.33876 1.38666 1.36613 1.41028 1.44481 
1.39835 1.31193 1.24147 1.31083 1.24662 1.20037 1.25717 1.26967 1.21419 1.17391 1.23891 1.17962 1.1877 1.18209 1.13033 1.13771 1.14377 1.12864 1.10042 1.09395 1.16819 1.09868 1.09728 1.12547 1.09052 1.0674 1.0589 1.06354 1.06305 1.05141 1.02241 1.02663 1.03368 1.02325 1.02231 1.02022 1.00238 1.02032 1.01741 1.00407 1.0087 1.01494 0.997775 1.00556 0.996464 0.996708 1.00293 0.998768 0.997181 1.00011 1.00074 1.00075 1.00265 1.00782 1.01021 1.0179 1.0147 1.01023 1.02258 1.04251 1.03496 1.03587 1.04351 1.04336 1.0504 1.06183 1.06749 1.08264 1.07389 1.08031 1.10561 1.12425 1.10385 1.09952 1.13711 1.13025 1.13017 1.17514 1.14943 1.19734 1.18983 1.18925 1.19841 1.17691 1.26546 1.22285 1.25318 1.28022 1.28898 1.30373 1.32135 1.3038 1.3457 1.34532 1.38487 1.37035 1.41662 1.37512 1.41169 1.46741 
1.31667 1.3109 1.21486 1.25808 1.21863 1.25349 1.24468 1.2086 1.23811 1.16473 1.1367 1.18367 1.17313 1.12173 1.18724 1.12249 1.15924 1.11794 1.10565 1.08821 1.10364 1.08171 1.06506 1.06666 1.07167 1.03469 1.0721 1.06141 1.06255 1.04626 1.01145 1.0441 1.04772 1.03933 1.02223 1.01893 1.02063 1.01404 1.01002 1.0015 1.01324 1.00681 1.00402 0.993948 1.00336 0.997914 0.991279 0.997322 0.998858 0.999483 1.0011 0.999607 1.00517 1.01068 1.01223 1.01843 1.01642 1.01265 1.02569 1.03183 1.04579 1.03415 1.04741 1.02755 1.05081 1.06656 1.07136 1.08498 1.07826 1.08114 1.08656 1.12291 1.09646 1.13489 1.14938 1.15965 1.15623 1.16469 1.13394 1.1616 1.18907 1.23108 1.22279 1.19383 1.2076 1.21834 1.2356 1.28835 1.2859 1.27216 1.25023 1.36864 1.37231 1.35617 1.34763 1.38224 1.38737 1.40783 1.39207 1.4441 
1.34694 1.25411 1.31403 1.32552 1.17566 1.27472 1.20305 1.21082 1.20898 1.25148 1.20491 1.16205 1.19595 1.16912 1.16076 1.08003 1.07896 1.15848 1.11972 1.05526 1.10284 1.06241 1.06417 1.0825 1.09453 1.0633 1.05589 1.04589 1.0563 1.02376 1.04874 1.03123 1.02902 1.03698 1.03466 1.00332 1.01146 1.02315 1.00468 1.00627 1.00097 1.00187 1.00219 1.00287 1.00158 1.00563 0.999457 1.00067 0.998381 0.999401 1.0009 1.00294 1.00338 1.00637 1.01041 1.01306 1.01828 1.03005 1.01654 1.02521 1.04357 1.02574 1.05346 1.06244 1.04181 1.05708 1.07219 1.07903 1.08481 1.08257 1.12708 1.10443 1.11574 1.12976 1.13044 1.16114 1.15684 1.15093 1.19161 1.16465 1.22891 1.21135 1.21731 1.19397 1.28493 1.27237 1.26803 1.25476 1.24049 1.2795 1.34413 1.32989 1.32195 1.30627 1.33319 1.34057 1.3801 1.33062 1.37718 1.43746 
1.29099 1.29529 1.27498 1.22734 1.27119 1.15861 1.23112 1.24129 1.20684 1.15942 1.22317 1.12183 1.17568 1.11737 1.12707 1.11643 1.11279 1.13441 1.12288 1.10699 1.1024 1.07698 1.07777 1.09416 1.09937 1.08164 1.05325 1.09476 1.04461 1.04026 1.01786 1.05013 1.00763 1.01534 1.01878 1.00809 1.01075 1.0196 1.00676 1.0025 0.993675 1.00591 0.99854 1.00374 0.990644 1.0058 1.00063 1.00048 0.999003 0.999548 1.00048 1.00167 1.00158 1.0029 1.01192 1.01191 1.01832 1.02029 1.02162 1.02959 1.02723 1.03996 1.04308 1.04601 1.06028 1.06154 1.06216 1.08252 1.09108 1.08936 1.09678 1.10735 1.12089 1.10754 1.1688 1.15785 1.13208 1.16451 1.17823 1.15565 1.21137 1.1938 1.22346 1.24183 1.20592 1.24482 1.20641 1.2702 1.2974 1.31324 1.2747 1.33229 1.30812 1.35624 1.39194 1.39987 1.42368 1.4098 1.40548 1.45022 
1.2921 1.41359 1.25786 1.18168 1.29692 1.21995 1.24994 1.2176 1.20095 1.17831 1.15986 1.16952 1.16374 1.15396 1.15551 1.14626 1.10478 1.12678 1.05733 1.11272 1.109 1.11526 1.08352 1.08481 1.06432 1.0727 1.08019 1.03555 1.05011 1.06508 1.03813 1.05077 1.03523 1.01986 0.999198 1.00795 1.01234 1.0092 1.01627 1.00193 1.00652 0.998331 0.994693 0.997115 1.00746 0.999613 0.995362 0.996212 0.998298 0.998812 1.00063 1.0008 1.00609 1.0042 1.01027 1.00663 1.02102 1.02078 1.01762 1.03184 1.0321 1.02699 1.04756 1.04734 1.04729 1.07913 1.05899 1.06839 1.07274 1.08115 1.12236 1.09878 1.11234 1.13265 1.12463 1.14683 1.1089 1.18379 1.18959 1.17218 1.20349 1.20736 1.21292 1.20967 1.24197 1.23818 1.27022 1.2878 1.25853 1.28979 1.28671 1.32119 1.33928 1.39324 1.34771 1.36528 1.37905 1.36823 1.39918 1.45599 
1.31222 1.28121 1.32732 1.28352 1.23528 1.22089 1.19584 1.28389 1.22352 1.18438 1.21564 1.13842 1.1867 1.17712 1.10775 1.12113 1.15493 1.0874 1.15174 1.13599 1.10852 1.07774 1.07066 1.08899 1.06126 1.0714 1.05358 1.06227 1.06245 1.0387 1.04121 1.04457 1.03008 1.03412 1.01169 1.02474 1.00111 1.02332 1.00672 1.00139 1.01477 1.00163 1.00203 0.995946 0.995609 1.00093 0.999017 0.996285 0.999129 0.999071 1.00064 1.00266 1.00443 1.01034 1.00952 1.01771 1.01586 1.01405 1.01764 1.03073 1.03621 1.04203 1.03571 1.02762 1.06094 1.06491 1.05938 1.07741 1.07224 1.10474 1.10484 1.10532 1.11621 1.12035 1.13094 1.14649 1.15273 1.18597 1.20158 1.17724 1.19357 1.19394 1.20106 1.23171 1.24088 1.22325 1.2604 1.29535 1.25194 1.22725 1.32159 1.35108 1.336 1.34929 1.36741 1.35958 1.3717 1.3805 1.34358 1.39217 
1.29073 1.28134 1.30393 1.21912 1.2069 1.21274 1.19519 1.19839 1.17881 1.21987 1.22109 1.18989 1.13518 1.16204 1.15679 1.13914 1.15651 1.12333 1.13061 1.10273 1.1023 1.08678 1.14657 1.09316 1.06085 1.07774 1.04478 1.04529 1.06765 1.0313 1.0281 1.01868 1.0529 1.02122 1.03403 1.0022 1.03105 0.99854 1.01543 1.00716 1.00801 0.999655 0.996533 1.0023 0.996403 0.992532 1.00002 0.99782 1.00029 0.998512 1.00025 1.00287 1.00577 1.00915 1.00355 1.01157 1.02551 1.01888 1.02289 1.02854 1.01958 1.03274 1.04512 1.03766 1.06987 1.06555 1.07254 1.07413 1.08729 1.11225 1.09589 1.11479 1.10649 1.11257 1.15836 1.14526 1.1526 1.13105 1.17196 1.17744 1.21065 1.1898 1.21858 1.19999 1.203 1.25981 1.27826 1.31404 1.25204 1.30434 1.32741 1.30249 1.33163 1.36133 1.32095 1.37383 1.35825 1.411 1.47024 1.43148 
1.29032 1.30964 1.27894 1.22638 1.23087 1.20629 1.23843 1.17501 1.20002 1.1958 1.17842 1.15292 1.16022 1.18608 1.13636 1.10818 1.17362 1.11899 1.13437 1.10822 1.14411 1.09109 1.08522 1.11802 1.06972 1.07302 1.03248 1.04065 1.04696 1.0481 1.03671 1.05045 1.01163 1.02562 1.03481 1.01685 1.00914 1.01377 0.995411 1.00398 0.998588 1.00019 1.00757 1.00423 1.00048 1.00307 1.00322 0.994346 0.998504 0.999285 1.00078 1.00349 1.00584 1.00455 1.01538 1.00955 1.01222 1.0217 1.02669 1.03231 1.03005 1.04057 1.04664 1.04549 1.05355 1.06142 1.07189 1.069 1.07549 1.07983 1.09519 1.11659 1.13378 1.14848 1.14181 1.1376 1.12762 1.17192 1.17353 1.18839 1.19348 1.20636 1.23234 1.1884 1.22988 1.21323 1.27696 1.3023 1.32048 1.30147 1.30056 1.32911 1.39938 1.29461 1.3564 1.38179 1.39262 1.3422 1.39655 1.41676 
1.24542 1.33033 1.21642 1.32924 1.26366 1.25429 1.26225 1.20069 1.19188 1.19089 1.25088 1.15418 1.13588 1.13952 1.11911 1.14044 1.14414 1.10975 1.17542 1.15217 1.10017 1.08909 1.12345 1.10314 1.10624 1.07712 1.09219 1.07329 1.04812 1.04759 1.04606 1.01959 1.03849 1.0268 1.04103 1.00969 1.00226 1.02115 1.00672 1.00474 1.01201 0.988917 1.00336 0.995981 0.994627 0.990817 1.00058 1.00098 0.999224 0.999656 1.00068 1.00075 1.0048 1.0079 1.01204 1.01321 1.01496 1.0193 1.01957 1.0291 1.01885 1.04336 1.05308 1.05581 1.05975 1.06157 1.06829 1.0701 1.06914 1.09064 1.08706 1.08685 1.11395 1.13653 1.1219 1.14013 1.15492 1.17624 1.17154 1.19415 1.18714 1.20142 1.21566 1.20321 1.22312 1.22315 1.28868 1.26192 1.29076 1.28798 1.33458 1.29329 1.3057 1.34392 1.36278 1.40047 1.4113 1.38376 1.42025 1.42545 
1.28774 1.25731 1.19255 1.25245 1.1831 1.18983 1.23886 1.20299 1.18618 1.21859 1.1772 1.19998 1.18364 1.14018 1.21656 1.14313 1.13679 1.20993 1.14475 1.13558 1.0804 1.06199 1.04341 1.09096 1.03062 1.05679 1.0442 1.02945 1.05301 1.10241 1.02963 1.0259 1.04129 1.02933 1.03127 1.00981 0.995161 1.01824 1.00004 1.00626 1.00168 1.00545 1.00316 0.98776 0.998413 0.996808 0.994696 0.996995 0.998831 0.999295 1.00082 1.00354 1.00574 1.00262 1.01149 1.01232 1.00912 1.02023 1.02331 1.03924 1.02928 1.03104 1.05285 1.03151 1.06133 1.05503 1.06542 1.08251 1.06867 1.09362 1.08259 1.10236 1.12882 1.14704 1.12032 1.1486 1.12688 1.14353 1.18005 1.19791 1.18147 1.21882 1.23439 1.24436 1.26525 1.19814 1.21164 1.27919 1.29795 1.30368 1.29173 1.31579 1.32992 1.38141 1.31747 1.37925 1.43721 1.43773 1.46916 1.44888 
1.22449 1.33587 1.3458 1.29513 1.29471 1.21943 1.22365 1.17246 1.22992 1.22772 1.19558 1.17262 1.20299 1.12603 1.15582 1.11775 1.12941 1.1314 1.15593 1.11066 1.15801 1.09103 1.07162 1.05496 1.09543 1.05249 1.06154 1.07993 1.05109 1.05274 1.05821 1.05665 1.0141 1.04245 1.00977 1.0039 1.00681 1.01151 0.999545 1.01778 0.992391 0.994813 1.0062 0.997166 1.00317 1.00448 1.00013 0.99907 0.998381 0.9991 1.00096 1.00192 1.00466 1.00492 1.00309 1.00845 1.01933 1.0218 1.02945 1.03785 1.03169 1.03518 1.05064 1.05447 1.07156 1.04786 1.08035 1.06865 1.09457 1.10759 1.10514 1.12579 1.09776 1.12659 1.13172 1.14753 1.16354 1.16386 1.16151 1.17681 1.20776 1.17774 1.21667 1.23435 1.20965 1.26819 1.22215 1.28147 1.31086 1.32894 1.29817 1.34586 1.38706 1.29145 1.3163 1.36311 1.37842 1.39487 1.38408 1.41503 
1.32649 1.28857 1.30984 1.31285 1.28967 1.25822 1.16952 1.24772 1.20419 1.22213 1.13879 1.21341 1.19588 1.12544 1.15909 1.16022 1.13019 1.14815 1.11862 1.11327 1.03989 1.09253 1.0722 1.07719 1.05017 1.06131 1.04035 1.06043 1.05584 1.02089 1.02312 1.04457 1.0532 1.00726 1.00637 1.01515 1.01554 1.01246 1.01022 0.987884 1.00645 1.00158 0.991099 0.990779 0.994964 1.00055 0.997103 1.00054 0.998058 0.999568 1.00047 1.00334 1.00532 1.00957 1.0083 1.00899 1.01776 1.0143 1.03183 1.02545 1.04232 1.04429 1.0423 1.05698 1.0663 1.07039 1.06247 1.0973 1.09037 1.09478 1.11645 1.11114 1.13071 1.14544 1.11752 1.14781 1.14271 1.18239 1.18894 1.19092 1.21935 1.20963 1.23123 1.24728 1.23667 1.21598 1.24079 1.2771 1.27624 1.25487 1.28371 1.32682 1.32666 1.35185 1.39058 1.33751 1.39984 1.41771 1.43038 1.48558 
1.28227 1.28997 1.25796 1.26393 1.27234 1.23437 1.20349 1.18366 1.19425 1.20977 1.21877 1.18484 1.15315 1.15641 1.16834 1.18805 1.09959 1.15438 1.06986 1.11193 1.06181 1.07086 1.10433 1.07964 1.10538 1.08897 1.04543 1.06063 1.0896 1.04174 1.0406 1.02279 1.04985 1.02773 1.01365 1.00824 1.01892 1.02944 1.01451 1.01026 1.01003 1.0104 0.985905 0.999483 0.993866 0.998505 1.00277 0.997185 0.997609 0.999592 1.00081 1.00397 1.00289 1.00701 1.01454 1.0129 1.01424 1.01784 1.01849 1.0348 1.03359 1.03721 1.04575 1.03343 1.05989 1.0573 1.06085 1.08225 1.08057 1.07304 1.12307 1.09512 1.12905 1.13696 1.1224 1.15254 1.17174 1.1369 1.13827 1.19719 1.19983 1.22174 1.21763 1.21228 1.20354 1.23367 1.20273 1.24202 1.30041 1.27793 1.28888 1.29196 1.28195 1.38377 1.36909 1.32733 1.39044 1.40285 1.38953 1.44172 
1.38509 1.26309 1.32971 1.3329 1.24107 1.19685 1.19914 1.23885 1.21925 1.13548 1.14834 1.26186 1.19726 1.1496 1.07846 1.153 1.10986 1.12358 1.1077 1.06413 1.11255 1.09396 1.10184 1.0834 1.06915 1.05444 1.04472 1.05898 1.03751 1.04823 1.01447 1.02723 1.01191 1.0279 1.02548 1.01658 1.01767 1.01952 1.00078 1.00429 0.999872 0.992994 1.00382 1.00542 1.00545 0.991346 0.994549 0.997024 0.996756 1.00019 1.00044 1.0027 1.00491 1.00954 1.0086 1.01594 1.01226 1.02075 1.02295 1.02765 1.03137 1.03516 1.04529 1.05459 1.06289 1.04606 1.09247 1.0647 1.08907 1.11089 1.10556 1.10101 1.11672 1.13727 1.12606 1.12446 1.15865 1.17299 1.17381 1.2022 1.15618 1.17168 1.24599 1.15695 1.26847 1.23753 1.22404 1.27781 1.3121 1.33184 1.32649 1.33939 1.32522 1.34216 1.35953 1.33984 1.36903 1.37479 1.38861 1.42627 
1.31256 1.26792 1.22433 1.26944 1.23536 1.26677 1.19458 1.22451 1.29027 1.23339 1.16965 1.19568 1.14583 1.13053 1.15663 1.13954 1.08327 1.11257 1.12166 1.11028 1.14435 1.11248 1.10265 1.06686 1.05293 1.06487 1.06476 1.03794 1.04235 1.03266 1.01729 1.05702 1.01563 1.01798 1.01339 1.02114 1.0124 1.01852 1.00337 1.00479 1.00899 0.990662 1.00008 1.00729 1.00361 0.995409 0.998048 0.9996 1.00042 0.998985 1.00096 1.00393 1.00698 1.00294 1.00359 1.01722 1.01023 1.01796 1.02193 1.03498 1.02834 1.03983 1.04263 1.04105 1.05091 1.04712 1.05679 1.08767 1.06235 1.09417 1.08461 1.11627 1.12617 1.1277 1.151 1.14064 1.13837 1.17014 1.15941 1.17855 1.19315 1.18456 1.19602 1.21718 1.22393 1.23667 1.25175 1.30872 1.30238 1.28931 1.34642 1.32621 1.34745 1.3134 1.4111 1.43917 1.4183 1.40167 1.45505 1.42714 
1.27585 1.26258 1.28997 1.23503 1.23454 1.2473 1.23275 1.22834 1.25806 1.17459 1.17443 1.18759 1.15492 1.12682 1.14896 1.18998 1.12524 1.09931 1.10223 1.1197 1.09909 1.14015 1.07703 1.08869 1.07649 1.10137 1.09696 1.03294 1.07909 1.05653 1.04187 1.02759 1.02359 1.02393 1.00611 1.02255 1.00888 1.01449 0.99905 1.00724 0.997352 1.01062 0.998538 0.997476 0.995814 0.991664 0.995738 0.998802 0.996885 0.999677 1.00014 1.00235 1.00253 1.00604 1.01383 1.01279 1.01109 1.02464 1.0196 1.03265 1.02721 1.03512 1.05276 1.06766 1.06776 1.06107 1.05945 1.05694 1.07235 1.08212 1.12117 1.12997 1.11933 1.14592 1.15172 1.15119 1.1437 1.17829 1.18132 1.21562 1.15944 1.21309 1.22955 1.24921 1.22631 1.24794 1.25605 1.29224 1.27377 1.28875 1.3009 1.33399 1.33157 1.34763 1.34704 1.39424 1.41355 1.43876 1.42209 1.4271 
1.27865 1.23141 1.31065 1.24969 1.27526 1.27651 1.20297 1.28847 1.16391 1.2064 1.16738 1.15492 1.11884 1.14618 1.12788 1.11377 1.17893 1.09291 1.12172 1.08837 1.13323 1.12361 1.06055 1.07239 1.07285 1.07606 1.07916 1.04913 1.04282 1.01773 1.05365 1.06709 1.03288 1.02082 1.02175 1.01681 1.0265 1.00172 1.0131 0.996149 0.993181 1.01309 1.00362 0.994255 0.99666 0.996377 0.997831 1.00015 0.996533 0.999379 1.0007 1.00337 1.00566 1.00516 1.01017 1.01134 1.01879 1.01651 1.02827 1.0342 1.03493 1.04653 1.03416 1.03282 1.07518 1.05214 1.07533 1.07028 1.08524 1.10276 1.10177 1.10887 1.12765 1.12053 1.15288 1.13727 1.14261 1.16405 1.17291 1.1609 1.21501 1.16504 1.21779 1.20782 1.25858 1.23081 1.21499 1.25364 1.30769 1.3111 1.30705 1.35318 1.3458 1.34533 1.36033 1.37062 1.36345 1.36499 1.39079 1.40221 
1.37613 1.34388 1.27607 1.24874 1.30558 1.24328 1.21494 1.22499 1.21318 1.22401 1.14837 1.12411 1.18817 1.15793 1.14323 1.11565 1.11283 1.11273 1.13269 1.0938 1.10902 1.11273 1.09636 1.08005 1.07641 1.09609 1.08951 1.05915 1.05162 1.03083 1.03241 1.01584 1.01955 1.00553 1.03769 1.01207 1.02941 0.99973 1.00092 0.999995 1.00014 1.00193 1.00599 1.00088 0.996725 0.999878 0.993228 0.998139 0.998235 0.999395 1.00078 1.00458 1.00509 1.01249 1.00692 1.01231 1.01708 1.01218 1.03512 1.02139 1.02782 1.03037 1.0475 1.04141 1.05681 1.06325 1.05818 1.08453 1.06555 1.09426 1.10493 1.08679 1.10957 1.12282 1.15296 1.14561 1.15729 1.15965 1.16912 1.19052 1.16695 1.22953 1.1939 1.27188 1.25812 1.24873 1.23556 1.31534 1.28262 1.27425 1.31757 1.33771 1.31945 1.34726 1.33826 1.36859 1.3853 1.38055 1.39033 1.38742 
1.22994 1.2453 1.30045 1.29818 1.26481 1.2431 1.29129 1.29724 1.23547 1.21685 1.17368 1.19862 1.141 1.13535 1.11043 1.11628 1.12428 1.08568 1.11357 1.09659 1.11687 1.12654 1.11242 1.0773 1.06601 1.05811 1.05257 1.07364 1.07449 1.04913 1.05443 1.02806 1.0308 0.999055 1.02958 1.01735 1.01923 1.01259 1.00638 1.00122 0.992326 0.994353 1.00919 1.00209 0.999093 1.00505 0.997434 0.999317 0.997912 0.999963 1.00077 1.00246 1.00583 1.00748 1.01161 1.00861 1.02477 1.01813 1.02941 1.0271 1.04011 1.04421 1.04311 1.05011 1.05261 1.0658 1.05811 1.07143 1.07473 1.09565 1.09116 1.11092 1.12053 1.12986 1.13707 1.14984 1.16458 1.16945 1.17559 1.20081 1.20447 1.19984 1.22364 1.22922 1.2446 1.28671 1.26353 1.23832 1.27702 1.30489 1.30556 1.31218 1.30025 1.34021 1.3376 1.41153 1.38178 1.44486 1.40865 1.48695 
1.32477 1.33415 1.26804 1.33157 1.22895 1.24688 1.25448 1.21697 1.16154 1.16973 1.27132 1.21062 1.12522 1.11286 1.1396 1.14127 1.12363 1.10498 1.10863 1.06702 1.09468 1.09069 1.06046 1.06193 1.02804 1.0703 1.04642 1.0538 1.03445 1.05008 1.06029 1.03036 1.03761 1.02846 1.02511 1.00396 1.01933 1.01437 1.00186 1.00276 0.99597 1.00164 1.0068 0.999602 1.00315 0.997845 0.999078 0.999285 0.999866 0.998783 1.00097 1.00165 1.00597 1.00427 1.00904 1.01922 1.02073 1.02396 1.02183 1.02976 1.02553 1.03207 1.04271 1.05418 1.05639 1.0482 1.0643 1.08523 1.09774 1.08501 1.10627 1.09088 1.11949 1.12328 1.11463 1.13337 1.16381 1.15035 1.17143 1.16724 1.17531 1.19717 1.21528 1.20688 1.2345 1.2643 1.29354 1.28237 1.27755 1.30978 1.26968 1.31983 1.36108 1.32588 1.34087 1.33992 1.3777 1.37548 1.38506 1.43453 
1.29618 1.22529 1.33653 1.31409 1.25796 1.25997 1.21485 1.29973 1.22391 1.21642 1.24501 1.23698 1.19245 1.17422 1.14448 1.12335 1.1185 1.14996 1.11884 1.10011 1.09988 1.10909 1.11284 1.0909 1.05078 1.0925 1.07725 1.0722 1.05865 1.04534 1.01836 1.02064 1.02508 1.03119 1.01454 1.0258 1.01681 1.02304 1.01442 0.987498 0.998928 0.997709 0.993531 0.994998 0.999151 0.998186 0.999193 0.998541 0.999212 0.999048 1.0013 1.00302 1.00296 1.0075 1.00938 1.01075 1.01848 1.02368 1.02246 1.03026 1.02563 1.04357 1.03642 1.03115 1.04276 1.05883 1.06186 1.05838 1.09363 1.11155 1.11703 1.11799 1.12495 1.12369 1.12484 1.11526 1.13281 1.15705 1.16589 1.16322 1.21135 1.16529 1.21923 1.20665 1.2293 1.23442 1.23699 1.26406 1.3035 1.28473 1.3154 1.3355 1.35419 1.37343 1.37512 1.38617 1.38914 1.3729 1.42345 1.37479 
1.28274 1.25607 1.25674 1.26669 1.29701 1.23294 1.20216 1.17003 1.18645 1.21728 1.1761 1.15271 1.15584 1.2018 1.16214 1.1279 1.12802 1.06959 1.13721 1.10025 1.13082 1.11272 1.09576 1.0377 1.09772 1.05315 1.06798 1.05294 1.04988 1.01703 1.03422 1.05606 1.0266 1.02857 1.01701 1.02737 1.02789 1.00377 1.00199 1.01375 0.999093 1.00088 0.999278 0.997335 0.994337 1.00082 0.996772 0.996033 0.999026 0.998962 1.001 1.00409 1.00643 1.00909 1.01213 1.00815 1.01517 1.02561 1.02247 1.02253 1.03218 1.03258 1.0359 1.04948 1.0438 1.07344 1.06741 1.05593 1.09143 1.07967 1.10267 1.09486 1.12808 1.11826 1.15024 1.14786 1.16028 1.17371 1.20131 1.18701 1.21585 1.21712 1.20053 1.21469 1.2046 1.21627 1.30519 1.20407 1.28375 1.31366 1.33981 1.26883 1.34254 1.33419 1.33237 1.36978 1.42794 1.44384 1.40608 1.42402 
1.19299 1.2881 1.32957 1.26661 1.32673 1.21484 1.22429 1.232 1.17365 1.18067 1.20202 1.15057 1.18667 1.19736 1.17702 1.17467 1.11238 1.17063 1.09791 1.142 1.07744 1.08349 1.10937 1.07903 1.09115 1.04773 1.06457 1.04113 1.05605 1.069 1.01489 1.02697 1.03704 1.01988 1.02849 1.02379 1.03212 0.997813 1.00869 1.01315 1.01602 0.999314 1.00984 0.992967 0.991479 0.99575 0.997226 0.994815 0.99933 0.998962 1.00055 1.00247 1.00141 1.00931 1.0121 1.01515 1.0117 1.02023 1.02086 1.02392 1.03332 1.02897 1.06193 1.05103 1.05366 1.07501 1.07296 1.09236 1.06569 1.09426 1.11727 1.10136 1.1262 1.12124 1.13365 1.11322 1.15326 1.14601 1.17966 1.17409 1.19436 1.21563 1.20815 1.21756 1.21589 1.23844 1.24661 1.20585 1.28195 1.29117 1.25851 1.31814 1.3586 1.37847 1.35364 1.40035 1.35763 1.3905 1.48573 1.42939 
1.31987 1.25566 1.22006 1.26258 1.27591 1.27514 1.27547 1.23175 1.20511 1.1443 1.14319 1.23695 1.17408 1.13655 1.19266 1.0975 1.12711 1.12072 1.17038 1.12239 1.1519 1.06328 1.08566 1.09812 1.07885 1.07609 1.05904 1.04164 1.05143 1.0406 1.05858 1.03822 1.02052 1.01453 1.0028 1.0272 1.02466 1.01468 1.01342 1.01446 1.01401 1.00097 0.996513 1.00013 1.00189 0.998497 0.994831 0.99791 1.00006 0.999288 1.00077 1.0018 1.0056 1.00414 1.00898 1.0148 1.01405 1.02155 1.02214 1.02187 1.03184 1.03886 1.0398 1.06101 1.05267 1.08426 1.06399 1.07496 1.06929 1.09119 1.09627 1.11522 1.11255 1.13387 1.14151 1.11988 1.17088 1.16364 1.11729 1.17276 1.18196 1.19671 1.19821 1.2224 1.23577 1.25464 1.25728 1.29601 1.27214 1.269 1.31822 1.3173 1.34648 1.34917 1.3496 1.38499 1.37517 1.4121 1.44304 1.41917 
1.26147 1.21898 1.24413 1.333 1.23049 1.2411 1.25195 1.24567 1.26252 1.1832 1.20363 1.18938 1.16557 1.18288 1.12862 1.1008 1.17433 1.17441 1.13224 1.09728 1.09461 1.09225 1.05913 1.05799 1.097 1.0659 1.02839 1.05341 1.05578 1.04492 1.01403 1.03041 1.05086 1.00535 1.03548 1.01236 1.02293 1.015 1.00611 0.994978 1.00057 1.01074 0.996325 1.00278 0.997732 0.996704 0.997633 0.998303 0.997658 0.99932 1.00123 1.00289 1.00336 1.008 1.00846 1.00939 1.01498 1.02889 1.02926 1.02864 1.02918 1.03044 1.04545 1.05446 1.06073 1.05665 1.0701 1.08399 1.09385 1.0852 1.10256 1.13585 1.13096 1.11406 1.13351 1.1544 1.1378 1.16214 1.15445 1.18213 1.19463 1.21631 1.20607 1.2284 1.24535 1.21992 1.2789 1.27097 1.32115 1.23137 1.28187 1.35956 1.26873 1.33431 1.38411 1.40795 1.40971 1.43937 1.41658 1.43664 
1.32302 1.26913 1.27563 1.26682 1.21011 1.22678 1.23492 1.21234 1.25022 1.21291 1.14872 1.18629 1.16169 1.12296 1.19961 1.13386 1.0855 1.13464 1.09229 1.18092 1.11644 1.05439 1.06865 1.08764 1.062 1.081 1.05951 1.04389 1.07606 1.04382 1.04689 1.03975 1.02772 1.03204 1.02404 1.01428 1.02596 1.00415 1.01194 1.01435 1.01003 0.994409 1.00096 0.997317 0.99847 1.00088 0.999508 0.996527 0.998068 0.999378 1.00056 1.00252 1.00391 1.0088 1.00457 1.01404 1.00765 1.02465 1.0283 1.03459 1.02589 1.03881 1.03964 1.05731 1.04547 1.06195 1.06643 1.10033 1.10246 1.08252 1.07781 1.10867 1.10283 1.09944 1.13303 1.12837 1.1608 1.16431 1.15808 1.18822 1.19279 1.19119 1.24588 1.20586 1.23147 1.24708 1.29903 1.29437 1.27039 1.31086 1.31388 1.34431 1.31852 1.38012 1.35782 1.37489 1.40594 1.44366 1.39242 1.38983 
1.31846 1.2473 1.33136 1.29002 1.24804 1.22621 1.29098 1.21767 1.24225 1.20475 1.20034 1.17076 1.19973 1.16916 1.1111 1.12165 1.13472 1.11411 1.08757 1.12091 1.12674 1.08064 1.07221 1.07302 1.0862 1.0857 1.04626 1.00492 1.07482 1.0743 1.07453 1.04079 1.0034 1.03589 1.01614 1.00865 1.04714 1.01621 1.0053 1.00676 1.00569 0.999196 1.00768 0.996522 0.998034 0.99716 0.996308 0.994238 0.997772 0.999613 1.00096 1.00259 1.00427 1.0085 1.01301 1.01558 1.0135 1.02256 1.02068 1.01821 1.04221 1.02682 1.03007 1.03467 1.05373 1.05467 1.07052 1.07244 1.07652 1.08732 1.09944 1.12555 1.10547 1.1384 1.15388 1.15438 1.14465 1.13229 1.1646 1.17158 1.19158 1.20909 1.22298 1.21022 1.21778 1.24833 1.28976 1.27298 1.29706 1.26105 1.33353 1.28951 1.31666 1.35783 1.32649 1.32767 1.34572 1.41234 1.43518 1.4016 
1.2633 1.2719 1.26156 1.33131 1.23449 1.25274 1.2676 1.20372 1.20198 1.23081 1.22425 1.18218 1.17393 1.16518 1.18445 1.15782 1.17141 1.12452 1.0665 1.11741 1.10508 1.10256 1.10371 1.11177 1.08503 1.0869 1.10403 1.05007 1.05453 1.03161 1.05528 1.04087 1.04802 1.03266 1.01365 1.00399 1.00921 1.02417 0.98819 1.011 0.995948 0.996916 1.00492 0.996335 1.0021 0.992549 0.996051 1.00036 0.999164 0.999356 1.0009 1.00252 1.002 1.00433 1.00955 1.01141 1.01968 1.02009 1.02749 1.02508 1.03232 1.04241 1.04877 1.05125 1.05105 1.07863 1.06176 1.09319 1.103 1.06774 1.11247 1.1148 1.10371 1.11597 1.10493 1.14799 1.12071 1.16652 1.15747 1.19553 1.20429 1.20813 1.20271 1.21901 1.23035 1.25616 1.29283 1.23963 1.31852 1.31884 1.30735 1.30162 1.31242 1.35281 1.38639 1.37884 1.40423 1.41449 1.43522 1.41775 
1.27169 1.30739 1.26159 1.27039 1.26439 1.27358 1.2098 1.20686 1.23142 1.19827 1.20001 1.17772 1.13981 1.1568 1.21059 1.14214 1.15226 1.1903 1.14063 1.15042 1.10939 1.09265 1.07983 1.07309 1.10144 1.07137 1.05981 1.041 1.05716 1.05594 1.03917 1.04368 1.0388 1.04011 1.02876 1.03571 1.02514 1.01518 1.00299 0.989067 1.0084 0.998196 0.995183 1.0102 1.00208 0.992669 1.00009 1.00184 0.997205 0.999616 1.00095 1.00089 1.00506 1.00614 1.00554 1.01334 1.01965 1.01517 1.02612 1.03274 1.03316 1.03531 1.04536 1.0562 1.0625 1.05936 1.06626 1.06521 1.09009 1.08746 1.10261 1.08061 1.10538 1.14179 1.13601 1.1557 1.14529 1.16578 1.17287 1.18911 1.2019 1.18264 1.2156 1.24714 1.22358 1.26187 1.24104 1.28168 1.25024 1.3023 1.33219 1.3339 1.32002 1.36042 1.3784 1.33487 1.35151 1.41147 1.44834 1.4084 
1.39008 1.24011 1.30029 1.23903 1.23656 1.2468 1.2634 1.28639 1.1938 1.17942 1.15519 1.17612 1.14301 1.15589 1.17777 1.15424 1.1278 1.10977 1.1181 1.09047 1.07724 1.08851 1.03745 1.11342 1.09603 1.05399 1.06655 1.07574 1.01873 1.03031 1.02922 1.0579 1.01873 1.02465 1.03643 1.0249 1.03049 1.00445 1.00271 1.00561 1.00322 1.00298 0.992444 0.997608 0.998372 1.00326 1.00054 0.995046 0.997621 0.99918 1.00092 1.00216 1.0077 1.01043 1.01211 1.00625 1.01424 1.02529 1.02657 1.03031 1.03162 1.02789 1.04611 1.05333 1.07127 1.06357 1.0654 1.08483 1.10011 1.08434 1.08699 1.11358 1.10386 1.11112 1.15159 1.13229 1.16195 1.16214 1.16413 1.16229 1.20911 1.19709 1.22251 1.24595 1.21106 1.2669 1.26214 1.24587 1.32021 1.3059 1.31596 1.35136 1.37551 1.33602 1.36895 1.41323 1.37923 1.42072 1.38249 1.41397 
1.29262 1.27407 1.29291 1.25823 1.22476 1.31395 1.22005 1.1978 1.24972 1.16646 1.193 1.12251 1.15593 1.15229 1.19796 1.2036 1.14981 1.13268 1.10637 1.15787 1.08189 1.04656 1.11555 1.10626 1.11416 1.0388 1.07307 1.06915 1.04579 1.03469 1.05601 1.04144 1.03636 1.02522 1.02673 1.01971 1.01761 1.01175 1.00937 1.01736 0.999349 1.00019 1.00083 1.00018 1.00182 1.00088 0.999824 0.997134 0.999551 0.998926 0.999939 1.00119 1.00243 1.00067 1.00822 1.01356 1.01944 1.02928 1.02064 1.02831 1.04073 1.05708 1.04531 1.04829 1.05828 1.06254 1.07933 1.074 1.0699 1.09794 1.09961 1.12172 1.09794 1.11087 1.13371 1.16554 1.14507 1.15972 1.16588 1.18628 1.19656 1.19719 1.19503 1.26528 1.24812 1.25918 1.28332 1.27841 1.30296 1.30371 1.32429 1.33237 1.31188 1.35431 1.36342 1.35006 1.39417 1.41996 1.43189 1.40643 
1.31584 1.34145 1.3689 1.2183 1.24154 1.26782 1.2298 1.2753 1.19048 1.25033 1.26035 1.14804 1.12731 1.11823 1.1296 1.13672 1.14122 1.15375 1.17203 1.14755 1.0629 1.08111 1.09488 1.0919 1.08772 1.10721 1.06567 1.04531 1.02275 1.04213 1.0504 1.01596 1.036 1.0088 1.02738 1.00526 1.02366 0.990005 1.00463 1.01982 0.997858 1.00356 0.996839 0.994731 0.991311 0.991134 0.999514 0.999164 0.997682 0.999365 1.00088 1.00263 1.00385 1.00504 1.0099 1.01053 1.01584 1.01784 1.02358 1.03109 1.03026 1.03707 1.05357 1.06348 1.05862 1.07741 1.08173 1.05182 1.07585 1.07947 1.07877 1.09024 1.14006 1.13155 1.13389 1.15037 1.16149 1.16211 1.17607 1.15829 1.20119 1.19964 1.17629 1.21754 1.18691 1.25788 1.28921 1.2656 1.35948 1.27732 1.30677 1.29534 1.35152 1.36361 1.37834 1.40796 1.37219 1.44706 1.45845 1.46043 
1.26227 1.38164 1.28032 1.34438 1.26763 1.27677 1.18187 1.18811 1.20943 1.1768 1.22226 1.22542 1.18916 1.19767 1.10878 1.11383 1.12671 1.10777 1.13901 1.15685 1.07514 1.08921 1.11313 1.09593 1.09965 1.07488 1.04656 1.02776 1.07713 1.07505 1.01356 1.02427 1.01875 1.03122 1.04199 1.03402 1.02117 1.01475 1.00778 0.997706 1.00555 1.00593 0.995517 0.990947 1.00213 0.995216 0.999939 0.998623 0.999476 0.9994 1.00043 1.00023 1.00378 1.00581 1.00772 1.01875 1.01016 1.01689 1.01245 1.02926 1.03305 1.04605 1.04034 1.04955 1.05172 1.06578 1.0922 1.06846 1.08299 1.11536 1.08986 1.10948 1.11328 1.11203 1.14151 1.17484 1.13874 1.1743 1.17253 1.19149 1.18646 1.20911 1.23412 1.20365 1.2363 1.27451 1.24215 1.25811 1.27051 1.30775 1.36951 1.33822 1.37471 1.38932 1.38535 1.38167 1.38083 1.39456 1.38815 1.41719 
1.28457 1.32281 1.25907 1.24581 1.22481 1.25507 1.20922 1.22155 1.21384 1.19109 1.23134 1.18222 1.09811 1.159 1.15288 1.12055 1.20571 1.13124 1.1079 1.10191 1.07679 1.14396 1.10414 1.06328 1.08193 1.05038 1.06132 1.06169 1.07222 1.03421 1.03587 1.03632 1.0066 1.01117 1.00727 1.01661 1.01763 1.00763 1.00541 1.00508 1.00138 1.00065 1.0065 1.0056 0.998683 1.00468 1.00132 1.00012 0.999832 0.999839 1.00098 1.00065 1.00471 1.00333 1.01507 1.01901 1.01541 1.02882 1.02486 1.01764 1.02268 1.03965 1.03405 1.05825 1.06375 1.07635 1.06017 1.09819 1.07134 1.10733 1.09715 1.09548 1.08789 1.15417 1.12354 1.11183 1.1607 1.16305 1.18923 1.20013 1.14893 1.21381 1.19865 1.23689 1.22091 1.25389 1.25739 1.25301 1.27446 1.28328 1.3098 1.30013 1.32305 1.31522 1.41777 1.34486 1.36214 1.38284 1.43159 1.41044 
1.29967 1.33443 1.25166 1.26793 1.21606 1.26006 1.28536 1.14269 1.15012 1.21284 1.20277 1.24629 1.09765 1.17683 1.16703 1.14253 1.11904 1.19596 1.11279 1.12606 1.13725 1.08665 1.11452 1.06991 1.05194 1.06694 1.03705 1.09731 1.01683 1.05406 1.01761 1.02995 1.06354 1.02047 1.02992 1.02284 1.02126 1.00064 1.00192 1.0056 1.0052 1.00025 0.987894 1.00457 0.99232 0.999184 0.999821 0.996176 0.998032 0.999149 1.00049 1.00146 1.00284 1.0053 1.01245 1.01363 1.02058 1.01777 1.03277 1.03748 1.04165 1.0452 1.05443 1.04628 1.05952 1.06705 1.05353 1.07728 1.08997 1.09136 1.12104 1.12242 1.13051 1.12946 1.13073 1.15692 1.14279 1.16645 1.15797 1.16851 1.19991 1.20857 1.20113 1.23386 1.21169 1.23528 1.23919 1.27272 1.26193 1.2581 1.32382 1.28981 1.37828 1.29483 1.37661 1.35677 1.41048 1.35773 1.39435 1.42805 
1.29726 1.26778 1.27148 1.26233 1.16429 1.29724 1.2769 1.24256 1.15589 1.23051 1.1792 1.17876 1.12986 1.18128 1.14872 1.12105 1.1086 1.109 1.13601 1.11457 1.11456 1.05629 1.08581 1.05935 1.09132 1.05639 1.05504 1.07264 1.0378 1.05761 1.03852 1.04774 1.05412 1.02796 1.03283 1.01333 1.01581 1.01065 1.00439 1.00455 1.01495 1.00654 0.996428 1.00495 1.00349 0.999927 0.993903 0.996254 0.99747 0.999543 1.00023 1.00171 1.006 1.0062 1.00251 1.01179 1.00681 1.0263 1.01174 1.03367 1.02958 1.04823 1.05058 1.06794 1.0561 1.05615 1.05208 1.06269 1.08895 1.10261 1.10845 1.10008 1.11464 1.1133 1.13054 1.15823 1.12497 1.13506 1.18901 1.19013 1.20991 1.2129 1.23949 1.2181 1.25598 1.24036 1.27642 1.34222 1.24063 1.32666 1.30047 1.32331 1.29241 1.38301 1.33707 1.36041 1.37228 1.41102 1.45635 1.44001 
1.30841 1.28099 1.32627 1.27763 1.25617 1.2514 1.25657 1.25896 1.1973 1.21734 1.19741 1.06599 1.1656 1.19611 1.12835 1.12706 1.12249 1.11022 1.09174 1.11155 1.12813 1.08927 1.06523 1.11231 1.06351 1.07621 1.06821 1.05669 1.05753 1.03656 1.03841 1.0357 1.01105 1.01694 1.01038 0.999333 1.02767 1.02328 0.996947 1.00221 1.0056 1.00845 0.996874 0.996951 0.994192 0.999479 0.997809 0.997453 0.998759 0.999512 1.00076 1.00344 1.00457 1.00462 1.00829 1.01471 1.0247 1.0181 1.02465 1.0213 1.03571 1.04306 1.02146 1.06869 1.05535 1.05765 1.05994 1.07833 1.06125 1.08143 1.08861 1.09279 1.1284 1.1601 1.15001 1.13167 1.14726 1.16058 1.17454 1.16012 1.21219 1.21192 1.21358 1.221 1.23417 1.26109 1.24417 1.26635 1.2981 1.32768 1.28621 1.29968 1.31433 1.35588 1.37062 1.41195 1.39673 1.37746 1.39382 1.42608 
1.23572 1.27702 1.2856 1.25391 1.19709 1.24844 1.21503 1.21165 1.17455 1.24479 1.14843 1.20709 1.25658 1.16958 1.16871 1.12024 1.09776 1.10863 1.14329 1.09602 1.12061 1.12329 1.10799 1.04992 1.08977 1.0653 1.06375 1.04151 1.03231 1.03805 1.02284 1.03941 1.0337 1.02582 1.0388 1.01065 1.01162 1.0135 1.00458 1.00636 1.00192 0.995794 1.00354 1.00003 1.00271 0.994799 0.995253 0.996154 0.997084 0.999385 1.00124 1.00131 1.00291 1.00737 1.00717 1.01868 1.02049 1.01691 1.02585 1.02957 1.02759 1.03918 1.0414 1.05026 1.0389 1.06703 1.05914 1.07161 1.05936 1.08367 1.09111 1.11783 1.12362 1.13955 1.13879 1.15861 1.14531 1.17194 1.16901 1.19363 1.18539 1.22164 1.2287 1.23196 1.269 1.28769 1.29731 1.28067 1.28067 1.29349 1.33631 1.31553 1.41127 1.31929 1.41743 1.36455 1.41122 1.40719 1.43945 1.45716 
1.30068 1.3237 1.23707 1.32024 1.22758 1.31108 1.18128 1.21526 1.25719 1.20604 1.1723 1.19784 1.19839 1.17065 1.16098 1.14325 1.14663 1.12481 1.10787 1.1105 1.13506 1.09786 1.08941 1.08196 1.07235 1.06643 1.04922 1.03563 1.07507 1.01883 1.0404 1.04182 1.03196 1.03195 1.02362 1.02106 0.993707 1.00783 1.00391 1.01638 1.00704 1.00239 0.990221 0.996564 1.00076 0.996612 0.996078 0.994932 0.999672 0.998981 1.00064 1.00382 1.00367 1.00489 1.00452 1.00643 1.02968 1.01953 1.02278 1.03226 1.03749 1.02961 1.04343 1.04506 1.05372 1.05343 1.08547 1.09345 1.0768 1.11479 1.08951 1.10411 1.10344 1.12467 1.12399 1.15229 1.15897 1.1414 1.18338 1.17113 1.21926 1.23779 1.22915 1.23942 1.25375 1.25574 1.23508 1.28562 1.28195 1.2955 1.29769 1.30627 1.3442 1.31523 1.39659 1.37096 1.37915 1.40279 1.35998 1.48158 
1.31684 1.33269 1.25342 1.24629 1.22463 1.28558 1.23946 1.22395 1.22126 1.15651 1.18194 1.20012 1.18061 1.14606 1.11212 1.11888 1.13432 1.18357 1.13714 1.07395 1.10873 1.08273 1.07565 1.05617 1.12203 1.02355 1.06062 1.03307 1.03944 1.02771 1.04514 1.02632 1.02012 1.02038 1.01697 1.02537 1.01046 1.01363 1.01886 1.00403 0.997786 1.00539 0.998068 1.00107 1.00519 0.997638 0.994406 0.995383 0.997482 0.999583 1.00095 1.00298 1.0025 1.00858 1.013 1.01326 1.01316 1.02058 1.02237 1.03684 1.03056 1.04079 1.05601 1.07331 1.05521 1.06124 1.05678 1.09115 1.09667 1.08227 1.08926 1.10755 1.1299 1.11305 1.15577 1.12561 1.1487 1.17375 1.16304 1.16988 1.19496 1.1915 1.2235 1.23174 1.23006 1.23307 1.27599 1.32743 1.31766 1.2984 1.31509 1.30961 1.31636 1.30813 1.34441 1.37906 1.39563 1.39546 1.46983 1.40699 
1.33402 1.30568 1.20911 1.21358 1.27766 1.20245 1.29097 1.26792 1.22199 1.22298 1.16706 1.15742 1.15528 1.14425 1.12548 1.16781 1.13449 1.14016 1.1383 1.08838 1.09485 1.1088 1.08912 1.05741 1.08499 1.08579 1.06052 1.06554 1.04343 1.03897 1.04353 1.03509 1.01063 1.02954 1.02408 1.01746 1.00563 1.03084 0.99919 1.00856 0.999267 0.993995 0.996482 1.00918 0.996769 1.00054 0.995933 0.998498 0.998346 0.999353 1.00106 1.00148 1.00425 1.00873 1.01721 1.01622 1.01713 1.02033 1.01166 1.03283 1.02833 1.04205 1.04071 1.04047 1.07123 1.06146 1.07287 1.08448 1.07492 1.10339 1.06754 1.10073 1.11408 1.13282 1.13133 1.17598 1.15939 1.1545 1.19339 1.17655 1.17147 1.21563 1.18665 1.23629 1.24989 1.26878 1.3026 1.26174 1.32504 1.32407 1.28513 1.32717 1.31407 1.33789 1.35682 1.3789 1.39145 1.40549 1.41602 1.4035 
1.27475 1.36392 1.23426 1.25691 1.25477 1.26325 1.20708 1.18624 1.18502 1.17418 1.19452 1.20876 1.19666 1.18452 1.14982 1.14456 1.0857 1.13631 1.12097 1.15988 1.13769 1.10178 1.07644 1.04988 1.08547 1.08586 1.0609 1.05394 1.05177 1.07244 1.04708 1.03527 1.03027 1.01398 1.02248 1.02147 1.01369 0.993314 1.01438 1.01398 1.01441 1.00399 1.00538 0.998759 0.996185 0.99816 1.00249 0.996959 0.998696 0.999324 1.00074 1.00258 1.00302 1.00549 1.00944 1.01173 1.01737 1.01136 1.02926 1.03027 1.02571 1.04117 1.04334 1.05985 1.05607 1.06807 1.04709 1.07756 1.08529 1.06105 1.09551 1.08896 1.11132 1.12532 1.11998 1.15444 1.13516 1.17908 1.16536 1.17902 1.15442 1.17687 1.24322 1.19959 1.25205 1.25589 1.29361 1.28465 1.30053 1.27731 1.28028 1.32187 1.32322 1.35314 1.37822 1.35707 1.37706 1.41035 1.43776 1.40485 
1.35657 1.3195 1.30372 1.23817 1.23241 1.24965 1.18077 1.2606 1.22606 1.09248 1.22404 1.18027 1.1314 1.14392 1.17302 1.15929 1.18089 1.14898 1.13175 1.11369 1.08032 1.08637 1.09293 1.06983 1.07821 1.02698 1.03696 1.08708 1.06949 1.02197 1.03299 1.02416 1.06042 1.02818 1.00868 1.01009 1.01575 1.00262 0.99461 0.995582 1.00288 1.00479 0.995205 0.994076 0.996329 1.00087 1.00251 0.998033 0.997112 0.998674 1.00081 1.00334 1.00425 1.00865 1.00817 1.01056 1.02165 1.026 1.02349 1.02399 1.02719 1.04971 1.04076 1.06024 1.06457 1.05098 1.0734 1.07402 1.07187 1.08338 1.10068 1.10178 1.1503 1.12039 1.13928 1.13657 1.16934 1.15975 1.16865 1.20048 1.20375 1.18768 1.26714 1.23064 1.26582 1.23337 1.26814 1.28146 1.29885 1.29042 1.32098 1.36102 1.32465 1.40072 1.34774 1.34832 1.39096 1.41133 1.43818 1.41879 
1.28254 1.2773 1.32075 1.21903 1.2866 1.19587 1.26138 1.26672 1.26984 1.19657 1.14511 1.16938 1.1773 1.16597 1.14088 1.14691 1.15602 1.1179 1.11628 1.14832 1.13547 1.08746 1.07441 1.04629 1.11158 1.05985 1.06552 1.06042 1.03909 1.03217 1.04513 1.03719 1.04829 1.01535 1.01403 1.00899 1.00918 1.02387 1.00454 1.00087 0.9912 0.993687 1.01182 0.998712 0.997088 1.00015 0.997022 0.997831 0.999559 0.999426 1.00066 1.00343 1.00637 1.00621 1.00921 1.01207 1.01524 1.01908 1.02484 1.02617 1.02922 1.04092 1.04806 1.06632 1.0623 1.07061 1.06101 1.07178 1.08777 1.10245 1.1166 1.08684 1.09629 1.13356 1.14491 1.13615 1.1332 1.16883 1.1278 1.14873 1.22171 1.18724 1.1937 1.21268 1.24137 1.22 1.24296 1.27458 1.31223 1.30079 1.24278 1.30403 1.34954 1.35907 1.36033 1.36322 1.35766 1.39754 1.38152 1.45095 
1.29953 1.28763 1.23905 1.28763 1.2064 1.19989 1.2129 1.18966 1.21094 1.22242 1.24679 1.20975 1.14243 1.1387 1.1853 1.18441 1.13695 1.14245 1.11716 1.0991 1.11082 1.08341 1.11971 1.08044 1.05642 1.09385 1.06873 1.05006 1.04623 1.03795 1.04826 1.05549 1.02379 1.02765 1.02629 1.02448 1.02107 1.01614 1.01638 1.00878 0.989039 0.999108 1.00125 0.992148 0.996705 0.99913 1.0017 0.997035 0.999775 0.999268 1.00087 1.00402 1.00705 1.00224 1.01517 1.01296 1.01893 1.01799 1.02571 1.03346 1.02651 1.0408 1.03981 1.057 1.05605 1.07005 1.08127 1.11299 1.09668 1.09266 1.09052 1.10653 1.13396 1.12795 1.15757 1.13345 1.12658 1.16179 1.16479 1.17296 1.18976 1.1978 1.22436 1.25173 1.20355 1.29867 1.27669 1.26092 1.29972 1.28657 1.28177 1.3088 1.35171 1.29411 1.37968 1.39064 1.37533 1.43044 1.39371 1.41397 
1.269 1.30406 1.31294 1.23679 1.32833 1.32171 1.21749 1.20593 1.13591 1.24736 1.20883 1.23828 1.15295 1.20171 1.10435 1.17664 1.15852 1.07897 1.15023 1.13512 1.03684 1.09155 1.07414 1.05002 1.10763 1.11576 1.04791 1.05812 1.05221 1.0332 1.01854 1.03069 1.05083 1.01513 1.02798 1.02103 1.01532 1.00586 1.01691 0.987593 1.0028 0.998868 1.0083 0.997797 0.994029 0.99765 0.995262 0.996499 0.998708 0.998769 1.00102 1.0038 1.00227 1.00776 1.0071 1.0189 1.01368 1.02321 1.02923 1.03037 1.03609 1.03205 1.0504 1.04838 1.06248 1.05865 1.04574 1.06437 1.08629 1.07585 1.08774 1.09115 1.13994 1.11327 1.14039 1.16127 1.16933 1.14622 1.18294 1.19922 1.18277 1.24014 1.2259 1.25511 1.26434 1.23571 1.26969 1.26851 1.31474 1.31779 1.32803 1.28561 1.35012 1.35556 1.33271 1.38824 1.38738 1.37135 1.45221 1.45139 
1.33654 1.32855 1.21294 1.29809 1.25931 1.18649 1.31798 1.18581 1.22114 1.25494 1.19534 1.15663 1.21665 1.15928 1.13111 1.12791 1.14475 1.11201 1.09656 1.16909 1.13069 1.08865 1.04712 1.09319 1.07065 1.08869 1.04757 1.07323 1.05088 1.0208 1.02029 1.02043 1.01356 1.00956 1.0305 1.01888 0.998503 1.01263 0.987709 0.998587 0.997234 0.999168 1.01063 1.00509 0.998549 0.991727 1.00322 0.995039 0.998821 0.999912 1.00006 1.00303 1.00697 1.01017 1.00761 1.0091 1.01258 1.02006 1.02319 1.0224 1.05007 1.03776 1.0442 1.04854 1.05851 1.04549 1.05278 1.07067 1.07849 1.06148 1.09239 1.11091 1.11031 1.12815 1.1524 1.13055 1.1854 1.15178 1.1541 1.15995 1.22491 1.22137 1.22394 1.20491 1.20672 1.28873 1.28735 1.26266 1.28444 1.31596 1.26482 1.31613 1.32423 1.36474 1.35973 1.43599 1.33755 1.39922 1.43509 1.45818 
1.34113 1.22995 1.37447 1.22439 1.25662 1.24858 1.24752 1.18534 1.17058 1.20141 1.21911 1.16037 1.20146 1.19159 1.15041 1.18708 1.12263 1.08653 1.08913 1.09038 1.08984 1.11116 1.08799 1.08862 1.06796 1.08335 1.02641 1.04286 1.08226 1.04932 1.07463 1.03715 0.998413 1.04114 1.01753 1.02129 1.02536 1.00482 1.00353 1.00801 1.00035 0.99813 1.00261 0.998339 0.99656 1.00256 0.999132 0.995596 0.997682 0.999384 1.00022 1.00394 1.00584 1.0101 1.00658 1.0143 1.01381 1.01829 1.02467 1.0286 1.03305 1.04203 1.04009 1.04691 1.05275 1.05781 1.06795 1.06332 1.09627 1.08492 1.09287 1.09832 1.10472 1.10391 1.12802 1.11819 1.17862 1.17247 1.17171 1.17057 1.22881 1.22781 1.24231 1.24433 1.26762 1.19203 1.27321 1.27477 1.2855 1.29407 1.32638 1.33623 1.3289 1.31552 1.33572 1.40307 1.37201 1.37078 1.38719 1.45742 
1.23341 1.26256 1.275 1.29661 1.27882 1.22906 1.21882 1.15872 1.20293 1.24186 1.19466 1.24147 1.14751 1.14309 1.13499 1.11843 1.13026 1.13813 1.12873 1.09796 1.13418 1.1203 1.10321 1.08112 1.10264 1.03745 1.06808 1.03936 1.02138 1.02586 1.04219 1.02518 1.03205 1.01506 1.00612 1.02921 1.00339 1.01894 1.012 1.00342 1.01204 1.00433 0.993306 0.999179 0.991574 0.998678 0.997704 0.99835 0.999678 0.999115 1.00077 1.00275 1.00505 1.00677 1.00864 1.01065 1.01507 1.01959 1.01636 1.03374 1.03156 1.03836 1.04658 1.05787 1.04435 1.0738 1.07191 1.07171 1.10427 1.07267 1.0915 1.11354 1.12254 1.13869 1.13316 1.16364 1.1285 1.1197 1.18818 1.17422 1.17486 1.16652 1.20727 1.20575 1.27383 1.27495 1.25725 1.26511 1.2928 1.29526 1.31928 1.28854 1.34566 1.36496 1.3652 1.34343 1.36588 1.40029 1.4138 1.41008 
1.30647 1.33812 1.29706 1.33857 1.23297 1.23687 1.27603 1.19965 1.25758 1.15127 1.16814 1.21388 1.14685 1.18707 1.17808 1.1683 1.12783 1.12976 1.09909 1.14566 1.12465 1.08757 1.12549 1.08792 1.06159 1.03475 1.04448 1.0527 1.05289 1.06108 1.05665 1.01096 1.01955 1.01961 1.00764 1.01274 0.998475 1.02399 1.02885 1.00208 0.999815 1.00417 0.997128 1.00245 0.994304 0.993007 0.994125 0.997827 0.999027 0.999467 1.00032 1.00326 1.00202 1.00526 1.0105 1.0098 1.01978 1.01525 1.01887 1.02166 1.0311 1.04005 1.06291 1.05466 1.05968 1.07569 1.06422 1.06264 1.08274 1.10453 1.101 1.09549 1.12148 1.14311 1.12278 1.11999 1.14926 1.16614 1.1658 1.17637 1.20378 1.16416 1.23705 1.2469 1.22628 1.25906 1.23378 1.30968 1.26118 1.33807 1.32751 1.38243 1.33455 1.40245 1.34172 1.36928 1.3733 1.35885 1.44305 1.40145 
