-2 -1.9596 -1.91919 -1.87879 -1.83838 -1.79798 -1.75758 -1.71717 -1.67677 -1.63636 -1.59596 -1.55556 -1.51515 -1.47475 -1.43434 -1.39394 -1.35354 -1.31313 -1.27273 -1.23232 -1.19192 -1.15152 -1.11111 -1.07071 -1.0303 -0.989899 -0.949495 -0.909091 -0.868687 -0.828283 -0.787879 -0.747475 -0.707071 -0.666667 -0.626263 -0.585859 -0.545455 -0.505051 -0.464646 -0.424242 -0.383838 -0.343434 -0.30303 -0.262626 -0.222222 -0.181818 -0.141414 -0.10101 -0.0606061 -0.020202 0.020202 0.0606061 0.10101 0.141414 0.181818 0.222222 0.262626 0.30303 0.343434 0.383838 0.424242 0.464646 0.505051 0.545455 0.585859 0.626263 0.666667 0.707071 0.747475 0.787879 0.828283 0.868687 0.909091 0.949495 0.989899 1.0303 1.07071 1.11111 1.15152 1.19192 1.23232 1.27273 1.31313 1.35354 1.39394 1.43434 1.47475 1.51515 1.55556 1.59596 1.63636 1.67677 1.71717 1.75758 1.79798 1.83838 1.87879 1.91919 1.9596 2 
0.470489 0.478144 0.486058 0.494242 0.502707 0.511462 0.520518 0.529886 0.539573 0.54959 0.559943 0.570638 0.581681 0.593075 0.604822 0.616921 0.629368 0.642158 0.655281 0.668725 0.682472 0.696503 0.710791 0.725308 0.740018 0.754881 0.769852 0.784881 0.799913 0.814887 0.829739 0.844402 0.858803 0.87287 0.886525 0.899695 0.912304 0.92428 0.935553 0.946058 0.955736 0.964535 0.97241 0.979326 0.985257 0.990186 0.994105 0.997018 0.998937 0.999883 0.999885 0.998978 0.997204 0.994611 0.991248 0.987168 0.982426 0.977075 0.971171 0.964764 0.957906 0.950642 0.943017 0.935072 0.926841 0.918358 0.909652 0.900746 0.891661 0.882415 0.873022 0.863494 0.853839 0.844063 0.834172 0.824168 0.814053 0.803829 0.793494 0.783049 0.772494 0.761828 0.751051 0.740163 0.729165 0.718059 0.706845 0.695529 0.684112 0.672599 0.660996 0.64931 0.637546 0.625713 0.613818 0.601872 0.589884 0.577864 0.565823 0.553771 
1.75967 1.68844 1.76814 1.65669 1.68067 1.63188 1.65525 1.61017 1.61123 1.51743 1.62129 1.49868 1.50308 1.42587 1.48654 1.49108 1.44186 1.45367 1.42938 1.3701 1.32333 1.31749 1.30625 1.28244 1.27302 1.25819 1.24202 1.24028 1.22745 1.16966 1.21272 1.16203 1.14172 1.14421 1.10148 1.09615 1.08089 1.08886 1.08217 1.04967 1.0389 1.03321 1.01379 1.0068 1.00325 1.0157 0.996683 1.00245 1.00247 0.999046 0.999469 1.00259 1.00455 1.00658 1.01146 1.01935 1.01571 1.02859 1.02044 1.03419 1.07198 1.05517 1.10149 1.10022 1.12616 1.10561 1.14688 1.16742 1.15448 1.17226 1.19794 1.19291 1.23175 1.24509 1.25284 1.33678 1.31885 1.29707 1.36835 1.38503 1.44428 1.44103 1.37519 1.48163 1.53022 1.47717 1.45022 1.54694 1.57067 1.58975 1.62054 1.56835 1.67204 1.68145 1.64373 1.73004 1.72331 1.78817 1.90189 1.80643 
1.83977 1.73415 1.76843 1.7054 1.71328 1.69398 1.62242 1.60003 1.6277 1.5861 1.52152 1.56266 1.44933 1.45897 1.38713 1.44029 1.38867 1.4289 1.40158 1.31535 1.35415 1.34685 1.27657 1.24708 1.27697 1.26307 1.18359 1.23864 1.2025 1.21118 1.13587 1.1286 1.1208 1.11051 1.08159 1.08092 1.06996 1.08772 1.05216 1.03406 1.03719 1.03673 1.02812 1.01819 1.01524 1.00602 0.997873 1.00127 1.00081 1.00003 0.99959 1.00159 1.00377 1.00974 1.01678 1.02273 1.02941 1.02038 1.02035 1.04531 1.06174 1.0739 1.10807 1.06556 1.11176 1.09695 1.11327 1.15212 1.15913 1.14851 1.19864 1.22956 1.27932 1.28636 1.26851 1.21089 1.32497 1.35957 1.34663 1.34388 1.37141 1.35026 1.43225 1.41642 1.50112 1.51687 1.48867 1.52565 1.60033 1.60295 1.6639 1.69841 1.66261 1.70365 1.7554 1.81103 1.80467 1.84457 1.86065 2.00238 
1.83332 1.77036 1.7407 1.69774 1.69729 1.6605 1.62592 1.5996 1.59744 1.59201 1.61465 1.57011 1.45548 1.49906 1.4648 1.445 1.42771 1.38524 1.41986 1.34806 1.3115 1.39636 1.30866 1.3245 1.19683 1.21899 1.23039 1.19743 1.16766 1.1827 1.12801 1.1412 1.14961 1.10028 1.10408 1.07765 1.09677 1.06717 1.05623 1.05818 1.02943 1.04158 1.02345 1.01878 1.00798 1.00287 1.00242 1.0031 1.00006 1.00022 1.00044 1.00203 1.00439 1.00058 1.00568 1.00605 1.01784 1.04551 1.04094 1.02119 1.04205 1.05336 1.09425 1.10347 1.1179 1.07963 1.11585 1.12815 1.19553 1.17074 1.26023 1.22608 1.23473 1.31296 1.17087 1.3021 1.26834 1.29646 1.24229 1.3584 1.34405 1.39489 1.44421 1.4227 1.43803 1.49517 1.51973 1.47555 1.51915 1.5634 1.65571 1.68223 1.66892 1.61891 1.69166 1.74155 1.83205 1.77953 1.78625 1.84989 
1.82259 1.68919 1.70886 1.72559 1.69435 1.66251 1.61383 1.70951 1.60085 1.55611 1.58565 1.48918 1.55554 1.46095 1.51865 1.44619 1.34411 1.43535 1.30421 1.36611 1.33966 1.34718 1.28372 1.29348 1.25319 1.21481 1.23483 1.18135 1.16701 1.16378 1.14369 1.16315 1.16457 1.11313 1.0887 1.05548 1.06902 1.05528 1.06996 1.04109 1.03383 1.02152 1.02185 1.00512 1.01063 1.01051 1.01245 1.00161 1.00009 1.00078 1.00021 1.00229 1.00593 1 1.01669 1.00633 1.02605 1.0165 1.03634 1.06346 1.04375 1.05486 1.09199 1.06794 1.09008 1.10358 1.15266 1.11961 1.1933 1.19837 1.17556 1.18287 1.24365 1.25554 1.27177 1.30218 1.35334 1.32885 1.34273 1.39571 1.3286 1.46519 1.40221 1.51673 1.43602 1.40866 1.55026 1.5908 1.47471 1.55051 1.58069 1.56754 1.6504 1.7141 1.74598 1.66254 1.81352 1.87352 1.73739 1.83271 
1.80354 1.69926 1.76133 1.74576 1.72957 1.68534 1.58901 1.61685 1.5968 1.62161 1.4983 1.55311 1.45558 1.48777 1.47226 1.41061 1.39373 1.44467 1.35538 1.38928 1.33779 1.33227 1.31593 1.26991 1.21849 1.22262 1.2595 1.20583 1.22255 1.15912 1.1466 1.13675 1.14298 1.10113 1.07702 1.06986 1.07397 1.03697 1.08072 1.04019 1.03226 1.01961 1.02728 1.01234 1.00737 1.00074 1.00847 1.0039 1.00334 1.00039 1.00044 1.00439 1.00564 0.999272 1.01493 1.03086 1.01636 1.03108 1.0245 1.02913 1.07108 1.08649 1.0494 1.09056 1.07492 1.11815 1.1615 1.11978 1.14263 1.15394 1.23169 1.21425 1.19436 1.2329 1.26892 1.28969 1.28579 1.3057 1.30353 1.3116 1.37074 1.35988 1.4916 1.42258 1.42266 1.55838 1.46906 1.57942 1.58173 1.55762 1.51367 1.58632 1.62966 1.71352 1.65184 1.63277 1.65846 1.69743 1.81656 1.77965 
1.82328 1.73188 1.81794 1.80295 1.71227 1.68591 1.68441 1.7115 1.60745 1.64843 1.57953 1.53035 1.50954 1.50006 1.47353 1.39285 1.42538 1.44871 1.37822 1.33319 1.41433 1.31671 1.30671 1.37233 1.27655 1.22368 1.22715 1.24269 1.1939 1.21267 1.15816 1.1233 1.15259 1.11508 1.1126 1.08885 1.10982 1.04721 1.05917 1.0368 1.03133 1.03044 1.00928 1.01535 0.998335 1.01096 1.00244 1.00227 0.999143 1.00091 0.999527 1.00017 1.00467 1.00551 1.00538 1.01047 1.02793 1.03494 1.03417 1.04141 1.05747 1.05363 1.08486 1.07925 1.09877 1.10989 1.09175 1.14933 1.13828 1.1959 1.17716 1.24588 1.21402 1.29097 1.27409 1.30332 1.2781 1.35128 1.35858 1.31293 1.38066 1.44017 1.36085 1.38106 1.43164 1.44893 1.46353 1.63006 1.63813 1.46516 1.60072 1.57982 1.66718 1.73065 1.72576 1.64145 1.77527 1.82037 1.7111 1.86533 
1.83442 1.78775 1.74137 1.74569 1.81151 1.70988 1.61626 1.61189 1.50834 1.63533 1.56672 1.5982 1.53446 1.45847 1.48742 1.47743 1.44539 1.3881 1.38129 1.36809 1.35535 1.30832 1.34042 1.24371 1.23146 1.27134 1.26007 1.18066 1.18033 1.17296 1.144 1.16207 1.15132 1.12078 1.04303 1.1011 1.0768 1.08784 1.04621 1.05127 1.04041 1.03229 1.03438 1.01932 1.0123 1.01829 1.01139 1.00054 1.00391 0.999923 0.998729 0.99899 1.00252 1.01045 0.999005 1.02141 1.02225 1.02003 1.04194 1.05943 1.05025 1.03563 1.09052 1.08193 1.09571 1.11103 1.14128 1.1197 1.14826 1.19895 1.24456 1.20887 1.17094 1.24824 1.26112 1.29596 1.24986 1.31717 1.32674 1.41442 1.36093 1.46289 1.4864 1.42872 1.45247 1.48843 1.46022 1.54409 1.59054 1.51943 1.64508 1.7874 1.58949 1.73952 1.64075 1.78133 1.70768 1.85802 1.84811 1.76502 
1.74203 1.77995 1.63729 1.69426 1.63537 1.68131 1.65026 1.66117 1.65559 1.67622 1.54647 1.58648 1.50511 1.47927 1.46119 1.43951 1.42996 1.37938 1.34619 1.38432 1.41346 1.3117 1.3388 1.31129 1.26185 1.24646 1.2371 1.19704 1.18549 1.18231 1.11826 1.1314 1.11076 1.13188 1.11406 1.05613 1.07181 1.06857 1.04358 1.03979 1.02906 1.03378 1.02129 1.01701 1.01411 1.00549 1.00086 1.00427 1.00199 1.00012 1.00008 0.999347 1.0083 1.00803 1.00827 1.01004 1.02094 1.01839 1.04588 1.04204 1.05145 1.06453 1.0682 1.05853 1.11703 1.11538 1.13157 1.16216 1.13144 1.16452 1.15054 1.16842 1.2588 1.29702 1.2171 1.25971 1.29351 1.27816 1.35212 1.36036 1.41753 1.33879 1.43411 1.5523 1.40989 1.44586 1.52893 1.60211 1.60058 1.5288 1.71512 1.66824 1.65479 1.73623 1.76798 1.79555 1.63191 1.78446 1.83677 1.81067 
1.81803 1.7598 1.76457 1.76824 1.67066 1.79746 1.67451 1.58658 1.58456 1.58787 1.5425 1.52005 1.47021 1.54816 1.55484 1.43639 1.38609 1.38753 1.37791 1.34171 1.3602 1.35355 1.27379 1.25668 1.26153 1.24681 1.24965 1.22721 1.2067 1.19787 1.18063 1.13275 1.10907 1.11461 1.09122 1.09721 1.08484 1.08804 1.02582 1.03404 1.02748 1.03818 1.02149 1.03617 1.01268 1.01029 0.998458 1.00269 0.998306 0.999431 0.999689 1.00154 1.00644 1.00303 1.01516 1.02729 1.02048 1.03557 1.01956 1.03961 1.07107 1.06324 1.08272 1.07944 1.0869 1.10355 1.13686 1.14633 1.15174 1.19312 1.20698 1.1841 1.21303 1.20106 1.21776 1.28725 1.3055 1.3112 1.30073 1.39334 1.33118 1.35843 1.446 1.42666 1.44146 1.51911 1.48836 1.60508 1.52069 1.54712 1.6327 1.63724 1.6549 1.68975 1.65413 1.70042 1.90303 1.82538 1.8852 1.75716 
1.75584 1.7684 1.67071 1.74644 1.61548 1.62618 1.77255 1.60776 1.67775 1.56344 1.56217 1.53284 1.5285 1.49623 1.47518 1.41706 1.39565 1.34936 1.4476 1.40015 1.38247 1.32897 1.32012 1.287 1.24325 1.20568 1.20058 1.19362 1.21289 1.15742 1.16794 1.13256 1.11731 1.09132 1.10309 1.08176 1.08823 1.04053 1.05636 1.04026 1.03217 1.01462 1.02301 1.0135 1.00902 1.00699 1.00333 1.00697 1.00012 1.00088 1.00038 1.00041 0.997822 1.00459 1.00571 1.01404 1.01094 1.01955 1.02685 1.04529 1.08576 1.0688 1.06139 1.07483 1.09742 1.09887 1.15689 1.18286 1.17865 1.14699 1.20546 1.21658 1.19915 1.21392 1.30247 1.261 1.2976 1.35706 1.32975 1.29819 1.39405 1.40139 1.38842 1.48342 1.49831 1.5413 1.4343 1.46277 1.54781 1.54333 1.62187 1.69169 1.776 1.66202 1.72241 1.69459 1.83247 1.75058 1.78487 1.73502 
1.91187 1.77039 1.83256 1.7386 1.66288 1.73706 1.68406 1.67205 1.59323 1.51069 1.59594 1.6337 1.5083 1.50397 1.46374 1.4077 1.38714 1.41981 1.40644 1.40553 1.39643 1.328 1.29121 1.26717 1.27447 1.25961 1.22107 1.20884 1.19188 1.19278 1.16235 1.1562 1.1349 1.07581 1.10011 1.06386 1.09151 1.09735 1.0471 1.05835 1.04295 1.02614 1.02196 1.01694 0.999309 0.999003 1.00505 1.00744 1.00143 0.999887 0.999273 1.00057 1.00157 1.00984 1.01076 1.00927 1.01513 1.02955 1.02312 1.03366 1.07087 1.06131 1.09497 1.11018 1.11323 1.13097 1.11407 1.15306 1.09426 1.16199 1.20755 1.22353 1.21284 1.26714 1.26527 1.24923 1.30549 1.3685 1.30803 1.37151 1.42909 1.42317 1.41495 1.48537 1.42212 1.55132 1.50439 1.51964 1.56724 1.66851 1.60652 1.63083 1.65355 1.65699 1.74992 1.63356 1.73392 1.7818 1.76474 1.72846 
1.77921 1.7736 1.69418 1.70955 1.70509 1.70202 1.64131 1.61746 1.55346 1.53679 1.58354 1.57699 1.50812 1.50859 1.46966 1.48698 1.50079 1.48453 1.35284 1.39011 1.26953 1.35135 1.2718 1.29103 1.32147 1.20541 1.22959 1.1964 1.16051 1.15535 1.14086 1.16226 1.12052 1.14633 1.11259 1.10072 1.06201 1.07845 1.07257 1.05352 1.03169 1.02108 1.02225 1.02345 1.01348 1.01724 1.00752 1.00889 1.00272 1.00004 1.00007 1.00172 1.00006 1.00302 1.02003 1.00764 1.02313 1.03057 1.03635 1.03679 1.07506 1.06665 1.07255 1.0994 1.09376 1.09873 1.10664 1.14648 1.14681 1.14987 1.16261 1.1792 1.2149 1.24567 1.21333 1.27682 1.30673 1.33403 1.32618 1.35976 1.36659 1.39252 1.36531 1.4683 1.3736 1.49692 1.56975 1.62052 1.52081 1.55796 1.68261 1.63667 1.5201 1.70628 1.57453 1.95839 1.7411 1.94123 1.7797 1.81634 
1.74159 1.72163 1.7216 1.64535 1.67779 1.6818 1.63174 1.57223 1.59412 1.58798 1.54178 1.58814 1.52107 1.52646 1.50147 1.48554 1.39231 1.42658 1.39866 1.36527 1.37251 1.30361 1.3631 1.27634 1.292 1.24917 1.21671 1.23196 1.18272 1.14746 1.13955 1.15215 1.09957 1.11107 1.09889 1.10887 1.07287 1.07387 1.06642 1.02604 1.04893 1.03054 1.02494 1.00445 1.01074 1.01376 1.00772 1.00261 1.00166 1.00072 1.00152 1.0019 1.00058 1.01149 1.00685 1.02173 1.02868 1.02141 1.04175 1.02812 1.04784 1.04971 1.05486 1.0874 1.06924 1.13184 1.10434 1.1398 1.18759 1.19434 1.20046 1.22579 1.18297 1.27862 1.20175 1.26568 1.34254 1.30612 1.27928 1.3814 1.36297 1.3954 1.39441 1.43665 1.54981 1.55315 1.5221 1.44258 1.50131 1.61048 1.65052 1.64077 1.69094 1.72032 1.69713 1.80908 1.7145 1.65226 1.77032 1.90551 
1.78667 1.79264 1.74128 1.7612 1.70347 1.71252 1.62858 1.59411 1.58181 1.53451 1.54201 1.47378 1.48153 1.45028 1.44611 1.50229 1.44194 1.43051 1.33151 1.37314 1.35233 1.29607 1.24703 1.26926 1.31225 1.28182 1.22162 1.20289 1.20821 1.17487 1.21819 1.13967 1.08651 1.10813 1.10854 1.10284 1.08539 1.07843 1.06259 1.03785 1.03638 1.0317 1.01843 1.02014 1.01068 1.0046 0.996921 1.00214 1.00078 0.999746 1.0003 1.00143 1.00413 1.00615 1.01158 1.01987 1.01175 1.03805 1.01778 1.04462 1.06452 1.07953 1.06555 1.09418 1.1158 1.09571 1.11942 1.10925 1.16409 1.17754 1.2072 1.19489 1.20655 1.25112 1.14214 1.26375 1.22638 1.23223 1.29717 1.35244 1.38275 1.42286 1.36966 1.44406 1.46556 1.47757 1.45338 1.57771 1.6228 1.69413 1.64176 1.59215 1.58779 1.71742 1.73122 1.82214 1.81531 1.82514 1.79043 1.84045 
1.8076 1.79678 1.75541 1.76492 1.68748 1.66085 1.65693 1.59928 1.59802 1.57627 1.55245 1.51193 1.51265 1.45131 1.43929 1.41622 1.42671 1.41385 1.3822 1.31533 1.31567 1.34401 1.31066 1.29199 1.25916 1.24874 1.25069 1.19043 1.20199 1.20588 1.15524 1.13812 1.12877 1.11726 1.08334 1.08614 1.10012 1.06255 1.0546 1.04315 1.03654 1.02142 1.03131 1.0093 1.0176 1.01173 1.00493 1.00371 1.00127 0.999621 1.00137 0.999534 1.00213 1.00452 1.01054 1.01105 1.02741 1.02753 1.03573 1.01042 1.04 1.06834 1.07045 1.07401 1.09683 1.12275 1.11179 1.18014 1.16514 1.14979 1.19467 1.21556 1.16509 1.288 1.27914 1.30489 1.29448 1.29451 1.36523 1.4013 1.40468 1.40999 1.44604 1.33857 1.40259 1.52978 1.4367 1.56337 1.56485 1.57392 1.51844 1.67203 1.57571 1.6304 1.72787 1.7249 1.82972 1.77805 1.81692 1.83693 
1.83374 1.7403 1.71434 1.75291 1.72275 1.63811 1.73904 1.64747 1.59626 1.55578 1.59185 1.48568 1.4711 1.51445 1.46049 1.49251 1.41573 1.44372 1.35431 1.31935 1.34147 1.31666 1.26911 1.26705 1.31654 1.25845 1.19414 1.23517 1.17281 1.22214 1.17048 1.17678 1.14731 1.11597 1.06201 1.09029 1.06983 1.06865 1.04582 1.05212 1.04052 1.0156 1.02375 1.0034 1.0184 1.00469 1.01045 1.00276 0.999217 0.999546 1.00113 1.00117 1.00436 1.00453 1.01323 1.01165 1.02482 1.02547 1.04093 1.03784 1.04667 1.08849 1.06004 1.07269 1.08137 1.11234 1.06607 1.14465 1.17177 1.20522 1.20606 1.18117 1.25724 1.21435 1.20025 1.30949 1.21261 1.27722 1.36158 1.41047 1.39115 1.38657 1.41283 1.56127 1.40936 1.57501 1.57809 1.48027 1.40465 1.61698 1.64357 1.66806 1.57677 1.75954 1.80194 1.68237 1.82058 1.88158 1.9228 1.94025 
1.78788 1.73491 1.73262 1.73201 1.77331 1.67891 1.64832 1.60365 1.56069 1.62064 1.54232 1.5482 1.56939 1.53473 1.51147 1.46525 1.45062 1.41592 1.34034 1.30401 1.39037 1.27839 1.2929 1.2546 1.22564 1.2385 1.21872 1.18979 1.17087 1.18291 1.14501 1.13549 1.10672 1.0821 1.08805 1.08305 1.07827 1.04704 1.0508 1.0547 1.04457 1.04288 1.0301 1.00516 1.00232 1.00102 1.01107 1.00269 1.00256 1.00021 1.00104 1.00475 1.00449 1.00846 1.01052 1.01343 1.02126 1.02955 1.04117 1.05314 1.04014 1.04552 1.08038 1.08866 1.07694 1.1095 1.14812 1.14771 1.16205 1.17238 1.16197 1.18595 1.20264 1.1735 1.2355 1.28724 1.34397 1.33421 1.31532 1.34814 1.41331 1.36376 1.47259 1.51817 1.46778 1.55196 1.45813 1.50321 1.57922 1.46757 1.64424 1.64409 1.64389 1.63666 1.6195 1.66435 1.7051 1.7266 1.83129 1.90122 
1.70748 1.87619 1.76633 1.73925 1.72879 1.74602 1.60487 1.604 1.60594 1.56665 1.54355 1.52194 1.53435 1.51154 1.47112 1.44857 1.42966 1.33083 1.3596 1.36665 1.35591 1.3145 1.27453 1.29172 1.29123 1.22902 1.2123 1.21189 1.21753 1.12907 1.15019 1.12463 1.15656 1.14159 1.08765 1.1054 1.0769 1.08518 1.04545 1.05607 1.04271 1.03182 1.02595 1.01528 1.02462 1.01187 1.00328 1.00369 1.00064 0.999559 1.00059 1.00292 1.00741 1.01389 1.00483 1.01321 1.01778 1.04008 1.04801 1.0569 1.05769 1.06943 1.0483 1.11269 1.09591 1.09576 1.11978 1.15313 1.17375 1.15099 1.21463 1.20804 1.24352 1.23088 1.27243 1.28063 1.29339 1.3214 1.34838 1.45707 1.36478 1.35631 1.33509 1.50969 1.38851 1.45118 1.53333 1.58129 1.47529 1.5748 1.5882 1.54543 1.66555 1.67409 1.72871 1.7479 1.7246 1.75333 1.83563 1.79014 
1.79239 1.78583 1.7113 1.73018 1.68569 1.65982 1.6633 1.64139 1.63217 1.62991 1.59426 1.50876 1.50316 1.55021 1.47801 1.4067 1.43656 1.42719 1.3968 1.3976 1.31711 1.36208 1.2916 1.24777 1.29817 1.27326 1.23267 1.23462 1.18221 1.20342 1.15728 1.15662 1.10376 1.09083 1.12647 1.09086 1.05145 1.08766 1.05469 1.04306 1.02045 1.04638 1.03524 1.02074 1.00417 1.00972 1.00821 1.0075 0.998991 0.999081 0.999971 1.00264 1.00896 1.00275 1.00517 1.01392 1.01588 1.03745 1.03741 1.06321 1.06099 1.08772 1.05649 1.05374 1.13274 1.13093 1.12918 1.09433 1.12341 1.17179 1.19711 1.19627 1.23087 1.22769 1.27987 1.27753 1.27014 1.31701 1.3583 1.3497 1.37712 1.4473 1.37085 1.4396 1.52788 1.50893 1.43496 1.55813 1.56553 1.61372 1.6911 1.6076 1.58057 1.63348 1.63473 1.65708 1.79153 1.86197 1.89194 1.85129 
1.8373 1.76284 1.77427 1.74318 1.67185 1.59267 1.61584 1.68316 1.69304 1.58859 1.54376 1.5032 1.45959 1.49666 1.43851 1.50393 1.40383 1.46397 1.35332 1.33678 1.29511 1.3459 1.29306 1.31914 1.23754 1.26431 1.22065 1.19032 1.15366 1.14153 1.15895 1.20118 1.12153 1.10424 1.07076 1.07556 1.08398 1.10113 1.06404 1.02895 1.03805 1.02773 1.01498 1.00269 1.01195 1.00245 1.01056 1.00266 0.998829 0.999297 1.00094 0.99918 1.00499 1.00975 1.01676 1.01948 1.0098 1.03413 1.03408 1.03581 1.05704 1.05667 1.08642 1.08657 1.05051 1.09132 1.12911 1.09313 1.12549 1.17804 1.18258 1.17096 1.21414 1.21695 1.24338 1.25915 1.26297 1.29526 1.36103 1.33714 1.44887 1.4632 1.41724 1.45508 1.4726 1.48722 1.46051 1.43674 1.52435 1.56988 1.61708 1.6566 1.6655 1.67267 1.73668 1.77053 1.79848 1.76896 1.95523 1.82247 
1.77306 1.75986 1.86416 1.7614 1.75681 1.57434 1.71276 1.60677 1.61421 1.50219 1.5335 1.52508 1.52017 1.48584 1.49469 1.4365 1.44446 1.37428 1.42007 1.41174 1.34734 1.34972 1.31452 1.32702 1.28951 1.25329 1.21078 1.21908 1.20809 1.12515 1.17641 1.12977 1.12568 1.13496 1.08039 1.0758 1.05987 1.05148 1.0353 1.0416 1.03948 1.04227 1.01886 1.02328 1.01247 1.01395 1.00505 1.00037 1.00068 1.00005 1.00054 0.99907 1.00208 1.00272 1.01305 1.01534 1.02466 1.0318 1.02893 1.0394 1.04664 1.07575 1.07156 1.12727 1.08224 1.10065 1.15119 1.15645 1.17691 1.22872 1.16918 1.21962 1.25405 1.22167 1.23414 1.32309 1.3187 1.3362 1.38141 1.3105 1.42018 1.46793 1.47781 1.46216 1.4968 1.40582 1.46858 1.57459 1.61415 1.60535 1.59399 1.67632 1.63147 1.64086 1.77188 1.63338 1.76262 1.73182 1.69914 1.91025 
1.75736 1.74136 1.71769 1.68216 1.64055 1.69339 1.64526 1.70453 1.62368 1.55833 1.61024 1.51545 1.49235 1.47251 1.46675 1.49022 1.38631 1.44847 1.36094 1.4108 1.31476 1.33535 1.33097 1.27382 1.25565 1.23229 1.24441 1.22181 1.15963 1.16558 1.16042 1.10753 1.11998 1.11632 1.1145 1.1043 1.09619 1.06358 1.04916 1.04904 1.04821 1.02694 1.0228 1.01883 1.00948 1.00624 0.995518 0.997388 1.00157 1.00025 1.00041 1.00347 1.00338 1.00627 1.00995 1.01639 1.02784 1.02473 1.0418 1.06759 1.05246 1.0747 1.05548 1.06858 1.13713 1.13108 1.08502 1.1278 1.13276 1.16681 1.15324 1.18204 1.27836 1.27922 1.24363 1.26785 1.28368 1.3028 1.37172 1.39403 1.39364 1.37516 1.38769 1.45965 1.44003 1.48744 1.51808 1.4845 1.53747 1.56148 1.5508 1.61558 1.59675 1.69048 1.73255 1.77654 1.78323 1.92036 1.80922 1.92225 
1.78635 1.90947 1.72328 1.77894 1.83199 1.71235 1.7449 1.65976 1.60707 1.61695 1.52004 1.50762 1.5365 1.49579 1.57427 1.44074 1.44169 1.35313 1.38589 1.37186 1.32957 1.36621 1.33513 1.30777 1.22343 1.23055 1.23802 1.17163 1.2173 1.19298 1.16006 1.16906 1.12866 1.12701 1.09785 1.09782 1.10677 1.05403 1.04801 1.05101 1.04006 1.03216 1.02313 1.01235 1.01527 1.01245 1.01255 1.00169 0.998364 0.999867 1.00124 1.00241 0.997955 1.01259 1.00476 1.01865 1.01803 1.02589 1.05012 1.05703 1.04568 1.06039 1.0809 1.07964 1.11094 1.11537 1.12375 1.15595 1.14684 1.13277 1.17626 1.25202 1.23866 1.27125 1.28547 1.33524 1.31274 1.29994 1.40462 1.32211 1.37515 1.34761 1.53069 1.45931 1.47166 1.51223 1.53407 1.48492 1.51661 1.55548 1.6743 1.62669 1.70816 1.63516 1.64757 1.69025 1.66697 1.8392 1.72799 1.80536 
1.87225 1.69893 1.72226 1.62761 1.73549 1.66623 1.65837 1.65337 1.57937 1.6441 1.50152 1.51117 1.46674 1.37195 1.45201 1.50991 1.40041 1.41192 1.36305 1.35339 1.3781 1.33779 1.24272 1.29966 1.23049 1.26633 1.2003 1.26397 1.19913 1.17533 1.15999 1.13215 1.10974 1.12609 1.07875 1.09417 1.04843 1.05628 1.02723 1.0401 1.04081 1.03774 1.01364 1.01022 1.02541 1.01078 1.00875 0.999875 0.999637 0.99968 1.00039 1.00122 1.00173 1.00339 1.00932 1.00738 1.01307 1.02488 1.0242 1.04512 1.06104 1.08398 1.06324 1.12268 1.09884 1.13032 1.1192 1.14597 1.1669 1.17512 1.18798 1.21407 1.27642 1.23588 1.25207 1.27433 1.33074 1.33189 1.33124 1.33442 1.36119 1.41877 1.51029 1.46063 1.40498 1.4913 1.47091 1.57141 1.5052 1.65157 1.62084 1.62198 1.58669 1.60357 1.78606 1.73782 1.63929 1.84729 1.70271 1.86902 
1.74314 1.81562 1.66495 1.74199 1.70373 1.62509 1.72063 1.60999 1.60702 1.57401 1.53334 1.53621 1.45642 1.47656 1.47658 1.46507 1.43908 1.44393 1.3825 1.38656 1.33704 1.31356 1.26503 1.2745 1.25542 1.24752 1.21358 1.20288 1.17382 1.14124 1.17551 1.14481 1.12417 1.1239 1.12929 1.08773 1.08793 1.03952 1.05562 1.04565 1.02109 1.02452 1.02175 1.00621 1.01094 1.0096 0.998809 1.00133 0.997249 1.00037 0.999356 0.998605 1.00034 1.00349 1.00671 1.01489 1.01217 1.03799 1.04719 1.04881 1.02543 1.06977 1.07274 1.12043 1.1049 1.11792 1.1255 1.15664 1.15184 1.16795 1.18139 1.24859 1.20151 1.22736 1.27822 1.31269 1.3634 1.29297 1.40107 1.31026 1.45281 1.39994 1.37024 1.5103 1.49733 1.43166 1.51194 1.56027 1.52247 1.49198 1.5911 1.57919 1.75297 1.67773 1.78053 1.79007 1.78316 1.83988 1.75169 1.78945 
1.78687 1.76226 1.77131 1.74386 1.74146 1.64942 1.58499 1.71126 1.60714 1.56205 1.57033 1.61995 1.57529 1.47124 1.42597 1.45517 1.43895 1.41082 1.30696 1.36581 1.34663 1.35101 1.30971 1.25036 1.26956 1.23396 1.28287 1.23153 1.22364 1.16201 1.14234 1.10573 1.14595 1.1057 1.10083 1.10295 1.08447 1.06605 1.0448 1.03366 1.04145 1.01582 1.01952 1.01426 1.00824 1.00958 1.00526 1.00354 1.00113 1.00068 1.00073 0.998798 1.00487 1.01415 1.02108 1.01532 1.02436 1.0293 1.0335 1.01994 1.03693 1.08223 1.07582 1.05483 1.09735 1.06619 1.14351 1.16184 1.16666 1.17549 1.23259 1.15714 1.19046 1.24781 1.26187 1.3124 1.30312 1.33767 1.30821 1.44664 1.3675 1.43836 1.44004 1.42702 1.40085 1.49157 1.49715 1.5043 1.59459 1.52608 1.59205 1.64163 1.67376 1.71064 1.83734 1.65702 1.77704 1.87488 1.67743 1.7421 
1.72866 1.74056 1.8291 1.7879 1.7476 1.6703 1.62464 1.66343 1.64048 1.61346 1.51142 1.55854 1.48982 1.5387 1.46597 1.44553 1.43655 1.32286 1.41518 1.24485 1.38846 1.27117 1.32168 1.22477 1.25436 1.21049 1.22437 1.1643 1.18698 1.18941 1.162 1.2141 1.0913 1.12077 1.08221 1.1092 1.08071 1.06129 1.03277 1.0445 1.02562 1.02955 1.02189 1.01943 1.00344 1.01365 1.001 0.999835 0.999508 1.00059 0.999877 1.00044 1.00485 1.01363 1.00531 1.01514 1.01911 1.02262 1.05705 1.02683 1.06308 1.06854 1.09722 1.11495 1.11143 1.14861 1.12939 1.14672 1.15649 1.19621 1.14604 1.21555 1.19933 1.22165 1.25721 1.22894 1.27444 1.37691 1.35562 1.3862 1.33014 1.34416 1.39216 1.42533 1.44342 1.45954 1.56933 1.52324 1.42719 1.50811 1.6206 1.72471 1.73833 1.86178 1.72285 1.77813 1.78803 1.85475 1.8227 1.77168 
1.79878 1.81365 1.80723 1.67332 1.77259 1.68759 1.65485 1.62863 1.60471 1.53867 1.46793 1.585 1.54932 1.47687 1.4383 1.3896 1.47596 1.40947 1.3998 1.37773 1.35248 1.29939 1.3062 1.27932 1.28025 1.22841 1.2122 1.19505 1.2057 1.19019 1.18529 1.16333 1.09891 1.10415 1.08472 1.05855 1.07231 1.08328 1.038 1.04821 1.02735 1.02524 1.0125 1.00146 1.02136 1.00737 1.01307 1.00067 1.00058 0.999863 0.999667 1.0029 1.00501 1.00514 1.01528 1.02323 1.01674 1.02518 1.02908 1.04177 1.04928 1.05468 1.06257 1.09004 1.09054 1.14358 1.10649 1.1275 1.14211 1.1339 1.18291 1.20092 1.1443 1.22946 1.32465 1.24696 1.24322 1.33138 1.3319 1.33316 1.31811 1.39352 1.4174 1.37882 1.46314 1.49203 1.54277 1.58357 1.64154 1.5403 1.55995 1.63882 1.56535 1.70178 1.69588 1.74801 1.86114 1.7546 1.82196 1.97886 
1.75484 1.79026 1.73844 1.75059 1.72379 1.66326 1.59817 1.6507 1.64977 1.59678 1.52549 1.49637 1.49491 1.46597 1.51276 1.44444 1.4436 1.42217 1.40287 1.42357 1.36077 1.33703 1.30864 1.25035 1.23913 1.25101 1.22001 1.20205 1.1406 1.18574 1.12609 1.15211 1.14475 1.12859 1.12433 1.0738 1.05604 1.05383 1.07584 1.03284 1.04142 1.04085 1.02536 1.04017 1.0157 1.01074 1.00849 1.00124 1.00002 1.00075 1.00066 1.00018 1.00622 1.00489 1.01844 1.01756 1.03239 1.02757 1.03545 1.06219 1.05167 1.03935 1.079 1.07809 1.092 1.14916 1.08563 1.16744 1.16821 1.16688 1.17124 1.17494 1.26491 1.23401 1.234 1.31473 1.33976 1.30398 1.38121 1.42965 1.38631 1.40238 1.41535 1.38099 1.53321 1.57363 1.54565 1.53371 1.52173 1.57359 1.54012 1.58778 1.60926 1.70674 1.70938 1.60448 1.65039 1.78253 1.90738 1.86504 
1.80557 1.7332 1.84354 1.77076 1.60682 1.67446 1.67341 1.60611 1.58221 1.5948 1.548 1.4811 1.49774 1.4975 1.42412 1.46078 1.36437 1.40282 1.39019 1.40976 1.31489 1.33721 1.278 1.33446 1.28262 1.269 1.20969 1.20328 1.21927 1.14724 1.15819 1.1727 1.11558 1.10424 1.06412 1.08978 1.08053 1.08191 1.05394 1.04474 1.02922 1.0258 1.02074 1.01137 1.01666 1.01264 1.01127 1.0053 0.995444 0.999422 1.00024 0.999752 0.999797 1.00694 1.00666 1.0133 1.02179 1.02214 1.03769 1.02119 1.0332 1.05911 1.04808 1.11552 1.08937 1.10633 1.12179 1.18329 1.19592 1.12553 1.21961 1.16784 1.1961 1.23617 1.26138 1.28074 1.3389 1.36525 1.30339 1.33832 1.38823 1.42834 1.41868 1.43479 1.41886 1.48985 1.54744 1.48589 1.52535 1.5185 1.64477 1.55927 1.64468 1.62478 1.70097 1.61736 1.69307 1.74878 1.73155 1.95149 
1.75997 1.86044 1.73781 1.81996 1.66387 1.66373 1.6444 1.63719 1.67184 1.56713 1.54043 1.54758 1.53412 1.53087 1.43146 1.40273 1.41894 1.34092 1.37697 1.36635 1.33041 1.30095 1.30803 1.29094 1.24363 1.1872 1.22857 1.20793 1.2004 1.15175 1.15672 1.1551 1.11543 1.12951 1.10745 1.10009 1.08215 1.06735 1.08559 1.05039 1.02856 1.02097 1.00241 1.02527 1.01619 1.00397 1.00106 1.00503 0.999598 0.999926 0.999939 1.00086 1.0056 1.01187 1.01322 1.01573 1.01448 1.03733 1.0407 1.04092 1.05418 1.07092 1.05803 1.09043 1.10816 1.06395 1.11839 1.15511 1.1334 1.15501 1.16161 1.15801 1.21514 1.23071 1.21538 1.286 1.29471 1.34056 1.36417 1.35868 1.38727 1.40593 1.39331 1.38795 1.4017 1.48806 1.42629 1.47298 1.55852 1.66345 1.62045 1.52047 1.70821 1.74113 1.64665 1.87319 1.826 1.80116 1.79694 1.8143 
1.7684 1.7094 1.76782 1.71698 1.70773 1.66841 1.63209 1.65239 1.62986 1.56839 1.58951 1.5183 1.491 1.47405 1.51303 1.4105 1.3701 1.36473 1.41746 1.37959 1.27847 1.36905 1.29937 1.27138 1.23404 1.20686 1.24772 1.16366 1.15199 1.20326 1.14346 1.15899 1.12838 1.11372 1.08644 1.06466 1.07142 1.05995 1.04421 1.04011 1.0418 1.03922 1.03002 1.01632 1.01651 1.01072 1.00281 1.00135 1.00298 1.00074 1.00036 1.00377 0.99724 1.00651 1.01039 1.00837 1.02784 1.04772 1.03537 1.04925 1.06647 1.08124 1.07802 1.08935 1.0783 1.08027 1.13845 1.12861 1.16888 1.18001 1.18368 1.21011 1.24704 1.2603 1.28486 1.29152 1.23727 1.29226 1.30533 1.35392 1.34138 1.46283 1.39391 1.42831 1.41824 1.48912 1.43436 1.42133 1.46157 1.60874 1.6424 1.5936 1.60476 1.75784 1.64648 1.80057 1.80667 1.86877 1.89953 1.80947 
1.79482 1.70616 1.72893 1.69009 1.7101 1.6743 1.62698 1.57672 1.51978 1.55106 1.4891 1.55058 1.47803 1.4567 1.45966 1.46168 1.37185 1.3925 1.35433 1.324 1.34756 1.33398 1.30858 1.2837 1.27954 1.21366 1.21074 1.21354 1.19885 1.16694 1.12843 1.14211 1.16179 1.16221 1.09669 1.06491 1.09143 1.06144 1.0508 1.0481 1.01131 1.025 1.01432 1.00963 1.00439 1.01717 0.998533 1.00273 1.00019 0.999782 1.00161 1.00081 1.00228 0.998677 1.00483 1.01252 1.03885 1.02609 1.0224 1.05036 1.06774 1.07399 1.068 1.03773 1.06233 1.11625 1.11552 1.09469 1.12749 1.14259 1.18327 1.13907 1.21666 1.19896 1.26839 1.21172 1.31184 1.25327 1.39302 1.31393 1.37749 1.38008 1.43201 1.40642 1.46358 1.51053 1.54567 1.53897 1.53582 1.60473 1.62131 1.57331 1.61811 1.71976 1.7485 1.69271 1.78004 1.87982 1.87505 1.77807 
1.82312 1.82422 1.76069 1.78979 1.77468 1.70691 1.64234 1.60684 1.57957 1.59386 1.53885 1.56685 1.42567 1.45515 1.47737 1.4708 1.48969 1.40059 1.3403 1.37755 1.36717 1.35346 1.27631 1.27914 1.29557 1.23548 1.20072 1.26788 1.22411 1.18955 1.14915 1.16029 1.16225 1.09237 1.13682 1.0937 1.08482 1.07017 1.07879 1.04631 1.04605 1.01861 1.03042 1.02837 1.0158 1.00737 0.998143 1.00378 1.00124 1.00058 1.00073 1.0037 1.00144 1.00487 1.00706 1.02318 1.01178 1.02761 1.0339 1.05007 1.04398 1.08309 1.082 1.09032 1.08675 1.11287 1.10444 1.15274 1.15096 1.20989 1.28669 1.20093 1.22142 1.17764 1.2014 1.20232 1.26356 1.28642 1.33658 1.35461 1.37822 1.36627 1.34468 1.40763 1.41988 1.50705 1.48949 1.48146 1.63659 1.58264 1.56427 1.62196 1.62914 1.67416 1.72499 1.73355 1.63065 1.75866 1.72811 1.78063 
1.74589 1.71296 1.64555 1.71768 1.72476 1.65587 1.6578 1.59911 1.60314 1.58549 1.54525 1.5642 1.4987 1.4729 1.43954 1.4249 1.47707 1.45898 1.37695 1.40354 1.34377 1.36758 1.31246 1.31117 1.22062 1.2544 1.20202 1.20706 1.2259 1.19983 1.18097 1.11846 1.08267 1.12267 1.13576 1.10556 1.06458 1.06513 1.07399 1.05429 1.03285 1.01582 1.01613 1.01514 1.02062 1.01653 1.00766 0.998849 1.00309 1.00087 0.999934 1.00064 1.00447 1.00354 1.02042 1.0157 1.01884 1.01512 1.02529 1.01831 1.04378 1.08548 1.10557 1.07797 1.10094 1.11183 1.1347 1.15278 1.13187 1.20315 1.21353 1.18178 1.24576 1.24805 1.32263 1.34267 1.30518 1.31714 1.30289 1.37419 1.356 1.40834 1.38246 1.39933 1.53479 1.53771 1.56345 1.4379 1.57466 1.6316 1.62104 1.77023 1.6578 1.63184 1.73449 1.85699 1.77739 1.80176 1.82527 1.79222 
1.74816 1.77599 1.71001 1.7477 1.68607 1.68451 1.65719 1.55225 1.63224 1.65663 1.55906 1.53134 1.5098 1.53021 1.46946 1.43916 1.49521 1.37329 1.36411 1.31343 1.39048 1.31473 1.31355 1.29551 1.27091 1.25568 1.25413 1.25765 1.18679 1.19613 1.18574 1.13281 1.15022 1.11694 1.08952 1.08539 1.07616 1.07054 1.05312 1.04799 1.03378 1.03619 1.02041 1.01248 1.01778 1.01382 1.00284 1.00051 1.00085 0.998351 1.00227 1.00231 1.00204 1.01033 1.01631 1.02437 1.03013 1.04162 1.02795 1.06747 1.04826 1.06015 1.07254 1.0918 1.10368 1.13936 1.13464 1.14423 1.16114 1.1536 1.14659 1.18119 1.20114 1.24678 1.2212 1.30921 1.31412 1.37195 1.33749 1.32815 1.35387 1.41743 1.46392 1.45652 1.48818 1.59811 1.51946 1.48572 1.5893 1.5603 1.53879 1.63792 1.71579 1.76396 1.69715 1.74135 1.74855 1.72472 1.92157 1.80544 
1.79922 1.74681 1.71808 1.65094 1.70189 1.68748 1.77965 1.69087 1.59179 1.5413 1.59049 1.53706 1.47506 1.47693 1.43434 1.3927 1.35826 1.45981 1.41235 1.34689 1.371 1.28013 1.25334 1.25412 1.26506 1.24086 1.2194 1.2087 1.20294 1.16503 1.15021 1.10643 1.13976 1.1153 1.09553 1.10495 1.09194 1.06782 1.06087 1.05036 1.03444 1.03791 1.02476 1.02268 0.999965 1.00713 1.00884 1.00615 1.00111 0.99978 1.00074 1.00148 1.00353 1.00146 1.01659 1.02406 1.01778 1.02853 1.04026 1.04138 1.04229 1.03085 1.07778 1.07011 1.07384 1.10814 1.16984 1.12733 1.13629 1.21015 1.16279 1.21374 1.20752 1.20068 1.27797 1.23123 1.29649 1.28661 1.31662 1.39024 1.43035 1.39453 1.4286 1.47775 1.4877 1.5201 1.53148 1.45145 1.51514 1.53119 1.60065 1.63683 1.55108 1.62661 1.6513 1.67953 1.93252 1.75392 1.72754 1.88467 
1.74701 1.82936 1.72106 1.76133 1.73524 1.6625 1.71099 1.61333 1.66731 1.62068 1.47311 1.51802 1.48251 1.49754 1.4196 1.42902 1.48067 1.42381 1.4008 1.3867 1.36759 1.30413 1.26246 1.28775 1.2433 1.276 1.24052 1.23561 1.15996 1.21008 1.16918 1.15289 1.09704 1.12117 1.07687 1.10132 1.07197 1.06115 1.05902 1.02477 1.04574 1.02698 1.02707 1.01376 1.02057 1.00327 1.00408 1.00166 1.00034 0.999299 0.999172 1.00214 1.00588 1.00487 0.997862 1.00716 1.01118 1.03221 1.05369 1.02588 1.03302 1.05662 1.05434 1.10018 1.05916 1.13362 1.12472 1.1269 1.18815 1.15844 1.1578 1.18251 1.21955 1.2337 1.29683 1.31156 1.30316 1.3238 1.31194 1.38018 1.39626 1.3897 1.38136 1.43268 1.4062 1.50097 1.48303 1.50078 1.63639 1.62347 1.58791 1.60402 1.63095 1.55213 1.736 1.93749 1.79312 1.74974 1.74624 1.9582 
1.75778 1.69125 1.76975 1.71284 1.75637 1.69641 1.63218 1.5683 1.64046 1.60181 1.4739 1.50566 1.53568 1.54869 1.40267 1.42001 1.37532 1.36765 1.36135 1.35905 1.34864 1.34215 1.35231 1.29907 1.22256 1.26643 1.23606 1.18371 1.21447 1.1822 1.15561 1.15864 1.14147 1.10571 1.11899 1.10686 1.06361 1.06476 1.07022 1.0578 1.04778 1.0231 1.03272 1.00508 1.00276 1.01038 1.00461 0.998353 1.00042 1.00084 1.00125 1.00294 1.00914 1.01538 1.01851 1.01235 1.02616 1.0267 1.03375 1.03765 1.07201 1.0833 1.07982 1.08644 1.08216 1.10186 1.11625 1.12529 1.1458 1.1843 1.20375 1.20786 1.18894 1.275 1.26928 1.25658 1.30461 1.3132 1.33191 1.3992 1.3749 1.45147 1.45999 1.4843 1.487 1.51674 1.49402 1.60376 1.56899 1.52516 1.56933 1.68325 1.5983 1.62043 1.71338 1.73411 1.86198 1.59975 1.82777 1.86794 
1.77479 1.90903 1.75541 1.78576 1.71846 1.69717 1.59521 1.60565 1.56807 1.62459 1.61346 1.49507 1.53194 1.46078 1.52812 1.39895 1.41902 1.41398 1.37197 1.37729 1.37026 1.3157 1.30222 1.31786 1.20871 1.24577 1.24234 1.22138 1.19054 1.17608 1.17176 1.11696 1.09822 1.08656 1.11239 1.07902 1.05517 1.06604 1.04824 1.06247 1.0513 1.02151 1.009 1.01586 1.00143 1.01302 1.00602 0.99677 0.997552 0.99966 1.0005 1.00049 1.00289 1.00547 1.01001 1.01278 1.0124 1.03309 1.0296 1.03618 1.03327 1.06568 1.05711 1.08925 1.10245 1.09672 1.12855 1.15331 1.16021 1.14241 1.21444 1.23385 1.21732 1.27094 1.23282 1.31466 1.28006 1.27882 1.34601 1.31393 1.36941 1.43984 1.36539 1.4832 1.38585 1.49725 1.40289 1.57257 1.57757 1.55927 1.729 1.58799 1.67837 1.69258 1.58192 1.79714 1.73048 1.92393 1.67794 1.7372 
1.74149 1.78707 1.70203 1.70409 1.53251 1.77244 1.7312 1.60129 1.58896 1.5838 1.59393 1.5677 1.46036 1.48663 1.4899 1.45144 1.41226 1.3858 1.37234 1.34244 1.31598 1.30645 1.2858 1.29999 1.28895 1.23918 1.21025 1.18593 1.17255 1.1789 1.17625 1.13259 1.1183 1.12748 1.10993 1.07293 1.0599 1.08207 1.05811 1.04661 1.02898 1.02835 1.043 1.02036 0.997554 1.01549 1.00189 1.00176 1.00174 1.00097 0.999258 1.00265 1.00673 1.00846 1.00823 1.01596 1.01357 1.02448 1.04481 1.05026 1.05737 1.06822 1.08271 1.08938 1.1219 1.12013 1.15055 1.17659 1.15399 1.20186 1.21533 1.18471 1.27664 1.26175 1.23506 1.30702 1.26872 1.33368 1.32919 1.36518 1.32707 1.43816 1.39404 1.46317 1.47083 1.42111 1.50142 1.55129 1.57244 1.46069 1.56664 1.42096 1.61634 1.6435 1.68032 1.72894 1.84535 1.66702 1.72915 1.76443 
1.80539 1.81097 1.73637 1.79138 1.65838 1.68422 1.61893 1.65687 1.60816 1.61111 1.48157 1.52442 1.49732 1.51234 1.46405 1.41225 1.45677 1.32787 1.35559 1.30149 1.31969 1.29442 1.29454 1.28267 1.2768 1.23677 1.20636 1.24234 1.16638 1.16187 1.17 1.15717 1.13197 1.13344 1.10469 1.09521 1.09126 1.05977 1.06513 1.04434 1.04145 1.03452 1.02803 1.0221 1.02201 1.00697 1.00367 1.0025 1.00048 1.00033 1.00111 1.002 1.00635 1.00597 1.02462 1.01811 1.01564 1.03069 1.02434 1.06364 1.0388 1.08623 1.09252 1.08439 1.06694 1.13862 1.12042 1.18201 1.15329 1.18974 1.19553 1.22361 1.24587 1.2221 1.28294 1.3179 1.25148 1.33628 1.25708 1.33271 1.38489 1.32825 1.42333 1.44954 1.47094 1.60001 1.54426 1.54921 1.45093 1.57804 1.51308 1.68468 1.54934 1.80546 1.71131 1.70801 1.7119 1.80662 1.67141 1.82896 
1.83912 1.79038 1.71483 1.74402 1.67321 1.69183 1.7 1.6392 1.61359 1.557 1.53953 1.609 1.49388 1.43904 1.47968 1.45464 1.41133 1.44762 1.32366 1.35251 1.31363 1.35502 1.28523 1.32797 1.27611 1.24001 1.21513 1.26964 1.16617 1.16609 1.17438 1.14293 1.16144 1.14776 1.11949 1.08882 1.06401 1.07453 1.03953 1.03348 1.03396 1.02753 1.01579 1.01788 1.01997 1.01363 1.00087 1.00287 1.00052 1.00011 1.00026 1.00045 1.00645 1.00617 1.01526 1.01821 1.01112 1.0269 1.04648 1.06332 1.07278 1.05582 1.10165 1.09522 1.10342 1.14045 1.10614 1.09478 1.19089 1.15543 1.19981 1.20985 1.25168 1.27034 1.24146 1.21531 1.31439 1.31299 1.37836 1.38796 1.40673 1.42281 1.42269 1.45152 1.47922 1.44757 1.50311 1.50144 1.52228 1.52009 1.70926 1.58681 1.62082 1.72346 1.72715 1.65762 1.82494 1.75172 1.78048 1.74335 
1.80852 1.77995 1.81219 1.67075 1.67718 1.63285 1.62399 1.60604 1.5339 1.68648 1.56683 1.50626 1.49612 1.42924 1.48796 1.39753 1.42802 1.36025 1.38918 1.2977 1.31297 1.3386 1.33978 1.26415 1.23692 1.22786 1.27399 1.18312 1.16951 1.14606 1.16421 1.14394 1.11201 1.09198 1.08355 1.0951 1.08991 1.05279 1.02607 1.05044 1.04581 1.01472 1.02319 1.0081 1.00467 1.0061 1.00561 1.00911 0.998259 0.999442 1.00028 1.00319 1.00231 1.0099 1.00823 1.00821 1.02749 1.03573 1.04472 1.0294 1.04922 1.06648 1.08539 1.09133 1.08541 1.12488 1.11647 1.12974 1.18037 1.16192 1.20035 1.21981 1.23039 1.20395 1.30641 1.2563 1.30704 1.37622 1.305 1.29601 1.33082 1.41683 1.39994 1.45288 1.5295 1.51687 1.5602 1.45101 1.56453 1.61715 1.62189 1.55429 1.6539 1.59164 1.65595 1.6658 1.69175 1.848 1.80181 1.92672 
1.76075 1.77023 1.77024 1.72088 1.66549 1.77343 1.62493 1.59394 1.59465 1.58884 1.55835 1.53284 1.46084 1.5105 1.51602 1.43237 1.42925 1.40609 1.38215 1.38805 1.31074 1.29085 1.34882 1.24086 1.28498 1.25861 1.23159 1.21502 1.19908 1.16961 1.14378 1.16325 1.11912 1.133 1.11317 1.1049 1.09183 1.05413 1.0498 1.03343 1.04821 1.03653 1.02085 1.01708 1.00477 1.0079 1.00723 0.999374 0.998253 1.00048 1.00024 1.00471 1.00579 1.00522 1.01767 1.01128 1.02756 1.03495 1.04002 1.02414 1.04689 1.07959 1.08367 1.06316 1.10507 1.09922 1.10424 1.16097 1.15966 1.16805 1.24017 1.22446 1.23951 1.23673 1.27165 1.25555 1.27895 1.36606 1.34407 1.35763 1.41974 1.35858 1.44745 1.42813 1.47062 1.58294 1.49342 1.56764 1.64614 1.57881 1.6151 1.58081 1.71109 1.74006 1.7905 1.66965 1.77675 1.61945 1.75074 1.82066 
1.89675 1.7477 1.74864 1.75447 1.68889 1.71753 1.64713 1.58037 1.5156 1.57369 1.49652 1.54802 1.43887 1.51677 1.43499 1.39607 1.4547 1.39538 1.36412 1.35499 1.35948 1.32788 1.27871 1.25036 1.26561 1.21977 1.17004 1.22247 1.19544 1.11033 1.16922 1.17124 1.12661 1.12037 1.06828 1.10419 1.08953 1.06351 1.06489 1.05778 1.04655 1.03434 1.02335 1.01488 1.01213 0.999826 1.00991 1.00163 0.999621 0.999435 1.00003 0.999553 1.00641 1.00458 1.00555 1.02642 1.01976 1.02275 1.05996 1.05687 1.02571 1.04519 1.0789 1.06373 1.09108 1.08736 1.10439 1.19753 1.13188 1.13707 1.18965 1.23813 1.24282 1.19991 1.28586 1.27585 1.27586 1.27277 1.38486 1.3281 1.34759 1.45912 1.5078 1.43473 1.44804 1.50736 1.55594 1.50557 1.51867 1.52425 1.59758 1.58661 1.58186 1.67725 1.66128 1.73803 1.72993 1.775 1.97297 1.67384 
1.76686 1.81207 1.81422 1.72274 1.76581 1.79686 1.6043 1.61992 1.68481 1.59441 1.57871 1.61002 1.44025 1.45089 1.49275 1.46485 1.42384 1.44279 1.39346 1.39043 1.34027 1.36166 1.31245 1.29468 1.28273 1.24655 1.20735 1.16892 1.17496 1.19758 1.14848 1.12068 1.17097 1.08729 1.09892 1.06911 1.087 1.08408 1.05086 1.05225 1.04507 1.03825 1.0196 1.01228 1.00742 1.00613 1.0062 0.999638 0.997135 1.00035 0.999294 1.00006 1.00062 1.00952 1.01411 1.00264 1.02538 1.02491 1.03326 1.03965 1.02848 1.06782 1.07313 1.08418 1.11272 1.09467 1.14773 1.16978 1.18372 1.19421 1.20525 1.19251 1.21845 1.22607 1.26291 1.31902 1.27135 1.34519 1.3032 1.38283 1.346 1.35905 1.47885 1.44773 1.41554 1.50924 1.53324 1.53584 1.49777 1.53498 1.58805 1.653 1.72132 1.67075 1.75538 1.75465 1.77576 1.78889 1.8061 1.87643 
1.87563 1.79026 1.73524 1.78577 1.71874 1.60312 1.68752 1.65357 1.60991 1.53705 1.5504 1.50785 1.5472 1.5243 1.42099 1.51196 1.45172 1.37739 1.38947 1.40286 1.3409 1.29116 1.26368 1.27043 1.23183 1.26769 1.28087 1.21943 1.17567 1.17888 1.16878 1.13579 1.12492 1.12763 1.07031 1.09777 1.06148 1.05388 1.05564 1.04962 1.04155 1.03062 1.02325 1.0232 1.01049 1.00793 1.00538 1.00242 1.0003 0.999643 1.00034 1.00441 1.0045 0.995612 1.01429 1.01712 1.00684 1.02095 1.05718 1.04107 1.04591 1.06023 1.0729 1.06228 1.11147 1.10468 1.1174 1.16431 1.13539 1.14663 1.19301 1.19433 1.25905 1.19666 1.30152 1.25094 1.31617 1.25276 1.44608 1.3075 1.43178 1.39427 1.47258 1.42573 1.42632 1.4295 1.54365 1.50606 1.59277 1.54125 1.53747 1.72289 1.55658 1.70786 1.71101 1.70351 1.77742 1.76965 1.76928 1.85948 
1.7348 1.78497 1.79701 1.6491 1.70669 1.68253 1.63611 1.58445 1.57621 1.64892 1.54796 1.48476 1.51563 1.45592 1.43605 1.43484 1.4112 1.43485 1.33975 1.37914 1.37099 1.33115 1.27043 1.29775 1.18164 1.24895 1.25164 1.16363 1.12805 1.16025 1.18307 1.14908 1.1562 1.1281 1.12163 1.10537 1.07167 1.10762 1.06072 1.06006 1.03756 1.02285 1.02115 1.02311 1.00449 1.01025 0.998357 0.998744 1.00045 0.998754 1.00033 1.00205 1.00864 1.01237 1.00578 1.01183 1.02764 1.02178 1.00971 1.0417 1.04321 1.10079 1.07132 1.0823 1.09932 1.10533 1.11863 1.18895 1.13908 1.17815 1.21683 1.24567 1.20696 1.24152 1.24757 1.2726 1.31078 1.28684 1.28846 1.35312 1.42037 1.40209 1.44146 1.53912 1.41216 1.50481 1.55818 1.44042 1.68281 1.53719 1.55874 1.60779 1.88993 1.65017 1.79361 1.69101 1.86442 1.8262 1.77928 1.80271 
1.77894 1.80102 1.7581 1.71295 1.78145 1.6644 1.67901 1.65949 1.5762 1.56274 1.52073 1.56768 1.56611 1.47559 1.4903 1.45716 1.40918 1.3787 1.34978 1.43869 1.32849 1.33273 1.28235 1.25217 1.26195 1.28161 1.22817 1.18378 1.17463 1.19456 1.14871 1.1308 1.0801 1.1424 1.12505 1.1266 1.08823 1.06491 1.07093 1.05318 1.03037 1.0319 1.03238 1.02336 1.00339 1.0192 1.0075 1.0071 1.00173 0.998105 0.99983 1.00417 1.00209 1.00201 1.00924 1.01532 1.01465 1.02942 1.04809 1.03836 1.05765 1.0587 1.06992 1.08666 1.10733 1.14344 1.15222 1.18633 1.14309 1.16344 1.19721 1.21884 1.20335 1.26908 1.27133 1.24526 1.28075 1.34973 1.25931 1.3864 1.38879 1.31267 1.4584 1.48835 1.4789 1.47194 1.48082 1.59955 1.52693 1.56879 1.63285 1.62856 1.58951 1.67676 1.76464 1.70541 1.77263 1.73628 1.78167 1.93604 
1.79749 1.82195 1.76837 1.78387 1.73362 1.67826 1.68182 1.67418 1.60639 1.59812 1.51819 1.50985 1.50415 1.50393 1.50732 1.388 1.43891 1.37031 1.37623 1.3547 1.31224 1.36693 1.30432 1.30585 1.23053 1.23603 1.23194 1.23484 1.15492 1.18808 1.17142 1.15196 1.13517 1.13318 1.08408 1.07613 1.07683 1.08592 1.04262 1.04122 1.03468 1.03336 1.01928 1.01792 1.01835 1.00445 1.00603 0.994986 1.00189 1.00089 0.999424 1.00007 1.00066 1.00302 1.01087 1.00684 1.01285 1.02818 1.04463 1.0448 1.06116 1.06745 1.07283 1.10742 1.10007 1.0877 1.13027 1.1332 1.14986 1.16058 1.20974 1.21668 1.21776 1.19915 1.27333 1.24381 1.34688 1.32825 1.33942 1.33697 1.39382 1.43745 1.45847 1.41916 1.55765 1.44848 1.44228 1.48405 1.49823 1.62973 1.66473 1.63877 1.64885 1.65148 1.66279 1.73184 1.74746 1.78596 1.74801 1.9141 
1.83933 1.71444 1.72432 1.80095 1.63169 1.66688 1.66803 1.67699 1.57128 1.57967 1.59474 1.57966 1.57404 1.4666 1.43741 1.44528 1.42648 1.40629 1.36162 1.38841 1.30378 1.29587 1.32915 1.2856 1.2654 1.23683 1.20284 1.22301 1.19128 1.18887 1.19433 1.10952 1.1032 1.08993 1.07791 1.11164 1.07807 1.04172 1.05507 1.03955 1.02215 1.02541 1.03851 1.01041 1.00505 1.00566 1.00601 1.00457 1.00076 0.999974 0.999728 1.00264 1.00711 1.00782 1.00978 1.00234 1.01477 1.02381 1.03959 1.03813 1.05388 1.05278 1.05615 1.1005 1.08858 1.1058 1.12117 1.16345 1.17001 1.15796 1.20807 1.2126 1.24171 1.22942 1.25318 1.30235 1.31203 1.3175 1.3546 1.39078 1.47177 1.40185 1.45994 1.44543 1.49909 1.49637 1.52825 1.53592 1.53491 1.62672 1.583 1.65001 1.75531 1.71099 1.65228 1.84479 1.70572 1.74454 1.77081 1.89467 
1.806 1.84676 1.8106 1.73407 1.60548 1.67723 1.72897 1.62492 1.60519 1.59254 1.59603 1.46708 1.57921 1.48572 1.46354 1.48442 1.37025 1.44623 1.36777 1.32063 1.37939 1.30321 1.23905 1.30914 1.25812 1.27085 1.2346 1.25108 1.20971 1.1262 1.18066 1.1124 1.14115 1.10368 1.08201 1.10012 1.08594 1.05211 1.04527 1.06144 1.03596 1.04023 1.02101 1.00838 1.0159 1.00271 1.00494 1.00223 0.997764 1.00076 0.999745 1.00383 1.00288 1.01081 1.01656 1.01438 0.999607 1.02158 1.03566 1.04365 1.05966 1.06121 1.05003 1.10308 1.08798 1.11286 1.10939 1.16519 1.18726 1.18772 1.22308 1.23034 1.13851 1.26043 1.21108 1.24587 1.30146 1.39722 1.30618 1.417 1.35048 1.37029 1.3779 1.44529 1.47625 1.43373 1.46143 1.4612 1.5739 1.60086 1.56565 1.6287 1.59652 1.7259 1.67799 1.82462 1.74137 1.71446 1.83163 1.72151 
1.69932 1.83355 1.72069 1.73225 1.73183 1.67603 1.60227 1.61938 1.62043 1.53676 1.58363 1.57467 1.46398 1.47288 1.46749 1.43975 1.41129 1.40531 1.41781 1.36702 1.30999 1.33626 1.31853 1.29683 1.23564 1.21509 1.23856 1.18582 1.16949 1.14561 1.19749 1.1188 1.13187 1.1102 1.08716 1.09763 1.0705 1.03798 1.05108 1.04909 1.03862 1.03555 1.01776 1.01043 1.00021 1.01547 1.00754 0.994302 1.00208 1.00062 1.00013 0.999524 1.0029 1.01001 1.00648 1.01436 1.02565 1.00704 1.02011 1.04726 1.05143 1.08048 1.06179 1.06496 1.1149 1.12487 1.12018 1.16123 1.11482 1.18177 1.16783 1.27497 1.21116 1.26196 1.29593 1.32095 1.27866 1.31977 1.31922 1.37058 1.40878 1.4145 1.44108 1.41792 1.43247 1.50169 1.61625 1.49406 1.46782 1.59896 1.57458 1.66646 1.61313 1.62636 1.74627 1.7671 1.81604 1.69588 1.81528 1.87167 
1.71488 1.74185 1.80291 1.81324 1.68177 1.69449 1.67823 1.7479 1.59638 1.58756 1.65359 1.51701 1.49898 1.50865 1.45629 1.43868 1.35774 1.39945 1.3491 1.35457 1.38237 1.30119 1.29921 1.32597 1.26446 1.26769 1.27695 1.22411 1.21313 1.17213 1.18932 1.15469 1.09187 1.10167 1.10072 1.07193 1.07843 1.0538 1.06318 1.04683 1.02562 1.02031 1.02082 1.03077 1.01044 1.00823 1.00454 1.006 0.999676 0.999623 1.00017 1.00132 1.00012 1.00917 1.00911 1.01263 1.02342 1.03605 1.04564 1.06208 1.03572 1.06998 1.07962 1.09704 1.1026 1.10914 1.12172 1.11708 1.1363 1.14854 1.12725 1.1868 1.20055 1.23243 1.20757 1.25319 1.26919 1.3012 1.37463 1.34025 1.42084 1.50481 1.44267 1.36637 1.53041 1.48854 1.4972 1.47791 1.54038 1.51993 1.59411 1.6696 1.68829 1.64078 1.72752 1.63416 1.79008 1.75726 1.90279 1.79597 
1.85734 1.84254 1.76902 1.68441 1.75673 1.66586 1.6179 1.6094 1.58074 1.54734 1.57104 1.5564 1.52283 1.42048 1.46373 1.44044 1.41257 1.41053 1.37958 1.3399 1.34521 1.2941 1.32799 1.24185 1.28617 1.28595 1.23949 1.24628 1.19669 1.17111 1.13521 1.1513 1.14664 1.12174 1.07206 1.06841 1.08316 1.09984 1.05658 1.04512 1.04953 1.0213 1.01707 1.02636 1.01223 1.01303 1.00368 0.99859 1.00276 0.999887 1.0009 1.00196 1.00517 1.00881 1.01345 1.01761 1.01416 1.02203 1.01999 1.0375 1.05216 1.07471 1.07367 1.07091 1.07719 1.12034 1.09245 1.14358 1.09293 1.15894 1.19417 1.1988 1.26385 1.27207 1.23677 1.26669 1.24884 1.35989 1.4118 1.38215 1.39534 1.39437 1.40494 1.44043 1.47592 1.51751 1.49856 1.50936 1.50321 1.55299 1.63096 1.67997 1.67554 1.6469 1.7387 1.83579 1.85285 1.85403 1.67204 1.82154 
1.85365 1.71506 1.714 1.72931 1.70596 1.62158 1.67683 1.64381 1.59425 1.55194 1.59938 1.50764 1.52965 1.54239 1.48119 1.50911 1.42522 1.38903 1.39698 1.36348 1.31607 1.32327 1.28503 1.28629 1.27262 1.2126 1.22837 1.21206 1.23687 1.19182 1.14431 1.17297 1.11036 1.0755 1.11323 1.07884 1.0707 1.10035 1.04561 1.03632 1.03301 1.03872 1.04538 1.03068 1.01226 1.00979 1.00607 1.00911 0.998492 1.00099 1.00095 1.00227 1.00083 1.01861 1.00376 1.02066 1.02193 1.03848 1.04595 1.03088 1.05062 1.05268 1.06096 1.11549 1.08701 1.12473 1.06072 1.13889 1.13064 1.13821 1.12455 1.20064 1.19853 1.23044 1.2461 1.31388 1.2727 1.36711 1.3171 1.37644 1.34122 1.37575 1.33096 1.43372 1.52697 1.53933 1.45263 1.6496 1.59302 1.55917 1.56474 1.60815 1.54891 1.63346 1.87652 1.6418 1.7999 1.78099 1.83615 1.78096 
1.82812 1.74078 1.74963 1.68783 1.68973 1.74949 1.51821 1.69524 1.73722 1.57024 1.50993 1.52268 1.51724 1.47329 1.46269 1.43665 1.47546 1.40199 1.3762 1.36376 1.38796 1.33937 1.2586 1.25829 1.24428 1.27474 1.24162 1.22298 1.20088 1.14596 1.17108 1.12661 1.14048 1.1389 1.07893 1.06437 1.05551 1.05553 1.08549 1.04086 1.03344 1.0397 1.02501 1.01168 1.02008 1.00863 0.995951 1.00197 0.99959 0.999711 0.999533 0.999525 1.00661 1.00617 1.01421 1.01899 1.03406 1.02422 1.02809 1.03857 1.03584 1.05148 1.0697 1.10494 1.1248 1.11267 1.09668 1.10527 1.16875 1.20676 1.21178 1.21103 1.28046 1.21832 1.21322 1.24278 1.2749 1.35694 1.32078 1.37029 1.37064 1.42164 1.39094 1.35277 1.38477 1.49936 1.4895 1.52647 1.44632 1.53646 1.62914 1.62516 1.72806 1.71237 1.74748 1.76556 1.72331 1.76938 1.7813 1.82352 
1.78945 1.70403 1.7102 1.69971 1.6925 1.63641 1.60962 1.60931 1.58191 1.54038 1.61986 1.58376 1.5147 1.49115 1.44803 1.43854 1.44429 1.37889 1.34407 1.31501 1.29667 1.30489 1.31201 1.30891 1.21602 1.24981 1.24349 1.20786 1.21971 1.17447 1.16406 1.1382 1.11691 1.10141 1.11807 1.09805 1.06498 1.07926 1.06323 1.04663 1.04327 1.03889 1.02162 1.01654 1.00922 1.00651 0.995072 1.00032 1.00056 1.00013 1.0005 1.00212 1.00423 1.00894 1.00703 1.01879 1.01452 1.03437 1.04415 1.02436 1.04243 1.06692 1.07161 1.07773 1.11007 1.11639 1.11268 1.12307 1.13624 1.17176 1.16878 1.22647 1.23716 1.24069 1.22885 1.30112 1.33014 1.36576 1.32925 1.3733 1.38848 1.38956 1.46563 1.53662 1.38947 1.40613 1.52277 1.59604 1.60037 1.57089 1.63701 1.49505 1.63288 1.67416 1.78269 1.72862 1.75953 1.75422 1.77251 1.82376 
1.82401 1.79317 1.80459 1.66878 1.6664 1.70189 1.6841 1.62189 1.61318 1.56354 1.54378 1.57014 1.44532 1.47466 1.46898 1.4374 1.49384 1.47914 1.38265 1.35164 1.36626 1.30692 1.29137 1.3072 1.28246 1.24517 1.241 1.1926 1.17803 1.17587 1.1614 1.15331 1.11595 1.12665 1.11857 1.08355 1.09923 1.05648 1.0507 1.04368 1.02678 1.02114 1.02902 1.03005 1.02358 1.00752 1.00071 1.0072 1.00163 1.00037 0.999369 1.00501 1.00162 1.00299 1.00893 1.00668 1.01371 1.01278 1.03621 1.04365 1.06135 1.09394 1.07146 1.06382 1.11734 1.12569 1.17749 1.13903 1.17298 1.14197 1.20429 1.21113 1.17592 1.22358 1.28405 1.28981 1.28546 1.34141 1.30659 1.34762 1.36648 1.39436 1.45508 1.46719 1.39152 1.42657 1.53859 1.53178 1.53197 1.57156 1.646 1.59347 1.56314 1.74078 1.60375 1.75385 1.70958 1.77749 1.87107 2.02397 
1.80203 1.73546 1.75159 1.72651 1.6418 1.7165 1.58359 1.63889 1.63239 1.54024 1.49555 1.58073 1.50553 1.48759 1.5291 1.41218 1.41746 1.37674 1.40194 1.33764 1.31514 1.2741 1.33568 1.34589 1.21517 1.24459 1.22296 1.24316 1.2335 1.17336 1.17254 1.16063 1.13804 1.1361 1.08895 1.06946 1.09258 1.09059 1.05933 1.0411 1.02927 1.03799 1.02272 1.01875 1.00976 1.00131 1.00599 0.993235 1.00239 1.00006 1.00105 1.00163 1.00691 1.02568 1.01457 1.01884 1.02812 1.0319 1.05452 1.04626 1.05689 1.07202 1.09412 1.08103 1.09503 1.10781 1.17561 1.11541 1.17121 1.19117 1.19521 1.21713 1.24191 1.26697 1.32131 1.25032 1.24763 1.27187 1.37913 1.39134 1.405 1.33995 1.3678 1.4484 1.42298 1.50487 1.48792 1.55453 1.49025 1.58136 1.63861 1.70092 1.6707 1.80656 1.66173 1.80755 1.85525 1.8346 1.84819 1.88942 
1.75634 1.72136 1.73714 1.70493 1.75067 1.68368 1.63473 1.66727 1.58583 1.5783 1.59286 1.49489 1.55288 1.48243 1.47124 1.41277 1.42203 1.38329 1.37342 1.32286 1.3272 1.29926 1.29531 1.26546 1.21282 1.24298 1.25087 1.22541 1.15243 1.16594 1.18268 1.11609 1.13471 1.0937 1.09323 1.10703 1.07739 1.09369 1.04639 1.04494 1.04933 1.04044 1.03424 1.02529 1.02002 1.00135 1.00453 1.003 1.00248 1.00035 1.00071 1.00202 0.999729 1.00888 1.01411 1.00589 1.00723 1.03094 1.02639 1.05309 1.03549 1.05289 1.08698 1.10656 1.07742 1.10905 1.1611 1.15744 1.15349 1.15052 1.1693 1.22767 1.19221 1.22923 1.28177 1.30697 1.28944 1.30794 1.35492 1.31826 1.34461 1.38797 1.38321 1.54082 1.45269 1.44823 1.48116 1.52056 1.58515 1.66056 1.55953 1.58738 1.60589 1.63325 1.72894 1.84732 1.71928 1.71234 1.86164 1.92851 
1.81421 1.83475 1.7244 1.6786 1.65452 1.71208 1.64485 1.65056 1.55085 1.61523 1.5152 1.55707 1.49566 1.46634 1.44078 1.50765 1.43731 1.43375 1.38409 1.36555 1.36536 1.29215 1.34432 1.24956 1.25582 1.22667 1.23053 1.20092 1.19694 1.18219 1.14419 1.12041 1.15575 1.10481 1.1139 1.07532 1.07426 1.05554 1.05451 1.05108 1.04002 1.01811 1.02071 1.01507 1.01669 1.01483 1.00623 1.00439 1.00151 1.00066 1.00094 1.00034 1.009 1.00462 1.00237 1.01627 1.0209 1.0246 1.0363 1.0295 1.05008 1.05737 1.04723 1.09488 1.1247 1.1267 1.14317 1.14364 1.12255 1.14244 1.16038 1.19806 1.18066 1.26521 1.2687 1.27882 1.26783 1.30978 1.37373 1.3818 1.39648 1.38904 1.33038 1.31683 1.52951 1.50031 1.58168 1.50163 1.63625 1.62366 1.51537 1.64998 1.63273 1.67953 1.76123 1.75441 1.83413 1.79794 1.74163 1.76796 
1.82219 1.77392 1.75177 1.70884 1.78991 1.74074 1.64084 1.65656 1.64044 1.59731 1.63549 1.5616 1.49748 1.55739 1.39335 1.4423 1.36291 1.37568 1.42126 1.34332 1.35914 1.27817 1.31382 1.26564 1.24583 1.23455 1.21432 1.2087 1.15725 1.16513 1.16387 1.13308 1.1153 1.14052 1.10899 1.05872 1.10788 1.07647 1.06658 1.05899 1.04911 1.02384 1.02417 1.01904 1.00475 1.01625 1.00992 1.00406 1.00154 1.00029 1.00059 1.00344 1.00512 1.00568 1.0119 1.00406 1.01906 1.02784 1.02677 1.03636 1.0561 1.06573 1.07285 1.09187 1.12039 1.11035 1.13039 1.13388 1.16596 1.18979 1.22793 1.25401 1.238 1.27669 1.22461 1.25511 1.33792 1.3559 1.35557 1.39057 1.35581 1.3488 1.39834 1.43933 1.46481 1.52607 1.48406 1.47979 1.457 1.66633 1.59308 1.66311 1.70293 1.68384 1.6655 1.85896 1.71792 1.66976 1.91195 1.8002 
1.80596 1.62342 1.73145 1.81353 1.64774 1.66313 1.6195 1.64948 1.64989 1.56519 1.63213 1.48994 1.51662 1.48187 1.48025 1.45785 1.44883 1.36214 1.39813 1.40934 1.28938 1.3388 1.25445 1.22742 1.26556 1.24275 1.22766 1.18338 1.19526 1.18717 1.18279 1.12353 1.14599 1.12524 1.10891 1.08059 1.06348 1.0646 1.05847 1.03749 1.02419 1.0314 1.02647 1.03008 1.01112 1.00794 1.00665 1.00441 1.00134 1.0002 1.00045 1.00145 1.00241 1.00659 1.01163 1.01798 1.03114 1.00709 1.04825 1.04832 1.07408 1.06259 1.06369 1.08753 1.09957 1.12012 1.13407 1.1678 1.18396 1.20363 1.13784 1.1642 1.23968 1.19978 1.32453 1.24165 1.28323 1.32181 1.32446 1.38197 1.42169 1.34587 1.37265 1.463 1.45498 1.44878 1.45513 1.48829 1.52023 1.5243 1.59034 1.58934 1.70309 1.66125 1.63466 1.65494 1.65335 1.86558 1.79327 1.87448 
1.86823 1.81725 1.69887 1.76847 1.68912 1.63358 1.67354 1.5338 1.58474 1.59946 1.5039 1.48015 1.47377 1.52728 1.52799 1.44683 1.44928 1.37679 1.43301 1.30032 1.36756 1.38366 1.31598 1.29272 1.24739 1.21775 1.19961 1.23296 1.16049 1.18144 1.12768 1.12846 1.13527 1.11566 1.11542 1.1017 1.09532 1.05218 1.0611 1.06801 1.04132 1.04054 1.02412 1.0125 1.01625 1.00162 1.00476 1.00657 1.00035 0.999561 1.00048 1.00265 1.00217 1.00734 0.993772 1.01521 1.01682 1.03134 1.03893 1.03802 1.07159 1.06044 1.05564 1.08652 1.08866 1.11528 1.13292 1.09658 1.16133 1.20597 1.14843 1.20764 1.20429 1.25377 1.30707 1.29009 1.29728 1.37128 1.36056 1.35648 1.42869 1.49339 1.48238 1.392 1.48653 1.55724 1.57847 1.56629 1.59394 1.60748 1.59941 1.56329 1.61225 1.70535 1.62746 1.78598 1.74298 1.7607 1.76763 1.87276 
1.73527 1.74158 1.74503 1.73002 1.69298 1.57658 1.63179 1.52681 1.57245 1.55858 1.56647 1.61938 1.41752 1.6024 1.44895 1.44717 1.43014 1.42584 1.33874 1.34583 1.36148 1.3606 1.30654 1.30461 1.19822 1.23122 1.24848 1.20148 1.15338 1.14793 1.19364 1.15139 1.12782 1.10057 1.12831 1.11409 1.08501 1.05235 1.06807 1.05024 1.04818 1.02713 1.01087 1.02661 1.00375 1.00684 1.00061 0.997875 0.999345 1.00008 1.00096 1.00153 1.00397 1.003 1.0182 1.01758 1.02734 1.02732 1.03426 1.03041 1.04114 1.04768 1.07654 1.09992 1.09029 1.11271 1.16184 1.13347 1.13055 1.16538 1.15748 1.19378 1.21783 1.25392 1.25607 1.25129 1.28507 1.27382 1.30253 1.39366 1.39948 1.41859 1.40872 1.52773 1.56296 1.49358 1.52665 1.56144 1.52355 1.56195 1.58697 1.5577 1.62764 1.52436 1.65344 1.68092 1.6875 1.76904 1.80869 1.84922 
1.83103 1.68443 1.70136 1.71943 1.67685 1.69111 1.63051 1.65365 1.59367 1.60535 1.58629 1.46241 1.51473 1.44711 1.47788 1.38812 1.4451 1.40516 1.34683 1.33676 1.37423 1.33575 1.3044 1.29432 1.21729 1.2414 1.22419 1.23962 1.20094 1.15155 1.17756 1.16328 1.14591 1.08321 1.11526 1.09765 1.0684 1.07132 1.05614 1.04524 1.0533 1.03791 1.02089 1.02549 1.02438 1.00195 1.00316 1.00131 0.997602 0.999513 0.999842 1.00469 1.00219 1.00806 1.02012 1.01087 1.01073 1.02314 1.01494 1.04887 1.03445 1.06994 1.05279 1.11714 1.0835 1.15689 1.1179 1.12015 1.1389 1.15138 1.24476 1.20249 1.24027 1.24514 1.275 1.26237 1.26562 1.34008 1.32687 1.33009 1.38676 1.33867 1.48958 1.48291 1.43953 1.51636 1.48814 1.62544 1.51745 1.61275 1.5739 1.64188 1.69196 1.70476 1.71187 1.81702 1.82702 1.71353 1.82062 1.78168 
1.82972 1.8255 1.75754 1.67667 1.64709 1.62872 1.63858 1.66949 1.64009 1.55311 1.55477 1.56684 1.54967 1.45629 1.42804 1.43343 1.38258 1.40785 1.3257 1.39253 1.37093 1.28719 1.31725 1.30676 1.29895 1.24479 1.19332 1.20752 1.17706 1.19214 1.16995 1.19587 1.13785 1.10837 1.10346 1.07571 1.09127 1.05769 1.04291 1.03755 1.04489 1.02435 1.01988 1.01678 1.01582 1.01326 1.00107 1.00419 1.00401 0.999498 0.999393 1.00242 0.999355 1.00707 1.00994 1.02957 1.01712 1.04126 1.05074 1.02619 1.07392 1.06299 1.1173 1.10719 1.12025 1.13184 1.10951 1.15174 1.1828 1.20122 1.25777 1.1318 1.19919 1.18976 1.27425 1.28257 1.32115 1.28313 1.33475 1.39406 1.47034 1.36522 1.373 1.42824 1.48014 1.51356 1.57814 1.61973 1.52136 1.60767 1.57003 1.51956 1.54177 1.67862 1.72935 1.72018 1.68067 1.85823 1.86244 1.8526 
1.83616 1.78268 1.79281 1.69829 1.69857 1.67347 1.66102 1.65583 1.55886 1.56251 1.54842 1.52321 1.4452 1.50474 1.47347 1.4435 1.4429 1.40574 1.34851 1.35361 1.32839 1.32696 1.28461 1.29618 1.2685 1.25311 1.18388 1.15998 1.18777 1.19185 1.1407 1.15882 1.12178 1.12464 1.10646 1.09996 1.03705 1.08035 1.04696 1.00815 1.03572 1.0319 1.02371 1.02415 1.01009 1.01026 1.00256 1.00248 1.00055 0.999981 1.00039 1.00135 1.00563 1.0078 1.01246 1.01946 1.02636 1.03866 1.03897 1.04685 1.05236 1.10617 1.05663 1.10944 1.08574 1.10331 1.10841 1.14717 1.12284 1.13909 1.18908 1.15885 1.23803 1.19897 1.21868 1.27028 1.36906 1.30296 1.31648 1.31658 1.38932 1.45984 1.39918 1.43095 1.41073 1.51701 1.43145 1.6038 1.57495 1.56201 1.64531 1.68702 1.577 1.67155 1.75485 1.71104 1.93586 1.67305 1.68819 1.73375 
1.85012 1.792 1.85562 1.77228 1.72585 1.59636 1.66427 1.62697 1.62997 1.61544 1.5478 1.567 1.52817 1.4555 1.54091 1.45316 1.45907 1.40645 1.34201 1.35043 1.34267 1.2978 1.21728 1.25821 1.2228 1.29228 1.25332 1.22727 1.19878 1.16515 1.15389 1.12386 1.16754 1.13203 1.1076 1.08532 1.09951 1.06988 1.05239 1.03216 1.04637 1.04164 1.00641 1.01225 1.00833 1.00494 1.00096 0.99983 0.998758 1.00054 1.00016 1.00238 1.00175 1.00564 1.01441 1.01259 1.00834 1.03827 1.04382 1.0679 1.04809 1.07982 1.08342 1.08175 1.09277 1.09122 1.13806 1.14038 1.12574 1.14507 1.15215 1.28006 1.21261 1.22155 1.23948 1.27464 1.33002 1.25646 1.40361 1.37461 1.3627 1.37744 1.46474 1.42436 1.47353 1.43529 1.6346 1.54866 1.63212 1.57904 1.69527 1.74879 1.62893 1.75155 1.67095 1.74271 1.58564 1.74939 1.69903 1.83763 
1.78551 1.79105 1.7215 1.67949 1.76463 1.70554 1.67114 1.63259 1.50378 1.69964 1.60919 1.55188 1.47058 1.48839 1.43933 1.50769 1.48612 1.38808 1.44692 1.31941 1.37515 1.22297 1.24561 1.25947 1.28118 1.24268 1.1939 1.23653 1.19373 1.21413 1.15985 1.13157 1.14281 1.12804 1.13459 1.08134 1.06048 1.06443 1.0606 1.04068 1.05478 1.04782 1.03497 1.02001 1.00635 0.998167 1.0102 1.00276 1.0024 0.999658 1.00089 1.00093 1.00608 1.00978 1.00525 1.02978 1.00431 1.01789 1.03787 1.04951 1.06138 1.06481 1.05981 1.09286 1.11214 1.14404 1.12278 1.15887 1.14978 1.18188 1.16254 1.20934 1.20753 1.25299 1.23397 1.30165 1.31609 1.27311 1.28836 1.39428 1.40746 1.40147 1.50976 1.43135 1.53868 1.54519 1.45927 1.51304 1.56443 1.48185 1.59971 1.70092 1.64609 1.7526 1.74517 1.80032 1.79313 1.77806 1.89714 1.9167 
1.76725 1.80256 1.65756 1.739 1.67705 1.67807 1.67807 1.6215 1.59161 1.52918 1.56009 1.51726 1.54458 1.45938 1.53488 1.42893 1.44628 1.38008 1.37185 1.36995 1.34124 1.3084 1.27767 1.26688 1.26546 1.23454 1.22489 1.18418 1.17986 1.19271 1.14145 1.12967 1.11053 1.11631 1.09311 1.08714 1.10432 1.05221 1.05599 1.05014 1.03297 1.03552 1.02739 1.02202 1.0104 1.0065 1.00063 1.00515 0.998867 1.00028 1.0006 0.998597 1.00774 1.00872 1.00637 1.01086 1.01954 1.03741 1.03656 1.0239 1.05452 1.06285 1.05255 1.06335 1.08138 1.09321 1.14882 1.15183 1.16603 1.1669 1.18686 1.2133 1.20465 1.25178 1.26931 1.28271 1.27905 1.32374 1.31329 1.34934 1.37087 1.34613 1.39401 1.4041 1.43632 1.48111 1.54132 1.57794 1.5545 1.67342 1.69469 1.52657 1.56905 1.72018 1.76013 1.80441 1.75376 1.81535 1.8905 1.84352 
1.81257 1.75487 1.8549 1.72739 1.75285 1.69355 1.66705 1.63988 1.61663 1.53875 1.59693 1.54391 1.52466 1.52203 1.51909 1.44134 1.42394 1.45373 1.40776 1.3619 1.38763 1.24767 1.29867 1.24574 1.23401 1.24646 1.21265 1.24575 1.1755 1.18781 1.1574 1.16363 1.15813 1.11121 1.09165 1.10579 1.07682 1.06315 1.04396 1.05668 1.03727 1.03034 1.02311 1.0103 1.01539 0.998632 0.997726 0.999794 1.00061 0.999442 1.00032 1.00068 1.00102 1.00382 1.01573 1.0186 1.02959 1.01153 1.03547 1.05198 1.0335 1.06638 1.09757 1.09448 1.09778 1.12283 1.13765 1.15686 1.1537 1.22005 1.19991 1.24007 1.21627 1.27771 1.24661 1.22519 1.35036 1.35293 1.33682 1.3462 1.3883 1.39406 1.3521 1.44779 1.48968 1.52055 1.49231 1.46475 1.59481 1.64694 1.48994 1.63346 1.67453 1.81226 1.7063 1.62376 1.79851 1.78431 1.85324 1.77311 
1.85042 1.87788 1.74135 1.79946 1.69006 1.69305 1.66694 1.63026 1.64808 1.58227 1.53333 1.5163 1.52238 1.52605 1.39977 1.41924 1.40379 1.41994 1.31616 1.41227 1.30521 1.34405 1.29627 1.23622 1.25103 1.22605 1.23003 1.19968 1.19899 1.19549 1.16495 1.13742 1.11528 1.12953 1.10051 1.06883 1.09292 1.03884 1.06357 1.04137 1.03785 1.03029 1.03041 1.0213 1.02416 1.01295 1.00271 0.999392 0.998542 0.999839 0.999831 0.999741 1.00231 1.00168 1.00568 1.01594 1.03349 1.03772 1.02878 1.03426 1.08357 1.06631 1.1027 1.07873 1.13612 1.10154 1.13745 1.17994 1.16161 1.1424 1.23483 1.23233 1.19517 1.2319 1.31998 1.27709 1.31926 1.32764 1.38192 1.32111 1.36097 1.44661 1.33487 1.36883 1.45591 1.43592 1.49661 1.46765 1.56845 1.61041 1.62881 1.58795 1.65389 1.60979 1.6727 1.68572 1.74802 1.77954 1.72451 1.93382 
1.81078 1.81367 1.7383 1.73936 1.64735 1.67427 1.68715 1.55723 1.53878 1.54003 1.5581 1.51722 1.43756 1.50608 1.52464 1.47274 1.35629 1.44058 1.38652 1.40261 1.37906 1.30875 1.33721 1.30497 1.27482 1.21634 1.23342 1.19228 1.22339 1.15543 1.17544 1.15906 1.13732 1.1477 1.12817 1.11178 1.08642 1.04946 1.05975 1.0364 1.03481 1.02264 1.01921 1.02242 1.01694 1.00372 1.00474 0.998899 0.999575 0.999844 1.00036 1.00531 1.00651 1.00066 1.01767 1.01427 1.02929 1.00432 1.04475 1.04904 1.06634 1.0468 1.06251 1.09924 1.11402 1.12465 1.12339 1.12773 1.11833 1.14808 1.24551 1.17228 1.20076 1.19477 1.30206 1.25543 1.29469 1.37724 1.33597 1.3856 1.39568 1.39294 1.49486 1.41009 1.39532 1.44805 1.43146 1.56133 1.56175 1.58943 1.58667 1.55467 1.67353 1.56615 1.70877 1.69996 1.91599 1.82078 1.84209 1.81506 
1.86346 1.91959 1.81195 1.69638 1.72962 1.66458 1.5993 1.64131 1.53257 1.57092 1.61285 1.55318 1.48893 1.5589 1.46355 1.4703 1.37921 1.37593 1.39275 1.36245 1.31685 1.32282 1.33435 1.26265 1.26545 1.21821 1.19928 1.25658 1.15471 1.17702 1.15242 1.10517 1.1286 1.09788 1.08477 1.07513 1.05805 1.07817 1.07459 1.05208 1.01689 1.0353 1.01771 1.02463 1.02065 1.0111 1.00692 1.001 1.00318 0.999039 0.999767 1.00119 1.00249 1.00649 1.0056 1.01398 1.02297 1.03084 1.00779 1.04248 1.06459 1.09557 1.04753 1.0409 1.08928 1.10466 1.1085 1.11905 1.14966 1.14454 1.20374 1.20826 1.25875 1.26306 1.33131 1.26115 1.23567 1.32949 1.30133 1.38456 1.29329 1.35563 1.40304 1.43753 1.48754 1.48228 1.41833 1.53873 1.64835 1.67941 1.61137 1.62981 1.65808 1.68703 1.60407 1.83193 1.71433 1.79363 1.73176 1.93588 
1.79457 1.83794 1.79018 1.66757 1.72136 1.71161 1.66314 1.63135 1.58349 1.59737 1.60721 1.45333 1.49535 1.52425 1.54032 1.46421 1.37783 1.3334 1.37929 1.33159 1.32775 1.35547 1.25224 1.31034 1.22181 1.25568 1.2429 1.22772 1.18618 1.16278 1.14412 1.13356 1.11878 1.11192 1.05877 1.08425 1.08439 1.06164 1.06602 1.03908 1.04361 1.04067 1.01862 1.01934 1.00574 1.01112 1.00267 1.00149 1.00009 0.998975 0.999434 1.00175 1.00097 1.00383 1.01225 1.02571 1.01297 1.0184 1.05211 1.0578 1.05905 1.07868 1.0905 1.07518 1.07162 1.10102 1.13538 1.10118 1.18924 1.13601 1.17017 1.23308 1.22779 1.21145 1.19127 1.24363 1.34887 1.27617 1.35169 1.30325 1.29578 1.4123 1.32735 1.49187 1.47778 1.45356 1.4967 1.52791 1.48356 1.53456 1.67404 1.66892 1.73252 1.76063 1.64861 1.67946 1.8296 1.7996 1.83675 1.898 
1.8003 1.76305 1.70197 1.73294 1.65253 1.73121 1.67732 1.59411 1.64752 1.61203 1.54755 1.59909 1.47509 1.50538 1.42111 1.37807 1.42512 1.39718 1.40115 1.31862 1.36307 1.34071 1.26487 1.27001 1.2447 1.24945 1.21334 1.21033 1.20199 1.16505 1.15438 1.13239 1.14409 1.07318 1.07933 1.12019 1.07204 1.05983 1.06465 1.04057 1.05545 1.03039 1.03785 1.02307 1.01049 1.0066 1.00328 1.00326 0.998782 0.999327 0.999931 1.00391 1.0127 1.01056 1.00751 1.01427 1.00987 1.03926 1.04324 1.028 1.05345 1.05881 1.0742 1.10166 1.15538 1.09733 1.12316 1.15899 1.18947 1.19905 1.18257 1.23609 1.24567 1.31031 1.30187 1.24321 1.34932 1.32058 1.31696 1.38513 1.41156 1.35932 1.36426 1.4404 1.48008 1.51279 1.57725 1.54221 1.61169 1.62903 1.59864 1.57674 1.69039 1.55884 1.6845 1.71738 1.70315 1.86421 1.81654 1.86212 
1.77847 1.75741 1.68092 1.66517 1.67623 1.63855 1.60849 1.62119 1.60162 1.59392 1.54439 1.46774 1.5162 1.48705 1.50685 1.45028 1.40738 1.38696 1.43164 1.30847 1.31723 1.33651 1.32487 1.27122 1.23785 1.20937 1.18014 1.17197 1.1607 1.19587 1.13727 1.12131 1.14361 1.1137 1.13918 1.09777 1.08544 1.05228 1.04868 1.04717 1.05213 1.03573 1.03161 1.01665 1.01361 1.01677 1.00464 0.99904 1.00199 1.00034 1.0003 1.00165 1.00707 1.00656 1.00857 1.00842 1.01325 1.01685 1.04369 1.0622 1.05946 1.05547 1.05592 1.07067 1.0704 1.10962 1.15946 1.17048 1.15575 1.13656 1.18072 1.18219 1.28689 1.18273 1.22383 1.21226 1.33081 1.31628 1.33242 1.37158 1.38471 1.4053 1.37895 1.4962 1.5185 1.42233 1.52972 1.52156 1.55307 1.54717 1.63694 1.5935 1.67061 1.64208 1.59563 1.76375 1.7456 1.83132 1.73678 1.93144 
1.78227 1.74786 1.78243 1.68777 1.56628 1.66347 1.65585 1.6065 1.60689 1.5788 1.50943 1.51693 1.48143 1.49455 1.52338 1.5201 1.3871 1.44244 1.38096 1.39195 1.3957 1.27028 1.3102 1.29905 1.26892 1.23757 1.21266 1.23039 1.16019 1.14683 1.16702 1.16065 1.14175 1.06609 1.10052 1.09345 1.07763 1.06207 1.06665 1.06688 1.05151 1.03713 1.02674 1.01444 1.0068 1.00631 1.00269 1.00485 0.99958 0.999588 1.00086 0.997994 1.00447 1.01202 1.01364 1.0136 1.0092 1.03025 1.02565 1.05072 1.03185 1.09229 1.06639 1.06272 1.09494 1.14426 1.11391 1.11176 1.1593 1.1653 1.1864 1.21712 1.22697 1.24283 1.29755 1.24735 1.27791 1.30213 1.31838 1.40999 1.35688 1.36513 1.4102 1.45276 1.55508 1.53248 1.49128 1.57635 1.63251 1.55538 1.59354 1.6225 1.65219 1.69054 1.67716 1.76983 1.8025 1.68779 1.79678 1.7799 
1.79782 1.8306 1.65807 1.75278 1.78644 1.7029 1.66738 1.57703 1.55542 1.60775 1.58577 1.50109 1.50057 1.47191 1.44106 1.48006 1.38911 1.36448 1.43014 1.41411 1.4086 1.34769 1.31011 1.26165 1.29093 1.26801 1.24097 1.20783 1.14719 1.16663 1.19746 1.18358 1.15876 1.10854 1.07587 1.10924 1.07794 1.06926 1.05598 1.04899 1.0296 1.02763 1.03605 1.02506 1.01608 1.01302 1.0044 0.998669 1.0015 1.00043 0.999297 1.00114 1.00973 1.00264 1.00862 1.02721 1.01861 1.0297 1.03009 1.05685 1.06673 1.0897 1.08862 1.09827 1.06343 1.12691 1.11544 1.15794 1.16657 1.11454 1.18776 1.18349 1.18816 1.25165 1.25216 1.27244 1.26461 1.38393 1.29888 1.46027 1.38311 1.44774 1.46623 1.41097 1.46753 1.54462 1.5081 1.48512 1.54152 1.55435 1.65685 1.62694 1.6145 1.59833 1.67722 1.69507 1.81295 1.66967 1.83202 1.84949 
1.79729 1.76945 1.78141 1.80937 1.67012 1.66863 1.59645 1.60798 1.61227 1.57993 1.59482 1.53044 1.41134 1.51429 1.50146 1.41914 1.45891 1.40115 1.38449 1.34738 1.32466 1.31803 1.27876 1.3237 1.2601 1.25573 1.28924 1.21536 1.20966 1.18745 1.13064 1.11458 1.14663 1.09059 1.10584 1.10917 1.06961 1.05714 1.04902 1.04488 1.04603 1.03627 1.03754 1.03112 1.01306 1.00398 1.00331 0.999962 0.999326 1.00029 1.00071 0.999651 1.00163 1.00892 1.00142 1.02154 1.01858 1.03601 1.03727 1.05107 1.03042 1.06018 1.07472 1.05423 1.11554 1.09029 1.15015 1.13641 1.18275 1.18064 1.17329 1.17186 1.22549 1.23473 1.2734 1.30514 1.22143 1.32945 1.3106 1.3759 1.42546 1.40464 1.43109 1.44087 1.55915 1.45814 1.54021 1.60635 1.60893 1.49732 1.64014 1.6213 1.70485 1.63713 1.68724 1.74041 1.70437 1.87095 1.76566 1.87083 
1.75008 1.68199 1.79141 1.81139 1.76031 1.70236 1.66871 1.61614 1.63417 1.58791 1.55537 1.55537 1.49353 1.46899 1.51359 1.44729 1.41793 1.40534 1.38896 1.32302 1.34581 1.35852 1.3081 1.25908 1.26529 1.24008 1.25802 1.2169 1.17593 1.14363 1.20241 1.11281 1.14591 1.13087 1.09068 1.0835 1.06897 1.06275 1.03188 1.04488 1.04312 1.01754 1.02027 1.02555 1.00815 1.00688 1.00183 1.00226 1.00203 1.0003 1.00079 1.00195 0.99937 1.00164 1.00447 1.01072 1.02038 1.03097 1.03423 1.05772 1.06069 1.08758 1.05023 1.08757 1.12335 1.14129 1.09887 1.16299 1.13707 1.13206 1.23466 1.2012 1.20109 1.26198 1.27875 1.24471 1.34488 1.30846 1.31246 1.33886 1.34572 1.40704 1.41931 1.45274 1.51515 1.5096 1.52024 1.55542 1.57002 1.52563 1.58703 1.63264 1.65795 1.68365 1.68295 1.71513 1.86335 1.73487 1.83325 1.86221 
1.83155 1.78248 1.73722 1.76756 1.69437 1.70977 1.65227 1.62945 1.59918 1.57787 1.52384 1.53253 1.52488 1.43714 1.54039 1.4535 1.43755 1.41347 1.4201 1.37836 1.3484 1.31201 1.30365 1.29488 1.2513 1.28578 1.17397 1.16551 1.16925 1.1885 1.14637 1.15159 1.13077 1.09813 1.0672 1.08839 1.0691 1.04205 1.07828 1.07005 1.04196 1.03505 1.0178 1.00969 1.00993 1.01121 1.00651 1.00136 1.00155 1.00029 0.998244 1.00504 1.00415 1.00472 1.01326 1.01593 1.02606 1.02337 1.03194 1.04888 1.04668 1.08297 1.07477 1.07387 1.11063 1.1316 1.16686 1.14401 1.19046 1.14516 1.17585 1.16275 1.23098 1.25298 1.28295 1.23826 1.26934 1.29049 1.29171 1.33744 1.43064 1.38663 1.45735 1.33621 1.49675 1.41734 1.44256 1.48732 1.54701 1.63487 1.58374 1.70973 1.63895 1.73843 1.7412 1.79721 1.69308 1.67022 1.73979 1.70564 
1.77631 1.72527 1.71041 1.75654 1.68013 1.65421 1.6452 1.63092 1.57519 1.64325 1.56978 1.55661 1.52961 1.45001 1.5476 1.45916 1.4563 1.43604 1.39332 1.33438 1.29836 1.30491 1.26996 1.30336 1.34361 1.23895 1.25025 1.17997 1.18472 1.21179 1.12182 1.14318 1.13938 1.09376 1.07899 1.06634 1.08093 1.05136 1.04026 1.03682 1.03852 1.02751 1.03592 1.0211 1.01265 1.00605 1.00305 1.00514 0.998662 1.00012 1.00113 1.00191 1.00198 1.00815 1.00554 1.01177 1.01695 1.04416 1.03635 1.05423 1.04309 1.06456 1.06796 1.09413 1.11377 1.09722 1.17349 1.12787 1.14723 1.16814 1.14388 1.2263 1.23852 1.2163 1.2355 1.27509 1.28326 1.3199 1.43833 1.28891 1.40094 1.34452 1.4047 1.42862 1.38601 1.46657 1.47642 1.4647 1.64205 1.58875 1.65973 1.71261 1.55828 1.57934 1.72269 1.77125 1.83359 1.75035 1.70296 1.869 
1.76526 1.8152 1.76426 1.79485 1.66996 1.67381 1.62654 1.61372 1.5213 1.63424 1.57888 1.53747 1.50284 1.52057 1.45288 1.48266 1.44326 1.35021 1.40184 1.38267 1.30565 1.2787 1.32115 1.25948 1.26819 1.2662 1.2024 1.22977 1.20725 1.19559 1.12413 1.1244 1.15533 1.13911 1.09489 1.07558 1.09818 1.04669 1.05189 1.04299 1.03594 1.04124 1.02014 1.02834 1.01965 1.01427 1.00834 0.99882 1.00232 0.999967 1.00059 1.00078 1.00622 1.00483 1.01045 1.01941 1.01607 1.03168 1.04333 1.04089 1.05508 1.07487 1.07443 1.09887 1.08507 1.09256 1.13424 1.13821 1.17557 1.16003 1.17959 1.1777 1.22807 1.27544 1.22099 1.25756 1.25946 1.41303 1.37633 1.48305 1.37554 1.40422 1.48182 1.34204 1.38849 1.50274 1.39719 1.55829 1.69649 1.65709 1.62338 1.59597 1.64346 1.66461 1.69116 1.69192 1.79286 1.82488 1.90957 1.77313 
1.76708 1.77451 1.75933 1.73128 1.78365 1.75213 1.67428 1.68838 1.58238 1.58783 1.54474 1.53915 1.51554 1.42043 1.45024 1.45639 1.37644 1.37997 1.40929 1.36501 1.33871 1.34075 1.27221 1.30874 1.25159 1.26614 1.19178 1.21553 1.16822 1.20522 1.17006 1.13769 1.16421 1.13949 1.09801 1.10314 1.05858 1.05069 1.02905 1.04361 1.05008 1.02558 1.01762 1.03377 1.00582 1.00715 1.00856 1.00062 1.00072 1.00048 1.00045 1.0027 1.00134 1.00927 1.00437 1.00634 1.03083 1.03288 1.05142 1.05106 1.05363 1.05308 1.07266 1.06924 1.10105 1.11967 1.12641 1.10712 1.14756 1.13483 1.13202 1.20741 1.24329 1.28259 1.24705 1.30724 1.28405 1.34364 1.36764 1.40665 1.34479 1.30947 1.49356 1.37748 1.42422 1.47679 1.56308 1.60807 1.65891 1.59971 1.58936 1.66084 1.55757 1.70561 1.72075 1.7256 1.76214 1.77107 1.85309 1.92186 
1.73606 1.80421 1.75345 1.75991 1.75262 1.64478 1.67746 1.59898 1.63925 1.54366 1.53532 1.62483 1.55075 1.50941 1.50745 1.43493 1.44439 1.37299 1.39579 1.30268 1.25609 1.3529 1.34172 1.32563 1.2423 1.24963 1.2044 1.18088 1.19577 1.17234 1.1814 1.18858 1.1046 1.15066 1.07441 1.09758 1.06034 1.08357 1.02785 1.0562 1.03359 1.02045 1.02341 1.02408 1.01754 1.00511 0.999755 1.00129 1.00219 1.0001 0.99989 1.0044 1.00643 1.01276 1.0132 1.03415 1.01492 1.03524 1.03026 1.03643 1.06265 1.07827 1.11868 1.08023 1.09628 1.11851 1.11623 1.13968 1.14066 1.12055 1.16672 1.20668 1.22316 1.26041 1.26999 1.30374 1.25653 1.32021 1.27311 1.42915 1.37584 1.42057 1.42664 1.50471 1.48883 1.59467 1.53234 1.48606 1.53174 1.57917 1.5749 1.67035 1.61388 1.69169 1.78996 1.75111 1.85725 1.98438 1.8917 1.8124 
1.83601 1.77339 1.76483 1.73111 1.70995 1.71222 1.64152 1.71213 1.64396 1.58255 1.60938 1.48696 1.54231 1.46073 1.46181 1.3852 1.45729 1.38365 1.40781 1.3296 1.3626 1.32957 1.33753 1.26844 1.26665 1.25956 1.23387 1.21283 1.19529 1.1695 1.15536 1.1413 1.11093 1.08579 1.10392 1.10953 1.07796 1.05624 1.05558 1.05452 1.0272 1.05089 1.0064 1.01073 1.01381 1.00394 1.0106 0.999409 1.00377 1.00003 1.00055 1.0013 1.00272 1.00529 1.01343 1.00358 1.03311 1.02358 1.05084 1.03624 1.05441 1.05733 1.07716 1.0757 1.10645 1.11418 1.1421 1.11844 1.14787 1.16955 1.1883 1.22942 1.24478 1.1949 1.24186 1.34271 1.25391 1.29036 1.39066 1.32159 1.40272 1.49031 1.44496 1.45504 1.49278 1.48067 1.41804 1.49456 1.54202 1.50977 1.61481 1.62432 1.64039 1.76816 1.74205 1.69846 1.69594 1.89375 1.93038 1.79642 
1.72562 1.68945 1.74616 1.66606 1.78593 1.66124 1.67027 1.68344 1.59414 1.54547 1.51558 1.50386 1.59464 1.5008 1.48143 1.44355 1.40119 1.3799 1.39063 1.36167 1.29357 1.33105 1.33667 1.29379 1.27686 1.25296 1.22934 1.17913 1.18525 1.17146 1.19125 1.11764 1.11629 1.14397 1.10852 1.08055 1.08761 1.0629 1.06113 1.07385 1.02907 1.03702 1.0235 1.03153 1.01007 1.01268 1.00572 1.00203 0.998794 0.999868 1.00071 0.998942 0.999942 1.00724 1.01066 1.02235 1.01106 1.01258 1.03737 1.03434 1.05808 1.06408 1.0689 1.08118 1.0841 1.09971 1.13206 1.1786 1.16684 1.18315 1.14905 1.16197 1.24778 1.16899 1.25447 1.27125 1.30124 1.28371 1.30818 1.42643 1.33688 1.31032 1.29126 1.40146 1.43783 1.45138 1.44418 1.53138 1.56327 1.62235 1.56251 1.62748 1.65935 1.68608 1.75857 1.65141 1.66961 1.80596 1.71146 1.86199 
1.83406 1.79072 1.79596 1.74679 1.7157 1.69684 1.64823 1.57863 1.69774 1.54346 1.57823 1.48643 1.51629 1.50995 1.46202 1.46021 1.40403 1.43913 1.39842 1.34222 1.38356 1.37915 1.27678 1.31678 1.2892 1.2415 1.2239 1.18381 1.18125 1.18474 1.15502 1.11751 1.14312 1.11579 1.09669 1.09067 1.09729 1.06114 1.0405 1.05478 1.01561 1.04362 1.01223 1.0144 1.01876 1.01514 1.01591 1.00525 1.00008 1.00002 0.99946 1.00215 1.0054 1.00343 1.01247 1.02843 1.03102 1.03374 1.02431 1.0172 1.06672 1.06831 1.05872 1.07474 1.11118 1.12854 1.12358 1.16721 1.14058 1.18592 1.23495 1.24681 1.24129 1.26394 1.27526 1.25512 1.28748 1.33457 1.27839 1.37054 1.31777 1.41241 1.42815 1.44053 1.48692 1.45511 1.50329 1.56139 1.61541 1.54506 1.56165 1.56307 1.83788 1.63319 1.63194 1.74708 1.73036 1.69729 1.71749 1.82939 
1.71845 1.8583 1.75527 1.74677 1.73283 1.65907 1.6659 1.638 1.52269 1.6018 1.56046 1.56377 1.5865 1.49624 1.43195 1.4765 1.42237 1.4191 1.41332 1.37619 1.33305 1.32351 1.28176 1.27705 1.28253 1.23888 1.22354 1.19851 1.20251 1.18449 1.15867 1.14228 1.08665 1.12619 1.09906 1.12747 1.11628 1.06649 1.04165 1.06354 1.03205 1.04064 1.02408 1.01827 1.01052 1.01667 1.0097 1.00088 0.99813 1.00019 0.999599 1.00131 0.999343 1.00521 1.01154 1.02283 1.03555 1.034 1.02368 1.04907 1.02865 1.07454 1.06582 1.1061 1.13198 1.10747 1.12699 1.11005 1.14992 1.1654 1.13551 1.19656 1.20279 1.18169 1.21976 1.21717 1.29271 1.36855 1.33499 1.31882 1.37805 1.40456 1.50482 1.43179 1.50119 1.4624 1.47792 1.51415 1.5219 1.52871 1.74293 1.59105 1.56375 1.76802 1.58636 1.72741 1.57134 1.80509 1.83194 1.88176 
1.73416 1.74062 1.75606 1.72058 1.76211 1.69649 1.6045 1.63462 1.651 1.56163 1.49314 1.58909 1.49103 1.4505 1.49739 1.42301 1.44648 1.28007 1.37498 1.39254 1.35587 1.34279 1.3059 1.28417 1.26569 1.28479 1.26296 1.22915 1.21667 1.19388 1.15504 1.14922 1.12507 1.13506 1.1088 1.08827 1.06567 1.05195 1.04468 1.04468 1.02634 1.03064 1.02227 1.0248 1.00748 1.00345 1.00117 1.00224 1.00321 0.999745 1.00041 1.00296 1.00523 1.00886 0.998889 1.02234 1.02671 1.02697 1.05431 1.03775 1.05785 1.06247 1.07975 1.1106 1.10257 1.10565 1.1427 1.17693 1.16086 1.17426 1.19154 1.17303 1.22544 1.20462 1.21678 1.2464 1.26715 1.34932 1.28038 1.3957 1.27273 1.45731 1.39419 1.44502 1.39591 1.42372 1.57166 1.52623 1.59753 1.68979 1.62574 1.65299 1.64181 1.65982 1.66136 1.78745 1.70006 1.79009 1.86274 1.78657 
1.94109 1.75036 1.63876 1.69554 1.72965 1.64752 1.66817 1.66056 1.55619 1.53556 1.54379 1.5672 1.46789 1.47236 1.4922 1.46598 1.41467 1.41455 1.42291 1.30854 1.37528 1.31874 1.30416 1.2916 1.21758 1.22514 1.21181 1.19921 1.19825 1.16 1.16451 1.1436 1.12634 1.11913 1.116 1.08829 1.06517 1.07059 1.04658 1.04806 1.0602 1.03856 1.02328 1.0045 1.00357 1.01298 1.00351 0.998407 1.00169 0.999558 1.00015 1.0016 1.00264 1.00556 1.01521 1.00809 1.02276 1.02749 1.04397 1.05212 1.03044 1.04972 1.06634 1.11099 1.11809 1.12684 1.13919 1.13083 1.13029 1.15498 1.18148 1.18693 1.22078 1.24359 1.24458 1.30242 1.27246 1.32213 1.35992 1.32675 1.37501 1.39624 1.38768 1.45463 1.57252 1.48698 1.50643 1.59595 1.57678 1.63864 1.59002 1.72228 1.67618 1.7103 1.78226 1.63308 1.69554 1.8898 1.70717 1.78845 
1.78857 1.82613 1.82546 1.68876 1.6394 1.62643 1.64373 1.61971 1.57885 1.59259 1.56115 1.49131 1.55207 1.52357 1.5005 1.44296 1.40565 1.37436 1.33494 1.34277 1.33599 1.29448 1.28288 1.33595 1.22666 1.2514 1.17728 1.19227 1.18648 1.21206 1.13818 1.10529 1.12746 1.08114 1.08856 1.11264 1.11028 1.06235 1.06298 1.05727 1.03374 1.0256 1.01218 1.02128 1.0111 0.998636 1.00839 1.00292 0.998259 0.999723 1.00152 1.00235 1.00515 1.00795 1.01192 1.00511 1.03198 1.0227 1.04086 1.03698 1.05941 1.05892 1.0671 1.12048 1.09882 1.11214 1.13517 1.18326 1.1583 1.19695 1.15891 1.19099 1.29415 1.24328 1.30013 1.25076 1.29177 1.30721 1.28738 1.39758 1.36763 1.4268 1.39282 1.44101 1.49429 1.47062 1.5558 1.48169 1.5263 1.56166 1.68198 1.58444 1.63933 1.76199 1.74992 1.72536 1.68625 1.68013 1.9056 1.81913 
1.81768 1.76731 1.74149 1.77643 1.73303 1.70839 1.61462 1.65256 1.67698 1.58099 1.51786 1.50106 1.44138 1.54689 1.53395 1.44382 1.34993 1.41058 1.39016 1.40524 1.3615 1.27302 1.33857 1.26503 1.236 1.23144 1.23088 1.2061 1.1945 1.15452 1.13793 1.16498 1.16564 1.10566 1.10747 1.06707 1.09408 1.05456 1.05716 1.03112 1.03922 1.04091 1.01231 1.01863 1.01181 1.00256 0.997591 1.00007 0.999363 0.99925 1.00046 1.00079 1.00429 1.00772 1.00547 1.0159 1.01434 1.02521 1.02963 1.05948 1.05106 1.07196 1.10422 1.06941 1.11753 1.1259 1.12547 1.15716 1.13503 1.16142 1.18584 1.21725 1.24867 1.20642 1.30357 1.25956 1.32074 1.30816 1.25777 1.38336 1.35503 1.34415 1.4274 1.45129 1.51808 1.51406 1.46385 1.63229 1.51646 1.58072 1.58147 1.6108 1.66714 1.62671 1.6883 1.83759 1.64819 1.81274 1.7583 1.76686 
1.77826 1.74973 1.80727 1.70784 1.74767 1.67017 1.6155 1.68069 1.63661 1.6 1.50104 1.5597 1.4816 1.50926 1.41361 1.47775 1.43422 1.41541 1.47074 1.39799 1.33827 1.32527 1.28584 1.2953 1.22604 1.24967 1.18982 1.1844 1.18793 1.20801 1.16166 1.14939 1.15598 1.13856 1.11651 1.11364 1.06175 1.0633 1.0492 1.04494 1.04492 1.05013 1.02357 1.01171 1.01085 1.0092 1.00001 1.00154 1.00297 1.00124 0.999722 1.00003 1.00357 1.01029 1.00659 1.01478 1.02159 1.01941 1.05119 1.03678 1.04868 1.0681 1.06943 1.08545 1.07073 1.10374 1.12353 1.1576 1.16287 1.14207 1.18948 1.17784 1.18478 1.27896 1.30983 1.31408 1.30327 1.31529 1.35569 1.27621 1.32205 1.37631 1.49579 1.42525 1.40918 1.54963 1.46313 1.56042 1.53685 1.55961 1.60527 1.58601 1.66796 1.58502 1.56155 1.67578 1.62615 1.80822 1.72528 1.84802 
1.79555 1.7899 1.77302 1.73484 1.73259 1.65225 1.66014 1.61978 1.62127 1.58374 1.60023 1.55348 1.48443 1.47077 1.41887 1.44009 1.41641 1.39818 1.40449 1.33642 1.30254 1.32884 1.30137 1.2956 1.25507 1.27187 1.19406 1.22629 1.19846 1.18287 1.16182 1.14666 1.08495 1.12468 1.09905 1.10195 1.07518 1.06392 1.05611 1.05098 1.03032 1.03934 1.0168 1.02242 1.01321 1.00775 1.01549 1.00451 1.00244 0.999438 0.999975 1.00216 1.00414 0.999733 1.01031 1.01704 1.00861 1.03223 1.04404 1.05679 1.0648 1.09427 1.04105 1.07364 1.07566 1.13773 1.14174 1.1494 1.19481 1.12912 1.14615 1.19134 1.23967 1.25896 1.27461 1.29974 1.27862 1.29766 1.40283 1.33507 1.38826 1.28725 1.47198 1.4884 1.43743 1.45769 1.48995 1.49921 1.58316 1.59722 1.56577 1.58982 1.75011 1.60852 1.74261 1.69999 1.7476 1.68005 1.7709 1.87736 
1.83557 1.83523 1.79807 1.73443 1.68838 1.63917 1.64615 1.69095 1.62759 1.59931 1.55977 1.58247 1.46982 1.49055 1.50479 1.55304 1.42865 1.42451 1.39992 1.36328 1.33026 1.3169 1.31275 1.3156 1.30338 1.2293 1.18537 1.22604 1.17648 1.182 1.15748 1.1761 1.12216 1.08055 1.10771 1.07191 1.07776 1.05193 1.04418 1.05469 1.0184 1.05214 1.02031 1.01197 1.00499 1.01038 1.0098 0.99967 1.00134 0.999772 0.998929 1.0031 0.998662 1.00335 1.0122 1.0102 1.02808 1.0186 1.04023 1.03484 1.03058 1.06905 1.06545 1.07508 1.0656 1.11031 1.15937 1.09987 1.18627 1.16049 1.2043 1.20745 1.20361 1.19651 1.25786 1.31798 1.28073 1.26942 1.30335 1.39172 1.37949 1.42038 1.40268 1.49939 1.46634 1.46266 1.50207 1.64656 1.53938 1.59481 1.64075 1.71946 1.62269 1.66606 1.75661 1.76121 1.72641 1.75105 1.68235 1.73325 
