-2 -1.9596 -1.91919 -1.87879 -1.83838 -1.79798 -1.75758 -1.71717 -1.67677 -1.63636 -1.59596 -1.55556 -1.51515 -1.47475 -1.43434 -1.39394 -1.35354 -1.31313 -1.27273 -1.23232 -1.19192 -1.15152 -1.11111 -1.07071 -1.0303 -0.989899 -0.949495 -0.909091 -0.868687 -0.828283 -0.787879 -0.747475 -0.707071 -0.666667 -0.626263 -0.585859 -0.545455 -0.505051 -0.464646 -0.424242 -0.383838 -0.343434 -0.30303 -0.262626 -0.222222 -0.181818 -0.141414 -0.10101 -0.0606061 -0.020202 0.020202 0.0606061 0.10101 0.141414 0.181818 0.222222 0.262626 0.30303 0.343434 0.383838 0.424242 0.464646 0.505051 0.545455 0.585859 0.626263 0.666667 0.707071 0.747475 0.787879 0.828283 0.868687 0.909091 0.949495 0.989899 1.0303 1.07071 1.11111 1.15152 1.19192 1.23232 1.27273 1.31313 1.35354 1.39394 1.43434 1.47475 1.51515 1.55556 1.59596 1.63636 1.67677 1.71717 1.75758 1.79798 1.83838 1.87879 1.91919 1.9596 2 
0.770841 0.777687 0.784486 0.791237 0.79794 0.804593 0.811196 0.817748 0.824247 0.830693 0.837083 0.843416 0.849692 0.855907 0.86206 0.868149 0.874171 0.880123 0.886003 0.891808 0.897532 0.903174 0.908728 0.91419 0.919554 0.924815 0.929968 0.935007 0.939923 0.944712 0.949364 0.953873 0.95823 0.962427 0.966454 0.970303 0.973965 0.977429 0.980685 0.983724 0.986536 0.98911 0.991437 0.993505 0.995306 0.996829 0.998065 0.999004 0.999639 0.99996 0.999959 0.999631 0.998967 0.997963 0.996613 0.994914 0.992862 0.990455 0.987691 0.984571 0.981094 0.977264 0.973081 0.968552 0.963679 0.95847 0.95293 0.947068 0.940892 0.934413 0.927639 0.920583 0.913255 0.905669 0.897837 0.889773 0.881489 0.873001 0.864322 0.855466 0.846449 0.837285 0.827988 0.818573 0.809053 0.799444 0.789757 0.780008 0.770208 0.76037 0.750507 0.74063 0.730751 0.720879 0.711026 0.701201 0.691412 0.681669 0.67198 0.662352 
1.33666 1.21469 1.16311 1.22495 1.24283 1.1561 1.10479 1.20904 1.21033 1.1377 1.0998 1.1356 1.1177 1.12379 1.09639 1.11136 1.12028 1.06143 1.04481 1.04648 1.08186 1.02542 1.02676 1.03005 1.04525 1.0203 1.01871 1.04581 1.03161 1.02611 0.990063 1.02238 0.998979 1.00218 0.980226 1.00747 1.01534 0.964539 0.998124 0.992603 0.990724 0.995125 0.984161 0.988887 0.999533 1.0001 0.994231 0.99045 0.995436 0.998418 1.00133 1.00283 1.0085 1.0212 1.01521 1.01611 1.02255 1.02926 1.03693 1.03676 1.04397 1.05881 1.05827 1.05968 1.09378 1.0897 1.08918 1.09441 1.1301 1.10815 1.11649 1.11645 1.15352 1.12886 1.15703 1.18301 1.21139 1.21556 1.21188 1.20815 1.21313 1.25877 1.25777 1.28437 1.29944 1.25366 1.27081 1.34038 1.4058 1.36522 1.34554 1.37635 1.3768 1.43362 1.46354 1.41899 1.4841 1.46686 1.48238 1.48255 
1.29368 1.18659 1.2399 1.22603 1.20409 1.22569 1.13542 1.16504 1.1743 1.18521 1.1696 1.09791 1.14861 1.10054 1.09259 1.09538 1.02388 1.0468 1.08671 1.10717 1.04303 1.06493 1.03948 1.03714 1.01265 1.04015 1.01182 1.01998 1.03703 1.02434 1.0088 0.99026 0.996975 0.994358 0.993953 0.992051 1.01058 0.982875 0.993045 0.992155 0.993342 0.990832 0.997052 0.980088 0.988197 0.994652 0.993012 0.992266 0.997483 0.998541 1.00131 1.00343 1.00657 1.01289 1.01351 1.01455 1.02315 1.02169 1.03474 1.03754 1.04853 1.06082 1.05754 1.06049 1.05178 1.07072 1.10409 1.09975 1.11755 1.11904 1.13102 1.12344 1.17272 1.17848 1.17215 1.18579 1.15791 1.15561 1.15169 1.26448 1.21306 1.23837 1.27439 1.25403 1.26795 1.31621 1.30078 1.33813 1.3035 1.36355 1.38044 1.399 1.32016 1.41933 1.41609 1.47075 1.45485 1.39778 1.44627 1.49614 
1.2664 1.24215 1.20018 1.19973 1.25596 1.17771 1.18694 1.1663 1.20253 1.15809 1.16498 1.12507 1.1255 1.10905 1.0398 1.15693 1.11374 1.06703 1.08836 1.09153 1.06702 1.06908 1.06723 1.0845 1.04505 1.02182 1.02726 0.960631 0.990866 0.99687 1.01519 0.99763 1.02185 1.01188 1.02911 1.0027 1.00226 0.998338 0.997577 0.995396 0.999507 0.988974 0.99195 0.986787 0.999474 0.989022 0.991954 0.995534 0.996791 0.998668 1.00125 1.00389 1.00555 1.0057 1.0105 1.02403 1.02774 1.03379 1.03507 1.04135 1.04237 1.0627 1.05548 1.08648 1.06804 1.09661 1.10417 1.13296 1.09594 1.11732 1.13413 1.10854 1.12579 1.1741 1.12369 1.16711 1.19823 1.2108 1.19879 1.21904 1.22662 1.23702 1.26667 1.25541 1.31766 1.27941 1.29561 1.32899 1.36297 1.3078 1.40661 1.39308 1.37076 1.44047 1.44446 1.41526 1.44308 1.44367 1.4638 1.55905 
1.25125 1.22084 1.26124 1.21606 1.23436 1.17692 1.19272 1.15894 1.13329 1.1774 1.16715 1.12341 1.15594 1.10676 1.15503 1.06972 1.11592 1.04878 1.035 1.12006 1.06243 1.03002 1.03141 1.06944 1.05439 1.06994 1.0358 1.03652 1.01587 1.00499 1.03951 1.00956 1.00397 0.967579 0.9676 1.00127 0.986498 0.997707 0.983506 0.982946 1.00178 0.97924 0.977187 0.992773 0.990772 0.99787 0.992546 0.995603 0.995495 0.998832 1.00114 1.00233 1.00569 1.00906 1.01106 1.02653 1.02571 1.03277 1.03216 1.05385 1.04362 1.04042 1.06098 1.07071 1.07938 1.08748 1.07739 1.09083 1.14446 1.11078 1.13811 1.11892 1.14331 1.14949 1.19823 1.16277 1.18797 1.19646 1.20305 1.22448 1.23719 1.23137 1.22481 1.2394 1.29684 1.27842 1.30969 1.33789 1.34382 1.38967 1.40501 1.4033 1.40021 1.38642 1.35515 1.36673 1.47498 1.43856 1.51987 1.45365 
1.3021 1.19019 1.21363 1.24397 1.238 1.192 1.2302 1.19516 1.16856 1.14404 1.15774 1.08994 1.08643 1.08506 1.10606 1.08245 1.12845 1.11606 1.06697 1.04627 1.07047 1.11186 1.05096 1.06179 1.04158 1.01443 1.03179 1.04219 1.02856 1.01356 0.989223 1.01684 0.990494 1.00641 1.00571 0.99454 0.99438 1.00326 0.989441 0.981197 0.971097 0.995681 0.985434 0.984151 0.99338 0.992375 0.993267 0.995522 0.99631 0.998381 1.00076 1.00455 1.01389 1.00677 1.01522 1.02183 1.02267 1.0349 1.03979 1.05285 1.03499 1.05674 1.05541 1.05503 1.07274 1.08452 1.09228 1.12838 1.11229 1.12121 1.11554 1.12977 1.13246 1.15334 1.16061 1.17224 1.21164 1.15767 1.17547 1.25496 1.20538 1.25259 1.22852 1.25368 1.33208 1.31728 1.30064 1.295 1.27604 1.34279 1.33293 1.36426 1.34826 1.40477 1.40298 1.48602 1.4574 1.44428 1.47835 1.56057 
1.31633 1.18743 1.24422 1.18611 1.22695 1.22269 1.20186 1.1659 1.17028 1.14817 1.09101 1.16966 1.11429 1.04431 1.13862 1.10127 1.11042 1.05756 1.10201 1.1367 1.02131 1.04742 1.03117 1.03496 1.01985 1.042 1.01125 1.01359 1.00901 1.01428 0.993501 1.00864 1.01317 1.00258 0.998934 1.00039 0.980895 0.993534 0.984579 1.00557 1.00275 0.992922 0.991107 0.994777 0.998579 0.99362 0.992697 0.996076 0.996794 0.998399 1.00115 1.00517 1.00833 1.01412 1.01314 1.02032 1.02194 1.03197 1.02304 1.03686 1.04216 1.04129 1.04798 1.05817 1.05049 1.06328 1.10256 1.10198 1.09753 1.13255 1.13019 1.12844 1.10437 1.16389 1.18955 1.18526 1.1758 1.20786 1.22572 1.2387 1.26633 1.25998 1.27781 1.28706 1.24632 1.27854 1.27632 1.32219 1.33959 1.32314 1.41359 1.37105 1.37887 1.4297 1.46794 1.47223 1.43636 1.48387 1.47856 1.49239 
1.25704 1.20668 1.20558 1.20128 1.17155 1.15602 1.16781 1.22486 1.16795 1.19838 1.06593 1.11958 1.07262 1.12319 1.11979 1.0878 1.18321 1.12975 1.07682 1.07304 1.05272 1.05391 1.07942 1.04339 1.04093 1.02695 1.02394 1.01594 0.992788 1.01902 0.989624 1.01632 0.989586 0.996715 1.01816 0.992888 0.99038 0.988058 0.996264 0.982414 0.996459 0.987327 0.983097 0.994976 0.997662 0.994774 0.988631 0.996117 0.996 0.999581 1.0015 1.00279 1.00754 1.01196 1.02253 1.02384 1.01892 1.03014 1.04806 1.04118 1.04191 1.06219 1.05474 1.07493 1.05757 1.05873 1.08316 1.09394 1.11379 1.09737 1.12809 1.11563 1.1449 1.1483 1.1828 1.13853 1.17002 1.22066 1.17948 1.17627 1.26751 1.2206 1.2433 1.28714 1.30157 1.283 1.3059 1.3 1.3474 1.36769 1.43768 1.36707 1.43876 1.38361 1.42396 1.49013 1.4348 1.46857 1.45809 1.48598 
1.26676 1.18994 1.19139 1.19224 1.14767 1.14872 1.22782 1.12912 1.18021 1.17433 1.21228 1.12812 1.14746 1.12553 1.09137 1.10635 1.08232 1.12911 1.08879 1.11164 1.03947 1.04437 1.06972 1.0401 1.03939 1.04194 1.05454 1.01322 1.06141 1.01861 0.995116 1.0272 0.992221 0.994081 1.01664 0.998139 1.00322 0.996798 1.00438 0.984373 0.998021 0.987479 0.982437 0.996239 0.991637 0.988077 0.989864 0.991846 0.997064 0.999056 1.00071 1.0044 1.0062 1.0114 1.01679 1.01872 1.03064 1.02716 1.03353 1.0428 1.04036 1.0681 1.03985 1.06833 1.08585 1.07949 1.1007 1.09704 1.10138 1.13071 1.11912 1.15108 1.14386 1.11535 1.11711 1.1336 1.15783 1.1612 1.1863 1.23618 1.24275 1.22809 1.26949 1.22631 1.27515 1.30826 1.35104 1.27279 1.34865 1.32648 1.39703 1.32477 1.43617 1.41995 1.36096 1.41675 1.45329 1.4307 1.44388 1.55258 
1.25089 1.21568 1.21531 1.25634 1.23312 1.18236 1.1855 1.20382 1.16284 1.16221 1.18484 1.16162 1.18067 1.08442 1.05495 1.03692 1.12845 1.05739 1.09906 1.0376 1.02196 1.08777 1.06371 1.07514 1.04329 1.01295 1.0341 1.04951 1.02975 1.02175 1.03087 1.01789 0.998685 0.989313 0.998208 0.994655 0.992376 1.00285 0.990829 0.998877 0.989427 0.994515 0.997445 0.990499 0.997417 0.994984 0.992736 0.996737 0.996488 0.998802 1.00183 1.00611 1.00689 1.00873 1.01306 1.01239 1.02256 1.02442 1.03216 1.04591 1.05824 1.04853 1.05964 1.07785 1.063 1.08132 1.09935 1.12964 1.10924 1.11517 1.13269 1.11082 1.12068 1.15675 1.14635 1.14911 1.1813 1.16572 1.22497 1.17426 1.22859 1.21602 1.24695 1.28324 1.33279 1.31316 1.26468 1.35434 1.35885 1.36475 1.41539 1.3713 1.40142 1.36449 1.42801 1.42882 1.47464 1.43837 1.49995 1.49205 
1.26541 1.22697 1.15218 1.25014 1.16645 1.16697 1.15574 1.27381 1.22906 1.17068 1.10093 1.12404 1.10603 1.06637 1.09493 1.0847 1.11263 1.0473 1.10379 1.08068 1.08111 1.06132 1.03913 1.09051 1.02092 1.01231 1.05376 1.04119 1.04304 1.0615 1.0185 1.01171 0.977576 1.02098 0.998757 0.996668 0.989851 0.970909 0.996847 0.969102 0.998823 1.00135 0.985491 0.985672 0.98342 1.00073 0.992456 0.99571 0.9978 0.998834 1.00092 1.00518 1.01091 1.00855 1.00938 1.02092 1.02416 1.03875 1.03233 1.03519 1.03993 1.05182 1.04926 1.06553 1.07094 1.07509 1.08201 1.08127 1.10221 1.11999 1.12758 1.12884 1.11933 1.1573 1.13836 1.16418 1.1793 1.17959 1.18485 1.20874 1.2089 1.24584 1.28997 1.25492 1.26862 1.3041 1.31112 1.31572 1.29957 1.3497 1.36985 1.35453 1.44536 1.43026 1.44107 1.37025 1.43901 1.42912 1.53326 1.47792 
1.23591 1.23152 1.191 1.14362 1.25282 1.22176 1.21256 1.15685 1.18908 1.15301 1.1356 1.1916 1.09331 1.06398 1.15615 1.13632 1.08145 1.07895 1.1126 1.07885 1.04769 1.02361 1.10547 1.02244 1.05472 1.09334 1.01665 1.02966 1.01621 1.02272 1.02255 1.01222 1.02579 0.995522 0.988394 1.00285 0.990876 0.995719 1.00638 0.992168 0.985341 0.993633 0.983774 0.986784 0.98671 0.993949 0.995206 0.997222 0.996335 0.998886 1.00142 1.00375 1.00877 1.00852 1.01141 1.01668 1.02728 1.02955 1.02543 1.02704 1.05232 1.06158 1.05198 1.06007 1.08378 1.08104 1.05782 1.09028 1.1025 1.12014 1.13066 1.10795 1.15691 1.12971 1.1175 1.12302 1.15324 1.19087 1.2159 1.16757 1.2371 1.19643 1.22533 1.29482 1.24707 1.32577 1.29079 1.36192 1.32204 1.35616 1.3942 1.37413 1.43595 1.3631 1.46527 1.45535 1.40735 1.41482 1.49733 1.47804 
1.23442 1.2793 1.24452 1.21946 1.19729 1.15562 1.15494 1.12481 1.10055 1.13925 1.15494 1.19315 1.08996 1.15826 1.12915 1.0776 1.1024 1.10426 1.10202 1.06987 1.06857 1.04346 1.08042 1.04211 1.04503 1.05644 1.05991 1.03329 1.02142 1.02995 1.01588 0.998397 1.00059 0.98458 0.994784 1.01454 1.01438 1.00863 0.993105 0.988993 0.982853 1.00648 0.985663 0.993996 0.998114 0.985058 0.993522 0.994991 0.997242 0.999746 1.00115 1.00465 1.00808 1.01286 1.01727 1.01229 1.02586 1.02196 1.0283 1.03349 1.03011 1.02538 1.06319 1.05412 1.0655 1.09039 1.10571 1.07986 1.11566 1.10112 1.12912 1.14862 1.13023 1.14668 1.12661 1.1553 1.18137 1.17172 1.18707 1.18894 1.20588 1.27187 1.25627 1.24542 1.28577 1.3185 1.33536 1.35065 1.34222 1.27556 1.36628 1.37664 1.38569 1.36306 1.42115 1.42659 1.47032 1.4247 1.53343 1.41006 
1.22432 1.27237 1.19615 1.1703 1.2129 1.17611 1.23201 1.1669 1.16338 1.15193 1.17412 1.10182 1.1566 1.15359 1.13717 1.10028 1.11825 1.11916 1.05072 1.05685 1.09356 1.07164 1.03677 1.04888 1.03184 1.01859 1.00802 1.0566 1.0577 1.00712 1.02958 1.01435 0.999998 1.03589 1.00302 1.01763 0.987236 1.00286 1.00333 1.00645 0.98431 0.989081 0.995423 0.988468 0.990241 0.987287 0.995816 0.992815 0.996249 0.998748 1.00089 1.00469 1.00937 1.00896 1.01779 1.01691 1.01318 1.01895 1.02765 1.04817 1.04225 1.04753 1.06442 1.06444 1.06051 1.07162 1.07696 1.11675 1.13572 1.10509 1.11512 1.10281 1.13108 1.12887 1.15961 1.18963 1.15054 1.20226 1.23495 1.20232 1.1999 1.21393 1.25678 1.2054 1.23536 1.33449 1.30279 1.33001 1.2935 1.33006 1.34641 1.35213 1.38264 1.35954 1.41497 1.44328 1.41781 1.41701 1.49955 1.48402 
1.2431 1.23591 1.24265 1.28607 1.22761 1.22248 1.20559 1.20071 1.20237 1.13784 1.18724 1.14139 1.12166 1.15901 1.09104 1.14768 1.12348 1.10233 1.10314 1.09695 1.10249 1.07853 1.02223 1.08037 1.06128 1.06331 1.02207 1.0342 1.00721 1.04674 0.992306 1.01391 1.01705 0.991689 1.00409 0.990489 0.999386 0.995467 0.982597 1.00217 0.992442 0.985242 0.995263 0.986031 0.994577 0.995447 0.996133 0.997739 0.995167 0.998285 1.0016 1.00473 1.00802 1.00887 1.01333 1.02391 1.03199 1.02697 1.05258 1.03177 1.04652 1.03862 1.057 1.06737 1.07951 1.08336 1.07954 1.0648 1.11642 1.10451 1.13939 1.12699 1.12501 1.15316 1.15429 1.15323 1.17445 1.19402 1.20717 1.21568 1.18216 1.26885 1.28977 1.27393 1.26818 1.25372 1.29632 1.32332 1.3382 1.35733 1.34847 1.36366 1.35541 1.36584 1.37612 1.40816 1.46125 1.44566 1.4637 1.52513 
1.32115 1.32036 1.29731 1.26691 1.12939 1.13798 1.2218 1.25817 1.23577 1.16366 1.14611 1.14203 1.11956 1.10844 1.10769 1.10813 1.16043 1.08874 1.05681 1.06218 1.0907 1.06993 1.05625 1.06238 1.03527 1.07529 1.06187 1.00873 1.01274 1.05312 1.03541 1.01677 1.04007 1.01983 1.01989 0.996712 0.996102 0.987089 0.996382 0.997892 0.984313 0.995668 1.00138 0.992815 0.998417 0.993769 0.994665 0.997264 0.998479 0.999225 1.00115 1.0024 1.00161 1.00971 1.0142 1.02286 1.01599 1.03132 1.03848 1.02993 1.01906 1.03665 1.04364 1.08683 1.07727 1.05858 1.07839 1.11695 1.08491 1.09809 1.09527 1.16063 1.13775 1.18277 1.14633 1.1799 1.19176 1.21905 1.18867 1.18648 1.23464 1.24965 1.26316 1.26778 1.28064 1.28969 1.29501 1.27508 1.27387 1.31906 1.3595 1.37893 1.37924 1.35277 1.37987 1.37872 1.48209 1.37652 1.45807 1.39632 
1.21548 1.24579 1.2111 1.11634 1.18466 1.11427 1.18866 1.1728 1.19337 1.15923 1.13081 1.18434 1.1704 1.1387 1.09075 1.11414 1.10803 1.09875 1.08345 1.0701 1.12211 1.04624 1.07625 1.0369 1.0498 1.06409 1.05738 1.02401 1.00558 1.03958 1.01339 1.01647 1.00657 1.00826 1.02837 0.988521 1.00545 1.00716 0.992832 0.994269 0.988369 0.983479 0.990081 0.989901 0.993506 0.997306 0.993178 0.998738 0.998264 1.00016 1.00089 1.0012 1.00841 1.00921 1.01236 1.0243 1.0233 1.02702 1.02766 1.03644 1.03997 1.0456 1.06911 1.05577 1.06833 1.07852 1.07365 1.07505 1.11216 1.08801 1.12243 1.11219 1.13754 1.14044 1.13939 1.16098 1.16079 1.1811 1.17253 1.216 1.20854 1.26812 1.21773 1.25788 1.25084 1.30399 1.30759 1.27366 1.32765 1.32215 1.31706 1.36873 1.36193 1.38816 1.45889 1.46457 1.42119 1.45227 1.47108 1.42927 
1.18141 1.19167 1.24995 1.19619 1.21057 1.17785 1.20082 1.14979 1.16372 1.17073 1.17785 1.14499 1.11642 1.14603 1.09684 1.05314 1.0316 1.07935 1.11251 1.08914 1.10378 1.09354 1.07743 1.06173 1.0265 1.0545 1.07045 0.991028 1.02674 1.0322 1.01786 1.03198 1.01753 1.0415 0.99032 0.980306 0.983587 0.992068 0.992442 1.00016 0.991065 0.989872 0.989764 0.993947 0.993705 0.998364 0.992749 0.998212 0.995668 0.998716 1.00109 1.00537 1.00713 1.00456 1.01681 1.01081 1.01937 1.02791 1.03916 1.0391 1.05486 1.06192 1.06361 1.04478 1.08077 1.06424 1.07169 1.08307 1.11859 1.10885 1.12958 1.16243 1.15264 1.16626 1.14333 1.17333 1.20814 1.19818 1.20356 1.16935 1.19322 1.2451 1.24308 1.26838 1.29159 1.27343 1.26885 1.33794 1.33382 1.2996 1.30229 1.38426 1.35044 1.37394 1.35893 1.45653 1.47118 1.5128 1.4931 1.55137 
1.29958 1.32018 1.21729 1.22876 1.23925 1.21122 1.15878 1.19126 1.21504 1.08487 1.13837 1.1569 1.16274 1.1266 1.16609 1.14751 1.09016 1.08429 1.08445 1.07433 1.06973 1.06499 1.09464 1.09873 1.04541 1.0636 1.05646 1.01686 1.03013 1.02114 1.03819 1.02112 0.99535 1.01275 1.01144 0.983742 0.992515 0.987575 1.0113 0.984263 1.00411 1.00155 0.991809 0.988212 0.98585 1.0006 0.992419 0.994769 0.994912 0.999179 1.00096 1.00557 1.00886 1.01383 1.01098 1.01693 1.02409 1.0286 1.02991 1.03691 1.04031 1.05399 1.04745 1.07168 1.07501 1.07727 1.06391 1.10246 1.1152 1.13009 1.11964 1.15364 1.13035 1.1142 1.16814 1.18031 1.1673 1.18737 1.18517 1.19769 1.23243 1.19204 1.26031 1.2589 1.279 1.28308 1.31997 1.2463 1.25848 1.34085 1.32771 1.37641 1.40418 1.41241 1.45488 1.40176 1.436 1.3851 1.44866 1.49666 
1.24746 1.27364 1.29462 1.26791 1.18693 1.22005 1.20497 1.19894 1.12033 1.09367 1.14953 1.13457 1.12998 1.13231 1.06732 1.09664 1.09869 1.10117 1.10352 1.07989 1.07631 1.05344 1.11595 1.05896 1.07073 1.03356 1.01925 1.01424 1.02308 1.02933 1.06401 1.03052 1.01554 1.0146 1.01698 1.01606 1.00088 0.999536 0.987413 0.984316 0.983459 0.99743 0.987732 0.993433 0.990923 0.998717 0.992551 0.992996 0.997894 0.998693 1.00139 1.00337 1.00551 1.0098 1.01817 1.02192 1.02594 1.02842 1.02926 1.02102 1.04186 1.04483 1.06441 1.05324 1.06168 1.08303 1.05939 1.09608 1.10327 1.10842 1.11561 1.098 1.13748 1.16922 1.13665 1.17312 1.19414 1.15339 1.26579 1.25632 1.20749 1.29484 1.25714 1.28126 1.28788 1.28337 1.26763 1.28594 1.29332 1.31923 1.32054 1.37085 1.42099 1.43471 1.36593 1.39334 1.42939 1.44956 1.45301 1.43859 
1.24153 1.26927 1.28136 1.17067 1.18364 1.23341 1.2274 1.17287 1.18022 1.2402 1.16854 1.14086 1.08657 1.15899 1.13241 1.05849 1.12902 1.09368 1.08696 1.09467 1.09408 1.00483 1.09434 1.09181 1.0391 1.01932 1.03607 1.06658 1.02833 1.01665 1.02736 0.998993 1.00989 1.0114 1.00191 1.01659 0.988962 1.01383 1.00836 0.984741 0.979075 0.981875 0.992627 1.00473 1.00066 0.99339 0.996093 0.994454 0.995986 0.998421 1.00154 1.00554 1.00605 1.01114 1.00855 1.01217 1.02152 1.03032 1.03684 1.03748 1.03624 1.02527 1.06509 1.06377 1.06729 1.07358 1.10733 1.07497 1.12006 1.0916 1.11512 1.11991 1.10703 1.16236 1.15867 1.19152 1.15501 1.19898 1.1722 1.19065 1.20328 1.24503 1.24605 1.23744 1.28082 1.26675 1.29607 1.32597 1.27566 1.32677 1.3255 1.41079 1.39114 1.3917 1.46653 1.42375 1.38453 1.46881 1.39589 1.43034 
1.24996 1.33013 1.2185 1.18319 1.25253 1.24562 1.19877 1.26437 1.21709 1.13804 1.10604 1.18689 1.22013 1.14943 1.17077 1.14014 1.08967 1.13319 1.03812 1.13016 1.09332 1.0775 1.03948 1.0662 1.04524 1.02045 1.0203 1.05694 1.03548 1.0052 1.02366 1.00639 1.01691 0.986547 0.980639 0.984973 0.998469 0.987463 1.0057 1.00209 1.00195 1.01224 0.994158 0.998842 0.995939 0.994908 0.998129 0.994748 0.997223 0.998789 1.00144 1.0028 1.00958 1.00999 1.00936 1.01206 1.02942 1.03327 1.02721 1.02631 1.04147 1.03093 1.0573 1.0618 1.05843 1.06165 1.10396 1.06887 1.09352 1.09009 1.1159 1.1443 1.13593 1.12832 1.13002 1.15336 1.16426 1.17581 1.17549 1.18713 1.17346 1.22895 1.26548 1.20631 1.27482 1.28357 1.32029 1.30857 1.30885 1.33158 1.36862 1.38846 1.37787 1.3241 1.37871 1.39962 1.42675 1.40698 1.49092 1.4827 
1.2514 1.16748 1.17927 1.22218 1.19973 1.22062 1.12331 1.18783 1.17341 1.21552 1.20729 1.1188 1.11815 1.10567 1.14093 1.12362 1.12563 1.19087 1.08201 1.05679 1.04784 1.12845 1.07763 1.07593 1.05046 1.04298 1.01559 1.01021 1.02751 1.0367 1.0015 1.03393 0.987933 1.00726 1.0081 1.00251 0.993099 1.00497 1.006 0.989446 0.992857 0.99288 0.993503 0.996995 0.989794 0.99295 0.997014 0.998393 0.998321 0.998221 1.00091 1.0034 1.00488 1.01257 1.01509 1.01938 1.02037 1.02878 1.01826 1.04412 1.05182 1.04626 1.05667 1.07319 1.08487 1.08176 1.10138 1.07994 1.09967 1.11121 1.12218 1.12932 1.09227 1.15188 1.15364 1.17094 1.20321 1.18585 1.22298 1.22005 1.2024 1.20304 1.23791 1.26644 1.24491 1.27658 1.30675 1.35599 1.30193 1.32626 1.3578 1.38496 1.36128 1.41731 1.37626 1.46509 1.4094 1.45267 1.51634 1.41033 
1.31553 1.28397 1.20428 1.30508 1.19645 1.22453 1.21176 1.21654 1.22105 1.17207 1.18421 1.18967 1.11597 1.11707 1.14832 1.11466 1.10346 1.108 1.08478 1.13435 1.06831 1.03915 1.15392 1.06817 1.06212 1.04858 1.05562 1.06674 1.05277 0.990417 1.0351 0.99536 1.03156 1.01456 1.0271 1.01645 1.00565 1.0024 1.00098 0.980529 0.984798 0.991297 0.991145 1.00065 0.993983 0.989982 0.99759 0.992334 0.995843 0.99915 1.00077 1.00349 1.00853 1.00456 1.01775 1.01979 1.01836 1.02961 1.03381 1.04527 1.03596 1.03015 1.06001 1.04122 1.06945 1.08126 1.09602 1.10233 1.09513 1.09858 1.08335 1.13604 1.16243 1.14648 1.14427 1.18539 1.17959 1.19125 1.22005 1.25485 1.20616 1.26442 1.22062 1.24386 1.28216 1.25681 1.26718 1.28581 1.37201 1.3428 1.32511 1.38482 1.32184 1.4031 1.39165 1.40503 1.47346 1.41647 1.44289 1.40248 
1.24874 1.22501 1.22616 1.23612 1.29866 1.29446 1.15688 1.16965 1.13296 1.15636 1.19585 1.16785 1.12705 1.08603 1.1381 1.11328 1.08787 1.08945 1.12515 1.06818 1.09923 1.11342 1.08377 0.992054 1.03249 1.05924 1.07667 1.0216 1.0298 1.01307 1.05069 1.01001 1.0037 1.01727 1.00039 0.989123 0.990112 0.999022 0.996804 1.0026 0.999732 0.996441 1.00385 0.989789 0.995833 0.999645 0.993739 0.995487 0.996507 0.998353 1.00123 1.00455 1.00433 1.00936 1.00703 1.01376 1.02165 1.02598 1.03459 1.02639 1.03319 1.05405 1.04247 1.06533 1.07367 1.0661 1.07456 1.07453 1.11445 1.09736 1.10735 1.11325 1.16352 1.16813 1.18234 1.15933 1.16147 1.18128 1.16121 1.1679 1.21112 1.24881 1.22711 1.21217 1.22873 1.30283 1.29487 1.30533 1.30531 1.33485 1.31234 1.34956 1.35898 1.38561 1.4372 1.38171 1.39312 1.45809 1.48389 1.3754 
1.23225 1.31064 1.22518 1.22677 1.26016 1.21118 1.15456 1.18831 1.18913 1.10812 1.19301 1.18094 1.13313 1.09633 1.18418 1.13357 1.15424 1.08604 1.11646 1.03327 1.04132 1.05527 1.0596 1.09004 1.0491 1.04525 1.05783 1.05421 1.03453 1.02311 1.02371 1.04161 1.01268 1.01136 0.998175 1.00811 1.00344 1.00158 1.00989 0.996934 0.995688 0.992624 0.985168 0.9883 0.994721 0.994769 0.994271 0.993874 0.995881 0.998323 1.00163 1.00296 1.00825 1.00321 1.01028 1.01316 1.01802 1.03427 1.02707 1.02625 1.03662 1.04221 1.06725 1.05841 1.07395 1.09036 1.0847 1.07111 1.09029 1.12525 1.10653 1.14277 1.13041 1.11464 1.15287 1.11835 1.1862 1.16262 1.20372 1.20883 1.19372 1.22 1.24516 1.24896 1.27532 1.29615 1.2753 1.32313 1.30324 1.36306 1.3692 1.37535 1.36153 1.34548 1.41956 1.44457 1.38041 1.42847 1.52737 1.45995 
1.2968 1.29896 1.21969 1.24823 1.29031 1.22587 1.11836 1.1704 1.16376 1.20188 1.18391 1.16657 1.12916 1.17011 1.18086 1.11216 1.11756 1.0625 1.08396 1.09815 1.04876 1.02854 1.08106 1.04979 1.06909 1.04347 1.02854 1.05383 1.06336 1.02899 1.03513 0.99185 1.01939 0.996829 1.00032 1.02313 1.01023 1.00138 0.988892 1.00761 1.00928 0.995298 0.994011 0.994905 0.992155 0.991048 0.997793 0.99688 0.997333 0.999835 1.00111 1.00322 1.00545 1.00926 1.01393 1.00953 1.03432 1.03657 1.03188 1.03671 1.03862 1.03724 1.06905 1.06432 1.06416 1.05419 1.09168 1.07875 1.1098 1.12231 1.11197 1.11661 1.13407 1.12528 1.14722 1.18246 1.17246 1.17984 1.21296 1.22218 1.20357 1.22886 1.26762 1.27445 1.25989 1.34605 1.25722 1.30019 1.30618 1.37753 1.33308 1.35257 1.37299 1.32633 1.39936 1.35888 1.49169 1.40938 1.43807 1.42534 
1.21917 1.31361 1.23068 1.19948 1.24404 1.25862 1.16983 1.14008 1.1799 1.16754 1.20104 1.11266 1.16279 1.07272 1.1341 1.09537 1.14981 1.08983 1.085 1.13197 1.07036 1.11068 1.04299 1.06106 1.04518 1.06591 1.05466 1.04416 1.04162 1.00741 1.02865 1.00857 0.992149 1.00454 1.02112 1.03689 0.991945 1.01377 0.974313 0.993069 1.00452 1.00033 0.9923 0.999202 1.00132 0.998683 0.989528 0.994872 0.995888 0.999572 1.00107 1.00423 1.00835 1.00843 1.01904 1.01655 1.01771 1.01588 1.03873 1.02223 1.04521 1.05364 1.06923 1.07043 1.05156 1.06945 1.09259 1.08195 1.08166 1.08183 1.11755 1.11347 1.11313 1.13372 1.15788 1.14607 1.18606 1.19127 1.21259 1.20593 1.22073 1.25128 1.20255 1.21649 1.28463 1.30002 1.31631 1.27983 1.31019 1.26454 1.32084 1.33482 1.41073 1.33041 1.34857 1.4206 1.40201 1.50121 1.43667 1.47721 
1.30849 1.23452 1.25924 1.1938 1.23574 1.16593 1.24885 1.21442 1.12864 1.16928 1.12065 1.11733 1.15283 1.09198 1.10781 1.12476 1.06386 1.06786 1.11502 1.09498 1.08234 1.05912 1.06985 1.09061 1.05437 1.02558 1.02803 1.0216 1.02567 1.03397 1.02776 0.989072 1.00669 1.00794 1.00456 0.99772 0.994687 0.999446 0.986647 1.0012 0.991716 0.994904 0.988657 0.993063 0.999416 0.987571 0.994754 0.993585 0.998477 0.998395 1.00144 1.0048 1.0058 1.01085 1.01256 1.01917 1.02586 1.0191 1.03096 1.03246 1.03886 1.04913 1.05035 1.06154 1.07067 1.05774 1.09507 1.09546 1.08916 1.10697 1.12426 1.11741 1.12707 1.13806 1.14843 1.15258 1.13714 1.15593 1.16073 1.20507 1.21065 1.21315 1.25926 1.29962 1.25829 1.31279 1.31925 1.28004 1.31611 1.34567 1.27283 1.37285 1.3483 1.32526 1.42697 1.4009 1.39615 1.46993 1.45937 1.51157 
1.21932 1.23276 1.25297 1.20821 1.21816 1.25944 1.23361 1.14443 1.21417 1.27483 1.16563 1.23724 1.11355 1.16204 1.12633 1.12468 1.10785 1.11534 1.05041 1.12335 1.08187 1.09869 1.09679 1.05345 1.06037 1.0508 1.06049 1.03897 1.0301 0.981089 1.024 1.0271 1.01099 1.01523 1.00457 0.982277 0.988536 1.00545 0.991884 1.00314 0.99908 0.996807 0.986216 0.98906 0.992069 0.997374 0.998866 0.998939 0.997901 0.998863 1.00117 1.00226 1.00225 1.01074 1.00996 1.02283 1.03005 1.02567 1.03388 1.03395 1.04657 1.04006 1.05578 1.06755 1.06546 1.06336 1.08169 1.06734 1.09951 1.09623 1.08571 1.14316 1.10017 1.18795 1.1187 1.14727 1.14517 1.19382 1.19273 1.20793 1.235 1.24434 1.26122 1.26057 1.25891 1.26817 1.35797 1.30358 1.29405 1.34265 1.39266 1.37894 1.38544 1.41027 1.33246 1.38758 1.42017 1.38285 1.45481 1.37999 
1.23542 1.21168 1.22657 1.23094 1.26512 1.2181 1.18934 1.17982 1.1924 1.20447 1.13182 1.16319 1.14632 1.12405 1.10755 1.10672 1.09334 1.09988 1.07373 1.09185 1.08132 1.07416 1.07523 1.05516 1.05327 1.07111 1.06606 1.08956 1.04925 1.00811 1.02918 1.035 1.03497 1.01675 1.00347 0.997998 0.990362 0.989253 1.00083 1.01557 0.980191 0.991303 0.990701 0.988239 1.00355 0.996911 0.997418 0.996889 0.998026 0.99886 1.00089 1.00373 1.01266 1.01077 1.01505 1.01987 1.01898 1.01555 1.02886 1.0388 1.03757 1.04635 1.05269 1.04197 1.06649 1.09033 1.08337 1.08633 1.08372 1.08191 1.11944 1.09666 1.13214 1.11966 1.15058 1.14776 1.15956 1.19219 1.23984 1.19982 1.21744 1.19804 1.26617 1.27162 1.31266 1.24469 1.28752 1.29918 1.32779 1.32489 1.34793 1.35631 1.39555 1.35546 1.3382 1.37111 1.42033 1.45809 1.40498 1.50333 
1.31914 1.18947 1.22398 1.22921 1.20909 1.24746 1.18817 1.19537 1.23399 1.15321 1.17035 1.08024 1.16113 1.12065 1.16371 1.10576 1.09169 1.10622 1.0455 1.1501 1.08376 1.12131 1.04439 1.06945 1.0431 1.03903 1.03847 1.0641 1.03446 1.02732 1.02706 1.01875 1.00678 1.03086 1.00543 1.0032 0.996908 1.00693 1.00706 1.00021 1.00427 0.996767 0.996773 0.993532 0.994668 0.996047 0.998451 0.996742 0.998381 0.998971 1.00128 1.00441 1.00982 1.00665 1.015 1.0172 1.01525 1.00918 1.02732 1.0377 1.02987 1.04488 1.04231 1.05499 1.07422 1.07919 1.064 1.07478 1.09149 1.08648 1.10646 1.12038 1.0976 1.11956 1.12313 1.16055 1.17323 1.19471 1.18676 1.17012 1.17092 1.17384 1.22427 1.25649 1.28969 1.27451 1.26042 1.33573 1.30723 1.37325 1.36828 1.37499 1.31748 1.39017 1.40223 1.38502 1.33396 1.3786 1.37541 1.47353 
1.23767 1.27308 1.29714 1.20407 1.25611 1.23578 1.19662 1.1593 1.19086 1.21017 1.12478 1.14578 1.18722 1.16747 1.15483 1.15221 1.06044 1.12479 1.10737 1.11302 1.10238 1.10827 1.02207 1.07395 1.08022 1.02304 1.07632 1.05963 1.07936 1.03899 1.01398 1.01643 1.03567 1.00263 1.00596 1.02223 1.02043 0.998555 0.987187 1.01638 0.999406 0.990507 0.993043 0.981525 0.99371 0.994984 0.99796 0.996592 0.99652 0.998455 1.00016 1.0028 1.00657 1.00812 1.01501 1.02525 1.0256 1.02172 1.02314 1.03068 1.04669 1.05156 1.03549 1.05557 1.03901 1.06762 1.07229 1.08134 1.08646 1.10497 1.11197 1.11246 1.10849 1.12869 1.14621 1.16812 1.15492 1.1891 1.20245 1.19433 1.22237 1.21312 1.26303 1.23561 1.28765 1.25286 1.29423 1.27772 1.33981 1.32747 1.28876 1.41515 1.3826 1.46111 1.43189 1.42852 1.37138 1.44338 1.48085 1.46358 
1.26533 1.21715 1.32877 1.27721 1.18784 1.20888 1.1833 1.2183 1.17271 1.21408 1.16727 1.19575 1.10503 1.10836 1.16955 1.11833 1.16148 1.10362 1.12548 1.09846 1.0976 1.061 1.04402 1.08013 1.0667 1.03578 1.0318 1.01029 1.04582 1.03159 1.0041 1.01593 1.01493 1.01834 1.01489 1.00063 1.01066 1.00842 0.992732 0.993735 0.992534 1.00379 0.992361 0.992341 0.993259 0.995262 0.997962 0.997041 0.996693 0.999248 1.00095 1.00273 1.00437 1.00643 1.01355 1.01351 1.02393 1.02212 1.02569 1.03236 1.03025 1.0667 1.06347 1.0593 1.06321 1.0669 1.07812 1.09708 1.08626 1.09262 1.13521 1.1106 1.13555 1.13874 1.15516 1.14302 1.15779 1.14274 1.18829 1.183 1.21545 1.22211 1.20719 1.24446 1.26323 1.27343 1.22814 1.26183 1.28274 1.35732 1.37373 1.36244 1.36681 1.38178 1.4274 1.40872 1.4272 1.43654 1.43213 1.48117 
1.29258 1.29605 1.23322 1.2165 1.25779 1.21747 1.14329 1.14685 1.1852 1.28304 1.17576 1.13821 1.12757 1.14021 1.1623 1.14205 1.11423 1.10137 1.11225 1.07175 1.06807 1.05256 1.12137 1.03743 1.03006 1.04707 1.04999 1.05963 1.06613 1.02192 1.05981 1.03158 1.0089 1.01533 1.00726 1.02123 1.02748 1.008 0.996942 0.989755 0.993122 1.00359 0.985013 0.990029 0.997536 0.991063 0.989645 0.995222 0.997041 0.999312 1.00045 1.00404 1.00415 1.01 1.02145 1.02274 1.02804 1.02204 1.02845 1.03677 1.03572 1.05923 1.04472 1.06798 1.05533 1.05448 1.07927 1.08632 1.11648 1.08145 1.08862 1.11098 1.1215 1.10836 1.14078 1.15121 1.14363 1.18609 1.16666 1.22291 1.17854 1.23442 1.19814 1.24379 1.31414 1.28452 1.30108 1.29974 1.29614 1.32795 1.37548 1.36475 1.40085 1.42368 1.39555 1.38878 1.42859 1.4183 1.46557 1.46212 
1.25273 1.2466 1.19066 1.24164 1.26067 1.23393 1.21523 1.16991 1.19688 1.19813 1.17193 1.13324 1.08053 1.09359 1.11802 1.09503 1.13479 1.0913 1.06535 1.0524 1.08382 1.05498 1.11615 1.04446 1.0901 1.04153 1.03044 1.03156 1.01874 1.03965 1.0145 1.03969 1.02397 1.00138 1.00787 0.988111 0.994637 0.996094 1.00116 1.00341 0.985014 1.01018 0.990324 1.0002 0.995611 0.992944 0.996758 0.999282 0.996859 0.999324 1.00141 1.00319 1.00573 1.00893 1.01243 1.01258 1.02387 1.03272 1.03785 1.04067 1.0511 1.04595 1.03134 1.061 1.06647 1.0574 1.07968 1.10459 1.08573 1.08265 1.14012 1.14084 1.13562 1.14251 1.16528 1.18469 1.15475 1.19687 1.13457 1.13809 1.21879 1.15277 1.22995 1.23483 1.24544 1.2665 1.27973 1.28576 1.25648 1.26441 1.29933 1.38001 1.33207 1.35629 1.39134 1.38905 1.3965 1.39462 1.45177 1.49729 
1.22495 1.11573 1.2764 1.27657 1.27244 1.30338 1.17361 1.13957 1.22342 1.15334 1.17796 1.17158 1.14432 1.15286 1.10728 1.15267 1.11775 1.03961 1.04185 1.11873 1.03411 1.07378 1.04023 1.03781 1.05514 1.015 1.02802 1.042 1.07 1.06277 1.01273 1.04188 1.00968 1.00601 0.999623 1.00312 0.995602 1.00168 1.01029 0.980892 0.998989 0.995337 1.00073 0.986872 0.994434 1.00058 0.997595 0.998476 0.996019 0.999851 1.00085 1.00304 1.00736 1.0058 1.01974 1.01598 1.01707 1.01545 1.04157 1.03637 1.03786 1.06684 1.05773 1.0593 1.07404 1.08119 1.07119 1.08527 1.09741 1.10702 1.09735 1.10593 1.1324 1.15258 1.14946 1.13801 1.16693 1.20146 1.17914 1.19602 1.21548 1.26935 1.23887 1.25181 1.25737 1.31046 1.3098 1.29376 1.34402 1.25211 1.3581 1.35248 1.37385 1.34615 1.40098 1.31426 1.42834 1.47925 1.47323 1.47763 
1.23187 1.25191 1.32825 1.18161 1.21406 1.21935 1.21467 1.2565 1.1944 1.19988 1.13455 1.14976 1.1105 1.14551 1.10595 1.12087 1.14092 1.11413 1.08727 1.13258 1.07511 1.09167 1.09669 1.09198 1.05404 1.05607 1.05251 1.05823 1.03769 1.0295 1.03558 1.01893 0.987582 0.990317 1.0148 1.01749 1.00571 1.0008 1.00021 0.995493 1.00507 1.00984 0.996545 0.986006 1.00146 0.996904 0.996127 0.997873 0.997097 0.998364 1.00055 1.00311 1.00713 1.00752 1.0076 1.0164 1.01473 1.0169 1.01388 1.02934 1.03709 1.05924 1.05605 1.05457 1.0688 1.05835 1.08943 1.08609 1.09915 1.07706 1.1057 1.0992 1.10742 1.11839 1.14369 1.14742 1.18808 1.17969 1.1869 1.16952 1.15872 1.1853 1.24258 1.26158 1.2514 1.24499 1.30976 1.34222 1.2868 1.35637 1.32503 1.36082 1.32847 1.37938 1.39168 1.38584 1.46834 1.38884 1.52173 1.46173 
1.30363 1.29324 1.24889 1.2449 1.23433 1.23804 1.17587 1.17314 1.17703 1.14803 1.12209 1.21823 1.15623 1.11296 1.13992 1.08943 1.11472 1.07628 1.08782 1.11555 1.0467 1.04158 1.08883 1.06719 1.05086 1.05794 1.04693 1.04144 1.04064 1.01266 1.03965 1.00976 1.0182 1.01762 1.02093 1.0087 0.99647 1.01774 0.998629 0.992159 0.996053 0.99253 0.998844 0.996945 1.0007 0.998599 0.99587 0.998465 0.994976 0.999262 1.0007 1.00258 1.00665 1.01033 1.00839 1.01527 1.02591 1.01835 1.02629 1.03014 1.03895 1.04354 1.04697 1.04201 1.06058 1.0608 1.06695 1.09423 1.09091 1.11994 1.06983 1.10322 1.12433 1.17749 1.14826 1.14819 1.17618 1.2081 1.18021 1.17306 1.22437 1.21896 1.251 1.21764 1.26046 1.2787 1.27037 1.31988 1.38149 1.28832 1.32342 1.34325 1.4014 1.46408 1.42725 1.39943 1.42731 1.48856 1.38142 1.48673 
1.24293 1.33022 1.29714 1.21611 1.2641 1.21356 1.20918 1.14525 1.15126 1.17869 1.20275 1.18107 1.15326 1.11372 1.12223 1.15738 1.16205 1.10543 1.07741 1.084 1.13023 1.08314 1.10112 1.03007 1.06155 1.03956 1.04216 1.05169 1.05117 1.02731 1.03751 1.02734 1.01277 1.02321 1.02153 1.00847 1.00007 0.992631 0.987566 0.997582 1.00274 1.00243 0.99525 1.00226 0.989346 0.995476 0.991341 0.994257 0.99706 0.998489 1.00068 1.0034 1.00651 1.01223 1.01475 1.01417 1.02207 1.03298 1.0297 1.04008 1.03261 1.03805 1.04477 1.03621 1.05885 1.05461 1.06997 1.09215 1.10715 1.09002 1.1071 1.09767 1.16035 1.13054 1.14551 1.13892 1.15838 1.20244 1.17517 1.21248 1.21334 1.23681 1.24023 1.22183 1.28214 1.29475 1.24514 1.27846 1.29731 1.36352 1.30115 1.35236 1.34904 1.36754 1.39728 1.44974 1.4009 1.50928 1.48816 1.47084 
1.29525 1.25715 1.3257 1.26834 1.19631 1.18747 1.21662 1.18661 1.15328 1.18836 1.15726 1.14878 1.15081 1.16008 1.17202 1.16705 1.10766 1.04376 1.0738 1.07501 1.04897 1.10138 1.0664 1.05451 1.08069 1.08949 1.07983 1.0659 1.0236 1.02417 1.02851 1.01709 1.01795 1.01724 1.00962 1.0111 1.01723 0.99559 0.994065 0.991371 1.00319 0.993687 1.00108 0.995044 0.994195 0.996804 0.991136 0.997081 0.997263 0.998478 1.00172 1.00244 1.00511 1.0082 1.00883 1.01587 1.01896 1.02782 1.02746 1.03116 1.04183 1.04163 1.03086 1.06601 1.06365 1.07187 1.06938 1.10131 1.09044 1.10739 1.13107 1.11196 1.10702 1.1416 1.13899 1.188 1.19055 1.16671 1.17354 1.18531 1.21543 1.24248 1.21424 1.27868 1.22704 1.25052 1.24329 1.32074 1.30955 1.33417 1.33952 1.32084 1.35358 1.38782 1.42182 1.35317 1.4589 1.39173 1.47102 1.47611 
1.29634 1.23745 1.23283 1.21069 1.21835 1.16993 1.26379 1.19123 1.20762 1.19435 1.21105 1.11093 1.11435 1.08849 1.07776 1.11424 1.12122 1.09279 1.09513 1.07237 1.09735 1.08559 1.0925 1.06809 1.04026 1.02868 1.05532 1.0161 0.995811 1.05152 1.02726 1.02162 1.02014 0.990274 1.0221 0.994389 1.01895 0.978267 0.987478 1.00103 1.00308 0.98268 1.00972 0.991445 0.988255 0.994031 0.997133 0.996751 0.997812 0.999632 1.00089 1.00325 1.00536 1.00792 1.01753 1.01622 1.0164 1.01822 1.03612 1.01532 1.03341 1.04544 1.07127 1.05275 1.05489 1.05938 1.07881 1.08203 1.1033 1.08923 1.08967 1.11956 1.11592 1.15283 1.14979 1.16084 1.17189 1.19413 1.18187 1.21279 1.22575 1.22453 1.22647 1.22906 1.24519 1.26009 1.28321 1.32006 1.35084 1.32378 1.34452 1.33586 1.34822 1.36427 1.44927 1.36397 1.39417 1.44624 1.45135 1.38943 
1.24077 1.29477 1.30681 1.21701 1.28754 1.22116 1.23115 1.20977 1.14092 1.25221 1.21512 1.11074 1.17887 1.10746 1.14693 1.11558 1.13192 1.12744 1.10877 1.11377 1.1035 1.09667 1.06731 1.08497 1.08123 1.06848 1.03877 1.06413 1.00639 1.02393 1.0368 1.00501 1.01107 1.01024 1.02819 0.999129 0.99844 0.996489 1.00156 0.992821 1.00529 0.999135 0.995174 0.993901 1.00046 0.993309 0.999845 0.997795 0.997177 0.999223 1.00113 1.0026 1.00387 1.00949 1.00867 1.01835 1.0184 1.0214 1.02117 1.0394 1.03653 1.0623 1.03544 1.05344 1.06486 1.05758 1.09959 1.05461 1.10835 1.10345 1.10389 1.1137 1.12874 1.14468 1.15306 1.14898 1.17508 1.1194 1.19264 1.20648 1.19515 1.19727 1.20274 1.29503 1.29145 1.27444 1.24814 1.27242 1.32659 1.28844 1.36795 1.35354 1.36218 1.39992 1.38575 1.30509 1.3934 1.43779 1.4247 1.44631 
1.32276 1.30443 1.32598 1.2984 1.2259 1.20079 1.21786 1.24177 1.18729 1.19233 1.23154 1.1166 1.18822 1.21347 1.17036 1.09287 1.08899 1.05499 1.06618 1.1144 1.08622 1.06885 1.12385 1.03085 1.0562 1.06497 1.00916 1.04042 1.05596 1.05379 1.04224 1.0123 1.00063 1.01227 1.02614 1.02188 1.01221 1.01212 1.01187 1.01109 0.991855 0.980514 0.992595 0.995676 0.99251 0.994454 0.991754 0.993623 0.997842 0.999092 1.00071 1.00527 1.00416 1.01116 1.01014 1.01364 1.02217 1.01708 1.02478 1.04155 1.05073 1.03022 1.03248 1.07557 1.06781 1.08542 1.07786 1.10256 1.0907 1.09387 1.13359 1.14053 1.12333 1.15386 1.11518 1.17233 1.15 1.15569 1.1849 1.21369 1.22927 1.20317 1.2581 1.25013 1.22306 1.29716 1.29553 1.2768 1.3462 1.28884 1.35736 1.37206 1.35291 1.37323 1.3492 1.435 1.40676 1.39809 1.39083 1.37854 
1.3065 1.26747 1.23145 1.24613 1.28103 1.21729 1.14846 1.20013 1.21106 1.217 1.18719 1.13192 1.13915 1.13408 1.15361 1.08963 1.11689 1.13142 1.09146 1.08994 1.11502 1.06113 1.07661 1.04235 1.0852 1.04679 1.03587 1.02868 1.02028 1.05091 1.00694 1.00565 1.03155 1.01737 1.00661 1.02016 1.01394 1.01533 0.994841 0.997365 0.987841 0.996685 0.998917 1.0023 1.00237 0.998505 0.998335 0.995504 0.998651 0.999315 1.0014 1.00442 1.00503 1.00598 1.01248 1.01435 1.0165 1.02343 1.03223 1.04254 1.05057 1.03365 1.05146 1.06332 1.04382 1.07531 1.07521 1.08876 1.09989 1.08063 1.11574 1.10028 1.1148 1.15232 1.16493 1.15285 1.15301 1.16834 1.19208 1.18247 1.21214 1.23077 1.2342 1.24287 1.26481 1.25883 1.25887 1.26231 1.32609 1.31152 1.28634 1.33999 1.33802 1.38319 1.4143 1.38484 1.4412 1.45504 1.46366 1.52735 
1.3281 1.21361 1.29465 1.28714 1.12469 1.26985 1.28825 1.17035 1.19998 1.15667 1.16678 1.21815 1.15556 1.14497 1.12731 1.1743 1.13685 1.08434 1.07894 1.15401 1.11053 1.07015 1.08122 1.02887 1.05184 1.06396 1.09944 1.02639 1.06677 1.02174 1.01342 1.05629 1.01935 1.0295 1.02128 0.981991 0.997237 1.00633 0.99048 0.986065 1.00179 0.993723 0.997668 0.987743 0.997451 0.991137 0.989791 0.993117 1.00137 0.999541 1.00054 1.0038 1.00716 1.006 1.01016 1.01237 1.01408 1.02253 1.0326 1.02934 1.04701 1.02686 1.04903 1.04763 1.06148 1.0762 1.08016 1.07872 1.0908 1.07083 1.11334 1.0991 1.13058 1.13602 1.12954 1.13246 1.21178 1.1549 1.2124 1.16423 1.23169 1.25205 1.21605 1.31486 1.26228 1.24953 1.29914 1.30324 1.28969 1.32383 1.31277 1.34014 1.38606 1.36726 1.35932 1.37394 1.40573 1.47936 1.50263 1.49556 
1.34611 1.35434 1.24829 1.24279 1.194 1.20537 1.15926 1.22098 1.14627 1.13635 1.12989 1.18171 1.09977 1.19265 1.10116 1.17731 1.15446 1.08643 1.13503 1.11674 1.13752 1.12084 1.12621 1.06528 1.01763 1.07986 1.05423 1.05674 1.02515 1.0623 1.03321 1.03536 1.02717 1.03408 1.0468 0.994887 1.01177 1.01427 0.996118 0.988188 1.00939 0.997474 0.993058 1.00095 0.998394 0.986879 1.00113 0.99717 0.997429 0.999197 1.00073 1.00248 1.00605 1.00644 1.01038 1.0182 1.02683 1.02603 1.02978 1.02736 1.04193 1.0373 1.05315 1.05509 1.06781 1.07531 1.08438 1.08025 1.10414 1.07692 1.09342 1.10631 1.11117 1.17228 1.13257 1.10661 1.1493 1.16629 1.19075 1.18722 1.2064 1.20227 1.24699 1.19699 1.30827 1.22796 1.28843 1.3151 1.28421 1.24803 1.33511 1.35672 1.35495 1.3428 1.3843 1.4001 1.36918 1.4444 1.48464 1.47568 
1.24474 1.2803 1.3054 1.23668 1.24794 1.19678 1.22907 1.21583 1.21771 1.1647 1.13072 1.17429 1.15473 1.1525 1.19115 1.0809 1.11831 1.0905 1.13701 1.09095 1.08055 1.05537 1.08361 1.05538 1.08657 1.04543 1.0341 1.03482 1.03992 1.03143 1.03164 1.01565 1.03182 1.01725 1.01118 1.00377 1.01067 0.995838 0.992663 1.00919 0.995414 0.995909 0.992052 0.986268 0.997009 0.996601 0.990893 0.998243 0.995972 0.998995 1.00062 1.00406 1.00432 1.0044 1.00795 1.01397 1.02192 1.02513 1.02678 1.03785 1.03672 1.03485 1.05772 1.06139 1.06194 1.05744 1.08391 1.07842 1.0892 1.09403 1.09409 1.09827 1.12384 1.14178 1.17744 1.13064 1.1687 1.146 1.18632 1.21389 1.232 1.25564 1.2168 1.27942 1.24437 1.26387 1.30446 1.24308 1.3235 1.35591 1.27868 1.32491 1.30048 1.42344 1.40043 1.40076 1.3981 1.46074 1.43954 1.4257 
1.25065 1.25161 1.24929 1.2077 1.29957 1.22263 1.28094 1.21492 1.21477 1.15617 1.20322 1.13547 1.151 1.09661 1.19837 1.1303 1.11812 1.1081 1.10327 1.0761 1.10469 1.08478 1.07528 1.0516 1.06566 1.04922 1.0883 1.03559 1.03301 1.04532 1.01552 1.03452 1.04549 1.01599 1.02882 1.01434 1.01391 1.0078 1.01341 0.994687 1.01298 1.00452 0.995698 0.994174 1.00058 1.00107 0.998403 0.996455 0.997142 0.998988 1.00114 1.0045 1.0068 1.01227 1.01519 1.02333 1.02019 1.02544 1.02463 1.0282 1.03118 1.03107 1.04566 1.05634 1.05953 1.04394 1.09093 1.06595 1.09392 1.13316 1.08599 1.15402 1.11727 1.13494 1.12498 1.17917 1.1651 1.18267 1.14302 1.11534 1.18464 1.23653 1.21741 1.21516 1.24434 1.25596 1.2837 1.28411 1.3379 1.34371 1.34164 1.36955 1.31278 1.34354 1.39773 1.40598 1.47502 1.37503 1.44377 1.44805 
1.29805 1.20087 1.26343 1.33259 1.15061 1.22494 1.28699 1.21436 1.20892 1.20816 1.1617 1.12556 1.17272 1.13114 1.08639 1.14811 1.09614 1.16763 1.10009 1.07276 1.07442 1.08001 1.08801 1.08887 1.04489 1.08887 1.04275 1.01482 1.04771 1.03757 1.01593 1.05757 1.03273 1.03309 0.994688 1.00201 0.994106 0.99032 0.99943 0.999787 0.994134 0.99044 0.990786 0.99291 0.992983 0.989853 0.9969 0.991058 0.997865 0.99857 1.00077 1.00261 1.00397 1.01025 1.01811 1.00791 1.02059 1.01373 1.03081 1.04479 1.03778 1.03369 1.04676 1.03502 1.06231 1.06195 1.06425 1.10208 1.10425 1.09598 1.09636 1.12366 1.11824 1.1188 1.1092 1.14717 1.1329 1.20539 1.23142 1.18539 1.20229 1.25471 1.27012 1.23634 1.2736 1.24586 1.25408 1.27882 1.29781 1.35606 1.30165 1.35604 1.39127 1.33934 1.40551 1.42416 1.46429 1.44971 1.43752 1.53514 
1.29227 1.29887 1.26954 1.25396 1.23868 1.25404 1.171 1.17097 1.20073 1.17068 1.19653 1.14625 1.08357 1.13781 1.097 1.1044 1.14991 1.11843 1.12325 1.09598 1.08839 1.10122 1.12215 1.08279 1.06876 1.04704 1.03554 1.02685 1.05169 1.0243 1.00399 1.0357 1.02505 1.04057 1.01723 1.00743 1.00592 1.00505 1.00236 0.999616 0.990516 0.997089 0.997572 0.991109 0.988088 0.995545 0.994773 0.995595 1.00004 0.999214 1.00072 1.00164 1.00478 1.00584 1.00633 1.01078 1.01934 1.02231 1.03792 1.03079 1.01736 1.05153 1.06007 1.06028 1.07612 1.06241 1.08425 1.08289 1.09321 1.08242 1.1145 1.07875 1.14403 1.14832 1.11555 1.1541 1.18612 1.19486 1.16149 1.23694 1.2335 1.20795 1.216 1.25692 1.24385 1.28779 1.31329 1.32922 1.35995 1.32317 1.27121 1.28568 1.39338 1.39341 1.39536 1.38226 1.43663 1.43748 1.41276 1.49549 
1.24107 1.23322 1.42343 1.2904 1.20127 1.18228 1.19125 1.22721 1.17121 1.16167 1.15852 1.18581 1.10851 1.13721 1.18591 1.12649 1.16035 1.08919 1.10441 1.09589 1.04348 1.08902 1.07497 1.07591 1.07586 1.05828 1.01874 1.01717 1.04658 1.03906 1.03152 1.0382 1.00294 1.03535 1.01983 1.03398 1.0029 1.01066 1.02852 1.01284 1.00242 1.01098 0.989659 0.998135 1.00072 0.997318 0.999464 0.999293 0.998089 0.998754 1.00143 1.00222 1.00547 1.01175 1.01541 1.01509 1.01536 1.02859 1.02869 1.03624 1.04099 1.04703 1.06014 1.05266 1.04327 1.08173 1.0905 1.06207 1.08408 1.08941 1.07725 1.13033 1.12574 1.16608 1.18476 1.18111 1.14671 1.18321 1.20095 1.1899 1.21355 1.23765 1.22711 1.26879 1.25784 1.21641 1.30328 1.34731 1.2861 1.36903 1.33719 1.33844 1.40554 1.3506 1.39076 1.4204 1.37046 1.43504 1.39386 1.44753 
1.25758 1.32013 1.29248 1.23026 1.20906 1.1864 1.17093 1.14995 1.16474 1.20223 1.16601 1.13907 1.1638 1.17287 1.14868 1.14388 1.1319 1.12848 1.08514 1.10982 1.1065 1.08238 1.06277 1.03357 1.04389 1.04506 1.04322 1.02085 1.03347 1.05749 1.01641 1.05489 1.03349 1.02884 1.02925 0.997708 1.00777 1.00354 1.00712 0.998 0.997458 1.00316 0.984492 0.996491 0.993356 0.991663 0.99593 0.997877 0.998403 0.99972 1.00122 1.00358 1.00722 1.01045 1.00515 1.01676 1.01938 1.01693 1.02613 1.04358 1.05201 1.04388 1.05492 1.05815 1.08017 1.05539 1.05916 1.09075 1.07237 1.12103 1.09581 1.12405 1.13119 1.11828 1.15412 1.14247 1.181 1.18728 1.15064 1.16955 1.20158 1.24455 1.21718 1.25525 1.25237 1.29958 1.30271 1.31528 1.29376 1.30969 1.32827 1.37919 1.38217 1.33018 1.30219 1.39883 1.34513 1.4493 1.44119 1.4482 
1.26916 1.30498 1.19893 1.23387 1.26013 1.17041 1.23955 1.19455 1.19709 1.17003 1.16576 1.14234 1.16567 1.14706 1.13272 1.15289 1.09226 1.1157 1.07155 1.08861 1.08845 1.08524 1.06748 1.09224 1.07246 1.06735 1.06991 1.04073 1.02917 0.997093 1.03303 1.05037 1.00656 1.00235 1.03312 1.02 1.01966 1.01599 0.998718 1.01005 0.981652 0.992509 0.996771 0.984612 0.995851 0.992469 0.993583 0.996468 0.997457 0.999002 1.00054 1.0025 1.00344 1.00446 1.00549 1.01587 1.01593 1.02554 1.03187 1.03961 1.03196 1.04775 1.03054 1.04617 1.05748 1.0592 1.09607 1.08465 1.08491 1.08743 1.12361 1.12382 1.11784 1.1265 1.14871 1.16064 1.18585 1.16332 1.17189 1.19369 1.21395 1.23403 1.26194 1.26891 1.25289 1.24761 1.23947 1.29879 1.30961 1.34297 1.33798 1.36746 1.39041 1.3508 1.38468 1.42281 1.4183 1.42455 1.46148 1.49233 
1.17611 1.25651 1.26105 1.31419 1.24535 1.15913 1.16562 1.18204 1.1967 1.20304 1.16221 1.15845 1.13039 1.21197 1.14115 1.12223 1.13143 1.14321 1.10231 1.10582 1.05001 1.07153 1.07856 1.03936 1.09441 1.07754 1.08028 1.05826 1.0283 1.03381 1.028 1.01642 1.014 1.01681 0.998827 1.01215 1.02026 1.00579 0.993791 0.998003 1.00378 0.998559 1.00035 1.00348 0.991923 0.999424 0.997314 0.996442 0.996981 0.999233 1.00083 1.00263 1.00628 1.00819 1.00674 1.01731 1.01244 1.01911 1.02059 1.04625 1.03197 1.0493 1.03319 1.06652 1.07518 1.08857 1.06771 1.05664 1.07691 1.09916 1.1107 1.09091 1.13514 1.13458 1.12677 1.1815 1.1354 1.17785 1.20957 1.20169 1.20056 1.21439 1.18807 1.23465 1.21399 1.2377 1.26854 1.25838 1.26834 1.3272 1.33023 1.30018 1.32643 1.29698 1.44194 1.35347 1.4165 1.37889 1.44149 1.49916 
1.22766 1.25971 1.23676 1.1655 1.17689 1.25381 1.2633 1.18165 1.18952 1.2201 1.15684 1.18902 1.19586 1.13661 1.17509 1.17029 1.1364 1.08549 1.12212 1.11353 1.10666 1.07379 1.03692 1.07628 1.08879 1.0871 1.05622 1.0247 1.0491 1.01292 1.03312 1.05308 1.01806 0.997178 1.0226 1.01206 1.0241 0.99893 1.01406 0.990947 1.0054 0.991959 0.984118 0.999256 0.989155 0.999691 0.999416 0.996032 0.998313 0.998647 1.00062 1.00375 1.00836 1.00583 1.0071 1.01913 1.02447 1.02981 1.0261 1.03197 1.0377 1.05644 1.05204 1.04752 1.07093 1.05002 1.08992 1.06378 1.10587 1.0963 1.11097 1.09811 1.10813 1.12069 1.13545 1.17103 1.21105 1.16264 1.20636 1.1674 1.20518 1.24139 1.24286 1.25523 1.2721 1.2669 1.28292 1.32492 1.27934 1.36654 1.3378 1.29671 1.41513 1.37982 1.34569 1.3605 1.4318 1.41138 1.45262 1.41497 
1.28075 1.27476 1.32169 1.19133 1.19319 1.28006 1.13937 1.20706 1.21534 1.12681 1.17573 1.12314 1.16979 1.15615 1.16604 1.16985 1.1361 1.12626 1.15916 1.07175 1.0852 1.03076 1.11499 1.06765 1.08058 1.02269 1.07006 1.02675 1.06638 1.04725 0.978774 1.00942 1.02902 1.00635 1.0181 1.00535 1.00379 1.00291 1.01737 1.00962 0.985997 1.00268 0.988062 0.995305 0.999198 0.994887 0.997358 0.996139 0.998314 0.999368 1.00099 1.0037 1.00678 1.00532 1.0119 1.01647 1.01307 1.02373 1.02984 1.02996 1.0535 1.03356 1.05497 1.04823 1.05545 1.06344 1.05501 1.07476 1.06569 1.09878 1.10805 1.12699 1.1069 1.12818 1.15525 1.15402 1.15263 1.20717 1.15804 1.18406 1.22053 1.22547 1.25279 1.21296 1.25334 1.24991 1.23627 1.28259 1.27875 1.27836 1.33575 1.34312 1.33137 1.36452 1.37944 1.4481 1.39744 1.4342 1.40728 1.49153 
1.25838 1.32237 1.22555 1.19099 1.24499 1.30274 1.27666 1.20852 1.19333 1.21325 1.18028 1.20649 1.16013 1.13168 1.13974 1.16822 1.16688 1.12212 1.10444 1.09367 1.12154 1.06029 1.10624 1.07055 1.04505 1.04046 1.04571 1.06813 1.03537 1.04387 1.05605 1.02461 1.01803 0.995952 1.00407 1.01623 1.01317 0.984475 0.996965 1.01686 0.999129 0.98974 0.997433 0.997562 0.997684 1.00014 0.993291 0.999334 0.997294 0.998991 1.00048 1.00241 1.00257 1.00969 1.01251 1.01942 1.02764 1.02599 1.02034 1.03623 1.0458 1.04561 1.05374 1.05393 1.05186 1.08 1.08531 1.0995 1.09262 1.10389 1.12722 1.09537 1.1294 1.15513 1.18395 1.14281 1.18111 1.19764 1.18362 1.17797 1.2092 1.20823 1.2309 1.26777 1.25575 1.29075 1.24207 1.2691 1.29485 1.28531 1.36417 1.39251 1.36696 1.37678 1.37213 1.43088 1.46565 1.41923 1.45022 1.33941 
1.24943 1.18876 1.2371 1.23471 1.24079 1.2256 1.22415 1.19527 1.22549 1.14932 1.2234 1.19691 1.1197 1.15177 1.14384 1.1406 1.12709 1.18496 1.11973 1.09338 1.10925 1.1043 1.06092 1.07846 1.03692 1.01083 1.05208 1.01491 1.03497 1.02287 0.990423 1.02833 1.02291 1.02415 1.03078 0.993421 1.01544 1.0019 1.00237 1.003 1.00171 1.00024 0.999644 0.997947 0.987066 0.99627 0.994338 0.997245 0.996314 0.999704 1.00043 1.00339 1.00224 1.01089 1.01782 1.01945 1.02566 1.02194 1.0244 1.03818 1.04826 1.02985 1.04367 1.06387 1.07804 1.07486 1.05702 1.07208 1.10526 1.12244 1.10358 1.12096 1.1209 1.11763 1.1455 1.15177 1.20147 1.16661 1.16015 1.16965 1.20131 1.2293 1.2282 1.30035 1.25114 1.27837 1.26739 1.31104 1.26847 1.27751 1.29065 1.35347 1.29951 1.33579 1.41664 1.31678 1.40194 1.45327 1.44448 1.44969 
1.27885 1.34511 1.27429 1.31251 1.18737 1.29474 1.13733 1.23302 1.16547 1.21234 1.22038 1.10275 1.14602 1.1497 1.13506 1.11923 1.09792 1.14689 1.12162 1.10248 1.08608 1.11867 1.04956 1.05954 1.04714 1.05525 1.06589 1.05667 1.03997 1.00407 1.04287 1.03319 1.01325 1.02115 1.01477 0.996976 0.994585 1.01066 1.00743 1.01094 1.00786 1.00297 1.00429 0.989301 1.00373 1.00092 0.99324 0.994696 0.997407 0.998763 1.00119 1.0045 1.00668 1.01185 1.00988 1.00864 1.02433 1.02692 1.02825 1.03572 1.04051 1.03153 1.04827 1.06073 1.08018 1.08548 1.07319 1.06424 1.10853 1.11028 1.11685 1.11126 1.09314 1.12377 1.13733 1.12557 1.17641 1.17781 1.21964 1.197 1.1477 1.25186 1.24713 1.28258 1.24855 1.26304 1.27796 1.26133 1.30233 1.27612 1.35619 1.33654 1.35633 1.35213 1.36306 1.38651 1.41468 1.45766 1.47143 1.48595 
1.25022 1.30083 1.3206 1.29105 1.24148 1.24332 1.16274 1.28154 1.2254 1.17351 1.19401 1.14514 1.20113 1.13262 1.16881 1.14914 1.15586 1.10836 1.03937 1.15218 1.06817 1.06948 1.08085 1.05727 1.06273 1.05718 1.06946 1.07467 1.02782 1.04961 1.04796 1.0041 1.00474 1.03319 0.99893 1.01712 0.999427 0.996497 1.0035 1.01641 0.991208 1.00377 0.998561 1.00361 0.995991 0.997299 0.990869 1.00002 0.997389 0.999059 1.00063 1.00296 1.0049 1.00561 1.01752 1.00872 1.00862 1.02324 1.04151 1.0253 1.04026 1.04644 1.03121 1.04336 1.0477 1.06087 1.08499 1.10038 1.09802 1.08191 1.10639 1.11247 1.13296 1.14419 1.17968 1.15257 1.14951 1.18506 1.16648 1.18756 1.18294 1.2227 1.23934 1.24424 1.2347 1.23121 1.26929 1.29742 1.35189 1.29444 1.28008 1.35735 1.35689 1.40142 1.38073 1.32828 1.43524 1.42641 1.43279 1.46145 
1.19017 1.23131 1.28477 1.27154 1.26615 1.19962 1.27762 1.21071 1.14026 1.09416 1.20671 1.11447 1.15541 1.17215 1.16725 1.06564 1.08352 1.10809 1.09612 1.07986 1.04906 1.06774 1.09419 1.08114 1.06188 1.05939 1.05155 1.10592 1.03072 1.00248 1.05684 1.03745 1.02493 1.0467 1.04072 1.01857 0.99777 1.02964 0.978721 1.01665 0.998383 1.01263 1.00017 0.989201 0.997915 0.990825 0.995643 0.99785 0.998623 0.999382 1.00121 1.00366 1.00522 1.00917 1.00651 1.02166 1.01935 1.01858 1.02671 1.04285 1.03499 1.03919 1.04475 1.06868 1.06613 1.08315 1.07089 1.05973 1.08231 1.08707 1.08728 1.13029 1.17898 1.16146 1.10816 1.1461 1.15723 1.18362 1.18575 1.21967 1.20249 1.20894 1.25032 1.16147 1.27461 1.31954 1.21709 1.31292 1.27715 1.32724 1.39107 1.27901 1.31716 1.40493 1.40096 1.40078 1.39256 1.44137 1.48415 1.50101 
1.26085 1.26887 1.23929 1.23548 1.26442 1.24325 1.19442 1.2004 1.17135 1.23597 1.20266 1.12642 1.11295 1.14727 1.17405 1.11453 1.1505 1.12558 1.03211 1.13022 1.06955 1.10056 1.05275 1.06399 1.06689 1.06126 1.05003 1.03013 1.01646 1.05305 1.0398 1.02912 0.999214 1.03734 1.00314 1.00525 0.989852 1.00757 0.997786 0.991797 1.00827 0.997902 0.99198 1.0008 0.996622 0.994771 0.993196 0.995126 0.999886 0.999306 1.00101 1.00564 1.00507 1.0142 1.00789 1.0083 1.02125 1.02241 1.03611 1.0282 1.03224 1.04021 1.05007 1.04116 1.06391 1.07323 1.06771 1.09329 1.10193 1.10034 1.10031 1.09398 1.15731 1.1518 1.14875 1.11565 1.16326 1.18987 1.23435 1.20186 1.22797 1.24389 1.2249 1.20937 1.24981 1.33199 1.28269 1.29538 1.27515 1.31177 1.36274 1.29692 1.38507 1.34269 1.38329 1.44519 1.44339 1.47287 1.48262 1.49366 
1.30166 1.21837 1.27918 1.27857 1.27378 1.23683 1.20927 1.24176 1.18468 1.17608 1.19049 1.10993 1.14417 1.17541 1.17527 1.10091 1.10298 1.09624 1.12143 1.10609 1.0999 1.11199 1.06369 1.11375 1.04081 1.04574 1.04416 1.03642 1.06088 1.04621 1.02902 1.01041 1.00555 1.01054 0.987787 1.00979 0.997607 1.02015 1.02241 0.991821 0.995942 0.994965 0.990004 0.991529 0.996268 0.991843 0.991576 0.999959 0.995745 0.999452 1.00111 1.00211 1.00152 1.00938 1.01108 1.01076 1.02207 1.02003 1.02591 1.03825 1.03995 1.04614 1.06703 1.04874 1.0627 1.06935 1.08394 1.0966 1.06478 1.11041 1.12603 1.11035 1.11458 1.14458 1.17491 1.18131 1.14056 1.17311 1.21613 1.17583 1.24293 1.1936 1.22095 1.23586 1.27304 1.29281 1.32279 1.30186 1.29121 1.30985 1.31976 1.34524 1.33123 1.3962 1.39368 1.43151 1.31878 1.44806 1.47823 1.44606 
1.3159 1.28556 1.26753 1.20741 1.2736 1.15338 1.2064 1.22934 1.2309 1.17092 1.15655 1.14376 1.1506 1.17285 1.15115 1.10967 1.13991 1.1192 1.08469 1.07456 1.0921 1.08485 1.09192 1.04125 1.03917 1.05177 1.07002 1.0433 1.0274 1.02724 0.992752 1.00446 1.02873 1.00753 1.00478 1.00644 1.01493 1.01532 0.984809 0.99924 0.989077 1.0053 0.99237 0.994052 1.00064 0.995029 0.995783 0.998114 0.997202 0.998504 1.00103 1.00309 1.00598 1.01485 1.0123 1.01478 1.02107 1.02342 1.01977 1.03465 1.05396 1.02926 1.04174 1.06083 1.07065 1.07274 1.05276 1.08369 1.0973 1.09955 1.12183 1.12252 1.12749 1.15523 1.15515 1.12188 1.14974 1.19183 1.16156 1.19833 1.2136 1.22795 1.20789 1.24917 1.26326 1.2772 1.27243 1.27963 1.31143 1.28028 1.33871 1.32732 1.3388 1.3866 1.35123 1.41777 1.40994 1.47784 1.44889 1.47839 
1.23914 1.34149 1.33733 1.2668 1.21052 1.16172 1.22473 1.21552 1.18273 1.1473 1.19364 1.17095 1.22745 1.09059 1.16112 1.1356 1.15663 1.09254 1.11251 1.08684 1.11645 1.06361 1.07633 1.07166 1.0617 1.05487 1.04875 1.02619 1.0345 1.03508 1.01525 1.04645 1.02578 1.01167 1.00236 1.015 1.01146 1.0133 0.99861 1.00004 1.00254 0.989835 0.981492 1.00208 0.995452 0.997259 0.999179 0.997433 0.998285 0.99863 1.00058 1.00398 1.00607 1.01499 1.01435 1.01134 1.01278 1.01726 1.02794 1.02918 1.04956 1.03345 1.04742 1.03671 1.08996 1.05987 1.08927 1.09726 1.08742 1.07796 1.10629 1.08036 1.12448 1.14605 1.13648 1.17445 1.16301 1.17512 1.18558 1.17684 1.2146 1.19386 1.23851 1.30894 1.29621 1.31803 1.26 1.30476 1.30112 1.30002 1.27182 1.35972 1.28172 1.35721 1.38623 1.38774 1.42179 1.46843 1.4257 1.45098 
1.15237 1.21938 1.27586 1.28951 1.23108 1.22041 1.22149 1.19951 1.22113 1.15093 1.20166 1.19038 1.155 1.14005 1.11285 1.10524 1.10791 1.07281 1.07741 1.06609 1.11475 1.08345 1.08538 1.10006 1.06004 1.07876 1.07232 1.05607 1.02628 1.01484 1.05558 1.00169 1.03719 1.03549 1.0081 1.01523 0.996147 1.02338 1.0212 1.00975 1.00652 0.994814 0.994169 0.99892 0.994352 0.99313 0.997186 0.99722 0.999605 0.99974 1.00065 1.00427 1.00191 1.00571 1.01253 1.01286 1.01766 1.00617 1.03362 1.03935 1.03652 1.04478 1.04821 1.05078 1.06631 1.07624 1.08782 1.08659 1.08253 1.09309 1.09623 1.13054 1.12169 1.12539 1.1319 1.12887 1.21493 1.15895 1.16394 1.17415 1.24524 1.17884 1.21347 1.21018 1.2447 1.27475 1.30937 1.24028 1.34139 1.30456 1.33408 1.33038 1.35602 1.40457 1.39558 1.41824 1.47293 1.45613 1.43961 1.4286 
1.25074 1.26205 1.17929 1.23964 1.28412 1.23846 1.20655 1.25034 1.22888 1.20969 1.174 1.17639 1.13224 1.10727 1.14361 1.14201 1.07478 1.06114 1.08529 1.11224 1.07791 1.12037 1.08167 1.06163 1.04943 1.06113 1.07318 1.05687 1.01462 1.02361 1.04606 1.01693 0.989581 1.01696 1.02248 1.01234 0.998183 1.00559 1.00885 1.01891 1.00088 0.995916 1.00124 1.00271 0.995678 0.999643 0.990961 0.994513 0.997805 0.999602 1.00134 1.00285 1.00552 1.00862 1.01367 1.01166 1.01884 1.0319 1.02668 1.03369 1.05349 1.04819 1.07031 1.06573 1.05319 1.082 1.0808 1.08857 1.08223 1.12396 1.12429 1.11305 1.11021 1.15076 1.11613 1.16004 1.16897 1.13028 1.1539 1.16925 1.19177 1.20725 1.23125 1.22885 1.27346 1.27563 1.26577 1.30659 1.22283 1.32298 1.31779 1.32649 1.35555 1.42309 1.36434 1.39715 1.40362 1.43615 1.45827 1.43785 
1.2258 1.33721 1.24738 1.37085 1.27027 1.34595 1.25236 1.25669 1.1618 1.16472 1.20073 1.1573 1.16332 1.17898 1.17914 1.09725 1.14454 1.12118 1.05775 1.09802 1.11872 1.06453 1.05386 1.04842 1.04184 1.04517 1.06651 1.02459 1.03246 1.03036 1.0054 1.03077 1.01415 1.04158 1.01742 0.986572 1.01716 1.00817 0.997133 0.994343 0.9898 1.00828 0.998118 0.999929 0.993864 1.00282 0.994794 0.995758 0.994587 0.999226 1.00102 1.00368 1.00447 1.00991 1.0107 1.01576 1.01619 1.02651 1.0354 1.02772 1.02877 1.04535 1.05349 1.04797 1.04919 1.0412 1.07626 1.07849 1.08887 1.09075 1.11802 1.11392 1.10114 1.14038 1.14075 1.11589 1.17683 1.17342 1.20859 1.20513 1.21547 1.21701 1.20082 1.24299 1.25916 1.27825 1.29321 1.27724 1.292 1.3465 1.33169 1.35905 1.34228 1.34693 1.37827 1.32202 1.43714 1.45319 1.40724 1.51302 
1.24575 1.20912 1.30647 1.19504 1.31154 1.25762 1.16431 1.14524 1.21152 1.19063 1.22003 1.20751 1.19788 1.15851 1.12537 1.16404 1.14306 1.08522 1.08927 1.12023 1.07023 1.08255 1.05958 1.09211 1.04111 1.04161 1.07635 1.02788 1.04523 1.04673 1.05028 1.05651 1.01287 1.01583 1.022 1.01846 0.995965 1.01493 1.00988 1.00077 1.00166 0.991215 0.985371 0.996446 0.990146 0.994126 0.994626 0.995389 0.997559 0.99886 1.0012 1.00454 1.00284 1.00774 1.01661 1.02183 1.02652 1.03153 1.02526 1.03103 1.04367 1.06824 1.04965 1.05625 1.05376 1.05959 1.0674 1.08798 1.12449 1.10306 1.11907 1.13209 1.15904 1.16224 1.15656 1.1645 1.14829 1.12026 1.18638 1.22954 1.22261 1.19994 1.18157 1.27864 1.27921 1.25362 1.24723 1.28116 1.30119 1.27322 1.34724 1.36788 1.38788 1.45447 1.438 1.36764 1.46564 1.44624 1.45411 1.47319 
1.36221 1.13453 1.20527 1.21376 1.25978 1.21335 1.19056 1.19142 1.18979 1.18778 1.20012 1.20069 1.17179 1.14687 1.16217 1.11248 1.09109 1.07528 1.10074 1.11787 1.0678 1.07108 1.07233 1.0665 1.06132 1.05599 1.10143 1.0447 1.06275 1.01217 1.04246 1.05009 0.997715 1.01539 1.00997 1.01178 1.01814 1.01819 1.00513 1.00839 0.998219 1.00241 1.00078 0.997762 0.997888 0.995905 0.99631 0.993487 0.996469 0.998557 1.00057 1.00418 1.00729 1.00763 1.01226 1.00682 1.01049 1.02196 1.03507 1.0442 1.03371 1.03327 1.06186 1.06149 1.06915 1.07996 1.09457 1.09812 1.09454 1.13281 1.13419 1.09833 1.12923 1.13954 1.12619 1.1302 1.17804 1.15509 1.1585 1.16552 1.24437 1.19465 1.21675 1.20659 1.23764 1.26192 1.23658 1.28907 1.30828 1.26662 1.26256 1.36551 1.3513 1.36685 1.40425 1.46721 1.39194 1.38604 1.46763 1.4303 
1.27732 1.19955 1.29068 1.23279 1.2334 1.31359 1.2068 1.20345 1.20506 1.19253 1.10137 1.15358 1.1766 1.13812 1.07764 1.15608 1.1158 1.07442 1.0941 1.13117 1.07069 1.06369 1.06783 1.05723 1.0599 1.05456 1.05731 1.06035 1.04133 1.01938 1.05329 1.05184 1.01574 1.01352 1.00592 1.03562 1.00031 1.00093 0.994629 0.999543 0.990503 0.984557 0.996265 0.999554 0.998853 0.994007 0.998269 0.998838 0.997725 0.998578 1.00044 1.00368 1.00807 1.00887 1.008 1.0181 1.0227 1.01786 1.02745 1.0321 1.02349 1.05833 1.05616 1.02924 1.076 1.07218 1.07575 1.10042 1.10719 1.11469 1.1381 1.07819 1.10621 1.12645 1.13655 1.15608 1.19058 1.20535 1.22445 1.17223 1.22898 1.21259 1.22787 1.22736 1.25524 1.27659 1.28656 1.3113 1.33045 1.31747 1.33467 1.32692 1.39062 1.39877 1.34635 1.4051 1.39418 1.3813 1.45974 1.52745 
1.24464 1.21117 1.30807 1.19144 1.31562 1.16503 1.2053 1.20312 1.16942 1.16753 1.22314 1.14408 1.14913 1.18063 1.17216 1.12608 1.0912 1.08934 1.16559 1.08212 1.08949 1.13051 1.05171 1.10153 1.06302 1.03644 1.05506 1.04548 1.08311 1.04593 1.00857 1.00898 1.06011 0.979773 1.00548 1.02775 1.02848 1.01111 1.0022 0.992002 1.01279 1.00713 0.995185 0.9912 0.992732 0.999085 0.994892 0.99674 0.99772 0.999316 1.00092 1.00163 1.00637 1.00899 1.00444 1.01617 1.01118 1.01899 1.03432 1.02698 1.05657 1.04107 1.06478 1.07258 1.08157 1.06335 1.11411 1.08155 1.09414 1.10737 1.09625 1.12567 1.11748 1.11172 1.14535 1.11906 1.21735 1.17709 1.17643 1.19288 1.23545 1.2242 1.1869 1.22615 1.24861 1.31185 1.29103 1.26393 1.28098 1.2909 1.3895 1.36314 1.37204 1.39308 1.36623 1.40101 1.44165 1.47987 1.45529 1.4398 
1.3024 1.27916 1.25878 1.20718 1.24632 1.31878 1.24231 1.17366 1.23298 1.15074 1.22025 1.25711 1.16924 1.12995 1.14251 1.15973 1.13528 1.10235 1.07939 1.06977 1.06594 1.07663 1.06641 1.0203 1.05781 1.05719 1.04368 1.01104 1.04941 1.00855 1.0265 1.02682 1.01371 1.03236 1.0097 0.998449 1.01043 0.986848 1.01222 1.00896 0.988883 1.00445 0.994053 0.993947 0.993961 0.996843 0.995075 0.994825 0.998985 0.999438 1.00153 1.0063 1.005 1.00678 1.02197 1.01787 1.02517 1.03079 1.0291 1.0542 1.04397 1.04565 1.0634 1.06026 1.05869 1.08791 1.04029 1.06504 1.11017 1.13517 1.09619 1.09953 1.10222 1.12621 1.098 1.15412 1.13501 1.16414 1.20232 1.22092 1.19202 1.19211 1.2471 1.29443 1.27041 1.2895 1.29995 1.28433 1.30577 1.31954 1.28544 1.38482 1.39198 1.33607 1.35484 1.41823 1.4065 1.40938 1.39285 1.43747 
1.35445 1.22184 1.24819 1.27201 1.25586 1.1808 1.17769 1.19309 1.19576 1.16743 1.19812 1.12732 1.12176 1.14255 1.12865 1.08306 1.14362 1.11081 1.11089 1.07011 1.10526 1.09566 1.0249 1.06415 1.04027 1.0979 1.03519 1.0218 1.04648 0.995465 1.04469 1.01408 1.03312 1.02903 1.03818 1.00374 1.00356 0.995444 1.00375 1.00807 0.985414 0.980145 0.998025 0.99535 0.994518 0.989193 1.00118 0.993382 0.997033 0.999271 1.00073 1.00182 1.00483 1.00494 1.00398 1.0132 1.01963 1.02768 1.04057 1.03153 1.0353 1.02345 1.0529 1.04155 1.05725 1.06828 1.08245 1.08314 1.10453 1.10298 1.13049 1.11817 1.09314 1.1518 1.16089 1.15723 1.16217 1.19223 1.1685 1.18259 1.21792 1.24184 1.20908 1.21933 1.29344 1.2524 1.29963 1.29747 1.3419 1.34339 1.3048 1.32666 1.33995 1.36613 1.39069 1.39174 1.40731 1.41604 1.47106 1.43383 
1.29581 1.23579 1.29799 1.25155 1.25791 1.21166 1.20569 1.23352 1.2667 1.26617 1.15445 1.12453 1.10622 1.12035 1.13892 1.11848 1.1591 1.15254 1.07848 1.05446 1.11979 1.08502 1.06014 1.04657 1.03891 1.07268 1.03916 1.03951 1.06036 1.00794 1.01481 1.0223 1.03108 1.03415 1.0092 0.997943 1.02329 1.00865 0.991717 1.00619 1.00536 0.990326 1.00525 1.00992 1.00522 0.997074 0.995862 0.994982 1.00042 1 1.00158 1.0033 1.00369 1.00516 1.00679 1.02488 1.01722 1.01804 1.03475 1.03958 1.03321 1.03898 1.05079 1.05529 1.05577 1.08391 1.08233 1.09105 1.09224 1.10302 1.09495 1.11578 1.11405 1.14022 1.15122 1.17597 1.17866 1.21738 1.18874 1.18003 1.21329 1.21892 1.23151 1.29024 1.20279 1.21683 1.29065 1.34225 1.38661 1.29025 1.34276 1.37763 1.30175 1.38363 1.36044 1.41571 1.38168 1.41471 1.49557 1.45221 
1.30368 1.26458 1.25294 1.16059 1.26389 1.16553 1.1467 1.20001 1.16371 1.19361 1.13716 1.15383 1.16369 1.13977 1.10364 1.11113 1.1913 1.09504 1.10827 1.14287 1.07848 1.08648 1.08921 1.04032 1.02951 1.07736 1.07342 1.0468 1.04581 1.01208 0.983031 1.01973 1.03388 1.01209 1.02838 0.991975 0.99722 1.02426 1.00814 1.00291 0.999702 1.00128 0.990844 0.998845 0.993459 0.995633 0.995547 0.9967 0.996009 0.998854 1.00139 1.00418 1.00776 1.00663 1.01784 1.01319 1.01269 1.02816 1.01653 1.02926 1.04013 1.04685 1.03955 1.04321 1.06958 1.07332 1.0746 1.08554 1.1131 1.0813 1.09148 1.16009 1.1424 1.12038 1.12833 1.14687 1.16366 1.1697 1.21065 1.23287 1.21079 1.20961 1.21907 1.22508 1.25983 1.29018 1.29611 1.33854 1.33111 1.30554 1.35976 1.32578 1.37146 1.38652 1.42944 1.41237 1.40174 1.45137 1.3946 1.44901 
1.33834 1.22857 1.24777 1.20977 1.23229 1.23896 1.2346 1.20743 1.18263 1.164 1.15368 1.1828 1.15454 1.14757 1.09001 1.0878 1.12423 1.12167 1.06349 1.06905 1.11058 1.09419 1.07818 1.08668 1.05513 1.06518 1.00264 1.04128 1.06338 1.03304 1.02308 1.01116 1.02528 1.01355 1.02247 1.00045 1.0183 0.984759 1.01394 1.00079 1.00491 0.998226 0.99568 0.998833 0.991064 0.994758 1.00102 0.993907 0.997024 0.99895 1.00093 1.00562 1.00609 1.01089 1.0083 1.00872 1.02828 1.02618 1.03187 1.03251 1.03519 1.04257 1.05339 1.04784 1.077 1.06291 1.08493 1.08087 1.11498 1.10224 1.11217 1.14202 1.14031 1.14033 1.13763 1.17944 1.18254 1.137 1.14269 1.17358 1.19639 1.21202 1.2278 1.29352 1.25595 1.28279 1.33364 1.29409 1.28657 1.28728 1.33759 1.33773 1.34304 1.31626 1.35138 1.4044 1.43945 1.35771 1.4037 1.45531 
1.28326 1.25826 1.22939 1.22764 1.19251 1.16143 1.21997 1.19143 1.10545 1.2302 1.19649 1.17957 1.19086 1.14378 1.11645 1.07512 1.09968 1.10597 1.09737 1.0804 1.11818 1.04388 1.05746 1.05939 1.0741 1.10866 1.04608 1.01783 1.04074 1.00748 1.01295 1.00449 1.02791 0.984784 0.998367 1.00038 1.02048 1.01053 1.01247 0.993986 0.989055 0.995596 1.00611 1.00022 0.993959 0.996465 0.996042 0.995104 1.00042 1.00022 1.00143 1.00477 1.00555 1.009 1.00974 1.01097 1.02223 1.02497 1.03447 1.03106 1.05763 1.04725 1.05255 1.0556 1.05143 1.07412 1.05666 1.06649 1.09102 1.08922 1.1078 1.10895 1.14545 1.14307 1.14724 1.15104 1.18904 1.16314 1.18286 1.17425 1.20835 1.23133 1.20485 1.24493 1.23702 1.24751 1.30034 1.27151 1.33094 1.34375 1.33839 1.37309 1.33872 1.39277 1.3992 1.36834 1.40545 1.44243 1.51323 1.42481 
1.26788 1.28264 1.26315 1.2689 1.2702 1.14407 1.22462 1.20681 1.22643 1.1204 1.21709 1.10279 1.22335 1.11053 1.12822 1.11468 1.17376 1.07312 1.12718 1.06954 1.09218 1.08833 1.04318 1.06898 1.10875 1.05118 1.08247 1.0624 1.05236 1.0215 1.03942 1.0214 1.00013 1.03065 1.00025 1.0246 1.00148 1.00918 0.991842 0.998733 0.991423 1.00225 1.00219 0.9886 0.997228 0.992893 0.997718 0.997566 0.999284 0.998889 1.00087 1.00452 1.00771 1.01203 1.01483 1.01958 1.01554 1.0172 1.01864 1.05337 1.04286 1.04823 1.07836 1.06353 1.07061 1.07207 1.08341 1.10614 1.11632 1.08491 1.12181 1.08047 1.12638 1.14953 1.17441 1.15909 1.15556 1.19604 1.16945 1.1875 1.18551 1.21615 1.2368 1.25328 1.19833 1.27322 1.27303 1.27414 1.29015 1.33312 1.36035 1.41463 1.40293 1.4021 1.41529 1.44794 1.44503 1.41675 1.43978 1.47467 
1.20207 1.23264 1.31123 1.24964 1.27976 1.23246 1.21343 1.16335 1.18788 1.16274 1.19199 1.17166 1.17865 1.1256 1.09673 1.1417 1.06535 1.17103 1.09218 1.06459 1.07694 1.06688 1.1043 1.04122 1.05513 1.04062 1.02722 1.02131 0.986169 0.988053 1.02293 1.01146 1.01819 1.03767 1.01822 1.01542 0.98904 1.01271 0.985635 0.982463 1.00199 0.993132 0.98688 0.996848 0.988721 0.996102 0.995402 0.993726 0.997831 0.999249 1.0017 1.00416 1.005 1.01243 1.01397 1.0172 1.02694 1.02258 1.01811 1.04118 1.03868 1.03521 1.05946 1.04918 1.06472 1.0775 1.05117 1.07548 1.07345 1.09251 1.09761 1.12487 1.12592 1.14215 1.15254 1.17429 1.15413 1.17663 1.20037 1.22842 1.22667 1.25983 1.21668 1.25453 1.23964 1.29439 1.28623 1.33325 1.34073 1.34489 1.32331 1.34785 1.35381 1.41083 1.42182 1.43176 1.42301 1.43109 1.38187 1.4695 
1.24966 1.29811 1.2194 1.26392 1.30227 1.25941 1.2411 1.20993 1.21455 1.1526 1.16892 1.15154 1.15834 1.15909 1.11495 1.20004 1.1505 1.12403 1.10917 1.05945 1.09352 1.1256 1.05708 1.07301 1.09578 1.05943 1.06294 1.04771 1.02841 1.00309 0.99973 0.991862 1.02942 1.02338 1.00412 1.03531 1.03167 1.00914 1.0056 0.989634 0.986527 1.00389 0.983147 0.998648 0.992511 0.995656 0.992095 0.99481 0.996382 0.999012 1.00143 1.00203 1.00371 1.0119 1.00573 1.01284 1.02518 1.0265 1.02894 1.02755 1.02635 1.03434 1.05262 1.06028 1.04415 1.07063 1.06294 1.0605 1.09054 1.09808 1.11212 1.12262 1.14018 1.16552 1.17294 1.17488 1.15516 1.17971 1.17144 1.21846 1.21794 1.22202 1.21523 1.23106 1.24069 1.29676 1.29392 1.30856 1.35338 1.32364 1.33039 1.34115 1.36798 1.35082 1.34971 1.40534 1.40957 1.41476 1.43432 1.43475 
1.31054 1.22595 1.26626 1.21253 1.22006 1.2078 1.21097 1.20327 1.16122 1.08572 1.17575 1.14262 1.14738 1.13838 1.1798 1.10962 1.09113 1.04152 1.07147 1.06381 1.06888 1.11599 1.08016 1.11471 1.07068 1.04876 1.03634 1.04914 1.0431 1.029 1.0111 1.04245 1.01135 1.00619 0.994945 1.00105 1.01042 0.991505 1.01489 0.994438 0.998212 0.987747 0.985339 0.997418 0.997787 0.997224 0.99476 0.995879 0.998419 0.998976 1.00121 1.00297 1.00527 1.0135 1.01246 1.00626 1.01482 1.02025 1.02309 1.03162 1.03396 1.06298 1.0495 1.03606 1.04978 1.05931 1.08715 1.09384 1.08931 1.08613 1.10333 1.11727 1.13132 1.11829 1.14673 1.16985 1.212 1.16886 1.1703 1.15244 1.2039 1.20464 1.22741 1.28029 1.25974 1.3022 1.27131 1.30014 1.30564 1.3039 1.35497 1.39677 1.40087 1.36454 1.40237 1.37366 1.40424 1.43647 1.46759 1.42233 
1.24747 1.33036 1.26304 1.20453 1.24709 1.24237 1.12244 1.25959 1.17207 1.27063 1.13621 1.16672 1.14601 1.15984 1.13216 1.10289 1.14002 1.05395 1.13798 1.07555 1.08832 1.06655 1.1013 1.0804 1.09605 1.03149 1.02459 1.04699 1.04328 1.04942 1.03024 1.02306 1.01015 1.01807 0.996399 1.00553 0.993822 0.999734 0.992249 1.00612 0.996675 0.989106 1.00334 0.9929 0.994236 0.998313 0.997271 0.999868 0.994713 0.999185 1.00047 1.0025 1.00992 1.00605 1.00735 1.01287 1.01788 1.01816 1.03692 1.0344 1.03622 1.03231 1.04011 1.04889 1.0685 1.07343 1.079 1.09639 1.11444 1.11861 1.10543 1.09509 1.1456 1.15292 1.1727 1.156 1.15588 1.18187 1.21477 1.22454 1.18694 1.23857 1.21729 1.24227 1.21962 1.31006 1.27138 1.27589 1.32471 1.33765 1.31741 1.36082 1.36162 1.37671 1.40582 1.39171 1.48421 1.41521 1.40848 1.43174 
1.3 1.24801 1.21292 1.22064 1.23133 1.23518 1.16344 1.20642 1.14299 1.18918 1.15974 1.11407 1.17497 1.15362 1.08915 1.13966 1.08514 1.08171 1.07751 1.14675 1.10038 1.12056 1.07307 1.09774 1.09709 1.02629 1.04581 1.0503 1.03467 1.02657 0.990524 1.03194 1.018 1.02022 0.996579 1.00843 1.00205 0.991922 0.994438 0.994848 1.00007 0.988876 0.987201 0.989163 0.997948 0.997769 0.992936 0.999116 0.99617 0.998362 1.00044 1.00333 1.00264 1.00815 1.01542 1.01333 1.027 1.0186 1.04175 1.03446 1.04393 1.04967 1.06803 1.05692 1.06049 1.09507 1.07513 1.0808 1.11431 1.12145 1.11248 1.14804 1.14456 1.12679 1.17406 1.14376 1.14446 1.15141 1.19154 1.2091 1.14807 1.23121 1.25356 1.24018 1.22552 1.26907 1.28081 1.32327 1.29949 1.28618 1.31266 1.33935 1.3559 1.35944 1.40815 1.37316 1.35743 1.41806 1.41705 1.41172 
1.30415 1.27703 1.22842 1.24 1.22224 1.23872 1.29611 1.19935 1.12087 1.18013 1.21206 1.15446 1.13552 1.083 1.12838 1.15043 1.0917 1.09991 1.09292 1.07681 1.08062 1.04411 1.04788 1.04352 1.07236 1.0292 1.05862 1.04181 1.03602 1.01381 0.999397 1.05831 1.02236 1.04172 0.999511 1.03585 1.00545 0.995909 1.01073 0.995981 1.02715 0.998128 0.993617 0.990995 1.00218 0.994126 0.995953 0.997315 0.998923 0.998556 1.00166 1.00342 1.00356 1.00349 1.01247 1.01681 1.02732 1.02359 1.01762 1.02996 1.05114 1.03173 1.05161 1.04799 1.06364 1.07781 1.07648 1.10149 1.11615 1.11115 1.11083 1.12358 1.11258 1.13303 1.13254 1.14697 1.15952 1.19716 1.20083 1.19541 1.21719 1.21641 1.20777 1.2299 1.29242 1.24483 1.27012 1.26391 1.31995 1.35806 1.34941 1.42926 1.30945 1.37861 1.38167 1.37872 1.42009 1.45697 1.47099 1.51626 
1.32327 1.30016 1.30092 1.21157 1.19816 1.20387 1.22792 1.24469 1.21778 1.23533 1.17615 1.15975 1.15678 1.13565 1.06453 1.17769 1.10543 1.11074 1.17428 1.09541 1.09551 1.05046 1.04766 1.05053 1.0562 1.06438 1.03021 1.04364 1.04182 1.04815 0.998007 1.02481 1.02533 1.02164 0.994276 0.984592 0.994224 1.00836 0.999899 1.008 0.977934 0.998628 0.993528 1.00085 0.9938 0.999195 0.9992 0.995808 0.99688 0.999375 1.00098 1.0016 1.00264 1.01134 1.00628 1.0217 1.02439 1.01477 1.02384 1.03199 1.04103 1.04424 1.05568 1.04785 1.05474 1.07325 1.08978 1.11588 1.10612 1.08919 1.11782 1.15518 1.15564 1.13305 1.13706 1.18013 1.14489 1.17377 1.19501 1.21254 1.18199 1.23981 1.26921 1.24289 1.22299 1.32814 1.32686 1.36724 1.31047 1.30589 1.34958 1.3231 1.31245 1.38397 1.38756 1.37127 1.38121 1.44579 1.45893 1.48429 
1.3473 1.25576 1.20047 1.22298 1.34681 1.28359 1.22041 1.26009 1.21086 1.16825 1.20811 1.1561 1.223 1.15479 1.13688 1.13491 1.16109 1.1462 1.12933 1.11249 1.07383 1.09169 1.04553 1.02499 1.04858 1.07506 1.09719 1.02289 1.03058 1.04401 1.03149 1.02222 1.01266 0.983833 0.998453 0.995655 0.98109 1.00715 0.996295 1.00834 1.00121 0.999489 0.995097 0.992812 0.996113 1.00367 0.994463 0.998781 0.995998 0.999382 1.00112 1.00393 1.00607 1.00991 1.0123 1.01573 1.03262 1.02727 1.02037 1.03303 1.04092 1.03254 1.05258 1.06979 1.08696 1.08819 1.09892 1.11184 1.09331 1.12572 1.12019 1.10024 1.13916 1.16957 1.15912 1.1355 1.19126 1.18476 1.18851 1.19285 1.20942 1.2018 1.24099 1.26654 1.26898 1.24053 1.23678 1.32856 1.29606 1.34141 1.33545 1.38815 1.38339 1.31658 1.377 1.40901 1.42607 1.41564 1.39589 1.51356 
1.2488 1.29116 1.25252 1.26888 1.31166 1.27863 1.16338 1.23821 1.17271 1.14359 1.22037 1.24117 1.17087 1.16757 1.08144 1.17405 1.1002 1.13002 1.08751 1.028 1.06442 1.08438 1.08702 1.06618 1.06611 1.04312 1.03428 1.06291 1.06698 1.0445 1.01099 1.03204 1.01088 1.03009 0.993968 0.997239 0.992534 1.0023 0.982747 1.0179 0.996001 0.983659 1.00509 0.99072 0.996005 1.00167 0.991611 0.999193 0.998385 0.999036 1.00107 1.00351 1.00807 1.00496 1.01064 1.01366 1.02867 1.02492 1.02643 1.0367 1.03609 1.04489 1.04029 1.05688 1.05859 1.07036 1.07869 1.10507 1.08448 1.10303 1.10242 1.12561 1.12637 1.14065 1.15444 1.14375 1.17814 1.16709 1.20803 1.19279 1.18514 1.20036 1.22577 1.25801 1.25241 1.31388 1.28928 1.2922 1.33551 1.27796 1.2826 1.3286 1.37548 1.41851 1.31762 1.37758 1.35752 1.39356 1.35903 1.49889 
1.25917 1.25983 1.12387 1.29112 1.31443 1.19702 1.14154 1.24542 1.2179 1.23158 1.18253 1.12724 1.14874 1.15566 1.12036 1.14736 1.127 1.12419 1.12264 1.09816 1.10339 1.06424 1.06882 1.04275 1.06649 1.07902 1.01685 1.05528 1.02391 1.01963 1.04007 1.02484 0.995298 1.02086 1.01065 0.997306 0.996204 0.999462 1.00014 1.00076 1.00243 0.992559 1.00922 1.00024 0.980897 0.991586 0.993618 0.996488 1.00037 0.999428 1.0014 1.00187 1.00671 1.01117 1.00654 1.00865 1.01779 1.02793 1.02573 1.0297 1.03325 1.04109 1.03428 1.06967 1.0526 1.07825 1.09261 1.06679 1.08425 1.11208 1.11034 1.11008 1.12176 1.16095 1.09595 1.1596 1.18585 1.16347 1.19563 1.18336 1.20774 1.25045 1.24366 1.24526 1.30216 1.24442 1.30921 1.29138 1.31714 1.3302 1.32539 1.36381 1.3753 1.39669 1.36402 1.33662 1.45715 1.46977 1.42388 1.46238 
1.27251 1.30458 1.23687 1.19177 1.25456 1.21629 1.23406 1.18564 1.21764 1.2531 1.14104 1.07664 1.13511 1.12553 1.15933 1.11969 1.1372 1.1164 1.11347 1.05451 1.07866 1.07644 1.09403 1.05245 1.03953 1.07717 1.05794 1.01571 1.03531 1.04517 1.0076 1.02217 1.02646 1.04165 1.00658 1.02529 1.01336 1.00186 1.00829 1.00178 1.00951 0.987645 0.994311 0.991835 0.989776 0.994532 0.993582 0.998276 0.997701 0.998528 1.00095 1.00233 1.00374 0.999927 1.01341 1.01853 1.01998 1.03067 1.02481 1.03495 1.04131 1.04243 1.03174 1.04352 1.06602 1.06928 1.06725 1.09984 1.10631 1.11144 1.1114 1.13549 1.15681 1.16101 1.11252 1.17034 1.1809 1.16722 1.1626 1.18703 1.24441 1.24796 1.23752 1.24352 1.27491 1.28698 1.25484 1.2755 1.3334 1.30385 1.30797 1.35179 1.38969 1.33185 1.37083 1.41104 1.36903 1.46942 1.44133 1.50769 
1.3671 1.28804 1.23946 1.25954 1.24056 1.26154 1.17749 1.12431 1.15091 1.14631 1.10747 1.16884 1.19628 1.1512 1.11405 1.14497 1.0971 1.0988 1.08429 1.10768 1.05852 1.02241 1.11972 1.05254 1.03766 1.05319 1.03386 1.03705 1.02151 1.04823 1.04728 1.02328 1.038 1.01591 1.01296 1.00081 1.00922 1.01069 0.993913 0.998203 0.993958 1.00147 0.997991 0.994863 0.991127 0.995795 1.00104 0.993555 0.99743 0.998832 1.00114 1.00402 1.00648 1.00837 1.0122 1.01757 1.02352 1.02527 1.02422 1.02634 1.028 1.05514 1.04787 1.05345 1.07646 1.08549 1.08443 1.08359 1.09434 1.09246 1.10479 1.12827 1.16904 1.16443 1.14333 1.17885 1.18223 1.1666 1.18286 1.19469 1.21304 1.2284 1.23904 1.19409 1.24042 1.29233 1.25943 1.26339 1.32039 1.36666 1.34764 1.33456 1.37688 1.39286 1.38841 1.45784 1.3993 1.42561 1.49224 1.48289 
1.304 1.21723 1.2529 1.2578 1.20151 1.20241 1.16166 1.24304 1.1615 1.20181 1.1521 1.16535 1.17687 1.14152 1.13347 1.09726 1.16075 1.10239 1.13052 1.11073 1.06447 1.14119 1.08424 1.03595 1.06676 1.06735 1.02509 1.04854 1.03726 0.997198 1.02103 1.03053 1.03285 1.01106 1.0363 1.01384 1.00438 1.00231 0.994575 1.00226 0.996819 1.01016 0.99279 0.984873 0.994036 0.98952 0.996214 0.992337 0.997848 0.998883 1.0011 1.0054 1.00591 1.00496 1.0124 1.0177 1.00701 1.01452 1.02171 1.03613 1.03967 1.04867 1.04793 1.08386 1.06579 1.05954 1.08658 1.09257 1.08511 1.09325 1.13495 1.10464 1.13906 1.12702 1.15704 1.16824 1.15679 1.18458 1.1579 1.20414 1.20162 1.19352 1.2319 1.235 1.26916 1.2454 1.30489 1.30154 1.31541 1.26816 1.32772 1.33034 1.35415 1.3792 1.41904 1.42049 1.29988 1.45093 1.49598 1.47563 
1.29252 1.31263 1.28134 1.31228 1.33265 1.17498 1.19357 1.21579 1.18671 1.20711 1.11876 1.18735 1.11854 1.1099 1.12255 1.09992 1.12056 1.09194 1.05278 1.1077 1.07572 1.054 1.02444 1.04595 1.0596 1.02318 1.01665 1.01853 1.02436 1.02662 1.02013 1.03054 1.02639 1.00763 1.02583 1.01666 0.985239 0.99884 1.00682 1.00342 0.997311 0.983365 0.991227 0.99595 0.997654 0.990098 0.993454 0.997843 0.995732 0.999335 1.00087 1.00143 1.00478 1.01264 1.01197 1.01189 1.02485 1.03187 1.0271 1.03629 1.04704 1.04519 1.06241 1.02623 1.05801 1.07172 1.08031 1.07385 1.07616 1.0963 1.10812 1.10862 1.13067 1.1464 1.1494 1.14981 1.18617 1.20304 1.18584 1.18361 1.20575 1.20624 1.21018 1.25668 1.23211 1.29927 1.31806 1.26614 1.387 1.29608 1.31361 1.37737 1.3662 1.33803 1.34298 1.36509 1.38452 1.40996 1.42348 1.49272 
1.19698 1.29845 1.1717 1.26562 1.25216 1.25827 1.26524 1.18822 1.16731 1.21698 1.14797 1.17076 1.13098 1.08896 1.13623 1.12477 1.12186 1.09945 1.0856 1.08772 1.10488 1.05558 1.0587 1.0595 1.05666 1.06401 1.03663 1.00539 1.00555 1.0046 1.04369 1.05288 1.02444 1.0068 1.00405 1.01449 0.99219 1.03267 0.995845 1.00322 0.984399 0.997242 0.991062 0.99398 0.998882 0.987578 0.997619 0.996906 0.997212 0.998975 1.00089 1.00311 1.00435 1.00985 1.01575 1.02009 1.02287 1.03478 1.02586 1.03397 1.03769 1.06957 1.05413 1.04908 1.07823 1.06461 1.07708 1.07133 1.10367 1.09204 1.11793 1.11112 1.10478 1.1437 1.13564 1.1434 1.18774 1.18415 1.21529 1.20297 1.17101 1.20148 1.22719 1.21688 1.29084 1.23252 1.24959 1.32288 1.31557 1.28792 1.35587 1.37927 1.35448 1.35956 1.41024 1.37882 1.42967 1.50056 1.5003 1.48529 
1.34342 1.25822 1.31827 1.32114 1.23971 1.19784 1.21175 1.19793 1.20715 1.16526 1.18231 1.17422 1.14106 1.13867 1.12805 1.13925 1.09269 1.14771 1.04747 1.09653 1.08931 1.06953 1.1071 1.03114 1.03672 1.0455 1.06487 1.05182 0.993758 1.04315 1.04453 1.02394 0.993041 1.00833 1.01527 0.993539 1.01147 1.01508 1.00497 0.984821 1.0033 0.997331 0.985642 0.984531 0.991265 0.992871 0.995804 0.99442 0.997949 0.998518 1.00097 1.00387 1.00667 1.01329 1.0069 1.0148 1.01918 1.0324 1.03151 1.03664 1.02187 1.04117 1.05469 1.07058 1.07419 1.07254 1.06392 1.06898 1.08117 1.07541 1.11681 1.09911 1.09653 1.1603 1.13166 1.14733 1.15851 1.20194 1.17099 1.22874 1.15128 1.28033 1.25808 1.27419 1.27835 1.30934 1.31743 1.26484 1.33237 1.31339 1.34492 1.37863 1.33583 1.3753 1.39168 1.3943 1.47495 1.42477 1.46254 1.45977 
1.20788 1.25458 1.21926 1.28628 1.21568 1.24592 1.18664 1.20971 1.2385 1.10302 1.16201 1.16181 1.18964 1.21776 1.17859 1.098 1.14414 1.11018 1.09594 1.12849 1.09563 1.08201 1.05566 1.05406 1.03463 1.0483 1.027 1.04987 1.03239 1.03449 1.02983 1.03023 1.04846 1.00565 0.999161 0.986611 1.01955 0.988782 1.00145 0.997944 0.995225 0.990906 0.994969 0.995072 0.994103 0.993411 0.990833 0.997363 0.996617 0.998247 1.0002 1.00298 1.00481 1.01028 1.01713 1.01821 1.01466 1.02372 1.03335 1.03293 1.02692 1.03358 1.04923 1.06588 1.0843 1.09331 1.07987 1.09186 1.05927 1.13372 1.11253 1.10806 1.13812 1.15077 1.16205 1.178 1.16708 1.21079 1.18184 1.23977 1.20218 1.20969 1.24999 1.27441 1.31234 1.25587 1.25589 1.31389 1.29057 1.24005 1.36297 1.36693 1.3554 1.36283 1.39954 1.38359 1.40588 1.42163 1.48862 1.48366 
1.24146 1.17186 1.32109 1.24162 1.28403 1.22672 1.20679 1.24589 1.17199 1.15801 1.15205 1.16868 1.16656 1.11275 1.10599 1.09005 1.07208 1.1449 1.05448 1.10402 1.07769 1.09544 1.08885 1.04885 1.05744 1.03211 1.0759 1.03595 1.01355 1.00978 1.05043 1.05225 1.01307 1.03882 1.01041 0.973626 0.985364 1.02297 1.00676 0.984442 0.998888 0.995004 0.984056 1.00073 0.988219 0.995143 0.987554 0.993336 0.997508 0.998077 1.00119 1.00348 1.00991 1.00846 1.01197 1.02042 1.02533 1.01971 1.02473 1.04729 1.04288 1.03878 1.0297 1.07059 1.06125 1.07067 1.08689 1.08304 1.10234 1.10842 1.13852 1.1206 1.11787 1.17326 1.15067 1.16008 1.17279 1.17412 1.22211 1.23662 1.18843 1.26208 1.23848 1.26667 1.23553 1.25729 1.31613 1.33398 1.31099 1.31723 1.29545 1.34955 1.37724 1.41772 1.30849 1.46091 1.45505 1.45733 1.49937 1.5372 
1.34369 1.23085 1.22335 1.29332 1.1519 1.26883 1.19729 1.1617 1.1177 1.19424 1.13045 1.15656 1.14647 1.15173 1.13096 1.13684 1.10952 1.07797 1.04326 1.08173 1.11042 1.06878 1.08623 1.03733 1.06114 1.07684 1.04646 1.04808 1.02852 0.998947 1.04116 1.07155 1.01054 0.98412 1.01462 1.0127 1.02807 0.984788 0.987869 0.990468 0.993711 0.992441 0.99313 0.988702 0.99161 0.996832 0.996809 0.995931 0.997598 0.998271 1.00133 1.00278 1.00919 1.0089 1.01041 1.02554 1.02592 1.02544 1.013 1.03504 1.03948 1.03553 1.05313 1.06883 1.07748 1.05489 1.08838 1.0916 1.08625 1.11602 1.10863 1.14072 1.13736 1.12517 1.17919 1.14819 1.17406 1.2025 1.20457 1.17074 1.2142 1.21343 1.22161 1.24848 1.24747 1.30798 1.29948 1.27956 1.30057 1.32038 1.37067 1.35723 1.36793 1.39733 1.43211 1.36681 1.40134 1.38447 1.45012 1.50015 
1.28601 1.19645 1.24525 1.30512 1.19783 1.24141 1.17318 1.26511 1.16951 1.22225 1.15884 1.21892 1.15023 1.11161 1.10103 1.10657 1.10471 1.03582 1.1183 1.0689 1.05231 1.0701 1.11032 1.03977 1.05301 1.06685 1.07234 1.01867 1.0318 1.0517 1.03099 1.00561 1.01403 0.988283 1.02522 0.997141 1.01078 1.01689 1.00714 1.02312 0.984873 0.998252 1.00808 0.998339 0.994309 0.991489 0.993798 0.996526 0.999003 0.999954 1.00079 1.00535 1.00519 1.0075 1.0114 1.01668 1.02083 1.02159 1.02319 1.04365 1.0492 1.04651 1.03495 1.08268 1.03983 1.06307 1.09195 1.087 1.09222 1.10003 1.1063 1.1386 1.14547 1.12125 1.14585 1.16876 1.18271 1.18085 1.16656 1.1843 1.23035 1.20898 1.24506 1.28306 1.25055 1.23053 1.23237 1.28084 1.29295 1.30564 1.34725 1.32974 1.35818 1.4432 1.38332 1.42495 1.40468 1.45758 1.46081 1.46486 
1.24966 1.27107 1.2143 1.2003 1.2009 1.22364 1.20057 1.22838 1.16569 1.19671 1.19524 1.22727 1.14912 1.12271 1.06763 1.09854 1.12516 1.10345 1.07611 1.05167 1.08898 1.12209 1.07411 1.08078 1.07285 1.06408 1.04571 1.01402 1.03535 1.02976 0.99772 1.01152 0.99146 1.01593 0.997422 1.01661 1.02078 0.997509 1.00652 1.00144 1.00499 1.00052 0.997766 1.00285 0.988553 0.999432 0.989901 0.995552 0.999166 0.997882 0.999761 1.00447 1.00893 1.01145 1.01476 1.02058 1.01696 1.01652 1.03718 1.04917 1.03364 1.05583 1.06477 1.06639 1.081 1.08557 1.08137 1.0641 1.09303 1.12884 1.12612 1.10062 1.13578 1.16035 1.15674 1.1567 1.16932 1.16548 1.17128 1.16532 1.1763 1.24569 1.26801 1.26635 1.25738 1.29646 1.34175 1.26334 1.27471 1.28859 1.38002 1.35476 1.35167 1.35892 1.33204 1.43836 1.41588 1.43634 1.5149 1.52856 
