-2 -1.9596 -1.91919 -1.87879 -1.83838 -1.79798 -1.75758 -1.71717 -1.67677 -1.63636 -1.59596 -1.55556 -1.51515 -1.47475 -1.43434 -1.39394 -1.35354 -1.31313 -1.27273 -1.23232 -1.19192 -1.15152 -1.11111 -1.07071 -1.0303 -0.989899 -0.949495 -0.909091 -0.868687 -0.828283 -0.787879 -0.747475 -0.707071 -0.666667 -0.626263 -0.585859 -0.545455 -0.505051 -0.464646 -0.424242 -0.383838 -0.343434 -0.30303 -0.262626 -0.222222 -0.181818 -0.141414 -0.10101 -0.0606061 -0.020202 0.020202 0.0606061 0.10101 0.141414 0.181818 0.222222 0.262626 0.30303 0.343434 0.383838 0.424242 0.464646 0.505051 0.545455 0.585859 0.626263 0.666667 0.707071 0.747475 0.787879 0.828283 0.868687 0.909091 0.949495 0.989899 1.0303 1.07071 1.11111 1.15152 1.19192 1.23232 1.27273 1.31313 1.35354 1.39394 1.43434 1.47475 1.51515 1.55556 1.59596 1.63636 1.67677 1.71717 1.75758 1.79798 1.83838 1.87879 1.91919 1.9596 2 
0.6334 0.639407 0.645428 0.65147 0.657537 0.663637 0.669774 0.675958 0.682194 0.688493 0.694862 0.70131 0.707848 0.714485 0.721232 0.728099 0.735096 0.742235 0.749526 0.756978 0.764602 0.772406 0.780398 0.788585 0.79697 0.805557 0.814347 0.823336 0.832519 0.841887 0.851425 0.861115 0.870933 0.880848 0.890824 0.900818 0.910778 0.920646 0.930355 0.939829 0.948985 0.957732 0.965969 0.97359 0.980482 0.986529 0.991608 0.995596 0.998372 0.999814 0.99981 0.998252 0.995044 0.990105 0.983368 0.974786 0.964332 0.952002 0.937813 0.921808 0.904052 0.884633 0.863659 0.841257 0.81757 0.792754 0.766974 0.740401 0.71321 0.685575 0.657665 0.629644 0.601667 0.573878 0.54641 0.519382 0.492899 0.467054 0.441923 0.417571 0.39405 0.3714 0.349648 0.328814 0.308907 0.289928 0.271871 0.254724 0.238471 0.223091 0.208558 0.194847 0.181926 0.169767 0.158336 0.147602 0.137532 0.128093 0.119253 0.11098 
1.72629 1.54402 1.43121 1.54126 1.41538 1.44508 1.38532 1.44123 1.4697 1.31091 1.43073 1.24783 1.18458 1.30032 1.3239 1.18586 1.18476 1.1823 1.11664 1.15054 1.13495 1.08662 1.08969 1.11167 1.05595 1.0609 1.03403 1.02873 1.00147 0.99812 1.06896 1.03747 1.02206 0.984767 1.00445 0.988378 0.963936 0.959408 0.982152 0.94864 0.951082 0.958677 0.956705 0.964804 0.96542 0.972502 0.979564 0.98097 0.990593 0.995827 1.00513 1.01655 1.02796 1.04218 1.04969 1.07701 1.08231 1.10947 1.12892 1.13952 1.17363 1.18308 1.21842 1.23871 1.24548 1.26556 1.29653 1.32968 1.36157 1.38233 1.40635 1.44058 1.49098 1.53477 1.53522 1.569 1.62313 1.58674 1.69828 1.75477 1.74403 1.79229 1.77446 1.84185 1.87218 1.90441 1.96792 2.0123 2.03045 2.06347 2.15 2.10329 2.18483 2.17981 2.26179 2.31203 2.32639 2.34172 2.41599 2.44267 
1.5507 1.31856 1.5134 1.38921 1.47998 1.45008 1.36964 1.32491 1.3909 1.37905 1.34504 1.2871 1.38189 1.26659 1.16692 1.21862 1.21854 1.23409 1.19416 1.13985 1.215 1.09938 1.05541 1.11379 1.07602 1.06978 1.04986 1.12746 1.08807 1.05668 0.959313 0.985439 0.994357 0.981253 0.953436 1.01038 0.967105 0.955883 0.964299 0.968612 0.957787 0.963498 0.958781 0.964877 0.964949 0.965589 0.968183 0.980715 0.988994 0.995648 1.00582 1.01693 1.02241 1.04299 1.05743 1.07248 1.09044 1.10726 1.1197 1.14082 1.17204 1.18074 1.21531 1.23832 1.25455 1.27147 1.314 1.32866 1.36905 1.4073 1.4038 1.45534 1.49579 1.52396 1.50034 1.58179 1.60493 1.63464 1.66337 1.69062 1.75689 1.78228 1.81146 1.87304 1.90295 1.91554 1.96929 2.02948 1.98317 2.07014 2.1309 2.12137 2.1549 2.24059 2.2393 2.29772 2.38345 2.38988 2.42277 2.44461 
1.48706 1.48622 1.50448 1.41552 1.39517 1.35466 1.35814 1.28499 1.39821 1.38581 1.36649 1.18441 1.36535 1.24687 1.21693 1.28066 1.22908 1.19626 1.14691 1.18075 1.15622 1.14479 1.09977 1.09175 1.11113 1.03503 1.06615 1.08773 1.06124 1.03098 1.01502 1.02905 0.994719 1.01828 0.971218 0.993129 0.96365 0.957203 0.948561 0.957557 0.936452 0.955536 0.968737 0.961373 0.954193 0.967135 0.968334 0.979719 0.988402 0.995577 1.00443 1.01358 1.02489 1.04093 1.06011 1.0766 1.08318 1.1037 1.12597 1.14236 1.17005 1.18679 1.20563 1.21929 1.25426 1.30297 1.32565 1.33168 1.36313 1.38316 1.42203 1.45004 1.48735 1.47786 1.5442 1.57164 1.57734 1.62146 1.6832 1.72719 1.72301 1.77179 1.81883 1.82747 1.908 1.9361 1.98195 1.94021 1.9583 2.04924 2.07544 2.12819 2.12723 2.22418 2.22869 2.28558 2.30751 2.32315 2.39931 2.51886 
1.52076 1.35823 1.46733 1.43778 1.46799 1.46578 1.48004 1.46589 1.37359 1.40034 1.23768 1.30662 1.31865 1.3136 1.30002 1.27165 1.18264 1.16894 1.18828 1.12146 1.10838 1.1587 1.09197 1.12804 1.04582 1.05564 1.06009 1.09243 1.09219 0.989314 1.05183 1.00083 0.990929 1.01601 0.937545 0.981854 0.950856 0.995089 0.960205 0.965045 0.956191 0.934471 0.970779 0.963104 0.972518 0.966359 0.972882 0.979305 0.986912 0.995114 1.00468 1.0162 1.02634 1.04058 1.05337 1.06987 1.0873 1.11427 1.12822 1.13747 1.17125 1.19226 1.20871 1.22526 1.23451 1.31255 1.31484 1.34609 1.37452 1.37989 1.40394 1.46334 1.4569 1.51434 1.5359 1.57817 1.62913 1.6514 1.67748 1.67362 1.77481 1.80101 1.79693 1.86302 1.8968 1.89267 1.92998 1.95792 2.03473 2.07064 2.14445 2.11672 2.19501 2.22545 2.27442 2.28968 2.31723 2.40912 2.39747 2.47591 
1.34236 1.33012 1.5134 1.31598 1.43701 1.37433 1.48605 1.47201 1.46954 1.42253 1.38882 1.26059 1.27795 1.21757 1.29004 1.13015 1.22106 1.1267 1.1642 1.11877 1.13914 1.15221 1.11148 1.04332 1.05862 1.11257 1.05283 1.02823 1.01058 1.05634 0.983388 1.03829 1.01556 0.957884 0.998665 0.997955 0.966294 0.974865 0.954258 0.972665 0.96797 0.944398 0.972387 0.964311 0.967683 0.977386 0.97622 0.981677 0.985099 0.996345 1.00559 1.01486 1.02825 1.03933 1.05058 1.05835 1.09233 1.11204 1.13117 1.1373 1.15755 1.18232 1.20866 1.23691 1.26291 1.29326 1.32627 1.31975 1.37691 1.40621 1.40062 1.44698 1.50466 1.51223 1.54097 1.56625 1.60197 1.61814 1.67691 1.71457 1.71444 1.79746 1.82743 1.85285 1.85787 1.9424 1.96709 1.97417 2.02885 2.04835 2.11048 2.08733 2.18091 2.22687 2.26623 2.33585 2.34406 2.39954 2.48903 2.42273 
1.53639 1.53016 1.50356 1.3008 1.38993 1.53139 1.37732 1.35524 1.29422 1.3751 1.329 1.35989 1.26471 1.31593 1.24173 1.23421 1.1645 1.23664 1.10365 1.11377 1.13574 1.14794 1.07134 1.15797 1.12081 1.08013 1.10446 1.0466 1.04838 0.978483 1.02193 0.986373 0.994539 0.982942 0.966092 0.948685 0.967384 0.980991 0.969858 0.933706 0.954638 0.95632 0.973481 0.960335 0.967105 0.973049 0.968473 0.980069 0.986158 0.99432 1.00441 1.01527 1.02174 1.03775 1.05117 1.06762 1.08232 1.10614 1.10658 1.14687 1.17555 1.17745 1.20116 1.23604 1.235 1.29504 1.30648 1.31779 1.37136 1.38993 1.42245 1.472 1.48543 1.47837 1.54219 1.59529 1.63885 1.62537 1.6813 1.72507 1.71532 1.78127 1.80585 1.8519 1.91699 1.91141 1.96379 1.99779 1.98178 2.06417 2.06459 2.15819 2.16872 2.18488 2.2683 2.28945 2.2838 2.4344 2.42069 2.42044 
1.42304 1.38587 1.50644 1.43201 1.48891 1.50555 1.50528 1.40874 1.38477 1.2512 1.31872 1.30262 1.32068 1.36372 1.19569 1.20234 1.24471 1.24456 1.1768 1.15439 1.10917 1.15038 1.10686 1.14605 1.115 1.0163 1.02976 0.98768 1.01058 1.03229 1.00268 1.01344 1.00132 1.00684 1.02314 0.990466 0.959453 0.971968 0.953456 0.95092 0.944199 0.974422 0.948975 0.962289 0.968358 0.968328 0.975382 0.976941 0.988951 0.995982 1.00508 1.01778 1.02678 1.03701 1.04458 1.06632 1.08728 1.11223 1.1359 1.1584 1.16191 1.19995 1.19265 1.24637 1.26912 1.25852 1.32167 1.34132 1.35667 1.4044 1.42387 1.41305 1.4867 1.48235 1.54952 1.61144 1.63645 1.60906 1.64089 1.66947 1.75782 1.80067 1.79576 1.84064 1.89265 1.92632 1.9464 1.99751 2.05131 2.0975 2.1165 2.17481 2.22963 2.2109 2.3026 2.27394 2.2674 2.37689 2.41472 2.47474 
1.54089 1.46276 1.54325 1.56122 1.35133 1.31779 1.36871 1.33984 1.43982 1.29428 1.27704 1.35374 1.27159 1.22008 1.33624 1.26087 1.18476 1.26955 1.13761 1.12343 1.19511 1.16178 1.16722 1.12035 1.06069 1.09121 1.05181 0.988047 0.99445 1.04058 1.02645 0.982462 0.999607 1.03081 1.02692 0.976349 0.987622 0.950617 0.982854 0.970024 0.962351 0.967425 0.954461 0.95707 0.964733 0.96658 0.972303 0.97691 0.988852 0.996191 1.00518 1.01541 1.028 1.03813 1.05901 1.0669 1.08787 1.10977 1.13895 1.14606 1.17416 1.19524 1.21418 1.25003 1.26281 1.27002 1.31317 1.31128 1.3617 1.38072 1.42457 1.45888 1.47031 1.52938 1.53542 1.57567 1.58195 1.63349 1.70162 1.7344 1.71903 1.79147 1.81166 1.81409 1.86956 1.95233 1.92217 2.04953 2.01637 2.08874 2.11735 2.11086 2.16388 2.19899 2.28911 2.27949 2.37163 2.38209 2.43997 2.45567 
1.37357 1.52612 1.45034 1.53184 1.55707 1.33733 1.47364 1.2701 1.33543 1.27275 1.30303 1.31578 1.1711 1.19212 1.28784 1.21955 1.15563 1.23237 1.22806 1.08003 1.07321 1.1404 1.131 1.08763 1.08232 1.08469 1.15314 1.08051 1.06985 1.05319 1.04465 1.01274 0.980751 0.998729 1.01621 0.996443 0.990263 0.938653 0.952789 0.992954 0.961135 0.958497 0.96104 0.958951 0.973683 0.962767 0.965783 0.980559 0.987542 0.996511 1.00511 1.0143 1.03362 1.04205 1.0563 1.07641 1.08583 1.1024 1.13024 1.14937 1.16761 1.20322 1.18563 1.22285 1.26427 1.26577 1.3169 1.35409 1.32807 1.39273 1.41251 1.43617 1.4659 1.51804 1.56074 1.58854 1.60419 1.62814 1.67892 1.70432 1.76559 1.77049 1.82364 1.81768 1.84744 1.93257 1.92097 1.96533 2.07233 2.05997 2.10617 2.19206 2.17555 2.18822 2.20804 2.30142 2.32494 2.3349 2.46002 2.38566 
1.50804 1.60692 1.41537 1.43079 1.41695 1.39009 1.44551 1.29369 1.3181 1.35071 1.32032 1.30132 1.29081 1.19522 1.35241 1.17085 1.27636 1.19293 1.16887 1.18882 1.16142 1.10552 1.106 0.98477 1.11085 1.05348 1.02487 1.0055 1.07903 0.999114 1.00948 1.02583 0.975016 1.00291 0.969753 1.01789 0.969357 0.962823 0.967554 0.965629 0.974243 0.959602 0.962523 0.962434 0.965761 0.973301 0.974733 0.980434 0.988008 0.995827 1.00389 1.01823 1.02718 1.04127 1.0552 1.07341 1.10163 1.10105 1.12626 1.13901 1.1643 1.17988 1.2202 1.2381 1.25745 1.29636 1.32668 1.33308 1.35228 1.4044 1.39841 1.47232 1.48817 1.49074 1.54025 1.57883 1.61296 1.639 1.67549 1.7297 1.77541 1.79971 1.79037 1.82155 1.86182 1.93708 1.94328 1.97771 1.99506 2.08021 2.16396 2.16944 2.19056 2.24075 2.24648 2.28172 2.35089 2.38736 2.41632 2.42236 
1.42482 1.52438 1.45273 1.44402 1.40339 1.30989 1.36835 1.28952 1.30855 1.43415 1.29064 1.33764 1.25734 1.20875 1.19036 1.24228 1.18223 1.17164 1.20577 1.19654 1.17771 1.10008 1.06388 1.09218 1.11493 1.11401 1.04204 0.99791 1.09747 1.05813 1.01343 0.967389 1.02033 0.986463 1.01283 0.980943 0.961815 0.974198 0.968266 0.958222 0.969115 0.958072 0.947515 0.961191 0.961762 0.974021 0.966496 0.978651 0.984338 0.994811 1.00521 1.01562 1.03194 1.03684 1.05125 1.07259 1.08001 1.10062 1.11721 1.13618 1.16861 1.16981 1.20336 1.21186 1.26844 1.29168 1.28236 1.34971 1.34692 1.41056 1.43919 1.43743 1.46566 1.50429 1.53866 1.57242 1.62098 1.65098 1.644 1.70162 1.74094 1.78305 1.75736 1.87221 1.85891 1.91809 1.92488 1.96577 2.05164 2.06455 2.09545 2.15794 2.12514 2.24846 2.24355 2.27117 2.33719 2.41574 2.39023 2.44437 
1.51818 1.5203 1.37744 1.34556 1.48023 1.49637 1.29927 1.3539 1.32303 1.31013 1.32337 1.2958 1.3651 1.18329 1.21804 1.29371 1.24852 1.16717 1.16711 1.10032 1.10578 1.16058 1.03676 1.07359 1.13845 1.10057 1.10032 1.03022 1.08078 1.04053 1.01029 0.993984 1.01556 0.976603 0.996604 0.981697 0.980355 0.961191 0.939008 0.961877 0.946178 0.96821 0.9547 0.968715 0.958892 0.972069 0.978488 0.977769 0.986602 0.99483 1.00439 1.01878 1.02899 1.04407 1.05627 1.07017 1.09487 1.08804 1.12194 1.14586 1.16549 1.18422 1.22245 1.2286 1.27215 1.30518 1.3063 1.32593 1.36556 1.40342 1.39502 1.44995 1.48252 1.53363 1.53024 1.58224 1.60822 1.62393 1.65898 1.71573 1.77186 1.77758 1.86282 1.92263 1.88041 1.89931 1.93721 2.04061 2.03248 2.054 2.09709 2.12029 2.2543 2.27168 2.29307 2.30772 2.2664 2.35915 2.37721 2.36998 
1.67982 1.4261 1.37568 1.42293 1.42715 1.36076 1.47071 1.33261 1.36663 1.35927 1.226 1.34251 1.35147 1.33191 1.17556 1.28788 1.10877 1.11701 1.18986 1.19483 1.16005 1.09435 1.11335 1.10208 1.071 1.04004 1.04187 1.05341 0.999396 1.02846 1.01036 1.008 0.993294 0.968273 0.976097 0.992083 0.978347 0.9928 0.979947 0.981712 0.932194 0.958924 0.977563 0.956961 0.968815 0.974089 0.97064 0.980684 0.989996 0.995321 1.00524 1.01691 1.02811 1.04232 1.04948 1.07838 1.09556 1.10605 1.11693 1.1427 1.16669 1.19113 1.18714 1.21404 1.23828 1.26258 1.31525 1.32891 1.33736 1.39021 1.40143 1.47655 1.48235 1.51966 1.54852 1.60645 1.64454 1.63497 1.669 1.67447 1.77272 1.71173 1.78315 1.82239 1.8791 1.92845 1.92175 1.9631 2.01194 2.07292 2.08546 2.16262 2.19873 2.22915 2.28285 2.35268 2.29226 2.39042 2.41408 2.45746 
1.40756 1.40782 1.42375 1.37422 1.45032 1.40802 1.34697 1.30923 1.20843 1.33006 1.28373 1.30471 1.22986 1.28676 1.10719 1.21713 1.2924 1.13977 1.08573 1.1906 1.12929 1.13616 1.12077 1.0924 1.05845 1.13895 1.07385 0.996845 1.01474 0.996188 1.03201 1.00229 1.00664 0.956625 0.983839 0.970007 0.977175 0.99445 0.978006 0.966407 0.965684 0.970068 0.965841 0.958018 0.973528 0.965163 0.977782 0.978298 0.989781 0.994681 1.00528 1.01551 1.02706 1.04151 1.05815 1.06935 1.08972 1.11244 1.11961 1.14502 1.16444 1.19536 1.20037 1.25173 1.25021 1.29415 1.29943 1.36474 1.38081 1.42558 1.4072 1.46589 1.4671 1.50958 1.52755 1.63292 1.60898 1.64834 1.67099 1.70953 1.69681 1.75086 1.7849 1.86472 1.88608 1.859 1.99984 1.94035 2.00897 2.03152 2.12446 2.1193 2.17381 2.24605 2.27201 2.30082 2.3597 2.39227 2.3801 2.39824 
1.52949 1.54243 1.4221 1.54614 1.25261 1.32793 1.39943 1.3631 1.37441 1.33464 1.2469 1.32936 1.29209 1.30208 1.26145 1.21735 1.10749 1.1549 1.21414 1.21715 1.12861 1.1332 1.12253 1.13572 1.13257 1.06357 0.996008 1.04312 0.984148 1.04179 0.980151 1.04117 1.0062 0.998081 0.960964 0.963533 0.958398 0.984529 0.975051 0.966575 0.964653 0.974562 0.957003 0.955556 0.969343 0.966084 0.969071 0.979362 0.98901 0.995417 1.005 1.01761 1.02394 1.03752 1.05802 1.07538 1.08822 1.10691 1.12616 1.14115 1.14909 1.19297 1.22235 1.23187 1.25484 1.29554 1.30776 1.34625 1.37013 1.39365 1.40816 1.45149 1.45523 1.51915 1.52398 1.55001 1.58202 1.66634 1.65845 1.68602 1.73919 1.77332 1.84066 1.83036 1.81266 1.89775 1.93389 2.00485 2.03276 2.05431 2.08448 2.11185 2.18403 2.21556 2.19491 2.27163 2.28519 2.37073 2.42046 2.46229 
1.47556 1.39799 1.66172 1.37148 1.33808 1.43215 1.37605 1.44656 1.27225 1.28003 1.29081 1.28816 1.30288 1.2311 1.20999 1.14769 1.23711 1.23091 1.1057 1.12728 1.13044 1.12649 1.20285 1.13103 1.07955 1.14976 1.04041 1.00848 0.988303 1.00002 1.00726 0.979348 0.99005 0.982046 0.992231 0.947592 0.958669 0.960401 0.981973 0.952107 0.963526 0.967601 0.950822 0.966959 0.96104 0.964611 0.972623 0.976375 0.990229 0.9948 1.00523 1.01551 1.02963 1.03695 1.05935 1.07015 1.09466 1.09636 1.12142 1.15241 1.16357 1.17357 1.2095 1.24616 1.26139 1.29526 1.30608 1.33269 1.35194 1.42402 1.39715 1.44647 1.47294 1.48794 1.57943 1.58971 1.59945 1.67512 1.69005 1.68344 1.69056 1.80067 1.82794 1.85376 1.92867 1.86353 1.9761 1.94687 2.0079 2.08506 2.10069 2.14641 2.16848 2.22518 2.278 2.34109 2.29983 2.34133 2.4525 2.42447 
1.52048 1.42469 1.34394 1.46525 1.37957 1.289 1.35938 1.30741 1.42533 1.2605 1.25685 1.30514 1.24721 1.2184 1.23048 1.25719 1.22739 1.1277 1.19516 1.13804 1.08871 1.07092 1.06929 1.12067 1.13887 1.07557 1.07207 1.01704 1.0477 1.04875 1.05011 1.01251 0.941592 1.02224 0.958269 0.980629 0.943325 0.982978 0.955708 0.945763 0.958758 0.976495 0.966935 0.954813 0.971046 0.964627 0.972535 0.980841 0.98417 0.995709 1.00486 1.01589 1.02722 1.03705 1.05545 1.07061 1.09323 1.10999 1.11488 1.15975 1.17006 1.18371 1.20598 1.21722 1.25193 1.28572 1.31377 1.33633 1.36845 1.39545 1.42941 1.43357 1.52576 1.52645 1.55132 1.54135 1.62806 1.68686 1.68708 1.69695 1.74174 1.78275 1.8233 1.87053 1.86001 1.92805 1.98223 1.9673 2.06439 2.07232 2.10993 2.09839 2.11286 2.26215 2.21623 2.30846 2.30665 2.34771 2.36598 2.44879 
1.36048 1.44123 1.43155 1.5064 1.47607 1.34623 1.33926 1.39014 1.18536 1.27236 1.24104 1.25487 1.28991 1.17804 1.15499 1.11621 1.19194 1.17789 1.20706 1.18982 1.13077 1.16493 1.14066 1.12703 1.12503 1.17235 1.05786 1.04577 1.01363 1.00626 1.04749 1.01573 1.04883 1.01185 0.982846 0.992841 0.968299 0.969465 0.958475 0.957607 0.97618 0.974602 0.954118 0.962644 0.960279 0.965985 0.975621 0.981221 0.987542 0.994984 1.00455 1.01609 1.02546 1.04003 1.05241 1.07288 1.10652 1.09657 1.11473 1.15336 1.17886 1.18126 1.19608 1.26211 1.25627 1.27023 1.3115 1.32572 1.36333 1.41056 1.43948 1.48104 1.47924 1.47728 1.53854 1.58649 1.59881 1.65328 1.69416 1.68853 1.75962 1.783 1.82066 1.83627 1.88291 1.94453 1.94535 1.97711 2.01251 2.09541 2.10453 2.20207 2.1619 2.21087 2.27155 2.29947 2.3203 2.27821 2.43317 2.46864 
1.49593 1.34295 1.54475 1.47316 1.38084 1.31127 1.25484 1.2679 1.27577 1.35454 1.28168 1.34527 1.30542 1.2697 1.24215 1.19748 1.21473 1.0923 1.14267 1.14163 1.10545 1.04754 1.11398 1.17311 1.10403 1.07416 1.01377 1.07939 1.01437 1.00691 1.00045 1.04253 1.01185 1.00185 0.984742 0.980287 0.957057 0.967804 0.980648 0.972074 0.952809 0.944538 0.955634 0.96524 0.948182 0.961053 0.977997 0.982939 0.986787 0.994436 1.00519 1.01427 1.03137 1.04111 1.06184 1.06773 1.08638 1.12074 1.12233 1.1169 1.17773 1.20426 1.22607 1.2182 1.26233 1.28188 1.30382 1.33658 1.34448 1.39012 1.41645 1.40646 1.47719 1.48445 1.54837 1.58258 1.59767 1.60558 1.68097 1.6934 1.76105 1.77625 1.77403 1.85076 1.86307 1.9079 1.97847 1.96577 2.09713 2.07052 2.09042 2.17602 2.13939 2.21933 2.27873 2.31628 2.38929 2.34376 2.41857 2.43376 
1.47284 1.44876 1.44416 1.38115 1.38455 1.36469 1.38152 1.26171 1.43847 1.24966 1.34869 1.31426 1.27489 1.28815 1.27355 1.18007 1.14042 1.2332 1.2304 1.12431 1.12478 1.11311 1.08373 1.11357 1.03753 1.11758 1.03758 1.05543 1.01961 1.01053 0.975902 0.921413 0.989328 0.99373 0.966798 0.957351 0.956014 0.953391 0.950912 0.959558 0.958298 0.950715 0.95 0.953582 0.979122 0.966326 0.978507 0.979377 0.988133 0.994998 1.0051 1.01515 1.02649 1.04705 1.06026 1.06491 1.08747 1.11189 1.124 1.1226 1.1737 1.18273 1.19927 1.24109 1.23364 1.26948 1.32357 1.3162 1.33607 1.38259 1.43043 1.47147 1.49816 1.50803 1.52904 1.58829 1.58302 1.66646 1.65807 1.71515 1.72627 1.77131 1.821 1.8558 1.8939 1.91243 1.99553 1.95337 2.05292 2.04564 2.16017 2.16201 2.15798 2.19476 2.21797 2.31142 2.37237 2.35009 2.44402 2.52731 
1.39883 1.48377 1.49534 1.32833 1.36937 1.34374 1.33199 1.30324 1.31228 1.26329 1.264 1.24062 1.28777 1.21356 1.25061 1.2823 1.18097 1.18514 1.13222 1.12721 1.20189 1.1158 1.1868 1.1298 1.10697 1.08469 0.981053 1.03045 1.03213 1.04211 0.982243 1.011 0.998247 0.995607 0.962736 0.968779 0.997809 0.958877 0.964562 0.967948 0.971168 0.961676 0.954619 0.962572 0.968653 0.971108 0.978463 0.976485 0.985459 0.995062 1.00542 1.01901 1.02953 1.04057 1.05351 1.07944 1.0932 1.10971 1.11314 1.15893 1.16033 1.19014 1.21145 1.21163 1.25631 1.29934 1.31397 1.32337 1.36832 1.39066 1.46414 1.47019 1.49563 1.4975 1.5375 1.58004 1.59357 1.62803 1.73282 1.72562 1.71451 1.77557 1.82688 1.82198 1.89383 1.89678 1.97404 1.97968 2.02809 2.07191 2.161 2.1419 2.21863 2.19513 2.22902 2.28014 2.36703 2.38038 2.4681 2.40625 
1.53076 1.47362 1.58664 1.52182 1.49847 1.46838 1.3265 1.29748 1.41092 1.27914 1.19897 1.2275 1.22478 1.32783 1.35546 1.19748 1.09694 1.24696 1.13711 1.26265 1.15428 1.0595 1.15263 1.11445 1.05941 1.15212 1.09263 1.02508 0.995531 0.962337 1.04051 1.00284 1.0037 1.0131 0.963332 0.950488 0.978215 0.953924 0.987085 0.964518 0.950554 0.984274 0.967414 0.955689 0.96594 0.966761 0.972812 0.976682 0.986108 0.994387 1.00518 1.01371 1.02863 1.04067 1.04548 1.0629 1.07889 1.09947 1.11909 1.1355 1.16211 1.18228 1.20997 1.24943 1.26142 1.28196 1.30754 1.3531 1.34285 1.39175 1.40801 1.46323 1.47517 1.50987 1.5625 1.57741 1.58624 1.68075 1.70706 1.70988 1.74812 1.78606 1.79338 1.87818 1.91513 1.88188 1.94709 1.96177 1.99636 2.04665 2.11591 2.12188 2.14425 2.26697 2.24253 2.31138 2.30739 2.35062 2.4568 2.45361 
1.51992 1.49985 1.38602 1.43021 1.4782 1.53017 1.28134 1.39512 1.33335 1.25475 1.28937 1.21622 1.32465 1.28579 1.25586 1.21684 1.19152 1.18316 1.19426 1.16183 1.15135 1.15484 1.10428 1.12624 1.02984 1.07605 1.07799 1.06856 1.01436 1.06096 0.991043 1.01437 1.03228 1.00976 0.98607 0.990207 0.959833 0.976852 0.949886 0.976393 0.94946 0.943929 0.956478 0.957691 0.951591 0.967537 0.980308 0.980559 0.988284 0.995654 1.00391 1.01781 1.03252 1.03852 1.05581 1.066 1.07977 1.10419 1.12091 1.13296 1.17337 1.20003 1.19905 1.23038 1.25518 1.27837 1.29964 1.34017 1.37987 1.37763 1.42344 1.43373 1.46648 1.49884 1.53612 1.5999 1.63184 1.63421 1.69478 1.7355 1.74033 1.76125 1.82507 1.81866 1.88034 1.95741 1.99294 1.99893 2.02351 2.08695 2.10277 2.08595 2.20471 2.19088 2.22375 2.28678 2.28055 2.38033 2.3607 2.47952 
1.52381 1.4897 1.41315 1.54726 1.5623 1.43549 1.34952 1.39482 1.34156 1.19543 1.38938 1.26209 1.25799 1.20009 1.21964 1.12657 1.19784 1.14845 1.13275 1.19454 1.09062 1.12502 1.08895 1.07571 1.06779 1.07584 1.09338 1.02354 0.996935 1.03548 0.98022 0.982296 1.01468 0.998518 0.948557 0.970557 1.00506 0.971982 0.935175 0.972335 0.961771 0.952608 0.951391 0.963835 0.96349 0.966733 0.971862 0.977963 0.990858 0.99599 1.00414 1.01346 1.02502 1.04614 1.05906 1.07311 1.08722 1.10019 1.1189 1.15525 1.15927 1.18248 1.21348 1.26064 1.25736 1.27915 1.30902 1.34541 1.3596 1.36559 1.44258 1.42107 1.49853 1.49977 1.56472 1.59428 1.60507 1.62969 1.68287 1.69027 1.76844 1.78788 1.82427 1.85307 1.89224 1.91437 1.9952 1.94385 2.06561 2.08656 2.07514 2.13771 2.18132 2.19413 2.22736 2.35699 2.31637 2.3069 2.43541 2.44667 
1.3487 1.4394 1.43028 1.33893 1.4651 1.42112 1.36524 1.27007 1.31475 1.3955 1.20754 1.33037 1.23918 1.30229 1.17564 1.09614 1.25483 1.16736 1.16407 1.08522 1.15351 1.16343 1.16789 1.11557 1.0653 1.10582 0.979596 1.08773 0.997016 1.06595 1.02718 0.990066 1.00731 0.994808 0.998345 0.98107 0.984295 0.972116 0.953506 0.954805 0.971753 0.966281 0.957026 0.966676 0.963483 0.967763 0.970513 0.978382 0.985679 0.994924 1.00459 1.01624 1.02634 1.03576 1.06053 1.06128 1.09484 1.10542 1.13051 1.14619 1.16411 1.18964 1.21312 1.22175 1.27977 1.28161 1.29632 1.32779 1.37855 1.38414 1.43153 1.43544 1.49306 1.49365 1.51646 1.57666 1.59325 1.62435 1.6989 1.73084 1.73178 1.74698 1.76661 1.85958 1.89293 1.958 1.95311 1.98704 1.99918 2.08692 2.15258 2.10835 2.17741 2.24086 2.2782 2.29707 2.32503 2.42208 2.4012 2.51895 
1.52789 1.41741 1.44031 1.27225 1.35854 1.55101 1.3364 1.37106 1.22254 1.39142 1.36389 1.27631 1.23027 1.23547 1.18961 1.39983 1.18646 1.21045 1.15574 1.17565 1.12082 1.10876 1.09992 1.05322 1.11926 1.11833 1.02206 1.0479 1.07141 0.992556 1.03444 0.976356 1.01706 0.994326 0.984618 0.986968 1.00929 0.961612 0.947419 0.975785 0.956214 0.951073 0.959988 0.960316 0.966231 0.973685 0.973644 0.975607 0.985451 0.995566 1.00589 1.01495 1.02592 1.03612 1.05635 1.06151 1.09281 1.10971 1.12171 1.15991 1.16059 1.18712 1.20005 1.25299 1.24723 1.28761 1.30651 1.34795 1.3863 1.38947 1.43558 1.41789 1.50609 1.52989 1.53303 1.54177 1.5935 1.64783 1.68086 1.69234 1.7363 1.78151 1.84591 1.84474 1.82835 1.92435 1.9723 2.00418 2.0432 2.07559 2.11789 2.08722 2.18327 2.25726 2.29594 2.27073 2.37671 2.39179 2.37936 2.41152 
1.42088 1.49872 1.47894 1.45886 1.31446 1.42847 1.39649 1.40519 1.45287 1.26101 1.30921 1.25272 1.25113 1.21743 1.21728 1.20813 1.19953 1.20133 1.14846 1.10998 1.14264 1.19875 1.14249 1.1041 1.07653 1.00379 1.07104 1.06486 1.0522 1.0146 1.01835 1.00095 0.979789 1.00664 0.984789 0.97212 1.00175 0.960454 0.943365 0.988381 0.974999 0.953179 0.957549 0.946886 0.957121 0.967737 0.972919 0.975169 0.986742 0.995026 1.00552 1.01442 1.02983 1.04077 1.05123 1.07864 1.09359 1.09887 1.10916 1.14334 1.17939 1.1838 1.19481 1.23922 1.26941 1.29833 1.29881 1.3518 1.36303 1.39924 1.40724 1.45308 1.42546 1.47834 1.53103 1.5583 1.63443 1.59236 1.6616 1.68661 1.72873 1.78438 1.76979 1.79219 1.84522 1.9046 1.95241 2.02988 2.06243 2.04268 2.15413 2.12503 2.15242 2.18465 2.22649 2.29346 2.40367 2.37546 2.44735 2.41841 
1.51452 1.46262 1.45361 1.43353 1.40649 1.30331 1.34018 1.36768 1.30377 1.34393 1.35526 1.30559 1.34322 1.28481 1.24182 1.13692 1.23204 1.23045 1.10603 1.20433 1.09265 1.09247 1.12584 1.0982 1.15972 1.07749 1.05119 1.0478 1.00901 1.00103 1.0044 1.04753 0.959486 0.97851 0.999287 0.969981 0.96261 0.953379 0.958001 0.942655 0.946331 0.942966 0.97055 0.941352 0.963239 0.968191 0.972869 0.978077 0.985825 0.995977 1.00472 1.0182 1.02787 1.04316 1.05741 1.0718 1.0932 1.10099 1.12774 1.14287 1.16695 1.19764 1.19366 1.22743 1.2745 1.27233 1.31855 1.34619 1.36859 1.36587 1.41916 1.46523 1.48601 1.53113 1.54178 1.59557 1.62881 1.62026 1.69891 1.74172 1.7602 1.75929 1.8617 1.84389 1.89086 1.92648 1.96287 1.96729 2.08959 2.08167 2.11555 2.10249 2.2578 2.23067 2.26436 2.32787 2.34663 2.38799 2.46583 2.41979 
1.45665 1.45708 1.37799 1.53955 1.28186 1.45039 1.40963 1.3378 1.49679 1.27836 1.25984 1.31938 1.26767 1.14041 1.19341 1.12771 1.16198 1.2154 1.14255 1.15042 1.11472 1.06784 1.17968 1.06068 1.08207 1.08089 1.07812 1.01552 1.0037 1.05772 1.00766 1.00731 0.971309 1.01666 0.955302 0.951399 0.983915 0.941581 0.943588 0.936484 0.959715 0.978349 0.972501 0.97584 0.968355 0.965418 0.967333 0.98021 0.985856 0.995247 1.00565 1.01502 1.02901 1.04432 1.04707 1.07155 1.09379 1.10008 1.1226 1.13683 1.18548 1.19469 1.2275 1.21234 1.25801 1.27938 1.31254 1.35832 1.3585 1.41498 1.40207 1.46445 1.48122 1.52228 1.55939 1.56383 1.63013 1.64919 1.68336 1.69651 1.70228 1.8113 1.85259 1.86395 1.90205 1.90732 1.95524 1.97223 2.01543 2.0771 2.09243 2.15015 2.17468 2.17957 2.21899 2.3209 2.32452 2.34347 2.4206 2.41682 
1.58895 1.48311 1.40151 1.55215 1.29141 1.38086 1.22192 1.38106 1.34328 1.27466 1.32629 1.32788 1.22559 1.28182 1.26854 1.27617 1.21262 1.24922 1.2313 1.20352 1.14026 1.14906 1.12103 1.07661 1.0819 1.07869 1.09471 1.05737 1.03893 1.02158 1.03181 0.965718 0.958963 0.96497 0.981752 0.981048 0.960644 0.965951 0.965413 0.975094 0.955649 0.94286 0.948552 0.959104 0.959535 0.964238 0.977008 0.976644 0.987956 0.995194 1.00603 1.01698 1.02779 1.04029 1.05029 1.07731 1.07939 1.11694 1.1262 1.14952 1.16351 1.19119 1.19701 1.24487 1.25216 1.28846 1.29527 1.33834 1.35497 1.37464 1.43617 1.46484 1.50394 1.51688 1.55009 1.56197 1.62509 1.65627 1.7181 1.73177 1.71398 1.79617 1.82633 1.81024 1.85013 1.91965 1.92034 1.98853 2.05696 2.06097 2.09793 2.17437 2.20563 2.22885 2.22186 2.31525 2.33586 2.39456 2.4211 2.44108 
1.5951 1.54864 1.31128 1.3626 1.47205 1.4041 1.38316 1.52562 1.36344 1.43608 1.25045 1.26717 1.31258 1.26066 1.21879 1.30275 1.17377 1.12211 1.0804 1.12809 1.1581 1.11435 1.07731 1.06291 1.04945 1.07629 1.02516 1.03675 1.03086 1.00454 0.970541 1.04932 1.00554 0.958728 0.991499 0.941847 0.952706 0.948423 0.960513 0.972658 0.939959 0.961495 0.971326 0.96279 0.959309 0.971324 0.970312 0.981772 0.986874 0.995466 1.00541 1.01347 1.02702 1.03928 1.05049 1.07265 1.08798 1.10956 1.11553 1.14182 1.168 1.17818 1.20887 1.23625 1.27002 1.2805 1.30152 1.33985 1.37678 1.37147 1.40968 1.43761 1.49022 1.54559 1.52886 1.57805 1.5656 1.66272 1.67332 1.7433 1.67513 1.76604 1.80387 1.88792 1.88982 1.94743 1.97082 1.97647 2.04904 2.07071 2.09459 2.13821 2.12512 2.16421 2.19628 2.29747 2.30016 2.33699 2.39917 2.41772 
1.48411 1.42055 1.45948 1.38858 1.37175 1.43422 1.3312 1.2929 1.22715 1.34778 1.30164 1.31809 1.22452 1.23559 1.23555 1.21811 1.25063 1.2357 1.20276 1.08557 1.17882 1.23608 1.06865 1.14339 1.11977 1.12097 1.02649 1.06455 1.02946 1.07486 1.02017 1.02676 0.971832 0.99165 0.9626 0.968961 0.966062 0.956006 0.965363 0.963983 0.955631 0.942362 0.969227 0.955617 0.958076 0.964372 0.978664 0.984208 0.984903 0.994577 1.00509 1.01496 1.02917 1.04288 1.0597 1.0708 1.08254 1.1085 1.12401 1.13551 1.16655 1.19358 1.22517 1.23 1.26388 1.27814 1.29654 1.32882 1.35703 1.39156 1.38022 1.46154 1.4881 1.49486 1.561 1.5748 1.58618 1.6449 1.66454 1.72199 1.73072 1.77869 1.78936 1.80619 1.88166 1.86897 1.93184 1.96838 2.00472 2.03651 2.11948 2.12627 2.16241 2.26128 2.26658 2.298 2.28877 2.33957 2.4228 2.41221 
1.51386 1.50751 1.41211 1.33107 1.31696 1.43579 1.30948 1.21618 1.26913 1.33095 1.24277 1.35013 1.30364 1.22378 1.16338 1.19355 1.05684 1.21942 1.17958 1.18766 1.11267 1.01788 1.09797 1.07916 1.04997 1.06453 1.12577 0.96409 1.06123 0.994152 1.05993 0.988822 1.0075 0.983523 0.995892 0.962127 0.970432 0.96904 0.955883 0.962119 0.965204 0.953538 0.965669 0.955839 0.968528 0.955536 0.971666 0.983372 0.985729 0.995248 1.00485 1.01667 1.02613 1.04038 1.05386 1.06967 1.07771 1.09585 1.1337 1.15741 1.17119 1.17498 1.22203 1.21928 1.28343 1.29379 1.3267 1.35552 1.36243 1.38496 1.42989 1.42664 1.50353 1.50362 1.54011 1.58342 1.59919 1.65168 1.67582 1.72301 1.7619 1.76125 1.85892 1.86631 1.92557 1.91651 1.97362 1.99627 2.03134 2.07727 2.11122 2.12693 2.19001 2.24559 2.28725 2.2885 2.35015 2.33743 2.43655 2.46018 
1.3387 1.54356 1.48078 1.41991 1.33635 1.40675 1.38662 1.24026 1.40681 1.33133 1.33061 1.27652 1.36728 1.26355 1.25467 1.30977 1.14592 1.22954 1.12012 1.24095 1.20097 1.12649 1.1054 1.05856 1.11725 1.05231 1.03983 1.04551 0.994337 1.0112 0.991246 1.0198 0.97199 0.954378 0.952116 0.960036 0.971863 0.973071 0.983551 0.955364 0.979324 0.964459 0.968521 0.955617 0.970826 0.969516 0.975332 0.977325 0.989983 0.995379 1.00454 1.01904 1.02709 1.05034 1.0568 1.07146 1.09083 1.11418 1.11801 1.12911 1.15557 1.19136 1.2054 1.24339 1.27852 1.2866 1.29382 1.37494 1.40571 1.39563 1.44473 1.43857 1.48861 1.51182 1.56841 1.58632 1.62622 1.6453 1.67691 1.70319 1.74454 1.78922 1.86998 1.86177 1.86355 1.97954 1.99595 1.99193 2.02665 2.06079 2.07772 2.17912 2.20357 2.20097 2.29033 2.33917 2.36591 2.36218 2.41249 2.41419 
1.48185 1.3862 1.43978 1.3028 1.38161 1.49203 1.29542 1.35775 1.38889 1.25653 1.23912 1.34188 1.2693 1.16371 1.20314 1.22926 1.1645 1.14653 1.07336 1.1325 1.17249 0.998534 1.08619 1.0757 1.10168 1.06137 1.02737 1.0382 0.988311 0.970811 1.03009 1.03558 0.991353 0.996248 0.990681 1.01341 0.975856 0.97564 0.956196 0.939877 0.9458 0.952285 0.967951 0.966079 0.966616 0.962233 0.973877 0.975333 0.987185 0.995034 1.00458 1.01322 1.02693 1.03565 1.05331 1.07244 1.08969 1.10479 1.1322 1.15958 1.14273 1.18175 1.21127 1.23535 1.27258 1.3011 1.32565 1.33518 1.3575 1.40468 1.40561 1.45188 1.49364 1.53547 1.54643 1.57688 1.62478 1.60323 1.6718 1.73653 1.71851 1.76183 1.78581 1.80137 1.86763 1.90947 1.99279 1.9673 2.0378 2.09281 2.10221 2.08546 2.16257 2.23831 2.16982 2.31806 2.3366 2.34157 2.4383 2.42084 
1.34063 1.48541 1.30782 1.35493 1.34143 1.3467 1.3376 1.49931 1.18363 1.32187 1.2479 1.33101 1.2725 1.17169 1.2094 1.2964 1.21642 1.21082 1.13576 1.16487 1.14039 1.07481 1.08134 1.06669 1.10531 1.08061 1.06319 1.02309 1.05558 0.962445 1.02432 1.00991 1.01861 0.971634 0.940671 0.969329 0.958131 0.975833 0.964384 0.976735 0.956009 0.964351 0.972603 0.949094 0.963455 0.964383 0.971345 0.978062 0.98669 0.993858 1.00558 1.01719 1.03106 1.03634 1.06194 1.07778 1.08545 1.09654 1.13169 1.1539 1.15584 1.1838 1.20844 1.23091 1.2713 1.28647 1.29382 1.33647 1.36206 1.37589 1.45358 1.43115 1.46665 1.5196 1.54718 1.56772 1.61296 1.626 1.69231 1.70794 1.75958 1.74061 1.83708 1.81128 1.89341 1.93883 1.96333 1.98239 1.99034 2.07998 2.14432 2.13508 2.21196 2.19053 2.34424 2.26724 2.33072 2.38067 2.42896 2.44479 
1.4498 1.39822 1.39493 1.32443 1.34539 1.4096 1.51496 1.41751 1.27406 1.15306 1.35981 1.32025 1.35986 1.26385 1.17869 1.2408 1.16578 1.14005 1.21463 1.1142 1.11958 1.10609 1.09231 1.00936 1.06053 1.05327 1.03627 1.05895 1.07372 1.0006 1.03403 0.959615 0.993858 0.936647 0.983153 0.994276 0.979018 0.935648 0.967303 0.963008 0.97599 0.955423 0.967473 0.948738 0.963023 0.959247 0.966255 0.980354 0.982092 0.995387 1.00541 1.01371 1.02917 1.03429 1.05593 1.06217 1.08948 1.10608 1.12378 1.12995 1.15974 1.18222 1.20809 1.23355 1.25733 1.27839 1.32357 1.35058 1.35507 1.41722 1.40159 1.45444 1.49262 1.54639 1.59966 1.60245 1.61625 1.65968 1.7048 1.71872 1.74891 1.78922 1.79429 1.83354 1.89369 1.91556 1.96076 1.967 1.9981 2.06834 2.10453 2.20548 2.19217 2.22919 2.25279 2.34398 2.34872 2.36271 2.39234 2.4645 
1.49021 1.5882 1.44124 1.44578 1.41563 1.40064 1.40073 1.44866 1.28674 1.32086 1.1992 1.28136 1.1944 1.199 1.29022 1.26036 1.22486 1.13036 1.19185 1.10695 1.15554 1.17559 1.1145 1.08628 1.14132 1.05849 1.0632 1.10161 0.992845 0.990484 0.971654 1.00268 0.956059 0.972682 1.00135 0.98569 0.97595 0.97846 0.954343 0.973478 0.969768 0.950069 0.960457 0.972445 0.951595 0.965415 0.973682 0.979552 0.983866 0.996152 1.00454 1.01775 1.03126 1.04281 1.06255 1.07135 1.08931 1.10364 1.13327 1.14267 1.17191 1.16612 1.20682 1.23128 1.25817 1.2892 1.32544 1.31884 1.35853 1.37447 1.43883 1.42921 1.47897 1.52176 1.54536 1.54523 1.61239 1.62886 1.6912 1.7318 1.7389 1.76398 1.80321 1.81779 1.87647 1.92379 1.96375 2.02993 2.07368 2.09391 2.11414 2.09982 2.1912 2.27521 2.28094 2.28388 2.34914 2.37147 2.50498 2.42668 
1.3633 1.441 1.48334 1.37075 1.37429 1.41206 1.31074 1.36046 1.34471 1.25233 1.24409 1.28479 1.38799 1.25159 1.28292 1.18096 1.24216 1.28342 1.11582 1.12853 1.12171 1.15099 1.14845 1.09653 1.09753 1.0919 1.05476 1.07302 1.04458 0.99236 1.01862 1.01681 0.986963 0.975592 0.955621 0.989369 0.968182 0.98533 0.976556 0.967239 0.984981 0.95439 0.956511 0.958657 0.967169 0.959522 0.975509 0.977416 0.986608 0.994566 1.00497 1.01377 1.02701 1.04434 1.05098 1.06873 1.08927 1.10103 1.1264 1.15022 1.16285 1.18602 1.20741 1.23387 1.26813 1.29963 1.31172 1.3546 1.37198 1.40114 1.41727 1.41338 1.47565 1.5233 1.53884 1.58599 1.59546 1.65042 1.71056 1.70935 1.75728 1.7794 1.80547 1.87625 1.91346 1.90477 1.9711 2.00747 2.0466 2.05052 2.08847 2.17698 2.17182 2.21469 2.27889 2.30415 2.34914 2.36471 2.40323 2.45559 
1.38705 1.42285 1.56746 1.38115 1.30431 1.49203 1.3671 1.32622 1.4033 1.32329 1.29727 1.22789 1.21918 1.33017 1.20922 1.17006 1.16493 1.19864 1.18884 1.0819 1.07763 1.1249 1.12831 1.06948 1.14665 1.05232 0.981368 1.06174 0.996008 1.03466 0.984804 1.00023 1.00109 1.00915 1.00185 0.988535 0.972153 0.977614 0.957999 0.952828 0.941601 0.953175 0.965122 0.962204 0.968689 0.9717 0.962754 0.979347 0.98469 0.99678 1.00456 1.01541 1.02905 1.03635 1.05344 1.07084 1.08672 1.10002 1.11903 1.1524 1.16814 1.1902 1.22171 1.22978 1.2473 1.27697 1.3159 1.34237 1.35245 1.40251 1.414 1.45464 1.44996 1.52109 1.53374 1.60944 1.60026 1.65774 1.64823 1.70473 1.72958 1.83506 1.78389 1.87068 1.88035 1.96252 2.00628 1.99282 1.96447 2.06963 2.12593 2.07514 2.20388 2.21612 2.28947 2.33342 2.34967 2.4306 2.42953 2.45811 
1.4467 1.4033 1.56508 1.42239 1.34098 1.412 1.29195 1.28795 1.33677 1.31996 1.31607 1.24741 1.24666 1.161 1.26432 1.27189 1.26792 1.10606 1.25005 1.14029 1.24464 1.20378 1.17617 1.13827 1.09598 1.01342 1.03818 1.05855 1.01753 1.02485 0.968285 0.985168 0.973899 0.981857 0.987534 0.989839 0.955455 0.949079 0.948308 0.959067 0.974059 0.961496 0.941025 0.95284 0.960857 0.976379 0.977354 0.976926 0.98987 0.995274 1.00538 1.01915 1.02673 1.04047 1.05222 1.06866 1.08182 1.10022 1.1358 1.14952 1.16087 1.18095 1.21548 1.24683 1.27635 1.28076 1.31668 1.33242 1.38893 1.41344 1.41971 1.46215 1.49316 1.51548 1.55512 1.53868 1.61207 1.65096 1.68827 1.70942 1.7373 1.80445 1.80949 1.84541 1.9078 1.90616 1.98707 2.01221 2.04985 2.07003 2.15861 2.11908 2.23871 2.24965 2.26948 2.32622 2.41244 2.348 2.39704 2.47947 
1.44895 1.56715 1.34029 1.45427 1.36408 1.29563 1.29799 1.27151 1.20851 1.28948 1.32337 1.33424 1.2206 1.24982 1.20492 1.14241 1.20714 1.22183 1.11837 1.17009 1.05478 1.11583 1.11648 1.07125 1.1343 1.05132 1.02975 1.00747 1.02076 0.989397 1.01138 1.00475 1.01238 0.977492 0.970825 0.991668 0.985641 0.963069 0.981764 0.943811 0.947956 0.965068 0.96177 0.967532 0.957404 0.963599 0.978645 0.978769 0.987006 0.994197 1.00433 1.01718 1.03041 1.04456 1.05185 1.07045 1.09447 1.11298 1.12832 1.13816 1.15716 1.20723 1.215 1.23982 1.24124 1.30035 1.33353 1.3342 1.36576 1.39136 1.45691 1.47944 1.49282 1.50767 1.55683 1.58482 1.61505 1.6868 1.71209 1.70682 1.74018 1.78218 1.81074 1.86883 1.8843 1.92474 1.93348 2.0277 2.005 2.09601 2.14461 2.14826 2.15772 2.28014 2.28331 2.33318 2.32056 2.34728 2.45252 2.45118 
1.43276 1.57547 1.46091 1.47584 1.45194 1.4382 1.31715 1.3026 1.34998 1.3252 1.24 1.289 1.29173 1.36673 1.27651 1.18395 1.1379 1.18216 1.10544 1.17243 1.03952 1.01215 1.08921 1.06 1.09615 1.07176 1.05683 0.981719 1.01703 1.06254 1.02415 1.02583 0.961188 0.979776 0.965699 0.975697 0.962758 0.96349 0.997976 0.963592 0.948283 0.968996 0.956524 0.967694 0.965962 0.955711 0.977448 0.982209 0.985519 0.995128 1.0051 1.01868 1.03017 1.04063 1.05823 1.0713 1.09034 1.11045 1.11923 1.1313 1.1606 1.18228 1.19611 1.20837 1.26044 1.28455 1.30819 1.33579 1.39209 1.37301 1.43156 1.4846 1.49436 1.54753 1.55508 1.56492 1.61984 1.69297 1.65604 1.7334 1.75659 1.75503 1.7855 1.84191 1.89818 1.89383 1.95722 1.97322 2.00758 2.08088 2.1314 2.12602 2.18028 2.17479 2.29047 2.31713 2.34415 2.40303 2.38249 2.43316 
1.44707 1.38122 1.43813 1.46525 1.42447 1.27669 1.26249 1.34252 1.3612 1.24073 1.22805 1.18841 1.30822 1.21675 1.2243 1.1608 1.1151 1.23005 1.17147 1.11921 1.18969 1.10672 1.15819 1.09797 1.11068 1.11498 1.04128 1.0728 0.979952 1.0489 0.997448 1.00948 0.96955 0.987866 0.955851 0.959045 0.975577 0.948764 0.94941 0.933831 0.95474 0.955355 0.950501 0.96553 0.973701 0.967148 0.972365 0.977249 0.983044 0.995042 1.00495 1.01812 1.02817 1.03959 1.05989 1.0713 1.08998 1.10678 1.13627 1.15438 1.15517 1.17593 1.19948 1.23804 1.28699 1.26796 1.31671 1.34433 1.39435 1.38344 1.44561 1.46488 1.44893 1.485 1.55936 1.58271 1.61498 1.62462 1.68975 1.6788 1.76127 1.80081 1.77366 1.86007 1.91104 1.93455 1.92919 1.98166 2.06794 2.0533 2.06952 2.13788 2.16284 2.25629 2.23025 2.29636 2.3258 2.40231 2.4383 2.47594 
1.44276 1.30652 1.39332 1.44529 1.29445 1.36621 1.33379 1.45093 1.34559 1.27197 1.18261 1.30617 1.2178 1.21981 1.24926 1.1796 1.21684 1.10652 1.14796 1.05802 1.11326 1.11392 1.12006 1.13527 1.1527 1.04076 1.0259 1.08966 1.0288 0.982311 0.99067 1.00295 0.96229 0.988273 0.962187 0.98068 0.978987 0.950603 0.953243 0.966338 0.941307 0.944682 0.972282 0.94601 0.960789 0.964815 0.9752 0.977146 0.984521 0.995056 1.00541 1.01645 1.02944 1.04531 1.05971 1.06514 1.07581 1.09312 1.11281 1.15388 1.15908 1.1703 1.20843 1.23692 1.27144 1.28586 1.3375 1.3511 1.37488 1.36949 1.4339 1.47583 1.47544 1.55572 1.5277 1.59128 1.61978 1.63538 1.71502 1.68973 1.74852 1.77926 1.79487 1.86098 1.84488 1.93491 1.96871 1.99672 2.0277 2.0956 2.14075 2.10137 2.19902 2.20465 2.2975 2.36476 2.37163 2.36008 2.44635 2.54072 
1.4872 1.41129 1.50629 1.2639 1.38495 1.33191 1.43911 1.40382 1.3179 1.29521 1.24419 1.20627 1.13802 1.18048 1.2221 1.11494 1.20628 1.07613 1.19787 1.27376 1.17906 1.09915 1.12066 1.05356 1.06364 1.09193 1.04158 1.02914 1.01444 0.987926 1.01249 0.999576 1.02779 0.990565 0.970349 0.961941 0.961291 0.92401 0.918548 0.946141 0.968297 0.956891 0.966923 0.960896 0.960056 0.965802 0.976403 0.977412 0.989965 0.99442 1.00574 1.0166 1.02774 1.04456 1.05269 1.07878 1.08894 1.10884 1.11979 1.14001 1.16576 1.17764 1.21921 1.2532 1.2552 1.2934 1.32295 1.3113 1.38906 1.39924 1.43052 1.43417 1.45885 1.51941 1.53734 1.5778 1.6122 1.64476 1.66689 1.7256 1.76884 1.81729 1.80802 1.85038 1.87723 1.92359 1.93417 2.01379 2.03256 2.08952 2.09313 2.15593 2.17961 2.2569 2.24238 2.2983 2.36514 2.32282 2.38022 2.5042 
1.49612 1.3885 1.54364 1.42089 1.31304 1.39633 1.27786 1.21165 1.28951 1.2832 1.33304 1.22238 1.20137 1.24678 1.27829 1.21231 1.15479 1.17355 1.08493 1.15158 1.1154 1.09704 1.0747 1.06236 1.12019 1.09742 1.06984 1.05182 1.0224 1.0252 0.956956 1.0254 1.02549 0.998495 0.94765 1.01043 0.973739 0.94943 0.956985 0.925 0.94471 0.959103 0.972947 0.959194 0.969864 0.966377 0.966986 0.977256 0.984579 0.995018 1.00565 1.01813 1.02576 1.04096 1.05475 1.07865 1.08662 1.09995 1.11852 1.15724 1.15729 1.18445 1.21727 1.25052 1.25951 1.28187 1.28843 1.32875 1.37827 1.40388 1.4017 1.4539 1.47123 1.51427 1.55243 1.57907 1.61909 1.64005 1.64884 1.69599 1.74218 1.82591 1.78845 1.86864 1.89286 1.92808 2.01056 2.04597 2.04184 2.10545 2.12639 2.15912 2.24149 2.19053 2.27514 2.35541 2.31258 2.44707 2.46368 2.45159 
1.42271 1.412 1.35066 1.33136 1.3267 1.4306 1.35208 1.29888 1.32714 1.17488 1.24801 1.33296 1.21831 1.26748 1.26601 1.17423 1.1434 1.09838 1.11421 1.14397 1.19363 1.0148 1.12297 1.10075 1.03233 1.02324 1.05121 1.0081 0.990989 1.02293 0.985581 1.01329 1.02574 0.945821 0.956131 0.977366 0.993951 0.975314 0.93063 0.939914 0.970657 0.94843 0.95065 0.956178 0.956891 0.964393 0.970142 0.978328 0.986005 0.995343 1.00555 1.01831 1.02556 1.04373 1.05962 1.07904 1.09084 1.11461 1.12723 1.14552 1.15345 1.20142 1.19681 1.24851 1.2506 1.28042 1.30486 1.35313 1.37671 1.39859 1.44112 1.47062 1.49207 1.51935 1.54286 1.57255 1.59439 1.63208 1.66075 1.71618 1.72421 1.75934 1.81834 1.85491 1.8876 1.91657 1.95864 2.01206 1.9981 2.04427 2.11401 2.15334 2.21774 2.22859 2.21303 2.27838 2.37919 2.38447 2.34271 2.43146 
1.45421 1.35184 1.31405 1.42372 1.34026 1.34584 1.3594 1.33863 1.32677 1.34332 1.27925 1.28516 1.29448 1.18117 1.17303 1.1777 1.21936 1.18069 1.16126 1.08809 1.10124 1.1086 1.10533 1.06435 1.03772 1.11011 1.01541 0.985103 1.05473 1.03098 1.00281 0.997952 0.974818 0.976399 0.96265 0.989788 0.993175 0.943645 0.956021 0.967382 0.957787 0.957425 0.948998 0.965005 0.954006 0.976595 0.971692 0.974291 0.984427 0.995075 1.0045 1.01682 1.02883 1.04562 1.05894 1.07344 1.08623 1.11129 1.11983 1.14518 1.17006 1.20053 1.21123 1.22986 1.26698 1.28519 1.29194 1.33777 1.37721 1.41061 1.42622 1.46527 1.45051 1.53395 1.54163 1.53052 1.61334 1.66201 1.67558 1.74739 1.73829 1.78793 1.83364 1.87523 1.90697 1.90517 1.96559 1.94646 2.04078 2.07817 2.09958 2.13802 2.17162 2.25765 2.28007 2.35209 2.33696 2.42509 2.40497 2.42228 
1.32444 1.49881 1.42521 1.46583 1.25799 1.36112 1.29924 1.38931 1.21124 1.23092 1.21357 1.13814 1.1772 1.21539 1.1858 1.18607 1.13409 1.14802 1.15369 1.13347 1.05953 1.09651 1.13596 1.03841 1.01542 1.01339 1.02902 1.0614 1.00418 0.992023 1.01566 0.965176 0.990348 1.00185 0.975318 0.97314 0.963563 0.964877 0.954819 0.962988 0.953601 0.953072 0.958177 0.968594 0.96196 0.971324 0.971571 0.975166 0.98322 0.995566 1.00538 1.01635 1.03237 1.04869 1.06169 1.06842 1.08755 1.10844 1.10968 1.15408 1.16081 1.18887 1.20819 1.23305 1.26505 1.29119 1.3271 1.35773 1.39498 1.43196 1.40761 1.46906 1.48629 1.54412 1.53921 1.58546 1.60702 1.68014 1.70134 1.6964 1.75116 1.80517 1.85081 1.8575 1.90192 1.89538 1.95102 2.0318 2.08458 2.09571 2.14211 2.13155 2.22257 2.26761 2.26865 2.26828 2.28961 2.39071 2.39777 2.45605 
1.29332 1.44922 1.35613 1.44543 1.40334 1.39418 1.21095 1.30411 1.2285 1.29687 1.32752 1.16997 1.21053 1.21353 1.18597 1.15915 1.15857 1.13171 1.10567 1.08118 1.13575 1.11824 1.02709 1.05779 1.06364 1.0552 1.03093 0.984647 1.03589 0.982331 0.980657 0.989089 0.983156 0.96788 0.960586 0.962229 0.988545 0.947675 0.939496 0.958259 0.960024 0.936253 0.953204 0.951863 0.963968 0.968755 0.97428 0.974512 0.985964 0.994224 1.00608 1.0173 1.02799 1.04962 1.05254 1.08406 1.08866 1.11361 1.12775 1.14752 1.17543 1.18733 1.21379 1.23668 1.27951 1.2967 1.32213 1.34847 1.37804 1.38289 1.43856 1.44314 1.48116 1.49642 1.55206 1.6116 1.61523 1.62362 1.6785 1.67309 1.79342 1.83281 1.81335 1.86602 1.8811 1.95996 1.93941 2.0008 2.07247 2.06863 2.12747 2.09616 2.23797 2.24816 2.2506 2.32119 2.30873 2.36031 2.38646 2.49805 
1.45665 1.48203 1.3962 1.3646 1.24829 1.21803 1.17293 1.34399 1.30184 1.28053 1.204 1.2211 1.21474 1.26775 1.28285 1.32363 1.18729 1.09093 1.11764 1.15399 1.12002 1.04331 1.04381 1.06635 0.977505 1.0804 0.97901 1.02655 1.00842 0.948885 0.984671 0.996584 0.974736 0.986177 1.00463 0.92867 0.938811 0.954398 0.942664 0.964293 0.952525 0.955244 0.945643 0.953425 0.957843 0.969547 0.971678 0.976458 0.986134 0.995905 1.00526 1.01623 1.03287 1.04593 1.05823 1.07573 1.09402 1.10875 1.13379 1.15187 1.16119 1.17022 1.19743 1.23582 1.27263 1.27542 1.30464 1.372 1.35693 1.38331 1.44238 1.45821 1.49703 1.50633 1.57883 1.57517 1.63721 1.62109 1.65427 1.66471 1.77606 1.78525 1.85373 1.86006 1.8939 1.90813 1.96486 2.03724 2.03094 2.07898 2.13133 2.1584 2.19442 2.22661 2.22155 2.30489 2.35657 2.3629 2.41319 2.49354 
1.38376 1.28862 1.30802 1.27771 1.42914 1.38345 1.30564 1.30019 1.38724 1.21468 1.20477 1.17462 1.29245 1.13273 1.25713 1.09609 1.09652 1.07315 1.12161 1.07912 1.1035 1.0791 1.05048 1.06868 1.025 1.04679 1.00682 0.997154 1.00913 0.982455 0.990063 0.940332 0.985058 0.935758 0.979419 0.946022 0.955474 0.958467 0.955009 0.948093 0.951991 0.944391 0.955473 0.960969 0.965865 0.968987 0.969997 0.974786 0.984296 0.994962 1.00485 1.01741 1.02849 1.04938 1.06159 1.08018 1.09503 1.12299 1.14176 1.15658 1.16847 1.19944 1.22198 1.23901 1.26241 1.31117 1.32837 1.34741 1.3783 1.40159 1.42787 1.42152 1.51338 1.5048 1.52419 1.56666 1.59843 1.66095 1.64612 1.72925 1.7523 1.76374 1.80157 1.81241 1.92342 1.96349 1.97093 1.99757 2.08298 2.06335 2.0938 2.18743 2.20274 2.20239 2.28247 2.32598 2.34961 2.43469 2.36992 2.52116 
1.27722 1.37637 1.42975 1.26927 1.30786 1.22424 1.4336 1.20793 1.21607 1.24798 1.27118 1.25422 1.18412 1.12601 1.13029 1.15707 1.1476 1.1745 0.999876 1.1068 1.07345 1.0316 1.08343 1.02049 1.08231 1.08181 0.99173 1.02553 0.987536 0.969744 0.946873 0.988004 0.962771 0.999528 0.974952 0.978018 0.939606 0.932976 0.950199 0.936589 0.945156 0.959247 0.956649 0.940351 0.962194 0.974483 0.969997 0.976466 0.983702 0.99602 1.00608 1.01782 1.03286 1.04176 1.06242 1.08135 1.09207 1.11904 1.13786 1.14518 1.15569 1.21137 1.22382 1.21967 1.24435 1.28239 1.33108 1.33693 1.34538 1.41089 1.433 1.46715 1.53312 1.54517 1.56372 1.54035 1.61876 1.64691 1.71665 1.7062 1.78253 1.75177 1.83178 1.86526 1.89466 1.91261 1.93271 1.99894 2.02987 2.12207 2.14625 2.1723 2.17631 2.23669 2.25705 2.34987 2.36181 2.34107 2.43407 2.44994 
1.32218 1.52091 1.53411 1.39677 1.32807 1.4146 1.33033 1.33639 1.30087 1.16072 1.19615 1.2576 1.13563 1.15651 1.15652 1.14892 1.05261 1.14203 1.15699 1.06836 1.06732 1.08738 1.01038 1.07357 1.01072 1.04052 1.0123 1.01618 0.983002 1.00535 0.948056 0.985295 0.994597 0.971453 0.923949 0.948189 0.95706 0.965804 0.950915 0.951678 0.934626 0.950217 0.933361 0.970628 0.965897 0.957286 0.983338 0.975755 0.984334 0.995054 1.00482 1.01693 1.03296 1.04021 1.06812 1.07854 1.09776 1.10938 1.13379 1.15524 1.16769 1.18388 1.21689 1.24354 1.25228 1.30518 1.31818 1.36187 1.37781 1.39635 1.41502 1.47977 1.48156 1.52901 1.5248 1.59594 1.60317 1.67463 1.69394 1.71712 1.7387 1.82045 1.84152 1.83696 1.87758 1.92457 1.97898 1.97032 2.06525 2.10495 2.13705 2.15722 2.23828 2.25404 2.29269 2.38743 2.35469 2.36811 2.36992 2.48912 
1.34063 1.51131 1.34555 1.42718 1.37602 1.30602 1.2036 1.26924 1.258 1.24469 1.18067 1.22579 1.15023 1.13212 1.25341 1.0654 1.14085 1.16072 1.12386 1.09813 0.988651 1.05505 1.03661 1.00559 1.05717 0.978368 1.00505 0.971978 0.971997 0.955587 0.979241 0.971697 0.981871 1.02266 0.948872 0.950302 0.959171 0.941036 0.955357 0.936552 0.935563 0.947748 0.944412 0.948533 0.943411 0.968173 0.972498 0.976245 0.983799 0.994684 1.0062 1.01517 1.02921 1.04598 1.06 1.07604 1.09975 1.1149 1.12204 1.13934 1.17688 1.18042 1.22971 1.23364 1.26291 1.29527 1.32858 1.3568 1.37191 1.42656 1.44577 1.50117 1.49528 1.50643 1.54793 1.5685 1.62773 1.68715 1.69407 1.71989 1.76267 1.79387 1.81601 1.85799 1.82828 1.99226 1.95685 2.03126 2.04256 2.09608 2.11551 2.13474 2.19786 2.26833 2.29137 2.31895 2.31881 2.39596 2.36956 2.4389 
1.4735 1.33938 1.3109 1.33058 1.34819 1.174 1.4058 1.27021 1.37345 1.23589 1.19847 1.15339 1.22772 1.16977 1.17285 1.15149 1.11765 1.09273 1.08854 1.08037 1.02097 1.06657 1.05537 1.07192 1.04299 1.00811 1.01437 0.988704 1.03987 0.979741 0.952303 1.00649 0.969409 0.955562 0.958035 0.942371 0.955091 0.94196 0.953556 0.950068 0.943583 0.943323 0.942826 0.953696 0.9512 0.959115 0.962999 0.981407 0.984869 0.994977 1.00637 1.0182 1.03218 1.05109 1.06021 1.07876 1.08176 1.10647 1.135 1.15739 1.17153 1.1824 1.20781 1.24099 1.27829 1.26537 1.33628 1.35049 1.37075 1.41074 1.4364 1.47702 1.5128 1.50391 1.59831 1.60727 1.64295 1.60499 1.65036 1.73697 1.75898 1.79411 1.79745 1.87712 1.89396 1.98794 1.99742 1.99187 2.02066 2.0497 2.09791 2.16132 2.16877 2.28506 2.30636 2.25029 2.403 2.40079 2.41326 2.45521 
1.35133 1.44805 1.26683 1.2373 1.24799 1.41761 1.32006 1.32783 1.2324 1.19912 1.30716 1.12604 1.14632 1.11868 1.16912 1.20521 1.1248 1.1379 1.1184 1.05129 1.0766 1.07643 1.11178 1.04476 1.04074 1.03983 1.0484 1.01023 1.02125 0.992127 0.968993 0.977145 0.91293 0.948506 0.917457 0.963716 0.941735 0.948195 0.939321 0.953971 0.951871 0.935472 0.94976 0.956219 0.959553 0.956907 0.975301 0.977431 0.982661 0.995078 1.00455 1.0175 1.03048 1.04161 1.06764 1.07194 1.08811 1.12039 1.13116 1.14364 1.17972 1.18327 1.22249 1.24085 1.26894 1.30469 1.32111 1.34997 1.35227 1.41424 1.41231 1.44252 1.48037 1.51227 1.53697 1.58782 1.61745 1.63377 1.64579 1.71251 1.74438 1.79674 1.83163 1.85257 1.90551 1.96155 1.94761 1.98694 2.04578 2.08255 2.16399 2.17976 2.18244 2.2102 2.26133 2.29725 2.31084 2.42675 2.38277 2.47397 
1.29266 1.36364 1.43739 1.40272 1.33559 1.30627 1.2561 1.24782 1.25705 1.16696 1.16674 1.24677 1.12225 1.19257 1.18149 1.07288 1.09314 1.1432 1.08242 1.13792 1.03659 1.09655 1.07362 1.00379 1.01843 1.05183 0.983298 0.970401 0.986301 1.01092 0.982344 0.991965 0.971409 0.92705 0.967518 0.949519 0.956401 0.941472 0.936591 0.948509 0.945412 0.939251 0.939326 0.938962 0.957548 0.956538 0.964077 0.978894 0.983901 0.995001 1.00686 1.01787 1.03053 1.04614 1.05844 1.08321 1.09441 1.12055 1.12718 1.14634 1.17781 1.20697 1.23309 1.24069 1.27809 1.31611 1.32379 1.36172 1.34535 1.37271 1.46437 1.48224 1.514 1.54268 1.54916 1.60516 1.62938 1.68046 1.67545 1.73857 1.75962 1.79143 1.83705 1.84167 1.89355 1.98717 1.95263 2.00322 2.06597 2.09092 2.12952 2.12217 2.20883 2.24674 2.2719 2.29306 2.37892 2.41209 2.43488 2.465 
1.27431 1.28557 1.39785 1.24443 1.35713 1.21225 1.22027 1.34581 1.29953 1.09727 1.17409 1.1345 1.16906 1.21705 1.11039 1.13806 1.16153 1.10374 1.0721 1.02008 1.13451 1.04388 0.981094 0.991654 1.01332 0.992024 0.976643 1.02746 1.00604 0.962425 0.970409 0.962079 0.955015 0.925573 0.954569 0.920579 0.9703 0.936557 0.935928 0.935844 0.933754 0.939965 0.942073 0.938474 0.954688 0.963231 0.969557 0.976861 0.984854 0.994175 1.00533 1.01987 1.02921 1.05025 1.05817 1.07171 1.09968 1.10996 1.13717 1.15556 1.18072 1.20619 1.23384 1.22867 1.24773 1.30951 1.31798 1.35329 1.38566 1.42402 1.45401 1.46311 1.46149 1.53153 1.58937 1.61068 1.67883 1.65429 1.62712 1.73031 1.75255 1.77304 1.82157 1.88391 1.89009 1.89327 1.94765 2.00786 2.06485 2.0913 2.16657 2.16193 2.21411 2.19773 2.25573 2.30111 2.37344 2.39635 2.45027 2.47999 
1.26248 1.27461 1.40677 1.19751 1.25327 1.23607 1.16101 1.17963 1.13436 1.22899 1.26714 1.16913 1.17389 1.11378 1.1082 1.17909 1.16153 1.11878 1.1932 1.08178 1.08091 1.11516 1.0553 1.04064 1.04652 0.983892 1.01023 0.972596 0.975829 0.949739 1.01737 0.931636 0.913128 0.984119 0.941535 0.925694 0.969109 0.943729 0.933509 0.930381 0.954201 0.935646 0.948209 0.940731 0.963745 0.962068 0.968694 0.976606 0.981321 0.994086 1.0061 1.01864 1.0295 1.05017 1.05746 1.08197 1.09604 1.11795 1.12293 1.17517 1.20772 1.20232 1.2122 1.23177 1.26976 1.30676 1.32461 1.36077 1.37804 1.42672 1.45612 1.46678 1.47681 1.52872 1.5633 1.60244 1.63494 1.63394 1.7316 1.72398 1.77926 1.81954 1.84187 1.89156 1.89259 1.93495 1.96987 2.01068 2.06615 2.08067 2.15879 2.13631 2.17517 2.15024 2.21901 2.33735 2.39246 2.40876 2.48128 2.4106 
1.39296 1.34168 1.28854 1.21557 1.3035 1.31853 1.20962 1.07992 1.32812 1.26366 1.19112 1.14978 1.20187 1.18849 1.1402 1.10759 1.08427 1.09915 1.04949 1.0774 1.08849 1.02291 1.11902 1.06568 0.998437 1.0708 0.968506 0.926187 1.0353 0.96675 0.990367 1.02281 0.931206 0.970813 0.920471 0.940962 0.943309 0.935686 0.93231 0.910862 0.937923 0.960355 0.941674 0.94572 0.968617 0.959156 0.967194 0.973626 0.983799 0.993539 1.00633 1.01763 1.03042 1.04839 1.06013 1.08805 1.09078 1.11438 1.11744 1.16427 1.18536 1.20984 1.23136 1.24099 1.27528 1.29613 1.31734 1.31744 1.37538 1.40147 1.42596 1.4526 1.49747 1.57706 1.56876 1.60444 1.6523 1.67182 1.70195 1.72034 1.77351 1.80077 1.81441 1.88052 1.94361 1.96391 1.96386 1.99377 2.04005 2.08922 2.14283 2.21088 2.16402 2.22383 2.28143 2.31002 2.35631 2.39952 2.40073 2.47571 
1.397 1.24002 1.32042 1.27308 1.47312 1.29253 1.27236 1.20034 1.3305 1.08377 1.11964 1.12092 1.21296 1.11505 1.03915 0.938413 1.09525 1.00777 1.02765 1.10495 0.994641 1.01158 0.974491 1.01492 1.03652 0.994181 0.974723 0.985558 0.980032 0.969019 0.955338 0.937181 0.932792 0.939783 0.94765 0.91309 0.94291 0.923631 0.946595 0.931078 0.920422 0.92772 0.956021 0.942059 0.948014 0.963648 0.961576 0.973049 0.982498 0.99445 1.00494 1.02003 1.03296 1.04592 1.06637 1.0818 1.0962 1.11254 1.13997 1.16057 1.1843 1.20309 1.22369 1.26129 1.29965 1.30741 1.31196 1.34691 1.39761 1.41026 1.45534 1.46998 1.51529 1.5614 1.55826 1.60289 1.65698 1.66422 1.70425 1.7417 1.74389 1.77993 1.84897 1.88823 1.88027 1.93453 2.03937 2.04583 2.04796 2.0681 2.1523 2.19052 2.16546 2.23237 2.2291 2.39844 2.40209 2.3904 2.4625 2.48271 
1.24549 1.28086 1.29234 1.27371 1.21594 1.19039 1.23561 1.16842 1.1747 1.28921 1.13368 1.12136 1.08587 1.1884 1.04203 1.11528 1.03572 1.07063 1.11301 1.0547 1.09549 1.09679 1.08074 1.00645 0.952264 1.03331 1.02503 0.970156 0.94726 0.973841 0.950109 0.946307 0.929964 0.937884 0.949775 0.942029 0.925195 0.961377 0.941262 0.916007 0.931343 0.938003 0.950704 0.945991 0.966648 0.959492 0.96395 0.97428 0.98433 0.994626 1.00577 1.01731 1.03427 1.04105 1.06021 1.08106 1.09608 1.10719 1.13463 1.16425 1.17378 1.19316 1.21142 1.25406 1.28996 1.30383 1.3244 1.3501 1.39322 1.40436 1.42839 1.46391 1.50093 1.54397 1.54412 1.56787 1.64352 1.68517 1.67516 1.73908 1.7846 1.79761 1.84946 1.85732 1.89155 1.95918 1.99159 2.02435 2.01893 2.08283 2.10256 2.15673 2.24005 2.24147 2.30448 2.3537 2.34228 2.35486 2.42245 2.48012 
1.26474 1.21967 1.2878 1.24374 1.17252 1.23303 1.29444 1.23939 1.15116 1.19032 1.06861 1.14721 1.16473 1.16141 1.06707 1.11139 1.05388 1.07579 1.07868 1.07353 1.04993 1.02093 1.02583 0.983531 0.970772 0.999736 0.979759 0.981037 0.984228 1.01256 0.948359 0.947939 0.924272 0.953074 0.937069 0.936969 0.881429 0.920064 0.935275 0.939355 0.94107 0.930499 0.930292 0.944949 0.950245 0.962287 0.968548 0.968925 0.982825 0.99469 1.00543 1.01982 1.03174 1.04283 1.06158 1.07053 1.10417 1.11157 1.1283 1.15505 1.18701 1.19992 1.22905 1.24493 1.28471 1.29377 1.3086 1.35714 1.37491 1.40943 1.45101 1.46821 1.50893 1.55184 1.56334 1.6116 1.62994 1.65658 1.68143 1.71562 1.77258 1.80273 1.81229 1.87957 1.91333 1.98387 1.9924 2.03444 2.03116 2.03228 2.1204 2.14401 2.20339 2.30166 2.23765 2.36367 2.37634 2.39644 2.39638 2.46514 
1.24704 1.28514 1.2659 1.19297 1.18496 1.35178 1.20362 1.2068 1.04558 1.15405 1.28251 1.18413 1.17924 1.07926 1.04684 1.01249 1.06485 1.06215 1.01271 1.03497 1.07887 0.990732 1.00355 0.976628 1.05493 1.03239 0.959173 0.931287 0.987285 0.96099 0.966263 0.929454 0.934798 0.932049 0.929124 0.936211 0.948618 0.918281 0.937255 0.906729 0.941141 0.924829 0.944936 0.947278 0.94829 0.95985 0.961356 0.973163 0.981459 0.994315 1.006 1.02022 1.03179 1.05201 1.06633 1.07962 1.09581 1.11303 1.12962 1.16929 1.18667 1.21601 1.25261 1.2494 1.25224 1.30189 1.30675 1.34397 1.38842 1.4297 1.43526 1.47878 1.49268 1.53204 1.576 1.59277 1.63563 1.68083 1.70459 1.75522 1.75172 1.80622 1.83607 1.87166 1.93518 1.95626 1.99277 1.99553 2.10234 2.05348 2.12305 2.14072 2.19226 2.25374 2.26478 2.31611 2.36823 2.39007 2.41419 2.4848 
1.24151 1.29219 1.2065 1.21353 1.16587 1.15358 1.12686 1.12572 1.12026 1.13481 1.18747 1.15741 1.15216 1.10336 1.14043 1.16007 1.11382 0.918315 1.04512 1.09686 1.08827 1.02712 0.999037 1.04898 1.00155 1.0235 0.998252 0.983614 0.950601 0.928502 0.957999 0.931477 0.942273 0.93076 0.917005 0.906798 0.9432 0.913994 0.9291 0.925777 0.936799 0.954996 0.950341 0.942511 0.958008 0.95361 0.961375 0.974109 0.982189 0.994401 1.00677 1.01854 1.03556 1.04846 1.06121 1.08897 1.1048 1.12587 1.13641 1.1569 1.19912 1.20905 1.22805 1.24872 1.27569 1.30835 1.32006 1.35939 1.39661 1.41649 1.43172 1.45128 1.50181 1.54518 1.566 1.59806 1.63897 1.67492 1.67526 1.75619 1.77378 1.79253 1.84519 1.91798 1.92412 1.94295 1.96057 2.02741 2.08633 2.08315 2.10244 2.15002 2.18496 2.18675 2.22736 2.3114 2.34125 2.46269 2.48529 2.47194 
1.26234 1.21632 1.27337 1.23432 1.18593 1.21744 1.17929 1.14687 1.13691 1.20052 1.10079 1.05512 1.12784 1.10188 1.09907 1.12212 1.09693 1.12852 1.05136 1.0931 1.03049 1.0543 1.04403 0.975621 0.975718 0.932513 0.979754 0.984598 0.953683 0.98935 0.944344 0.950659 0.927739 0.941993 0.90966 0.940907 0.931276 0.905941 0.934914 0.958409 0.928611 0.930288 0.917303 0.949583 0.947065 0.951245 0.965859 0.974067 0.981038 0.993544 1.00691 1.0187 1.03133 1.0476 1.06354 1.08855 1.09952 1.10879 1.14479 1.15853 1.20329 1.19747 1.23837 1.23928 1.27119 1.30116 1.34334 1.37103 1.3798 1.42896 1.45482 1.51055 1.52819 1.56686 1.57227 1.56733 1.62603 1.67966 1.68868 1.72706 1.79381 1.75474 1.82731 1.88741 1.93248 1.94319 1.96091 2.01779 2.04398 2.07545 2.1173 2.15943 2.19348 2.21319 2.31764 2.34032 2.31935 2.40477 2.47127 2.4503 
1.23981 1.21275 1.24769 1.24125 1.14449 1.2464 1.21348 1.11454 1.14962 1.24951 1.08685 1.16401 1.12077 1.04008 1.07597 1.08193 1.07413 1.06361 1.05368 1.02984 1.03093 0.961194 1.0034 1.03295 0.949602 0.927951 0.968063 0.956576 0.963421 0.95323 0.953954 0.8888 0.922147 0.962619 0.934787 0.93741 0.942122 0.921903 0.940523 0.920376 0.918562 0.946891 0.941913 0.954657 0.957728 0.956404 0.965399 0.970768 0.981769 0.993831 1.00618 1.02029 1.03447 1.04848 1.06935 1.09182 1.10471 1.11797 1.13477 1.16543 1.19549 1.20805 1.23507 1.26655 1.28263 1.29855 1.32943 1.36791 1.4003 1.42182 1.43055 1.48133 1.52901 1.55975 1.57834 1.61442 1.64826 1.6612 1.6924 1.78436 1.78898 1.80244 1.83573 1.88367 1.88436 1.96097 1.93373 1.95649 2.011 2.15001 2.14255 2.18579 2.21695 2.24972 2.25437 2.33206 2.35765 2.43361 2.42295 2.38229 
1.32491 1.17704 1.21234 1.24544 1.12534 1.11914 1.15659 1.22915 1.19492 1.10162 1.14175 1.1245 1.05737 1.1925 1.06606 1.09638 1.06611 1.07418 0.996271 1.00239 1.0738 1.04415 0.95815 0.985418 0.971046 0.929123 0.945725 0.953917 0.94718 0.981425 0.924318 0.934193 0.943716 0.90785 0.943342 0.920343 0.935119 0.952751 0.917947 0.941461 0.912422 0.947461 0.945334 0.948231 0.941658 0.956757 0.970313 0.974858 0.983215 0.994004 1.00567 1.02064 1.03254 1.04648 1.06246 1.08594 1.10378 1.11909 1.13167 1.15773 1.18285 1.22022 1.20911 1.26753 1.29084 1.29918 1.34191 1.37562 1.37904 1.40726 1.45043 1.48077 1.51382 1.54611 1.592 1.58131 1.61656 1.66973 1.71601 1.72244 1.74653 1.80469 1.86898 1.85599 1.90675 2.0003 2.0019 1.97859 2.12214 2.06133 2.12645 2.19105 2.26714 2.24123 2.2373 2.33454 2.35081 2.41948 2.49728 2.44608 
1.30233 1.05398 1.20761 1.15144 1.16242 1.2684 1.18276 1.2416 1.09004 1.07175 1.1789 1.02817 1.00395 1.01873 1.07206 1.17499 1.08765 1.1027 0.953917 0.984253 0.943406 1.04107 1.02926 0.943443 1.01349 0.958921 0.960965 0.96222 0.984607 0.956296 0.955237 0.959087 0.936316 0.954529 0.916495 0.935271 0.916986 0.926313 0.931921 0.923632 0.925581 0.935359 0.934112 0.946439 0.946569 0.955221 0.968189 0.975379 0.980474 0.993963 1.00573 1.02086 1.03359 1.05449 1.06116 1.096 1.09751 1.1151 1.13777 1.15423 1.17967 1.20753 1.2433 1.26389 1.28782 1.2884 1.33025 1.36325 1.4061 1.39894 1.46205 1.48569 1.49337 1.52739 1.58563 1.58215 1.62975 1.66395 1.70047 1.72972 1.76836 1.80857 1.83014 1.90678 1.92812 1.94021 1.96844 2.02292 2.0472 2.09516 2.1321 2.19297 2.21889 2.21968 2.32326 2.33126 2.37231 2.45196 2.42548 2.4787 
1.22283 1.21703 1.23344 1.10159 1.09675 1.17532 1.14052 1.15828 1.11496 1.14321 1.15856 1.07892 1.10815 1.13117 1.04694 1.0684 1.06274 1.10569 1.04902 1.05095 0.971909 1.02437 0.966694 0.987863 0.943899 0.948601 0.926346 0.912112 0.957111 0.924694 0.934534 0.932833 0.921709 0.950542 0.940889 0.926842 0.917541 0.91695 0.910635 0.939218 0.925039 0.936141 0.933919 0.934455 0.950967 0.955371 0.966735 0.973532 0.985306 0.993908 1.00652 1.01837 1.03686 1.04889 1.06969 1.07681 1.09878 1.12653 1.13768 1.16404 1.19615 1.2048 1.22496 1.26603 1.24809 1.31943 1.35233 1.36093 1.37281 1.42507 1.43549 1.49327 1.52241 1.55185 1.59174 1.61022 1.63304 1.64065 1.7104 1.76615 1.74837 1.83324 1.84046 1.91142 1.92798 1.96056 1.95789 2.03161 2.05918 2.08432 2.12096 2.17302 2.21673 2.23892 2.28934 2.32949 2.37233 2.38236 2.43985 2.46541 
1.13482 1.26164 1.23601 1.17696 1.27343 1.19028 1.19211 1.07376 1.11923 1.19413 1.14015 1.0914 1.12987 0.958639 1.02671 1.01802 1.06357 1.04266 0.986912 1.04448 1.0245 0.979335 1.02098 1.00645 1.02836 0.935873 0.948383 0.937637 0.929866 0.930438 0.913494 0.955286 0.900182 0.909246 0.900812 0.903458 0.908532 0.950195 0.93281 0.9205 0.928779 0.914862 0.93718 0.937074 0.950489 0.958347 0.967188 0.972623 0.984914 0.993627 1.00684 1.01848 1.0355 1.05116 1.07398 1.09034 1.11019 1.1305 1.13688 1.16409 1.18609 1.20877 1.21518 1.25168 1.29307 1.32931 1.339 1.35837 1.41146 1.40769 1.44362 1.47568 1.52001 1.53999 1.58865 1.63499 1.66271 1.6709 1.7186 1.70826 1.77544 1.78856 1.80466 1.85273 1.90075 1.97879 1.98443 2.02168 2.08512 2.07775 2.13952 2.14366 2.19665 2.24506 2.26662 2.3843 2.32239 2.44924 2.42771 2.51348 
1.21691 1.24396 1.23129 1.16061 1.26429 1.08982 1.2624 1.00915 1.06754 1.11043 1.09 1.07763 1.09426 1.00857 1.05437 0.993175 0.990958 1.02703 0.999775 0.961579 0.996805 0.980733 0.972663 0.993542 0.976656 0.98866 0.976067 0.921626 0.911358 0.908087 0.955067 0.904882 0.932171 0.939957 0.898406 0.924729 0.916222 0.927671 0.913838 0.927287 0.922475 0.919291 0.933029 0.935318 0.954563 0.953041 0.958017 0.979826 0.980472 0.993627 1.00663 1.0212 1.03251 1.05109 1.06602 1.0852 1.10713 1.13622 1.14259 1.1537 1.1843 1.19753 1.2381 1.26385 1.29537 1.32114 1.33215 1.35882 1.3799 1.43854 1.46209 1.47266 1.51591 1.56358 1.59435 1.60169 1.66935 1.67554 1.72582 1.71456 1.74051 1.84157 1.79515 1.91071 1.91471 1.95433 1.97915 2.02264 2.10717 2.08392 2.13852 2.14947 2.20671 2.2154 2.30673 2.30918 2.33329 2.37213 2.46152 2.45935 
1.23648 1.24048 1.17112 1.14831 1.23311 1.10308 1.10725 1.11203 1.13445 0.987021 1.10421 1.16951 0.959423 1.07639 1.03432 1.05987 0.974496 1.04409 0.963399 0.988567 0.971362 1.00031 0.94446 0.98051 0.973371 0.964921 0.951061 0.904029 0.92492 0.926678 0.951495 0.914635 0.930585 0.929313 0.909563 0.908995 0.903786 0.905396 0.908694 0.919997 0.925806 0.916221 0.934466 0.947916 0.950992 0.947496 0.968813 0.969647 0.981984 0.993801 1.00717 1.02117 1.03774 1.05011 1.0664 1.08488 1.10593 1.12388 1.14076 1.17665 1.18973 1.22039 1.23392 1.24632 1.28707 1.3113 1.33277 1.36612 1.39817 1.46379 1.41011 1.49917 1.51187 1.55475 1.56917 1.57307 1.62502 1.7045 1.69926 1.75043 1.80214 1.85115 1.85791 1.87673 1.93075 1.91422 1.99467 2.03936 2.07443 2.0693 2.14692 2.16568 2.24229 2.26769 2.31871 2.33349 2.3517 2.42697 2.45549 2.48546 
1.18227 1.2716 1.10072 1.14451 1.09487 1.15786 1.08295 1.13318 1.09004 0.979369 1.11046 1.11946 1.03219 1.03004 0.941835 1.08741 1.01208 1.00247 0.955438 0.950912 1.00098 0.991867 0.960726 0.938769 0.888556 0.979775 0.959188 0.949135 0.93027 0.918918 0.909751 0.932027 0.917858 0.911349 0.940097 0.917786 0.9272 0.9056 0.946292 0.909817 0.935277 0.916114 0.926221 0.944707 0.942618 0.95792 0.962338 0.975215 0.984173 0.994043 1.00577 1.02109 1.0368 1.05064 1.06522 1.08267 1.10184 1.12532 1.14999 1.17257 1.1888 1.21387 1.23843 1.26745 1.27896 1.31481 1.32631 1.37503 1.40014 1.40787 1.46067 1.48523 1.50284 1.54005 1.60712 1.62374 1.64251 1.69555 1.69956 1.73859 1.80148 1.81547 1.86445 1.87855 1.94893 1.98465 1.98455 2.00964 2.08455 2.15855 2.17687 2.11964 2.24006 2.23171 2.26766 2.34908 2.42818 2.44285 2.41483 2.46377 
1.25643 1.11781 1.21307 1.18799 1.20619 1.08609 1.22284 1.09002 1.08033 1.22016 1.1035 1.11837 1.06883 1.04339 0.981439 1.01549 0.94707 0.96134 0.981959 0.982589 0.955972 0.968576 0.973184 0.960485 0.909383 0.904181 0.943673 0.900614 0.935965 0.949065 0.896331 0.930667 0.905175 0.887594 0.921655 0.914653 0.891597 0.891625 0.913692 0.918045 0.937739 0.917896 0.929175 0.93022 0.936337 0.950078 0.964271 0.971445 0.983518 0.993208 1.00585 1.02097 1.03548 1.04533 1.06841 1.08059 1.10085 1.12595 1.13323 1.17329 1.18966 1.20587 1.24602 1.27406 1.28642 1.32428 1.34713 1.37302 1.36935 1.43312 1.44158 1.4818 1.50763 1.57401 1.58253 1.61101 1.62186 1.68547 1.71435 1.72141 1.76252 1.84148 1.85891 1.91918 1.94901 1.98836 2.01445 2.00708 2.05592 2.11167 2.09554 2.16658 2.19896 2.27109 2.29448 2.32441 2.388 2.41679 2.46854 2.50723 
1.22405 1.15851 1.09279 1.15949 1.04165 1.20072 1.18314 1.08828 1.12443 1.09116 1.03223 1.01482 1.08169 0.976801 1.02112 1.0051 0.981675 0.972719 1.01314 1.02321 1.04099 0.950948 0.970426 0.936215 0.976656 0.951959 0.9546 0.899027 0.967657 0.911298 0.903784 0.895643 0.922248 0.89973 0.93514 0.923057 0.93062 0.887773 0.921392 0.928846 0.919737 0.921575 0.932322 0.940061 0.953629 0.953293 0.964379 0.972152 0.980772 0.993569 1.00705 1.01981 1.03489 1.05497 1.06785 1.08333 1.09982 1.11376 1.14577 1.16423 1.19224 1.2219 1.24205 1.26336 1.29147 1.30687 1.34483 1.35599 1.39648 1.40806 1.44771 1.51168 1.51892 1.53112 1.5606 1.61212 1.6576 1.70078 1.71955 1.7286 1.80862 1.8386 1.84272 1.89816 1.89182 1.95373 2.01302 2.05776 2.06642 2.06134 2.14979 2.1957 2.21052 2.26227 2.26394 2.30527 2.35447 2.47177 2.451 2.48306 
1.08033 1.10188 1.12942 1.16168 1.14449 1.14249 1.06757 1.15614 1.09974 1.07022 1.06662 1.05897 1.00918 0.990557 1.03745 1.04849 0.989702 1.07097 1.02534 1.02637 0.998033 0.967441 1.01154 0.960359 0.942064 0.938243 0.941881 0.914038 0.916013 0.943429 0.946235 0.890872 0.935379 0.900153 0.906731 0.897221 0.905379 0.931715 0.908169 0.911564 0.922304 0.911756 0.913925 0.933296 0.945758 0.953224 0.96019 0.969678 0.980549 0.993162 1.00686 1.02091 1.03798 1.05339 1.07026 1.08591 1.1019 1.12055 1.14329 1.17495 1.19272 1.22173 1.23218 1.2589 1.28943 1.32161 1.33775 1.36573 1.38955 1.44096 1.42933 1.50606 1.50975 1.52915 1.54332 1.61733 1.659 1.67781 1.72549 1.74423 1.77916 1.82452 1.88459 1.85616 1.95834 1.92377 1.98296 2.01187 2.04881 2.09743 2.16695 2.18095 2.22944 2.22629 2.29241 2.34672 2.38114 2.38089 2.47064 2.48108 
1.21269 1.13723 1.08696 1.07914 1.02098 1.11124 1.01675 1.05519 1.0774 1.01944 1.14751 0.957944 1.02557 1.04604 0.971376 1.00081 1.00025 1.06521 0.991876 0.951138 0.932817 1.04066 0.997397 0.963036 0.971564 0.91595 0.985991 0.919691 0.912181 0.953478 0.917034 0.917666 0.909862 0.931815 0.892233 0.901971 0.88288 0.921795 0.92347 0.90466 0.931741 0.910969 0.92192 0.930184 0.940904 0.952871 0.958729 0.973114 0.982342 0.993778 1.00634 1.02108 1.03504 1.04883 1.06894 1.08198 1.10313 1.12236 1.14394 1.16757 1.18828 1.2224 1.24791 1.26565 1.27988 1.31891 1.33193 1.37442 1.39234 1.42091 1.46398 1.51551 1.51488 1.55157 1.60708 1.61042 1.66714 1.69896 1.73517 1.75197 1.77505 1.83994 1.83352 1.89692 1.92494 1.94474 1.99248 2.02869 2.07629 2.08052 2.13043 2.19152 2.20196 2.25469 2.29534 2.34876 2.41738 2.40359 2.46328 2.47006 
1.1933 1.16059 1.14472 1.13225 1.07278 1.05964 1.06627 1.05716 0.992655 1.04803 1.05502 1.00566 1.07151 1.01111 1.11056 0.993553 0.997733 0.994844 0.994287 0.928187 0.937102 1.00273 0.910396 0.905711 0.937671 0.92648 0.924259 0.920999 0.930721 0.932619 0.915081 0.894248 0.886574 0.902815 0.906876 0.884172 0.889615 0.906551 0.895525 0.915951 0.914376 0.928964 0.933166 0.943831 0.939427 0.950462 0.960102 0.972665 0.983272 0.993459 1.00613 1.02137 1.03918 1.05227 1.06758 1.0938 1.09988 1.12369 1.1439 1.16485 1.19913 1.21827 1.21922 1.26862 1.29881 1.32026 1.37604 1.36053 1.37873 1.43503 1.46547 1.49697 1.51368 1.54151 1.60059 1.58825 1.66127 1.6907 1.73697 1.72497 1.75041 1.81916 1.85995 1.89762 1.91498 1.95841 2.00111 2.00595 2.08858 2.09177 2.14965 2.16925 2.23016 2.25029 2.30063 2.32282 2.37663 2.37632 2.49188 2.49713 
1.11821 1.15851 1.21377 1.06864 1.06846 0.982814 1.05092 1.00145 0.968322 1.04216 1.05136 1.07082 1.13486 1.00166 0.958341 1.01751 0.963532 1.00493 0.967169 0.945507 0.970116 0.929464 0.929834 0.942006 0.932382 0.94668 0.983598 0.88261 0.913706 0.922337 0.916832 0.914371 0.888921 0.867638 0.903278 0.928251 0.903762 0.902444 0.925659 0.911427 0.910767 0.932177 0.92833 0.942366 0.934832 0.952691 0.95859 0.969027 0.982223 0.993412 1.00633 1.02201 1.03965 1.05251 1.06959 1.08697 1.09779 1.1255 1.14184 1.17058 1.19735 1.21381 1.24451 1.26156 1.29154 1.33973 1.35774 1.38779 1.373 1.43282 1.45891 1.53513 1.50147 1.55809 1.56011 1.65034 1.63992 1.69893 1.72626 1.75094 1.81195 1.85316 1.86662 1.91814 1.934 1.9774 2.00464 2.05925 2.05163 2.14263 2.15019 2.17104 2.18277 2.24808 2.27127 2.30463 2.40871 2.40008 2.41296 2.54133 
1.16955 1.25816 1.10956 1.13855 1.04302 1.17527 1.03937 1.1033 1.00969 1.07496 1.05501 1.02883 1.06974 0.977656 1.00201 1.05242 1.04879 1.01133 1.00358 0.990819 0.936753 0.872779 0.9364 1.01513 0.92348 0.926988 0.958602 0.921519 0.862709 0.932246 0.907122 0.91925 0.884093 0.903892 0.924669 0.899257 0.907104 0.939758 0.903676 0.918455 0.93451 0.915471 0.924316 0.941345 0.944137 0.950269 0.958817 0.9704 0.980946 0.993729 1.00726 1.02017 1.03753 1.04978 1.07447 1.08542 1.10746 1.12327 1.1483 1.16792 1.20257 1.2242 1.2541 1.26654 1.28009 1.32426 1.33071 1.37453 1.37167 1.4055 1.41919 1.49846 1.49887 1.55813 1.59274 1.61233 1.66569 1.68447 1.73805 1.74523 1.79136 1.80158 1.79827 1.8961 1.95495 1.95842 1.98643 2.03062 2.01397 2.09137 2.15515 2.19754 2.23477 2.22851 2.26821 2.3336 2.39031 2.42162 2.41413 2.49465 
1.12633 1.154 1.10518 1.0559 0.977502 1.03587 1.05097 1.1457 1.10205 1.04074 1.10018 1.01013 1.0215 1.05821 0.994973 0.997236 0.970713 1.01101 0.86985 0.946854 0.99001 0.974876 0.95651 0.908154 0.981322 0.939924 0.924273 0.913901 0.898353 0.95741 0.93966 0.90201 0.88479 0.869275 0.891645 0.914001 0.896914 0.906172 0.893407 0.888993 0.904034 0.91372 0.923973 0.933458 0.944802 0.95167 0.959856 0.966994 0.982927 0.993509 1.00657 1.01741 1.03368 1.05073 1.0677 1.09004 1.11394 1.1231 1.1504 1.17677 1.19139 1.21328 1.24261 1.27844 1.28223 1.32942 1.33237 1.37832 1.38785 1.44281 1.45686 1.48887 1.5235 1.54726 1.59043 1.6101 1.66127 1.67749 1.74349 1.74515 1.78571 1.81973 1.85077 1.87957 1.9145 2.01125 2.0033 2.04409 2.05009 2.08959 2.1675 2.20744 2.23378 2.28537 2.28799 2.31704 2.33301 2.38157 2.43673 2.4797 
1.11399 1.1289 1.09164 1.21055 1.19121 1.1017 1.04454 1.06104 1.03253 1.12574 1.06147 1.07061 1.08255 0.954472 0.986097 1.00881 0.996858 0.974064 0.983807 0.973429 0.941627 0.914952 0.941998 0.901918 0.97026 0.937314 0.920434 0.911965 0.928083 0.861069 0.908943 0.91386 0.89954 0.906358 0.919999 0.895185 0.913562 0.904975 0.878873 0.914466 0.897056 0.91754 0.91087 0.929567 0.937214 0.952309 0.9558 0.972832 0.983022 0.993859 1.00663 1.0222 1.03889 1.05415 1.06889 1.08979 1.10755 1.12638 1.14694 1.16408 1.18239 1.21215 1.24687 1.25821 1.29463 1.33404 1.33215 1.37912 1.40742 1.43619 1.45782 1.50724 1.50499 1.55099 1.57371 1.60668 1.65836 1.69425 1.71962 1.7786 1.74535 1.82582 1.8639 1.91676 1.9201 1.94808 1.97726 2.08265 2.07726 2.10889 2.17188 2.17204 2.23484 2.24803 2.27438 2.32549 2.36007 2.44245 2.47095 2.5093 
1.07076 1.07443 1.07928 1.08573 1.13509 1.04903 1.09863 1.05722 1.094 1.04265 1.00874 1.05233 1.03015 1.06222 1.0531 1.10373 0.950847 0.91654 0.944389 0.956984 0.933604 0.973124 0.952665 0.922302 0.909488 0.90652 0.941738 0.902133 0.915263 0.905305 0.888915 0.887172 0.911646 0.908701 0.885118 0.912409 0.882115 0.916227 0.914957 0.92439 0.907314 0.929 0.942608 0.939452 0.935946 0.949686 0.953816 0.968864 0.981662 0.993713 1.00769 1.02061 1.03657 1.05226 1.07043 1.08878 1.10639 1.11635 1.14759 1.17328 1.19193 1.20034 1.24981 1.26781 1.28481 1.31121 1.34692 1.37502 1.39737 1.42922 1.46201 1.49554 1.52785 1.56645 1.5981 1.6155 1.66158 1.70321 1.73499 1.75104 1.78505 1.78971 1.83848 1.87623 1.90441 1.91989 2.03307 2.04578 2.04977 2.09038 2.13482 2.19961 2.1858 2.27371 2.26136 2.32353 2.39304 2.43506 2.39179 2.51684 
1.1283 1.14333 1.11355 1.21572 1.04327 1.1743 1.0509 0.987525 1.18275 1.09602 1.00503 1.0647 0.989702 1.02564 0.960281 1.00623 0.97956 0.934426 0.984038 1.06906 0.963904 1.00094 0.935357 0.898916 0.957566 0.90223 0.949146 0.934482 0.925074 0.895028 0.927655 0.925233 0.859297 0.926365 0.887669 0.902518 0.912111 0.899463 0.927074 0.925745 0.901541 0.918609 0.933313 0.931879 0.948937 0.950297 0.958748 0.968248 0.984066 0.993508 1.00641 1.02001 1.03743 1.05501 1.06914 1.08777 1.10832 1.12733 1.14698 1.16656 1.18087 1.22014 1.24204 1.2934 1.28641 1.31206 1.3301 1.37541 1.41888 1.41601 1.47108 1.50664 1.52271 1.52956 1.58552 1.61975 1.62015 1.68217 1.72878 1.75772 1.77854 1.79267 1.85289 1.8555 1.95004 1.95296 1.9991 2.04222 2.05227 2.07803 2.14361 2.17644 2.26547 2.27671 2.27111 2.32589 2.35376 2.40247 2.43616 2.4969 
1.10863 1.03499 1.17677 1.05474 1.17202 1.16905 1.18785 1.0589 1.04876 1.03308 1.08508 0.977253 1.13114 0.969269 1.00801 0.903271 0.990958 0.973521 0.977457 0.953671 0.943992 0.938506 0.941734 0.897242 0.924255 0.944035 0.960674 0.928529 0.9149 0.910108 0.888813 0.917394 0.880361 0.867849 0.905914 0.924543 0.911467 0.89319 0.910512 0.919487 0.918766 0.90597 0.930315 0.924602 0.93826 0.953293 0.959938 0.971711 0.979701 0.994368 1.00668 1.02415 1.03994 1.0528 1.07265 1.0869 1.11641 1.12652 1.14567 1.17915 1.19107 1.21505 1.23045 1.27464 1.29395 1.32731 1.33236 1.36888 1.38865 1.44507 1.454 1.50397 1.51713 1.55411 1.57237 1.60451 1.65691 1.6816 1.7357 1.77551 1.7874 1.80197 1.85906 1.92171 1.92197 1.94884 2.03567 2.05347 2.06982 2.12472 2.1352 2.19206 2.19771 2.28766 2.29685 2.36523 2.39748 2.39541 2.44583 2.5472 
1.10587 1.17826 1.10575 1.16832 1.03753 1.03593 1.06791 1.11561 1.00125 1.05835 1.08785 0.970662 0.897604 0.942458 0.997607 1.0482 0.990531 0.997224 0.928184 1.00408 0.926569 0.97293 0.947482 0.886115 0.967941 0.948324 0.901212 0.933433 0.926816 0.919235 0.911844 0.894406 0.906635 0.91992 0.905267 0.89007 0.904041 0.890684 0.90261 0.921084 0.9034 0.929394 0.920322 0.928283 0.94722 0.945761 0.958824 0.969693 0.983127 0.993404 1.00693 1.01987 1.03942 1.04997 1.06817 1.0928 1.10803 1.13094 1.15607 1.18166 1.21078 1.20912 1.24472 1.27457 1.29618 1.32498 1.34549 1.38936 1.41369 1.45924 1.48126 1.51214 1.51864 1.55613 1.5641 1.62361 1.66694 1.69899 1.72708 1.7224 1.76996 1.81159 1.83538 1.89313 1.94119 1.98897 2.01037 2.02811 2.11081 2.13266 2.16586 2.18574 2.18677 2.23912 2.31703 2.3246 2.39066 2.43212 2.445 2.54426 
1.20358 1.06206 1.14929 1.12767 1.02047 1.10562 0.961697 1.04773 1.01992 1.02341 1.06385 1.00845 0.95967 0.967145 0.99751 0.990174 0.939884 0.972261 1.03615 0.960393 0.938112 0.893765 0.928157 0.893235 0.919513 0.948087 0.9549 0.915218 0.863128 0.897469 0.871384 0.906745 0.900925 0.886983 0.887728 0.8634 0.877478 0.875988 0.892758 0.911129 0.917042 0.916823 0.910562 0.927443 0.942341 0.945377 0.955252 0.970168 0.979775 0.992891 1.00636 1.02336 1.03673 1.04914 1.07175 1.09026 1.10184 1.1221 1.15135 1.17594 1.18265 1.22294 1.24928 1.2692 1.29813 1.32678 1.34651 1.40494 1.42234 1.43503 1.46311 1.49718 1.51327 1.56703 1.58984 1.61529 1.64857 1.68702 1.68238 1.74376 1.80044 1.83266 1.86527 1.92171 1.94956 1.97232 1.96706 2.02139 2.05542 2.13835 2.16997 2.18684 2.21762 2.31325 2.25064 2.34899 2.33952 2.39166 2.44339 2.53163 
1.23536 1.18371 1.07835 1.17867 1.14012 1.06594 1.06022 1.03387 1.07382 1.07212 1.04196 1.10329 1.04608 1.02662 1.04007 1.076 1.03993 0.944024 0.915382 0.950514 0.914021 0.90798 0.958822 0.959584 0.930238 0.937042 0.900163 0.925285 0.92087 0.927071 0.899839 0.911093 0.886875 0.893051 0.887899 0.887852 0.914093 0.906467 0.906539 0.930698 0.906154 0.921289 0.928124 0.929018 0.939884 0.943769 0.955894 0.967534 0.97833 0.992785 1.00709 1.02198 1.03712 1.05205 1.07071 1.09178 1.11598 1.12118 1.15598 1.18598 1.18816 1.21478 1.25379 1.26135 1.27864 1.31203 1.34545 1.36807 1.40127 1.43689 1.46225 1.4709 1.52412 1.57815 1.59692 1.63177 1.66355 1.67765 1.71955 1.7504 1.78291 1.80623 1.83905 1.88093 1.92951 2.00208 1.99572 2.03358 2.06246 2.05902 2.14316 2.20965 2.20419 2.30076 2.31533 2.37111 2.42434 2.39765 2.48182 2.47962 
1.09188 1.1659 1.12485 1.16324 1.01316 1.07661 1.12553 1.07871 1.0774 1.04801 0.975343 0.996783 0.989848 1.05337 1.04472 1.00077 0.933966 0.889226 0.993194 0.887817 0.927833 0.882584 0.939497 0.922734 0.937923 0.89074 0.913183 0.879568 0.876513 0.905181 0.956654 0.90256 0.912693 0.894492 0.90496 0.906853 0.878144 0.887853 0.916597 0.900663 0.930699 0.925216 0.91989 0.921506 0.930371 0.951882 0.958283 0.971077 0.980023 0.993622 1.00717 1.01956 1.04041 1.05483 1.07063 1.09326 1.11023 1.12871 1.15705 1.17832 1.20079 1.22942 1.2603 1.27516 1.284 1.31811 1.33319 1.39854 1.38975 1.41825 1.46665 1.49963 1.5092 1.54729 1.58886 1.62669 1.66455 1.6858 1.72016 1.74792 1.78475 1.82194 1.86462 1.91027 1.90973 1.94728 1.98916 2.02593 2.03144 2.10789 2.13852 2.19014 2.243 2.22751 2.30694 2.32246 2.354 2.4035 2.46576 2.48811 
1.12492 1.17712 1.12919 1.05659 1.11107 1.16391 1.00263 1.10739 0.985571 1.02978 1.01083 1.01503 0.958297 1.09078 1.05116 0.902267 0.975348 1.04666 1.0506 0.969246 0.941169 0.910153 0.992101 0.926078 0.906097 0.968249 0.88229 0.865053 0.929899 0.938022 0.900617 0.90485 0.896895 0.89986 0.914115 0.896125 0.905499 0.917712 0.881814 0.887464 0.907285 0.927464 0.920163 0.933038 0.933564 0.952601 0.960115 0.964231 0.981936 0.993225 1.00674 1.02064 1.03934 1.0545 1.07031 1.09163 1.10528 1.12529 1.1572 1.17564 1.19079 1.2052 1.24084 1.25352 1.2935 1.32298 1.34839 1.37905 1.40916 1.41412 1.4492 1.50476 1.49538 1.56632 1.57099 1.60882 1.64813 1.70405 1.70888 1.74167 1.76667 1.84507 1.83361 1.89851 1.90475 1.92734 2.02564 2.0123 2.05281 2.10838 2.1382 2.15181 2.1759 2.23818 2.28408 2.39281 2.38248 2.40996 2.44079 2.52585 
1.16594 1.16346 1.10499 1.05546 1.04516 1.05975 1.16099 1.09959 1.09817 1.06944 1.06606 0.896788 1.02354 0.967259 0.96139 0.987379 1.01503 0.965811 0.96492 1.03213 0.948168 0.959623 0.933007 0.979178 0.888801 0.893857 0.911702 0.912112 0.878174 0.910713 0.85938 0.883106 0.904213 0.890519 0.899433 0.893881 0.895297 0.918066 0.91076 0.909631 0.915282 0.936639 0.921966 0.930346 0.946566 0.943798 0.963945 0.96677 0.979441 0.993905 1.00678 1.02137 1.03751 1.05384 1.06881 1.0961 1.10679 1.12884 1.15617 1.15186 1.19317 1.23206 1.25244 1.28616 1.29403 1.3201 1.32758 1.38084 1.40942 1.47217 1.45625 1.47448 1.54149 1.57335 1.60383 1.63077 1.65975 1.71161 1.74592 1.73899 1.75775 1.81691 1.8516 1.85758 1.95198 1.9743 2.00748 2.02321 2.07547 2.17288 2.14362 2.13486 2.19758 2.23395 2.31326 2.29618 2.30518 2.46152 2.4025 2.44433 
1.11239 1.20706 1.05465 1.13962 1.06034 1.01545 1.00648 1.05261 0.989231 1.02951 1.00044 1.04875 0.955604 1.00851 0.992693 0.990758 0.960561 0.96191 0.964656 0.923431 0.943551 0.931638 0.880962 0.912595 0.903429 0.952647 0.876354 0.910428 0.934844 0.875054 0.906414 0.924683 0.867476 0.890578 0.903508 0.899855 0.909079 0.913562 0.907643 0.912347 0.907232 0.90461 0.919195 0.934039 0.938716 0.9541 0.954358 0.969936 0.981323 0.993043 1.00696 1.02064 1.03868 1.05388 1.07609 1.09242 1.11082 1.13273 1.14657 1.17761 1.20403 1.22451 1.24 1.25613 1.30601 1.30859 1.36271 1.37508 1.39741 1.43219 1.4778 1.47726 1.54502 1.58846 1.58395 1.60484 1.66057 1.67813 1.70105 1.75361 1.80324 1.84291 1.86232 1.91349 1.93677 1.94161 2.00021 2.02362 2.0834 2.10182 2.16498 2.2083 2.24664 2.25105 2.28598 2.34595 2.33859 2.40155 2.41714 2.50066 
1.20945 0.994663 0.990173 1.10516 1.17135 1.03068 0.953658 1.16886 0.92876 0.984966 0.932546 0.965155 0.918975 0.911748 0.97823 1.05986 0.971114 1.06899 0.982844 0.935004 0.94095 0.942362 0.921403 0.955128 0.977967 0.913033 0.957436 0.917105 0.892512 0.894459 0.887468 0.871581 0.911646 0.894928 0.911054 0.879997 0.879994 0.897708 0.900143 0.895108 0.91188 0.910933 0.923756 0.929296 0.936194 0.945759 0.956291 0.972547 0.981224 0.993095 1.00706 1.02156 1.03624 1.05096 1.07486 1.08727 1.10357 1.12567 1.15645 1.17593 1.19543 1.22887 1.25946 1.26713 1.29331 1.29448 1.35088 1.38743 1.3999 1.40426 1.45533 1.49611 1.53212 1.56986 1.60439 1.59901 1.64541 1.67262 1.74213 1.75256 1.77767 1.81303 1.86559 1.88678 1.9125 1.9915 1.96802 2.04036 2.09546 2.1273 2.16131 2.15374 2.19912 2.23577 2.35401 2.33811 2.36778 2.43359 2.41303 2.45316 
1.13548 1.02841 0.992206 1.0769 1.12798 1.1305 1.02825 0.98873 1.07406 0.921935 1.0539 1.05913 0.951279 1.04495 1.02358 0.997263 0.959291 0.941418 0.919321 0.985877 0.916622 0.97068 0.952332 0.971828 0.901775 0.898659 0.912154 0.89557 0.901588 0.89696 0.891008 0.929849 0.871144 0.893007 0.870292 0.886471 0.904836 0.887173 0.897326 0.901975 0.906905 0.911436 0.921134 0.920408 0.948661 0.953234 0.961438 0.97018 0.978158 0.992347 1.00723 1.02168 1.03668 1.05752 1.06659 1.08517 1.1068 1.12267 1.15054 1.17929 1.20092 1.22026 1.24481 1.25532 1.30676 1.3315 1.34317 1.38311 1.40989 1.40833 1.46351 1.50725 1.53506 1.56814 1.5883 1.62974 1.65785 1.68806 1.70842 1.71929 1.75088 1.7932 1.88794 1.93291 1.93939 1.95963 1.98417 2.05835 2.06835 2.11586 2.13702 2.13004 2.19448 2.24302 2.30968 2.32238 2.37164 2.44513 2.44337 2.47888 
1.14294 1.14949 1.21015 1.01994 1.15271 1.09272 1.02403 1.12623 1.06927 1.01026 1.02144 0.906974 0.966548 0.995522 1.0174 1.00386 0.952553 1.03758 0.932579 0.945945 0.959728 0.932456 0.963264 0.922517 0.913362 0.915227 0.911411 0.919942 0.89899 0.880141 0.913868 0.909624 0.886193 0.90203 0.911564 0.910478 0.909997 0.880303 0.883717 0.902273 0.929333 0.926181 0.917108 0.922346 0.938702 0.94381 0.958704 0.963896 0.978386 0.993782 1.00705 1.02175 1.03433 1.055 1.06883 1.08569 1.10569 1.12606 1.14839 1.17797 1.21045 1.21104 1.25599 1.26534 1.30346 1.32934 1.34755 1.38724 1.39671 1.4215 1.45651 1.50591 1.51197 1.53597 1.58815 1.63432 1.64099 1.68973 1.70042 1.73066 1.79369 1.824 1.84625 1.87383 1.90489 1.97859 1.9946 2.03288 2.05395 2.08023 2.16282 2.1365 2.24102 2.26179 2.32674 2.33893 2.36234 2.42862 2.49174 2.52479 
1.0778 1.01591 1.21157 1.15631 1.00696 1.10557 1.00745 1.05051 0.98102 1.03766 0.992367 1.07425 0.997835 0.899693 1.07493 0.931556 0.939449 0.912583 0.897268 0.957729 0.899676 0.91113 0.991429 0.92363 0.88085 0.962491 0.891589 0.914763 0.891696 0.910356 0.895622 0.866021 0.908459 0.894695 0.913161 0.89842 0.874154 0.908633 0.894736 0.919176 0.90421 0.914861 0.924612 0.9243 0.944083 0.953654 0.960789 0.968119 0.982279 0.993107 1.00711 1.02333 1.03784 1.05351 1.07269 1.09539 1.10737 1.1344 1.15148 1.16308 1.18027 1.23111 1.24839 1.28558 1.31626 1.31032 1.34505 1.39153 1.39804 1.41891 1.42578 1.48519 1.52623 1.56021 1.59199 1.63868 1.66 1.66459 1.73435 1.74518 1.76698 1.82543 1.85952 1.86578 1.9638 1.95101 1.98407 2.06344 2.06817 2.10798 2.15689 2.17088 2.24144 2.26021 2.2735 2.31948 2.38693 2.41546 2.4525 2.51087 
1.08071 1.2027 1.12627 1.09661 1.02667 1.00641 1.05858 1.02112 0.936893 1.04265 1.04649 1.01097 0.93042 0.95173 0.926857 0.963508 0.950847 0.9571 0.938303 0.938599 0.894346 0.925179 0.909875 0.94711 0.921145 0.852327 0.908167 0.845462 0.85978 0.917711 0.896198 0.87403 0.881064 0.882859 0.877832 0.884668 0.89769 0.894099 0.888337 0.918375 0.890783 0.902114 0.917929 0.936247 0.936974 0.943175 0.954441 0.96666 0.980719 0.993308 1.00697 1.02325 1.03936 1.0569 1.06753 1.09597 1.10813 1.13014 1.1526 1.1642 1.19774 1.21392 1.24775 1.25999 1.29182 1.31318 1.35129 1.36442 1.4239 1.44079 1.44159 1.49261 1.51768 1.54602 1.59202 1.59726 1.68116 1.70112 1.7156 1.77583 1.7716 1.81404 1.84808 1.88065 1.90434 1.96097 2.00707 2.04241 2.0552 2.11535 2.16623 2.16994 2.22087 2.244 2.29842 2.31801 2.36094 2.43875 2.45252 2.48453 
