-2 -1.9596 -1.91919 -1.87879 -1.83838 -1.79798 -1.75758 -1.71717 -1.67677 -1.63636 -1.59596 -1.55556 -1.51515 -1.47475 -1.43434 -1.39394 -1.35354 -1.31313 -1.27273 -1.23232 -1.19192 -1.15152 -1.11111 -1.07071 -1.0303 -0.989899 -0.949495 -0.909091 -0.868687 -0.828283 -0.787879 -0.747475 -0.707071 -0.666667 -0.626263 -0.585859 -0.545455 -0.505051 -0.464646 -0.424242 -0.383838 -0.343434 -0.30303 -0.262626 -0.222222 -0.181818 -0.141414 -0.10101 -0.0606061 -0.020202 0.020202 0.0606061 0.10101 0.141414 0.181818 0.222222 0.262626 0.30303 0.343434 0.383838 0.424242 0.464646 0.505051 0.545455 0.585859 0.626263 0.666667 0.707071 0.747475 0.787879 0.828283 0.868687 0.909091 0.949495 0.989899 1.0303 1.07071 1.11111 1.15152 1.19192 1.23232 1.27273 1.31313 1.35354 1.39394 1.43434 1.47475 1.51515 1.55556 1.59596 1.63636 1.67677 1.71717 1.75758 1.79798 1.83838 1.87879 1.91919 1.9596 2 
0.504248 0.518413 0.532722 0.547161 0.561712 0.576357 0.591079 0.605857 0.620672 0.635501 0.650324 0.665116 0.679856 0.694519 0.709082 0.723518 0.737805 0.751916 0.765828 0.779515 0.792953 0.806118 0.818986 0.831536 0.843744 0.85559 0.867053 0.878115 0.888758 0.898964 0.90872 0.918012 0.926827 0.935155 0.942987 0.950316 0.957137 0.963445 0.969239 0.974518 0.979282 0.983535 0.987281 0.990526 0.993276 0.995541 0.997329 0.998651 0.999519 0.999947 0.999948 0.999536 0.998726 0.997535 0.995979 0.994073 0.991836 0.989285 0.986436 0.983307 0.979916 0.97628 0.972415 0.96834 0.96407 0.959622 0.955012 0.950255 0.945366 0.94036 0.935252 0.930054 0.924781 0.919443 0.914054 0.908625 0.903166 0.897688 0.892201 0.886713 0.881233 0.87577 0.87033 0.864921 0.859549 0.854221 0.848941 0.843715 0.838547 0.833442 0.828403 0.823434 0.818538 0.813717 0.808974 0.804311 0.799729 0.79523 0.790816 0.786487 
1.46605 1.50937 1.46889 1.4291 1.41485 1.39684 1.36166 1.366 1.34155 1.34977 1.34538 1.32486 1.31806 1.32742 1.2959 1.29013 1.2615 1.22716 1.20897 1.21516 1.20938 1.22093 1.2014 1.20368 1.17197 1.17081 1.16766 1.13374 1.12518 1.10468 1.11117 1.10341 1.0983 1.08124 1.0716 1.07223 1.06262 1.05912 1.05165 1.05516 1.03806 1.02891 1.03169 1.019 1.01547 1.01995 1.01381 1.00821 1.00505 1.00156 0.998663 0.996812 0.993353 0.990338 0.993673 0.995638 0.988162 0.992602 0.986311 0.99644 0.991393 0.996341 0.988852 0.990272 0.984252 0.98954 0.988101 1.01522 0.989423 1.01011 1.0004 1.00246 0.994671 1.02625 1.02188 1.02583 1.01455 0.989273 1.04144 1.05595 1.03781 1.0683 1.02934 1.07131 1.05347 1.08342 1.08557 1.08209 1.10384 1.08749 1.13663 1.11915 1.12012 1.12708 1.1023 1.06775 1.14954 1.16995 1.157 1.13648 
1.44384 1.44426 1.44114 1.41584 1.38075 1.41594 1.42955 1.38164 1.34869 1.32205 1.3448 1.32117 1.29328 1.29488 1.22316 1.25589 1.27721 1.2576 1.20586 1.20443 1.22328 1.19162 1.19083 1.18414 1.15193 1.16741 1.16999 1.12132 1.1127 1.11628 1.11653 1.10111 1.0864 1.06962 1.08998 1.06958 1.05822 1.05239 1.06484 1.03812 1.04337 1.03503 1.03045 1.02386 1.02337 1.01314 1.01321 1.0095 1.00343 1.00188 0.998958 0.996868 0.994874 0.989421 0.991673 0.994854 0.985275 0.984454 0.988633 0.983494 0.984546 0.979729 0.986251 0.982385 0.984431 0.994461 1.00741 1.00715 1.02119 0.991121 0.996082 1.01362 0.985507 1.00561 1.04106 1.03792 1.01719 1.03092 1.02074 1.01291 1.03442 1.06271 1.04344 1.0628 1.07857 1.09004 1.09001 1.10736 1.07809 1.08331 1.06051 1.16938 1.11172 1.14211 1.11481 1.13872 1.24192 1.09828 1.15597 1.25047 
1.40072 1.46263 1.47939 1.42224 1.37606 1.39984 1.39431 1.35694 1.33214 1.30633 1.2984 1.34206 1.33148 1.2701 1.26796 1.24385 1.27647 1.22346 1.22544 1.16966 1.21995 1.19458 1.19994 1.18711 1.17759 1.17447 1.12984 1.1409 1.12794 1.13354 1.09925 1.09981 1.09607 1.08595 1.07506 1.07741 1.06393 1.05779 1.05169 1.04144 1.04558 1.03475 1.03973 1.02675 1.01884 1.01478 1.01345 1.01016 1.00429 1.00154 0.99805 0.994398 0.995017 0.990864 0.989925 0.989878 0.985982 0.988292 0.977602 0.978495 1.00232 0.988747 0.983535 0.989161 0.994722 0.999924 1.02057 1.00771 0.989064 1.02396 0.993867 1.01487 1.00312 1.0391 1.0466 1.01873 1.00651 1.02288 1.04035 1.00723 1.0341 1.05215 1.09725 1.08299 1.0688 1.06427 1.0716 1.08431 1.07629 1.1371 1.12968 1.09606 1.14098 1.10658 1.09613 1.16615 1.13542 1.1511 1.1645 1.13357 
1.47132 1.44937 1.41917 1.39858 1.38313 1.38093 1.39032 1.34519 1.35882 1.33894 1.31658 1.31897 1.32011 1.31758 1.25717 1.24514 1.29025 1.22408 1.21898 1.24555 1.24446 1.17494 1.17876 1.18158 1.15826 1.15503 1.1532 1.14412 1.13881 1.12695 1.12043 1.10828 1.09254 1.09653 1.07639 1.05594 1.058 1.05142 1.05708 1.03765 1.03991 1.03754 1.03574 1.02297 1.01907 1.01692 1.00812 1.00772 1.00444 1.00161 0.998585 0.997019 0.994134 0.991849 0.983358 0.988854 0.983629 0.984494 0.985207 0.990976 0.992537 0.988747 0.997424 0.980088 0.9904 0.98226 0.99772 0.973974 1.00251 1.01026 0.972953 0.994545 1.0215 1.02478 1.02902 1.0354 1.03266 1.03841 1.0197 1.00024 1.06578 1.06521 1.03864 1.07572 1.07185 1.13308 1.10827 1.11434 1.10373 1.13922 1.15699 1.10609 1.10875 1.12836 1.17201 1.16472 1.15215 1.24757 1.15241 1.14641 
1.44227 1.41794 1.41759 1.42308 1.40997 1.36948 1.3511 1.32459 1.34793 1.36063 1.31368 1.29587 1.3064 1.27712 1.28923 1.25395 1.23447 1.27121 1.25703 1.19622 1.18035 1.16509 1.19653 1.19142 1.17007 1.14775 1.15413 1.12116 1.14773 1.11646 1.08847 1.11847 1.09959 1.09408 1.08358 1.07054 1.07509 1.0502 1.06129 1.04648 1.04135 1.03294 1.03471 1.01571 1.02151 1.017 1.01084 1.00832 1.00427 1.00133 0.998337 0.995458 0.993684 0.990605 0.990929 0.991375 0.992799 0.983635 0.990353 0.987739 0.977277 0.973373 0.992495 0.98367 0.992648 0.992032 0.972972 1.01379 1.00904 1.01936 1.00631 0.998046 1.00702 0.990096 1.0208 1.0154 1.03258 1.03276 1.02228 1.0664 1.02105 1.04182 1.08126 1.06919 1.04127 1.11301 1.08254 1.13003 1.09187 1.03634 1.15906 1.13613 1.13052 1.17543 1.19742 1.16406 1.18807 1.21782 1.21279 1.1731 
1.45479 1.45431 1.41982 1.41168 1.41437 1.39192 1.33732 1.36364 1.37497 1.32262 1.32478 1.27088 1.28988 1.26364 1.24759 1.25488 1.23423 1.25021 1.2261 1.21926 1.19323 1.22163 1.17049 1.18301 1.16288 1.13445 1.1328 1.13324 1.11031 1.10723 1.09929 1.10656 1.09189 1.08296 1.08008 1.06481 1.06726 1.03711 1.04785 1.04542 1.03563 1.02744 1.03503 1.0244 1.02326 1.01124 1.01074 1.00842 1.00467 1.00183 0.998586 0.996861 0.992178 0.99103 0.991066 0.992788 0.988354 0.993771 0.986216 0.981027 0.985256 0.988209 0.991101 0.981285 0.993201 0.985762 1.00105 1.00781 1.00465 0.996372 1.00144 1.01294 0.996868 1.02832 0.993509 1.0354 1.03622 0.986757 1.07571 0.999081 1.06082 1.08029 1.02299 1.05385 1.0761 1.11508 1.09362 1.0951 1.06254 1.1505 1.08106 1.11027 1.13598 1.11935 1.09031 1.19532 1.14519 1.13035 1.15991 1.16302 
1.46504 1.45032 1.4345 1.42599 1.3805 1.38568 1.36802 1.39507 1.3696 1.34506 1.32924 1.31096 1.3273 1.31627 1.24066 1.25264 1.29109 1.23639 1.22175 1.23228 1.19743 1.19631 1.16309 1.17318 1.16371 1.15521 1.15468 1.12993 1.14583 1.11084 1.12299 1.10541 1.07888 1.0816 1.078 1.09429 1.06215 1.06788 1.05436 1.04558 1.04669 1.02434 1.03193 1.02234 1.01607 1.02185 1.0103 1.00651 1.00562 1.00095 0.998454 0.997444 0.993596 0.991181 0.992197 0.99407 0.987445 0.980374 0.989575 0.981422 0.985559 0.986641 0.984153 0.987136 0.983682 0.984618 0.989808 1.0034 1.00315 1.00553 0.987859 1.00301 1.02469 1.01165 0.975285 1.01851 1.06238 1.00528 1.01655 1.08262 1.07013 1.09151 1.0904 1.0972 1.07467 1.05591 1.03169 1.08835 1.12853 1.06897 1.12982 1.11516 1.13254 1.10874 1.12962 1.14821 1.15015 1.20439 1.13742 1.14683 
1.47259 1.45097 1.43902 1.4501 1.4194 1.39716 1.32116 1.38905 1.35913 1.34969 1.28998 1.32807 1.29305 1.28747 1.24881 1.24083 1.25829 1.24984 1.23981 1.2192 1.21395 1.21306 1.18479 1.16666 1.17283 1.14315 1.13835 1.13701 1.12979 1.14061 1.12176 1.0982 1.09754 1.0997 1.07488 1.05747 1.06755 1.07022 1.06021 1.05319 1.03391 1.03834 1.03733 1.01647 1.02592 1.01015 1.00936 1.00755 1.00413 1.00146 0.99831 0.994757 0.996511 0.990411 0.99052 0.991906 0.9813 0.9847 0.98675 0.994592 0.974347 0.976781 0.982091 0.997166 0.990269 0.992842 1.01667 1.00831 1.00483 1.0012 0.997468 0.99655 1.02931 1.00834 1.00636 1.0115 1.01563 1.04057 1.02658 1.07726 1.04344 1.06655 1.03061 1.03952 1.04119 1.03927 1.05831 1.09333 1.09589 1.07471 1.12771 1.12509 1.12778 1.17751 1.12382 1.08582 1.22051 1.17996 1.16711 1.2078 
1.44507 1.4666 1.42367 1.4381 1.39302 1.40303 1.40314 1.35968 1.39884 1.3313 1.33799 1.28803 1.31114 1.30135 1.27086 1.25893 1.22972 1.25005 1.2303 1.20248 1.19898 1.16664 1.18656 1.20207 1.15113 1.16969 1.11215 1.14837 1.13043 1.10891 1.11109 1.11164 1.09078 1.06127 1.08692 1.07625 1.05959 1.05777 1.04724 1.04116 1.03887 1.03203 1.03387 1.02458 1.02588 1.01949 1.0078 1.00769 1.00631 1.00151 0.998351 0.996098 0.994814 0.991444 0.991872 0.984528 0.991841 0.983145 0.984369 0.989531 0.98307 0.989658 0.994334 0.971871 0.998532 0.984207 0.979867 1.00719 1.00494 0.990255 1.00849 1.00593 1.02567 1.02604 1.00747 1.01215 1.0633 1.03407 1.06628 1.05002 1.04394 1.04097 1.09091 1.04715 1.1167 1.06129 1.07893 1.08514 1.11973 1.10687 1.16302 1.16564 1.17325 1.21646 1.20409 1.1734 1.14676 1.17095 1.24381 1.1885 
1.51524 1.47619 1.4034 1.42741 1.37747 1.39891 1.36493 1.3475 1.34486 1.34669 1.31114 1.29413 1.31674 1.30605 1.29574 1.26365 1.22643 1.24844 1.22063 1.19097 1.17707 1.19481 1.18334 1.17717 1.1766 1.17075 1.12481 1.15536 1.13506 1.12951 1.11341 1.09556 1.09068 1.09262 1.08812 1.08559 1.08155 1.06213 1.04697 1.05512 1.04264 1.03723 1.02615 1.02476 1.01979 1.0176 1.00997 1.00812 1.00472 1.00125 0.998505 0.996369 0.994301 0.991907 0.994329 0.995505 0.985794 0.988319 0.990538 0.991636 1.00729 1.02093 0.999076 1.0104 1.00609 0.983819 1.0186 0.995521 0.99829 1.01296 1.00931 1.028 1.01498 1.01708 1.05197 1.04434 1.02522 1.03155 1.03082 1.04684 1.0472 1.05712 1.0841 1.08529 1.07648 1.08227 1.09183 1.06307 1.11437 1.16273 1.09961 1.12845 1.17219 1.13356 1.2009 1.15907 1.11604 1.22625 1.25378 1.20495 
1.42407 1.4331 1.44153 1.39487 1.44383 1.40481 1.40228 1.3789 1.35691 1.38335 1.31886 1.34348 1.32356 1.29864 1.2481 1.2483 1.24961 1.26758 1.22063 1.22183 1.21965 1.18321 1.16374 1.17917 1.17533 1.17958 1.13666 1.11082 1.12842 1.14322 1.1068 1.08909 1.09139 1.08884 1.08174 1.06176 1.06413 1.06449 1.06141 1.0477 1.03341 1.03878 1.03169 1.02679 1.0187 1.01209 1.01235 1.00689 1.00495 1.00143 0.998991 0.99641 0.99264 0.991284 0.990955 0.994964 0.988817 0.98285 0.996078 0.98286 1.0078 0.981997 0.989678 0.981937 0.999119 0.995065 0.989383 1.0047 0.993306 1.00361 1.01493 0.996846 1.01024 1.0547 1.02957 1.03755 1.06145 1.03225 1.02556 1.03475 1.05115 1.07044 1.03848 1.04744 1.04988 1.07631 1.10736 1.14426 1.05832 1.12122 1.08786 1.14347 1.09056 1.15785 1.17921 1.20293 1.18037 1.14863 1.18211 1.18941 
1.45014 1.42779 1.4316 1.43057 1.37985 1.39669 1.40036 1.37157 1.34465 1.37188 1.35378 1.31081 1.29097 1.29223 1.25991 1.28911 1.25566 1.23587 1.25331 1.21714 1.20977 1.19694 1.20254 1.19574 1.16861 1.14091 1.13208 1.162 1.14169 1.12158 1.11242 1.09791 1.10962 1.09165 1.08331 1.07371 1.07427 1.06123 1.05672 1.05086 1.04217 1.0379 1.03051 1.01804 1.02167 1.01305 1.00848 1.00836 1.00381 1.00133 0.999274 0.99699 0.990642 0.992663 0.992119 0.987594 0.991409 0.991067 0.987574 0.988145 0.984549 0.996034 0.981875 0.985981 1.00253 0.995003 0.999046 0.992775 1.00463 1.00294 1.01311 1.04209 1 1.00537 0.992768 1.02702 1.03091 1.04298 1.02615 1.05499 1.06236 1.08221 1.05112 1.14439 1.03456 1.09614 1.07018 1.12996 1.11773 1.11724 1.10623 1.15833 1.12532 1.1599 1.13259 1.14462 1.21416 1.22194 1.16132 1.21838 
1.47281 1.47894 1.39706 1.4648 1.38879 1.34271 1.39644 1.37302 1.35831 1.31709 1.32924 1.31828 1.30828 1.29574 1.2964 1.26609 1.30046 1.25369 1.22481 1.23453 1.22671 1.19426 1.16414 1.20727 1.20007 1.15195 1.13494 1.1222 1.12249 1.11969 1.10932 1.1213 1.10654 1.11025 1.08995 1.05776 1.07075 1.06003 1.05279 1.04143 1.04155 1.03491 1.02254 1.02277 1.01421 1.01178 1.01194 1.00973 1.00301 1.00106 0.998704 0.995535 0.992881 0.995832 0.994893 0.99125 0.993084 0.985048 0.983777 0.983359 0.992162 0.979236 0.991029 1.00228 0.978009 1.00151 0.998666 0.987208 1.00894 1.01702 1.03611 1.02536 1.0002 1.00829 1.02847 1.04565 1.01935 1.04272 1.05868 1.07034 1.05854 1.05685 1.08461 1.09244 1.09839 1.05358 1.07857 1.10818 1.15116 1.07851 1.18832 1.13144 1.09253 1.14389 1.1712 1.1826 1.20229 1.17876 1.20169 1.19538 
1.48531 1.52988 1.41386 1.42794 1.41938 1.38091 1.40975 1.38668 1.35142 1.33559 1.33665 1.31097 1.33502 1.31211 1.29553 1.25659 1.26591 1.25047 1.2832 1.20706 1.21063 1.21806 1.19886 1.1691 1.18444 1.15825 1.14872 1.14732 1.12454 1.13139 1.12226 1.09197 1.09017 1.08191 1.08504 1.0646 1.07707 1.06314 1.05793 1.04554 1.04558 1.04131 1.02762 1.01938 1.02006 1.01253 1.01098 1.00972 1.00448 1.00134 0.998863 0.99671 0.995255 0.994247 0.988556 0.990279 0.987869 0.989128 1.00161 0.990656 0.983579 0.993383 0.983593 1.00308 1.01095 0.968793 0.989848 0.981604 1.00513 1.00551 1.03013 1.0275 0.996505 1.00295 1.02857 1.02698 1.02131 1.04974 1.00611 1.04082 1.06446 1.07496 1.03131 1.04141 1.10028 1.08723 1.13378 1.13189 1.2114 1.14016 1.16181 1.17359 1.14741 1.13988 1.11801 1.18449 1.19236 1.19063 1.13022 1.20866 
1.49007 1.43644 1.41438 1.42404 1.36902 1.42559 1.36987 1.33093 1.34926 1.35646 1.30871 1.34595 1.33761 1.28194 1.24965 1.27552 1.25915 1.23412 1.22939 1.22831 1.22767 1.16941 1.20656 1.22707 1.17856 1.19128 1.14975 1.14175 1.13966 1.12089 1.11794 1.11618 1.08424 1.09913 1.06574 1.09461 1.06858 1.05957 1.05685 1.05332 1.03506 1.03266 1.03264 1.01929 1.01989 1.01666 1.00982 1.01089 1.00469 1.00222 0.998517 0.998268 0.995861 0.991829 0.991753 0.99318 0.979884 0.989088 0.990642 0.992359 0.978652 0.977352 0.998379 1.00988 1.00234 1.00257 1.01065 1.00806 0.998015 1.0027 1.00113 1.01668 1.0263 1.0218 1.02905 1.03171 1.04062 1.06751 1.05653 1.07084 1.0429 1.07228 1.06971 1.08088 1.14261 1.15594 1.09558 1.15705 1.15401 1.15813 1.2048 1.12834 1.13583 1.09512 1.2081 1.17751 1.16039 1.21146 1.17809 1.10711 
1.40265 1.4353 1.41374 1.46864 1.42298 1.38983 1.38343 1.42294 1.37103 1.3227 1.33677 1.32822 1.30972 1.31307 1.26643 1.26574 1.27051 1.26245 1.24911 1.22551 1.21516 1.18196 1.19024 1.19207 1.16874 1.13558 1.15714 1.16424 1.14706 1.11739 1.12281 1.11853 1.12072 1.08821 1.0914 1.0684 1.079 1.06932 1.05067 1.03843 1.03911 1.03841 1.03599 1.02177 1.02108 1.00869 1.01266 1.01044 1.00501 1.00134 0.998776 0.996424 0.995576 0.993657 0.992224 0.993762 0.990241 0.984238 0.992536 0.985403 0.994363 0.9994 0.991123 0.966419 0.979971 0.996655 1.00342 0.997199 0.990301 1.00998 1.01197 1.00578 1.02273 1.02976 1.02643 1.05637 1.04782 1.07354 1.04998 1.05111 1.04753 1.06865 1.09926 1.08759 1.13057 1.05649 1.08291 1.10896 1.07287 1.13406 1.15494 1.07729 1.14936 1.09462 1.15643 1.19131 1.2178 1.15943 1.12388 1.19635 
1.43315 1.43755 1.43028 1.46325 1.43179 1.38603 1.38569 1.37361 1.36435 1.33654 1.32435 1.29981 1.32578 1.27265 1.29685 1.29871 1.25497 1.21583 1.20714 1.22183 1.19537 1.2018 1.17421 1.1931 1.16399 1.16017 1.17525 1.13357 1.12127 1.12471 1.09616 1.10547 1.08015 1.10152 1.0764 1.08289 1.07679 1.04324 1.04298 1.04797 1.04252 1.03976 1.02807 1.02925 1.02087 1.01502 1.012 1.00966 1.00392 1.00121 0.998601 0.996444 0.993856 0.993301 0.99085 0.987292 0.995368 0.985055 1.00454 0.984959 0.993287 0.985287 0.979641 0.995935 0.997972 0.996924 1.02741 1.01835 0.99566 1.01025 0.987576 1.03284 1.01237 1.03314 1.01799 1.02755 1.10393 1.00826 1.01807 1.06351 1.05799 1.0538 1.06265 1.08516 1.08269 1.12326 1.06568 1.07565 1.1629 1.13789 1.08184 1.18058 1.14555 1.14535 1.16147 1.13314 1.14671 1.24906 1.23406 1.19528 
1.42063 1.44587 1.47274 1.40255 1.39651 1.40403 1.36512 1.35277 1.34152 1.3843 1.32728 1.3317 1.24609 1.2676 1.28027 1.29599 1.27358 1.25719 1.23087 1.2214 1.19477 1.19767 1.18632 1.15553 1.14947 1.14702 1.15535 1.14655 1.11723 1.10668 1.12281 1.12307 1.0874 1.07689 1.07192 1.08139 1.07033 1.05463 1.05199 1.04827 1.05181 1.02723 1.03179 1.02402 1.01696 1.01791 1.01311 1.00675 1.00647 1.00138 0.998673 0.996267 0.992342 0.987301 0.988194 0.985704 0.98646 0.991035 0.986832 0.991358 0.987819 0.97541 0.985532 1.01057 0.999102 0.993911 0.977127 1.0034 0.995695 1.00739 1.00391 1.0341 1.01842 1.03587 1.0507 1.05276 1.0451 1.07002 1.0457 1.08459 1.06017 1.11924 1.05856 1.12419 1.10458 1.08335 1.12203 1.11816 1.14273 1.14207 1.13079 1.1554 1.10491 1.17422 1.17224 1.19843 1.16607 1.20385 1.22633 1.20264 
1.48276 1.44184 1.46836 1.39218 1.40665 1.40882 1.3632 1.41069 1.34981 1.33962 1.32101 1.31659 1.30293 1.27437 1.26238 1.27001 1.25872 1.2623 1.22598 1.21206 1.20664 1.22648 1.1903 1.18593 1.163 1.1194 1.16847 1.13244 1.11546 1.13915 1.10058 1.09346 1.0973 1.08842 1.08218 1.07439 1.06043 1.04964 1.04368 1.05424 1.04124 1.03225 1.03548 1.0248 1.02381 1.01568 1.01188 1.00767 1.00443 1.00191 0.99883 0.997133 0.997183 0.993404 0.991775 0.991571 0.97916 0.989943 0.979118 0.989778 0.989611 0.988383 0.997381 1.00209 0.999471 0.995316 0.995333 1.01443 0.997294 1.01979 1.01455 1.02087 0.999949 1.04028 1.01859 1.04509 1.04334 1.03085 1.07088 1.06221 1.05225 1.0165 1.03861 1.10358 1.07769 1.07952 1.10446 1.18615 1.15284 1.16582 1.15006 1.14635 1.1447 1.17063 1.15872 1.19102 1.22011 1.21627 1.19172 1.21427 
1.47932 1.44298 1.40471 1.39318 1.43162 1.38114 1.39174 1.3368 1.37182 1.36007 1.32024 1.31744 1.32569 1.30596 1.28131 1.2715 1.26039 1.24477 1.24076 1.21086 1.21886 1.195 1.20031 1.1847 1.1637 1.15843 1.15719 1.11332 1.14847 1.12767 1.1137 1.08122 1.12235 1.08771 1.08976 1.07588 1.06765 1.05185 1.04866 1.05238 1.0476 1.03157 1.03535 1.02384 1.02643 1.02048 1.00854 1.00924 1.00534 1.00151 0.998417 0.994584 0.995854 0.995568 0.991718 0.990083 0.994478 0.983964 1.00595 0.989146 0.982901 0.989929 0.99031 1.00659 0.982188 0.990621 1.00451 1.01086 1.01425 1.00482 1.01177 1.0341 1.03788 1.04798 1.01082 1.07164 1.06825 1.07643 1.05406 1.06289 1.03728 1.05255 1.0716 1.06323 1.07739 1.10797 1.12992 1.10186 1.10912 1.06815 1.18036 1.16574 1.12473 1.20219 1.12908 1.12436 1.17851 1.18293 1.23401 1.23863 
1.45211 1.46551 1.42406 1.45662 1.41077 1.4055 1.36654 1.4115 1.33229 1.3277 1.35417 1.33748 1.29516 1.28806 1.31194 1.29595 1.27218 1.26009 1.27206 1.20969 1.2382 1.21474 1.18792 1.19526 1.19063 1.16285 1.15428 1.13039 1.1447 1.13242 1.1125 1.0867 1.08756 1.09515 1.07195 1.06865 1.06775 1.0732 1.05277 1.03823 1.04068 1.02715 1.0224 1.02681 1.01573 1.01637 1.01227 1.00895 1.00474 1.00097 0.998205 0.995231 0.991864 0.99216 0.986794 0.989298 0.989971 0.993504 0.982255 0.997742 1.00103 0.981897 0.987997 0.993083 0.984547 1.00021 0.998063 1.02267 1.01665 1.00102 1.00912 1.01685 1.04323 1.03799 1.03701 1.03397 1.03323 1.03241 1.09679 1.07376 1.07509 1.09263 1.02799 1.1125 1.10401 1.07106 1.12242 1.09095 1.16402 1.10231 1.13546 1.16859 1.13171 1.18923 1.10073 1.15075 1.15574 1.15283 1.22432 1.15761 
1.4695 1.52391 1.44799 1.46307 1.4492 1.39391 1.38075 1.39458 1.36599 1.34353 1.30334 1.33444 1.28372 1.30393 1.23645 1.27128 1.23549 1.25521 1.25423 1.22605 1.22047 1.18894 1.18657 1.15863 1.1614 1.15224 1.15254 1.15658 1.12919 1.13602 1.11599 1.1005 1.08534 1.08016 1.07597 1.06858 1.07262 1.04944 1.05554 1.04142 1.03158 1.04911 1.03349 1.02438 1.02028 1.01749 1.01057 1.00522 1.00513 1.002 0.998702 0.99634 0.995811 0.989797 0.992749 0.990009 0.991394 0.988354 0.995937 0.996679 0.982674 0.996012 0.98827 1.0005 1.00063 1.00289 0.990406 1.00567 0.999699 0.99664 1.01288 1.00717 1.01098 1.03689 1.00157 1.03766 1.0541 1.05434 1.07004 1.07773 1.05937 1.06606 1.07371 1.10446 1.04372 1.09058 1.0889 1.068 1.16158 1.15417 1.12766 1.13947 1.16198 1.15227 1.18669 1.14988 1.19391 1.2418 1.23721 1.19281 
1.49302 1.44984 1.41454 1.4456 1.40983 1.39926 1.35406 1.40061 1.35063 1.3805 1.29747 1.32065 1.27759 1.26187 1.31135 1.27482 1.24157 1.2663 1.24115 1.24155 1.19989 1.20307 1.16424 1.15268 1.1727 1.14203 1.131 1.15246 1.14296 1.12264 1.12035 1.10342 1.09984 1.09766 1.11037 1.07589 1.06277 1.07144 1.04953 1.04937 1.05079 1.03726 1.02478 1.02288 1.02047 1.01619 1.01173 1.00944 1.00424 1.00157 0.998394 0.995043 0.993103 0.995422 0.9944 0.991385 0.995156 0.984488 0.991023 0.989104 0.980412 1.01404 1.00476 0.998474 1.00366 1.01306 1.0062 1.02387 1.00028 0.983991 1.02625 1.02146 1.03129 1.0461 1.0544 1.01657 1.04643 1.01709 1.0532 1.08658 1.07798 1.09979 1.09514 1.08286 1.07749 1.06495 1.12264 1.08779 1.11765 1.16094 1.15017 1.09333 1.1828 1.16448 1.18087 1.1873 1.22382 1.17182 1.19857 1.18187 
1.51684 1.45672 1.43528 1.43023 1.44687 1.39935 1.34637 1.39383 1.3318 1.31266 1.30174 1.32969 1.32158 1.31509 1.26656 1.26712 1.28023 1.26242 1.22605 1.21001 1.23486 1.21761 1.18367 1.1755 1.16695 1.14866 1.14526 1.15996 1.11812 1.13687 1.13191 1.096 1.0884 1.08908 1.06274 1.06766 1.06548 1.06036 1.05218 1.03884 1.04122 1.02603 1.03283 1.0207 1.01641 1.00869 1.01132 1.00746 1.00333 1.00105 0.998676 0.998064 0.989981 0.997986 0.989295 0.992399 0.989269 0.992729 0.987598 0.988901 1.00002 1.0025 0.997287 1.00536 0.983718 0.998726 0.991495 1.00292 0.981696 1.01108 1.01377 1.02861 1.02001 1.01019 1.03425 1.0399 1.0295 1.0474 1.05647 1.06218 1.05111 1.04495 1.10814 1.06742 1.11151 1.08862 1.11071 1.13649 1.13324 1.08414 1.16754 1.22175 1.14452 1.17746 1.12906 1.25164 1.21191 1.29097 1.20339 1.2486 
1.50421 1.4883 1.51457 1.40621 1.44044 1.39415 1.3936 1.33905 1.33742 1.33398 1.32921 1.32007 1.34403 1.28916 1.28236 1.30417 1.26715 1.25538 1.22964 1.23982 1.21125 1.21181 1.19435 1.20132 1.16603 1.17679 1.1685 1.12703 1.14672 1.11369 1.12276 1.08586 1.07882 1.08825 1.08504 1.08079 1.07158 1.04405 1.06294 1.05333 1.0353 1.02822 1.03434 1.0242 1.01835 1.01304 1.00474 1.00734 1.0054 1.00152 0.998849 0.995712 0.994728 0.992219 0.992224 0.994988 0.991627 0.987216 0.99409 0.990673 0.983673 1.00391 1.00828 0.998278 1.00775 0.99645 1.00661 1.02516 1.02093 1.01998 1.00907 1.01505 1.06554 1.02129 1.03564 1.02912 1.00355 1.03892 1.0196 1.04234 1.06047 1.04128 1.0751 1.05957 1.10891 1.09021 1.11053 1.12103 1.09597 1.11967 1.10332 1.1154 1.12092 1.21553 1.16015 1.19683 1.18574 1.19532 1.24381 1.21724 
1.49826 1.44038 1.43661 1.45656 1.41722 1.36345 1.36614 1.41531 1.34449 1.3233 1.34088 1.33848 1.32784 1.28422 1.27853 1.28332 1.2924 1.26719 1.22971 1.22435 1.19772 1.19657 1.18084 1.19488 1.13053 1.16231 1.13904 1.11932 1.14184 1.12202 1.1345 1.09978 1.09582 1.07301 1.0806 1.08478 1.06251 1.05105 1.03675 1.0504 1.04758 1.03918 1.02545 1.0171 1.02091 1.01918 1.00693 1.00572 1.00551 1.00141 0.998648 0.998055 0.993509 0.993589 0.990907 0.987551 0.996992 0.995451 0.990943 0.987188 0.977746 1.00407 0.999493 1.00114 0.998267 1.02119 1.00022 0.992589 1.02112 1.01186 0.993995 1.0412 1.03523 1.00772 1.09099 1.03878 1.08214 1.06048 1.05718 1.02342 1.08522 1.0895 1.09078 1.07888 1.10458 1.1234 1.16901 1.12374 1.17058 1.09716 1.14816 1.11449 1.17541 1.14872 1.16375 1.22838 1.13811 1.22518 1.20811 1.23722 
1.46712 1.44935 1.48039 1.44104 1.39679 1.42392 1.38362 1.42992 1.36708 1.35575 1.31897 1.31512 1.30141 1.32326 1.29931 1.28238 1.25154 1.25478 1.25241 1.21202 1.22941 1.19454 1.20389 1.19384 1.16933 1.16749 1.16343 1.12969 1.14406 1.11387 1.10186 1.10747 1.10786 1.075 1.0885 1.06964 1.04413 1.05959 1.05977 1.0413 1.03738 1.03384 1.0365 1.02034 1.01983 1.01549 1.01066 1.00838 1.00304 1.00129 0.998382 0.996157 0.994891 0.994798 0.994259 0.990343 0.989269 0.994587 0.980758 0.986769 1.00026 0.995199 1.00214 0.993642 1.01488 1.01634 1.01315 1.00467 0.992225 1.01817 1.02441 1.03096 1.02561 1.02826 1.0156 1.02911 1.02627 1.09185 1.04419 1.05504 1.07365 1.03891 1.16318 1.06534 1.07331 1.09166 1.09881 1.14298 1.11924 1.14198 1.16194 1.10628 1.14967 1.13052 1.17017 1.22896 1.17649 1.2042 1.17083 1.1537 
1.44934 1.46334 1.45328 1.44617 1.38568 1.41537 1.41584 1.35447 1.34623 1.3688 1.2933 1.34421 1.33242 1.3233 1.25824 1.2751 1.26708 1.2471 1.26243 1.22191 1.21967 1.22294 1.18106 1.19694 1.16926 1.14627 1.13789 1.1367 1.09905 1.12893 1.10924 1.10604 1.10519 1.08558 1.06968 1.07423 1.06875 1.05185 1.05353 1.0413 1.0464 1.02805 1.02207 1.02664 1.02081 1.01398 1.01072 1.0085 1.00376 1.00157 0.998448 0.996044 0.99786 0.996373 0.992467 0.986654 0.989991 0.987293 0.988154 0.987401 0.99555 0.997281 0.99493 0.986741 1.00777 1.00223 0.995186 1.01332 1.01681 0.998031 1.01509 1.04725 0.998062 1.02317 1.07828 1.02476 1.0214 1.05608 1.06117 1.09288 1.04741 1.07044 1.04332 1.07138 1.12121 1.09616 1.1166 1.16403 1.13127 1.13804 1.16287 1.16387 1.13292 1.09685 1.24301 1.10211 1.15608 1.19804 1.15149 1.15358 
1.44011 1.45569 1.44284 1.46251 1.40609 1.40772 1.41429 1.34233 1.34498 1.32059 1.38435 1.35252 1.28815 1.32246 1.27092 1.29319 1.28991 1.25007 1.24369 1.25058 1.20981 1.22213 1.19102 1.18641 1.20007 1.15674 1.17143 1.11715 1.15392 1.10551 1.10191 1.09207 1.08832 1.09136 1.07856 1.0905 1.0622 1.06151 1.06271 1.04146 1.03656 1.03513 1.02997 1.02596 1.0159 1.01773 1.01125 1.00986 1.00388 1.00125 0.998669 0.997625 0.994442 0.995822 0.991066 0.991005 0.992579 0.990507 0.988702 1.004 0.997989 0.993861 0.998459 0.997139 1.00597 0.98859 1.00483 0.990539 1.01066 1.0243 1.02473 1.02164 1.02923 1.0497 1.04813 1.03427 1.03891 1.14637 1.0412 1.05544 1.056 1.1115 1.07431 1.06874 1.06821 1.12279 1.154 1.11749 1.14239 1.18333 1.17749 1.17358 1.14152 1.1678 1.21824 1.15007 1.19108 1.22581 1.2691 1.31184 
1.45138 1.46068 1.45605 1.43791 1.42408 1.42647 1.40079 1.38294 1.35928 1.35597 1.32972 1.31317 1.29761 1.29461 1.28114 1.27231 1.25563 1.25007 1.23415 1.20934 1.24931 1.20181 1.20166 1.19865 1.18568 1.13218 1.14078 1.11355 1.15031 1.11151 1.12181 1.12614 1.0953 1.08905 1.07703 1.06763 1.051 1.06579 1.06724 1.04677 1.045 1.03367 1.02527 1.02252 1.01479 1.0146 1.01331 1.01064 1.00411 1.00158 0.99887 0.998144 0.996689 0.994696 0.992564 0.993943 0.988321 0.983211 1.0009 0.982877 0.996384 0.97896 1.00225 0.999654 1.01431 1.02022 1.00051 1.00447 1.00647 1.0028 1.01664 1.04908 1.00809 1.02954 1.01939 1.03465 1.03907 1.04327 1.07308 1.11616 1.09136 1.10922 1.00087 1.08163 1.12122 1.11331 1.07889 1.1729 1.15257 1.21023 1.15792 1.14752 1.1837 1.17388 1.20099 1.18423 1.21506 1.25542 1.28171 1.2575 
1.42651 1.45923 1.46175 1.44338 1.46445 1.40991 1.39468 1.33389 1.38044 1.34534 1.33983 1.31448 1.29757 1.31836 1.28516 1.30048 1.27343 1.28246 1.23447 1.2218 1.21546 1.22159 1.18584 1.16457 1.14761 1.15326 1.16628 1.13016 1.13042 1.13034 1.12618 1.09471 1.0884 1.07711 1.08325 1.06983 1.06201 1.07709 1.05413 1.05331 1.05207 1.03933 1.02715 1.02128 1.01692 1.01327 1.01183 1.00589 1.00247 1.00151 0.998389 0.996696 0.996285 0.992658 0.993986 0.990376 1.00078 0.989458 0.986494 0.999576 0.99403 0.980318 1.00217 0.99319 0.989075 0.991807 1.01449 1.01078 1.01052 1.03063 1.02912 1.00991 1.03277 1.0461 1.04526 1.01322 1.02939 1.05989 1.10461 1.04894 1.08847 1.1022 1.09983 1.1446 1.14031 1.14234 1.12907 1.12735 1.10538 1.15219 1.16387 1.16442 1.13412 1.15505 1.10264 1.1209 1.18983 1.20173 1.16188 1.28686 
1.48256 1.50603 1.49959 1.40565 1.43164 1.4466 1.37077 1.36863 1.40364 1.34725 1.33786 1.30049 1.30562 1.34963 1.29515 1.25449 1.2744 1.2764 1.20409 1.2195 1.19589 1.22284 1.19802 1.1817 1.16478 1.15891 1.14083 1.134 1.13512 1.11579 1.13164 1.10834 1.11872 1.09304 1.08811 1.07456 1.06717 1.04879 1.05201 1.05666 1.04726 1.02309 1.01816 1.01846 1.01248 1.01621 1.01123 1.00393 1.00593 1.00088 0.998784 0.996832 0.997912 0.99081 0.993344 0.988204 0.995582 0.992713 0.995437 0.995524 0.989164 1.00454 0.999709 0.992914 1.00208 0.994008 0.993298 0.991794 1.0199 1.04171 1.05206 1.01791 1.03627 1.01854 1.01605 1.05043 1.03215 1.06422 1.08663 1.04416 1.131 1.09383 1.10566 1.10688 1.07682 1.12813 1.12647 1.07153 1.17061 1.14913 1.11791 1.20495 1.17372 1.2017 1.17493 1.24309 1.20963 1.20744 1.30663 1.22332 
1.50143 1.4425 1.44758 1.43078 1.44464 1.4098 1.39604 1.42923 1.39605 1.35267 1.29797 1.36889 1.30412 1.27081 1.2737 1.27207 1.26094 1.23353 1.23001 1.23497 1.20857 1.22462 1.19354 1.18495 1.15454 1.15688 1.17252 1.12374 1.12635 1.12001 1.12509 1.08949 1.11442 1.08166 1.08669 1.07081 1.07096 1.05821 1.03877 1.04056 1.03331 1.03169 1.03754 1.02293 1.01624 1.01979 1.00816 1.00637 1.00346 1.00166 0.998791 0.998719 0.995284 0.988714 0.989864 0.988531 0.992529 0.997023 0.993845 0.991093 0.984873 0.979276 1.004 0.99028 0.996564 1.01473 1.03066 1.03625 1.00782 1.03573 1.03475 1.0572 1.02984 1.06037 1.00896 1.04098 1.05662 1.04785 1.07431 1.09502 1.11274 1.08247 1.1379 1.12242 1.12281 1.12864 1.07155 1.09304 1.13428 1.15087 1.21637 1.16363 1.22567 1.1879 1.18566 1.20489 1.22128 1.12482 1.20831 1.23523 
1.45667 1.48334 1.45263 1.4519 1.43873 1.39192 1.38838 1.36542 1.38418 1.34451 1.33285 1.31733 1.33366 1.29472 1.27728 1.28763 1.25639 1.26153 1.24058 1.22447 1.2099 1.1997 1.19463 1.17769 1.16008 1.14475 1.16622 1.13453 1.14666 1.12727 1.11541 1.11892 1.09267 1.08031 1.07508 1.07541 1.05274 1.05632 1.04773 1.04872 1.03697 1.03049 1.02246 1.02697 1.02394 1.01299 1.01187 1.0077 1.00336 1.00168 0.998861 0.995264 0.993673 0.992346 0.995536 0.993716 0.997921 0.992209 0.987411 0.988726 0.976349 1.0021 0.994334 0.991778 1.00082 1.00559 0.989976 1.01979 1.016 1.01761 1.03263 1.03284 1.00295 1.04819 1.03734 1.03731 1.06467 1.0941 1.0632 1.01495 1.09603 1.08887 1.08472 1.12564 1.1262 1.09704 1.15884 1.13072 1.12993 1.1566 1.18996 1.17962 1.22562 1.19024 1.19389 1.19683 1.25873 1.29539 1.22737 1.27814 
1.47071 1.45266 1.43155 1.42362 1.43241 1.45427 1.37404 1.37148 1.36629 1.33492 1.32298 1.31928 1.2989 1.35694 1.29433 1.24924 1.27639 1.24388 1.22817 1.24818 1.1992 1.19977 1.19902 1.21811 1.15685 1.15072 1.15606 1.13614 1.11952 1.12458 1.13142 1.10523 1.0954 1.09212 1.08024 1.06382 1.06611 1.04069 1.04324 1.04114 1.0421 1.03752 1.02485 1.01737 1.02075 1.01087 1.01124 1.00585 1.00271 1.00138 0.998729 0.997552 0.994311 0.992419 0.987781 0.98874 0.988551 0.98752 0.990071 0.985747 0.993142 1.00141 1.00254 1.00352 1.01102 1.00684 1.0117 1.00524 1.04266 1.04948 1.02151 1.05788 1.0285 1.04124 1.06231 1.06231 1.0198 1.04898 1.0515 1.05737 1.08824 1.11562 1.05529 1.07324 1.12281 1.12018 1.13572 1.15367 1.13644 1.13795 1.15116 1.15661 1.18783 1.23443 1.24787 1.17917 1.2403 1.26238 1.24391 1.20687 
1.44423 1.4552 1.4682 1.41401 1.43556 1.44125 1.42028 1.40061 1.39495 1.38445 1.32051 1.28644 1.31989 1.29661 1.30445 1.28797 1.28694 1.24363 1.26393 1.25813 1.19609 1.19166 1.21267 1.16685 1.14767 1.15134 1.16577 1.12078 1.14041 1.10894 1.12441 1.10642 1.06157 1.08355 1.09084 1.07596 1.06024 1.07884 1.04876 1.04601 1.03073 1.04232 1.03361 1.02253 1.01872 1.01328 1.00909 1.01024 1.00396 1.00099 0.998711 0.996222 0.993598 0.989904 0.987865 0.993759 0.988786 0.986746 0.983288 0.991213 0.995498 0.995186 1.00662 1.00529 0.992796 0.993548 0.995395 1.0072 1.00605 1.01184 1.01931 1.03435 1.04152 1.04477 1.02934 1.03691 1.01448 1.07029 1.06253 1.11169 1.08798 1.07764 1.12386 1.10896 1.10522 1.11023 1.10789 1.12756 1.13094 1.17008 1.16179 1.15564 1.24981 1.18328 1.2488 1.13513 1.2586 1.17107 1.25811 1.19642 
1.48484 1.42617 1.44386 1.42767 1.43981 1.41713 1.40765 1.34141 1.39368 1.3512 1.32889 1.34715 1.32016 1.30638 1.27399 1.31445 1.26398 1.25538 1.22616 1.20888 1.17368 1.1962 1.17398 1.18574 1.15942 1.1572 1.15428 1.14276 1.1238 1.13667 1.10328 1.09811 1.08222 1.07821 1.0797 1.06931 1.06776 1.0522 1.0471 1.04537 1.04786 1.03675 1.02282 1.01761 1.01631 1.00688 1.01228 1.00892 1.00329 1.00099 0.99863 0.997029 0.995241 0.994447 0.995008 1.00162 0.99723 0.993879 0.98972 1.00155 0.992842 1.00973 1.00227 0.992917 1.00871 0.998728 1.0073 1.01506 1.01384 1.02682 1.03598 1.05318 1.06034 1.04776 1.04193 1.03471 1.08598 1.07133 1.07562 1.06825 1.06851 1.08896 1.07905 1.08824 1.10011 1.06778 1.10528 1.16149 1.15484 1.14622 1.19594 1.17474 1.12376 1.19263 1.16204 1.25213 1.2405 1.21491 1.26723 1.25452 
1.51292 1.4985 1.4616 1.44638 1.40215 1.38312 1.3932 1.3862 1.34601 1.3819 1.34786 1.34973 1.33888 1.29926 1.27345 1.27983 1.27406 1.2567 1.26417 1.20004 1.21394 1.18213 1.18004 1.19336 1.14887 1.14432 1.17094 1.12367 1.14027 1.13333 1.11214 1.11189 1.10477 1.10049 1.08423 1.05645 1.07438 1.05834 1.05884 1.03412 1.04621 1.04354 1.03471 1.02586 1.01642 1.01677 1.01124 1.00684 1.00422 1.00155 0.999206 0.996547 0.997444 0.994754 0.992603 0.994525 0.995139 0.991405 0.989548 0.978681 0.984614 0.996928 1.00007 1.0006 1.00024 1.0077 1.0131 1.00544 1.04249 1.03219 1.02388 1.01029 1.05234 1.02517 1.05312 1.07901 1.0727 1.04465 1.11566 1.08239 1.09086 1.13253 1.09879 1.133 1.10241 1.1012 1.15305 1.12352 1.13023 1.12942 1.18904 1.24885 1.12435 1.22189 1.19868 1.2507 1.22135 1.26758 1.23628 1.36518 
1.48548 1.44897 1.47787 1.45972 1.4059 1.3858 1.33102 1.31931 1.35949 1.38321 1.31204 1.36631 1.2954 1.33699 1.30249 1.26854 1.27859 1.25333 1.22475 1.2221 1.20944 1.17992 1.20275 1.16317 1.19127 1.14982 1.12663 1.15578 1.143 1.11658 1.11115 1.10375 1.07971 1.09531 1.09152 1.06877 1.07449 1.06004 1.05887 1.04631 1.04343 1.02948 1.0281 1.01978 1.0207 1.01515 1.00883 1.00508 1.00496 1.00194 0.998762 0.996051 0.995522 0.996904 0.991066 0.998322 0.983864 0.997882 0.995971 0.993487 0.995323 1.00249 1.00897 0.993826 1.00384 1.00154 1.00551 0.989234 1.01868 1.02959 1.00549 1.02462 1.01871 1.04872 1.03346 1.03242 1.06842 1.04482 1.04674 1.07615 1.07293 1.07187 1.08896 1.08021 1.1052 1.1079 1.07423 1.13492 1.16304 1.17851 1.11393 1.15784 1.19325 1.24061 1.17881 1.22903 1.23143 1.18834 1.29108 1.27256 
1.43971 1.4477 1.37346 1.41159 1.38571 1.45013 1.41852 1.37528 1.37501 1.3702 1.34128 1.3066 1.31234 1.28629 1.2676 1.28789 1.27268 1.25306 1.24215 1.20892 1.21228 1.2405 1.19401 1.19678 1.19439 1.17006 1.1357 1.10391 1.11412 1.13388 1.12237 1.12629 1.10452 1.07458 1.0923 1.07169 1.06184 1.04851 1.03495 1.04525 1.05279 1.0274 1.02436 1.02025 1.02156 1.01548 1.01605 1.00994 1.00637 1.00156 0.998766 0.99774 0.995537 0.990367 0.998448 0.983571 0.989501 0.997661 0.991743 0.994543 1.00673 1.00635 1.00034 1.0106 0.988864 1.01968 1.0143 1.03492 1.02437 1.03902 1.05395 1.04853 1.06239 1.04176 1.03339 1.00878 1.0697 1.07697 1.06963 1.07646 1.06463 1.12573 1.11165 1.07964 1.11692 1.1584 1.11814 1.14031 1.15257 1.16019 1.12466 1.24714 1.25407 1.15789 1.23307 1.21363 1.2621 1.15613 1.22287 1.30608 
1.51557 1.43507 1.50329 1.42928 1.41678 1.37293 1.39499 1.3984 1.4054 1.34454 1.29234 1.34405 1.35312 1.29639 1.29335 1.24594 1.25839 1.28489 1.24649 1.24383 1.23735 1.21587 1.23135 1.19236 1.16951 1.15807 1.16573 1.11822 1.13162 1.13828 1.12033 1.10854 1.08255 1.06862 1.09348 1.07635 1.05507 1.06849 1.03878 1.04811 1.0383 1.03951 1.02519 1.01978 1.0174 1.01644 1.01121 1.00875 1.00428 1.00136 0.999362 0.997002 0.996069 0.994335 0.994933 0.994267 0.99064 0.994859 0.989526 1.00145 0.982131 0.988565 0.999471 0.994279 0.971882 1.01182 1.01505 1.02618 1.03823 1.01894 1.03749 1.02637 1.0299 1.05133 1.06346 1.06076 1.04962 1.0372 1.10338 1.10882 1.11016 1.13244 1.10821 1.14305 1.12912 1.12738 1.08424 1.14785 1.145 1.17212 1.19782 1.1947 1.17367 1.22389 1.20587 1.26558 1.27741 1.25836 1.27137 1.36633 
1.45573 1.4311 1.46082 1.45929 1.41049 1.40959 1.37346 1.34615 1.37182 1.34 1.33716 1.3167 1.29364 1.31322 1.27683 1.2914 1.27448 1.26835 1.21641 1.20784 1.21196 1.2238 1.18912 1.18987 1.17011 1.17734 1.1663 1.14321 1.12146 1.12686 1.08847 1.10342 1.09454 1.08126 1.07352 1.05375 1.06686 1.06543 1.03503 1.03839 1.03247 1.03266 1.03206 1.02675 1.02024 1.01339 1.01458 1.00747 1.00406 1.00068 0.998625 0.997002 0.991491 0.993989 0.992691 0.990535 0.997245 0.988713 0.994833 1.00589 0.983726 1.00644 0.972664 0.995636 1.0176 1.01153 1.02028 1.01719 1.0052 1.01521 1.02195 1.04486 1.03774 1.03694 1.01691 1.05318 1.06419 1.07705 1.11157 1.09412 1.04756 1.13034 1.09198 1.11425 1.15633 1.17755 1.1547 1.14651 1.14295 1.15388 1.15789 1.20482 1.21897 1.17082 1.27969 1.21353 1.2072 1.19154 1.31586 1.31512 
1.43744 1.44244 1.46014 1.44567 1.42556 1.4027 1.3986 1.39917 1.40449 1.33259 1.34183 1.35253 1.31393 1.34989 1.3222 1.31224 1.29408 1.25179 1.25156 1.21597 1.20995 1.21152 1.16739 1.19688 1.17122 1.15127 1.12446 1.11174 1.10988 1.11921 1.13264 1.10615 1.10246 1.07816 1.0591 1.07435 1.06449 1.07089 1.05061 1.0408 1.03108 1.03187 1.02514 1.02279 1.01893 1.01636 1.01201 1.00596 1.00389 1.00125 0.999522 0.997689 0.996637 0.994194 0.992255 0.990866 0.989479 0.993049 1.00423 1.00557 0.99626 0.999567 0.999277 1.0075 1.01283 1.01487 1.01528 1.02003 1.02675 1.01629 1.04773 1.04173 1.0276 1.04429 1.03452 1.02214 1.08766 1.05062 1.08291 1.05625 1.14774 1.09464 1.10992 1.12925 1.10244 1.13463 1.12998 1.12949 1.18792 1.18696 1.13431 1.19463 1.20243 1.19978 1.20716 1.23895 1.19941 1.22333 1.22879 1.28651 
1.41987 1.53857 1.4563 1.45309 1.44718 1.41403 1.43017 1.40464 1.37822 1.34293 1.35351 1.30381 1.28443 1.26735 1.3112 1.28624 1.248 1.25912 1.2273 1.23462 1.20775 1.17355 1.17661 1.19507 1.15988 1.16405 1.16634 1.1209 1.12685 1.09778 1.11449 1.10796 1.10962 1.09158 1.07624 1.08591 1.07892 1.0551 1.04524 1.05055 1.04109 1.03276 1.03042 1.02644 1.0166 1.01409 1.01334 1.00431 1.00267 1.00139 0.998287 0.996038 0.993966 0.998079 0.991951 0.98706 0.989974 0.992527 0.991023 1.00405 0.990239 0.99066 0.998587 0.986806 1.00857 1.01362 1.01089 1.00602 1.03148 1.02991 1.03538 1.04175 1.01573 1.07924 1.05427 1.02719 1.08189 1.04164 1.09882 1.09943 1.05969 1.11924 1.1166 1.11063 1.10904 1.14755 1.13573 1.07192 1.21326 1.20688 1.11262 1.20684 1.19633 1.23071 1.297 1.2029 1.22321 1.20647 1.26219 1.26382 
1.46969 1.48222 1.45288 1.40612 1.46115 1.40301 1.40694 1.39447 1.36298 1.38396 1.3329 1.34474 1.3038 1.29137 1.28094 1.26975 1.25724 1.24532 1.24153 1.22194 1.22535 1.1673 1.19083 1.19112 1.19055 1.16079 1.14998 1.10622 1.14554 1.12535 1.11463 1.10371 1.10389 1.0887 1.07181 1.07623 1.07 1.05095 1.05992 1.03825 1.03891 1.02523 1.0251 1.0156 1.01437 1.01523 1.01154 1.0032 1.00283 1.00094 0.999289 0.998719 0.99757 0.994905 0.999901 0.994837 0.998423 0.994125 0.99848 0.999669 0.9898 1.00422 0.99618 1.00248 0.998415 1.00476 1.02838 1.01622 1.02399 1.02349 1.02376 1.03566 1.03024 1.06043 1.07545 1.04829 1.08623 1.06666 1.10115 1.08003 1.12712 1.09848 1.08311 1.11527 1.11363 1.09704 1.14011 1.13283 1.17939 1.15752 1.18802 1.1828 1.07481 1.19698 1.23717 1.20642 1.22983 1.19286 1.34819 1.28142 
1.47006 1.4887 1.4539 1.44477 1.46037 1.40347 1.37834 1.33615 1.37264 1.31672 1.39387 1.30091 1.30291 1.33847 1.28319 1.31289 1.26924 1.26621 1.23863 1.23489 1.2145 1.20651 1.20477 1.18683 1.18502 1.13678 1.12719 1.13932 1.12126 1.12165 1.09619 1.08409 1.11555 1.08167 1.06677 1.05733 1.07909 1.05727 1.04557 1.04238 1.0347 1.02803 1.01943 1.02416 1.02233 1.00947 1.00887 1.00442 1.00434 1.00108 0.999316 0.996844 0.997789 0.996075 0.995836 0.988476 0.988046 0.988679 0.983229 0.992187 0.995323 0.992895 0.991151 0.989892 1.01204 0.997304 1.01972 1.01622 1.01706 1.02231 1.02875 1.02572 1.08031 1.08445 1.05931 1.08077 1.03888 1.05168 1.10172 1.05799 1.1273 1.08681 1.10618 1.0944 1.10692 1.14619 1.12276 1.19407 1.15899 1.18328 1.21719 1.15862 1.22657 1.19411 1.20187 1.19833 1.33934 1.31554 1.22312 1.21751 
1.47644 1.46928 1.45272 1.44298 1.40497 1.46225 1.39286 1.37708 1.36147 1.34188 1.30487 1.32843 1.3091 1.31106 1.31152 1.28154 1.22627 1.28158 1.24566 1.21884 1.21593 1.23168 1.18693 1.20471 1.17695 1.1286 1.14211 1.15459 1.11617 1.11035 1.12653 1.10409 1.09016 1.09116 1.0782 1.07152 1.06015 1.04438 1.04632 1.04603 1.02822 1.02049 1.02908 1.02657 1.01881 1.01759 1.01102 1.00333 1.00373 1.00143 0.998318 0.995464 0.99511 0.99607 0.994123 0.992253 1.00053 1.00503 0.999953 0.99755 0.989018 1.00522 1.00966 1.02632 1.00692 1.01147 1.03549 1.00842 1.02301 1.05286 1.0337 1.04018 1.06574 1.10272 1.01507 1.06016 1.07207 1.10011 1.07971 1.07801 1.10074 1.0686 1.07945 1.12253 1.12334 1.12238 1.21161 1.17141 1.14965 1.15365 1.17932 1.16557 1.20136 1.22321 1.24258 1.2349 1.20278 1.17483 1.20115 1.28008 
1.51293 1.49565 1.48036 1.43662 1.45126 1.42858 1.45015 1.3594 1.44735 1.3376 1.34018 1.33489 1.31248 1.29846 1.31027 1.25121 1.27607 1.23052 1.22358 1.23543 1.2271 1.20738 1.18434 1.19986 1.18844 1.14131 1.15269 1.15351 1.13122 1.11211 1.1016 1.09026 1.08907 1.07511 1.08589 1.07063 1.06204 1.04364 1.04505 1.04205 1.04624 1.02279 1.01946 1.02411 1.01829 1.01226 1.0114 1.0082 1.00637 1.0012 0.99952 0.998241 0.998604 0.994803 0.997061 0.994246 0.994156 1.00236 0.997899 1.00176 0.986186 0.995493 1.00336 1.00209 1.00884 1.01273 1.02066 1.02643 1.01995 1.0289 1.00278 1.0518 1.05459 1.03995 1.03181 1.08364 1.06127 1.05271 1.10798 1.08051 1.11747 1.12859 1.15279 1.12727 1.07623 1.1375 1.10165 1.17566 1.14336 1.16044 1.1763 1.19479 1.22031 1.23253 1.21861 1.3507 1.28826 1.25351 1.26753 1.30259 
1.47285 1.49739 1.51744 1.45666 1.41457 1.41359 1.38316 1.41944 1.3666 1.39261 1.32748 1.31269 1.29724 1.30194 1.29084 1.27143 1.29708 1.2197 1.23613 1.23753 1.2229 1.19467 1.19611 1.16176 1.16555 1.16158 1.14535 1.16928 1.13406 1.13143 1.08968 1.0749 1.09049 1.06911 1.07984 1.06051 1.0845 1.05205 1.05662 1.03824 1.03006 1.03533 1.02272 1.01504 1.01476 1.01085 1.01206 1.00818 1.00468 1.00116 0.998737 0.998954 0.995196 0.994642 0.994902 0.998376 0.991125 1.00446 0.998979 0.992012 1.00776 1.0161 0.999644 1.0134 1.01342 1.03451 0.994343 1.04607 1.0361 1.06118 1.0404 1.07923 1.03565 1.05053 1.05636 1.06305 1.03903 1.07236 1.10532 1.08341 1.0854 1.15306 1.11619 1.13366 1.14223 1.20573 1.15999 1.17949 1.09888 1.19359 1.15564 1.18962 1.17306 1.20071 1.15327 1.19281 1.21243 1.29552 1.34894 1.21349 
1.53366 1.45761 1.48286 1.46939 1.39259 1.38323 1.39375 1.38313 1.32895 1.36271 1.36381 1.30523 1.26697 1.29182 1.28591 1.2463 1.2786 1.28685 1.23796 1.24148 1.1854 1.20597 1.18816 1.19958 1.1788 1.15702 1.13075 1.13281 1.13196 1.10286 1.13667 1.09926 1.09691 1.10128 1.08803 1.07728 1.05954 1.05309 1.03685 1.04263 1.04101 1.03345 1.02338 1.01811 1.01863 1.01181 1.00796 1.00414 1.00209 1.00134 0.999306 0.997259 0.994755 0.989724 0.994655 0.991292 0.998661 1.00666 0.996817 0.994925 1.00825 0.997408 1.01459 1.01746 0.996901 0.999399 1.00197 1.02387 1.02588 1.0483 1.05364 1.07349 1.04536 1.05335 1.05751 1.06755 1.07714 1.07368 1.08474 1.09142 1.10192 1.17999 1.10507 1.13431 1.16044 1.15617 1.09303 1.20421 1.23839 1.21785 1.13027 1.20393 1.17101 1.2281 1.21501 1.20923 1.30117 1.27794 1.20559 1.28425 
1.5259 1.44738 1.45498 1.44348 1.44469 1.37234 1.37473 1.37084 1.34121 1.32474 1.3162 1.2976 1.33261 1.28379 1.28915 1.25041 1.24118 1.29592 1.24713 1.23586 1.19603 1.19897 1.19794 1.19185 1.15447 1.13794 1.12381 1.15081 1.15415 1.12513 1.11295 1.09515 1.10362 1.08879 1.06885 1.07007 1.05906 1.05122 1.0486 1.03307 1.04138 1.04004 1.03258 1.01757 1.01664 1.01297 1.01116 1.00573 1.00462 1.00051 0.999588 0.996958 0.994329 0.994569 1.00073 0.988332 0.995125 0.997745 0.999629 0.989923 0.994832 0.992685 0.999277 0.997327 1.02001 1.02702 1.03099 1.03792 1.03759 1.03843 1.04062 1.0465 1.03869 1.06617 1.02816 1.08518 1.03772 1.13588 1.03819 1.08031 1.0776 1.0886 1.09776 1.09616 1.13503 1.15069 1.12809 1.11791 1.15002 1.17009 1.18317 1.21198 1.17303 1.22321 1.25651 1.1919 1.21775 1.29215 1.28232 1.27888 
1.50846 1.45101 1.45669 1.41202 1.4259 1.44014 1.38946 1.41557 1.39908 1.37588 1.34454 1.35731 1.31119 1.29567 1.28271 1.27202 1.26888 1.24997 1.23649 1.22487 1.22233 1.20318 1.2029 1.17934 1.18237 1.16166 1.16019 1.15287 1.12236 1.12583 1.09619 1.09973 1.07884 1.09262 1.07986 1.06715 1.07561 1.06234 1.05165 1.04631 1.02074 1.04062 1.02515 1.01826 1.00823 1.00749 1.00306 1.00605 1.00299 1.0012 0.998622 0.996753 0.998987 0.995178 0.994889 0.990489 0.998875 0.992531 0.996457 1.00178 0.999614 0.99593 1.0107 1.01643 1.03246 1.02041 1.00629 1.02982 1.0026 1.03245 1.05257 1.03636 1.08228 1.0523 1.0379 1.05641 1.08127 1.07204 1.10368 1.08014 1.10354 1.07272 1.12562 1.08669 1.12724 1.14247 1.18875 1.16691 1.15878 1.12611 1.20959 1.22685 1.19334 1.20839 1.25406 1.2566 1.29571 1.38026 1.22494 1.30691 
1.46912 1.46237 1.49771 1.42856 1.42338 1.39523 1.39196 1.40692 1.37127 1.34809 1.34367 1.31054 1.29324 1.24742 1.2432 1.23894 1.24467 1.24783 1.24528 1.22639 1.21756 1.21089 1.15451 1.18825 1.1647 1.14612 1.15396 1.14204 1.11903 1.11193 1.11152 1.10088 1.09893 1.07684 1.06729 1.07151 1.06474 1.05354 1.03373 1.04522 1.03639 1.0314 1.02734 1.02221 1.01701 1.01022 1.00477 1.00796 1.00283 1.00063 0.999447 0.997483 0.99781 0.991805 0.992943 0.993875 0.989484 1.00232 0.992449 0.988182 0.993332 1.0049 1.01477 0.999064 1.00644 1.02519 1.01326 1.00503 1.04474 1.03017 1.06839 1.03604 1.05068 1.09129 1.07341 1.06495 1.12254 1.04006 1.07385 1.11888 1.12072 1.09911 1.13181 1.1008 1.16573 1.19132 1.15738 1.1974 1.16769 1.25327 1.21245 1.19688 1.28627 1.16185 1.2065 1.2257 1.18131 1.33385 1.27403 1.24314 
1.50257 1.51527 1.45655 1.38462 1.48171 1.41802 1.40243 1.41865 1.387 1.39164 1.32243 1.32653 1.3357 1.29004 1.26864 1.25655 1.27622 1.2508 1.22306 1.20838 1.18525 1.18201 1.17102 1.20262 1.14682 1.16654 1.14878 1.14801 1.13377 1.1265 1.10998 1.11103 1.09088 1.08658 1.07646 1.06668 1.07038 1.05672 1.03791 1.04876 1.04153 1.0257 1.03019 1.02136 1.02335 1.00885 1.00785 1.00692 1.00399 1.00097 0.999054 0.998035 0.994711 0.993458 0.993498 0.996188 0.992065 0.998482 0.995609 0.997475 0.992093 1.00777 0.993076 1.00569 1.00825 1.00646 1.00069 1.04465 1.01535 1.03753 1.03569 1.04443 1.04445 1.03189 1.0583 1.04532 1.07159 1.06908 1.13568 1.07545 1.12288 1.13767 1.12961 1.1307 1.16674 1.15813 1.17346 1.21596 1.21362 1.18298 1.1666 1.17893 1.25549 1.24699 1.2632 1.22433 1.29937 1.35605 1.26402 1.27978 
1.50109 1.48248 1.44027 1.45756 1.4612 1.41392 1.45581 1.39172 1.40431 1.38313 1.34038 1.2846 1.35277 1.35424 1.27213 1.28598 1.28387 1.23897 1.23629 1.23523 1.20248 1.21175 1.17839 1.15933 1.14855 1.15094 1.1476 1.11308 1.12634 1.13765 1.10401 1.09658 1.09213 1.07586 1.08324 1.0864 1.05791 1.0451 1.04365 1.04125 1.03807 1.02982 1.01979 1.02404 1.01443 1.01012 1.00903 1.00385 1.00217 1.00076 0.999226 0.997115 0.997296 0.996592 0.992595 0.99484 1.00238 0.992785 0.992752 1.00161 1.01563 1.00661 1.00188 1.01512 1.00455 0.994659 1.03396 1.01647 1.0254 1.04114 1.03093 1.03019 1.06255 1.05594 1.08195 1.06527 1.07067 1.10123 1.05268 1.10311 1.08254 1.15565 1.14499 1.13951 1.18012 1.12698 1.19778 1.2031 1.18155 1.14132 1.16359 1.21566 1.20098 1.24417 1.18795 1.2674 1.23311 1.30236 1.21984 1.26845 
1.48558 1.47389 1.47086 1.50342 1.42213 1.38146 1.4234 1.34467 1.34853 1.32812 1.34521 1.2927 1.28945 1.27184 1.26028 1.25897 1.23779 1.2289 1.24021 1.2254 1.22405 1.20461 1.169 1.15133 1.18283 1.15289 1.12173 1.13827 1.12075 1.12953 1.1253 1.09753 1.07806 1.08799 1.06858 1.07778 1.06792 1.0438 1.04727 1.04509 1.02913 1.03044 1.02386 1.02025 1.01232 1.01132 1.00968 1.00502 1.00299 1.00125 0.998969 0.998515 0.994218 0.994696 0.992617 0.994965 0.990201 0.984829 0.998363 1.0038 0.992396 1.01145 1.02738 1.0121 1.02481 1.03568 1.02051 1.03535 1.02376 1.03112 1.0369 1.05669 1.0603 1.01736 1.0877 1.10851 1.05891 1.09198 1.09797 1.03328 1.11605 1.11669 1.10282 1.0922 1.09873 1.09849 1.11597 1.22316 1.19902 1.15533 1.16467 1.16868 1.17609 1.20559 1.30638 1.23477 1.19243 1.30836 1.29952 1.30312 
1.49721 1.46509 1.42836 1.4569 1.42935 1.41301 1.37247 1.36319 1.37522 1.33086 1.33897 1.34379 1.3258 1.27599 1.26012 1.23691 1.23781 1.22559 1.19751 1.22849 1.21728 1.19692 1.15808 1.19141 1.15163 1.12987 1.12099 1.12775 1.1128 1.12044 1.10961 1.10419 1.09293 1.05796 1.07865 1.06386 1.05455 1.0475 1.04914 1.03699 1.04672 1.03256 1.03355 1.02128 1.01785 1.01004 1.01112 1.00248 1.00234 1.001 0.998485 0.997453 0.996619 0.994998 1.00327 0.999816 0.994186 0.9969 0.994298 1.00101 0.99578 1.01115 1.01068 0.998826 1.01891 1.01295 1.0491 1.01457 1.03969 1.04479 1.03329 1.00331 1.06913 1.03311 1.0438 1.07894 1.07654 1.05385 1.11181 1.09127 1.10322 1.13391 1.14424 1.17599 1.16715 1.12167 1.18783 1.21734 1.19998 1.20422 1.24255 1.20794 1.23708 1.2721 1.25328 1.2893 1.32182 1.20734 1.26683 1.27435 
1.46159 1.48283 1.45376 1.40044 1.41663 1.38513 1.40475 1.37473 1.35087 1.36613 1.33364 1.30064 1.32166 1.32247 1.28031 1.28891 1.27264 1.30072 1.24421 1.22083 1.18915 1.17993 1.19621 1.17554 1.17603 1.17654 1.16409 1.11364 1.12961 1.11965 1.09154 1.09619 1.07853 1.08489 1.08536 1.07652 1.06567 1.03672 1.04318 1.04539 1.04042 1.02907 1.0236 1.0167 1.01612 1.0125 1.01045 1.0035 1.00271 1.00126 0.999659 0.995388 0.994904 0.997279 0.996374 0.998376 0.996059 1.00126 1.00313 0.993569 1.01523 1.01136 1.02037 1.01721 1.01799 1.04774 1.00331 1.00078 1.0524 1.03135 1.06517 1.04751 1.05711 1.03999 1.06905 1.06859 1.10246 1.10878 1.09375 1.0807 1.10475 1.08605 1.14149 1.17842 1.14695 1.15898 1.15388 1.21362 1.17945 1.14382 1.15289 1.25308 1.29017 1.24349 1.181 1.25912 1.23852 1.24343 1.27822 1.20768 
1.44624 1.43025 1.50682 1.44117 1.42885 1.398 1.42726 1.39232 1.36821 1.36986 1.33141 1.32705 1.29563 1.29318 1.29676 1.26042 1.25675 1.20748 1.26402 1.20129 1.22616 1.18383 1.17957 1.15034 1.16931 1.17484 1.14833 1.13659 1.12081 1.13365 1.10553 1.10041 1.0752 1.08845 1.0737 1.06488 1.05228 1.04655 1.03965 1.03642 1.0277 1.02428 1.02682 1.01507 1.02054 1.0135 1.00944 1.00371 1.0033 1.00071 1.00017 0.996545 0.996674 0.996826 1.00024 0.993284 0.996954 1.0004 0.990044 1.00686 1.00053 0.992245 1.00985 1.01444 1.02876 1.02329 1.00588 1.02777 1.01914 1.02142 1.04375 1.02855 1.05559 1.05626 1.05444 1.09118 1.07966 1.1364 1.14324 1.08888 1.0749 1.12045 1.13147 1.15968 1.12303 1.15671 1.18515 1.2292 1.131 1.22568 1.18324 1.26924 1.24122 1.24891 1.20998 1.21875 1.26497 1.30358 1.22527 1.28612 
1.49663 1.52275 1.45764 1.45172 1.40172 1.40203 1.42751 1.39785 1.37576 1.35174 1.3253 1.36952 1.32003 1.30435 1.27527 1.29889 1.27102 1.2451 1.20843 1.21926 1.19911 1.1802 1.23163 1.18493 1.17933 1.15756 1.13183 1.12512 1.10956 1.11405 1.10767 1.07462 1.0846 1.07006 1.09424 1.07533 1.05904 1.0529 1.04949 1.05267 1.03146 1.0341 1.02435 1.01567 1.02158 1.0146 1.00953 1.0081 1.00413 1.00091 0.999174 0.999136 0.999073 0.99922 0.993683 0.99662 1.0021 1.00504 1.00782 0.987952 0.999968 0.995008 1.02139 1.00193 1.00438 1.02176 1.02636 1.0091 1.03778 1.0566 1.02817 1.06216 1.05995 1.05038 1.06293 1.09368 1.02312 1.13093 1.10074 1.08217 1.13514 1.14693 1.17039 1.09595 1.11854 1.14321 1.2133 1.198 1.16176 1.13464 1.18597 1.2813 1.28346 1.22099 1.19092 1.25184 1.24176 1.21078 1.2836 1.32916 
1.48338 1.49927 1.48924 1.43527 1.39247 1.40215 1.39619 1.39866 1.35454 1.28762 1.32495 1.29107 1.26247 1.29978 1.26865 1.26028 1.26141 1.23755 1.25953 1.2347 1.21503 1.19692 1.17624 1.17267 1.167 1.15692 1.12943 1.12039 1.10551 1.08515 1.12077 1.09208 1.09804 1.07067 1.0649 1.07156 1.06101 1.05526 1.03807 1.02025 1.03631 1.02009 1.02626 1.01951 1.01443 1.01082 1.00803 1.00746 1.00403 1.00105 0.999338 0.997873 1.00044 0.992755 0.990375 0.997383 0.987354 1.00019 1.00359 0.993701 0.999176 0.999216 0.999507 1.00522 1.01088 1.02044 1.02457 1.01697 1.01324 1.01627 1.04697 1.05967 1.06816 1.03567 1.06336 1.0576 1.10054 1.1182 1.11874 1.11196 1.10483 1.12868 1.10107 1.12231 1.13493 1.19135 1.12994 1.12961 1.18844 1.19447 1.2115 1.26196 1.25935 1.19265 1.23226 1.28806 1.25478 1.2743 1.31076 1.35875 
1.47035 1.47948 1.44701 1.44714 1.43732 1.39857 1.38971 1.36708 1.40105 1.38739 1.30292 1.3208 1.29797 1.29018 1.27652 1.30468 1.27554 1.26942 1.22364 1.22082 1.17215 1.17748 1.18982 1.17241 1.16693 1.13667 1.12735 1.16431 1.09577 1.11747 1.06482 1.09797 1.09576 1.08676 1.07097 1.06393 1.06946 1.05429 1.04118 1.0487 1.0345 1.02722 1.03528 1.01663 1.01914 1.00636 1.00854 1.0058 1.00358 1.00098 0.999552 0.999799 1.0019 0.996368 0.995559 0.996048 1.00189 1.00289 0.994436 0.99873 0.995384 1.0044 1.00375 1.01868 1.01583 1.02497 1.00465 1.0371 1.04348 1.05218 1.06473 1.03772 1.04924 1.06089 1.10036 1.10807 1.04311 1.10235 1.13746 1.12529 1.12507 1.11897 1.1048 1.13939 1.13343 1.14037 1.15177 1.19495 1.14396 1.23227 1.28258 1.22199 1.22567 1.20564 1.21708 1.2352 1.30867 1.2544 1.23409 1.22275 
1.51521 1.48057 1.46382 1.43201 1.45238 1.40425 1.40802 1.4131 1.33059 1.38242 1.35402 1.27924 1.27758 1.30517 1.2948 1.27229 1.27346 1.27257 1.24703 1.16742 1.1681 1.2189 1.17575 1.17805 1.15355 1.15467 1.13459 1.13769 1.10971 1.13616 1.10728 1.1083 1.08179 1.08425 1.07679 1.07653 1.04925 1.05305 1.03958 1.04357 1.04124 1.03772 1.02841 1.0137 1.01817 1.02129 1.00759 1.00816 1.00358 1.00068 0.998568 0.998154 1.00024 0.992282 0.9951 0.991124 0.995126 0.997949 1.00294 1.00136 1.00071 1.00785 1.01099 1.00776 1.01701 1.00526 1.02572 1.03371 1.01794 1.02629 1.05968 1.04456 1.03567 1.0595 1.08092 1.04096 1.07091 1.06874 1.11682 1.1331 1.10376 1.15113 1.14499 1.18062 1.15572 1.11064 1.06831 1.12601 1.18776 1.1707 1.22894 1.27912 1.17699 1.21573 1.23163 1.28584 1.27236 1.25242 1.33297 1.31193 
1.45485 1.45312 1.44584 1.40441 1.49081 1.40145 1.38032 1.39485 1.39073 1.37799 1.32102 1.32421 1.31216 1.31385 1.28495 1.25441 1.24077 1.26199 1.2355 1.21322 1.21593 1.1844 1.16784 1.16507 1.16739 1.14225 1.15274 1.13103 1.0915 1.11417 1.09402 1.09797 1.08334 1.08852 1.0731 1.05637 1.04601 1.04097 1.03631 1.04935 1.03854 1.02411 1.0165 1.01907 1.00948 1.01341 1.00837 1.00641 1.00372 1.00055 0.998575 0.997961 0.996371 0.998503 0.996818 0.992827 1.00334 0.993053 1.00635 0.993504 1.01352 1.02109 0.99978 0.998285 0.996009 1.02908 1.03807 1.03071 1.04395 1.01878 1.05101 1.0701 1.04929 1.08197 1.04027 1.0874 1.09055 1.12851 1.12626 1.10229 1.09221 1.08507 1.10075 1.09298 1.20011 1.23039 1.12643 1.18985 1.18688 1.19411 1.17144 1.16959 1.32904 1.26367 1.24283 1.21265 1.27115 1.3203 1.2887 1.29875 
1.45904 1.45024 1.47137 1.4469 1.45365 1.40867 1.38186 1.39471 1.37501 1.37498 1.3238 1.32921 1.29861 1.37356 1.25132 1.25581 1.2627 1.24685 1.20812 1.22842 1.23962 1.1947 1.17169 1.15726 1.13678 1.17571 1.15621 1.13714 1.11343 1.10679 1.09651 1.06725 1.08663 1.05727 1.08033 1.06934 1.06516 1.05567 1.04408 1.04192 1.03488 1.02401 1.02419 1.01886 1.01763 1.00952 1.00951 1.00305 1.00345 1.00058 0.999608 0.998364 1.00011 0.993384 0.99555 0.992777 0.999345 1.00205 1.00185 1.00428 0.995051 0.989603 1.01846 1.01839 1.01483 1.01149 1.04823 1.03248 1.03452 1.04114 1.04009 1.04314 1.05458 1.06176 1.09787 1.06155 1.1091 1.09733 1.05393 1.11213 1.10881 1.06243 1.14371 1.15329 1.25264 1.124 1.20368 1.18963 1.19227 1.18318 1.22114 1.23199 1.19908 1.31989 1.23526 1.21291 1.40413 1.27512 1.30169 1.34894 
1.48164 1.4638 1.46291 1.45601 1.45816 1.38914 1.4315 1.37632 1.35202 1.35569 1.35864 1.3098 1.34029 1.29245 1.25412 1.28343 1.25828 1.21677 1.2104 1.21651 1.23707 1.20946 1.20391 1.17203 1.1567 1.16332 1.13363 1.12774 1.11962 1.113 1.09091 1.0974 1.10146 1.09677 1.08245 1.06514 1.0632 1.06172 1.05209 1.05437 1.02781 1.03059 1.03291 1.02407 1.01511 1.01727 1.00737 1.00536 1.00396 1.00079 0.998924 0.996694 0.997079 0.995027 0.996088 0.99753 0.990203 1.00475 1.00052 1.01091 1.0099 1.02272 1.00862 1.01246 1.01295 1.00044 1.03658 1.0331 1.0456 1.03253 1.0483 1.07546 1.05488 1.04055 1.07466 1.09546 1.0993 1.07231 1.12109 1.10176 1.09891 1.12537 1.13114 1.14689 1.20094 1.14145 1.20494 1.1495 1.15921 1.18801 1.22595 1.28231 1.24932 1.20346 1.21949 1.31335 1.36011 1.31026 1.33897 1.39543 
1.46897 1.41366 1.45151 1.4459 1.42496 1.45236 1.35922 1.39467 1.36933 1.34467 1.35292 1.3521 1.32173 1.29514 1.26848 1.23038 1.25394 1.20631 1.2142 1.16652 1.20609 1.19463 1.17084 1.13579 1.17102 1.12451 1.14269 1.12139 1.1101 1.12478 1.09097 1.09897 1.10153 1.06584 1.07213 1.07077 1.05276 1.04348 1.04889 1.02865 1.03149 1.02274 1.02326 1.02565 1.01661 1.01125 1.00849 1.00472 1.00527 1.00171 0.999346 0.997323 0.997785 0.998844 0.989062 0.990814 0.992757 0.993585 1.00869 1.00516 1.00379 0.997594 1.00669 1.00609 1.03027 1.02467 1.02621 1.04879 1.0188 1.0562 1.02609 1.06598 1.08176 1.06859 1.09567 1.07522 1.09034 1.13207 1.1279 1.09487 1.12355 1.12201 1.1721 1.18746 1.19732 1.20299 1.1615 1.24576 1.13431 1.20483 1.27002 1.27005 1.17717 1.30006 1.31461 1.29778 1.29677 1.30013 1.23694 1.33319 
1.49614 1.45501 1.4572 1.46906 1.44017 1.39101 1.37871 1.35016 1.36262 1.35678 1.36739 1.32574 1.31102 1.2944 1.23415 1.25091 1.25197 1.24551 1.20933 1.25264 1.2107 1.21145 1.14444 1.19451 1.18931 1.15565 1.12505 1.13432 1.13395 1.13816 1.12182 1.07457 1.07444 1.09077 1.0935 1.06543 1.04672 1.04103 1.04496 1.04177 1.03031 1.02857 1.02095 1.01317 1.01766 1.01038 1.01267 1.00476 1.00318 1.00032 0.998597 0.996529 0.996076 0.994642 0.993348 1.00251 0.996752 1.00262 1.00159 1.00395 1.00145 1.00898 1.00253 1.00618 1.01029 1.02702 1.01257 1.05315 1.02258 1.03951 1.04369 1.0894 1.05125 1.09316 1.0643 1.0682 1.0995 1.10184 1.08801 1.11671 1.16376 1.1204 1.09666 1.2029 1.23365 1.18523 1.13605 1.20548 1.24402 1.23488 1.22117 1.2621 1.29045 1.23475 1.29437 1.28979 1.36217 1.36719 1.23737 1.33101 
1.45019 1.45578 1.45762 1.47416 1.46336 1.42701 1.39351 1.37796 1.36353 1.34132 1.3463 1.28344 1.22529 1.26231 1.25142 1.25778 1.20935 1.22479 1.26448 1.24334 1.18938 1.19795 1.18599 1.19373 1.18935 1.16224 1.15798 1.13327 1.12988 1.13284 1.10271 1.09984 1.08846 1.08208 1.08835 1.05783 1.05101 1.03598 1.03605 1.03793 1.03224 1.03312 1.03292 1.02657 1.02433 1.00977 1.01019 1.00703 1.00199 1.00092 0.999204 0.998231 0.997875 0.999517 0.995273 0.994212 0.994645 0.985999 0.999651 1.01768 0.992656 0.994426 1.00071 1.02466 1.02069 1.00804 1.03509 1.03293 1.03966 1.01623 1.04407 1.03452 1.05987 1.0341 1.09986 1.04274 1.09531 1.06874 1.11208 1.08675 1.10521 1.128 1.13296 1.15086 1.16242 1.20329 1.16917 1.17499 1.24968 1.22937 1.29903 1.20301 1.25769 1.22689 1.31449 1.31331 1.21522 1.26185 1.35727 1.38706 
1.46444 1.47166 1.46847 1.40998 1.38446 1.4038 1.38146 1.38495 1.35011 1.33222 1.33552 1.29897 1.31557 1.31071 1.2477 1.25029 1.22561 1.22557 1.23099 1.20462 1.23271 1.18973 1.20873 1.17024 1.16652 1.16036 1.16471 1.12884 1.12612 1.11631 1.11837 1.12328 1.10384 1.10959 1.06891 1.06011 1.04629 1.0614 1.04681 1.0294 1.03291 1.02889 1.01814 1.00911 1.0172 1.01475 1.01011 1.00692 1.00312 1.00074 0.999358 0.997904 0.996178 1.00056 1.00047 1.00309 0.993687 0.993608 1.00257 1.00893 1.01201 0.997197 1.00979 1.01799 1.00821 1.01724 1.00713 1.04403 1.04921 1.04938 1.04132 1.04562 1.09412 1.05759 1.04459 1.08747 1.05487 1.06604 1.12622 1.11753 1.15821 1.14286 1.15568 1.15615 1.14753 1.15157 1.17918 1.14832 1.1877 1.23594 1.25052 1.25512 1.21017 1.27753 1.23163 1.25083 1.25494 1.36303 1.33147 1.37077 
1.49568 1.46092 1.46224 1.44303 1.42525 1.43225 1.30347 1.34088 1.38393 1.30805 1.31499 1.35494 1.29371 1.25833 1.28376 1.26861 1.26719 1.23009 1.23913 1.25715 1.21924 1.19701 1.18474 1.15164 1.15863 1.14319 1.13918 1.16273 1.11457 1.09392 1.10741 1.09788 1.07552 1.0704 1.07866 1.08246 1.03408 1.05273 1.04855 1.04368 1.02981 1.01783 1.03036 1.01797 1.01346 1.01412 1.01361 1.0018 1.00331 1.00099 0.998985 0.998551 0.998778 0.997513 0.999796 0.990408 1.00966 1.00477 0.994692 1.00434 1.0015 1.01871 1.0045 1.02179 1.01117 1.0158 1.02303 1.03433 1.026 1.05669 1.0712 1.06169 1.05996 1.05884 1.06183 1.09301 1.07303 1.09103 1.13082 1.06375 1.12335 1.1506 1.17931 1.11732 1.17354 1.14798 1.18872 1.1929 1.20178 1.26942 1.1676 1.18782 1.25379 1.24935 1.32544 1.26594 1.2694 1.2745 1.32107 1.32185 
1.48083 1.43888 1.46091 1.45156 1.43544 1.45048 1.3746 1.37711 1.34104 1.35403 1.34285 1.27371 1.29201 1.31121 1.27243 1.262 1.23453 1.25483 1.25163 1.20885 1.21809 1.17829 1.17364 1.18592 1.15024 1.13461 1.13814 1.12843 1.12156 1.12306 1.10425 1.06998 1.09308 1.07243 1.06572 1.06002 1.06323 1.05073 1.03292 1.04444 1.02702 1.02414 1.02322 1.01503 1.01208 1.01139 1.00652 1.004 1.00297 1.00076 1.00069 0.998486 0.993856 0.997689 0.997409 1.0015 0.996026 0.998219 1.00829 1.0131 1.00573 1.00793 1.00058 1.00991 1.01413 1.03049 1.02665 1.03189 1.05316 1.05371 1.01611 1.05783 1.07728 1.09465 1.09257 1.0911 1.07555 1.08488 1.0989 1.09771 1.12749 1.09826 1.09824 1.14744 1.09406 1.19612 1.17871 1.18834 1.16876 1.16417 1.26395 1.17691 1.25134 1.26945 1.29415 1.31569 1.40263 1.28946 1.28796 1.33485 
1.4637 1.47006 1.45958 1.41514 1.41208 1.36823 1.38409 1.38483 1.38023 1.33016 1.34454 1.32253 1.26543 1.27039 1.28068 1.27642 1.22103 1.25979 1.22583 1.22129 1.21981 1.19923 1.18473 1.18727 1.16192 1.13577 1.12267 1.1245 1.10732 1.08159 1.06005 1.0774 1.08832 1.09067 1.07333 1.06887 1.05363 1.05485 1.05125 1.02801 1.03774 1.00908 1.01277 1.01326 1.00862 1.00787 1.00782 1.0036 1.00318 1.00061 0.999866 0.99895 0.996708 0.996816 0.993748 0.996316 1.00472 1.00285 1.00265 1.00313 1.00939 1.01626 1.01507 1.01572 1.0166 1.03484 1.02331 1.04104 1.05518 1.06469 1.05374 1.03176 1.07214 1.08498 1.05416 1.07603 1.08247 1.10096 1.11275 1.10311 1.11255 1.10859 1.14053 1.22486 1.19883 1.18253 1.1568 1.14447 1.19035 1.1707 1.20257 1.26011 1.20847 1.25848 1.28226 1.31315 1.32097 1.34998 1.37359 1.39083 
1.47103 1.47911 1.44596 1.44903 1.44348 1.42057 1.38634 1.37564 1.37573 1.35091 1.30762 1.32516 1.31116 1.25776 1.26221 1.27453 1.24103 1.24703 1.23081 1.20985 1.20285 1.19439 1.1834 1.16247 1.13784 1.13218 1.17549 1.13321 1.13969 1.10833 1.09695 1.09337 1.10195 1.0674 1.0728 1.07575 1.04775 1.04206 1.03874 1.04675 1.0376 1.03407 1.02726 1.02079 1.0158 1.01796 1.01062 1.00565 1.00203 1.00046 0.999001 0.999178 0.994978 0.9984 1.00097 0.994981 0.997921 1.00402 1.0021 1.0048 1.01381 1.01578 1.01881 1.02573 1.0605 1.0355 1.01291 1.03 1.0198 1.07283 1.06419 1.05989 1.09024 1.06674 1.08713 1.12609 1.14305 1.09544 1.16459 1.18252 1.1281 1.1179 1.1281 1.177 1.20863 1.16351 1.20041 1.19993 1.23781 1.17168 1.17132 1.22294 1.20915 1.25068 1.26849 1.28509 1.25678 1.37102 1.31841 1.42127 
1.4583 1.44096 1.47612 1.3993 1.37127 1.3949 1.39554 1.40799 1.34723 1.34365 1.35414 1.36225 1.28715 1.29076 1.25781 1.27203 1.26234 1.24693 1.22958 1.23296 1.20258 1.19693 1.18475 1.17376 1.14325 1.14949 1.14097 1.10547 1.11831 1.10255 1.10524 1.11338 1.07176 1.06391 1.06206 1.0664 1.05674 1.05529 1.05231 1.03837 1.02414 1.01205 1.02026 1.01913 1.0168 1.00882 1.0047 1.00657 1.0029 1.00039 0.999226 0.997342 0.998828 0.99997 0.995572 0.9956 1.00307 1.00046 1.00336 1.00473 1.00254 0.986624 1.01147 1.01853 1.014 1.00905 1.04757 1.04566 1.07066 1.04475 1.03674 1.03578 1.03795 1.06401 1.0525 1.10659 1.09147 1.09794 1.06845 1.11185 1.1032 1.1022 1.12379 1.12971 1.19883 1.14054 1.14609 1.22165 1.19886 1.28066 1.2348 1.18903 1.2279 1.30516 1.26589 1.35077 1.42133 1.23807 1.37691 1.35738 
1.47542 1.44444 1.45682 1.37215 1.40311 1.45315 1.41933 1.34946 1.3809 1.33978 1.36037 1.29822 1.2748 1.27146 1.2954 1.22617 1.24492 1.25051 1.22007 1.22198 1.20299 1.19764 1.19713 1.16629 1.1511 1.12646 1.14828 1.13611 1.11045 1.08982 1.10328 1.0762 1.07639 1.08703 1.04703 1.07823 1.07296 1.05374 1.04095 1.03135 1.03607 1.0305 1.01857 1.02311 1.01464 1.00833 1.007 1.00451 1.00143 1.00056 0.999342 0.997067 0.997092 0.996621 0.997237 0.99559 0.993456 0.995515 0.990928 1.0071 1.01086 1.00644 1.02023 1.0048 1.01546 1.02623 1.02535 1.03207 1.02335 1.05346 1.03759 1.06179 1.05616 1.0637 1.09583 1.13422 1.12966 1.11475 1.10319 1.14974 1.14591 1.09795 1.14606 1.11601 1.15926 1.17254 1.21405 1.18397 1.19591 1.23237 1.20277 1.24707 1.27099 1.29039 1.27597 1.26711 1.24497 1.33409 1.3258 1.33409 
1.50774 1.45467 1.41288 1.44877 1.41661 1.40456 1.38597 1.35863 1.35084 1.34956 1.35194 1.3198 1.30712 1.30689 1.293 1.28427 1.28547 1.23219 1.23792 1.24978 1.20842 1.2163 1.15156 1.19719 1.1699 1.15156 1.1534 1.12659 1.11427 1.13557 1.098 1.0885 1.07583 1.08377 1.0634 1.06025 1.0717 1.04635 1.03958 1.02482 1.04351 1.0283 1.01984 1.01341 1.0065 1.01408 1.00442 1.00483 1.00022 1.00079 0.999012 0.999775 0.99931 0.996679 1.00131 1.0011 0.993434 1.00749 1.00743 1.00449 1.02022 1.00933 1.03939 0.995697 1.01007 1.03369 1.03728 1.05002 1.05589 1.08686 1.03825 1.07216 1.05476 1.09028 1.07768 1.0764 1.09874 1.11699 1.10529 1.11629 1.1495 1.17229 1.1089 1.12275 1.21446 1.13252 1.25814 1.18891 1.133 1.2057 1.20272 1.20695 1.16887 1.25378 1.27825 1.30522 1.32683 1.38284 1.35217 1.31943 
1.49965 1.49987 1.4559 1.51092 1.3942 1.39469 1.36107 1.29863 1.34929 1.31944 1.29399 1.28228 1.29007 1.29633 1.30619 1.28016 1.25394 1.27784 1.24153 1.23357 1.22978 1.18082 1.17842 1.15 1.16851 1.16253 1.13757 1.12721 1.08861 1.10877 1.11123 1.09514 1.06832 1.03774 1.08408 1.0528 1.05126 1.04216 1.03463 1.02728 1.02682 1.03111 1.00853 1.02595 1.01618 1.00918 1.00594 1.00346 1.00126 0.999723 0.999539 0.999528 0.994912 0.995602 1.00002 1.00421 0.996763 0.995524 1.01249 1.00745 1.00205 1.00409 1.01174 1.03295 1.01521 1.03647 1.05538 1.06145 1.05041 1.04257 1.07755 1.04488 1.0633 1.09298 1.08233 1.05424 1.0969 1.09396 1.12959 1.10148 1.14374 1.13977 1.10418 1.23015 1.15355 1.22734 1.19516 1.25014 1.19609 1.2029 1.18609 1.24904 1.33471 1.21096 1.31628 1.30535 1.21964 1.27241 1.31648 1.38453 
1.47265 1.44287 1.4294 1.37315 1.40908 1.39648 1.35298 1.37545 1.37021 1.34343 1.37448 1.2957 1.3107 1.29235 1.32757 1.24271 1.2516 1.22522 1.21672 1.20149 1.2105 1.20208 1.18184 1.13965 1.15743 1.12418 1.11203 1.11358 1.11208 1.11249 1.07399 1.10668 1.07263 1.07944 1.06953 1.08283 1.05752 1.04468 1.04072 1.03485 1.03361 1.03578 1.02258 1.02139 1.0154 1.01059 1.00506 1.00415 1.00111 1.00052 0.999088 0.997199 0.995791 0.996875 0.998307 1.00169 1.00236 1.00375 0.997166 1.00532 0.992291 1.00893 1.00284 1.02435 1.01992 1.03336 1.02744 1.04059 1.03354 1.06375 1.05857 1.06637 1.085 1.11214 1.08106 1.0801 1.14293 1.165 1.11238 1.10887 1.14312 1.1221 1.17363 1.10013 1.14922 1.19717 1.17421 1.16197 1.19629 1.25818 1.22987 1.27329 1.22536 1.25415 1.32234 1.23373 1.25936 1.28686 1.35798 1.40302 
1.48866 1.42245 1.40016 1.49599 1.43419 1.44536 1.39548 1.39869 1.31183 1.31131 1.37021 1.30933 1.27876 1.30414 1.26116 1.25927 1.30073 1.18057 1.21566 1.20202 1.18157 1.19137 1.19746 1.18145 1.16838 1.12979 1.14434 1.16046 1.09376 1.11053 1.1105 1.08659 1.06848 1.07001 1.07455 1.05433 1.04846 1.05314 1.04408 1.02679 1.03265 1.01742 1.01635 1.0226 1.00496 1.01181 1.00729 1.0039 1.00284 1.00082 0.99879 1.00006 0.996015 0.997313 1.00225 0.998376 0.998385 1.00372 1.00376 1.0084 1.01118 1.01675 1.01329 1.03052 1.03669 1.05786 1.03015 1.00902 1.03534 1.04261 1.0695 1.06396 1.07471 1.0574 1.0854 1.08962 1.12329 1.09119 1.1264 1.13347 1.13994 1.12125 1.16007 1.14436 1.17976 1.18029 1.15188 1.21479 1.25359 1.23602 1.16851 1.20798 1.23085 1.24899 1.24525 1.27419 1.2211 1.39878 1.34065 1.37736 
1.43767 1.48534 1.43234 1.38499 1.36766 1.42779 1.4062 1.34944 1.32816 1.30108 1.32415 1.30917 1.31313 1.28238 1.30037 1.25769 1.23085 1.2465 1.21471 1.20039 1.21446 1.15805 1.20057 1.15891 1.15307 1.16861 1.11707 1.11629 1.10887 1.10267 1.10328 1.06715 1.07774 1.07698 1.06183 1.06573 1.06829 1.0563 1.04752 1.04158 1.03815 1.03515 1.03019 1.02174 1.01517 1.0096 1.00589 1.00567 1.00411 1.00076 0.998952 0.999664 0.993999 0.999717 0.995061 0.994576 0.995547 1.01106 0.999338 1.0097 1.01176 1.01853 1.01709 1.0292 1.03749 1.02659 1.00909 1.03199 1.06807 1.02162 1.09003 1.0744 1.07881 1.05443 1.0872 1.08003 1.07654 1.13409 1.16925 1.14367 1.08066 1.14751 1.15252 1.2126 1.18874 1.15782 1.17668 1.21944 1.24837 1.19998 1.26593 1.27934 1.25056 1.34994 1.24825 1.33341 1.33195 1.26855 1.43364 1.32884 
1.51017 1.42317 1.43842 1.41667 1.45848 1.40014 1.41509 1.34561 1.37248 1.30004 1.34713 1.35268 1.26804 1.29451 1.25503 1.2654 1.26736 1.2475 1.23991 1.23426 1.18171 1.18416 1.18758 1.16142 1.13837 1.1416 1.15348 1.1338 1.12453 1.1049 1.10147 1.09448 1.07317 1.08144 1.06376 1.05847 1.05248 1.03914 1.02832 1.04083 1.02188 1.03159 1.01942 1.01987 1.01096 1.01059 1.00194 1.00436 1.00234 1.00086 0.999243 0.998167 0.99705 0.99765 1.00422 1.00047 1.00425 0.997644 0.996863 1.00365 1.01176 1.01425 1.02526 1.03226 1.03542 1.03556 1.02161 1.03213 1.04556 1.03557 1.08649 1.07141 1.07056 1.08997 1.0748 1.08591 1.1031 1.08696 1.11482 1.12751 1.13874 1.17506 1.1514 1.13047 1.14775 1.16043 1.20902 1.19605 1.20241 1.23211 1.22797 1.228 1.29979 1.21548 1.2499 1.33658 1.31994 1.30216 1.2325 1.40871 
1.4681 1.4082 1.42465 1.43908 1.42808 1.39924 1.39533 1.34495 1.37795 1.29064 1.31848 1.31237 1.29501 1.24323 1.25754 1.29605 1.22801 1.28013 1.22873 1.22304 1.22798 1.19137 1.19429 1.13543 1.17411 1.16123 1.12059 1.12133 1.11301 1.11041 1.07475 1.09429 1.08623 1.07779 1.06042 1.06972 1.0446 1.05847 1.04416 1.03306 1.03602 1.03273 1.02672 1.01752 1.01386 1.01149 1.00569 1.00145 1.00257 1.00099 0.999308 0.998119 1.0018 0.99765 0.999025 0.998507 0.999569 1.00256 1.00958 1.00763 1.00535 1.01639 1.00599 1.02368 1.05555 1.02652 1.04383 1.03033 1.01588 1.07055 1.05772 1.06546 1.10813 1.07832 1.0977 1.05492 1.07379 1.07169 1.11425 1.12919 1.12929 1.13548 1.19094 1.15043 1.13715 1.23644 1.15052 1.16497 1.2222 1.21512 1.24647 1.27115 1.25162 1.20795 1.30842 1.29638 1.29807 1.30361 1.38229 1.35338 
1.52343 1.45692 1.43628 1.40264 1.4659 1.38736 1.33785 1.36646 1.37707 1.33914 1.32843 1.27871 1.3158 1.2681 1.30136 1.24511 1.20305 1.2357 1.20761 1.20719 1.17378 1.2036 1.18451 1.19209 1.19293 1.13171 1.11654 1.13705 1.12323 1.11181 1.11494 1.08318 1.10779 1.058 1.0668 1.0464 1.04334 1.05372 1.03437 1.0358 1.02519 1.02617 1.02056 1.01143 1.01134 1.00976 1.00511 1.00347 1.00177 1.00075 0.99928 0.99795 0.998688 0.997742 0.996814 1.00133 1.00827 0.993601 1.01017 1.00907 1.00516 1.01266 1.00732 1.03294 1.03195 1.03731 1.03278 1.02761 1.03586 1.04319 1.05484 1.06792 1.06788 1.04594 1.06291 1.09553 1.0969 1.14836 1.14441 1.11877 1.13356 1.09428 1.14473 1.12993 1.19016 1.25214 1.17246 1.21679 1.21394 1.19048 1.22202 1.20188 1.29375 1.25725 1.31652 1.36969 1.28334 1.27512 1.34816 1.35079 
1.42516 1.47868 1.42544 1.39783 1.42589 1.42769 1.34597 1.38022 1.34617 1.3179 1.36974 1.30164 1.30387 1.26689 1.23294 1.23364 1.18964 1.2338 1.2498 1.20625 1.1887 1.19795 1.15097 1.14867 1.166 1.15518 1.13975 1.15668 1.11288 1.10564 1.09586 1.09303 1.08785 1.07483 1.05394 1.05583 1.05588 1.05919 1.02981 1.03425 1.03774 1.02673 1.00059 1.0177 1.0143 1.0099 1.00513 1.01161 1.00439 1.00029 0.99982 0.997795 0.999401 1.00331 0.998281 0.999338 1.0005 1.0078 1.00552 1.01049 1.01121 1.02075 1.01264 1.00481 1.04826 1.02553 1.04599 1.02981 1.0383 1.03533 1.06867 1.05857 1.04099 1.06763 1.11861 1.09443 1.12066 1.10177 1.09514 1.12146 1.15417 1.14389 1.17535 1.19055 1.18314 1.18442 1.16868 1.14735 1.15807 1.20453 1.30012 1.24518 1.27544 1.2556 1.31396 1.30711 1.3363 1.31865 1.28249 1.32458 
1.48011 1.45852 1.43139 1.49926 1.41191 1.36845 1.40737 1.33328 1.32904 1.31324 1.34062 1.27097 1.34082 1.29092 1.30054 1.27576 1.23472 1.25349 1.21761 1.19168 1.17847 1.20329 1.13962 1.1634 1.13426 1.16369 1.11606 1.11471 1.12418 1.11593 1.09415 1.10844 1.09633 1.06167 1.06213 1.06996 1.04344 1.0488 1.04394 1.02896 1.04437 1.02784 1.01869 1.01248 1.01352 1.0157 1.00534 1.00218 1.00172 1.00071 0.999075 0.997645 1.00032 0.995763 0.998404 0.995465 0.997211 1.00151 1.00304 1.00321 0.992563 1.02092 1.01291 1.02075 1.01749 1.02063 1.01191 1.01238 1.05247 1.07636 1.05923 1.04588 1.0416 1.05179 1.11432 1.10482 1.10418 1.1178 1.11453 1.11002 1.11365 1.13727 1.19043 1.22596 1.12055 1.17728 1.17171 1.1837 1.20241 1.21246 1.24742 1.27003 1.28026 1.32975 1.2811 1.31073 1.29461 1.28944 1.43772 1.37366 
1.48602 1.4379 1.43259 1.48062 1.3769 1.40971 1.40808 1.37188 1.38915 1.32354 1.33541 1.2687 1.31199 1.27972 1.22763 1.26668 1.19387 1.18701 1.1861 1.22788 1.22239 1.20305 1.17688 1.14746 1.17405 1.14772 1.12334 1.12563 1.0991 1.10602 1.1083 1.08692 1.08537 1.07401 1.05591 1.0646 1.03237 1.03869 1.03183 1.0466 1.0391 1.02587 1.02851 1.00768 1.00151 1.01015 1.00528 1.00457 1.00274 1.00028 0.999818 0.998577 0.996712 0.999843 1.00081 0.997343 1.01647 0.995563 1.00898 0.993993 1.00132 1.01724 1.00365 1.03427 1.02727 1.03813 1.02894 1.03329 1.04221 1.03916 1.08182 1.06383 1.0694 1.04854 1.1007 1.09337 1.12526 1.11389 1.1583 1.14969 1.08703 1.15095 1.15775 1.1051 1.15105 1.21993 1.19665 1.23573 1.18458 1.2287 1.18885 1.28636 1.23899 1.22974 1.21564 1.28835 1.29194 1.34644 1.3526 1.41386 
1.49988 1.42913 1.40387 1.43421 1.41034 1.40167 1.42408 1.33947 1.33864 1.33861 1.31875 1.30932 1.32554 1.27577 1.29239 1.26694 1.25156 1.21392 1.20928 1.19041 1.19405 1.19851 1.17979 1.16311 1.14713 1.15036 1.13646 1.11084 1.12357 1.11294 1.10605 1.07935 1.08426 1.06315 1.06342 1.0722 1.04667 1.05021 1.03928 1.0341 1.02452 1.01831 1.02413 1.01139 1.02238 1.01479 1.00435 1.00432 1.00263 1.00103 0.999483 0.998872 0.999598 0.997543 1.00364 0.99987 0.997693 0.997414 0.996551 1.01364 1.01651 1.02249 1.01253 1.02815 1.03968 1.04048 1.05574 1.0271 1.07355 1.04798 1.1039 1.05612 1.05 1.08092 1.09631 1.07301 1.13346 1.11683 1.14839 1.09577 1.12965 1.18115 1.18266 1.19388 1.15633 1.16283 1.26393 1.15836 1.20958 1.23796 1.27657 1.21602 1.28876 1.3357 1.28326 1.32254 1.35389 1.35571 1.35466 1.26824 
1.44521 1.44079 1.47865 1.40214 1.43324 1.39133 1.3279 1.36327 1.35464 1.32835 1.34473 1.33469 1.29925 1.28355 1.29103 1.24696 1.25857 1.24053 1.23644 1.20194 1.17302 1.1813 1.1609 1.14816 1.15927 1.14851 1.12114 1.11856 1.10508 1.0905 1.05998 1.10726 1.08871 1.04647 1.07119 1.04882 1.04755 1.04703 1.03467 1.02618 1.03291 1.0261 1.01421 1.00924 1.01357 1.01142 1.00705 1.00682 1.00295 1.00036 0.999039 1.00161 0.996957 0.994744 0.995202 0.997321 1.00425 1.00582 0.997477 0.999999 1.00272 1.00208 1.02787 1.01942 1.01983 1.03698 1.03357 1.03254 1.06113 1.02368 1.04761 1.05303 1.07013 1.08271 1.08991 1.1207 1.12462 1.13234 1.09868 1.15219 1.12069 1.19099 1.13045 1.13056 1.25592 1.20644 1.1735 1.17548 1.19049 1.18369 1.17229 1.27318 1.21233 1.29132 1.31887 1.31397 1.32798 1.34679 1.31255 1.40621 
1.45925 1.45227 1.41804 1.45442 1.37566 1.41656 1.40654 1.33039 1.35457 1.36509 1.29163 1.34263 1.30886 1.29498 1.27516 1.262 1.26483 1.24031 1.22061 1.20827 1.19619 1.16955 1.16432 1.17719 1.15584 1.1525 1.13867 1.12113 1.09521 1.12494 1.08623 1.08366 1.076 1.06635 1.06533 1.05936 1.04575 1.04896 1.04584 1.03044 1.01913 1.03088 1.01958 1.02183 1.01289 1.00885 1.00757 1.00466 1.00224 1.00094 0.999822 0.99873 1.00007 0.999395 1.00263 0.999472 0.996262 1.00667 0.994948 1.02127 0.996823 1.01434 1.00236 1.0235 1.02964 1.0195 1.05951 1.01852 1.0343 1.04045 1.05857 1.05545 1.08316 1.07319 1.07598 1.07125 1.11286 1.10749 1.15221 1.10626 1.17709 1.19023 1.21723 1.16223 1.18633 1.19324 1.20848 1.18242 1.21113 1.20385 1.23575 1.27314 1.29466 1.25449 1.27722 1.31233 1.34603 1.32673 1.39444 1.32287 
1.44294 1.48182 1.42412 1.37083 1.42823 1.38712 1.31292 1.40633 1.32594 1.35224 1.27823 1.30764 1.30765 1.31867 1.25734 1.26019 1.2237 1.25162 1.22343 1.21644 1.20512 1.20565 1.16394 1.17047 1.12287 1.13526 1.13636 1.12945 1.1125 1.1246 1.1122 1.0807 1.0612 1.08745 1.07118 1.07202 1.04245 1.05001 1.04235 1.03501 1.04658 1.03041 1.02411 1.02242 1.01353 1.01425 1.00525 1.00315 1.00137 1.00054 0.999767 1.00028 1.00056 0.997123 1.00272 1.00086 1.00943 0.999827 1.00497 1.003 1.0148 1.01486 1.01014 1.01661 1.01359 1.05181 1.04065 1.0421 1.05723 1.105 1.04217 1.06299 1.07929 1.09066 1.10655 1.10549 1.1119 1.12341 1.12418 1.16163 1.1479 1.16196 1.18417 1.17855 1.17244 1.16848 1.21745 1.21472 1.27158 1.28526 1.26002 1.2662 1.31097 1.22919 1.298 1.39253 1.30011 1.26749 1.33053 1.37859 
1.48414 1.4863 1.45403 1.40362 1.4502 1.35489 1.3279 1.38408 1.33867 1.36072 1.31699 1.2918 1.26705 1.26763 1.25804 1.26639 1.27264 1.2091 1.22584 1.20935 1.18544 1.1766 1.18301 1.14126 1.16368 1.1583 1.1432 1.14192 1.12961 1.11364 1.11355 1.07204 1.08718 1.07294 1.06899 1.05807 1.05938 1.05573 1.03799 1.02986 1.02427 1.0222 1.02096 1.01395 1.00794 1.01046 1.00358 1.00563 1.00149 1.00043 0.999294 0.999202 0.999424 1.00081 0.997039 0.997318 1.0045 1.00777 1.00527 1.0099 1.00802 1.00782 1.01253 1.02593 1.01891 1.00799 1.06449 1.03425 1.04266 1.07157 1.05588 1.0611 1.10361 1.08249 1.08581 1.12173 1.16776 1.08401 1.12785 1.13178 1.11127 1.1815 1.12107 1.1621 1.21105 1.21614 1.14845 1.20015 1.21903 1.22267 1.27752 1.24224 1.29596 1.30011 1.3369 1.30255 1.31902 1.35512 1.31625 1.43008 
1.46035 1.40678 1.47296 1.3948 1.42634 1.35366 1.3877 1.35399 1.33052 1.32042 1.34062 1.33721 1.33533 1.25882 1.23595 1.27361 1.25017 1.23835 1.20419 1.2009 1.19641 1.20035 1.19006 1.15382 1.14535 1.15236 1.13134 1.12543 1.10986 1.10364 1.11482 1.0827 1.05736 1.06554 1.05771 1.04508 1.03954 1.03908 1.04167 1.03885 1.02547 1.02046 1.03017 1.02329 1.01498 1.01139 1.00384 1.00631 0.999383 1.00055 0.998631 0.99766 0.994965 1.00065 0.993242 1.00348 1.00427 1.00123 1.00498 1.0043 0.998314 1.00593 1.01522 1.04809 1.02221 1.02427 1.03389 1.04966 1.03613 1.05467 1.0887 1.08539 1.05989 1.07459 1.06327 1.08149 1.08922 1.09466 1.1386 1.18325 1.16754 1.10452 1.18042 1.14437 1.16516 1.15745 1.24363 1.18774 1.21099 1.3012 1.3138 1.21883 1.24842 1.31878 1.32491 1.3615 1.33098 1.42892 1.39101 1.36848 
1.4299 1.46517 1.39764 1.36557 1.40657 1.41913 1.30912 1.38492 1.32752 1.32793 1.32854 1.2605 1.29888 1.25958 1.25723 1.24687 1.26067 1.25181 1.21227 1.20961 1.19084 1.19946 1.18222 1.1542 1.1668 1.14489 1.11259 1.11752 1.1229 1.0878 1.08171 1.09466 1.06795 1.08169 1.0266 1.06627 1.05597 1.04896 1.03696 1.04428 1.03302 1.02919 1.02325 1.01369 1.01232 1.01537 1.00845 1.00205 1.00329 1.00094 0.99963 0.997243 1.0009 0.999629 1.0023 1.00023 1.00304 1.01217 0.998362 1.00989 1.00686 1.03213 1.01859 1.01294 1.02147 1.03716 1.01916 1.07818 1.04412 1.06577 1.06441 1.07249 1.07741 1.05081 1.08802 1.10511 1.11814 1.10038 1.10074 1.11885 1.16608 1.12635 1.18971 1.15658 1.15766 1.1853 1.19104 1.14884 1.25908 1.27485 1.26907 1.20894 1.25649 1.30653 1.24565 1.26649 1.37333 1.37456 1.38155 1.37785 
1.42299 1.51247 1.45045 1.42474 1.35229 1.36979 1.38127 1.33875 1.34783 1.376 1.33576 1.33779 1.31232 1.2758 1.27747 1.23578 1.25824 1.21691 1.21042 1.19572 1.19987 1.18567 1.17393 1.15515 1.14897 1.18151 1.12403 1.11952 1.10336 1.10673 1.11764 1.06371 1.07552 1.10201 1.08223 1.04341 1.04109 1.04868 1.04067 1.03504 1.03892 1.01161 1.01574 1.01994 1.0114 1.00743 1.00485 1.00527 1.00221 1.00099 1.00007 0.998027 1.00175 0.998907 1.00192 1.00264 0.999323 0.995568 0.99749 1.00468 1.00334 1.02109 1.01779 1.04122 1.01817 1.039 1.03671 1.01371 1.06369 1.02843 1.07825 1.07473 1.07416 1.07291 1.08864 1.07934 1.11886 1.08928 1.10106 1.12051 1.1281 1.18401 1.1846 1.16828 1.21604 1.19991 1.20472 1.22215 1.2277 1.22467 1.22125 1.23096 1.26892 1.24359 1.23097 1.33256 1.31065 1.41505 1.3334 1.29128 
1.46664 1.44061 1.43006 1.43535 1.35021 1.38492 1.35792 1.36796 1.3731 1.34824 1.30989 1.28781 1.30518 1.26823 1.29096 1.26265 1.23649 1.21369 1.21322 1.20768 1.18581 1.17859 1.20787 1.14145 1.14693 1.15598 1.12561 1.1245 1.09278 1.10055 1.09311 1.09941 1.05575 1.06945 1.06524 1.06536 1.04997 1.04039 1.04295 1.04451 1.01471 1.01767 1.02208 1.01136 1.0077 1.01312 1.00839 1.00501 1.00317 1.00071 0.999083 0.998923 0.996488 0.99783 1.0001 0.993767 0.997458 0.996046 1.00738 1.00849 1.02513 0.998065 1.03999 1.03499 1.03074 1.03198 1.02337 1.04175 1.03167 1.05839 1.07117 1.06844 1.07901 1.06739 1.03862 1.06745 1.10834 1.12645 1.11283 1.10715 1.13432 1.11526 1.17423 1.1696 1.20274 1.25654 1.15198 1.22659 1.19118 1.24235 1.29608 1.27507 1.24106 1.25529 1.30739 1.1904 1.29861 1.36424 1.3639 1.33155 
1.45097 1.43696 1.42303 1.39675 1.3981 1.42092 1.38384 1.36096 1.33189 1.37724 1.24602 1.32774 1.27196 1.2514 1.27736 1.25252 1.24787 1.2273 1.21514 1.21128 1.18216 1.20049 1.21028 1.155 1.14562 1.12164 1.12285 1.1162 1.12657 1.10762 1.08144 1.09888 1.09177 1.08086 1.07117 1.06316 1.06713 1.05181 1.04511 1.04082 1.03838 1.02926 1.02107 1.01491 1.00792 1.01211 1.00821 1.00684 1.00334 1.00015 0.999431 0.996961 1.00127 1.00218 1.00061 1.00074 1.00637 1.01629 1.00928 1.00074 1.01721 1.01213 1.01869 1.04029 1.00712 1.02579 1.04633 1.03356 1.04845 1.0748 1.0308 1.05645 1.10523 1.08194 1.08552 1.1136 1.07787 1.13553 1.12575 1.10654 1.13994 1.17153 1.16208 1.1395 1.15855 1.18083 1.28272 1.19932 1.25848 1.22467 1.33141 1.24511 1.31231 1.19206 1.3097 1.30176 1.38759 1.25225 1.31325 1.2347 
1.48719 1.48979 1.42555 1.42188 1.43685 1.38423 1.34507 1.32952 1.33184 1.36287 1.29661 1.3249 1.30371 1.27497 1.24841 1.31153 1.21701 1.21349 1.21913 1.19993 1.23971 1.21526 1.16091 1.16264 1.12827 1.12842 1.13019 1.11475 1.1131 1.10021 1.07182 1.07983 1.09931 1.07306 1.06838 1.0682 1.04435 1.04865 1.04244 1.04009 1.02682 1.02623 1.00622 1.01706 1.01654 1.00055 1.00541 1.0008 1.00215 1.00009 0.999046 0.999571 0.997568 0.998713 1.00211 1.00145 1.00075 1.01081 1.00591 0.996215 1.02729 1.02288 1.02156 1.04325 1.03198 1.04762 1.06709 1.04387 1.06821 1.05181 1.06366 1.06948 1.08988 1.10418 1.06445 1.13318 1.07812 1.1604 1.14522 1.10817 1.12865 1.20579 1.13582 1.23853 1.22514 1.1786 1.26268 1.15194 1.23609 1.21142 1.29038 1.20712 1.28864 1.28994 1.28511 1.32819 1.23141 1.25996 1.33498 1.32667 
1.45619 1.48134 1.42371 1.40785 1.35401 1.37788 1.405 1.33572 1.37993 1.33915 1.32134 1.3291 1.3048 1.2943 1.29776 1.24464 1.28481 1.23064 1.20194 1.23443 1.17948 1.21392 1.14762 1.15646 1.16132 1.12827 1.12278 1.12342 1.10157 1.10162 1.08994 1.08663 1.08784 1.06069 1.06606 1.06117 1.05559 1.04207 1.02724 1.03446 1.03284 1.02809 1.01995 1.01051 1.00913 1.00541 1.01011 1.00313 1.00317 1.00069 0.999228 0.997737 0.99767 0.998898 0.999774 1.01026 1.00753 1.00157 1.00469 0.999119 1.00808 1.0298 1.00569 1.02248 1.03078 1.05016 1.03623 1.04529 1.05962 1.09021 1.06632 1.07879 1.07628 1.09508 1.08336 1.10504 1.10802 1.07898 1.13615 1.18035 1.155 1.16719 1.17594 1.20434 1.19076 1.22582 1.19912 1.1796 1.28393 1.27571 1.18682 1.31754 1.22174 1.31044 1.31474 1.30897 1.31677 1.31073 1.41373 1.39002 
1.49175 1.42274 1.38231 1.39954 1.38085 1.40199 1.42995 1.35626 1.37124 1.32474 1.35124 1.27497 1.29135 1.29668 1.23846 1.24513 1.22396 1.21749 1.22146 1.22195 1.18766 1.20607 1.18078 1.14681 1.12723 1.15873 1.15001 1.12226 1.10439 1.09873 1.11538 1.09926 1.08439 1.05852 1.06376 1.0592 1.04335 1.04432 1.0359 1.03273 1.01829 1.02023 1.01646 1.02052 1.00993 1.00483 1.00208 1.00445 1.00221 1.00046 0.999396 0.997535 0.998192 0.998922 0.999258 1.00859 1.00754 1.00806 1.0046 0.994233 1.00337 1.01802 1.01038 1.01392 1.01532 1.06348 1.03348 1.05682 1.06551 1.07332 1.05572 1.1114 1.09678 1.05975 1.11173 1.11221 1.09834 1.1203 1.15104 1.14772 1.16851 1.14366 1.17488 1.17864 1.16774 1.18773 1.2695 1.20193 1.23404 1.23704 1.28762 1.24324 1.24339 1.27916 1.38045 1.31478 1.31823 1.41623 1.26094 1.36395 
