-2 -1.9596 -1.91919 -1.87879 -1.83838 -1.79798 -1.75758 -1.71717 -1.67677 -1.63636 -1.59596 -1.55556 -1.51515 -1.47475 -1.43434 -1.39394 -1.35354 -1.31313 -1.27273 -1.23232 -1.19192 -1.15152 -1.11111 -1.07071 -1.0303 -0.989899 -0.949495 -0.909091 -0.868687 -0.828283 -0.787879 -0.747475 -0.707071 -0.666667 -0.626263 -0.585859 -0.545455 -0.505051 -0.464646 -0.424242 -0.383838 -0.343434 -0.30303 -0.262626 -0.222222 -0.181818 -0.141414 -0.10101 -0.0606061 -0.020202 0.020202 0.0606061 0.10101 0.141414 0.181818 0.222222 0.262626 0.30303 0.343434 0.383838 0.424242 0.464646 0.505051 0.545455 0.585859 0.626263 0.666667 0.707071 0.747475 0.787879 0.828283 0.868687 0.909091 0.949495 0.989899 1.0303 1.07071 1.11111 1.15152 1.19192 1.23232 1.27273 1.31313 1.35354 1.39394 1.43434 1.47475 1.51515 1.55556 1.59596 1.63636 1.67677 1.71717 1.75758 1.79798 1.83838 1.87879 1.91919 1.9596 2 
0.624892 0.634488 0.6441 0.653726 0.663363 0.673008 0.682658 0.692309 0.70196 0.711606 0.721246 0.730874 0.74049 0.750087 0.759663 0.769214 0.778734 0.78822 0.797664 0.807062 0.816406 0.82569 0.834904 0.844041 0.85309 0.86204 0.87088 0.879596 0.888174 0.896599 0.904855 0.912924 0.920786 0.928422 0.93581 0.942928 0.949752 0.956257 0.962419 0.968211 0.973606 0.978577 0.983098 0.987141 0.990679 0.993686 0.996138 0.998008 0.999276 0.999919 0.999918 0.999257 0.99792 0.995896 0.993175 0.989752 0.985624 0.980791 0.975256 0.969028 0.962114 0.954531 0.946293 0.937421 0.927936 0.917864 0.907233 0.896071 0.88441 0.872283 0.859724 0.846768 0.83345 0.819808 0.805877 0.791694 0.777294 0.762712 0.747984 0.733142 0.718219 0.703245 0.688251 0.673265 0.658312 0.643419 0.628607 0.6139 0.599317 0.584876 0.570594 0.556486 0.542565 0.528845 0.515335 0.502045 0.488983 0.476156 0.46357 0.451228 
1.57039 1.53645 1.4842 1.59234 1.46606 1.47634 1.44887 1.48077 1.42318 1.40667 1.27111 1.35454 1.34397 1.33001 1.31782 1.29299 1.22397 1.32978 1.15099 1.22695 1.22187 1.17216 1.18228 1.14242 1.13216 1.14803 1.11849 1.13617 1.12586 1.10399 1.08971 1.07868 1.0804 1.05748 1.05904 1.02383 1.02341 1.02007 1.00392 1.0152 1.0153 1.00779 0.99706 1.00853 1.01414 0.997549 0.995845 0.997533 0.997483 0.998025 1.00085 1.00327 1.00546 1.01151 1.01688 1.02063 1.03567 1.03435 1.02847 1.02787 1.05236 1.05924 1.07546 1.08831 1.11238 1.10271 1.13219 1.15626 1.16815 1.17934 1.18936 1.18655 1.22995 1.21708 1.20949 1.2715 1.24481 1.2501 1.25904 1.31028 1.32717 1.34804 1.37559 1.39446 1.4019 1.36619 1.45262 1.49025 1.53482 1.48263 1.50355 1.61292 1.55502 1.59261 1.59007 1.65285 1.70956 1.69958 1.69783 1.7413 
1.52633 1.58947 1.52973 1.58427 1.43071 1.44117 1.38395 1.41293 1.4753 1.41433 1.44848 1.33466 1.37113 1.36827 1.28154 1.26643 1.30017 1.18903 1.21316 1.22335 1.09569 1.26029 1.13913 1.10984 1.11019 1.13567 1.12408 1.09336 1.11918 1.07221 1.05307 1.06236 1.06792 1.01643 1.02431 1.02353 1.00466 1.0155 1.02472 1.03664 1.01809 1.01147 0.992209 1.00733 1.00646 0.997344 1.00376 0.99492 0.998011 0.999763 1.00178 1.00175 1.00618 1.00699 1.02028 1.0217 1.02594 1.0428 1.03119 1.03593 1.05851 1.05669 1.07285 1.09316 1.09626 1.12141 1.14536 1.17444 1.14709 1.17602 1.13468 1.18103 1.1728 1.23473 1.20197 1.29963 1.23457 1.34924 1.31524 1.30824 1.2866 1.33321 1.35602 1.39348 1.40503 1.4638 1.41682 1.4972 1.5171 1.47875 1.52372 1.54047 1.6021 1.64592 1.68236 1.65717 1.71913 1.64819 1.72617 1.7111 
1.5918 1.58174 1.57375 1.42533 1.44313 1.51082 1.44119 1.3927 1.38626 1.34179 1.44353 1.40431 1.38621 1.24756 1.36553 1.2023 1.25229 1.32699 1.23479 1.18531 1.22509 1.15552 1.12258 1.17715 1.14314 1.1228 1.1425 1.07468 1.05027 1.1112 1.08195 1.07851 1.08644 1.04661 1.06434 1.0185 1.03799 1.03221 1.03006 0.984258 1.01396 1.00602 1.00027 1.00157 0.997158 0.994283 1.00164 0.998466 0.997014 0.999726 1.00109 1.00475 1.0118 1.00987 1.0107 1.00804 1.03323 1.0293 1.03954 1.06247 1.06259 1.06225 1.06197 1.0511 1.09717 1.1245 1.11566 1.1086 1.15283 1.11254 1.17125 1.17325 1.22006 1.25823 1.21606 1.27074 1.29961 1.27847 1.30411 1.35227 1.34298 1.35103 1.35133 1.38123 1.42943 1.44418 1.4621 1.46574 1.5118 1.43205 1.556 1.56465 1.62921 1.56093 1.72578 1.63011 1.7031 1.62179 1.55104 1.67477 
1.50234 1.50273 1.48407 1.4352 1.54032 1.45076 1.5497 1.3928 1.44355 1.40038 1.30484 1.42281 1.3567 1.24734 1.34881 1.23692 1.26113 1.27219 1.26471 1.26831 1.22666 1.12011 1.18829 1.20707 1.20185 1.12414 1.06843 1.13148 1.12204 1.07393 1.08731 1.07517 1.06714 1.04817 1.04279 1.02968 1.06162 1.03134 1.00721 1.02164 1.00042 1.0063 0.991126 0.994646 1.0127 0.997541 0.992187 0.994015 0.998437 0.998657 1.00104 1.00345 1.0112 1.00248 1.0169 1.02794 1.00438 1.03863 1.02904 1.06338 1.0632 1.0485 1.09555 1.09416 1.14352 1.09176 1.1171 1.15249 1.16135 1.12389 1.16738 1.18188 1.18307 1.21429 1.24167 1.2484 1.27048 1.27034 1.31317 1.29583 1.31713 1.3463 1.39372 1.37433 1.40425 1.41285 1.47922 1.40629 1.49177 1.48956 1.53711 1.53514 1.51189 1.53122 1.57019 1.6157 1.62721 1.73871 1.74567 1.72319 
1.63694 1.48646 1.43321 1.44292 1.49977 1.41289 1.38584 1.42909 1.33203 1.34201 1.28253 1.31541 1.36626 1.38717 1.20857 1.32397 1.21218 1.17532 1.2048 1.26095 1.20925 1.20335 1.23125 1.17194 1.11535 1.12928 1.14632 1.0863 1.14535 1.13181 1.10937 1.08605 1.05824 1.07766 1.07391 1.02624 1.01666 1.03057 1.02417 1.00548 0.99923 0.991532 1.00755 1.00023 0.989668 1.00624 0.994002 0.996658 0.996618 0.998794 1.00166 1.00474 1.00782 1.00805 1.01158 1.02986 1.02871 1.01848 1.04193 1.03507 1.05747 1.02573 1.06066 1.08568 1.10859 1.10667 1.13229 1.11881 1.12737 1.1674 1.18715 1.18309 1.20841 1.25698 1.21427 1.26772 1.23047 1.25044 1.27947 1.28244 1.33852 1.31757 1.33759 1.39697 1.46645 1.51126 1.50008 1.44593 1.47073 1.55491 1.57992 1.4886 1.51225 1.55713 1.67504 1.69668 1.67196 1.78122 1.66755 1.79102 
1.51921 1.57067 1.53006 1.37628 1.43956 1.41134 1.58169 1.47791 1.47226 1.30238 1.37884 1.29378 1.39298 1.33093 1.32681 1.2689 1.2865 1.17029 1.238 1.16444 1.22926 1.19136 1.15447 1.1151 1.18999 1.16169 1.11743 1.09568 1.11217 1.0982 1.11266 1.06227 1.06579 1.05489 1.05732 1.02874 1.02758 1.039 1.04301 1.02093 1.00363 1.01401 0.992844 1.01046 1.0102 0.997401 0.999972 0.992845 0.99832 0.999587 1.00176 1.00518 1.0078 1.00737 1.01255 1.01786 1.01398 1.02897 1.03379 1.04457 1.05294 1.05232 1.08305 1.06914 1.10739 1.10577 1.13076 1.12637 1.14689 1.14547 1.16173 1.18322 1.21159 1.21621 1.21286 1.24254 1.23933 1.28845 1.27485 1.30355 1.32537 1.38565 1.32812 1.35939 1.45383 1.48157 1.47652 1.40639 1.47494 1.5379 1.5066 1.54174 1.59209 1.60838 1.66067 1.66906 1.65966 1.64431 1.78148 1.81465 
1.54053 1.57323 1.45871 1.49721 1.53789 1.52535 1.44447 1.5113 1.3953 1.42209 1.38328 1.36474 1.23348 1.27122 1.39437 1.23945 1.29774 1.25244 1.25612 1.21346 1.26767 1.21196 1.21725 1.14546 1.11202 1.1505 1.15867 1.12484 1.08037 1.10838 1.09858 1.08319 1.08629 1.02431 1.06935 1.0182 1.01685 1.02751 1.00377 1.01658 1.00784 1.03186 1.01507 0.989965 1.00833 0.995818 0.999451 0.996765 0.996416 0.998755 1.00053 1.00444 1.00852 1.00927 1.01221 1.00425 1.01759 1.03669 1.04018 1.05007 1.02731 1.06678 1.07293 1.09267 1.11118 1.1224 1.13049 1.14156 1.11151 1.13781 1.17744 1.17867 1.20014 1.22663 1.23811 1.23661 1.29656 1.26085 1.32338 1.3492 1.31579 1.39698 1.39802 1.37567 1.33981 1.45285 1.42832 1.48806 1.54603 1.47953 1.54945 1.57894 1.55357 1.55056 1.58578 1.61795 1.65799 1.74046 1.65218 1.68271 
1.55294 1.47794 1.63312 1.4713 1.4788 1.45792 1.46392 1.43264 1.55008 1.37562 1.36167 1.35227 1.39226 1.32871 1.32052 1.27242 1.31741 1.21092 1.16295 1.24492 1.16513 1.23343 1.17901 1.16698 1.19561 1.15661 1.11504 1.0655 1.12049 1.06236 1.11383 1.10466 1.06569 1.038 1.06919 1.07665 1.06093 1.02441 1.01623 1.0154 1.03515 1.00556 0.998526 1.01796 1.00773 1.0086 0.994547 0.994474 1.00032 0.998872 0.999865 1.00229 1.01101 1.00372 1.0207 1.02061 1.01947 1.02836 1.04184 1.05506 1.06423 1.05915 1.07738 1.08524 1.07889 1.11022 1.07264 1.16264 1.15481 1.14004 1.16844 1.17546 1.18436 1.2116 1.25272 1.20981 1.22555 1.24698 1.26517 1.32926 1.35849 1.35338 1.37011 1.37872 1.37438 1.48381 1.46613 1.47724 1.45544 1.56632 1.4618 1.6314 1.59477 1.64218 1.61901 1.64577 1.73102 1.69414 1.68542 1.74604 
1.58131 1.62802 1.36232 1.49781 1.45556 1.46644 1.34143 1.38998 1.37463 1.36121 1.34419 1.4322 1.33222 1.34304 1.28698 1.31289 1.28415 1.26977 1.19623 1.2125 1.20291 1.1625 1.18182 1.12554 1.10669 1.16298 1.0877 1.16422 1.11617 1.04836 1.09741 1.09518 1.06269 1.05624 1.03444 1.07875 1.0084 1.0199 1.02824 1.00126 0.995309 1.02036 1.01352 0.994494 0.992261 0.990125 0.994251 0.996238 0.996729 0.998796 1.00095 1.00124 1.00937 1.00599 1.01822 1.02803 1.01891 1.03259 1.04284 1.05239 1.06956 1.03586 1.07051 1.07134 1.0835 1.11955 1.1069 1.11057 1.1315 1.13189 1.17991 1.17623 1.20559 1.21143 1.26602 1.26194 1.235 1.25962 1.32118 1.32425 1.31953 1.40894 1.37523 1.39406 1.37187 1.41073 1.45679 1.55325 1.52174 1.49391 1.51807 1.59785 1.57887 1.59805 1.63926 1.63636 1.72348 1.68671 1.71007 1.70786 
1.52279 1.62978 1.59758 1.53947 1.4361 1.5046 1.45966 1.39196 1.36077 1.3948 1.37497 1.26937 1.30367 1.31125 1.24418 1.3137 1.29969 1.27175 1.1933 1.25095 1.18057 1.23835 1.20105 1.12491 1.15371 1.21793 1.15481 1.06338 1.12732 1.10495 1.10018 1.05964 1.05058 1.06845 1.04512 1.05736 1.03753 1.02368 1.01807 1.01317 1.01754 1.01219 1.00868 1.01184 0.988856 0.994081 0.990431 0.999918 0.999186 0.999493 1.00072 1.0022 1.01021 1.00711 1.01746 1.01438 1.02449 1.02258 1.03563 1.06099 1.05211 1.07538 1.06619 1.10168 1.08587 1.10279 1.12662 1.15208 1.15275 1.12169 1.14121 1.16327 1.21157 1.21447 1.26606 1.22828 1.29235 1.28054 1.31673 1.33321 1.3128 1.35079 1.37884 1.40218 1.39413 1.4113 1.42672 1.4544 1.48844 1.53245 1.55802 1.56652 1.58621 1.65219 1.68429 1.57125 1.68612 1.71884 1.69709 1.77181 
1.56348 1.52583 1.47787 1.49755 1.53978 1.44107 1.42395 1.42737 1.34383 1.40567 1.44133 1.3711 1.3592 1.31759 1.2742 1.29245 1.27725 1.22201 1.19835 1.26331 1.23294 1.21693 1.15193 1.15666 1.15583 1.08166 1.15263 1.10479 1.13848 1.10051 1.08271 1.09734 1.09091 1.06053 1.05184 1.07146 1.02619 1.01027 1.02022 1.01501 0.997546 1.01447 1.00609 1.00867 0.994718 0.992518 0.997753 0.997832 0.997879 1.00029 1.00128 1.0032 1.00576 1.00655 1.00078 1.02296 1.03357 1.02052 1.0383 1.05342 1.05396 1.06568 1.08112 1.07754 1.1153 1.12581 1.1211 1.14756 1.15877 1.16675 1.17011 1.17822 1.21417 1.2114 1.24857 1.26248 1.26225 1.26042 1.32223 1.31046 1.34166 1.32269 1.393 1.39837 1.41489 1.40746 1.48462 1.50046 1.44512 1.55562 1.51374 1.53306 1.65056 1.66168 1.56894 1.63682 1.63347 1.69586 1.76522 1.75532 
1.48135 1.53272 1.57921 1.49513 1.47789 1.46044 1.53713 1.51758 1.4538 1.37452 1.35914 1.29506 1.42934 1.35585 1.25539 1.29618 1.29149 1.2986 1.24781 1.20853 1.19053 1.17933 1.18878 1.24474 1.17244 1.11855 1.12194 1.11766 1.12748 1.08712 1.11466 1.0868 1.04664 1.05874 1.03721 1.0648 1.02568 1.05248 1.01254 1.02502 1.00381 1.02416 1.00966 1.01541 0.999447 1.00571 1.00181 0.999301 0.999729 0.998795 1.00059 1.00288 1.00886 1.00881 1.01122 1.02067 1.03011 1.0351 1.04772 1.03259 1.05459 1.06933 1.07529 1.09718 1.09866 1.09878 1.13337 1.12233 1.1333 1.17252 1.14017 1.1623 1.19356 1.23484 1.22866 1.25381 1.27352 1.28424 1.26736 1.30388 1.3461 1.35634 1.39351 1.34617 1.43749 1.42789 1.50571 1.49674 1.47194 1.47843 1.63042 1.55069 1.51887 1.53464 1.58043 1.68542 1.63458 1.66269 1.74384 1.76997 
1.53136 1.57751 1.43401 1.4929 1.43415 1.50953 1.32928 1.38064 1.38566 1.44073 1.40962 1.36282 1.27983 1.28636 1.26192 1.3102 1.21558 1.26586 1.23324 1.20849 1.19476 1.15424 1.13617 1.18966 1.18952 1.13907 1.14581 1.14244 1.10652 1.09408 1.05957 1.06548 1.09192 1.04892 1.03796 1.05191 1.05315 1.03554 1.02168 1.01579 1.01573 1.02473 0.997399 0.999947 0.990482 0.993087 0.999956 0.999863 0.998924 0.998458 1.00048 1.00312 1.00587 1.01705 1.02271 1.01872 1.01626 1.03402 1.02902 1.04766 1.06036 1.06155 1.05917 1.08484 1.11916 1.10833 1.11446 1.14239 1.10706 1.16521 1.19034 1.13942 1.20002 1.17732 1.18952 1.22571 1.2726 1.31538 1.29133 1.35153 1.30027 1.33606 1.37399 1.33227 1.44351 1.48509 1.56274 1.45005 1.4885 1.52478 1.57985 1.56173 1.58069 1.62214 1.63653 1.69716 1.68388 1.69287 1.78905 1.74078 
1.57691 1.57231 1.53722 1.49799 1.46999 1.4702 1.33389 1.4506 1.38558 1.3898 1.35938 1.4065 1.29144 1.42465 1.28027 1.23316 1.27447 1.25235 1.30767 1.20559 1.20702 1.19034 1.15419 1.19019 1.12032 1.11678 1.11076 1.08417 1.10948 1.11822 1.09225 1.09066 1.04023 1.04999 1.03002 1.07023 1.04328 1.03133 1.03399 1.00613 0.99694 0.982229 1.00504 1.00386 1.00107 0.99903 1.00033 0.999939 1.00244 0.99925 1.00114 1.00411 1.00944 1.01171 1.01595 1.0194 1.01638 1.02756 1.04807 1.04747 1.05115 1.0831 1.07783 1.08956 1.06349 1.08509 1.10356 1.10305 1.12813 1.19283 1.1508 1.20834 1.17897 1.22146 1.18011 1.2391 1.30361 1.2788 1.31743 1.31829 1.35611 1.36201 1.39651 1.40185 1.43144 1.42439 1.47885 1.50394 1.51226 1.50931 1.57459 1.52747 1.65627 1.5732 1.62825 1.73234 1.62638 1.65516 1.73603 1.61654 
1.6326 1.53405 1.37516 1.46259 1.46646 1.40555 1.48469 1.29528 1.40585 1.43816 1.35612 1.32855 1.3695 1.34151 1.31184 1.33652 1.26348 1.25256 1.22224 1.18623 1.13938 1.20531 1.18826 1.20302 1.19905 1.19023 1.09975 1.12387 1.1364 1.1001 1.12686 1.02092 1.05143 1.09416 1.04666 1.06708 1.04828 1.04756 1.03259 1.00832 1.04134 1.02722 1.0095 0.992185 1.01096 0.989508 1.00113 0.998249 0.997818 0.998744 1.00036 1.00242 1.00913 1.01464 1.01948 1.02387 1.0186 1.03152 1.03955 1.05239 1.04438 1.04155 1.07825 1.09957 1.09218 1.11256 1.1018 1.14335 1.14667 1.13978 1.17708 1.2132 1.19223 1.23289 1.22414 1.27685 1.25593 1.25274 1.31314 1.30055 1.35262 1.3628 1.31111 1.35319 1.34317 1.49746 1.40819 1.48732 1.53403 1.5218 1.48149 1.54956 1.56641 1.63576 1.58415 1.61924 1.66555 1.67519 1.67278 1.80235 
1.60373 1.54191 1.57954 1.34769 1.4855 1.39944 1.47666 1.46074 1.37037 1.3889 1.51358 1.35323 1.2981 1.26615 1.30585 1.29381 1.26127 1.36995 1.21424 1.2245 1.2595 1.17532 1.23242 1.10671 1.14521 1.12419 1.10701 1.12211 1.11911 1.0876 1.07399 1.0794 1.06486 1.08161 1.04901 1.03887 1.00856 1.02388 1.03984 1.02127 1.00904 0.997944 1.00027 0.995946 1.00953 0.996716 0.994648 0.991074 0.997073 0.999122 1.00159 1.00578 1.00489 1.00746 1.01436 1.01001 1.02364 1.03695 1.04307 1.05845 1.05513 1.06422 1.08786 1.06877 1.08614 1.10056 1.1189 1.13177 1.12673 1.187 1.20405 1.1536 1.17559 1.22173 1.25553 1.26962 1.23771 1.22405 1.27369 1.26448 1.30365 1.36319 1.38925 1.38731 1.40516 1.43606 1.47324 1.47707 1.45759 1.52458 1.49332 1.65778 1.57155 1.63004 1.64313 1.69251 1.59846 1.70329 1.73627 1.7574 
1.53891 1.51577 1.54152 1.47111 1.45027 1.51851 1.46844 1.51569 1.31971 1.42958 1.34065 1.36766 1.3241 1.3393 1.31037 1.27367 1.23336 1.24744 1.23979 1.15427 1.20734 1.14819 1.18962 1.19125 1.15821 1.14142 1.15948 1.10298 1.06863 1.1395 1.07253 1.07626 1.05425 1.06079 1.05279 1.07641 1.03577 1.03566 1.04715 1.02006 1.01087 1.00123 1.00287 0.999158 1.00256 1.00784 1.00195 0.995472 0.996557 0.998922 1.00055 1.00464 1.00465 1.01566 1.01888 1.02201 1.04686 1.03583 1.04855 1.02643 1.0622 1.06925 1.08665 1.0654 1.08651 1.11286 1.12046 1.1457 1.12 1.16521 1.19246 1.18862 1.15995 1.22877 1.21196 1.24934 1.27064 1.28345 1.32726 1.32736 1.32926 1.35024 1.34964 1.41693 1.38295 1.40696 1.4274 1.56168 1.44945 1.50311 1.54413 1.50876 1.593 1.55838 1.60561 1.63105 1.72124 1.74586 1.70799 1.79036 
1.66448 1.55849 1.47225 1.44869 1.47892 1.41859 1.4725 1.47895 1.43916 1.40173 1.33017 1.33955 1.24941 1.31126 1.3087 1.24715 1.28836 1.27521 1.25496 1.24505 1.17218 1.19476 1.17686 1.23739 1.19003 1.11629 1.17306 1.09491 1.11626 1.07601 1.08089 1.10416 1.04036 1.03388 1.05206 1.05902 1.0595 1.0366 1.02759 1.01619 1.00135 1.00282 0.997474 1.00121 0.99801 0.995425 0.996769 0.998701 0.997362 1.00025 1.00053 1.0007 1.00884 1.00692 1.01683 1.01888 1.0258 1.03886 1.03605 1.0547 1.07865 1.05495 1.08035 1.08152 1.08585 1.09492 1.09693 1.13265 1.15199 1.19622 1.15421 1.16437 1.18353 1.21865 1.25382 1.23337 1.26418 1.29742 1.25399 1.30837 1.37352 1.35405 1.35402 1.28469 1.43871 1.45347 1.42666 1.45856 1.50287 1.53074 1.54977 1.56708 1.61833 1.59036 1.62352 1.65047 1.68241 1.68869 1.6682 1.71594 
1.47416 1.63467 1.51877 1.52016 1.54962 1.45943 1.39911 1.41366 1.45597 1.44532 1.26326 1.37143 1.30865 1.35952 1.28769 1.27601 1.26773 1.1831 1.25789 1.18141 1.15159 1.1539 1.11446 1.20318 1.15015 1.15962 1.09215 1.06677 1.11376 1.10109 1.06797 1.07193 1.09403 1.05054 1.04298 1.05274 1.02804 1.05142 1.01744 1.01431 1.01742 1.00036 1.00038 1.0041 0.992131 1.00079 0.990197 1.00095 0.99678 0.998584 1.00013 1.00169 1.00993 1.01091 1.01101 1.02815 1.02278 1.03379 1.03272 1.06176 1.03772 1.06479 1.07551 1.05851 1.0844 1.09474 1.10881 1.14051 1.16488 1.18017 1.17218 1.18189 1.21914 1.20951 1.20364 1.22599 1.2681 1.30723 1.32089 1.32498 1.35676 1.3646 1.35577 1.39736 1.42121 1.46092 1.48046 1.46202 1.48547 1.48253 1.56396 1.52682 1.56365 1.57168 1.67012 1.59018 1.68508 1.7239 1.66475 1.83249 
1.4646 1.59778 1.48637 1.52355 1.44117 1.48398 1.40943 1.40219 1.41777 1.47992 1.43278 1.34072 1.26364 1.29888 1.31263 1.25537 1.31945 1.2879 1.1994 1.20452 1.15528 1.18396 1.14844 1.22599 1.10628 1.12928 1.14725 1.13594 1.15714 1.10752 1.10111 1.07837 1.05791 1.04921 1.03418 1.0271 1.03574 1.02798 1.0225 0.995535 0.996757 1.01166 1.00989 0.996059 0.99225 0.99622 1.00205 0.999703 1.0007 0.998808 1.00117 1.0019 1.00632 1.00973 1.01437 1.01754 1.02652 1.03052 1.06214 1.05529 1.05641 1.05402 1.05466 1.07544 1.08917 1.10505 1.12034 1.14271 1.15963 1.16234 1.1524 1.15656 1.21829 1.22659 1.1992 1.21986 1.21826 1.249 1.26166 1.30699 1.36647 1.35888 1.40557 1.36472 1.37598 1.4358 1.50555 1.47203 1.50881 1.45142 1.5745 1.62751 1.6301 1.61962 1.64717 1.67161 1.64453 1.73335 1.71596 1.74815 
1.57042 1.50024 1.59616 1.49291 1.48153 1.50622 1.45354 1.35262 1.41618 1.33468 1.35836 1.32336 1.36065 1.38529 1.31794 1.27202 1.28407 1.28329 1.25482 1.17908 1.21867 1.21592 1.16945 1.17053 1.16919 1.1307 1.12412 1.14975 1.11145 1.08988 1.07238 1.08474 1.05035 1.0296 1.04285 1.06467 1.02116 1.03087 1.03349 1.02553 0.998624 1.01343 1.00823 1.0021 0.999427 0.994452 0.996332 0.998179 1.00019 0.999292 1.00137 1.00379 1.00254 1.00976 1.01022 1.02584 1.02025 1.02721 1.04019 1.04256 1.06377 1.07334 1.06915 1.08387 1.08173 1.12044 1.12077 1.14903 1.13963 1.16002 1.17254 1.17814 1.22696 1.23377 1.2506 1.28244 1.25944 1.26681 1.26434 1.30798 1.3257 1.32752 1.35709 1.42025 1.39556 1.41293 1.44754 1.42434 1.46855 1.53393 1.50398 1.4944 1.54747 1.58846 1.59855 1.66586 1.71588 1.7037 1.7037 1.74976 
1.5719 1.59168 1.46868 1.46115 1.37284 1.4869 1.38266 1.33095 1.3589 1.32444 1.40181 1.38052 1.31687 1.22415 1.30219 1.33589 1.29539 1.30401 1.24392 1.20394 1.22508 1.21216 1.1841 1.18298 1.16869 1.10791 1.14082 1.07888 1.19253 1.11691 1.12019 1.08726 1.06878 1.06735 1.05949 1.0262 1.04945 1.00552 1.03468 1.00737 1.00301 1.00161 1.01151 0.998608 1.00599 0.997427 0.997782 0.99818 0.997614 0.998862 1.0001 1.00533 1.00155 1.01132 1.02119 1.01486 1.03557 1.04265 1.03688 1.04904 1.05217 1.0454 1.08667 1.08499 1.08332 1.12175 1.10421 1.11842 1.11981 1.1611 1.17429 1.18114 1.21981 1.20336 1.24044 1.24032 1.29573 1.24366 1.28158 1.29035 1.30441 1.34947 1.34081 1.36918 1.44985 1.43116 1.49086 1.49337 1.47392 1.50832 1.60252 1.52063 1.5928 1.65379 1.67692 1.70994 1.71774 1.69996 1.74053 1.7934 
1.46571 1.4383 1.55187 1.54369 1.4824 1.44136 1.47915 1.45788 1.3487 1.38198 1.35981 1.35304 1.36706 1.3242 1.30931 1.29197 1.22527 1.24806 1.25356 1.2291 1.22236 1.17948 1.12977 1.19956 1.13647 1.14784 1.12126 1.12506 1.11422 1.07014 1.07758 1.11401 1.07693 1.06446 1.05551 1.03427 1.03712 1.01243 1.01837 1.0275 1.01797 1.00354 1.00846 1.00509 1.00648 1.00378 0.99431 0.993642 0.998158 0.99843 1.00045 1.0031 1.00787 1.00334 1.02577 1.01825 1.02375 1.02247 1.02788 1.04276 1.05709 1.0743 1.07994 1.08365 1.11079 1.09606 1.12119 1.13112 1.13953 1.15455 1.14555 1.15587 1.20999 1.20068 1.21644 1.28011 1.23001 1.2673 1.31412 1.33472 1.36374 1.36504 1.40013 1.41918 1.39437 1.40241 1.456 1.47495 1.47932 1.58439 1.56684 1.51032 1.55166 1.645 1.59888 1.62595 1.67222 1.64811 1.74789 1.78994 
1.53368 1.5472 1.46802 1.52947 1.54301 1.48301 1.47496 1.40476 1.3509 1.396 1.43269 1.26209 1.36456 1.32128 1.28091 1.28207 1.26631 1.2777 1.20726 1.20679 1.14817 1.21775 1.16185 1.10351 1.13898 1.17818 1.12418 1.12074 1.10999 1.04333 1.06991 1.06005 1.0967 1.02126 1.02699 1.03517 1.00049 1.04338 1.04099 1.00492 1.0038 1.00578 1.00963 0.999428 0.999875 0.999355 1.00122 0.99605 0.99876 0.999829 1.00223 1.0044 1.00385 1.01351 1.02245 1.01645 1.02173 1.03368 1.06744 1.05626 1.04058 1.06211 1.04352 1.07348 1.08857 1.08717 1.12867 1.13928 1.17029 1.16605 1.18462 1.17153 1.15505 1.22831 1.18675 1.25674 1.25635 1.2568 1.28549 1.32453 1.35754 1.3753 1.39334 1.39172 1.39328 1.40037 1.37879 1.44956 1.49498 1.48326 1.53547 1.64214 1.60072 1.57338 1.57546 1.58578 1.65545 1.69357 1.74617 1.82693 
1.58075 1.473 1.56441 1.54573 1.54968 1.50375 1.41644 1.41377 1.31823 1.42725 1.41656 1.33711 1.26745 1.35136 1.36565 1.32894 1.22781 1.27034 1.18123 1.22728 1.20565 1.22066 1.22309 1.17742 1.13407 1.16171 1.10854 1.05176 1.07651 1.10738 1.08778 1.07938 1.06118 1.04256 1.05317 1.0793 1.04154 1.04081 1.01261 1.00372 1.02082 1.00397 1.01336 0.983387 0.996486 0.99981 0.998813 1.00287 0.998308 0.998186 1.00134 1.0023 1.00874 1.01028 1.01435 1.01774 1.02664 1.03396 1.04043 1.05635 1.04693 1.05499 1.09729 1.10388 1.09381 1.10028 1.14078 1.13291 1.16915 1.1672 1.21398 1.15431 1.2282 1.20837 1.26339 1.23841 1.25972 1.28711 1.2683 1.31488 1.37039 1.35479 1.33129 1.45543 1.41019 1.46571 1.45625 1.4802 1.4128 1.51485 1.59686 1.49693 1.63586 1.56331 1.65232 1.69776 1.63935 1.70453 1.75589 1.68911 
1.61116 1.48362 1.50852 1.51101 1.43502 1.47555 1.50201 1.48487 1.45073 1.47066 1.36679 1.34234 1.31268 1.33801 1.35519 1.29699 1.25768 1.28301 1.22638 1.21628 1.2212 1.20773 1.14932 1.16456 1.1486 1.12828 1.10955 1.13337 1.097 1.11278 1.07386 1.0656 1.07279 1.03658 1.01397 1.03357 1.0298 1.01921 1.01217 1.00049 1.01015 1.00866 1.00362 1.01297 0.985781 1.00579 1.00166 1.00008 0.996252 0.99839 1.0007 1.00636 1.00956 1.00868 1.0129 1.02133 1.0207 1.03163 1.04193 1.04553 1.08171 1.06223 1.09418 1.10015 1.08033 1.0952 1.11819 1.13275 1.14134 1.15916 1.17633 1.21997 1.22788 1.25057 1.2891 1.27544 1.27204 1.28162 1.26739 1.29932 1.33861 1.35274 1.36974 1.37407 1.42713 1.47628 1.44591 1.43886 1.48437 1.56681 1.56173 1.60009 1.58843 1.58046 1.61747 1.60287 1.61933 1.68475 1.79242 1.69071 
1.59674 1.52559 1.55531 1.50789 1.57123 1.5083 1.42857 1.48269 1.47265 1.37805 1.43556 1.32237 1.3023 1.32179 1.29172 1.28922 1.2411 1.23514 1.24138 1.17155 1.24435 1.17292 1.15946 1.19994 1.14441 1.16434 1.13993 1.08529 1.1579 1.15527 1.08963 1.10935 1.05084 1.0677 1.05771 1.03164 1.02662 1.06695 1.02236 1.03243 1.01313 1.01637 1.02663 1.01435 0.993191 1.00064 0.996542 0.995459 0.998338 0.999603 1.00141 1.00293 1.00341 1.01047 1.0116 1.01975 1.02497 1.0357 1.03082 1.04217 1.06124 1.05654 1.07721 1.09524 1.09384 1.09761 1.14538 1.10771 1.13132 1.17087 1.16897 1.17222 1.16934 1.22975 1.24208 1.28353 1.27673 1.27075 1.32689 1.29703 1.32286 1.37183 1.37268 1.42441 1.39262 1.44408 1.45808 1.42095 1.44635 1.62131 1.55431 1.53561 1.57862 1.56261 1.68273 1.63659 1.68765 1.64115 1.74401 1.71545 
1.57024 1.46686 1.51334 1.53632 1.35215 1.4729 1.47079 1.38573 1.39186 1.36857 1.43947 1.35774 1.28799 1.29202 1.33074 1.227 1.35374 1.25319 1.2389 1.20847 1.10006 1.12723 1.24821 1.18289 1.05787 1.12527 1.12437 1.12724 1.11735 1.11004 1.07915 1.07749 1.11894 1.05601 1.04084 1.04731 1.03401 1.00715 1.00586 1.01052 1.01469 0.996207 1.02201 1.00667 1.01103 0.994961 0.994073 0.994357 0.999963 0.999641 1.00118 1.00351 1.0041 1.00262 1.01053 1.01769 1.02576 1.02125 1.03421 1.04891 1.04233 1.06577 1.05547 1.07642 1.0985 1.10546 1.12734 1.11648 1.13934 1.13907 1.20245 1.17386 1.14534 1.21533 1.2185 1.24554 1.25637 1.28251 1.28126 1.28542 1.32977 1.37388 1.38319 1.3788 1.42353 1.40926 1.44563 1.45497 1.45907 1.53198 1.51039 1.50673 1.51649 1.60561 1.67328 1.63531 1.66799 1.70473 1.72874 1.71828 
1.55085 1.52517 1.55812 1.42433 1.40618 1.44883 1.44427 1.49012 1.33442 1.34486 1.32055 1.40216 1.30555 1.34133 1.28402 1.20255 1.25834 1.24204 1.21843 1.22901 1.22398 1.25381 1.18083 1.19074 1.18231 1.09421 1.10865 1.08172 1.11224 1.08699 1.06409 1.06633 1.0681 1.02247 1.04809 1.03963 1.04009 1.03309 1.02731 1.03551 1.00023 1.01864 1.01861 1.01337 1.00908 0.998689 0.996219 0.995684 0.996405 0.999757 1.00139 1.00502 1.00442 1.01416 1.01648 1.01168 1.02379 1.0247 1.05221 1.0566 1.06922 1.07207 1.07646 1.10533 1.0923 1.10465 1.11411 1.09566 1.11159 1.13296 1.21548 1.192 1.17231 1.18504 1.22052 1.25843 1.30323 1.28685 1.32853 1.26065 1.32568 1.36537 1.39126 1.38863 1.42414 1.44489 1.48693 1.46732 1.5498 1.51692 1.56197 1.56251 1.59068 1.59131 1.59618 1.56208 1.64679 1.71372 1.7378 1.72986 
1.55856 1.5529 1.55184 1.41359 1.44965 1.44487 1.36057 1.3991 1.43182 1.30442 1.30706 1.34145 1.30698 1.32075 1.30163 1.31502 1.25708 1.2374 1.14608 1.28507 1.21919 1.23668 1.16205 1.16274 1.1803 1.11445 1.14778 1.12036 1.09611 1.05689 1.0437 1.06534 1.08167 1.06404 1.05742 1.0571 1.04017 1.05196 1.01091 0.988512 1.01679 1.00764 1.00481 0.993264 0.998951 0.996021 0.991847 0.997499 0.995206 1.00022 1.00116 1.00477 1.00707 1.00981 1.01362 1.02165 1.02309 1.03026 1.03434 1.03913 1.04101 1.05752 1.06369 1.06931 1.10491 1.08561 1.11748 1.13123 1.16836 1.14808 1.19131 1.19658 1.18533 1.20034 1.24623 1.28902 1.26829 1.34078 1.34644 1.31603 1.37733 1.34185 1.35079 1.42878 1.36136 1.43972 1.45548 1.49127 1.48587 1.57042 1.52386 1.56359 1.60126 1.56344 1.60067 1.65841 1.6542 1.71236 1.69711 1.73395 
1.53359 1.44445 1.55856 1.50683 1.53764 1.5207 1.41835 1.43033 1.37081 1.23483 1.32731 1.31844 1.25598 1.33346 1.25804 1.29354 1.31086 1.28853 1.23631 1.23183 1.22292 1.20999 1.17952 1.19469 1.20423 1.16176 1.08046 1.1047 1.10457 1.09533 1.10796 1.09957 1.06103 1.11827 1.06785 1.02757 1.05061 1.03596 1.01832 1.0179 1.0216 1.01624 0.990853 0.98981 0.995612 0.996093 0.992486 0.992096 0.999075 0.998861 1.00139 1.00216 1.00445 1.0099 1.0102 1.01346 1.02788 1.0253 1.04629 1.04259 1.06858 1.05754 1.07579 1.08866 1.09482 1.10868 1.09842 1.13649 1.18225 1.14964 1.14522 1.18588 1.19277 1.21474 1.22112 1.2279 1.22581 1.27499 1.23211 1.2887 1.35746 1.34894 1.38165 1.39503 1.45704 1.42063 1.4684 1.46605 1.53228 1.52681 1.49705 1.56865 1.57245 1.5881 1.63568 1.6157 1.77484 1.75524 1.75199 1.78456 
1.48416 1.40681 1.58264 1.39042 1.46858 1.42701 1.44611 1.37087 1.33213 1.40616 1.39505 1.38494 1.27602 1.24163 1.30357 1.24374 1.2923 1.20147 1.21957 1.19936 1.23316 1.21028 1.17441 1.18388 1.15382 1.13239 1.121 1.12984 1.09471 1.04808 1.07784 1.05818 1.02032 1.0484 1.04929 1.02207 1.03046 1.04928 1.01634 1.02564 1.00368 1.01926 1.00438 1.00291 1.00811 1.00031 1.00038 1.00228 0.998625 0.999169 1.00119 1.00085 1.00729 1.0114 1.00852 1.02592 1.02703 1.03255 1.05122 1.05446 1.06267 1.08152 1.07817 1.07713 1.09836 1.11387 1.1305 1.14063 1.15234 1.19054 1.17119 1.16716 1.2153 1.20004 1.21485 1.24967 1.24725 1.27169 1.30088 1.342 1.31263 1.34925 1.33801 1.46688 1.39506 1.41503 1.39503 1.45301 1.50407 1.50492 1.52562 1.56277 1.54658 1.61358 1.55193 1.68016 1.75259 1.68076 1.74097 1.71732 
1.54063 1.57193 1.649 1.53443 1.53716 1.49162 1.43873 1.52757 1.37993 1.42532 1.37949 1.3125 1.24171 1.25383 1.31431 1.30342 1.18081 1.23027 1.25189 1.28232 1.1982 1.267 1.18717 1.16196 1.16754 1.17399 1.15522 1.0994 1.13619 1.05197 1.10747 1.07506 1.08657 1.04194 1.0517 1.03377 1.03157 1.03469 1.0227 1.02019 1.01497 1.00022 1.0022 1.01473 0.998845 0.994884 0.995485 0.99935 0.998026 1.00003 1.00152 1.00151 1.00806 1.00893 1.0129 1.0184 1.02965 1.02789 1.03768 1.05846 1.06502 1.04813 1.07762 1.1094 1.11049 1.11 1.11577 1.15181 1.16159 1.13755 1.16777 1.17498 1.12431 1.20719 1.23558 1.20198 1.27415 1.27324 1.29345 1.30819 1.39662 1.33913 1.34914 1.42763 1.41775 1.41267 1.51889 1.44095 1.51855 1.48943 1.56172 1.58644 1.57375 1.57196 1.62255 1.65654 1.67208 1.69509 1.74856 1.75677 
1.57515 1.48549 1.55044 1.46045 1.45786 1.50586 1.42639 1.2963 1.51821 1.47455 1.40371 1.38293 1.30343 1.36945 1.27526 1.2765 1.26258 1.27839 1.18303 1.2519 1.23737 1.2427 1.21286 1.1352 1.17715 1.15833 1.11725 1.07183 1.12162 1.16959 1.12276 1.08504 1.06783 1.06321 1.05506 1.04227 1.01823 1.04001 1.03257 1.02508 1.00048 1.02515 0.997919 1.00237 1.01287 0.992807 0.997027 0.993374 0.993964 0.998355 1.00053 1.0055 1.00389 1.00986 1.01536 1.01699 1.0316 1.02081 1.03452 1.04922 1.04496 1.05455 1.09825 1.07287 1.09717 1.10452 1.12192 1.11727 1.1401 1.15652 1.17318 1.16471 1.22351 1.19646 1.23287 1.24139 1.24452 1.26848 1.26065 1.35365 1.34073 1.40141 1.42005 1.38172 1.39213 1.33159 1.43014 1.47628 1.50195 1.47244 1.5203 1.50225 1.59632 1.62967 1.61873 1.64828 1.69838 1.66529 1.70781 1.77886 
1.59448 1.53263 1.53502 1.53677 1.40143 1.4758 1.42523 1.52468 1.36299 1.37037 1.36265 1.27583 1.34021 1.32736 1.35558 1.32455 1.28999 1.25041 1.27159 1.19841 1.16447 1.26656 1.15497 1.19537 1.13187 1.11323 1.10072 1.09331 1.09682 1.09623 1.11255 1.07308 1.06018 1.05816 1.04571 1.05504 1.0529 1.02507 1.02652 1.02477 1.01745 1.00924 0.996122 1.0003 1.00726 0.996661 0.993679 0.994701 0.99829 0.998877 1.00126 1.00276 1.00725 1.01256 1.0181 1.01919 1.02803 1.03447 1.04315 1.04852 1.03804 1.06194 1.04178 1.09725 1.08366 1.12264 1.10781 1.13328 1.13136 1.14556 1.17268 1.15496 1.18529 1.26993 1.23633 1.22921 1.26476 1.30235 1.30383 1.31092 1.34103 1.3873 1.42197 1.46243 1.43955 1.48641 1.42453 1.48993 1.49493 1.49011 1.48703 1.52958 1.5359 1.60951 1.61726 1.64647 1.67785 1.67734 1.67337 1.73789 
1.60545 1.62624 1.56676 1.47415 1.50258 1.48769 1.47846 1.40918 1.45915 1.38428 1.34422 1.3897 1.30656 1.33925 1.31515 1.20412 1.29019 1.2225 1.26432 1.31028 1.25399 1.21834 1.21057 1.11595 1.15936 1.16787 1.1038 1.17289 1.09873 1.07054 1.10454 1.08389 1.05591 1.07292 1.04424 1.04078 1.04852 1.01257 1.02297 1.03482 1.00396 1.02608 1.00105 1.00784 0.987701 1.00131 0.991152 0.998204 0.996167 0.998853 1.00034 1.00448 1.00294 1.00881 1.01442 1.02458 1.02104 1.03312 1.02919 1.05846 1.04769 1.06287 1.06615 1.06925 1.08471 1.10709 1.10785 1.16118 1.11948 1.15598 1.22841 1.16512 1.1789 1.23297 1.22993 1.24369 1.22019 1.26559 1.27775 1.32753 1.33888 1.35423 1.38966 1.40626 1.42798 1.44582 1.41447 1.481 1.47427 1.46736 1.56053 1.52389 1.55865 1.59987 1.60139 1.68301 1.70449 1.6967 1.77992 1.7602 
1.57011 1.57469 1.45956 1.55278 1.6027 1.51163 1.43986 1.31667 1.38715 1.37925 1.36287 1.37321 1.35813 1.33184 1.35317 1.2744 1.2712 1.28478 1.17246 1.15996 1.19783 1.18222 1.14777 1.13149 1.15599 1.12979 1.10705 1.11158 1.14925 1.10426 1.09017 1.10174 1.07422 1.0659 1.03531 1.03758 1.0141 1.03803 1.01226 1.01906 1.00169 1.01724 0.994856 1.00139 1.00977 0.99683 0.99536 0.997872 0.999031 0.998968 1.00117 1.00426 1.01003 1.01147 1.0043 1.0195 1.03968 1.0328 1.0316 1.03504 1.04345 1.05615 1.08961 1.09317 1.09017 1.12951 1.11044 1.11077 1.13406 1.18071 1.15831 1.19522 1.20584 1.20226 1.24926 1.21899 1.31475 1.33412 1.32158 1.33713 1.33088 1.36373 1.3981 1.38731 1.33735 1.38724 1.41101 1.46063 1.50637 1.47498 1.55767 1.56427 1.57342 1.62425 1.62564 1.69543 1.63366 1.73373 1.73991 1.71384 
1.50379 1.59452 1.51233 1.43361 1.47234 1.39159 1.42032 1.46975 1.36946 1.3249 1.31979 1.28825 1.34634 1.30329 1.32804 1.25144 1.24639 1.24358 1.26459 1.20852 1.1892 1.09867 1.18559 1.12369 1.16151 1.16488 1.17397 1.09902 1.13591 1.08936 1.06609 1.07504 1.06874 1.07832 1.05899 1.0381 1.03172 1.02727 1.0392 1.04104 1.01445 1.01128 0.995089 0.996886 1.00373 0.996888 0.999959 0.992491 0.997177 0.998537 1.00148 1.00433 1.00706 1.01015 1.01373 1.02932 1.03279 1.04807 1.025 1.05385 1.06546 1.07427 1.08256 1.08258 1.07501 1.10886 1.11 1.12836 1.12439 1.15937 1.15379 1.15932 1.18013 1.21 1.18467 1.24488 1.2696 1.23066 1.28303 1.30059 1.37491 1.38021 1.36816 1.40099 1.38738 1.42211 1.44 1.45922 1.57314 1.5076 1.59423 1.46444 1.61546 1.62701 1.65599 1.647 1.67713 1.70242 1.7264 1.72817 
1.49265 1.70751 1.46672 1.49606 1.51527 1.4541 1.44367 1.35032 1.28948 1.43876 1.34111 1.39441 1.43529 1.31591 1.2938 1.34657 1.26865 1.25527 1.26728 1.25866 1.19055 1.1021 1.23065 1.14675 1.13261 1.11441 1.12326 1.11946 1.10277 1.09657 1.0821 1.08855 1.07923 1.05453 1.06203 1.02033 1.02973 1.03174 1.03231 1.00528 1.01613 1.00801 0.989546 0.997115 1.00943 0.994665 0.997774 0.993953 0.999033 0.998847 1.00027 1.00464 1.00974 1.01592 1.00879 1.01796 1.01952 1.02321 1.02515 1.05839 1.05601 1.07982 1.0709 1.08058 1.09087 1.11192 1.10922 1.14271 1.12868 1.16622 1.13956 1.16158 1.18165 1.25489 1.2271 1.23067 1.25039 1.3116 1.26901 1.2477 1.3154 1.31189 1.32597 1.43202 1.4693 1.44357 1.40405 1.47215 1.44877 1.44197 1.53408 1.51416 1.5852 1.58656 1.60908 1.69145 1.70799 1.6718 1.73958 1.74291 
1.52952 1.58739 1.46034 1.49102 1.50833 1.40587 1.43961 1.43059 1.38805 1.45071 1.31415 1.35875 1.24199 1.30524 1.40275 1.28489 1.16634 1.3106 1.17465 1.23853 1.19078 1.21084 1.1185 1.11515 1.13724 1.1152 1.11 1.14294 1.08275 1.084 1.10627 1.09163 1.0711 1.04166 1.03957 1.03316 1.06158 1.04611 1.03181 1.00719 1.0063 1.01766 1.02096 1.01319 1.01229 0.998872 1.00096 0.996032 1.00003 0.999962 1.00169 1.00173 1.00961 1.0097 1.01044 1.01545 1.02647 1.04595 1.04654 1.05251 1.05659 1.04252 1.06477 1.07214 1.10014 1.11145 1.1122 1.08495 1.14184 1.16028 1.20981 1.20869 1.19308 1.18437 1.21737 1.25484 1.26593 1.28228 1.31972 1.3357 1.34999 1.40219 1.3493 1.35808 1.43005 1.43209 1.3937 1.50237 1.47834 1.44272 1.5304 1.58566 1.51229 1.5873 1.56424 1.64721 1.73613 1.71577 1.67048 1.7003 
1.63771 1.57048 1.52578 1.53467 1.53854 1.53082 1.38264 1.3913 1.38473 1.38281 1.3486 1.40182 1.28407 1.27789 1.35408 1.3062 1.27546 1.27908 1.24898 1.21739 1.24363 1.21826 1.2264 1.17707 1.17542 1.10501 1.15775 1.12025 1.1285 1.05813 1.14722 1.04499 1.08919 1.07636 1.06784 1.03402 1.04062 1.00734 1.03727 1.04485 1.0101 0.997743 1.0235 0.995902 0.998295 0.996202 0.99098 0.998227 0.999073 0.999232 1.00071 1.00607 1.00624 1.00533 1.01053 1.01507 1.02803 1.0194 1.04575 1.04494 1.04609 1.06641 1.06487 1.06902 1.09736 1.11555 1.089 1.14557 1.10738 1.14 1.14055 1.19026 1.18862 1.23838 1.1904 1.25065 1.2784 1.27023 1.28231 1.33177 1.31877 1.35129 1.40252 1.42419 1.43162 1.41579 1.46298 1.46897 1.47458 1.50795 1.56621 1.55329 1.69912 1.60027 1.59613 1.67751 1.63162 1.66746 1.62551 1.8095 
1.52345 1.61017 1.41272 1.55911 1.49286 1.34889 1.42083 1.35335 1.53259 1.35502 1.43362 1.35126 1.27899 1.21433 1.33085 1.26753 1.24856 1.26251 1.23131 1.23188 1.19437 1.18848 1.21417 1.20816 1.14506 1.11194 1.14104 1.09749 1.05256 1.09569 1.08437 1.09353 1.03319 1.06523 1.02237 1.0239 1.05464 1.0188 1.01126 1.0258 1.01545 1.00599 1.01454 0.998722 0.995268 0.997169 0.989054 0.998912 0.998348 0.999649 1.0011 1.00291 1.00603 1.013 1.01031 1.02029 1.02054 1.03922 1.03313 1.05691 1.0402 1.07917 1.05005 1.07755 1.1068 1.10779 1.10602 1.11994 1.12344 1.16456 1.1571 1.18336 1.21497 1.16267 1.1912 1.27205 1.24622 1.26474 1.29784 1.36745 1.3081 1.37058 1.35508 1.40224 1.4286 1.36565 1.44332 1.38207 1.45163 1.56209 1.58084 1.53675 1.59147 1.51325 1.63058 1.58585 1.63984 1.7486 1.7582 1.79068 
1.59236 1.58839 1.44619 1.44306 1.50772 1.37775 1.41034 1.45256 1.42359 1.41225 1.41095 1.34931 1.33955 1.3736 1.33525 1.3541 1.26888 1.32885 1.20378 1.26688 1.18542 1.11825 1.18951 1.10045 1.12248 1.23025 1.13749 1.11643 1.11742 1.06575 1.08152 1.08593 1.04476 1.05084 1.03921 1.02448 1.01892 1.01285 1.01219 1.01061 0.998845 1.00355 0.997825 1.00238 1.00678 1.00443 0.997975 0.996567 0.997127 0.998813 0.99982 1.00474 1.00384 1.01575 1.0146 1.02221 1.01716 1.03559 1.03562 1.04646 1.04624 1.08318 1.05458 1.05713 1.09509 1.11256 1.1142 1.12787 1.15309 1.14348 1.18552 1.17556 1.20474 1.2171 1.2276 1.22621 1.27961 1.26634 1.283 1.36272 1.33623 1.32623 1.40032 1.36148 1.38886 1.36928 1.43616 1.4775 1.5024 1.50357 1.56189 1.49754 1.555 1.59561 1.64571 1.61065 1.59242 1.74718 1.66706 1.65823 
1.49027 1.43672 1.56976 1.51524 1.52154 1.45161 1.48787 1.37264 1.37699 1.4069 1.4119 1.40001 1.30087 1.35242 1.26858 1.30006 1.26794 1.26746 1.19411 1.21402 1.21584 1.19132 1.15278 1.18122 1.14737 1.16048 1.16555 1.11147 1.10959 1.063 1.13688 1.05504 1.09407 1.05887 1.04798 1.05407 1.02928 1.01181 1.03052 1.02827 1.00962 1.00726 1.00366 1.01733 1.00313 0.989971 0.998757 0.99615 1.00039 0.998798 1.0017 1.00363 1.00603 1.01006 1.0109 1.01923 1.0181 1.01925 1.03599 1.04554 1.06321 1.07922 1.06524 1.11289 1.10068 1.11316 1.10389 1.11851 1.16195 1.14561 1.17469 1.18962 1.20303 1.19036 1.22943 1.28634 1.25355 1.28806 1.27489 1.33053 1.24935 1.35097 1.31608 1.42103 1.45356 1.43196 1.45167 1.53895 1.45093 1.47781 1.52501 1.5673 1.57021 1.58925 1.5938 1.558 1.72014 1.65024 1.70668 1.79687 
1.55614 1.54474 1.57615 1.57797 1.5014 1.3321 1.43702 1.49739 1.40903 1.28143 1.40999 1.37159 1.26525 1.30726 1.22628 1.28627 1.24971 1.26287 1.24448 1.21213 1.18414 1.20425 1.15246 1.14287 1.11116 1.12339 1.15284 1.15403 1.13229 1.05318 1.08694 1.06806 1.06718 1.06244 1.07907 1.02596 1.06453 1.0303 1.03194 1.0171 1.00033 0.985929 1.00605 1.00596 0.997755 1.00108 0.99442 0.998477 0.9983 0.999181 1.0012 1.0072 1.01123 1.00855 1.01527 1.03041 1.02911 1.02682 1.03495 1.04039 1.04671 1.07588 1.05494 1.0829 1.06906 1.13542 1.08231 1.11066 1.17113 1.15616 1.17951 1.22162 1.19812 1.24301 1.2277 1.26763 1.24381 1.26729 1.32273 1.34594 1.33157 1.35761 1.35164 1.43034 1.43525 1.46153 1.44718 1.47608 1.49453 1.43691 1.5047 1.65254 1.47581 1.55258 1.63029 1.64666 1.7123 1.67348 1.66377 1.71565 
1.63017 1.49887 1.52434 1.4294 1.4841 1.44663 1.40312 1.48125 1.35742 1.40497 1.35483 1.42946 1.30487 1.31021 1.30681 1.29113 1.30682 1.28418 1.20224 1.21803 1.21312 1.14237 1.18314 1.22618 1.20049 1.13605 1.10351 1.16678 1.04594 1.03971 1.13575 1.08345 1.07581 1.01922 1.04526 1.05637 1.00808 1.04993 1.0256 1.01583 1.01147 0.990186 1.00272 1.00882 0.998276 0.993261 0.997116 0.995703 0.997955 0.999178 1.00155 1.0026 1.00627 1.01496 1.01862 1.01952 1.0231 1.03953 1.0356 1.05229 1.05517 1.05932 1.06317 1.10581 1.11225 1.11613 1.13617 1.13058 1.13553 1.17773 1.19061 1.18924 1.18428 1.23295 1.20001 1.22382 1.26579 1.30154 1.27666 1.29808 1.30837 1.36094 1.37702 1.42776 1.43571 1.4089 1.43547 1.39905 1.48962 1.49463 1.52442 1.53836 1.59921 1.5518 1.62033 1.64566 1.6908 1.66551 1.70244 1.68829 
1.63535 1.48335 1.54113 1.43236 1.5289 1.3689 1.40331 1.35193 1.35308 1.46981 1.31502 1.33389 1.35197 1.33931 1.29573 1.27404 1.24147 1.23598 1.26723 1.28089 1.20182 1.18591 1.18577 1.15863 1.13972 1.13901 1.16239 1.11984 1.08917 1.11298 1.06967 1.08951 1.07897 1.08904 1.04456 1.05936 1.03227 1.02544 1.04305 0.997832 1.01541 1.01797 1.00338 1.00422 1.01113 0.98923 0.998663 0.998848 0.997745 1.00001 1.00147 1.00257 1.00163 1.00711 1.01339 1.0148 1.02053 1.03752 1.044 1.04065 1.05132 1.05307 1.07236 1.06737 1.10544 1.09762 1.13589 1.14443 1.14285 1.1262 1.16682 1.15443 1.20717 1.19893 1.24477 1.27566 1.25955 1.24496 1.33662 1.30934 1.35721 1.38592 1.3273 1.41734 1.37242 1.39234 1.53304 1.48059 1.50085 1.4854 1.51449 1.56186 1.58921 1.55813 1.53567 1.5284 1.68054 1.692 1.6449 1.69441 
1.51225 1.55808 1.44474 1.43175 1.52547 1.54463 1.38344 1.44971 1.44758 1.39354 1.38708 1.44892 1.37724 1.37218 1.22518 1.27796 1.25972 1.1918 1.21117 1.2767 1.22794 1.23192 1.13456 1.17331 1.17598 1.10829 1.12277 1.06662 1.12808 1.08713 1.07423 1.02277 1.07151 1.03525 1.01374 1.04446 1.04536 1.03332 1.01351 1.04499 1.00071 1.01621 0.99036 1.00809 1.00252 0.991477 0.992909 1.00118 0.998876 0.999087 1.00016 1.00633 1.00584 1.01065 1.01323 1.0164 1.02732 1.03092 1.03497 1.03986 1.05836 1.07273 1.06411 1.07823 1.08686 1.08819 1.11637 1.15555 1.14438 1.15463 1.1633 1.18775 1.19873 1.24942 1.21053 1.21414 1.30038 1.29548 1.272 1.25762 1.30613 1.32822 1.39415 1.36777 1.39943 1.42405 1.40032 1.44089 1.47961 1.46955 1.57241 1.50926 1.59426 1.53152 1.66426 1.61789 1.69645 1.7201 1.80549 1.70255 
1.6647 1.5203 1.53995 1.60195 1.43333 1.47769 1.43037 1.37771 1.40774 1.45596 1.3721 1.36826 1.33486 1.25571 1.35655 1.29608 1.2659 1.27821 1.22132 1.18373 1.23327 1.197 1.14328 1.13831 1.14898 1.19768 1.10772 1.11334 1.12351 1.11717 1.10656 1.06472 1.06131 1.04354 1.01321 1.04698 1.03729 1.0398 1.00862 1.02591 1.01628 0.993275 1.0042 1.00208 0.996909 0.992058 1.00124 0.998395 0.999442 0.999047 1.00104 1.00253 1.00653 1.00829 1.0247 1.0182 1.02087 1.0328 1.02585 1.04965 1.04727 1.08639 1.05547 1.0831 1.08966 1.09649 1.10731 1.14057 1.12238 1.14763 1.17059 1.17706 1.17871 1.20281 1.22961 1.24011 1.19549 1.2971 1.2953 1.33195 1.34254 1.33633 1.38005 1.38156 1.43528 1.47869 1.44777 1.35824 1.48387 1.56223 1.53331 1.55333 1.57784 1.65398 1.64328 1.65861 1.68738 1.66115 1.62891 1.80587 
1.61143 1.60524 1.58518 1.55237 1.41583 1.32315 1.44804 1.38425 1.37724 1.34804 1.46947 1.41284 1.362 1.335 1.29916 1.27109 1.27405 1.27113 1.20936 1.19493 1.16255 1.26246 1.19331 1.18817 1.16345 1.12584 1.11014 1.12007 1.10148 1.08488 1.09424 1.07137 1.05078 1.06161 1.02926 1.01419 1.02554 1.02365 1.01879 1.04302 0.99882 1.01958 1.00811 0.998106 0.998468 1.0046 1.00586 0.999207 0.996402 0.999054 1.00209 1.00553 1.00322 1.0085 1.00953 1.01229 1.04214 1.04141 1.05187 1.03562 1.05568 1.04544 1.07677 1.08228 1.09511 1.11456 1.08649 1.12532 1.14637 1.14616 1.16667 1.205 1.16055 1.21946 1.19883 1.24185 1.28136 1.23929 1.27434 1.33913 1.31898 1.38004 1.37682 1.38606 1.42262 1.40582 1.40784 1.4213 1.51974 1.48599 1.49442 1.58582 1.61929 1.60138 1.61247 1.6562 1.6825 1.72838 1.68473 1.7792 
1.57784 1.56574 1.46378 1.37572 1.43539 1.43078 1.37404 1.4368 1.38905 1.43832 1.4582 1.34978 1.27657 1.32749 1.27316 1.19939 1.25908 1.20913 1.21117 1.20791 1.18446 1.23694 1.25617 1.15957 1.14876 1.15641 1.10104 1.07001 1.10391 1.10862 1.07034 1.12861 1.07162 1.07402 1.04704 1.04649 0.993003 1.04587 1.00033 1.02498 1.00536 1.00056 1.01451 0.986654 1.01345 0.996927 0.994705 1.00111 0.996219 0.998979 1.0019 1.00614 1.00765 1.006 1.01393 1.01695 1.02957 1.01527 1.04515 1.03924 1.06006 1.07184 1.07245 1.09304 1.10362 1.12288 1.09741 1.14418 1.13333 1.17046 1.16334 1.20941 1.19039 1.18824 1.20642 1.24305 1.24436 1.27375 1.28224 1.3261 1.32518 1.3234 1.32924 1.38684 1.43877 1.46066 1.45216 1.46208 1.52172 1.54421 1.54543 1.58711 1.56369 1.54526 1.64763 1.60437 1.74693 1.67952 1.7033 1.78144 
1.5089 1.55584 1.51029 1.54583 1.53088 1.56529 1.41795 1.48156 1.40751 1.38938 1.35451 1.39484 1.36766 1.27164 1.33537 1.27082 1.39165 1.20265 1.1757 1.15553 1.19356 1.19535 1.20146 1.16589 1.1894 1.12925 1.14549 1.13085 1.10384 1.10712 1.04517 1.06176 1.02098 1.06467 1.01482 1.02694 1.04268 1.0448 1.03822 1.0236 1.00025 1.0099 1.00613 1.0107 1.00686 1.00296 0.996229 0.99862 0.998313 0.998935 1.00115 1.00331 1.00638 1.00902 1.01346 1.02247 1.02804 1.03462 1.04932 1.03542 1.04763 1.05966 1.0956 1.08183 1.09452 1.10633 1.13572 1.11581 1.13354 1.14175 1.175 1.21101 1.19909 1.23339 1.22528 1.22903 1.25505 1.31335 1.31757 1.2913 1.30643 1.32067 1.40219 1.35156 1.40526 1.4354 1.47841 1.47674 1.53268 1.57643 1.55889 1.57227 1.58731 1.6046 1.62054 1.6843 1.61269 1.73041 1.62913 1.73319 
1.5984 1.5084 1.4801 1.4779 1.60972 1.47637 1.46469 1.45717 1.38255 1.27282 1.39389 1.31885 1.39717 1.33092 1.2917 1.27032 1.3063 1.29314 1.26674 1.25057 1.20975 1.16072 1.16533 1.18973 1.13991 1.16692 1.09919 1.09716 1.12798 1.1063 1.07713 1.07671 1.04302 1.02953 1.04671 1.03453 1.03957 1.04227 1.01456 1.03603 1.01849 0.995555 0.99108 1.00689 0.99581 0.996254 0.999181 0.99099 0.998937 0.998815 1.00051 1.0036 1.00051 1.00619 1.0144 1.02693 1.02314 1.04319 1.04188 1.04796 1.0521 1.07395 1.08622 1.0818 1.09107 1.12785 1.13576 1.13085 1.15338 1.15374 1.15657 1.18642 1.20023 1.22004 1.18252 1.22691 1.2313 1.28832 1.32431 1.29556 1.33174 1.35178 1.3796 1.43236 1.43585 1.41306 1.4784 1.45014 1.53527 1.5476 1.53876 1.4896 1.54577 1.59933 1.64993 1.60365 1.65896 1.66814 1.71871 1.75412 
1.52771 1.48084 1.53167 1.55168 1.46168 1.51369 1.49945 1.43007 1.34832 1.48666 1.44286 1.39295 1.38023 1.29277 1.34707 1.34063 1.17438 1.33557 1.29121 1.21279 1.1661 1.21814 1.12904 1.11386 1.15798 1.14267 1.15037 1.08424 1.12684 1.09166 1.08082 1.08023 1.04526 1.03812 1.0574 1.03762 1.0238 1.04366 1.01428 1.01614 1.02703 1.01918 1.01166 1.00347 1.00238 0.997735 1.00337 0.998188 1.00251 0.998893 1.0008 1.00527 1.0056 1.009 1.01229 1.00531 1.02049 1.03698 1.02784 1.04905 1.05667 1.06536 1.06613 1.10052 1.08654 1.09122 1.12317 1.14528 1.16151 1.15262 1.14446 1.17446 1.18308 1.23131 1.24531 1.20346 1.26459 1.33675 1.28201 1.31468 1.30751 1.31756 1.38624 1.39453 1.41823 1.42641 1.40925 1.53802 1.44588 1.50199 1.51937 1.53194 1.54243 1.55335 1.53254 1.64332 1.69008 1.66285 1.69645 1.77382 
1.59898 1.52732 1.59647 1.52938 1.54373 1.43772 1.59271 1.41159 1.47453 1.3597 1.43141 1.41048 1.36086 1.41164 1.29061 1.31543 1.20675 1.21706 1.22333 1.24026 1.1942 1.16316 1.21874 1.15491 1.12157 1.15101 1.13419 1.18563 1.08462 1.07604 1.08926 1.0615 1.06732 1.06402 1.04632 1.04304 1.01984 1.0206 1.04099 1.01805 1.02631 1.01474 0.997737 1.00396 1.00075 0.995169 0.995548 0.995363 1.00001 0.999187 1.00155 1.00393 1.00437 1.00418 1.01883 1.02645 1.03816 1.04153 1.03471 1.04159 1.05323 1.05867 1.07177 1.07096 1.09422 1.0908 1.09774 1.13193 1.17776 1.12012 1.18038 1.16002 1.21313 1.21437 1.23641 1.24855 1.24 1.25818 1.31398 1.32674 1.34552 1.37436 1.38837 1.37229 1.38485 1.38214 1.43514 1.46675 1.51359 1.4922 1.4823 1.58679 1.50965 1.59517 1.58046 1.67328 1.63855 1.72858 1.7433 1.70137 
1.51353 1.55573 1.57875 1.46861 1.47718 1.58208 1.48046 1.40923 1.40564 1.36447 1.2985 1.3517 1.27983 1.33295 1.39127 1.30083 1.28811 1.17574 1.20988 1.23515 1.29536 1.21238 1.26715 1.19778 1.18971 1.10941 1.08469 1.11264 1.14766 1.11446 1.12081 1.09818 1.07903 1.06313 1.0537 1.03398 1.03216 1.02836 1.04119 1.01648 1.01055 1.02536 1.00825 0.999434 1.00227 0.996652 0.996509 0.995797 0.999575 0.999547 1.00107 1.00229 1.00389 1.01498 1.011 1.01479 1.01952 1.03554 1.03023 1.04645 1.04024 1.0676 1.07777 1.0641 1.08306 1.09265 1.09731 1.12713 1.14435 1.15347 1.17593 1.17976 1.22324 1.23155 1.21543 1.23752 1.21103 1.30795 1.2382 1.30426 1.30797 1.36241 1.41777 1.39875 1.39652 1.41339 1.42655 1.54823 1.4106 1.4994 1.54016 1.54464 1.50374 1.59064 1.56313 1.65319 1.76916 1.666 1.74762 1.78559 
1.47974 1.61265 1.51503 1.6531 1.44584 1.52334 1.41429 1.47242 1.40357 1.4146 1.40184 1.34545 1.4377 1.33609 1.33959 1.32555 1.30369 1.21623 1.25615 1.25568 1.27059 1.15077 1.16375 1.15811 1.16963 1.1797 1.15156 1.15821 1.09971 1.15074 1.05329 1.08189 1.06842 1.08676 1.04997 1.05497 1.04631 1.03169 1.00804 0.999424 1.03655 1.00924 1.00204 1.00776 0.995058 1.00778 1.00201 0.996978 0.99768 0.999055 1.00179 1.00392 1.00671 1.01535 1.00318 1.01218 1.03419 1.03293 1.04044 1.03998 1.03187 1.05904 1.06789 1.08749 1.11749 1.11963 1.10976 1.15213 1.12631 1.15987 1.1636 1.16399 1.18867 1.20419 1.20509 1.21672 1.22838 1.29034 1.28181 1.35951 1.31491 1.32208 1.4149 1.49582 1.44635 1.39591 1.40573 1.4446 1.42353 1.48519 1.5366 1.58813 1.53058 1.53332 1.57418 1.64165 1.68515 1.61213 1.72616 1.74479 
1.50955 1.49112 1.56238 1.60305 1.41299 1.52834 1.45619 1.44434 1.39361 1.39426 1.35504 1.36774 1.30226 1.27694 1.33151 1.29574 1.2802 1.31193 1.24681 1.2349 1.14756 1.11906 1.23601 1.1806 1.16145 1.13136 1.18124 1.10798 1.13186 1.09071 1.10948 1.04178 1.0433 1.05226 1.08114 1.0455 1.04735 1.04145 1.03187 1.01223 1.00584 1.019 1.00337 1.00732 1.0136 0.989453 0.993858 1.001 0.997223 0.999228 1.00065 1.00529 1.00778 1.00919 1.01658 1.01499 1.0182 1.02094 1.04676 1.04671 1.05226 1.08246 1.08848 1.08643 1.10461 1.09315 1.12523 1.1276 1.14221 1.18948 1.16816 1.14094 1.20822 1.20776 1.21182 1.23075 1.261 1.23973 1.31488 1.32108 1.29646 1.37297 1.33101 1.41113 1.43103 1.33331 1.50836 1.47279 1.51322 1.50637 1.53726 1.54669 1.55824 1.55916 1.52192 1.61373 1.70062 1.75536 1.66869 1.68151 
1.58406 1.55132 1.468 1.55825 1.45064 1.42336 1.54697 1.45037 1.38973 1.3727 1.36345 1.38698 1.34949 1.39764 1.24921 1.35566 1.26867 1.1956 1.16277 1.23544 1.1832 1.23561 1.14778 1.19836 1.16232 1.13196 1.10586 1.11477 1.13048 1.07276 1.12631 1.08975 1.09627 1.0787 1.06038 1.05591 1.05054 1.04772 1.01735 1.00297 1.0052 1.00736 1.00701 0.997771 1.00381 0.99476 0.995814 1.00067 0.998952 0.999364 1.00082 1.00472 1.00504 1.01483 1.01568 1.01165 1.02319 1.02298 1.03806 1.03435 1.06508 1.07195 1.06997 1.0678 1.08084 1.13307 1.12224 1.12285 1.13461 1.13011 1.14697 1.19083 1.19885 1.23462 1.23257 1.24365 1.26701 1.27845 1.35059 1.28699 1.3705 1.33692 1.40139 1.41232 1.36839 1.46717 1.41023 1.42515 1.5058 1.52283 1.58615 1.59261 1.56982 1.5345 1.54852 1.59401 1.71536 1.64436 1.69927 1.70272 
1.60212 1.56474 1.54231 1.4637 1.41941 1.60062 1.44753 1.45047 1.3497 1.37837 1.37374 1.34853 1.33035 1.34008 1.31632 1.33946 1.28071 1.18979 1.22681 1.22942 1.19541 1.15585 1.1776 1.21948 1.13347 1.13195 1.10064 1.17115 1.11054 1.12111 1.07723 1.07873 1.08247 1.0305 1.03059 1.0555 1.04462 1.02127 1.03336 1.02441 1.00884 1.00897 1.00533 1.00165 0.998163 1.0021 0.997808 0.998956 0.999284 0.999593 1.0008 1.00245 1.00572 1.01407 1.02196 1.01748 1.02854 1.02804 1.03376 1.03124 1.05536 1.07307 1.06556 1.08164 1.10841 1.08865 1.10863 1.11293 1.13071 1.14182 1.14285 1.18582 1.17316 1.15322 1.23678 1.23411 1.29813 1.29381 1.30935 1.34294 1.27302 1.30591 1.39152 1.36461 1.39493 1.4682 1.44472 1.42949 1.50268 1.50836 1.54171 1.53231 1.55246 1.50741 1.66807 1.57373 1.71109 1.60296 1.6953 1.69985 
1.47209 1.55957 1.56646 1.48668 1.48794 1.53526 1.55124 1.40763 1.4969 1.38934 1.39361 1.41722 1.34131 1.21834 1.33612 1.2914 1.1931 1.23347 1.21357 1.19159 1.22671 1.14071 1.2072 1.17207 1.16481 1.1962 1.1566 1.14648 1.11081 1.06118 1.10756 1.12346 1.07492 1.05484 1.05127 1.03743 1.04156 1.03064 1.03653 1.03376 1.01122 1.01029 1.01934 1.0116 1.0098 1.00688 0.998128 1.00004 0.998438 0.999124 1.00109 1.00443 1.00663 1.00889 1.01009 1.0133 1.01974 1.029 1.0409 1.05733 1.05574 1.06249 1.07918 1.05079 1.07084 1.05495 1.11221 1.14005 1.16466 1.14591 1.12075 1.1861 1.24361 1.20103 1.26002 1.25868 1.24845 1.25705 1.21987 1.33702 1.29581 1.3246 1.34933 1.4166 1.46559 1.41788 1.45748 1.51859 1.44075 1.49219 1.47878 1.51117 1.64476 1.5211 1.70074 1.74713 1.71134 1.64566 1.6939 1.7232 
1.55142 1.44926 1.51841 1.4195 1.45444 1.41528 1.43099 1.43381 1.37256 1.35602 1.3692 1.35417 1.35549 1.35955 1.35043 1.27101 1.26065 1.24245 1.28474 1.28327 1.19792 1.1988 1.22689 1.21374 1.16144 1.20199 1.13649 1.11898 1.09959 1.10412 1.09646 1.07846 1.04298 1.0541 1.03889 1.08189 1.03765 1.05201 1.01392 1.02729 1.0241 0.994475 1.01234 0.999648 1.00919 0.998079 0.998353 0.996666 0.997275 0.998217 1.00015 1.00351 1.00504 1.00759 1.01971 1.0235 1.01541 1.03872 1.03883 1.03667 1.05841 1.07139 1.06805 1.1073 1.10801 1.09183 1.11031 1.11133 1.11871 1.15185 1.18008 1.16703 1.20405 1.22983 1.22894 1.21816 1.24821 1.2943 1.31304 1.32267 1.31915 1.37126 1.35966 1.28962 1.38636 1.39604 1.42402 1.47851 1.49108 1.48178 1.48721 1.51888 1.53432 1.61443 1.604 1.64036 1.62382 1.6589 1.6376 1.76474 
1.49731 1.49801 1.50268 1.52749 1.53866 1.39959 1.52713 1.42812 1.37728 1.38825 1.37505 1.35795 1.44001 1.35827 1.35191 1.28101 1.26733 1.28924 1.21993 1.22066 1.19568 1.18997 1.20156 1.10138 1.14495 1.13639 1.13731 1.16617 1.10115 1.11737 1.11849 1.07809 1.08281 1.06335 1.06708 1.04729 1.02499 1.02872 1.03489 1.02008 1.02372 1.01243 1.01013 1.0031 0.992102 0.997626 1.0014 0.999261 0.999493 0.999092 1.00071 1.00355 1.00483 1.00536 1.01379 1.01116 1.02436 1.04082 1.05329 1.04857 1.06706 1.04388 1.07665 1.04545 1.0922 1.07953 1.08203 1.14404 1.15594 1.10832 1.13123 1.16807 1.19796 1.21421 1.23903 1.20516 1.25647 1.26575 1.30783 1.31159 1.27764 1.33843 1.3749 1.37914 1.4361 1.40143 1.42047 1.45085 1.48248 1.47994 1.49599 1.61484 1.50536 1.55712 1.557 1.61777 1.63767 1.75587 1.72407 1.68327 
1.54188 1.56774 1.51207 1.42764 1.47398 1.50339 1.39246 1.40083 1.45032 1.28288 1.40491 1.29297 1.33788 1.40834 1.29704 1.36842 1.29145 1.33522 1.31312 1.25687 1.23778 1.19361 1.18239 1.19024 1.21684 1.10445 1.08503 1.16274 1.12248 1.12922 1.09058 1.08879 1.09904 1.06974 1.05532 1.07051 1.04745 1.00059 1.02773 1.01395 1.01754 1.00027 0.995266 1.01389 0.992075 0.999754 0.994684 1.00486 0.997639 1.00027 1.00177 1.0022 1.00346 1.01573 1.02071 1.02154 1.02081 1.02431 1.03853 1.04685 1.0274 1.0623 1.072 1.07266 1.06574 1.09318 1.10924 1.14537 1.15241 1.14881 1.14676 1.19185 1.16634 1.19496 1.2235 1.2883 1.25507 1.24348 1.30165 1.35351 1.35427 1.36646 1.37379 1.39237 1.37164 1.47746 1.44881 1.45615 1.40966 1.45919 1.51301 1.47875 1.5098 1.64274 1.53079 1.67042 1.7764 1.61037 1.69427 1.7481 
1.6954 1.51715 1.57027 1.526 1.50363 1.49498 1.35483 1.3416 1.54026 1.47319 1.48757 1.4121 1.32166 1.35293 1.33513 1.29256 1.25288 1.24901 1.21627 1.23374 1.26629 1.22345 1.15132 1.11983 1.19581 1.19538 1.1146 1.08771 1.08434 1.08656 1.08758 1.07696 1.09749 1.04757 1.06519 1.04148 1.02718 1.03212 1.01554 1.01612 1.01284 1.01601 1.00603 1.01139 0.990993 0.99406 0.998081 0.997925 0.998284 0.998934 1.00192 1.00322 1.00536 1.00353 1.01561 1.02372 1.02226 1.04625 1.03607 1.02701 1.04362 1.05085 1.06144 1.06116 1.09551 1.09293 1.0977 1.13314 1.14876 1.16043 1.1469 1.15764 1.21394 1.21056 1.21 1.25038 1.21969 1.22692 1.27965 1.39681 1.30559 1.32847 1.40504 1.36302 1.42542 1.36317 1.46245 1.42953 1.45295 1.49582 1.53428 1.53422 1.50052 1.60636 1.56723 1.65429 1.63439 1.64152 1.72876 1.70658 
1.64754 1.63754 1.54981 1.50117 1.40347 1.37218 1.42271 1.44684 1.42373 1.4624 1.38017 1.3545 1.35621 1.38637 1.29335 1.27194 1.25467 1.24933 1.2015 1.24405 1.22996 1.22761 1.17592 1.24031 1.21382 1.13765 1.1292 1.11947 1.09317 1.11105 1.11081 1.05918 1.05951 1.0632 1.04002 1.05671 1.07352 1.04453 1.03107 1.03989 1.01805 1.00218 1.01217 1.0061 0.996312 0.99985 0.997497 0.997427 1.00127 1 1.00011 1.00263 1.00879 1.00842 1.0119 1.01692 1.0195 1.03975 1.03868 1.04465 1.05131 1.0733 1.06545 1.08383 1.07272 1.089 1.10008 1.1498 1.11696 1.15884 1.17596 1.19351 1.18851 1.23223 1.20187 1.23754 1.24399 1.30691 1.23245 1.23229 1.30035 1.32356 1.36168 1.35475 1.38725 1.43369 1.41703 1.47804 1.47552 1.46533 1.49135 1.51925 1.57693 1.58406 1.62846 1.61536 1.63082 1.67281 1.68327 1.74474 
1.48573 1.51644 1.50254 1.5052 1.41157 1.51136 1.47534 1.48695 1.51487 1.4382 1.36806 1.30503 1.34119 1.38787 1.28714 1.28374 1.28701 1.26 1.22476 1.25711 1.22888 1.27503 1.17916 1.10987 1.21312 1.12384 1.10259 1.15647 1.09862 1.09189 1.06828 1.08037 1.07691 1.04673 1.06747 1.03972 1.05086 1.05129 1.0299 1.03139 1.00533 1.02217 0.995792 1.01627 1.00018 0.999667 1.00318 1.00126 1.00006 0.998484 1.00137 1.00162 1.00275 1.0095 1.01054 1.02087 1.02454 1.038 1.03029 1.04923 1.04875 1.0498 1.0488 1.08619 1.07208 1.10583 1.11357 1.12745 1.1357 1.13341 1.15671 1.17535 1.12144 1.24416 1.19305 1.2038 1.21887 1.30101 1.27241 1.23206 1.33563 1.3126 1.39325 1.37445 1.38089 1.39829 1.44986 1.4352 1.45613 1.44565 1.5356 1.55441 1.55075 1.50967 1.57904 1.63278 1.65533 1.70808 1.67622 1.80704 
1.64124 1.62472 1.42333 1.62922 1.61259 1.51183 1.35335 1.46397 1.55676 1.40211 1.41399 1.32236 1.37048 1.38395 1.35294 1.32326 1.28544 1.26618 1.29694 1.23925 1.22444 1.18895 1.14109 1.18289 1.18041 1.18086 1.17413 1.1286 1.11524 1.09205 1.08946 1.0997 1.0944 1.07628 1.04328 1.06901 1.00679 1.00019 1.02343 1.01313 0.999224 1.00778 1.00965 1.00546 1.00341 1.00616 0.998082 0.998069 0.999247 0.998779 1.00101 1.00216 1.00482 1.00825 1.01142 1.02174 1.02591 1.04032 1.02695 1.04185 1.06793 1.05096 1.0601 1.05561 1.09336 1.08068 1.11795 1.10021 1.13589 1.12738 1.12078 1.18273 1.19796 1.24019 1.20222 1.21683 1.3056 1.28146 1.29156 1.30731 1.34345 1.34097 1.37885 1.37916 1.35539 1.40434 1.40016 1.47882 1.46895 1.52517 1.49416 1.61758 1.52325 1.53302 1.65206 1.66214 1.71556 1.69529 1.74511 1.67917 
1.53058 1.55147 1.45578 1.54786 1.56215 1.55281 1.48115 1.49255 1.3884 1.41612 1.44521 1.38083 1.3411 1.39732 1.27475 1.24394 1.28362 1.32058 1.27815 1.22269 1.20411 1.22353 1.16011 1.18047 1.14378 1.1319 1.13947 1.13934 1.1279 1.06933 1.07981 1.06449 1.08308 1.12024 1.06974 1.0474 1.04308 1.03861 1.01936 1.02052 1.02897 1.00532 1.02459 1.00639 1.00078 1.00658 0.994622 1.00233 0.998572 0.999705 1.00114 1.00044 0.999383 1.00875 1.01166 1.00788 1.02605 1.02698 1.03586 1.01972 1.06359 1.07748 1.06117 1.07039 1.08671 1.08094 1.09018 1.10337 1.15151 1.15615 1.20767 1.14885 1.19276 1.17435 1.21183 1.19422 1.20224 1.28722 1.30868 1.30934 1.33026 1.38841 1.36379 1.3568 1.32736 1.42899 1.40505 1.49088 1.44425 1.47082 1.52853 1.51487 1.58193 1.60147 1.58892 1.62777 1.49959 1.63869 1.72511 1.67369 
1.57186 1.55784 1.5331 1.47266 1.52681 1.44202 1.46271 1.48419 1.37698 1.34601 1.47462 1.43348 1.29411 1.33496 1.2418 1.24789 1.25275 1.33657 1.21691 1.19704 1.22452 1.20341 1.18994 1.18232 1.12731 1.12528 1.14338 1.12334 1.10586 1.12133 1.07381 1.12287 1.09418 1.04939 1.09246 1.04345 1.04394 1.03697 1.01551 1.0221 1.01202 1.00562 1.00153 1.00892 1.00403 0.993853 0.997921 0.997605 0.99753 0.999105 1.00107 1.00165 1.0065 1.01663 1.02017 1.00976 1.01583 1.02316 1.04961 1.06426 1.05336 1.03884 1.08634 1.06206 1.08889 1.06778 1.08773 1.10984 1.15866 1.16188 1.14813 1.15648 1.20861 1.17685 1.15628 1.22586 1.26046 1.24973 1.25268 1.30146 1.34857 1.32226 1.36419 1.38532 1.35464 1.40512 1.52428 1.46685 1.45024 1.50783 1.54322 1.54426 1.60556 1.55861 1.60244 1.65251 1.61003 1.72911 1.62277 1.74981 
1.65594 1.55671 1.4788 1.58273 1.40915 1.42714 1.45719 1.43905 1.43193 1.39582 1.23252 1.43987 1.31372 1.27698 1.31509 1.31371 1.29657 1.26981 1.21623 1.1886 1.23495 1.16507 1.1847 1.16531 1.11915 1.11744 1.1521 1.1341 1.09652 1.14969 1.08318 1.0837 1.07665 1.05417 1.05416 1.03245 1.04014 1.03206 1.03446 1.03991 1.02112 1.02339 1.00825 1.00058 0.996723 1.00144 0.999292 1.00222 1.00072 0.999052 1.00083 1.00057 1.00782 1.00875 1.00195 1.0243 1.0168 1.01767 1.03119 1.05413 1.06835 1.06856 1.07045 1.1015 1.08811 1.0856 1.1026 1.14693 1.13011 1.14775 1.15766 1.2 1.18932 1.18748 1.22246 1.23945 1.24085 1.25427 1.29906 1.27917 1.32995 1.31066 1.37494 1.37776 1.36058 1.43863 1.44058 1.4467 1.40501 1.48726 1.5688 1.48626 1.63091 1.50655 1.5634 1.68213 1.68452 1.70327 1.69834 1.67615 
1.55282 1.68416 1.48209 1.51975 1.55096 1.5124 1.42115 1.46339 1.37841 1.50121 1.33403 1.34063 1.28616 1.36225 1.22663 1.30205 1.2945 1.31487 1.29841 1.22554 1.22934 1.21965 1.21085 1.20336 1.16609 1.16711 1.10928 1.16567 1.09974 1.09149 1.10801 1.03561 1.07785 1.09202 1.08591 1.05101 1.05446 1.05743 1.00941 1.00951 1.01905 1.01594 1.024 1.006 1.00855 0.999897 1.00662 0.998913 0.998485 0.999955 1.00058 1.00408 1.00511 1.01337 1.00654 1.00909 1.01937 1.05774 1.02889 1.05327 1.04401 1.04495 1.04831 1.09237 1.0804 1.08608 1.09808 1.09504 1.12576 1.14943 1.13198 1.18914 1.1763 1.21236 1.22229 1.23502 1.24923 1.25672 1.28592 1.34017 1.31484 1.31985 1.3343 1.41942 1.37666 1.43138 1.39726 1.41071 1.47268 1.46892 1.55183 1.52705 1.55787 1.61041 1.63677 1.65532 1.61836 1.66979 1.71965 1.78227 
1.55475 1.59471 1.58662 1.51663 1.5741 1.52946 1.53617 1.51473 1.4373 1.30757 1.35405 1.36321 1.31988 1.26687 1.20348 1.25714 1.23952 1.24924 1.27344 1.23922 1.23265 1.20455 1.20514 1.17746 1.07927 1.18488 1.17841 1.12008 1.08348 1.11643 1.07517 1.10137 1.05353 1.08673 1.03987 1.04375 1.02906 1.03185 1.03156 1.01501 1.00097 0.986664 1.01487 0.99918 1.0021 0.992537 1.00133 1.00035 0.99842 0.999111 0.99913 1.00211 1.00974 1.00569 1.01805 1.00977 1.02253 1.025 1.02565 1.04398 1.04127 1.05873 1.04102 1.07811 1.08976 1.10245 1.09638 1.12488 1.08548 1.14754 1.16392 1.19344 1.1643 1.20615 1.24992 1.23479 1.24388 1.30323 1.2899 1.27721 1.30878 1.34552 1.36966 1.3889 1.38157 1.43209 1.43985 1.42221 1.47083 1.52944 1.52826 1.51611 1.53609 1.61611 1.65676 1.64191 1.75032 1.62069 1.69727 1.7386 
1.63178 1.60938 1.48738 1.5196 1.46543 1.52091 1.38821 1.39661 1.46674 1.42955 1.44279 1.36234 1.30005 1.27836 1.30537 1.22433 1.31431 1.27111 1.28329 1.1978 1.23465 1.24656 1.20908 1.09208 1.09726 1.15067 1.08797 1.12057 1.10846 1.06182 1.07019 1.07896 1.12228 1.07708 1.04615 1.03567 1.05375 1.0247 1.01921 1.02328 1.01701 1.01631 1.00518 1.0131 0.992135 1.00246 0.994383 0.996724 1.00347 0.999139 1.0009 1.00298 1.00848 1.00411 1.01 1.02491 1.02169 1.02828 1.04878 1.03314 1.066 1.05764 1.08034 1.08619 1.08323 1.08765 1.10603 1.14059 1.15844 1.14659 1.1309 1.19913 1.2057 1.2087 1.22166 1.2006 1.2682 1.24227 1.29752 1.32076 1.29788 1.29459 1.36593 1.38692 1.41722 1.42207 1.43513 1.47051 1.42464 1.45961 1.54179 1.5199 1.6055 1.6042 1.66438 1.65966 1.57054 1.7106 1.71983 1.70125 
1.53024 1.55741 1.52318 1.63367 1.55737 1.45863 1.53017 1.42959 1.40501 1.39783 1.41189 1.43939 1.36272 1.20313 1.29496 1.28341 1.2652 1.18572 1.25231 1.23583 1.24948 1.14296 1.17444 1.15594 1.18142 1.16913 1.11831 1.09831 1.09209 1.03174 1.13154 1.11551 1.07961 1.06108 1.0507 1.04651 1.03834 1.02812 1.02545 1.03098 1.01706 1.01188 1.01043 1.00623 1.0033 0.998287 0.997854 0.992829 0.99784 0.999393 0.999768 1.00101 1.00171 1.01367 1.01943 1.01767 1.01662 1.02924 1.02537 1.04409 1.05814 1.05416 1.05732 1.06401 1.09667 1.12665 1.12455 1.11164 1.16638 1.14845 1.17369 1.15734 1.22282 1.11239 1.22135 1.23588 1.26699 1.19019 1.32038 1.30038 1.30841 1.35368 1.31588 1.4146 1.39628 1.42085 1.43581 1.46376 1.50222 1.46199 1.49877 1.53658 1.58629 1.5427 1.63512 1.64859 1.67208 1.62535 1.70645 1.75917 
1.55252 1.49578 1.58811 1.47485 1.54625 1.60051 1.45242 1.43023 1.45706 1.26488 1.39926 1.35582 1.37712 1.3125 1.30493 1.27978 1.25587 1.25967 1.2202 1.20862 1.15657 1.20976 1.22404 1.17617 1.13719 1.14585 1.1143 1.15076 1.11926 1.13604 1.12077 1.08426 1.08356 1.05717 1.05302 1.07105 1.02802 1.01394 1.0234 1.0096 1.02025 1.0101 1.00083 1.0227 0.982682 0.995009 0.999792 0.99441 0.995464 1.0003 1.00063 1.00196 1.00466 1.00759 1.00719 1.01582 1.0242 1.02401 1.03394 1.05498 1.04324 1.05234 1.08132 1.08035 1.088 1.07393 1.11809 1.14638 1.13826 1.13202 1.16457 1.19139 1.24716 1.19696 1.20592 1.29126 1.24721 1.24473 1.29783 1.2543 1.32499 1.36616 1.36836 1.35231 1.31566 1.4376 1.44393 1.39612 1.50695 1.4976 1.48912 1.52386 1.56562 1.56655 1.55964 1.62754 1.66426 1.70281 1.78318 1.74575 
1.65229 1.53594 1.50286 1.57726 1.55092 1.43469 1.40578 1.41851 1.48995 1.4687 1.39242 1.32101 1.34459 1.35193 1.34292 1.24999 1.28425 1.31001 1.25431 1.22541 1.30245 1.17309 1.16667 1.18646 1.13966 1.19053 1.14623 1.07201 1.10243 1.16745 1.12249 1.07868 1.05419 1.07363 1.04089 1.03498 1.03676 1.04164 1.04437 1.02061 1.02154 1.01274 0.994864 1.00352 1.01021 0.989708 0.996109 0.998685 1.00039 0.999459 1.00151 1.00339 1.01006 1.00718 1.02045 1.01352 1.0191 1.03956 1.04544 1.03346 1.05289 1.05433 1.07877 1.07535 1.09724 1.08121 1.11214 1.14637 1.14385 1.143 1.19049 1.15233 1.19498 1.2069 1.25952 1.26389 1.25899 1.27822 1.26773 1.25671 1.34844 1.32449 1.40278 1.32058 1.35801 1.4369 1.44713 1.5351 1.43852 1.48435 1.52385 1.55817 1.52884 1.5396 1.59013 1.63741 1.6251 1.66399 1.70458 1.70111 
1.52741 1.67711 1.52151 1.52957 1.5915 1.49481 1.44566 1.4895 1.41953 1.31636 1.38985 1.34082 1.36408 1.40243 1.22145 1.40415 1.28859 1.26085 1.19213 1.29456 1.18485 1.22238 1.16221 1.18639 1.22371 1.1349 1.19237 1.15002 1.10177 1.09905 1.11169 1.097 1.07309 1.1095 1.08671 1.01828 1.03589 1.03554 1.02208 1.02086 1.00623 1.01886 0.995684 1.00412 0.996929 1.00862 1.00712 1.00242 0.998927 0.998849 1.00147 1.00442 1.0078 1.00547 1.01318 1.01005 1.0245 1.0385 1.04031 1.04073 1.05254 1.04098 1.05615 1.0596 1.07474 1.08631 1.09816 1.14821 1.11722 1.15953 1.17061 1.16266 1.17609 1.19598 1.22749 1.24539 1.26028 1.25628 1.28119 1.31545 1.33596 1.35084 1.3941 1.3815 1.36136 1.40736 1.42205 1.42092 1.48103 1.45043 1.44244 1.60484 1.50244 1.5503 1.60857 1.56164 1.61362 1.67821 1.76372 1.63972 
1.56612 1.52761 1.66549 1.45935 1.50985 1.52462 1.48901 1.31569 1.44514 1.41366 1.42045 1.32074 1.33446 1.44333 1.31861 1.31381 1.26263 1.31446 1.20089 1.19576 1.23466 1.22093 1.21334 1.13151 1.16314 1.13184 1.149 1.18316 1.09505 1.10698 1.12272 1.09586 1.04773 1.08706 1.01135 1.04081 1.03731 1.02956 1.0255 1.01982 1.01984 1.01652 1.01344 1.00214 1.00566 1.00246 0.99617 0.993162 0.99939 0.998738 1.00042 1.00047 1.00346 1.00899 1.01737 1.01809 1.01812 1.025 1.03666 1.0419 1.0567 1.05052 1.05781 1.07966 1.06467 1.11081 1.14285 1.07899 1.13606 1.16215 1.14549 1.16794 1.20357 1.2294 1.25666 1.22394 1.22306 1.24259 1.27249 1.28928 1.33334 1.35501 1.33944 1.3723 1.39363 1.38335 1.46735 1.49051 1.52754 1.50963 1.52428 1.52715 1.53488 1.62309 1.55007 1.65339 1.6528 1.75694 1.75757 1.65524 
1.60814 1.57259 1.56503 1.53401 1.46498 1.37063 1.39444 1.43434 1.41374 1.38548 1.35289 1.43447 1.28523 1.38423 1.22962 1.26834 1.31933 1.23589 1.24653 1.23509 1.26356 1.23297 1.161 1.21633 1.17901 1.15483 1.08059 1.12619 1.05929 1.10772 1.0917 1.09266 1.09414 1.0888 1.09605 1.0276 1.03472 1.0437 1.04797 1.03708 1.00871 1.01192 1.01306 0.99967 1.00594 1.00774 1.00563 0.994066 0.999833 0.998964 0.999785 1.00152 1.00488 1.00515 1.01101 1.00565 1.0155 1.02091 1.03787 1.05342 1.05454 1.06784 1.0549 1.08813 1.07345 1.07774 1.08672 1.11356 1.10103 1.18567 1.1585 1.20005 1.19827 1.17617 1.24367 1.2307 1.26664 1.26359 1.28005 1.33389 1.33176 1.34205 1.35648 1.35381 1.41316 1.36957 1.43509 1.45439 1.47871 1.42907 1.50668 1.49908 1.57875 1.55636 1.69223 1.57162 1.65193 1.66482 1.6834 1.68194 
1.55614 1.56428 1.60075 1.51915 1.5822 1.50856 1.51576 1.54122 1.43012 1.33533 1.30229 1.36523 1.44983 1.37678 1.30159 1.31355 1.33544 1.26994 1.24609 1.23138 1.20217 1.15998 1.2173 1.17476 1.14888 1.11851 1.09947 1.13281 1.12378 1.10846 1.08749 1.10196 1.05424 1.03414 1.06147 1.03941 1.019 1.02656 1.03853 1.02372 1.01648 1.01891 1.02048 1.00275 1.00497 0.999751 0.998674 0.995966 0.996007 0.998984 1.00034 1.00245 1.0058 1.01407 1.01603 1.02302 1.02196 1.03029 1.04128 1.04012 1.04533 1.0627 1.05535 1.08372 1.0856 1.08831 1.0865 1.10328 1.12793 1.143 1.16002 1.18324 1.15597 1.21176 1.18991 1.22589 1.25347 1.29456 1.26376 1.33087 1.29936 1.3747 1.31928 1.37776 1.35827 1.36351 1.46997 1.46212 1.50388 1.46941 1.53121 1.48498 1.56147 1.60235 1.6078 1.68413 1.62553 1.66016 1.68422 1.77337 
1.56867 1.56449 1.52148 1.49469 1.49942 1.4777 1.45127 1.48732 1.43816 1.34144 1.37823 1.42572 1.31631 1.40158 1.33151 1.26789 1.2138 1.28122 1.28398 1.22934 1.23521 1.22658 1.18639 1.22737 1.15935 1.17041 1.1231 1.13087 1.10005 1.07435 1.05256 1.07555 1.05969 1.02554 1.07799 1.07792 1.02765 1.02258 1.02346 1.00028 0.997857 1.00869 1.01045 1.00215 1.00294 0.991569 0.998916 0.999133 1.00278 0.999891 1.00117 1.00317 1.00616 0.996848 1.00649 1.02082 1.04176 1.04666 1.03398 1.0459 1.0574 1.07025 1.07106 1.06997 1.0716 1.10874 1.1063 1.12514 1.14325 1.15058 1.15667 1.17798 1.14907 1.21338 1.22448 1.19104 1.28043 1.26066 1.28867 1.26207 1.32908 1.35825 1.42591 1.40936 1.36554 1.3897 1.4463 1.4279 1.47028 1.44841 1.51052 1.51899 1.53793 1.57984 1.58883 1.58313 1.52053 1.6681 1.74139 1.68906 
1.6029 1.62634 1.50708 1.48472 1.44014 1.40884 1.47193 1.48838 1.44035 1.43094 1.35013 1.39118 1.33343 1.30987 1.30103 1.27183 1.27906 1.2677 1.27144 1.30964 1.10533 1.15827 1.23797 1.19044 1.179 1.11372 1.08163 1.09988 1.13054 1.08644 1.09537 1.09249 1.07712 1.04462 1.06346 1.00009 1.04982 1.03298 1.01635 1.01433 1.0219 1.00654 1.00783 1.0141 1.00499 1.00143 1.00235 0.997775 0.997405 1.00038 1.00153 1.00243 1.01081 1.01398 1.01571 1.01778 1.02454 1.037 1.03115 1.04268 1.02634 1.0444 1.08084 1.09667 1.08822 1.09467 1.13208 1.11374 1.08672 1.18867 1.17268 1.16845 1.14839 1.23901 1.21441 1.23114 1.28718 1.23712 1.25437 1.28317 1.30798 1.30729 1.3712 1.41319 1.43678 1.42841 1.46694 1.43843 1.45987 1.4445 1.45759 1.50619 1.46663 1.58311 1.69653 1.63537 1.61694 1.62253 1.66475 1.80747 
1.6775 1.52962 1.47214 1.53324 1.59194 1.44442 1.53923 1.48592 1.4516 1.37251 1.4763 1.40352 1.34489 1.41243 1.29305 1.37225 1.30048 1.23963 1.22594 1.26052 1.25147 1.18801 1.18139 1.11263 1.15538 1.13758 1.13652 1.16617 1.12701 1.1111 1.10333 1.11701 1.07069 1.06166 1.0787 1.07772 1.0575 1.01552 1.03052 1.03343 0.992592 1.01381 1.008 0.989788 1.01453 1.00161 0.999308 0.997955 0.998036 0.999398 1.00129 1.00368 1.00848 1.00474 1.00955 1.01312 1.01046 1.02741 1.04724 1.04675 1.05233 1.05544 1.05689 1.08179 1.10494 1.08607 1.1116 1.13002 1.11937 1.13843 1.149 1.17665 1.23819 1.23333 1.24576 1.23484 1.2391 1.24971 1.30098 1.28526 1.29441 1.29031 1.318 1.36481 1.37282 1.40548 1.42484 1.47122 1.48564 1.47381 1.47328 1.54571 1.47854 1.49715 1.56187 1.63103 1.64498 1.72062 1.64228 1.76813 
1.55773 1.50999 1.52234 1.60043 1.47622 1.56239 1.37043 1.50331 1.40908 1.43028 1.40476 1.38826 1.29943 1.3454 1.27163 1.29141 1.31652 1.29482 1.20623 1.27526 1.16641 1.2002 1.21935 1.21392 1.16638 1.16751 1.15909 1.12112 1.16605 1.06449 1.08504 1.07053 1.05714 1.07234 1.08733 1.04741 1.0254 1.03006 1.01986 1.02327 1.04002 1.01713 1.00485 0.996973 0.995019 0.999204 1.00072 1.00227 0.998151 1.00032 1.00062 1.00157 1.00831 1.01021 1.01222 1.01825 1.02399 1.02346 1.03731 1.02198 1.06465 1.04533 1.06269 1.08884 1.08656 1.09667 1.08834 1.13557 1.11464 1.12462 1.15931 1.21393 1.16622 1.1983 1.23405 1.25494 1.23217 1.25129 1.28587 1.31765 1.34797 1.35835 1.3632 1.31415 1.41972 1.42685 1.41273 1.41279 1.4583 1.50037 1.55726 1.50774 1.54422 1.58434 1.5622 1.61937 1.61971 1.67126 1.69399 1.63587 
1.49749 1.63549 1.61904 1.51722 1.47741 1.45247 1.42165 1.37232 1.37871 1.42364 1.31352 1.32519 1.37657 1.36136 1.34472 1.33274 1.28343 1.2918 1.25076 1.20886 1.25557 1.24389 1.19962 1.16817 1.19247 1.15844 1.16366 1.17594 1.13631 1.10343 1.1164 1.06443 1.11317 1.11194 1.07013 1.05657 1.07086 1.02408 1.03775 1.04876 0.993358 1.01366 1.0189 1.00676 1.00395 1.00373 0.997861 0.99953 0.998238 0.999555 1.00091 1.00012 1.00776 1.00591 1.02011 1.01448 1.01728 1.02059 1.03193 1.04179 1.05087 1.05203 1.06217 1.05869 1.08855 1.07962 1.0903 1.11797 1.13801 1.15841 1.14694 1.16127 1.19439 1.2001 1.24737 1.23212 1.27585 1.26368 1.24322 1.291 1.35035 1.31904 1.36487 1.36866 1.41835 1.48222 1.42324 1.4899 1.44835 1.42471 1.5131 1.55581 1.57659 1.6055 1.59116 1.64376 1.64229 1.69101 1.74993 1.77575 
1.61834 1.61968 1.60661 1.60715 1.48791 1.44251 1.50592 1.45106 1.4006 1.36453 1.35314 1.38716 1.37826 1.391 1.32576 1.26483 1.23679 1.24661 1.22852 1.23424 1.17331 1.17614 1.20168 1.1981 1.17022 1.18184 1.13731 1.11523 1.11933 1.12153 1.07625 1.04208 1.08359 1.07981 1.09375 1.04762 1.03294 1.04133 1.02331 1.0437 1.02132 1.00857 1.02794 1.00948 1.0138 1.00817 1.00662 0.999076 0.997812 0.999202 0.999696 0.999953 1.00546 1.01271 1.00828 1.01052 1.03192 1.02366 1.04075 1.02433 1.06133 1.05811 1.076 1.0752 1.10897 1.11501 1.1263 1.12327 1.12006 1.16349 1.18346 1.15374 1.22817 1.2152 1.21193 1.25051 1.23359 1.23947 1.26783 1.27253 1.3461 1.35982 1.34982 1.37118 1.3883 1.40859 1.41689 1.41437 1.50617 1.46229 1.44812 1.51926 1.55949 1.57044 1.64229 1.67474 1.67446 1.69377 1.78812 1.74787 
1.49909 1.53754 1.53018 1.47291 1.56279 1.45007 1.49356 1.46851 1.38039 1.36504 1.39627 1.43431 1.3291 1.26207 1.40618 1.34018 1.28174 1.31919 1.25028 1.22928 1.22327 1.20992 1.175 1.19529 1.20601 1.15563 1.18482 1.10471 1.1309 1.10245 1.12104 1.06767 1.06037 1.07975 1.08644 1.04271 1.04003 1.02739 1.03266 1.021 1.03523 1.00331 1.00356 0.997103 1.00349 0.996399 0.998503 1.00438 0.999453 0.999988 0.999718 1.00149 1.00556 1.00683 1.013 1.00552 1.01389 1.02472 1.02621 1.0403 1.03902 1.05895 1.07624 1.0782 1.08011 1.10132 1.08894 1.12852 1.13191 1.07597 1.14201 1.14476 1.18746 1.18667 1.18606 1.27023 1.25832 1.24349 1.26231 1.34032 1.34852 1.33277 1.36554 1.33206 1.39821 1.42284 1.36785 1.3901 1.48188 1.52942 1.47369 1.48632 1.53296 1.50673 1.65083 1.59007 1.74676 1.65363 1.72939 1.69673 
1.39821 1.63782 1.52813 1.49677 1.56729 1.52671 1.57178 1.46889 1.36035 1.37872 1.43848 1.43276 1.30392 1.33861 1.35541 1.35969 1.22628 1.2827 1.29638 1.2914 1.1723 1.24501 1.19248 1.18795 1.17388 1.16646 1.21411 1.09996 1.08749 1.133 1.07633 1.0751 1.07652 1.06744 1.05848 1.09798 1.05427 1.03241 1.04282 1.0222 1.0278 1.01169 1.02387 1.00994 1.00374 0.99583 1.00361 1.00209 1.00003 0.999624 1.00045 1.00427 1.00491 1.00812 1.01208 1.00042 1.02414 1.04346 1.03934 1.03884 1.0535 1.0623 1.05802 1.07273 1.09588 1.09379 1.11049 1.11495 1.11874 1.13949 1.18121 1.18384 1.16869 1.20323 1.18867 1.23479 1.2268 1.27076 1.29189 1.26164 1.2914 1.36931 1.38166 1.3387 1.39697 1.38541 1.49568 1.4216 1.44089 1.48091 1.52535 1.55199 1.53155 1.49938 1.58104 1.63699 1.69407 1.72536 1.65726 1.67546 
1.52982 1.5806 1.48114 1.49809 1.50314 1.45613 1.4761 1.4215 1.42119 1.32972 1.34338 1.30872 1.31224 1.30835 1.32029 1.34801 1.34104 1.30052 1.25121 1.26781 1.21877 1.23729 1.22766 1.21438 1.12457 1.14302 1.14445 1.08461 1.15735 1.1343 1.12008 1.07025 1.05934 1.07437 1.05799 1.05299 1.02445 1.03444 1.06052 1.02947 1.00748 0.997788 1.00543 1.00402 1.01592 0.999465 0.996529 1.00115 1.00226 0.998711 1.00017 0.999333 1.00284 1.00975 1.02051 1.02085 1.01093 1.03377 1.0428 1.03757 1.053 1.0476 1.05169 1.08477 1.09043 1.08131 1.13626 1.11101 1.11552 1.17096 1.12108 1.15412 1.18441 1.2214 1.24443 1.19198 1.22053 1.22842 1.25172 1.2634 1.32621 1.31557 1.36815 1.34399 1.3309 1.39718 1.42543 1.46731 1.45132 1.45643 1.51395 1.54133 1.56285 1.6446 1.54481 1.63632 1.64376 1.72407 1.67238 1.75317 
1.5014 1.64872 1.63734 1.63409 1.48734 1.53657 1.42685 1.44179 1.39238 1.37079 1.3187 1.46833 1.32868 1.31518 1.32965 1.33461 1.32164 1.23803 1.2486 1.20594 1.22822 1.17159 1.17444 1.18277 1.13841 1.13193 1.17231 1.11348 1.1511 1.12995 1.10136 1.09097 1.06934 1.0947 1.04878 1.08823 1.03054 1.02175 1.02379 1.02565 1.00159 1.02121 1.0171 1.00567 0.995564 1.00075 0.999638 0.989224 1.00022 0.999749 1.0013 1.00181 1.00693 1.01279 1.01434 1.01758 1.03798 1.02872 1.03159 1.03773 1.04791 1.06312 1.04643 1.09474 1.07588 1.08655 1.14075 1.11863 1.08459 1.14671 1.17782 1.15001 1.17802 1.19407 1.19267 1.25645 1.22712 1.28341 1.29938 1.28551 1.26897 1.34309 1.37041 1.38101 1.38129 1.40843 1.40089 1.45237 1.46485 1.49875 1.48217 1.53747 1.50603 1.58388 1.56054 1.59546 1.6049 1.67298 1.66433 1.78918 
1.67758 1.52649 1.62448 1.49399 1.45003 1.48884 1.38319 1.46117 1.46549 1.43365 1.40209 1.38933 1.33013 1.36145 1.34292 1.27712 1.289 1.24353 1.23117 1.25028 1.19237 1.21174 1.15874 1.17887 1.22135 1.12575 1.12963 1.10751 1.15093 1.06342 1.08446 1.10733 1.05802 1.07795 1.06481 1.0496 1.06411 1.05468 1.02174 1.02709 1.00511 1.00107 1.01184 0.99485 1.00396 0.999918 0.997994 0.992826 0.997656 1.00024 1.00079 1.00208 1.00159 1.00894 1.00794 1.01216 1.0236 1.04812 1.04076 1.03799 1.05663 1.09729 1.08409 1.0698 1.09473 1.0962 1.09179 1.12817 1.15873 1.14057 1.18522 1.19978 1.14019 1.19171 1.20187 1.21902 1.24326 1.30271 1.28367 1.27816 1.21673 1.34751 1.35742 1.33641 1.42903 1.39724 1.44371 1.42674 1.44175 1.4445 1.48741 1.56978 1.52873 1.53642 1.5779 1.59299 1.59867 1.63799 1.68712 1.67778 
1.53653 1.54937 1.51277 1.48466 1.51532 1.54668 1.41455 1.50328 1.35976 1.45818 1.38985 1.32836 1.3918 1.35864 1.39017 1.23063 1.28462 1.22729 1.25403 1.27949 1.23116 1.24279 1.15528 1.14374 1.21234 1.17528 1.14991 1.15296 1.10656 1.09412 1.08398 1.05341 1.03996 1.04505 1.05903 1.03866 1.01097 1.02269 1.01687 1.03059 1.0219 1.01713 1.00714 1.00683 1.01031 1.00692 1.00333 0.996335 0.999906 0.999606 1.00007 1.00306 1.00786 1.01499 1.00443 1.02333 1.01874 1.03416 1.03635 1.03986 1.04181 1.03893 1.07185 1.0476 1.09137 1.11942 1.1173 1.10943 1.1501 1.14288 1.17185 1.16149 1.1791 1.21015 1.23827 1.26721 1.26948 1.27472 1.30752 1.29156 1.36629 1.36401 1.35852 1.38134 1.40544 1.42477 1.36432 1.48973 1.42331 1.52429 1.49821 1.55968 1.58971 1.55799 1.59171 1.59454 1.66916 1.64052 1.67585 1.74785 
1.63484 1.56515 1.53621 1.58075 1.48698 1.52927 1.52039 1.52653 1.45837 1.40089 1.36704 1.35469 1.3205 1.28391 1.34912 1.22474 1.32019 1.2462 1.214 1.23234 1.27323 1.16032 1.16059 1.21991 1.21028 1.14673 1.15749 1.15897 1.07161 1.13516 1.07857 1.11223 1.04691 1.0518 1.09042 1.02856 1.04938 1.01693 1.04629 1.01812 1.02222 1.00585 1.01518 1.00684 1.00448 0.998687 1.00423 0.9952 0.998751 0.999738 1.00005 1.00314 1.00216 1.01139 1.00455 1.00966 1.0235 1.03011 1.03758 1.03523 1.05769 1.04598 1.03963 1.07052 1.08165 1.08357 1.13613 1.1167 1.12345 1.17322 1.14455 1.16837 1.17443 1.19858 1.25271 1.23187 1.2152 1.23774 1.26946 1.28921 1.32954 1.32175 1.33839 1.35597 1.39531 1.43243 1.4117 1.34765 1.49569 1.47925 1.47989 1.4257 1.53227 1.59679 1.59293 1.60706 1.695 1.66576 1.64309 1.78676 
1.54234 1.52536 1.40605 1.55819 1.52038 1.46022 1.41311 1.49762 1.45539 1.45261 1.37661 1.42372 1.35007 1.35743 1.27034 1.27601 1.24292 1.2648 1.22266 1.23622 1.25672 1.20373 1.24802 1.20238 1.25021 1.1529 1.19589 1.12137 1.15878 1.11993 1.07871 1.12095 1.01114 1.09064 1.072 1.07039 1.02216 1.02503 1.02021 1.0244 1.01987 1.03378 1.02076 1.00871 1.00549 0.986907 1.00179 0.997679 0.997586 0.999441 0.999992 1.00544 1.00151 1.00895 1.01338 1.01548 1.01382 1.03583 1.04195 1.04381 1.0523 1.04617 1.07457 1.07595 1.12329 1.06967 1.11971 1.14171 1.12357 1.1558 1.14384 1.13193 1.18672 1.20978 1.19651 1.18259 1.25606 1.27975 1.29162 1.29381 1.35558 1.35406 1.36132 1.33291 1.42149 1.3639 1.40879 1.40214 1.45634 1.47884 1.53022 1.55108 1.55231 1.57573 1.66125 1.61949 1.62571 1.71222 1.67402 1.71098 
1.56314 1.54109 1.52018 1.51827 1.55023 1.47997 1.45755 1.38941 1.4502 1.43537 1.43569 1.40858 1.33335 1.33799 1.28101 1.25996 1.25089 1.28174 1.26398 1.19999 1.23166 1.22436 1.20863 1.13178 1.14197 1.10825 1.16553 1.17633 1.10912 1.1027 1.12075 1.10463 1.07214 1.07309 1.06068 1.06813 1.04237 1.03738 1.01308 1.02047 1.03234 1.0243 1.00774 1.01205 1.00023 0.994265 1.00498 0.997494 0.999697 0.999564 1.00047 1.00453 1.01002 1.00613 1.00972 1.01165 1.00305 1.03748 1.04478 1.05904 1.06755 1.05502 1.06027 1.06465 1.10684 1.09759 1.14553 1.13461 1.13495 1.14997 1.12206 1.18698 1.21862 1.16881 1.2094 1.22972 1.23189 1.26545 1.25838 1.25975 1.33273 1.36632 1.3688 1.35988 1.36549 1.39753 1.47825 1.51129 1.4957 1.47654 1.45205 1.5294 1.60823 1.60543 1.61632 1.57775 1.58799 1.64456 1.67809 1.69312 
1.50111 1.55371 1.52454 1.50132 1.55201 1.55912 1.47223 1.45592 1.39162 1.4297 1.47465 1.49796 1.3811 1.34145 1.27246 1.3152 1.32176 1.26618 1.1864 1.26209 1.22409 1.20575 1.17114 1.1685 1.23595 1.09282 1.12555 1.15745 1.08133 1.09557 1.10183 1.10292 1.08179 1.10449 1.04495 1.02708 1.02133 1.03171 1.00957 1.02718 1.02654 1.00882 1.0231 0.991481 1.00356 1.00585 1.00122 0.998632 1.00216 0.999491 1.00205 1.0009 1.00429 1.01499 1.01848 1.01153 1.02385 1.02911 1.0372 1.04184 1.06185 1.0677 1.06907 1.06778 1.08615 1.11673 1.13002 1.14512 1.11875 1.12413 1.15121 1.19389 1.17458 1.2042 1.19275 1.21778 1.22068 1.2288 1.2054 1.20959 1.28133 1.36236 1.39573 1.39161 1.4691 1.4039 1.4875 1.51984 1.45559 1.4824 1.52215 1.45889 1.50859 1.58727 1.52323 1.64803 1.63669 1.56899 1.66675 1.6916 
1.57176 1.67759 1.57906 1.56064 1.55664 1.56881 1.47935 1.48454 1.4986 1.45252 1.30381 1.31648 1.30208 1.35816 1.35627 1.27209 1.31304 1.3159 1.27821 1.30189 1.20551 1.23806 1.20109 1.20194 1.21552 1.17528 1.12048 1.14869 1.15028 1.0996 1.07236 1.08227 1.05629 1.06166 1.09905 1.04434 1.073 1.05018 0.999407 1.01465 1.00433 1.02541 1.02012 1.00563 1.00013 1.00503 0.998457 0.999339 0.997378 0.998177 1.00103 1.00258 0.999882 1.0128 1.00926 1.02285 1.01754 1.03108 1.03625 1.05968 1.05421 1.07541 1.06743 1.08686 1.08485 1.09053 1.10519 1.13125 1.14801 1.16 1.15881 1.1387 1.11944 1.17991 1.21098 1.21379 1.23013 1.2502 1.25992 1.27013 1.28508 1.32703 1.3964 1.33846 1.42113 1.42337 1.39587 1.50003 1.47891 1.47082 1.57381 1.55037 1.54644 1.56235 1.55327 1.62311 1.64159 1.64156 1.76381 1.76358 
1.59348 1.67227 1.4889 1.50451 1.50616 1.41632 1.52677 1.49768 1.41968 1.47414 1.36185 1.32249 1.34723 1.32612 1.37033 1.3504 1.18305 1.27187 1.21918 1.20228 1.25209 1.18322 1.2479 1.10511 1.13509 1.12678 1.15506 1.18493 1.08781 1.09052 1.13517 1.1106 1.0595 1.03701 1.0601 1.07462 1.05929 1.07616 1.03407 1.02675 1.02479 1.01447 1.01371 1.00476 0.993893 0.996324 0.99973 0.997202 0.999537 1.00024 1.00006 1.00209 1.00227 1.00518 1.01596 1.01946 1.02261 1.0327 1.02664 1.03749 1.04419 1.07673 1.07237 1.08103 1.05609 1.09756 1.11138 1.11914 1.14617 1.14946 1.16913 1.1726 1.18334 1.20868 1.2454 1.21405 1.25415 1.26418 1.29649 1.28722 1.33119 1.29928 1.30536 1.33381 1.39767 1.42366 1.4275 1.46086 1.43167 1.46269 1.50171 1.53531 1.53506 1.51477 1.50112 1.63756 1.57441 1.63406 1.59501 1.69913 
1.57999 1.43522 1.5385 1.57085 1.54646 1.48 1.40274 1.43177 1.48204 1.42752 1.48795 1.45038 1.40576 1.35519 1.2675 1.29346 1.2526 1.3192 1.27909 1.25536 1.25612 1.1587 1.19757 1.25273 1.1152 1.20247 1.13911 1.11357 1.07305 1.08608 1.05213 1.06143 1.06625 1.07435 1.07943 1.051 1.04909 1.04583 1.02236 1.03413 1.02435 1.01422 1.00001 1.00335 0.993069 0.992452 0.995351 1.00017 0.999681 1.00029 1.00086 0.998841 1.00722 1.00884 1.01684 1.01279 1.01334 1.02633 1.02782 1.04542 1.03781 1.08297 1.06364 1.05304 1.12958 1.10153 1.12271 1.12662 1.13992 1.10681 1.15896 1.19496 1.21334 1.21904 1.19817 1.21585 1.22665 1.26194 1.25061 1.29473 1.35683 1.29071 1.38384 1.3102 1.34901 1.43876 1.40523 1.47365 1.489 1.46257 1.44726 1.44926 1.54646 1.56121 1.53689 1.58507 1.64582 1.66989 1.74289 1.73153 
