-2 -1.9596 -1.91919 -1.87879 -1.83838 -1.79798 -1.75758 -1.71717 -1.67677 -1.63636 -1.59596 -1.55556 -1.51515 -1.47475 -1.43434 -1.39394 -1.35354 -1.31313 -1.27273 -1.23232 -1.19192 -1.15152 -1.11111 -1.07071 -1.0303 -0.989899 -0.949495 -0.909091 -0.868687 -0.828283 -0.787879 -0.747475 -0.707071 -0.666667 -0.626263 -0.585859 -0.545455 -0.505051 -0.464646 -0.424242 -0.383838 -0.343434 -0.30303 -0.262626 -0.222222 -0.181818 -0.141414 -0.10101 -0.0606061 -0.020202 0.020202 0.0606061 0.10101 0.141414 0.181818 0.222222 0.262626 0.30303 0.343434 0.383838 0.424242 0.464646 0.505051 0.545455 0.585859 0.626263 0.666667 0.707071 0.747475 0.787879 0.828283 0.868687 0.909091 0.949495 0.989899 1.0303 1.07071 1.11111 1.15152 1.19192 1.23232 1.27273 1.31313 1.35354 1.39394 1.43434 1.47475 1.51515 1.55556 1.59596 1.63636 1.67677 1.71717 1.75758 1.79798 1.83838 1.87879 1.91919 1.9596 2 
0.379615 0.392996 0.406692 0.420698 0.435008 0.449612 0.464501 0.479664 0.495088 0.510758 0.526658 0.542768 0.55907 0.575542 0.592158 0.608894 0.625723 0.642613 0.659535 0.676456 0.69334 0.710151 0.726853 0.743407 0.759772 0.775909 0.791776 0.807332 0.822535 0.837344 0.851717 0.865616 0.879 0.891831 0.904074 0.915694 0.926658 0.936937 0.946502 0.955331 0.963401 0.970693 0.977193 0.982887 0.987769 0.991832 0.995073 0.997496 0.999102 0.999901 0.999901 0.999117 0.997562 0.995256 0.992217 0.988468 0.984031 0.978931 0.973195 0.966849 0.959921 0.952439 0.944432 0.935928 0.926957 0.917547 0.907726 0.897524 0.886967 0.876084 0.864899 0.85344 0.841732 0.829798 0.817663 0.805349 0.792878 0.780271 0.767548 0.754729 0.741831 0.728874 0.715873 0.702845 0.689804 0.676766 0.663744 0.650752 0.637801 0.624903 0.61207 0.599312 0.586638 0.574058 0.561581 0.549214 0.536965 0.524841 0.512849 0.500995 
0.848255 0.864811 0.881113 0.861064 0.870836 0.860861 0.841856 0.76826 0.817764 0.824305 0.762012 0.784097 0.807958 0.779648 0.744966 0.755279 0.755723 0.704873 0.724625 0.69448 0.722729 0.738184 0.755167 0.719563 0.741195 0.755317 0.741564 0.751784 0.771774 0.732967 0.751784 0.779283 0.793917 0.763342 0.740016 0.790385 0.785681 0.811228 0.833961 0.826633 0.843101 0.853328 0.861783 0.887501 0.904904 0.914424 0.929148 0.949876 0.972091 0.990074 1.01047 1.03032 1.05467 1.07901 1.09562 1.14103 1.15727 1.1766 1.2161 1.24899 1.2798 1.30306 1.30161 1.36296 1.39937 1.4158 1.46657 1.50589 1.5486 1.55364 1.64396 1.65843 1.68595 1.74734 1.76442 1.8479 1.85446 1.88785 1.92056 1.97127 2.05726 2.06408 2.1849 2.15515 2.26323 2.23929 2.28383 2.40613 2.46369 2.47284 2.4696 2.6283 2.65593 2.65071 2.73923 2.70932 2.74982 2.82162 2.91046 2.93061 
0.901564 0.833123 0.798825 0.865986 0.836848 0.83171 0.814393 0.741035 0.831686 0.797287 0.749967 0.783323 0.755002 0.793838 0.789238 0.727529 0.805743 0.745222 0.764965 0.670085 0.698261 0.71368 0.719327 0.751154 0.754772 0.74093 0.746688 0.762735 0.754034 0.76207 0.749998 0.772471 0.748923 0.755634 0.77158 0.786087 0.814616 0.813573 0.793981 0.824719 0.851651 0.853966 0.878349 0.882596 0.901304 0.909507 0.92883 0.951627 0.969633 0.989065 1.00997 1.03198 1.05575 1.07868 1.10593 1.13357 1.15355 1.1717 1.22119 1.2259 1.2707 1.29046 1.33472 1.33339 1.39294 1.45447 1.44953 1.47644 1.52841 1.5359 1.62522 1.64532 1.66394 1.74252 1.80166 1.85548 1.85942 1.90983 1.95315 1.96875 2.05383 2.09783 2.08866 2.16126 2.18733 2.28601 2.31679 2.33553 2.33496 2.4165 2.46626 2.5313 2.60744 2.63677 2.65046 2.75488 2.77447 2.81948 2.88695 2.84358 
0.810853 0.93623 0.864916 0.822723 0.862785 0.874813 0.787744 0.878307 0.880167 0.884459 0.774927 0.730406 0.771603 0.777307 0.771813 0.80255 0.747998 0.75428 0.688995 0.748788 0.75094 0.723096 0.720635 0.759475 0.750741 0.78307 0.777142 0.731733 0.781669 0.716108 0.767712 0.763313 0.769024 0.777523 0.775407 0.803136 0.796067 0.799096 0.835056 0.819194 0.838619 0.851233 0.871309 0.879682 0.901019 0.92326 0.928894 0.953217 0.969634 0.990076 1.00977 1.03166 1.05456 1.08217 1.10624 1.12758 1.15051 1.16799 1.19064 1.22016 1.25873 1.28384 1.33492 1.36785 1.40216 1.43859 1.45664 1.49507 1.5363 1.56702 1.59678 1.65827 1.71789 1.68727 1.76578 1.84618 1.83269 1.86696 1.8949 1.99279 2.02969 2.06181 2.07397 2.16407 2.23066 2.20887 2.28243 2.3851 2.35962 2.47171 2.53967 2.49009 2.6019 2.66045 2.72132 2.75876 2.7693 2.86831 2.90437 2.87344 
0.874334 0.804814 0.792422 0.817877 0.861076 0.740444 0.815854 0.742944 0.747463 0.767661 0.83337 0.762566 0.764834 0.780806 0.706946 0.786421 0.799131 0.717779 0.751766 0.66822 0.762024 0.75473 0.757358 0.724555 0.764886 0.734276 0.732099 0.745627 0.732197 0.763934 0.746975 0.737435 0.75312 0.794539 0.774865 0.798073 0.796085 0.819737 0.798683 0.836019 0.841163 0.850577 0.860747 0.881104 0.904176 0.917513 0.929846 0.947137 0.969487 0.990168 1.01082 1.03231 1.05374 1.08296 1.10574 1.12714 1.14063 1.17428 1.19545 1.24425 1.27628 1.29432 1.34532 1.38416 1.37906 1.45202 1.48253 1.49836 1.54441 1.58672 1.57904 1.6228 1.68407 1.69463 1.77411 1.78947 1.89709 1.90316 1.83644 1.95572 1.98379 2.00127 2.10954 2.15036 2.19055 2.29785 2.26181 2.32582 2.47887 2.42619 2.4604 2.59649 2.54156 2.62704 2.72529 2.71392 2.75378 2.7572 2.80693 2.94574 
0.805501 0.900924 0.862832 0.87181 0.794428 0.80535 0.800603 0.763452 0.824546 0.83351 0.729938 0.825103 0.811734 0.802224 0.727245 0.739443 0.782281 0.790221 0.763584 0.71503 0.716861 0.722542 0.760316 0.736854 0.753155 0.765677 0.712141 0.751329 0.760266 0.743394 0.743882 0.776996 0.740155 0.781475 0.791283 0.770603 0.784881 0.807569 0.802462 0.84264 0.839657 0.85054 0.867058 0.882938 0.89889 0.9235 0.931055 0.952119 0.966735 0.989492 1.00994 1.03025 1.05515 1.07905 1.10536 1.12724 1.15132 1.17899 1.20601 1.22558 1.26596 1.29799 1.35987 1.35839 1.3949 1.42277 1.452 1.51335 1.53122 1.59899 1.61129 1.60453 1.66987 1.72023 1.80514 1.80282 1.84354 1.87211 1.95054 2.01396 2.04773 2.1159 2.0865 2.20078 2.2501 2.29157 2.2821 2.38729 2.31525 2.38395 2.46241 2.46672 2.55819 2.58356 2.67858 2.72845 2.79301 2.89965 2.84953 2.9321 
0.871193 0.909965 0.80553 0.841719 0.91337 0.839904 0.817255 0.822486 0.762235 0.787354 0.76999 0.750654 0.743911 0.821006 0.763576 0.711091 0.714631 0.787217 0.765098 0.764934 0.74208 0.751948 0.74738 0.694584 0.772801 0.74218 0.738139 0.744294 0.739113 0.73925 0.72048 0.749139 0.745196 0.767996 0.76714 0.764587 0.772079 0.808866 0.803623 0.829828 0.833724 0.858336 0.867038 0.893737 0.896669 0.918952 0.93414 0.954059 0.967314 0.990261 1.00942 1.03341 1.05986 1.07943 1.09709 1.12731 1.14658 1.17961 1.20941 1.23494 1.26146 1.30636 1.33074 1.34083 1.40571 1.41819 1.4499 1.52562 1.54759 1.53701 1.6 1.64575 1.66721 1.73231 1.78237 1.74135 1.87436 1.91683 1.90866 1.97854 2.00609 2.05155 2.11615 2.11384 2.21108 2.22448 2.30147 2.31875 2.41251 2.38897 2.46759 2.43702 2.49658 2.65588 2.63089 2.64574 2.80935 2.8668 2.91661 2.98404 
0.931868 0.85451 0.801211 0.794183 0.811554 0.889308 0.795692 0.835069 0.745496 0.902656 0.813342 0.785829 0.780543 0.734986 0.732725 0.776241 0.731285 0.724962 0.737458 0.724368 0.721823 0.761791 0.774997 0.735818 0.726753 0.732826 0.757096 0.747054 0.734338 0.771749 0.755062 0.781433 0.790904 0.749781 0.784682 0.807341 0.801936 0.815213 0.80984 0.836019 0.853875 0.857563 0.866919 0.889287 0.892596 0.914301 0.937407 0.950879 0.969754 0.989765 1.01014 1.02803 1.05428 1.07849 1.1064 1.13456 1.15358 1.18119 1.20429 1.22745 1.25766 1.30135 1.3366 1.3538 1.39665 1.4363 1.45274 1.50105 1.53122 1.59526 1.60701 1.67883 1.70608 1.7609 1.76694 1.75631 1.82911 1.90164 1.9837 1.97455 2.00377 1.95045 2.16767 2.15635 2.23404 2.30123 2.28639 2.25563 2.36882 2.42339 2.46301 2.4799 2.555 2.59649 2.64437 2.67693 2.7655 2.83764 2.8952 2.83494 
0.929513 0.936736 0.821802 0.861064 0.807982 0.824352 0.769022 0.768552 0.777964 0.797373 0.773047 0.780433 0.760215 0.835091 0.805773 0.7619 0.674548 0.760942 0.75179 0.732099 0.716801 0.739522 0.738379 0.76204 0.723019 0.731651 0.720312 0.77423 0.734337 0.74894 0.773595 0.791385 0.761706 0.777357 0.767415 0.783586 0.811977 0.797581 0.824952 0.8242 0.832029 0.857078 0.879335 0.886362 0.895355 0.917558 0.935334 0.948257 0.970752 0.989679 1.01054 1.03279 1.05587 1.07822 1.10232 1.12142 1.15239 1.17046 1.21736 1.23162 1.25337 1.27737 1.33048 1.38639 1.37337 1.43493 1.45505 1.4982 1.51951 1.55807 1.61481 1.63429 1.67199 1.73806 1.74532 1.78047 1.81649 1.90667 1.95584 1.9151 1.98853 2.11018 2.07599 2.17854 2.20615 2.26583 2.27771 2.3121 2.34983 2.43006 2.47654 2.60458 2.53164 2.58184 2.70803 2.74332 2.80333 2.79663 2.79741 2.85794 
0.937946 0.775229 0.867125 0.847455 0.874481 0.796363 0.833967 0.807454 0.781431 0.798487 0.771869 0.747216 0.83224 0.748428 0.754091 0.79069 0.782861 0.762395 0.759181 0.783168 0.765174 0.76626 0.797029 0.755289 0.776145 0.730779 0.739339 0.735387 0.804623 0.729794 0.740454 0.787062 0.78392 0.775761 0.794604 0.794558 0.798829 0.790803 0.81248 0.851451 0.831085 0.845756 0.865421 0.877777 0.902119 0.919063 0.939986 0.950503 0.969924 0.989723 1.01133 1.03156 1.05761 1.08063 1.10405 1.12518 1.14206 1.18033 1.19453 1.23771 1.27661 1.30165 1.32694 1.35718 1.37469 1.41434 1.4798 1.46745 1.53165 1.57416 1.61658 1.64802 1.69365 1.73844 1.75879 1.81262 1.82764 1.89954 1.92179 1.94393 1.98615 2.09229 2.05327 2.2105 2.15227 2.23662 2.2584 2.35368 2.36382 2.36693 2.48644 2.50015 2.48063 2.66207 2.6732 2.72474 2.70074 2.85879 2.88359 2.95425 
0.880268 0.771009 0.873906 0.896422 0.8193 0.779399 0.847756 0.789553 0.820772 0.784142 0.80779 0.839056 0.73079 0.811203 0.790542 0.798682 0.742154 0.753254 0.747887 0.728816 0.702502 0.741705 0.787082 0.78369 0.749205 0.76491 0.759326 0.76425 0.728536 0.73925 0.791726 0.758989 0.764323 0.775154 0.80567 0.790292 0.803452 0.814275 0.810205 0.838363 0.844101 0.852006 0.857294 0.881989 0.904476 0.9199 0.934018 0.953458 0.971098 0.989687 1.01083 1.03172 1.05529 1.08399 1.0972 1.11645 1.15485 1.17876 1.20785 1.25025 1.26106 1.31223 1.32768 1.33892 1.36608 1.43086 1.4511 1.50827 1.57672 1.5848 1.58652 1.63898 1.63554 1.71179 1.76956 1.83517 1.85858 1.88697 1.962 1.95416 1.9938 2.03052 2.08332 2.16913 2.16766 2.19536 2.23548 2.29465 2.33249 2.38725 2.46361 2.55067 2.60609 2.6377 2.65328 2.74424 2.74882 2.89568 2.95683 2.92896 
0.800993 0.859953 0.79968 0.801198 0.896659 0.838004 0.854553 0.831039 0.825388 0.836895 0.88852 0.811283 0.780562 0.737661 0.783309 0.798189 0.769385 0.707268 0.807224 0.756779 0.750507 0.732646 0.74655 0.767392 0.727441 0.742578 0.750777 0.755607 0.764178 0.760339 0.748041 0.748543 0.748282 0.783926 0.795618 0.778154 0.797081 0.799347 0.833492 0.830225 0.847736 0.863615 0.862328 0.894046 0.902047 0.92219 0.933264 0.950728 0.9711 0.989916 1.01025 1.03206 1.05564 1.08141 1.10262 1.13046 1.15512 1.17262 1.22775 1.23917 1.2501 1.26771 1.31995 1.37708 1.36265 1.41038 1.47122 1.51085 1.56732 1.5567 1.59973 1.61273 1.69153 1.7116 1.78605 1.83193 1.86583 1.87834 1.88458 1.95581 1.9754 2.08311 2.09345 2.17801 2.19616 2.26462 2.34065 2.4104 2.4287 2.33262 2.45847 2.55582 2.58272 2.55456 2.60885 2.76118 2.80927 2.90191 2.90863 2.94468 
0.851743 0.87224 0.865618 0.811901 0.87353 0.870119 0.866744 0.738241 0.784538 0.819637 0.842445 0.803646 0.813172 0.796089 0.784289 0.792971 0.732786 0.764364 0.762085 0.735485 0.755971 0.741851 0.726678 0.75655 0.716708 0.761337 0.717057 0.789197 0.768022 0.728169 0.774631 0.794026 0.778613 0.771508 0.792638 0.783097 0.822603 0.812885 0.824166 0.855203 0.854419 0.862293 0.863144 0.882064 0.900932 0.913374 0.938242 0.949228 0.970136 0.989918 1.01131 1.03222 1.05486 1.07859 1.10166 1.1142 1.14422 1.18136 1.21486 1.22376 1.26681 1.30099 1.33127 1.37177 1.38617 1.42023 1.45945 1.4946 1.4973 1.57581 1.62279 1.611 1.66196 1.65597 1.75734 1.78523 1.85268 1.86796 1.96528 1.91587 1.99973 2.04655 2.14783 2.13863 2.21793 2.1771 2.28931 2.31798 2.36373 2.38788 2.46245 2.55253 2.51511 2.6756 2.62285 2.76543 2.76737 2.80409 2.80238 2.88945 
0.887916 0.901187 0.81884 0.887932 0.75383 0.854508 0.7877 0.846041 0.815032 0.815398 0.825468 0.753782 0.771256 0.779688 0.752017 0.802458 0.776145 0.766475 0.735672 0.725948 0.764801 0.739445 0.73354 0.747046 0.787296 0.740635 0.745209 0.762014 0.73586 0.764252 0.752176 0.773663 0.799043 0.776519 0.772934 0.778384 0.815646 0.80189 0.818139 0.855229 0.838884 0.866771 0.859488 0.892125 0.896082 0.910266 0.932931 0.952625 0.972215 0.989286 1.01072 1.03184 1.05087 1.07357 1.10645 1.12098 1.16552 1.17223 1.20191 1.2277 1.25331 1.29364 1.32075 1.36273 1.39885 1.44685 1.45019 1.49706 1.52476 1.57008 1.63657 1.63548 1.67521 1.72608 1.75995 1.81019 1.83543 1.93738 1.92624 1.93817 1.99222 2.0564 2.10484 2.15408 2.27556 2.21368 2.2619 2.3534 2.33371 2.47238 2.48828 2.50015 2.55894 2.57711 2.61176 2.77076 2.7442 2.8501 2.9313 2.94339 
0.912725 0.847908 0.767061 0.886337 0.873874 0.819411 0.865099 0.933851 0.835636 0.784142 0.814049 0.735513 0.755616 0.768907 0.813569 0.801472 0.776052 0.776097 0.732753 0.777234 0.749601 0.771251 0.755966 0.772445 0.757646 0.738996 0.739169 0.760329 0.756081 0.767284 0.744728 0.776918 0.766544 0.786513 0.793541 0.797826 0.82027 0.814239 0.820242 0.823912 0.85118 0.857115 0.882158 0.880393 0.899652 0.92437 0.936254 0.94933 0.971323 0.989592 1.0108 1.03239 1.05522 1.07788 1.09582 1.13031 1.15034 1.17689 1.20255 1.23625 1.26055 1.31842 1.31574 1.34267 1.39473 1.40214 1.4648 1.48421 1.49462 1.5238 1.56269 1.60596 1.66675 1.71012 1.77169 1.82405 1.84878 1.91313 1.88641 1.99678 2.01329 2.14329 2.09875 2.14861 2.22824 2.19415 2.24118 2.31551 2.34983 2.45356 2.49003 2.49247 2.58525 2.59036 2.68043 2.68922 2.80935 2.85618 2.81791 2.9196 
0.92651 0.849821 0.860722 0.817517 0.849873 0.806544 0.792736 0.829197 0.769958 0.82606 0.816939 0.828156 0.796272 0.731641 0.760757 0.755534 0.793193 0.75592 0.716462 0.766549 0.729284 0.806475 0.788848 0.775807 0.787377 0.726721 0.755511 0.752036 0.780894 0.752191 0.779421 0.774337 0.774949 0.781763 0.767712 0.79551 0.797155 0.810488 0.824404 0.847609 0.851253 0.859236 0.881326 0.893867 0.896503 0.914827 0.936645 0.951799 0.970056 0.990303 1.01015 1.0325 1.05152 1.07157 1.08817 1.12546 1.15945 1.19179 1.20155 1.21472 1.2555 1.28966 1.29309 1.38454 1.37934 1.41755 1.46484 1.52626 1.5266 1.55311 1.59524 1.64379 1.6845 1.66963 1.72562 1.81293 1.76913 1.82267 1.91309 1.98051 1.98295 2.05586 2.0873 2.13216 2.15367 2.12246 2.24996 2.27224 2.4126 2.41676 2.39846 2.43491 2.53332 2.64548 2.65714 2.76263 2.74816 2.77945 2.82042 2.86473 
0.869388 0.852334 0.942206 0.907862 0.791541 0.850791 0.859383 0.789344 0.815614 0.788725 0.734869 0.84282 0.767162 0.764276 0.804707 0.789086 0.81516 0.78571 0.733713 0.773339 0.766488 0.797901 0.727529 0.729144 0.748745 0.776805 0.799815 0.775301 0.758562 0.777537 0.767801 0.767855 0.775238 0.770212 0.763473 0.811069 0.817416 0.794283 0.820864 0.829061 0.876625 0.848328 0.875357 0.88208 0.907333 0.922502 0.934403 0.95032 0.967189 0.989657 1.01001 1.03081 1.05402 1.0752 1.09805 1.13388 1.14644 1.18419 1.20506 1.24672 1.26886 1.28852 1.31727 1.34249 1.35965 1.43653 1.45265 1.50605 1.51711 1.50402 1.61859 1.61721 1.67297 1.67373 1.7456 1.80877 1.80028 1.92556 1.93021 1.96866 2.01145 2.02125 2.03568 2.13972 2.21498 2.28498 2.25577 2.35691 2.3725 2.47863 2.45046 2.51491 2.51198 2.6377 2.64271 2.72105 2.71735 2.87672 2.90835 2.8558 
0.955382 0.978102 0.931283 0.846177 0.92028 0.919118 0.807699 0.763848 0.813332 0.806108 0.878602 0.678012 0.788155 0.747849 0.776199 0.802951 0.733367 0.745831 0.752883 0.699628 0.781873 0.751096 0.819039 0.756936 0.787296 0.740256 0.716596 0.754631 0.763336 0.788051 0.799609 0.771582 0.780556 0.797788 0.800433 0.787389 0.812256 0.808253 0.800131 0.831372 0.850728 0.863777 0.862888 0.885537 0.901145 0.923604 0.935411 0.954493 0.972617 0.989549 1.01089 1.03209 1.05282 1.08122 1.11041 1.13388 1.14681 1.18203 1.21759 1.23817 1.26152 1.30936 1.32647 1.34787 1.41314 1.43203 1.4663 1.50101 1.5122 1.54463 1.60476 1.64538 1.66446 1.70863 1.7778 1.79655 1.85636 1.90884 1.91535 1.92875 1.95445 2.0485 2.12863 2.12076 2.15617 2.24442 2.30296 2.33569 2.38064 2.35542 2.37397 2.50819 2.53767 2.58537 2.62285 2.66521 2.77501 2.77267 2.85414 2.93396 
0.938384 0.806916 0.802265 0.851837 0.86457 0.813982 0.905134 0.786168 0.845716 0.856117 0.806698 0.812505 0.74183 0.797207 0.80379 0.813933 0.776534 0.803737 0.790645 0.751112 0.797134 0.716793 0.723741 0.764433 0.780541 0.743744 0.790887 0.784922 0.761105 0.761741 0.767169 0.740085 0.758438 0.81227 0.799551 0.778844 0.795259 0.82262 0.830823 0.837493 0.8409 0.863893 0.871155 0.886541 0.908084 0.921327 0.945344 0.955956 0.969606 0.989413 1.01032 1.03059 1.05589 1.07827 1.10169 1.12562 1.15304 1.16482 1.2083 1.23696 1.25683 1.306 1.33586 1.36324 1.38759 1.43429 1.4474 1.49266 1.55317 1.55462 1.57413 1.646 1.6728 1.73565 1.76131 1.79605 1.84312 1.88317 1.92013 1.96304 1.95339 2.09797 2.08336 2.12992 2.16923 2.1964 2.20566 2.29677 2.37845 2.43979 2.40378 2.46369 2.56684 2.59535 2.66024 2.6569 2.75343 2.77588 2.90038 2.97019 
0.914668 0.886534 0.868004 0.808213 0.843721 0.803233 0.862223 0.860871 0.860481 0.773654 0.752857 0.810823 0.816581 0.766566 0.799849 0.769198 0.761464 0.766097 0.698236 0.801594 0.732529 0.794475 0.707794 0.744463 0.773219 0.76926 0.787928 0.757741 0.764953 0.751643 0.742928 0.773067 0.769556 0.764912 0.776681 0.810133 0.816132 0.819574 0.830517 0.824348 0.866943 0.848463 0.87294 0.889895 0.906614 0.909663 0.937958 0.955702 0.972309 0.988915 1.01092 1.03018 1.053 1.07413 1.10281 1.12511 1.15208 1.18492 1.19648 1.21981 1.24162 1.26666 1.32853 1.34906 1.3655 1.4074 1.44449 1.50962 1.51846 1.55209 1.59122 1.6465 1.67235 1.71364 1.76761 1.80605 1.79111 1.84651 1.9115 1.98702 2.00703 2.07149 2.09345 2.14877 2.1978 2.23461 2.2725 2.22718 2.35297 2.4251 2.53154 2.55041 2.62012 2.52157 2.63405 2.62325 2.68274 2.86125 2.86575 2.8748 
0.838808 0.901187 0.853993 0.856639 0.858984 0.875548 0.827274 0.880696 0.817672 0.806665 0.848716 0.876025 0.722097 0.782414 0.810159 0.754786 0.818299 0.781635 0.769422 0.789284 0.743046 0.778432 0.749539 0.774065 0.786568 0.772719 0.761167 0.778862 0.765041 0.756853 0.795772 0.791463 0.767591 0.784214 0.787522 0.795416 0.790361 0.826966 0.841887 0.844491 0.867473 0.873965 0.880304 0.880821 0.907997 0.92668 0.939982 0.954955 0.970232 0.990103 1.00994 1.02962 1.05615 1.07158 1.09471 1.12745 1.145 1.18245 1.20832 1.2337 1.26413 1.28013 1.30402 1.35004 1.39039 1.41604 1.47049 1.49143 1.51082 1.54211 1.57919 1.63802 1.67243 1.6737 1.71438 1.76025 1.79595 1.83656 1.88891 1.99597 1.96219 2.03066 2.03836 2.12856 2.19162 2.14331 2.2604 2.23279 2.31733 2.46637 2.44207 2.51703 2.53793 2.53656 2.6173 2.65926 2.64852 2.80683 2.85792 2.92246 
0.966471 0.91732 0.836742 0.858972 0.886292 0.849785 0.817717 0.821992 0.822104 0.884248 0.809421 0.867714 0.799106 0.783611 0.827317 0.793535 0.842058 0.75213 0.725243 0.727246 0.805714 0.810926 0.773826 0.766646 0.766113 0.776881 0.725985 0.754277 0.783283 0.764346 0.773292 0.776804 0.762347 0.797348 0.792362 0.795313 0.778856 0.807027 0.81958 0.833734 0.84412 0.846179 0.878093 0.876507 0.900213 0.925777 0.9372 0.954609 0.971595 0.990228 1.01003 1.03364 1.05199 1.07333 1.09913 1.11701 1.15215 1.1661 1.19531 1.23621 1.273 1.28067 1.31579 1.33395 1.37419 1.40123 1.42596 1.47367 1.52274 1.57363 1.63405 1.64427 1.66745 1.69916 1.76364 1.79058 1.84964 1.83305 1.94509 1.97807 1.99635 2.08919 2.14243 2.21685 2.14268 2.25272 2.19722 2.29642 2.36182 2.42189 2.45102 2.52664 2.54977 2.67069 2.60214 2.79943 2.70602 2.80949 2.76523 2.95847 
0.874327 0.870701 0.916142 0.898952 0.880026 0.822234 0.839992 0.871746 0.778806 0.822293 0.796203 0.798364 0.804895 0.789271 0.797656 0.795051 0.795899 0.816113 0.78227 0.766963 0.790578 0.757799 0.748369 0.771158 0.749945 0.714362 0.766473 0.778149 0.803935 0.739246 0.790154 0.78605 0.784679 0.774949 0.776369 0.814584 0.800188 0.839063 0.817353 0.857617 0.850973 0.859057 0.86066 0.886346 0.910615 0.924319 0.93322 0.949355 0.969948 0.989458 1.0096 1.03286 1.05288 1.07919 1.09781 1.13007 1.14646 1.17372 1.19806 1.21572 1.26446 1.27431 1.33266 1.34595 1.39032 1.39586 1.43885 1.44549 1.51123 1.57185 1.60118 1.66106 1.63793 1.70743 1.77838 1.78795 1.85858 1.83611 1.87835 1.98774 1.98369 2.00241 2.09514 2.16929 2.12696 2.23035 2.22836 2.35085 2.36174 2.36705 2.38086 2.44819 2.55542 2.53561 2.72979 2.73224 2.77124 2.84312 2.84512 2.87346 
0.952313 0.770166 0.855073 0.865293 0.856368 0.919118 0.841959 0.869447 0.871969 0.779819 0.793611 0.863653 0.805509 0.73842 0.720012 0.812091 0.748524 0.788626 0.762179 0.806457 0.730065 0.799899 0.744922 0.747294 0.764886 0.742475 0.772413 0.830175 0.768703 0.794017 0.757763 0.776125 0.803807 0.764389 0.765745 0.789142 0.809066 0.83295 0.832792 0.840456 0.848656 0.870674 0.883998 0.896216 0.907371 0.918252 0.936602 0.951995 0.971066 0.990522 1.01045 1.03084 1.05237 1.07921 1.09963 1.12971 1.13407 1.1768 1.21548 1.23681 1.25721 1.29059 1.32386 1.36389 1.36212 1.40741 1.4525 1.4797 1.51653 1.56046 1.61241 1.63221 1.63986 1.72998 1.74125 1.8108 1.81754 1.85986 1.90251 1.87288 2.03789 1.98215 2.05413 2.10676 2.17194 2.15698 2.32109 2.26773 2.35605 2.42981 2.42219 2.49172 2.54122 2.6062 2.58267 2.71988 2.79126 2.76152 2.83834 2.77686 
0.914361 0.903363 0.90316 0.883747 0.854354 0.893355 0.869423 0.895534 0.874028 0.865236 0.771869 0.842197 0.790951 0.799394 0.785061 0.807474 0.744224 0.788243 0.813274 0.783168 0.797447 0.813109 0.722752 0.762837 0.766491 0.760739 0.728116 0.759887 0.774505 0.773476 0.764195 0.776624 0.785597 0.793492 0.779921 0.807017 0.807393 0.841064 0.844735 0.840751 0.85489 0.858077 0.86702 0.888354 0.90401 0.919432 0.937751 0.954686 0.973444 0.989695 1.00949 1.03156 1.05406 1.07278 1.10155 1.12444 1.14275 1.1772 1.19925 1.23258 1.26224 1.29027 1.30322 1.36525 1.39334 1.42297 1.44401 1.46313 1.52677 1.57753 1.57404 1.64802 1.64805 1.67353 1.749 1.80342 1.85964 1.81478 1.93996 1.92962 1.9693 2.09656 2.13493 2.18353 2.17173 2.231 2.29501 2.33791 2.34406 2.34089 2.42609 2.49884 2.57786 2.66706 2.68219 2.67242 2.77004 2.77938 2.82323 2.96103 
0.832083 0.936794 0.828757 0.850979 0.820214 0.835886 0.894023 0.798504 0.80365 0.801956 0.822583 0.889856 0.867089 0.765318 0.845011 0.696989 0.802703 0.79974 0.741915 0.804911 0.828813 0.789433 0.775381 0.749937 0.780959 0.736285 0.783199 0.7581 0.803937 0.786429 0.782004 0.745091 0.786441 0.801518 0.800238 0.823039 0.796959 0.810417 0.824348 0.86295 0.859655 0.866888 0.877313 0.894312 0.9121 0.922294 0.940245 0.955432 0.96915 0.989803 1.01009 1.03078 1.05536 1.07546 1.10372 1.11551 1.15382 1.17624 1.20771 1.23972 1.24212 1.29218 1.33539 1.36649 1.39637 1.40161 1.45806 1.47882 1.49827 1.5018 1.60192 1.59649 1.68307 1.69963 1.74075 1.7467 1.81375 1.87736 1.89333 1.94568 1.93921 2.01354 2.11423 2.12206 2.14463 2.19762 2.25626 2.26331 2.34065 2.43794 2.42219 2.46008 2.46138 2.51082 2.70334 2.70653 2.72115 2.8056 2.77496 2.80115 
0.828877 0.900286 0.868683 0.956648 0.870458 0.718619 0.831229 0.796369 0.86368 0.858428 0.796284 0.794625 0.795519 0.81631 0.836148 0.833545 0.822841 0.801856 0.780889 0.72505 0.790986 0.73681 0.788507 0.756645 0.803867 0.781904 0.781603 0.745988 0.750713 0.795556 0.763451 0.780457 0.806038 0.771521 0.811399 0.816271 0.807087 0.829814 0.824434 0.852277 0.857416 0.858912 0.864267 0.892168 0.901247 0.91822 0.935758 0.955527 0.96958 0.989719 1.01017 1.02915 1.05319 1.07292 1.09662 1.12188 1.14972 1.17913 1.21098 1.24058 1.25483 1.30415 1.32709 1.34407 1.37819 1.44079 1.43222 1.469 1.49894 1.53812 1.6298 1.6293 1.64484 1.67632 1.69711 1.73376 1.82037 1.82945 1.93565 1.9117 1.93679 2.04215 2.03489 2.13491 2.14322 2.2162 2.23698 2.22846 2.37189 2.42881 2.40399 2.54901 2.57516 2.62704 2.60842 2.65493 2.64657 2.83161 2.88415 2.80521 
0.93896 0.912462 0.90768 0.791594 0.853596 0.780593 0.863397 0.853554 0.852857 0.791123 0.846043 0.836404 0.845291 0.821585 0.784348 0.864177 0.768717 0.792146 0.770461 0.773113 0.763428 0.824308 0.776327 0.786992 0.8163 0.746843 0.774829 0.750359 0.813398 0.802066 0.72026 0.749226 0.760318 0.788991 0.794539 0.795248 0.824744 0.819503 0.84724 0.831346 0.85457 0.875485 0.879471 0.894149 0.894074 0.917649 0.936435 0.95521 0.971642 0.990277 1.00935 1.02916 1.05089 1.06926 1.10518 1.11512 1.14614 1.18582 1.19877 1.21649 1.25427 1.2789 1.31502 1.33736 1.35864 1.39568 1.44576 1.49127 1.50943 1.5215 1.59473 1.64836 1.66854 1.70167 1.76189 1.73578 1.80996 1.90359 1.88596 1.927 2.01294 2.04678 2.13544 2.06153 2.124 2.21916 2.2421 2.39115 2.27382 2.4289 2.43504 2.48948 2.4487 2.54938 2.61669 2.67648 2.72464 2.75117 2.70313 2.90452 
0.915728 0.997312 0.897058 0.885102 0.751172 0.90636 0.857878 0.926631 0.951111 0.810605 0.840646 0.879852 0.824104 0.803447 0.802041 0.768342 0.785951 0.820615 0.747887 0.803978 0.748167 0.79224 0.721412 0.787456 0.767609 0.754957 0.780508 0.771999 0.765042 0.748611 0.769959 0.777289 0.804265 0.788703 0.793661 0.7923 0.837035 0.821973 0.846042 0.840214 0.86188 0.871986 0.891188 0.887279 0.901717 0.915865 0.934317 0.953884 0.970782 0.990263 1.00936 1.03102 1.04758 1.07589 1.0986 1.11989 1.14753 1.15941 1.19707 1.23599 1.25389 1.28754 1.32553 1.34161 1.37697 1.41608 1.44478 1.47407 1.50717 1.56139 1.60461 1.64725 1.65796 1.72386 1.77179 1.76905 1.82521 1.82626 1.91135 1.94475 2.02265 1.96939 2.05909 2.18096 2.17204 2.23839 2.21669 2.29524 2.37056 2.35608 2.2913 2.52959 2.49502 2.51486 2.621 2.65356 2.78277 2.7036 2.81525 2.81387 
0.94409 0.972606 0.865996 0.982538 0.906497 0.895961 0.830517 0.821138 0.82613 0.815657 0.857952 0.790501 0.803865 0.78145 0.834963 0.799446 0.793292 0.77459 0.807224 0.771662 0.751751 0.780094 0.752209 0.780362 0.782159 0.756417 0.761924 0.752393 0.793608 0.766221 0.80413 0.809203 0.815276 0.773296 0.82065 0.827072 0.803071 0.827652 0.84105 0.84065 0.852084 0.8716 0.874983 0.873447 0.899986 0.915664 0.940488 0.958713 0.970721 0.990496 1.01013 1.02936 1.05031 1.07194 1.09551 1.11913 1.13962 1.17935 1.18048 1.22523 1.25052 1.29658 1.31336 1.32704 1.37892 1.40251 1.4133 1.47014 1.52358 1.54348 1.60322 1.61628 1.65301 1.70268 1.70594 1.79048 1.80543 1.8266 1.92067 1.94007 1.96678 2.10137 2.04066 2.06638 2.12681 2.19575 2.27366 2.31313 2.3248 2.32253 2.35593 2.44959 2.48594 2.55206 2.57033 2.61543 2.79523 2.75494 2.83932 2.88945 
0.934433 0.957485 0.914509 0.799767 0.895366 0.93627 0.930022 0.823916 0.879417 0.857057 0.896205 0.851904 0.77178 0.825932 0.798782 0.793903 0.759486 0.79383 0.860817 0.758299 0.770639 0.810423 0.767231 0.780414 0.772518 0.75292 0.780497 0.800867 0.786878 0.782603 0.797622 0.769313 0.798755 0.803267 0.799515 0.795986 0.795918 0.841621 0.845811 0.847583 0.852724 0.867796 0.878671 0.895983 0.903734 0.925622 0.940467 0.951408 0.969575 0.990644 1.01062 1.03289 1.05598 1.07058 1.09182 1.11305 1.14838 1.16715 1.19828 1.22227 1.25137 1.3049 1.33594 1.35566 1.38567 1.4085 1.43342 1.46249 1.49495 1.5144 1.58297 1.65927 1.64758 1.71392 1.68538 1.76339 1.83552 1.84552 1.92612 1.91809 1.97465 2.0128 2.0895 2.13341 2.09911 2.21353 2.29867 2.30154 2.32838 2.2783 2.44326 2.48056 2.53391 2.57502 2.58011 2.61722 2.65682 2.82162 2.85463 2.85344 
0.939169 0.873141 0.894873 0.897733 0.919558 0.832086 0.903248 0.930481 0.8444 0.880222 0.805606 0.841674 0.834986 0.75248 0.804353 0.848579 0.846895 0.803305 0.812087 0.814162 0.790608 0.772512 0.821709 0.758634 0.744 0.795533 0.72673 0.801578 0.777664 0.75001 0.793891 0.76637 0.779157 0.797954 0.79652 0.792669 0.808053 0.824154 0.846626 0.851693 0.858861 0.857293 0.883113 0.907786 0.916318 0.916208 0.938282 0.957967 0.969858 0.991262 1.01061 1.03076 1.04805 1.06838 1.09793 1.12664 1.14049 1.18356 1.20574 1.20985 1.21833 1.26588 1.32347 1.35445 1.34546 1.40717 1.41905 1.44819 1.5271 1.54764 1.58702 1.61752 1.63516 1.69925 1.75423 1.73944 1.80206 1.86389 1.91999 1.94278 1.93411 2.02966 2.07946 2.09896 2.12276 2.23461 2.24127 2.2173 2.26314 2.34693 2.41992 2.40473 2.53291 2.62128 2.58019 2.57411 2.69325 2.87652 2.79804 2.88581 
0.949958 0.892425 0.827452 0.908916 0.899546 0.820334 0.916863 0.891781 0.887882 0.835994 0.877193 0.86794 0.814114 0.84726 0.886704 0.882203 0.845821 0.847876 0.784308 0.826334 0.757843 0.743845 0.79106 0.801969 0.794226 0.7827 0.772402 0.759884 0.75856 0.78847 0.803221 0.77248 0.786826 0.811664 0.821512 0.810917 0.816739 0.859903 0.849947 0.850867 0.853367 0.875404 0.887515 0.900135 0.906673 0.917331 0.933158 0.96038 0.970854 0.989902 1.00996 1.02983 1.05004 1.07588 1.08946 1.1209 1.15102 1.17124 1.20089 1.19505 1.23141 1.27223 1.28389 1.33028 1.36236 1.41954 1.45329 1.47743 1.50314 1.60045 1.58661 1.56742 1.6066 1.7205 1.71506 1.74641 1.82479 1.8312 1.89229 1.96242 1.93689 1.93006 2.0857 2.12372 2.10278 2.21635 2.26098 2.30521 2.32497 2.2702 2.38883 2.43088 2.56273 2.57072 2.65203 2.57762 2.65969 2.78643 2.80154 2.84358 
0.946883 0.988087 0.956896 0.902442 0.909191 0.926714 0.888482 0.901488 0.777573 0.765005 0.890895 0.870157 0.859426 0.822498 0.821896 0.774654 0.840519 0.801292 0.780256 0.797793 0.751443 0.785562 0.731113 0.760393 0.778154 0.786918 0.779373 0.76568 0.778938 0.780229 0.768936 0.778394 0.812127 0.810674 0.794604 0.799424 0.811225 0.847083 0.827706 0.84177 0.857677 0.862617 0.879454 0.882092 0.910505 0.926161 0.931975 0.955829 0.970699 0.989835 1.00928 1.02792 1.05213 1.07137 1.10275 1.13092 1.15219 1.17261 1.20116 1.2341 1.24859 1.27867 1.29983 1.33431 1.34932 1.38925 1.45553 1.47228 1.47509 1.50495 1.57653 1.63693 1.65877 1.66906 1.73135 1.76339 1.79553 1.84355 1.88206 1.91251 2.0029 1.98224 2.10696 2.07905 2.10363 2.21289 2.1737 2.29439 2.3893 2.37172 2.35722 2.44221 2.4575 2.51159 2.66967 2.73015 2.68018 2.74843 2.75432 2.87159 
0.919922 0.937637 0.890403 0.963663 0.96012 0.925332 0.850494 0.821595 0.897564 0.869262 0.858498 0.796457 0.855928 0.834487 0.820326 0.806927 0.799515 0.798847 0.787133 0.833841 0.781371 0.768469 0.794869 0.794953 0.828759 0.821343 0.792477 0.755704 0.801706 0.771522 0.788215 0.806224 0.79931 0.782064 0.81629 0.835883 0.844826 0.838358 0.841656 0.83255 0.857755 0.873327 0.890782 0.906505 0.91223 0.916987 0.939826 0.95513 0.973109 0.990648 1.00963 1.02977 1.04958 1.07488 1.09594 1.12661 1.12702 1.14985 1.20164 1.23072 1.225 1.27895 1.31956 1.34761 1.38341 1.41132 1.43174 1.45112 1.51019 1.5172 1.58232 1.61035 1.6137 1.7049 1.73116 1.81576 1.84111 1.86313 1.92624 1.90758 1.99367 2.04492 2.0058 2.11078 2.10268 2.18796 2.27887 2.26287 2.27033 2.40361 2.36784 2.44981 2.43146 2.59665 2.57059 2.6294 2.70951 2.82265 2.88499 2.88088 
0.931083 0.919628 0.913204 0.917827 0.866164 0.93771 0.872747 0.942607 0.882317 0.92398 0.868193 0.863653 0.829387 0.837831 0.802723 0.854946 0.836552 0.800305 0.828892 0.806906 0.791076 0.804222 0.780667 0.783664 0.761057 0.817959 0.766729 0.78269 0.781078 0.826274 0.770584 0.811569 0.803218 0.80017 0.814323 0.794558 0.818933 0.83962 0.832944 0.835208 0.852326 0.886366 0.88177 0.899673 0.909996 0.927736 0.937588 0.955532 0.973702 0.990254 1.00986 1.0305 1.04801 1.07223 1.08963 1.1208 1.1397 1.15657 1.19545 1.221 1.23059 1.30135 1.29334 1.34761 1.38929 1.42023 1.46347 1.47767 1.51565 1.55678 1.60328 1.60662 1.62825 1.69702 1.73106 1.77249 1.77428 1.83633 1.85619 1.94923 1.93824 1.98355 2.0058 2.06502 2.11291 2.2133 2.21014 2.23724 2.28426 2.33137 2.44545 2.41409 2.45735 2.5548 2.56451 2.58121 2.69733 2.62844 2.7488 2.89123 
1.02602 0.974914 0.980048 0.927792 0.917815 0.90793 0.929251 0.833159 0.975956 0.891353 0.766392 0.771575 0.828128 0.846167 0.843853 0.804245 0.830762 0.841352 0.832311 0.810327 0.768012 0.809953 0.756986 0.812066 0.768418 0.800462 0.789868 0.770928 0.769476 0.76207 0.800632 0.775148 0.791748 0.795791 0.820664 0.830451 0.815044 0.839351 0.850416 0.82032 0.840575 0.865656 0.890849 0.905127 0.907211 0.926218 0.937462 0.955855 0.971235 0.990805 1.01008 1.02917 1.05174 1.06935 1.10058 1.11296 1.14086 1.15661 1.20578 1.22297 1.25087 1.29749 1.31559 1.33324 1.36866 1.40044 1.41218 1.46971 1.49643 1.53351 1.54366 1.60755 1.64181 1.68486 1.68325 1.70152 1.77839 1.76428 1.93156 1.9536 1.9385 1.98719 2.0432 2.07669 2.11215 2.18385 2.14778 2.32711 2.31762 2.33416 2.35837 2.36489 2.46322 2.59853 2.59527 2.66061 2.7262 2.69738 2.73572 2.80371 
0.953877 0.990842 0.902205 0.890101 0.934677 0.885182 0.943996 0.846236 0.910262 0.805467 0.784703 0.882604 0.808324 0.795535 0.874201 0.865218 0.825639 0.784684 0.777352 0.754075 0.829869 0.785588 0.807028 0.795811 0.784559 0.78306 0.778366 0.767724 0.799409 0.796936 0.806238 0.829479 0.822752 0.806364 0.785144 0.815196 0.830166 0.846994 0.826708 0.849312 0.852235 0.861681 0.886259 0.901653 0.904287 0.930383 0.941043 0.9568 0.973711 0.990638 1.00926 1.03171 1.04915 1.07332 1.09839 1.12639 1.14654 1.17483 1.18009 1.21623 1.24797 1.2729 1.30729 1.33642 1.36104 1.37643 1.4576 1.46483 1.47245 1.52936 1.61966 1.59428 1.62204 1.69359 1.69566 1.76339 1.80387 1.83732 1.88415 1.87806 1.95484 2.00554 2.01481 2.15535 2.11572 2.194 2.23415 2.26415 2.30008 2.36634 2.42952 2.39332 2.51198 2.63324 2.61105 2.71338 2.63331 2.79437 2.71074 2.85116 
0.945175 0.858224 0.885456 0.890341 0.943523 0.941239 0.865099 0.927111 0.867454 0.866693 0.850968 0.852975 0.853024 0.877388 0.813656 0.839565 0.792804 0.827233 0.772514 0.755846 0.773009 0.792744 0.792731 0.773706 0.843592 0.784596 0.791271 0.780195 0.759244 0.802716 0.812752 0.788666 0.837479 0.797649 0.821743 0.804746 0.828759 0.829471 0.839642 0.847794 0.86591 0.877023 0.878894 0.899022 0.916163 0.929061 0.93938 0.957715 0.974626 0.990839 1.00944 1.03037 1.04949 1.07245 1.09785 1.12042 1.14682 1.14959 1.19718 1.2116 1.22641 1.27804 1.29294 1.34304 1.3524 1.40359 1.43218 1.48052 1.5007 1.55089 1.58129 1.60646 1.63988 1.68504 1.67123 1.74529 1.80879 1.8698 1.81851 1.89265 1.94702 2.05468 2.05783 2.06163 2.16399 2.1573 2.19655 2.25207 2.28654 2.38112 2.37024 2.44678 2.46221 2.53603 2.58091 2.59107 2.75029 2.77636 2.78245 2.84757 
0.936814 0.933791 1.00536 0.925819 0.909191 0.834801 0.882787 0.931814 0.78962 0.815572 0.863349 0.850608 0.780019 0.844495 0.875295 0.836774 0.851666 0.788896 0.830906 0.773019 0.788269 0.807959 0.792221 0.783647 0.867606 0.807448 0.807625 0.773424 0.765293 0.814777 0.808479 0.779041 0.8183 0.787944 0.796029 0.81644 0.820929 0.822748 0.855003 0.874457 0.860067 0.874541 0.897416 0.888196 0.915401 0.925149 0.942865 0.955895 0.974046 0.990796 1.00942 1.03093 1.05187 1.0649 1.09434 1.11138 1.13467 1.17173 1.18915 1.22575 1.25973 1.24617 1.28642 1.32272 1.38823 1.39378 1.41487 1.44581 1.48055 1.51583 1.54791 1.61469 1.64739 1.68866 1.70691 1.80625 1.79091 1.83435 1.89119 1.91229 2.01988 2.02934 2.05685 2.05002 2.14173 2.10919 2.16691 2.30674 2.30749 2.31213 2.44498 2.44875 2.49591 2.51924 2.62921 2.61596 2.59951 2.77521 2.78062 2.74643 
0.928865 0.937373 0.92262 0.933528 0.884205 0.915151 0.826399 0.88331 0.864522 0.920854 0.826808 0.890367 0.839604 0.82381 0.836239 0.897199 0.843361 0.83741 0.796889 0.779688 0.823911 0.857871 0.813964 0.770832 0.766517 0.794671 0.803152 0.755248 0.793608 0.778607 0.772144 0.791757 0.788661 0.833954 0.834841 0.835883 0.817665 0.836537 0.867601 0.865819 0.862821 0.877256 0.880339 0.902603 0.911081 0.928788 0.942243 0.955591 0.971991 0.990772 1.00995 1.03119 1.0484 1.07721 1.08953 1.12118 1.13994 1.15477 1.1896 1.22469 1.2535 1.28104 1.26422 1.32682 1.34554 1.39425 1.43734 1.46455 1.48697 1.53954 1.55108 1.59839 1.67919 1.65226 1.6849 1.74742 1.78733 1.83286 1.91951 1.88535 1.97249 1.96035 2.00124 2.14407 2.12588 2.17791 2.22488 2.2765 2.27488 2.37535 2.36887 2.4394 2.49265 2.54041 2.58769 2.64004 2.74273 2.68266 2.75251 2.66625 
0.942519 0.990147 0.984442 0.943493 0.956813 0.937493 0.890861 0.827669 0.869512 0.975102 0.898091 0.824241 0.90155 0.868678 0.857011 0.809116 0.809901 0.867023 0.839187 0.818318 0.803967 0.828923 0.810401 0.759149 0.82141 0.776103 0.769828 0.801216 0.791994 0.800437 0.784883 0.821787 0.804746 0.813138 0.803328 0.812005 0.823691 0.85015 0.845427 0.851719 0.86263 0.883155 0.882669 0.901269 0.912919 0.918823 0.941376 0.955078 0.973428 0.991025 1.0102 1.02949 1.04992 1.0661 1.09754 1.12154 1.13396 1.17796 1.19168 1.20304 1.25064 1.2647 1.28848 1.29668 1.34969 1.38285 1.40494 1.45361 1.48366 1.52678 1.56429 1.59833 1.63214 1.68187 1.72136 1.74155 1.81364 1.81402 1.83225 1.86088 1.95757 1.97121 2.04976 2.07191 2.13378 2.17604 2.18851 2.172 2.25992 2.32691 2.33242 2.36932 2.51558 2.49851 2.5363 2.60838 2.63431 2.62007 2.74216 2.76056 
1.01063 0.997707 0.893492 0.930698 0.972803 0.974628 0.971172 0.888014 0.837611 0.866436 0.846291 0.86602 0.881905 0.846617 0.898291 0.812291 0.850023 0.813487 0.817098 0.841701 0.856646 0.833341 0.830295 0.830181 0.75275 0.804348 0.800537 0.77138 0.776301 0.81227 0.800543 0.828814 0.817134 0.817531 0.827898 0.833029 0.829721 0.826082 0.823619 0.865326 0.863104 0.87133 0.882872 0.88902 0.911392 0.926121 0.941838 0.955265 0.97211 0.990382 1.00918 1.02694 1.05144 1.06723 1.08769 1.12077 1.14543 1.15361 1.17977 1.20396 1.24218 1.28941 1.2969 1.3273 1.34004 1.384 1.44859 1.45595 1.5258 1.49854 1.55923 1.56658 1.6349 1.64095 1.66909 1.70758 1.80197 1.80212 1.86428 1.98312 1.91203 2.02562 2.08012 2.05578 2.1044 2.19593 2.22827 2.2714 2.27024 2.28046 2.35418 2.39235 2.50306 2.46751 2.53321 2.63752 2.54534 2.70654 2.82533 2.7152 
0.93037 0.912331 0.950292 0.895728 0.912156 0.918709 0.930712 0.942225 0.866971 0.922138 0.888768 0.889756 0.850784 0.834577 0.872984 0.850714 0.828778 0.889017 0.754288 0.806941 0.804933 0.812377 0.749561 0.810822 0.80175 0.794681 0.812435 0.809774 0.788059 0.79872 0.78052 0.805541 0.805953 0.816689 0.809287 0.81759 0.823979 0.836881 0.8236 0.84885 0.865344 0.88035 0.897465 0.887822 0.915451 0.921036 0.947487 0.953585 0.97459 0.990883 1.009 1.0309 1.04936 1.06451 1.09718 1.10886 1.13265 1.15466 1.18991 1.2208 1.24369 1.25137 1.28843 1.33972 1.34692 1.41482 1.43456 1.47823 1.5146 1.5176 1.55471 1.60646 1.60044 1.65801 1.68577 1.72578 1.7947 1.82332 1.83439 1.91051 1.97114 1.95631 2.01171 2.15665 2.06966 2.16157 2.23573 2.27036 2.31481 2.36129 2.33713 2.38706 2.3608 2.54455 2.48861 2.65079 2.5999 2.60777 2.71096 2.78078 
0.982481 0.978798 0.977989 0.972814 0.992702 1.00196 0.992045 0.836896 0.89314 0.904756 0.871952 0.881358 0.842508 0.8385 0.860924 0.820282 0.87084 0.791247 0.829891 0.772146 0.785024 0.804274 0.820007 0.831888 0.764791 0.783543 0.771301 0.816806 0.795996 0.80379 0.809647 0.786948 0.810258 0.786321 0.81644 0.801341 0.83898 0.8219 0.829069 0.849389 0.86962 0.891347 0.884286 0.89474 0.917947 0.931623 0.942764 0.955974 0.973618 0.989391 1.00918 1.02997 1.05224 1.06739 1.09131 1.11851 1.12953 1.16697 1.1737 1.22201 1.23655 1.25351 1.28828 1.32835 1.3858 1.36637 1.42274 1.48318 1.48701 1.50881 1.50942 1.61159 1.62797 1.69497 1.7268 1.79635 1.72705 1.79576 1.85234 1.85947 1.89248 1.9886 1.99843 2.09243 2.07334 2.1368 2.18894 2.23768 2.23453 2.3951 2.39127 2.41194 2.38305 2.42677 2.54635 2.6146 2.58903 2.73756 2.77265 2.78764 
0.884979 1.01337 0.844777 0.930124 0.939271 0.944442 0.931989 1.01172 0.888533 0.918285 0.857158 0.8838 0.928389 0.897262 0.89515 0.83037 0.825986 0.83985 0.781716 0.822084 0.832521 0.808812 0.802263 0.826605 0.77845 0.830707 0.79508 0.816276 0.785171 0.773704 0.809104 0.815961 0.826961 0.83518 0.83014 0.80438 0.842846 0.832446 0.860903 0.861586 0.87333 0.877751 0.887312 0.905322 0.916493 0.919504 0.946851 0.958273 0.974874 0.990853 1.00891 1.02622 1.04527 1.07119 1.09021 1.11264 1.12541 1.17646 1.1808 1.22584 1.24635 1.28454 1.28369 1.29399 1.36633 1.40699 1.46033 1.44105 1.502 1.53963 1.55397 1.58435 1.62044 1.69507 1.65638 1.75773 1.80227 1.79673 1.85793 1.87697 1.93579 1.96053 2.05934 2.01753 2.1314 2.10164 2.19954 2.25623 2.29292 2.3935 2.35769 2.42244 2.46289 2.49936 2.52837 2.54135 2.67796 2.74816 2.72635 2.78486 
1.0278 0.953001 1.05902 0.902399 0.935206 0.954106 0.886134 0.93818 0.982538 0.920041 0.93542 0.859291 0.857009 0.845782 0.867975 0.809447 0.871712 0.854911 0.835769 0.845891 0.839051 0.806457 0.869125 0.826622 0.802829 0.833039 0.824695 0.857617 0.809644 0.814781 0.808479 0.809107 0.813962 0.798683 0.809794 0.83932 0.832203 0.853215 0.848219 0.851508 0.85913 0.868353 0.892311 0.893009 0.917391 0.921678 0.944159 0.958207 0.972067 0.991351 1.00988 1.02692 1.04929 1.06637 1.08881 1.11325 1.13032 1.16388 1.18629 1.21523 1.23654 1.27121 1.29561 1.3287 1.36743 1.38104 1.41861 1.46534 1.46733 1.50877 1.52917 1.60957 1.6001 1.64743 1.72494 1.76936 1.75681 1.78515 1.84566 1.96267 1.90864 1.91757 2.01068 2.10581 2.10525 2.13543 2.1925 2.26416 2.22307 2.22751 2.44288 2.43654 2.48011 2.52295 2.49347 2.62723 2.60781 2.70627 2.85044 2.70427 
1.01251 1.03934 0.934924 0.973431 0.908891 0.943139 0.952678 0.908903 0.863588 0.946331 0.854733 0.765694 0.917943 0.859249 0.809715 0.828766 0.858143 0.801989 0.844066 0.84989 0.812832 0.815865 0.780305 0.795408 0.763226 0.818736 0.811795 0.80336 0.81476 0.824973 0.810038 0.782226 0.826383 0.785261 0.835347 0.856003 0.847875 0.842488 0.852661 0.866356 0.872065 0.880484 0.878912 0.900297 0.917254 0.92967 0.944306 0.957967 0.975666 0.991196 1.00843 1.02635 1.04997 1.07049 1.0862 1.11581 1.1425 1.16011 1.18498 1.2115 1.23621 1.27883 1.29916 1.33441 1.33797 1.3955 1.38799 1.46618 1.45167 1.52177 1.54055 1.54831 1.61663 1.67881 1.66007 1.69797 1.73008 1.77708 1.80101 1.86041 1.9425 1.96335 1.9287 2.0535 2.06388 2.12899 2.1978 2.21825 2.23683 2.29073 2.3373 2.41927 2.46205 2.5277 2.60823 2.50689 2.61705 2.71586 2.65822 2.7182 
0.953537 0.982644 0.974699 0.92877 0.934563 0.956632 0.860556 0.868098 0.85549 0.927662 0.859205 0.875728 0.897475 0.87057 0.8192 0.818002 0.802079 0.879262 0.849498 0.787289 0.823786 0.849741 0.803529 0.832763 0.839101 0.806376 0.814683 0.79623 0.846833 0.809332 0.83544 0.83774 0.829833 0.822294 0.805981 0.848342 0.857222 0.837441 0.857891 0.872842 0.862273 0.870656 0.904063 0.902007 0.913487 0.94402 0.945267 0.953963 0.975299 0.991787 1.00904 1.02623 1.04664 1.06716 1.09798 1.10265 1.13837 1.15415 1.16985 1.21367 1.25688 1.2857 1.30915 1.33548 1.35507 1.35126 1.41913 1.43078 1.46275 1.50996 1.53029 1.56785 1.60021 1.62979 1.71883 1.70779 1.78765 1.81917 1.87143 1.8452 1.97039 1.97193 1.96178 2.11167 2.14822 2.15417 2.1631 2.26927 2.25948 2.26205 2.28111 2.42727 2.4402 2.52916 2.57888 2.49859 2.63587 2.6641 2.63891 2.69977 
1.0406 1.0203 1.00109 0.964401 0.939722 0.982772 0.925317 0.937986 0.970957 0.961315 0.928522 0.83274 0.88145 0.906871 0.848893 0.843287 0.83337 0.834273 0.775433 0.841217 0.839111 0.8694 0.824646 0.833106 0.838817 0.814765 0.813548 0.841842 0.841283 0.809809 0.76583 0.811853 0.846654 0.839476 0.815292 0.830988 0.84854 0.836899 0.853927 0.88671 0.85896 0.868794 0.890646 0.90396 0.913234 0.937163 0.940401 0.956321 0.975115 0.991603 1.00886 1.02701 1.05061 1.06671 1.08601 1.10811 1.14623 1.15087 1.1866 1.22911 1.23263 1.25852 1.2945 1.30569 1.37339 1.41317 1.41826 1.41926 1.45473 1.52686 1.5208 1.59678 1.63676 1.65318 1.68616 1.73437 1.72241 1.7739 1.85883 1.85289 1.93689 1.9018 2.01748 2.01368 2.16281 2.1635 2.17346 2.2133 2.29642 2.32866 2.40052 2.39252 2.41316 2.44453 2.56962 2.58114 2.66659 2.67061 2.78671 2.81201 
1.00449 1.04958 0.953129 0.891079 0.966308 0.981172 0.879463 0.918722 0.968332 0.9319 0.927982 0.910464 0.854808 0.855751 0.83781 0.886033 0.865625 0.859467 0.871151 0.805973 0.838111 0.85062 0.799625 0.801051 0.81932 0.830234 0.828789 0.809412 0.831913 0.8252 0.831154 0.812559 0.837117 0.805884 0.85163 0.846301 0.83222 0.853629 0.84415 0.849934 0.879055 0.885943 0.896275 0.90619 0.913293 0.92858 0.942211 0.958657 0.975469 0.991455 1.00908 1.0274 1.04902 1.07034 1.08573 1.10679 1.15179 1.15182 1.19446 1.20284 1.24256 1.26605 1.2751 1.30727 1.33828 1.37999 1.42766 1.43099 1.43492 1.47047 1.54348 1.56006 1.62957 1.67138 1.6847 1.72113 1.77197 1.80964 1.81853 1.86543 1.91132 1.96325 1.94085 2.03253 2.09129 2.15707 2.1125 2.22163 2.26378 2.30475 2.34073 2.45204 2.29474 2.52157 2.59642 2.57932 2.6378 2.64898 2.68675 2.8313 
1.05432 1.06046 0.920987 0.954977 0.976297 0.921912 0.958175 0.976865 0.921834 0.909081 0.939551 0.955058 0.909756 0.917483 0.837247 0.840697 0.831244 0.873258 0.844105 0.822593 0.861708 0.786867 0.84403 0.81536 0.793701 0.838839 0.822569 0.818227 0.806666 0.840863 0.826199 0.828695 0.810779 0.839694 0.834023 0.849926 0.842615 0.835044 0.844295 0.844906 0.86638 0.887561 0.89158 0.904833 0.915465 0.928587 0.942166 0.952638 0.975092 0.99108 1.00838 1.02998 1.04555 1.07595 1.09443 1.11631 1.13686 1.15589 1.19595 1.19913 1.24083 1.25754 1.29936 1.31614 1.33954 1.39352 1.40522 1.45239 1.48735 1.52198 1.54516 1.53375 1.56594 1.66396 1.71069 1.70222 1.71652 1.7811 1.86846 1.87874 1.86355 1.87932 1.96934 2.05602 2.06692 2.06947 2.15168 2.26039 2.25801 2.2712 2.40459 2.41686 2.45768 2.50687 2.54 2.56191 2.69465 2.71134 2.75384 2.81386 
1.0982 1.0992 0.964529 1.04302 1.02247 0.974031 0.945398 0.899279 0.968692 0.987518 0.930948 0.848838 0.903948 0.928933 0.884158 0.860894 0.846451 0.89211 0.806739 0.799659 0.838141 0.856871 0.807827 0.788639 0.844723 0.857767 0.807713 0.82224 0.818856 0.859763 0.829923 0.802107 0.81548 0.840767 0.840027 0.825478 0.838263 0.856098 0.861172 0.84412 0.859601 0.883559 0.892584 0.895538 0.910024 0.94136 0.952828 0.962546 0.975299 0.991226 1.00985 1.02901 1.04778 1.07177 1.08357 1.11096 1.1363 1.15708 1.1865 1.2107 1.2298 1.25446 1.28756 1.3109 1.33332 1.38052 1.3846 1.41442 1.46057 1.5329 1.59128 1.60612 1.61761 1.68085 1.68878 1.73578 1.72283 1.74676 1.81613 1.84264 1.89609 1.9221 1.94982 2.05403 2.06069 2.14017 2.06282 2.24413 2.26061 2.30383 2.35049 2.40214 2.49441 2.45528 2.54124 2.60522 2.55605 2.67814 2.75923 2.79272 
1.04496 1.03823 0.993934 0.943777 0.935814 1.01342 0.928848 0.893609 0.925516 0.885446 0.890734 0.920096 0.943396 0.844675 0.89933 0.871438 0.873497 0.862089 0.845564 0.7765 0.837673 0.828351 0.815104 0.815377 0.810286 0.828281 0.841788 0.828659 0.828502 0.824648 0.854687 0.792646 0.838986 0.827001 0.821527 0.844477 0.851874 0.855394 0.853544 0.86804 0.8928 0.865386 0.897668 0.914287 0.91193 0.934224 0.946095 0.957419 0.974425 0.992138 1.00803 1.02783 1.04594 1.06394 1.08773 1.10999 1.13648 1.15739 1.18516 1.21075 1.23549 1.28042 1.27636 1.32698 1.35608 1.38206 1.43054 1.41461 1.4803 1.50514 1.52713 1.57942 1.56184 1.63146 1.65871 1.70021 1.71904 1.78343 1.82331 1.83931 1.90609 1.98128 2.06075 2.05147 2.05959 2.1088 2.15607 2.21978 2.27497 2.31276 2.33388 2.34375 2.38432 2.50668 2.47011 2.64419 2.58244 2.64446 2.63779 2.79143 
1.00923 1.05399 0.980123 0.984014 0.95932 0.958829 0.872057 0.978116 0.899746 0.871831 0.936592 0.80731 0.84137 0.862105 0.871445 0.870598 0.875134 0.819073 0.869153 0.857916 0.865824 0.881547 0.864348 0.811499 0.859273 0.829864 0.826186 0.816987 0.837961 0.804671 0.785186 0.819352 0.827238 0.872461 0.834118 0.829346 0.846324 0.829687 0.855319 0.880915 0.87005 0.892849 0.905665 0.912821 0.921677 0.933096 0.945348 0.959488 0.976565 0.990658 1.00876 1.02511 1.04638 1.06613 1.07903 1.11673 1.12806 1.16257 1.1787 1.19973 1.24106 1.25915 1.28023 1.32127 1.32579 1.37476 1.4249 1.41264 1.42073 1.5018 1.53059 1.55906 1.57597 1.635 1.66385 1.71001 1.73115 1.79773 1.83862 1.85863 1.94822 1.92583 2.00256 2.05814 2.02571 2.1244 2.20319 2.22589 2.27569 2.29311 2.26984 2.30751 2.38305 2.46114 2.51258 2.48831 2.58209 2.64835 2.80853 2.80765 
1.03053 1.03971 1.00046 0.990608 0.948917 0.995012 0.952275 0.923164 0.93464 0.938409 0.932752 0.893294 0.95512 0.875651 0.916635 0.883828 0.86369 0.866036 0.796586 0.865423 0.841824 0.835933 0.834645 0.846171 0.835487 0.837655 0.806967 0.832225 0.803502 0.823257 0.818428 0.830377 0.844038 0.821234 0.851364 0.838782 0.837586 0.871726 0.858599 0.874705 0.865267 0.894161 0.894372 0.900737 0.929998 0.939284 0.948995 0.963965 0.975914 0.991788 1.00936 1.02645 1.04428 1.06915 1.08604 1.11578 1.12975 1.1661 1.18362 1.19952 1.23052 1.2663 1.28628 1.29429 1.35686 1.3873 1.41693 1.4542 1.47249 1.52309 1.49074 1.55167 1.58333 1.67863 1.69615 1.76561 1.73861 1.76953 1.77699 1.8557 1.93447 1.93241 2.01101 2.00837 2.07466 2.09536 2.22488 2.20631 2.19934 2.38224 2.30141 2.39621 2.40027 2.48102 2.5163 2.66061 2.61383 2.62673 2.71334 2.68448 
1.0208 1.05245 0.938415 1.05396 1.02931 0.989992 0.967238 0.895069 0.981788 0.935927 0.939861 0.914291 0.866494 0.916815 0.870255 0.914385 0.859878 0.814046 0.903052 0.837866 0.794356 0.861888 0.824741 0.833621 0.802977 0.802102 0.813653 0.809424 0.882224 0.835082 0.820915 0.850854 0.80418 0.836253 0.838206 0.848452 0.860949 0.84382 0.851425 0.867336 0.872555 0.893064 0.905494 0.909088 0.924116 0.929021 0.94807 0.959332 0.975339 0.992006 1.00947 1.02484 1.04671 1.06385 1.09296 1.10961 1.13826 1.14925 1.17837 1.21592 1.22851 1.25071 1.26682 1.31678 1.3553 1.34992 1.41286 1.48077 1.52165 1.49863 1.531 1.59298 1.5838 1.6596 1.69149 1.69687 1.74102 1.77114 1.75914 1.82069 1.92098 1.97875 1.93382 2.02397 2.02959 2.09063 2.15101 2.12106 2.23234 2.23235 2.32929 2.35834 2.40296 2.46587 2.50915 2.53414 2.57157 2.581 2.67402 2.71077 
1.03889 1.06628 1.03152 1.03039 0.88094 0.949274 0.93822 0.970319 0.963342 0.903215 0.888854 0.889246 0.886088 0.880308 0.840003 0.866166 0.904201 0.833757 0.874546 0.855497 0.84919 0.805031 0.87988 0.813102 0.838386 0.814859 0.881525 0.822695 0.839328 0.822599 0.823938 0.822392 0.8441 0.86533 0.829403 0.857875 0.872737 0.871925 0.863677 0.86229 0.881861 0.886329 0.897874 0.910476 0.919641 0.9305 0.946046 0.958596 0.975674 0.990979 1.0087 1.02383 1.0444 1.06043 1.09438 1.10387 1.13535 1.1545 1.18197 1.20782 1.21598 1.25424 1.29688 1.30389 1.33765 1.40151 1.38481 1.42167 1.46682 1.49183 1.51078 1.56267 1.60286 1.65654 1.65513 1.69748 1.72756 1.77214 1.82272 1.88607 1.85519 1.97207 1.93645 2.00462 2.08029 2.10019 2.12319 2.17607 2.19962 2.25677 2.29413 2.41177 2.33473 2.2936 2.51346 2.5528 2.54414 2.62392 2.69592 2.59982 
1.05353 1.0568 1.04453 1.07161 0.906948 0.924735 0.944099 1.0072 0.974999 0.989618 0.891987 0.836328 0.977529 0.81011 0.892303 0.915989 0.850412 0.886773 0.836862 0.862131 0.814051 0.874442 0.821178 0.852442 0.859569 0.857 0.828789 0.804785 0.841621 0.858784 0.809742 0.840132 0.831039 0.837051 0.839667 0.846641 0.841584 0.854908 0.842099 0.851867 0.905927 0.883181 0.898759 0.910357 0.925306 0.928548 0.94547 0.959432 0.977639 0.991372 1.00837 1.025 1.04642 1.06799 1.08374 1.11182 1.12777 1.13423 1.17326 1.2101 1.23147 1.25346 1.26645 1.31084 1.32354 1.38817 1.35376 1.42841 1.4214 1.45739 1.53213 1.55997 1.63107 1.63044 1.71739 1.71102 1.75913 1.82167 1.86439 1.89383 1.82792 1.99387 2.03278 2.0395 2.06895 2.12214 2.15865 2.161 2.22876 2.25347 2.31323 2.29275 2.34465 2.44177 2.48685 2.50156 2.55865 2.53356 2.69648 2.68704 
1.00387 0.944934 1.03516 0.94977 0.960157 1.04393 1.0577 0.963099 0.931524 0.900729 0.965776 0.877246 0.94177 0.949836 0.898501 0.896852 0.909275 0.866262 0.847657 0.882232 0.81327 0.823029 0.846199 0.832815 0.87389 0.824035 0.812541 0.802744 0.841463 0.828557 0.825909 0.82297 0.828967 0.823987 0.832724 0.876243 0.831775 0.848022 0.875217 0.869039 0.879316 0.898326 0.894575 0.899971 0.926042 0.930293 0.941419 0.958427 0.974537 0.991747 1.00915 1.02666 1.03896 1.06028 1.08662 1.09641 1.13067 1.15798 1.17259 1.21804 1.22779 1.24703 1.28763 1.31824 1.32414 1.37781 1.41595 1.39115 1.45212 1.4913 1.56071 1.56988 1.55138 1.61327 1.68791 1.66684 1.78167 1.78055 1.83325 1.80751 1.96701 1.96589 1.93532 1.97718 2.07777 2.08862 2.18696 2.20804 2.21263 2.23173 2.38891 2.42187 2.39558 2.37271 2.51056 2.50418 2.51833 2.64117 2.7048 2.69405 
1.08677 1.00015 1.01269 1.00759 0.988222 0.974978 1.03484 0.947408 1.00418 1.02807 0.871412 0.909631 0.895376 0.933435 0.915331 0.863083 0.860892 0.876169 0.800268 0.813999 0.853246 0.85868 0.834571 0.855272 0.836351 0.812462 0.80427 0.870795 0.829524 0.858549 0.808719 0.836272 0.842146 0.853282 0.823248 0.853424 0.845953 0.873962 0.865922 0.855106 0.877433 0.892219 0.89857 0.901594 0.923665 0.92812 0.942566 0.956321 0.976093 0.99182 1.00814 1.02776 1.04241 1.07045 1.08888 1.10185 1.11901 1.1485 1.17739 1.20012 1.25383 1.25419 1.26149 1.29372 1.30677 1.33721 1.39392 1.39916 1.45167 1.50093 1.52261 1.54456 1.59959 1.64548 1.66821 1.65481 1.72692 1.76777 1.79421 1.9116 1.85177 1.92065 1.96174 2.00754 2.0192 2.05771 2.16758 2.19252 2.27119 2.1758 2.23014 2.45745 2.4002 2.46956 2.45555 2.55596 2.50938 2.56033 2.75468 2.67919 
1.00271 1.04656 0.979118 0.98061 1.02012 0.991265 0.930528 0.931619 0.905846 0.984221 0.890561 0.911225 0.881975 0.885788 0.860952 0.907434 0.853644 0.951223 0.851481 0.843991 0.910519 0.861844 0.865635 0.862717 0.815315 0.864621 0.839097 0.850754 0.831231 0.837037 0.829235 0.858725 0.833956 0.838608 0.85613 0.843771 0.867905 0.874684 0.875381 0.879212 0.87796 0.879289 0.891325 0.900992 0.922013 0.932596 0.950056 0.957419 0.975955 0.992292 1.00863 1.02722 1.04579 1.06117 1.0823 1.10074 1.12458 1.15351 1.18067 1.19797 1.2273 1.2458 1.30714 1.31376 1.3412 1.3797 1.40228 1.43716 1.49025 1.5 1.50653 1.54524 1.56915 1.60093 1.67927 1.66422 1.77659 1.77944 1.87571 1.80507 1.88853 2.01176 1.8997 2.03336 2.06545 2.14798 2.15043 2.16125 2.2615 2.26031 2.29901 2.3001 2.44633 2.44564 2.48992 2.50599 2.67277 2.60044 2.67451 2.74927 
1.11423 1.01166 0.975326 1.02678 1.05438 1.03739 0.918911 1.00027 0.959859 0.954594 0.899884 0.908782 0.9561 0.878545 0.926061 0.852903 0.874406 0.868098 0.851194 0.845571 0.89716 0.899781 0.875241 0.824538 0.833586 0.835627 0.828789 0.837662 0.788585 0.848032 0.83015 0.802979 0.821342 0.859533 0.867096 0.837065 0.849606 0.873674 0.886759 0.861938 0.884589 0.894404 0.897468 0.916994 0.921357 0.936826 0.94693 0.961917 0.976891 0.992687 1.00908 1.02753 1.04669 1.06778 1.0808 1.10248 1.12414 1.15016 1.16746 1.19158 1.22017 1.26618 1.24682 1.29523 1.32587 1.35687 1.38799 1.43557 1.43832 1.50278 1.52923 1.56665 1.59026 1.60787 1.69905 1.69899 1.71737 1.8452 1.83444 1.80831 1.87733 1.91747 1.93293 2.03558 1.92776 2.10519 2.11863 2.05889 2.2546 2.30403 2.30873 2.35983 2.33121 2.44487 2.48367 2.49381 2.51434 2.62851 2.62835 2.65462 
1.05411 1.00681 1.09475 0.960636 0.971246 1.01342 1.03032 1.01431 1.04484 0.959215 0.935642 0.974147 0.875502 0.905084 0.934713 0.884646 0.902471 0.869605 0.94773 0.880237 0.825693 0.854305 0.845274 0.901532 0.799363 0.863151 0.830647 0.806567 0.828409 0.776316 0.841096 0.809313 0.841472 0.836362 0.856541 0.844843 0.85225 0.876414 0.844113 0.869769 0.874912 0.882139 0.906582 0.915041 0.924742 0.93907 0.93866 0.961824 0.976995 0.992047 1.00928 1.02398 1.04579 1.05926 1.09307 1.10699 1.1319 1.14846 1.16288 1.19832 1.22328 1.27321 1.29222 1.31081 1.32115 1.35394 1.42136 1.41438 1.49495 1.46607 1.54102 1.54524 1.59264 1.61465 1.67308 1.65026 1.70473 1.74502 1.75191 1.79656 1.84624 1.88223 1.95371 2.02748 2.061 2.09779 2.15101 2.11287 2.14795 2.2157 2.40296 2.32259 2.29819 2.46027 2.43536 2.54487 2.54057 2.55314 2.6985 2.71627 
1.07441 0.976058 1.06957 0.967771 1.06137 0.966564 0.984156 1.04773 1.02197 0.930145 0.885251 0.952929 0.917348 0.897069 0.94458 0.879575 0.893629 0.899577 0.924799 0.876461 0.887953 0.883686 0.858358 0.836624 0.847192 0.830309 0.859715 0.818774 0.833275 0.849994 0.845067 0.830162 0.870919 0.833169 0.862516 0.843094 0.853298 0.847805 0.880888 0.879859 0.866943 0.894153 0.909524 0.908084 0.928088 0.938792 0.944934 0.96221 0.977634 0.991684 1.00883 1.02714 1.04281 1.06269 1.09411 1.09966 1.13374 1.14189 1.18628 1.18815 1.24925 1.26184 1.27458 1.30461 1.33085 1.3415 1.38015 1.40491 1.45146 1.48622 1.53071 1.52829 1.6325 1.60882 1.65328 1.63217 1.77292 1.72851 1.7696 1.87344 1.85341 1.89808 1.976 2.05244 2.02321 2.06817 2.18787 2.12907 2.26902 2.21249 2.28222 2.35734 2.383 2.54267 2.49337 2.43084 2.48097 2.55799 2.7062 2.68626 
1.0178 0.980036 1.05922 1.04376 0.996503 0.924706 0.986064 1.00537 1.01294 0.998822 0.990575 0.981872 0.922651 0.960448 0.955013 0.911557 0.827086 0.938473 0.88865 0.866346 0.892104 0.828777 0.844817 0.87875 0.876438 0.85846 0.790159 0.826528 0.813831 0.844447 0.827985 0.895759 0.835429 0.822486 0.840122 0.867127 0.851197 0.867292 0.86262 0.876223 0.882144 0.903118 0.90075 0.913521 0.929164 0.928334 0.946168 0.962544 0.978824 0.992274 1.01007 1.02629 1.04346 1.06582 1.08514 1.10015 1.10513 1.15533 1.15669 1.20028 1.20844 1.24849 1.26149 1.27948 1.3181 1.32439 1.40254 1.41723 1.4013 1.48403 1.49396 1.57549 1.62256 1.6308 1.64476 1.6911 1.75407 1.76218 1.79059 1.83509 1.88049 1.93024 1.9622 2.02648 2.05724 2.11428 2.11607 2.20105 2.17307 2.24454 2.3472 2.32267 2.44742 2.45485 2.41818 2.40902 2.58364 2.63522 2.71914 2.75864 
1.08834 1.05359 1.05558 0.982162 0.92894 1.00248 0.962131 0.971488 1.00541 0.986405 1.08453 0.94681 0.977599 0.933885 0.941352 0.880761 0.871273 0.854538 0.923206 0.818378 0.936829 0.869095 0.856677 0.872008 0.825859 0.850422 0.818021 0.823406 0.856819 0.86726 0.829943 0.845077 0.817519 0.853984 0.855327 0.854989 0.863147 0.862857 0.882406 0.859864 0.877791 0.873633 0.904882 0.918215 0.925716 0.940362 0.945865 0.960149 0.975493 0.991424 1.00843 1.02354 1.03955 1.06769 1.08245 1.11111 1.1328 1.15114 1.1834 1.1943 1.20226 1.25608 1.26568 1.2907 1.3074 1.35357 1.36346 1.41232 1.44051 1.48523 1.46529 1.52229 1.60189 1.6322 1.68451 1.65906 1.71631 1.82014 1.81328 1.80544 1.89398 1.91034 1.92546 2.01156 2.00954 2.10832 2.13959 2.1675 2.15286 2.17343 2.23464 2.32965 2.28362 2.43314 2.48905 2.48218 2.59528 2.61372 2.6999 2.72569 
1.06268 1.03234 0.990293 0.994552 0.944437 0.973028 0.953243 1.036 0.969082 0.921497 0.969914 0.963159 0.94296 0.912287 0.919807 0.868301 0.938631 0.857587 0.82207 0.864446 0.872224 0.863626 0.851848 0.8057 0.786177 0.844166 0.820985 0.827498 0.837373 0.851283 0.852762 0.833233 0.834437 0.854329 0.858402 0.880185 0.866389 0.872268 0.874566 0.880148 0.88348 0.902542 0.906785 0.913081 0.925556 0.934802 0.953101 0.959824 0.974814 0.992065 1.00863 1.02674 1.04713 1.06011 1.08745 1.09148 1.11742 1.15062 1.16585 1.18575 1.23376 1.25835 1.29222 1.31369 1.31973 1.34416 1.37087 1.45508 1.475 1.44839 1.49677 1.54118 1.5828 1.65884 1.62119 1.69808 1.66379 1.69043 1.76775 1.80049 1.89441 1.89268 1.93954 1.93978 1.99681 2.10928 2.10671 2.1094 2.16423 2.2336 2.22474 2.25691 2.34792 2.4026 2.40601 2.5003 2.44283 2.65526 2.55567 2.61974 
1.07328 1.10175 1.01432 1.02941 1.00968 0.986163 0.99562 1.03685 0.948654 0.915801 1.00505 0.943459 0.981167 0.944022 0.931867 0.921899 0.90155 0.900652 0.845065 0.899785 0.830272 0.899398 0.829837 0.833947 0.871989 0.8828 0.903341 0.814499 0.897578 0.793265 0.843281 0.849351 0.838719 0.840218 0.845003 0.843372 0.862291 0.841153 0.894848 0.885519 0.898394 0.902255 0.914118 0.916799 0.916818 0.94029 0.944615 0.963766 0.979887 0.992016 1.00857 1.02666 1.04327 1.0585 1.07534 1.10494 1.12195 1.15704 1.1632 1.19323 1.20432 1.2291 1.27829 1.31191 1.3263 1.37274 1.40498 1.425 1.49936 1.48008 1.49556 1.49685 1.54633 1.63982 1.6653 1.67998 1.70567 1.77203 1.79535 1.77237 1.8487 1.91116 1.94541 1.9728 2.0926 2.10501 2.15713 2.07514 2.21782 2.2702 2.28162 2.3485 2.31658 2.38434 2.48782 2.54442 2.53944 2.6257 2.604 2.61989 
1.06333 1.05962 1.00448 1.08103 0.879533 0.936787 0.979657 1.01261 0.915176 0.98191 0.935717 0.985 0.996092 0.881401 0.905964 0.940363 0.977548 0.83389 0.88488 0.815415 0.854217 0.845845 0.819433 0.875258 0.847649 0.84646 0.805383 0.856808 0.805981 0.826931 0.838438 0.819715 0.836805 0.856889 0.865676 0.867279 0.853801 0.876559 0.844113 0.882184 0.892009 0.896383 0.899525 0.912143 0.933514 0.944676 0.942529 0.961806 0.977261 0.991836 1.00779 1.02294 1.04309 1.05869 1.07901 1.10127 1.13542 1.14399 1.15696 1.19626 1.23559 1.26366 1.25574 1.29193 1.32992 1.36626 1.37901 1.43355 1.44735 1.49526 1.48622 1.53034 1.54297 1.65013 1.61537 1.67584 1.75072 1.79477 1.79899 1.88582 1.87036 1.9054 1.91195 1.94471 2.0004 2.15304 2.08237 2.1891 2.24705 2.24483 2.27481 2.30839 2.3259 2.3487 2.43509 2.45808 2.53824 2.59654 2.55679 2.65254 
1.14509 1.07281 0.920234 1.063 1.02111 1.00457 0.936737 0.981404 0.954777 0.963156 0.890188 0.963167 0.89919 0.971035 0.935867 0.901669 0.919125 0.873209 0.868653 0.896477 0.87556 0.871037 0.905773 0.843931 0.858734 0.863189 0.876406 0.838727 0.820655 0.854232 0.850338 0.880573 0.85101 0.848767 0.878322 0.844137 0.86004 0.877405 0.871178 0.871466 0.877586 0.886293 0.910514 0.919621 0.925178 0.933329 0.948828 0.962356 0.976089 0.991343 1.00844 1.02357 1.04902 1.05742 1.0889 1.10259 1.12297 1.16653 1.17169 1.18855 1.22618 1.2362 1.27956 1.29305 1.30813 1.32675 1.36229 1.4105 1.45188 1.48874 1.52589 1.50446 1.55193 1.61205 1.63738 1.68474 1.71219 1.71011 1.75538 1.84205 1.88321 1.86606 1.95089 2.06358 2.01539 2.07422 2.04692 2.18043 2.23697 2.23874 2.32569 2.33077 2.39196 2.38848 2.39014 2.48767 2.52284 2.55977 2.60848 2.6121 
1.13803 1.08357 1.06248 1.02407 1.04427 0.97259 1.03888 0.999597 0.994585 0.952111 0.928436 0.915349 0.887328 0.908454 0.954478 0.955452 0.885954 0.941988 0.835269 0.804497 0.899505 0.903798 0.864049 0.865368 0.851951 0.832261 0.830647 0.883899 0.848631 0.837922 0.878619 0.863162 0.867821 0.853256 0.846915 0.836479 0.836712 0.844777 0.852777 0.896762 0.895642 0.900195 0.901429 0.904844 0.925091 0.934062 0.951109 0.96325 0.97531 0.991716 1.00827 1.0255 1.04057 1.06518 1.08304 1.10303 1.10594 1.1398 1.17442 1.18553 1.20728 1.22421 1.26335 1.29257 1.33258 1.33799 1.38195 1.39231 1.49151 1.47494 1.51758 1.54633 1.61828 1.65198 1.66434 1.69878 1.69221 1.698 1.78332 1.78172 1.8866 1.951 1.954 1.96409 2.04344 2.07944 2.00271 2.13195 2.18727 2.20376 2.31931 2.35285 2.4066 2.45958 2.47487 2.52485 2.45944 2.59448 2.67409 2.57995 
1.08942 1.09254 1.0252 1.02547 1.05821 1.09502 1.00482 0.969743 0.957334 0.944018 0.954115 0.932455 0.950571 0.873824 0.979817 0.903094 0.908934 0.876346 0.888823 0.866899 0.874191 0.880504 0.883784 0.89413 0.812591 0.833788 0.839091 0.81512 0.813149 0.840629 0.84102 0.846114 0.853916 0.861142 0.874068 0.873817 0.868547 0.889466 0.869116 0.859301 0.905174 0.89908 0.88869 0.903162 0.908439 0.940991 0.947421 0.964719 0.977844 0.991737 1.00755 1.02235 1.04474 1.06562 1.07396 1.10238 1.12331 1.147 1.16338 1.19228 1.22016 1.24569 1.2669 1.27747 1.3189 1.34032 1.33332 1.39155 1.4494 1.50997 1.46916 1.51798 1.59539 1.6193 1.67511 1.65834 1.73536 1.79533 1.73361 1.74824 1.84941 1.89132 1.88661 1.90696 2.01907 2.05435 2.10803 2.10667 2.20983 2.27884 2.22868 2.25176 2.38859 2.35517 2.44127 2.45267 2.46103 2.63966 2.63114 2.63346 
1.13881 0.986938 1.03516 0.968148 1.08894 0.999982 1.06161 1.02876 0.992036 1.01501 0.958495 1.0299 0.935841 0.94235 0.89998 0.956676 0.885466 0.906474 0.924181 0.869309 0.857552 0.866663 0.883443 0.83574 0.890961 0.879785 0.871602 0.844432 0.828408 0.826281 0.847637 0.870827 0.879035 0.864902 0.842952 0.888825 0.847378 0.85608 0.880773 0.898485 0.894705 0.8981 0.913436 0.913739 0.929402 0.944326 0.947361 0.962464 0.977992 0.992304 1.00809 1.02438 1.04116 1.06179 1.07936 1.09429 1.1279 1.13129 1.17888 1.18705 1.21304 1.22273 1.27431 1.26739 1.30259 1.34449 1.38437 1.40019 1.45339 1.47615 1.50165 1.53568 1.56192 1.58745 1.60868 1.69889 1.67391 1.76929 1.81069 1.8066 1.87106 1.90458 1.86484 2.01507 2.03992 1.99659 2.12435 2.21552 2.13552 2.12761 2.26016 2.29301 2.35458 2.40424 2.45405 2.51536 2.50763 2.57723 2.67185 2.74249 
1.15733 1.07294 1.11547 1.0723 1.07921 1.05487 0.968031 1.0505 0.97284 0.937038 1.03283 1.0305 0.971791 0.933924 0.878051 0.926607 0.895804 0.894554 0.82111 0.880686 0.901814 0.879261 0.906529 0.841444 0.827154 0.831779 0.889329 0.881753 0.863211 0.862686 0.839247 0.842781 0.838453 0.849456 0.862255 0.844033 0.880764 0.862768 0.889889 0.867752 0.894006 0.911444 0.899046 0.919647 0.924916 0.933323 0.951809 0.967619 0.978811 0.991941 1.0089 1.02364 1.04037 1.05871 1.08763 1.09429 1.11577 1.15079 1.15193 1.19923 1.20817 1.23731 1.26682 1.27887 1.31977 1.30319 1.37515 1.42742 1.41317 1.48771 1.52119 1.5362 1.53844 1.60806 1.66705 1.65572 1.75703 1.74481 1.78988 1.82702 1.88563 1.89772 1.92077 1.95795 2.04234 2.13108 2.05727 2.10138 2.12467 2.20635 2.24453 2.31832 2.39357 2.38795 2.48782 2.50193 2.53634 2.60325 2.65884 2.59238 
1.10844 1.13993 1.05997 1.03904 1.13284 1.17317 1.0813 1.03029 1.00532 1.04048 0.93697 0.993323 0.921512 0.889377 0.944461 0.884099 0.951045 0.905959 0.882367 0.914513 0.898972 0.885068 0.839253 0.857373 0.869318 0.841446 0.836866 0.850494 0.881724 0.868659 0.856569 0.82064 0.840951 0.853531 0.882385 0.836298 0.874704 0.843857 0.883133 0.880563 0.877115 0.892174 0.908895 0.904964 0.934314 0.939668 0.94816 0.961412 0.98 0.99273 1.00753 1.02278 1.04216 1.05587 1.08338 1.09743 1.11617 1.13628 1.16275 1.20215 1.22009 1.22653 1.27549 1.28651 1.34577 1.323 1.37709 1.41461 1.41402 1.4503 1.50886 1.54552 1.58618 1.58085 1.62594 1.67301 1.71537 1.74568 1.80626 1.83216 1.82613 1.94109 1.92682 2.00255 2.01938 2.04999 2.09453 2.12496 2.26061 2.20681 2.28693 2.31692 2.39188 2.41876 2.52193 2.46214 2.48613 2.57381 2.60624 2.6644 
1.08656 1.09395 0.994309 1.05287 1.13105 1.06119 1.03348 0.938263 1.09151 0.936482 1.01389 0.970646 0.928983 0.9764 0.95667 0.877988 0.913575 0.864671 0.878394 0.935582 0.893915 0.881357 0.866944 0.872479 0.885674 0.876999 0.876406 0.858598 0.857751 0.82227 0.882356 0.848988 0.842146 0.837906 0.861778 0.859408 0.881315 0.889683 0.881896 0.88038 0.905717 0.896689 0.913897 0.914053 0.923816 0.944345 0.948878 0.962811 0.978761 0.992056 1.00798 1.03034 1.03755 1.05607 1.06983 1.10475 1.12022 1.14711 1.16967 1.20042 1.19011 1.25437 1.29316 1.28002 1.33627 1.34811 1.3835 1.37062 1.41053 1.43655 1.46685 1.50589 1.54383 1.56358 1.64824 1.69899 1.68095 1.68474 1.75631 1.77779 1.88182 1.87696 1.94555 1.97635 1.99188 2.03263 2.14711 2.11688 2.15627 2.20559 2.2928 2.38963 2.19299 2.41756 2.45115 2.48019 2.55531 2.5992 2.53937 2.66304 
1.10744 1.14389 1.09839 1.11011 1.04663 1.03687 1.0927 0.872735 0.942255 0.988162 0.956919 1.0153 0.925555 1.01975 0.948434 0.915425 0.972821 0.965774 0.882367 0.899785 0.919319 0.877817 0.906625 0.86891 0.882586 0.879008 0.847088 0.825547 0.848971 0.838576 0.829222 0.826045 0.843749 0.857674 0.83945 0.860344 0.843332 0.882453 0.870699 0.882703 0.885418 0.898927 0.889302 0.914454 0.923904 0.945915 0.94731 0.965854 0.975409 0.991411 1.00804 1.02436 1.04169 1.06365 1.07483 1.10926 1.12548 1.13407 1.15579 1.18086 1.2147 1.21118 1.23924 1.26205 1.31649 1.32878 1.38012 1.40951 1.40247 1.46009 1.50927 1.54499 1.5885 1.59136 1.63447 1.6824 1.64338 1.70945 1.70155 1.8109 1.84154 1.8558 1.88342 1.96711 2.02836 2.07847 2.03284 2.12267 2.18234 2.24099 2.15116 2.30342 2.38766 2.4639 2.33876 2.42948 2.51675 2.51693 2.6422 2.62639 
1.16376 1.07313 1.08576 1.10076 1.0041 1.12588 0.973242 1.0043 1.00917 0.9307 1.01357 0.946287 0.995042 1.00013 0.878051 0.971288 0.883297 0.918163 0.906955 0.86645 0.868571 0.902041 0.866507 0.874014 0.880968 0.877492 0.858969 0.871778 0.849654 0.831086 0.834273 0.866027 0.871293 0.874634 0.875724 0.86185 0.867354 0.87207 0.86833 0.873502 0.874853 0.904422 0.918795 0.925828 0.923331 0.939577 0.946178 0.966071 0.976096 0.992649 1.00715 1.0215 1.03913 1.06493 1.08417 1.10232 1.11283 1.14165 1.1702 1.17352 1.22578 1.2403 1.28209 1.2971 1.32207 1.33157 1.3699 1.40863 1.44902 1.43842 1.52119 1.51266 1.54119 1.53359 1.63602 1.65663 1.65642 1.76875 1.788 1.87107 1.83891 1.94318 1.96642 1.98258 1.99276 2.15796 2.09328 2.0972 2.15356 2.24979 2.27944 2.26832 2.28013 2.25382 2.38468 2.48948 2.47689 2.63657 2.67703 2.66018 
1.0709 1.05828 1.08237 1.12775 1.04272 1.04621 1.07364 0.983808 0.965217 1.00443 0.980874 1.01538 0.98855 0.926527 0.987994 0.873117 0.882908 0.925287 0.96694 0.875538 0.900719 0.881478 0.911039 0.85655 0.88527 0.8539 0.861374 0.862958 0.84308 0.873872 0.86432 0.880288 0.883595 0.86215 0.857308 0.85436 0.851358 0.881932 0.881215 0.884591 0.884269 0.889117 0.901345 0.920196 0.925454 0.931662 0.949657 0.969505 0.978359 0.992689 1.00769 1.02214 1.04282 1.06461 1.0765 1.08575 1.11634 1.1394 1.1667 1.19193 1.20283 1.23363 1.26871 1.29587 1.30133 1.32176 1.3495 1.38656 1.45142 1.46501 1.45571 1.523 1.54969 1.58543 1.64592 1.65956 1.67894 1.76065 1.74076 1.76934 1.80809 1.79816 1.93105 1.92259 1.96604 2.03086 2.04329 2.11807 2.21158 2.20502 2.2277 2.23858 2.31515 2.35783 2.44709 2.46647 2.51776 2.6038 2.63653 2.67869 
1.10786 1.12789 1.03813 1.15116 1.06387 1.02501 1.11288 1.01085 0.945095 1.02742 0.955746 0.970633 0.955715 0.997304 0.923008 0.939545 0.907248 0.848014 0.906049 0.867832 0.880119 0.867662 0.838964 0.837885 0.881346 0.882885 0.897588 0.806665 0.843173 0.873449 0.839165 0.858803 0.901561 0.844623 0.878076 0.87575 0.859201 0.887537 0.890828 0.891634 0.90382 0.892903 0.90187 0.917982 0.930566 0.931409 0.955377 0.964428 0.977691 0.991432 1.00798 1.02227 1.04211 1.05779 1.07211 1.09446 1.12291 1.13287 1.16405 1.19654 1.21805 1.23577 1.25644 1.28254 1.28402 1.35592 1.34233 1.38275 1.44986 1.42773 1.47797 1.55276 1.51996 1.61288 1.57329 1.71668 1.72966 1.73789 1.77915 1.89935 1.8476 1.88963 1.91181 1.93077 1.94558 2.12223 2.10894 2.12744 2.15189 2.18415 2.30287 2.22484 2.33919 2.46072 2.41598 2.43058 2.46832 2.50583 2.56672 2.56459 
1.10014 1.05266 1.06838 1.03966 1.07287 1.02308 0.952091 0.986505 1.01943 0.957719 0.931326 0.981399 0.961243 0.974599 0.936756 1.02467 0.944576 0.910465 0.977735 0.858236 0.920788 0.863123 0.88121 0.822684 0.878864 0.858839 0.894903 0.898235 0.848447 0.884296 0.859441 0.894471 0.851877 0.858185 0.859862 0.851749 0.855705 0.87663 0.881636 0.887395 0.897433 0.898774 0.920391 0.905436 0.922783 0.931046 0.948777 0.964369 0.980331 0.992495 1.00785 1.02526 1.04276 1.05603 1.08498 1.09862 1.12179 1.14679 1.19091 1.17703 1.20807 1.20114 1.25597 1.29968 1.29545 1.31458 1.37672 1.38537 1.43786 1.4417 1.4519 1.52332 1.58652 1.6062 1.61789 1.69737 1.66369 1.73987 1.72145 1.8663 1.86909 1.90081 1.87747 1.96636 1.95802 1.99779 2.06629 2.05622 2.16862 2.26106 2.21511 2.22857 2.2655 2.36 2.42717 2.37167 2.54112 2.5862 2.64954 2.6927 
1.12246 1.18763 1.13078 1.08305 1.00436 1.01733 1.06258 1.02124 0.960977 0.999292 1.01436 1.01348 0.976638 0.993226 0.861515 0.942552 0.913038 0.908119 0.911754 0.939348 0.898689 0.893426 0.917996 0.915325 0.897392 0.894477 0.881164 0.841221 0.887525 0.863109 0.870956 0.852207 0.88304 0.878447 0.861668 0.872252 0.900348 0.884852 0.894416 0.900976 0.906982 0.898136 0.908503 0.916294 0.920024 0.936294 0.954256 0.964399 0.974349 0.991707 1.00773 1.02243 1.04718 1.05901 1.0827 1.09923 1.11958 1.12235 1.17644 1.19611 1.21994 1.22237 1.25403 1.28638 1.31355 1.34422 1.36948 1.41414 1.43106 1.45172 1.49461 1.53341 1.52237 1.59617 1.63021 1.68342 1.75672 1.72182 1.76596 1.82184 1.83918 1.85952 1.86099 1.92584 1.97582 2.0676 1.98523 2.19416 2.14165 2.16451 2.20209 2.21626 2.36877 2.33131 2.44383 2.46674 2.50449 2.52986 2.63156 2.72535 
1.05189 1.14768 1.07496 1.00399 1.05438 1.02498 1.07543 1.00133 1.00238 0.946501 0.985017 0.962933 0.981396 0.95331 0.969415 0.949779 0.923956 0.910043 0.928045 0.916404 0.889859 0.898399 0.926592 0.906507 0.899751 0.839892 0.887384 0.907148 0.84308 0.862141 0.825498 0.869842 0.859501 0.835014 0.861272 0.835915 0.851874 0.874322 0.889629 0.890968 0.871333 0.899521 0.908895 0.925063 0.935148 0.938338 0.952398 0.964203 0.978695 0.992039 1.00812 1.02735 1.04222 1.06247 1.07121 1.09909 1.11498 1.14528 1.18048 1.16345 1.2031 1.2433 1.25736 1.27931 1.33295 1.33492 1.36512 1.43074 1.41998 1.46093 1.50233 1.51514 1.55875 1.58597 1.57455 1.63399 1.70402 1.75115 1.77003 1.79204 1.82029 1.89431 1.93236 1.96409 1.93787 2.03922 2.10008 2.10683 2.1068 2.23398 2.18089 2.25185 2.31952 2.33017 2.42346 2.41857 2.50154 2.6103 2.60904 2.63153 
1.09677 1.19955 1.07767 1.16137 1.03193 1.0243 1.06603 1.04666 1.04803 0.972532 0.979615 0.972478 0.980522 0.945798 0.943957 0.968443 0.892183 0.902488 0.924181 0.882033 0.918418 0.843012 0.899432 0.849165 0.892187 0.886363 0.832872 0.869727 0.855455 0.892356 0.863784 0.898304 0.854182 0.865356 0.872237 0.853835 0.892749 0.875531 0.891911 0.884425 0.871164 0.899773 0.90541 0.921362 0.93414 0.951566 0.952764 0.963597 0.9755 0.99194 1.0085 1.02385 1.04021 1.06225 1.08207 1.09616 1.11829 1.12868 1.18331 1.18352 1.21497 1.23877 1.26221 1.28558 1.29646 1.32564 1.39973 1.44082 1.41052 1.46769 1.49171 1.52238 1.54676 1.57464 1.61683 1.67463 1.6799 1.76898 1.77581 1.79914 1.88072 1.8597 1.99079 2.00642 2.01984 2.01155 2.11665 2.11851 2.08701 2.19333 2.28573 2.21538 2.29878 2.32659 2.40258 2.53277 2.53731 2.49734 2.51853 2.61853 
1.10837 1.06667 1.05483 1.03039 1.04773 1.04317 0.982189 1.04271 0.98328 0.934085 0.980166 0.945751 0.9875 0.971125 0.969887 0.936278 0.95775 0.934256 0.892202 0.881713 0.877809 0.889512 0.865147 0.877051 0.865948 0.86243 0.886435 0.914894 0.858527 0.892367 0.852825 0.863552 0.868098 0.83716 0.878061 0.869612 0.870584 0.871655 0.88629 0.883925 0.886056 0.90202 0.92065 0.909072 0.936109 0.941802 0.954282 0.961625 0.978984 0.992813 1.00817 1.02285 1.03844 1.06347 1.07826 1.10598 1.11211 1.13916 1.17205 1.17331 1.21197 1.22924 1.27004 1.26876 1.29947 1.37679 1.36355 1.37311 1.4209 1.43978 1.49263 1.52325 1.53266 1.62523 1.63525 1.59395 1.71 1.72432 1.71977 1.8452 1.88699 1.85312 2.02001 1.97638 1.93856 2.06335 2.03963 2.07386 2.12555 2.22058 2.2937 2.27682 2.34162 2.29506 2.3437 2.41362 2.5197 2.61626 2.61331 2.68134 
1.08185 1.06941 1.14665 1.0157 1.06217 1.07387 1.013 1.06881 1.01746 0.975485 1.00614 1.0596 0.984526 0.97586 0.940698 0.984935 0.904689 0.958597 0.917289 0.898214 0.906338 0.906007 0.865752 0.882335 0.814196 0.891387 0.893418 0.898854 0.892551 0.860099 0.878411 0.876543 0.881652 0.85302 0.867628 0.835115 0.864484 0.879804 0.876063 0.884924 0.882725 0.899448 0.909031 0.919279 0.925902 0.943307 0.954681 0.967271 0.97932 0.991787 1.00785 1.02456 1.04153 1.06102 1.0823 1.10086 1.11109 1.13383 1.15507 1.18764 1.19356 1.22471 1.26969 1.28297 1.29935 1.35136 1.38265 1.40063 1.42938 1.49795 1.51557 1.53213 1.52779 1.61168 1.65571 1.67261 1.6939 1.6935 1.7579 1.8177 1.88621 1.90321 1.87108 1.9993 1.96909 1.98975 2.06257 2.15504 2.16696 2.28134 2.16628 2.24676 2.38256 2.31152 2.46164 2.41957 2.56971 2.52336 2.62352 2.6271 
1.17334 1.05181 1.10334 1.09367 1.03896 1.12822 0.978555 1.0433 1.01736 1.00259 1.03627 0.956877 1.01366 0.968424 0.918027 0.976012 0.943228 0.903656 0.923167 0.919143 0.895259 0.939143 0.89939 0.869828 0.87482 0.886563 0.850699 0.849783 0.894691 0.864005 0.856872 0.83989 0.858594 0.891375 0.874821 0.870703 0.852036 0.877154 0.874518 0.879296 0.886115 0.896894 0.915255 0.922828 0.929892 0.942016 0.954813 0.967589 0.979231 0.991716 1.00781 1.02416 1.04345 1.06002 1.07332 1.09088 1.12277 1.14161 1.16311 1.19103 1.21531 1.21686 1.26382 1.2829 1.32296 1.336 1.3683 1.40198 1.42812 1.44976 1.52515 1.50848 1.55003 1.62822 1.57504 1.64379 1.71114 1.71285 1.79628 1.78724 1.86807 1.8162 1.88745 1.96084 2.00625 2.02682 2.08359 2.04293 2.17149 2.1837 2.2035 2.23023 2.36728 2.38107 2.30658 2.42561 2.51306 2.47825 2.59288 2.61467 
1.12874 1.09777 1.13523 1.1234 1.05958 1.07447 1.08856 1.04695 1.03402 1.05722 0.952235 0.976364 0.930084 0.937757 0.940194 0.969977 0.965529 0.921345 0.913425 0.891699 0.869014 0.905249 0.932954 0.909124 0.884125 0.864753 0.852463 0.876752 0.849312 0.881033 0.876523 0.849575 0.851662 0.858761 0.85464 0.871529 0.901759 0.87416 0.87444 0.876767 0.901033 0.89623 0.897328 0.91535 0.930153 0.947303 0.949258 0.963163 0.981216 0.992262 1.00722 1.0245 1.04224 1.05856 1.07565 1.10153 1.11303 1.14565 1.16777 1.18147 1.2176 1.25185 1.27131 1.28332 1.28402 1.34737 1.3706 1.39456 1.43283 1.47672 1.51669 1.54938 1.57198 1.55793 1.57058 1.68483 1.64547 1.70902 1.79466 1.82013 1.83049 1.85489 1.93856 1.92477 1.93716 2.0286 2.05246 2.137 2.10566 2.14873 2.23914 2.31344 2.31406 2.36465 2.47943 2.49155 2.66466 2.54938 2.45375 2.55495 
1.16076 1.10413 1.12405 1.08986 1.00755 1.11068 1.09232 1.0455 1.04173 0.942563 0.972966 0.951009 1.01526 0.927775 0.943898 0.9402 0.943748 0.889822 0.884272 0.916345 0.90821 0.933292 0.878019 0.870669 0.857492 0.859312 0.841415 0.854058 0.830024 0.853336 0.846304 0.873228 0.854601 0.877138 0.845209 0.879327 0.8721 0.879173 0.871045 0.904345 0.915967 0.90533 0.905442 0.921764 0.941778 0.938078 0.954049 0.965499 0.977743 0.992101 1.0077 1.02306 1.04147 1.05995 1.07195 1.08705 1.12519 1.12339 1.14639 1.18191 1.2172 1.24832 1.26858 1.26326 1.31441 1.34829 1.36669 1.3921 1.41884 1.46501 1.48784 1.50216 1.56825 1.59181 1.57057 1.60901 1.70924 1.6843 1.78936 1.72498 1.80492 1.8538 1.90374 1.94743 1.94823 2.06391 2.06032 2.09686 2.12544 2.14755 2.25648 2.25256 2.21044 2.28113 2.40839 2.4247 2.45882 2.55787 2.56826 2.60817 
1.11901 1.16841 1.18382 1.09712 1.05795 0.990806 1.06754 1.04108 0.991286 1.01612 0.940735 1.00271 1.02055 0.918874 0.995195 0.957094 0.961767 0.99252 0.880907 0.893505 0.885458 0.949145 0.91705 0.906602 0.855255 0.891415 0.830286 0.833648 0.827818 0.840621 0.856329 0.89801 0.858957 0.822019 0.873526 0.862491 0.865786 0.890405 0.881636 0.907289 0.881331 0.902731 0.91796 0.915599 0.931623 0.941133 0.951423 0.966028 0.977607 0.992968 1.00763 1.02169 1.03837 1.06059 1.07838 1.09521 1.11379 1.13588 1.17915 1.16994 1.20963 1.23288 1.2689 1.30808 1.31113 1.31473 1.38269 1.37886 1.39403 1.42964 1.50292 1.51098 1.53268 1.59516 1.62498 1.63884 1.70251 1.70705 1.75263 1.81483 1.80734 1.87505 1.95217 1.87397 1.92476 2.05523 1.97935 2.16927 2.14772 2.24791 2.26132 2.29896 2.32969 2.36807 2.34096 2.40675 2.44644 2.5606 2.52502 2.56437 
1.15717 1.08408 1.09254 1.10925 1.12353 1.03866 1.0134 1.0016 0.969733 0.981353 1.04213 0.980626 0.940581 1.03943 0.966509 0.918746 0.927089 0.951694 0.989989 0.924015 0.927591 0.868216 0.883358 0.891659 0.866905 0.871321 0.857851 0.854318 0.838895 0.868659 0.880267 0.834218 0.862588 0.861199 0.867246 0.88255 0.844594 0.873583 0.880869 0.883215 0.890145 0.909403 0.929204 0.922697 0.931672 0.937987 0.960978 0.966618 0.978033 0.992914 1.00713 1.02627 1.04148 1.05972 1.07355 1.08918 1.10988 1.12481 1.13867 1.16289 1.20227 1.22598 1.23889 1.28657 1.33586 1.33118 1.34392 1.38537 1.41292 1.43871 1.45899 1.52916 1.51643 1.58252 1.59142 1.67463 1.69337 1.76995 1.79411 1.83079 1.83104 1.85057 1.81763 1.93818 1.92288 1.99569 2.08186 2.03059 2.094 2.15335 2.27241 2.29324 2.26876 2.29238 2.40997 2.45937 2.50018 2.46107 2.56315 2.5433 
1.13167 1.08314 1.07346 1.12111 1.06824 1.10487 1.12017 1.0996 1.04944 1.06365 0.958804 0.960415 0.952493 1.02082 0.964792 0.937974 0.955772 0.886258 0.943772 0.941188 0.869039 0.919363 0.93172 0.929761 0.898511 0.841531 0.883116 0.880059 0.89041 0.838667 0.881011 0.867884 0.852698 0.851908 0.860629 0.881231 0.862181 0.866933 0.886673 0.903242 0.893745 0.906084 0.909489 0.933127 0.924393 0.9387 0.956278 0.964928 0.977922 0.991242 1.00625 1.02284 1.04218 1.06234 1.07882 1.09856 1.12838 1.14627 1.16037 1.17271 1.20171 1.22016 1.23243 1.27735 1.30188 1.3499 1.36252 1.3854 1.43362 1.45478 1.46431 1.55872 1.56613 1.58095 1.60548 1.6731 1.70136 1.74227 1.75106 1.82699 1.82987 1.83295 1.95202 1.91104 2.00702 1.99183 2.0591 2.12957 2.05804 2.1819 2.17408 2.32724 2.29239 2.38081 2.50165 2.41045 2.42006 2.45929 2.63751 2.54252 
1.10151 1.10095 1.08777 1.1124 1.09991 1.04067 1.01064 0.99371 1.05322 0.99073 1.0494 1.07442 0.965843 0.926502 0.935571 0.933266 0.925452 0.943918 0.900499 0.91206 0.912361 0.927448 0.913061 0.899027 0.87966 0.881634 0.875206 0.839703 0.867395 0.848349 0.889489 0.847425 0.876578 0.888662 0.881431 0.851047 0.876766 0.893974 0.885839 0.891526 0.922648 0.911769 0.913198 0.92623 0.927997 0.939726 0.947498 0.964205 0.978197 0.992633 1.00777 1.02269 1.03817 1.05496 1.08179 1.08851 1.1227 1.13059 1.15722 1.17709 1.19546 1.21569 1.26744 1.28131 1.2966 1.33707 1.35178 1.42203 1.39567 1.44106 1.45595 1.53686 1.51305 1.62923 1.5892 1.5803 1.68189 1.67567 1.74202 1.75993 1.79614 1.9073 1.90331 1.94604 1.93832 2.01541 2.10845 2.15088 2.19809 2.10366 2.23716 2.23555 2.30665 2.2776 2.41932 2.47071 2.50689 2.51645 2.58477 2.60167 
1.13574 1.13063 1.09606 1.0707 1.10336 1.14722 1.04802 1.05503 1.04098 0.957977 1.053 0.971767 0.969532 0.964951 0.972703 0.946566 0.879824 0.871147 0.892544 0.984025 0.937422 0.920388 0.897135 0.89943 0.897797 0.858165 0.88043 0.857977 0.875152 0.887891 0.882337 0.870534 0.894362 0.889517 0.881402 0.867493 0.875486 0.894352 0.88059 0.911456 0.887115 0.904656 0.916074 0.919653 0.920406 0.9392 0.955484 0.966309 0.976551 0.992203 1.00802 1.02299 1.04323 1.058 1.0841 1.1 1.12612 1.12984 1.16252 1.17498 1.19033 1.20146 1.2349 1.2713 1.30082 1.28183 1.35653 1.4034 1.43925 1.46831 1.50555 1.49405 1.55574 1.61568 1.63166 1.6824 1.6698 1.73942 1.80139 1.7767 1.85903 1.9226 1.86769 1.98232 1.97213 2.05771 2.06464 2.20685 2.11016 2.15315 2.19922 2.26283 2.29702 2.28811 2.40337 2.48171 2.4578 2.5658 2.65521 2.56509 
1.16263 1.21581 1.11145 1.13221 1.05195 0.966455 1.05415 1.1052 1.10948 0.985679 0.972253 0.97538 0.999047 1.00776 0.933465 0.919201 0.924487 0.949028 0.930425 0.923532 0.823413 0.871227 0.87956 0.838631 0.9095 0.858545 0.896015 0.887813 0.859888 0.809015 0.890443 0.893687 0.861392 0.851149 0.849749 0.877684 0.863981 0.903094 0.872858 0.881971 0.908695 0.914557 0.916227 0.921265 0.932365 0.941782 0.953329 0.962692 0.976859 0.993345 1.00731 1.02122 1.04327 1.05814 1.07794 1.10148 1.10831 1.13236 1.1632 1.16979 1.18983 1.23142 1.26798 1.27382 1.32555 1.35512 1.33228 1.36472 1.41204 1.4956 1.48719 1.54438 1.52537 1.57221 1.58735 1.62914 1.64526 1.73002 1.74461 1.79151 1.86061 1.89922 1.88539 1.91591 1.96783 1.99715 2.047 2.09949 2.16405 2.10204 2.14876 2.25651 2.40592 2.30292 2.37339 2.50581 2.45929 2.4495 2.43487 2.62611 
1.1554 1.09708 1.07145 1.10871 1.08187 1.12067 1.09625 1.0532 1.04795 0.988161 1.06006 0.901233 0.995478 0.949746 0.959339 0.905792 0.944236 0.9289 0.853861 0.960192 0.914735 0.927143 0.921379 0.903435 0.903433 0.890619 0.881816 0.889233 0.881202 0.894965 0.845762 0.852019 0.859149 0.844017 0.86855 0.869333 0.854675 0.871583 0.892823 0.884425 0.938187 0.912002 0.930838 0.927202 0.920834 0.935119 0.95848 0.970306 0.979982 0.992394 1.00783 1.02266 1.04149 1.06216 1.07379 1.09144 1.11675 1.15777 1.16068 1.18614 1.22662 1.22237 1.25123 1.26342 1.29638 1.33498 1.33182 1.39028 1.42724 1.44905 1.45592 1.52636 1.5686 1.58597 1.5698 1.64237 1.67295 1.68004 1.8032 1.836 1.74327 1.86911 1.93954 1.89335 1.93973 2.0302 2.02937 2.15991 2.12239 2.13145 2.26034 2.23792 2.28928 2.33227 2.3875 2.37644 2.41295 2.47318 2.61618 2.60967 
1.10321 1.11674 1.04596 1.10937 1.09357 1.02612 1.06672 1.02953 0.984321 0.962129 1.00028 0.991341 0.957954 0.999696 1.00094 0.94642 0.897973 0.938468 0.980233 0.93413 0.915233 0.879764 0.880752 0.896652 0.856442 0.890146 0.887932 0.878898 0.854432 0.844119 0.865357 0.887393 0.875926 0.854591 0.866082 0.88565 0.880729 0.874287 0.902563 0.912546 0.899357 0.921444 0.917095 0.926952 0.938583 0.942314 0.960199 0.967817 0.97818 0.992432 1.00804 1.02334 1.03968 1.05584 1.06882 1.09887 1.11535 1.13782 1.15664 1.16576 1.18364 1.23094 1.24236 1.2638 1.31755 1.33308 1.35853 1.39801 1.40045 1.48314 1.49225 1.5162 1.52193 1.60435 1.62566 1.65522 1.67305 1.71002 1.78765 1.79142 1.88343 1.83772 1.90317 1.95736 1.95786 2.01057 2.02614 2.06707 2.19341 2.13199 2.2399 2.18292 2.32969 2.33211 2.30957 2.35244 2.52691 2.39276 2.57994 2.62546 
1.09578 1.04855 1.09463 1.13406 1.06748 1.0217 1.08524 1.0559 1.04231 0.957719 1.02632 0.970646 0.968836 0.976181 0.931835 1.01409 1.01493 0.965779 0.891257 0.938829 0.91367 0.933248 0.904603 0.903291 0.892902 0.884809 0.890826 0.866881 0.881975 0.855532 0.823024 0.876465 0.841517 0.868026 0.884723 0.891267 0.872078 0.863328 0.890455 0.902391 0.9093 0.879693 0.91274 0.922269 0.935542 0.943243 0.959071 0.96225 0.980737 0.99301 1.00764 1.02378 1.04054 1.05897 1.07937 1.09305 1.10558 1.13643 1.16298 1.18136 1.19986 1.23656 1.22105 1.27482 1.32892 1.32007 1.37777 1.35682 1.42812 1.42914 1.49048 1.49598 1.553 1.57501 1.62798 1.61105 1.62244 1.77442 1.75743 1.80236 1.83395 1.78077 1.91153 1.88744 1.95738 1.93745 2.01959 2.13587 2.18392 2.1599 2.24076 2.25568 2.25617 2.35937 2.28843 2.42913 2.42615 2.39563 2.59834 2.68805 
1.08728 1.1307 1.03574 1.06226 1.01329 1.05688 0.957301 1.07679 1.03196 1.00811 0.925849 0.993846 0.987449 0.99904 0.939099 0.899442 0.868183 0.872649 0.975221 0.898653 0.966293 0.898494 0.891944 0.880319 0.872055 0.885113 0.882643 0.881658 0.882316 0.889849 0.86206 0.884423 0.8824 0.884919 0.880253 0.875368 0.872663 0.882021 0.891911 0.882581 0.888751 0.904367 0.922623 0.921732 0.929039 0.940861 0.954867 0.965187 0.979285 0.994222 1.00756 1.02506 1.03738 1.0556 1.0749 1.09364 1.12089 1.13232 1.17375 1.19842 1.22757 1.21962 1.24336 1.27337 1.30108 1.30423 1.35841 1.39734 1.40616 1.42936 1.48551 1.46594 1.56772 1.57762 1.57834 1.69676 1.71619 1.7028 1.71599 1.8124 1.83197 1.89454 1.8476 1.97567 1.97923 1.99022 2.06035 2.0679 2.19305 2.23452 2.18423 2.232 2.32005 2.30695 2.38388 2.41172 2.53642 2.48837 2.59932 2.62839 
1.13918 1.19223 1.14816 1.10441 1.10713 1.01725 1.02865 1.01864 1.05321 0.987048 1.05613 0.953226 1.00552 1.03214 0.962273 0.926114 0.927089 0.934389 1.01444 0.911092 0.934051 0.936711 0.909773 0.848615 0.885351 0.865768 0.896021 0.859038 0.878314 0.886077 0.890752 0.88413 0.893603 0.87835 0.881302 0.867308 0.876395 0.856565 0.921434 0.886876 0.892558 0.919852 0.907586 0.92216 0.933336 0.948309 0.955734 0.966121 0.978433 0.992472 1.00715 1.02262 1.03846 1.05295 1.0652 1.0909 1.10619 1.13153 1.15591 1.19183 1.19151 1.20139 1.24811 1.28018 1.28612 1.30749 1.35472 1.37772 1.41477 1.44878 1.4336 1.53525 1.52856 1.5659 1.58289 1.66775 1.6136 1.67326 1.77695 1.81474 1.89864 1.86761 1.94719 1.97103 1.96559 2.02595 2.01438 2.05104 2.15284 2.21445 2.23973 2.27851 2.3002 2.35119 2.34677 2.43013 2.53428 2.41891 2.56315 2.58674 
