-2 -1.9596 -1.91919 -1.87879 -1.83838 -1.79798 -1.75758 -1.71717 -1.67677 -1.63636 -1.59596 -1.55556 -1.51515 -1.47475 -1.43434 -1.39394 -1.35354 -1.31313 -1.27273 -1.23232 -1.19192 -1.15152 -1.11111 -1.07071 -1.0303 -0.989899 -0.949495 -0.909091 -0.868687 -0.828283 -0.787879 -0.747475 -0.707071 -0.666667 -0.626263 -0.585859 -0.545455 -0.505051 -0.464646 -0.424242 -0.383838 -0.343434 -0.30303 -0.262626 -0.222222 -0.181818 -0.141414 -0.10101 -0.0606061 -0.020202 0.020202 0.0606061 0.10101 0.141414 0.181818 0.222222 0.262626 0.30303 0.343434 0.383838 0.424242 0.464646 0.505051 0.545455 0.585859 0.626263 0.666667 0.707071 0.747475 0.787879 0.828283 0.868687 0.909091 0.949495 0.989899 1.0303 1.07071 1.11111 1.15152 1.19192 1.23232 1.27273 1.31313 1.35354 1.39394 1.43434 1.47475 1.51515 1.55556 1.59596 1.63636 1.67677 1.71717 1.75758 1.79798 1.83838 1.87879 1.91919 1.9596 2 
0.93263 0.93535 0.938017 0.94063 0.943188 0.945691 0.948139 0.950532 0.952869 0.955149 0.957374 0.959543 0.961655 0.96371 0.965708 0.96765 0.969534 0.971361 0.973131 0.974843 0.976498 0.978096 0.979637 0.98112 0.982546 0.983914 0.985225 0.986479 0.987677 0.988817 0.9899 0.990927 0.991897 0.992812 0.99367 0.994472 0.995218 0.99591 0.996546 0.997127 0.997654 0.998126 0.998545 0.99891 0.999221 0.99948 0.999686 0.99984 0.999943 0.999994 0.999994 0.999943 0.999843 0.999692 0.999493 0.999245 0.998949 0.998604 0.998213 0.997775 0.997291 0.99676 0.996185 0.995565 0.994901 0.994193 0.993442 0.992649 0.991814 0.990937 0.99002 0.989062 0.988065 0.987028 0.985953 0.98484 0.98369 0.982503 0.98128 0.980022 0.978728 0.977401 0.976039 0.974644 0.973217 0.971758 0.970267 0.968746 0.967195 0.965614 0.964004 0.962366 0.9607 0.959007 0.957287 0.955541 0.95377 0.951974 0.950154 0.94831 
1.00531 1.04081 1.03613 1.02232 1.01436 1.03391 1.00297 1.01106 1.01363 0.989932 1.0086 1.02042 1.01553 1.01498 1.03324 1.00291 0.994445 0.995715 0.997726 0.996681 0.999478 0.990265 0.989496 1.00262 0.995354 1.00086 0.994509 0.979229 0.989929 0.978588 0.986429 0.997606 0.985733 0.990081 0.99001 0.99971 0.990016 1.00451 0.993604 0.993858 0.992392 0.997396 0.995164 0.995939 0.994613 0.998102 0.999249 0.998398 0.999151 0.999588 1.0006 1.00132 1.00296 1.00276 1.00422 1.00754 1.0077 1.00735 1.00931 1.00487 1.01166 1.01296 1.01187 1.01532 1.01285 1.02229 1.02479 1.01917 1.0233 1.02936 1.03055 1.02538 1.02284 1.03145 1.02471 1.0427 1.03942 1.05119 1.05948 1.05387 1.06893 1.05418 1.06143 1.05866 1.07898 1.05381 1.06178 1.0654 1.07982 1.05384 1.07315 1.06946 1.09012 1.09391 1.11152 1.08329 1.08882 1.08486 1.11139 1.12632 
1.0173 1.00356 1.03374 1.00939 1.01329 1.01487 1.00161 1.00794 1.01104 1.0217 1.02671 0.993885 1.01144 1.00476 1.02546 0.990636 0.998501 0.999963 1.00308 1.00172 0.993973 0.987935 0.993806 0.992186 0.990782 0.985193 0.99458 0.987081 0.993351 0.997097 0.99258 1.00018 0.988045 0.993238 0.996708 0.992918 0.987857 0.997858 0.996524 0.995149 0.996509 0.995701 0.994264 0.996602 0.996713 0.997087 0.997368 0.999587 0.998711 0.999436 1.00039 1.00171 1.0044 1.00311 1.00454 1.00571 1.01069 1.00781 1.0127 1.01648 1.01285 1.01268 1.01149 1.01263 1.01292 1.02133 1.02244 1.02313 1.02521 1.03432 1.02285 1.02907 1.02779 1.04136 1.05432 1.03833 1.04674 1.0455 1.03375 1.05154 1.06861 1.0506 1.06348 1.04197 1.06493 1.05945 1.06243 1.06397 1.04394 1.11712 1.08343 1.09239 1.08093 1.08985 1.06636 1.10682 1.08953 1.11425 1.09092 1.1226 
1.01107 1.02134 1.0521 1.04423 1.0143 1.0357 0.994562 1.00657 1.02092 1.0213 0.998419 1.00144 0.991869 1.01044 0.998174 1.00718 1.00381 1.00296 0.998082 0.987674 0.999589 0.986844 0.994621 0.984544 0.998783 0.992123 0.985746 0.997798 0.990383 1.00352 0.993652 0.995063 1.00182 0.993592 0.997245 0.991799 0.989576 0.989986 0.996045 0.995956 0.9941 0.992449 0.992982 0.998473 0.993507 0.994558 0.998541 0.997467 0.999001 0.999523 1.00043 1.00098 1.00314 1.00565 1.00569 1.00661 1.00842 1.00948 1.01246 1.01017 1.0112 1.01588 1.01878 1.01594 1.02198 1.03379 1.02542 1.01877 1.03632 1.03538 1.02345 1.0303 1.02068 1.04092 1.037 1.03487 1.056 1.05151 1.03969 1.05634 1.05123 1.0579 1.0595 1.05018 1.07669 1.04601 1.07563 1.06051 1.06545 1.09291 1.08672 1.0929 1.08641 1.09595 1.08632 1.11107 1.10763 1.10536 1.10449 1.12777 
1.02558 1.0156 1.03349 1.02366 1.00922 0.98504 1.00615 0.99923 0.993821 1.00922 1.02862 1.00804 1.02261 1.01583 1.02434 1.01974 1.00127 0.980131 1.00032 0.990407 1.0123 0.985312 0.992468 1.00301 0.984208 0.988037 0.98997 1.00512 0.98679 0.984626 0.994138 0.994595 0.992395 0.987186 0.988443 0.992841 0.99729 0.994514 0.995022 0.995061 0.989269 0.996177 0.996771 0.991856 0.994657 0.997456 0.997666 0.99769 0.998164 0.999753 1.00056 1.00076 1.00249 1.00473 1.00598 1.00671 1.009 1.01209 1.00452 1.01727 1.01112 1.01067 1.01632 1.02165 1.01965 1.02326 1.0157 1.0241 1.02744 1.03565 1.03371 1.01565 1.04725 1.04205 1.0391 1.04448 1.03889 1.0487 1.04812 1.06009 1.05172 1.07323 1.06626 1.06554 1.06574 1.06705 1.07173 1.0865 1.08698 1.06589 1.09443 1.08868 1.1014 1.08955 1.10286 1.11095 1.10151 1.12037 1.12927 1.15026 
1.03156 1.01433 1.02376 1.01727 1.00679 1.00634 1.01645 1.02049 1.00171 0.993674 0.999366 0.983799 0.996165 1.02466 0.980621 1.00481 0.991872 0.993714 1.01085 1.00918 0.999995 1.0032 0.990509 0.984928 0.988658 1.00222 0.988042 1.00323 0.983636 0.98803 0.985888 0.998696 0.98508 0.990632 0.997696 0.990709 0.991858 0.992051 0.994087 0.994054 0.993391 0.992797 0.994369 0.995791 0.997594 0.99468 0.996426 0.997602 0.999147 0.999661 1.00039 1.0012 1.00147 1.00392 1.00552 1.00572 1.00671 1.00731 1.01221 1.00812 1.01861 1.0164 1.01398 1.01955 1.01651 1.01305 1.02197 1.01629 1.02522 1.02348 1.04836 1.02906 1.0383 1.03355 1.04541 1.03614 1.04868 1.05065 1.04988 1.06896 1.06665 1.06051 1.0576 1.05708 1.06648 1.07306 1.07851 1.06054 1.08061 1.06337 1.0871 1.09207 1.08835 1.0964 1.10659 1.09728 1.11722 1.12376 1.11093 1.1143 
0.995966 1.02616 1.02943 1.01271 1.00113 1.03091 0.997362 1.01426 0.996235 1.01486 1.00545 1.01449 1.01211 0.996397 0.997472 1.0069 1.00026 1.01008 1.00084 1.01667 1.00697 0.983296 0.998558 0.996665 0.998862 0.995029 0.992394 1.00721 1.00629 0.995577 0.999012 0.996308 1.0018 0.984368 0.98709 0.987946 0.992434 0.999206 0.989138 0.98964 0.992591 0.994767 0.9964 0.995395 0.996665 0.997524 0.996655 0.999206 0.999416 0.999707 1.0006 1.00196 1.00347 1.00368 1.00462 1.00588 1.00895 1.0113 1.01166 1.01572 1.01277 1.01072 1.01223 1.01447 1.02934 1.02477 1.02684 1.01998 1.02939 1.03412 1.03532 1.04038 1.02099 1.02322 1.02469 1.04919 1.03676 1.04817 1.03574 1.04777 1.05094 1.04609 1.05523 1.05637 1.02975 1.06602 1.07761 1.08112 1.07363 1.05614 1.10337 1.11902 1.06787 1.10381 1.08219 1.0877 1.07536 1.13271 1.1256 1.12079 
1.04725 1.027 0.997905 1.02879 1.00686 1.01281 1.01149 1.00398 0.998105 1.00112 0.989312 1.01314 1.0076 1.01145 1.00988 1.03158 0.982688 0.99297 1.00859 0.985933 0.995638 0.999246 0.99573 0.999486 1.00219 0.999268 0.990465 0.998288 0.993535 0.992621 0.989106 1.0065 0.99691 0.989323 0.991491 0.995035 0.991562 0.996027 0.998882 0.996124 0.99472 0.991516 0.995792 0.992444 0.995398 0.994287 0.997338 0.997626 0.998605 0.999583 1.00073 1.00161 1.0024 1.00393 1.00109 1.00309 1.00786 1.008 1.01049 1.00159 1.01005 1.01445 1.01853 1.01288 1.01874 1.02349 1.0254 1.02595 1.03088 1.02617 1.02028 1.03229 1.02789 1.04454 1.03662 1.03548 1.04192 1.04262 1.0434 1.05855 1.04811 1.06018 1.07342 1.05534 1.0756 1.06969 1.06712 1.0857 1.08488 1.07504 1.08803 1.06839 1.09978 1.08188 1.09538 1.09726 1.10499 1.08429 1.10795 1.09226 
1.03529 1.01196 1.02198 1.01065 1.01872 0.981162 0.993022 1.01676 1.00928 1.00547 1.00137 1.01546 1.02426 0.990113 1.00009 0.999967 1.00476 0.990805 1.00518 1.00546 1.01115 0.99016 0.998185 1.00182 0.988537 0.984812 0.988352 0.983706 1.00075 0.995758 0.984194 0.990068 0.991318 0.995557 0.987412 0.995294 0.991792 0.998127 0.998067 0.99369 0.99855 0.998999 0.992856 0.99163 0.994916 0.99633 0.994634 0.997722 0.99834 0.99953 1.00062 1.00154 1.00176 1.00067 1.00578 1.00379 1.00482 1.00242 1.00798 1.01284 1.01 1.00563 1.0114 1.0144 1.02043 1.02125 1.02044 1.01738 1.03465 1.02396 1.02943 1.02037 1.0354 1.04299 1.04074 1.04564 1.05281 1.05377 1.04784 1.05382 1.05729 1.05202 1.06173 1.04814 1.07178 1.08133 1.07952 1.0718 1.09612 1.07635 1.09681 1.07087 1.07559 1.12581 1.07926 1.07721 1.08438 1.13401 1.11472 1.09214 
1.0435 0.999567 1.02429 1.02513 1.03465 1.01062 1.00749 1.01686 0.995623 1.00777 1.00134 1.01399 1.01097 0.998655 1.01074 1.00345 1.00932 1.00861 0.999418 0.99935 0.991155 1.00295 0.9926 0.987948 0.992326 1.00144 0.99084 0.98754 0.986644 0.989246 1.00326 0.988372 0.987238 0.99284 0.996752 0.999414 0.99349 0.990759 0.999049 0.989291 0.995758 0.989783 0.993985 0.992765 0.996169 0.995798 0.997744 0.997746 0.998387 0.999349 1.0005 1.00176 1.00373 1.00452 1.00421 1.00828 1.00611 1.00687 1.01303 1.01 1.01601 1.01552 1.01285 1.01977 1.01642 1.02485 1.02791 1.02311 1.0252 1.02775 1.02282 1.02717 1.04207 1.04694 1.04185 1.027 1.05196 1.05325 1.04004 1.05582 1.0484 1.0514 1.05584 1.06249 1.04781 1.07034 1.06792 1.08654 1.09098 1.09559 1.07749 1.07882 1.08301 1.0975 1.10862 1.11882 1.08393 1.10188 1.1027 1.11481 
1.01075 1.04125 1.0183 1.01573 0.985731 1.0062 1.02264 1.02035 1.02209 0.99993 0.986953 1.01208 1.00686 1.0033 0.98664 0.989727 0.990833 1.00896 1.00386 1.00502 0.996158 1.00817 0.998841 0.994598 0.992007 0.994974 1.0159 0.998593 0.999694 0.994266 0.997358 0.986051 0.996265 0.987611 0.992951 0.990499 0.990182 0.995264 0.996072 0.99576 0.991449 0.98776 0.991432 0.995241 0.992514 0.99643 0.997613 0.997013 0.998182 0.999886 1.00043 1.0023 1.00254 1.00272 1.00437 1.00694 1.00788 1.0101 1.01208 1.00857 1.0134 1.00943 1.01805 1.02283 1.02562 1.02101 1.02646 1.02112 1.03388 1.03136 1.02374 1.03481 1.04927 1.0437 1.04345 1.04145 1.04652 1.04422 1.05598 1.03418 1.03935 1.0593 1.06998 1.05416 1.07141 1.07786 1.05642 1.08367 1.08857 1.08146 1.06326 1.09392 1.0817 1.07637 1.09983 1.07449 1.06931 1.12251 1.10907 1.11474 
1.01465 0.999757 1.02303 1.01047 1.01823 0.995379 1.01625 1.02417 1.00986 1.00509 1.01744 1.0079 1.00305 0.997961 1.00268 1.00447 0.994448 1.01327 1.01433 0.981982 0.995802 0.991083 0.998427 0.992811 1.00311 0.988373 0.997868 1.00113 1.00395 1.00303 0.987808 0.999789 0.996531 0.996042 0.995549 1.00118 0.986504 0.990303 0.992664 0.994628 0.990383 0.994234 0.994165 0.995018 0.996134 0.996231 0.995929 0.999509 0.998558 0.999469 1.00041 1.00211 1.00254 1.00269 1.00485 1.00364 1.00352 1.00679 1.0091 1.01312 1.01413 1.01459 1.02087 1.01459 1.02008 1.01878 1.02531 1.02073 1.02751 1.01531 1.0316 1.04402 1.02555 1.04028 1.05817 1.04296 1.05 1.05456 1.05503 1.0444 1.06748 1.0496 1.07826 1.0577 1.06666 1.05776 1.09224 1.06081 1.05356 1.08615 1.08968 1.08992 1.08834 1.11394 1.10129 1.10808 1.12598 1.09877 1.10724 1.12499 
1.04023 1.0268 1.03283 1.01894 1.04422 1.00864 1.017 1.00286 1.01961 1.01337 1.0168 1.00867 1.0025 0.97313 0.986836 1.01053 0.986995 1.00521 1.00176 0.995568 0.998926 0.994567 0.986559 0.986497 1.00279 1.00145 0.991079 0.991811 0.984636 0.997559 0.97958 0.989551 0.996199 0.996184 0.994669 0.989727 0.992644 0.994384 0.99534 0.990661 0.996041 0.990909 0.997319 0.991916 0.991313 0.995814 0.996792 0.998227 0.998454 0.999714 1.0006 1.00133 1.00252 1.00305 1.00682 1.00817 1.00756 1.00789 1.00751 1.00562 1.01774 1.01442 1.01936 1.0159 1.02347 1.01612 1.01507 1.02983 1.02354 1.02265 1.02632 1.03876 1.0234 1.03689 1.04248 1.04685 1.05766 1.04743 1.05732 1.05912 1.04519 1.05837 1.07844 1.06431 1.0632 1.05669 1.06743 1.09069 1.07027 1.07214 1.08518 1.09072 1.12072 1.09423 1.0908 1.11252 1.10756 1.12539 1.11578 1.10017 
1.0408 1.03282 1.03014 1.02132 1.02187 1.01832 1.01747 1.03112 1.0352 1.02784 0.996499 0.999965 1.00227 1.00531 0.995143 1.02185 1.00454 0.982685 1.00502 0.987752 0.978102 0.98017 0.991896 0.99853 0.994974 1.01141 1.00072 0.987059 0.985406 0.997695 0.990494 0.985612 0.990912 0.994673 0.994046 0.995816 0.998795 0.99475 0.987958 0.993385 0.994621 0.994408 0.991992 0.995034 0.995063 0.997428 0.998399 0.99851 0.998473 0.999549 1.00064 1.00123 1.00299 1.00277 1.00393 1.00715 1.00605 1.00677 1.0079 1.00949 1.01048 1.00814 1.01638 1.01576 1.0134 1.0186 1.02692 1.02038 1.02351 1.02998 1.02365 1.0304 1.03245 1.0255 1.03593 1.04366 1.05065 1.0523 1.02548 1.05536 1.06053 1.0418 1.03783 1.04122 1.06583 1.07072 1.07947 1.04998 1.0706 1.07389 1.09192 1.11388 1.06193 1.11757 1.07828 1.09817 1.1131 1.10084 1.11703 1.14875 
1.02728 1.04799 1.03158 1.01524 1.0281 1.01289 1.0407 1.01761 1.00939 1.00624 1.00947 1.02602 1.01195 1.00255 0.991101 0.996696 0.99797 1.0003 1.00815 1.00675 0.991672 0.995175 0.988165 1.00333 0.999504 0.994458 1.00209 0.999058 0.993096 0.992688 0.994555 0.9896 1.0034 0.996897 0.987176 0.987465 0.991827 0.996016 0.990051 0.989774 0.994136 0.992449 0.994445 0.992221 0.996905 0.994395 0.997837 0.999099 0.998453 0.999848 1.0005 1.00107 1.0017 1.00419 1.00236 1.00742 1.00796 1.00596 1.00781 1.0124 1.00957 1.01113 1.01413 1.02347 1.02049 1.01378 1.01908 1.03045 1.01564 1.01861 1.03226 1.02538 1.0374 1.03687 1.03667 1.04107 1.03977 1.04515 1.04463 1.06885 1.04741 1.05309 1.06219 1.06547 1.07278 1.07391 1.05663 1.05854 1.07292 1.07236 1.08852 1.10161 1.08124 1.09185 1.10756 1.13039 1.11059 1.10261 1.12415 1.11497 
1.02794 1.04187 1.0202 1.02679 0.998415 1.01363 1.01508 1.02418 1.00857 0.994915 1.00905 1.00508 1.02679 1.01728 0.991999 0.996087 1.00882 1.00902 0.99521 0.994753 0.997515 0.995911 1.00229 0.997496 0.999163 0.990119 0.99345 1.00188 0.98912 0.996203 0.996366 0.997989 1.00271 0.986626 0.988077 0.996072 0.990326 0.996448 0.994121 0.999767 0.99294 0.995611 0.995164 0.998585 0.992514 0.998217 0.997084 0.998352 0.998137 0.999525 1.00043 1.00181 1.00252 1.00372 1.0044 1.00615 1.00638 1.01192 1.01317 1.01111 1.00878 1.02102 1.01292 1.01282 1.01707 1.02103 1.02437 1.02933 1.02523 1.01976 1.02826 1.031 1.03463 1.03713 1.02634 1.04652 1.04798 1.0573 1.05547 1.05232 1.0766 1.06059 1.05925 1.06966 1.06685 1.07947 1.06156 1.07158 1.07972 1.09052 1.08216 1.10663 1.08788 1.10313 1.09153 1.10235 1.08709 1.10432 1.12243 1.07513 
1.03106 1.0211 1.00027 1.01501 1.03145 1.02522 1.02545 1.00068 1.00486 1.00723 1.00847 0.996537 0.997275 1.01122 1.02261 1.00104 0.985172 1.01219 0.989175 0.995173 0.999994 1.01295 0.998136 0.98445 0.992728 0.99005 0.998495 0.989062 1.00365 0.999266 0.993119 0.991095 0.995095 0.996997 0.989881 0.996193 0.990017 1.00209 0.993955 0.993747 0.988625 0.997214 0.994384 0.99354 0.997382 0.998245 0.996991 0.997459 0.998677 0.999712 1.00052 1.00088 1.00308 1.00355 1.00496 1.005 1.00723 1.01086 1.00775 1.00808 1.01476 1.01105 1.01421 1.0189 1.01501 1.02516 1.01692 1.02831 1.02793 1.02734 1.03056 1.04485 1.04425 1.03358 1.04757 1.04151 1.06103 1.04571 1.06922 1.0542 1.07628 1.06194 1.05308 1.06 1.07551 1.07258 1.08118 1.0684 1.08926 1.07907 1.10287 1.11042 1.11531 1.07939 1.10475 1.09507 1.09687 1.09442 1.11464 1.11497 
1.01408 1.02607 1.02322 1.02791 1.01135 1.00246 0.990861 1.03657 1.02059 1.01143 1.0249 1.02596 0.99631 1.01468 1.01074 1.01027 0.992368 0.988288 1.00799 0.999583 0.991559 0.98994 0.99413 1.00651 0.996257 0.983451 0.987113 1.00276 0.994533 1.00389 0.98099 0.996157 0.996224 0.98211 0.994819 0.991217 0.991225 0.987932 0.98874 0.997928 0.993094 0.997945 0.99645 0.998302 0.995207 0.997026 0.996768 0.998344 0.99851 0.999678 1.00062 1.00116 1.0031 1.00431 1.00474 1.00529 1.00317 1.01185 1.00822 1.00967 1.01321 1.00846 1.00966 1.02296 1.02007 1.01763 1.02174 1.03322 1.02442 1.02915 1.0386 1.03489 1.01716 1.03266 1.04219 1.05316 1.05168 1.04953 1.04798 1.05429 1.05189 1.05399 1.05326 1.06096 1.05928 1.07026 1.06906 1.08599 1.08613 1.08971 1.08381 1.10262 1.06903 1.07967 1.10504 1.08364 1.09597 1.10326 1.12538 1.11941 
1.03733 1.01851 1.01863 1.00619 0.998667 1.0092 1.01149 1.00758 0.992825 1.02304 1.0178 1.01116 0.99867 1.00508 1.00815 1.01119 0.996838 1.00464 1.0049 1.02015 1.00438 0.997768 1.00071 0.992189 0.993571 0.985463 0.97561 0.993315 0.991739 0.989973 0.989065 0.988911 0.993689 0.989742 0.994969 0.995645 0.992429 0.989823 0.995767 0.995488 0.99088 0.9946 0.996511 0.993844 0.994105 0.996065 0.997475 0.997186 0.998578 0.999528 1.00042 1.00151 1.002 1.00366 1.005 1.00322 1.00681 1.01382 1.00354 1.01056 1.00989 1.01332 1.01589 1.01615 1.02261 1.01688 1.01683 1.01879 1.03155 1.03029 1.02627 1.02352 1.04096 1.02259 1.03875 1.03825 1.04421 1.04182 1.05 1.04381 1.07523 1.03978 1.06753 1.08146 1.07132 1.06191 1.09737 1.071 1.06653 1.06661 1.09814 1.09242 1.10481 1.06818 1.08017 1.08432 1.11239 1.08363 1.09031 1.10677 
1.0237 0.996001 1.02639 1.00345 1.03226 0.993558 1.01679 1.01494 1.01331 1.00283 1.00825 1.00804 0.991044 1.00542 0.998811 1.0038 1.00986 1.00933 1.00491 0.994967 1.00147 1.00981 0.997544 1.00659 0.995414 0.993479 0.996063 0.996914 0.993789 0.99363 0.998133 0.997722 0.994652 0.992087 0.984385 0.991374 1.00166 0.99733 0.992009 1.00045 0.995049 0.994437 0.991379 0.995562 0.996744 0.996362 0.996465 0.998276 0.999087 0.999687 1.00023 1.002 1.00191 1.00399 1.00563 1.00434 1.00791 1.00876 1.00871 1.01061 1.01555 1.01483 1.01563 1.00819 1.01538 1.02139 1.03384 1.02901 1.02956 1.03144 1.041 1.03868 1.03143 1.03884 1.0229 1.04905 1.03615 1.06166 1.05596 1.04996 1.05505 1.05757 1.06704 1.07352 1.07267 1.04998 1.07429 1.07087 1.06735 1.09563 1.06077 1.09152 1.07683 1.11964 1.14112 1.10123 1.1171 1.09416 1.10318 1.10129 
1.04418 1.01848 1.03439 1.0046 1.0562 1.02151 1.01323 1.01503 1.00672 1.01749 0.992963 1.0104 1.01995 1.00278 1.01889 0.994839 1.01155 1.01197 0.998229 1.00722 1.00576 0.990757 1.00428 1.00217 0.999945 0.986629 1.0067 0.992946 0.988653 0.986974 0.998702 1.00048 0.989304 0.99044 0.994325 0.989113 0.987478 0.992111 0.991167 0.998741 0.994936 0.995105 0.993303 0.996414 0.996995 0.998638 0.997474 0.997104 0.998994 0.999632 1.00039 1.00151 1.00339 1.00488 1.00435 1.00658 1.00715 1.00883 1.0104 1.01564 1.01338 1.01296 1.02364 1.01393 1.02036 1.01853 1.02264 1.02215 1.03347 1.01802 1.03697 1.02372 1.03959 1.0352 1.04257 1.04429 1.04918 1.0414 1.04451 1.06509 1.02967 1.04894 1.04892 1.05979 1.06485 1.07372 1.06683 1.06978 1.07316 1.07691 1.08903 1.08925 1.06587 1.11005 1.0792 1.09989 1.11457 1.11236 1.11239 1.1245 
1.03131 1.00987 1.02139 1.01759 1.02576 1.00616 1.00205 1.00077 1.02417 1.01083 1.01139 1.01123 1.01964 1.0226 0.990375 1.01045 1.01108 1.01739 0.998263 1.00221 0.983509 0.990295 0.993392 1.00049 0.980659 0.995161 0.994078 0.994002 0.991595 1.00665 0.984753 0.982688 0.98529 0.98456 0.982538 0.99359 0.990487 0.993141 0.997049 0.995463 0.990584 0.995471 0.994868 0.994068 0.99338 0.998528 0.996633 0.999696 0.9984 0.999181 1.00075 1.00132 1.00248 1.00373 1.00329 1.00695 1.00806 1.00954 1.01004 1.01557 1.0104 1.00918 1.02205 1.0206 1.02212 1.01724 1.02468 1.01656 1.03719 1.03696 1.0307 1.04032 1.02903 1.03363 1.044 1.05489 1.04956 1.03242 1.05952 1.07184 1.05212 1.04071 1.06948 1.06935 1.05992 1.04526 1.07033 1.07767 1.07623 1.10105 1.11509 1.09079 1.0875 1.0608 1.10748 1.10203 1.09449 1.09621 1.12159 1.12428 
1.02293 1.03497 0.983962 1.00568 1.00423 1.01147 1.01259 1.01595 1.01336 1.00223 1.01091 1.00195 1.01318 0.997122 0.996151 1.0106 1.00174 0.989732 0.998584 0.993204 1.00385 1.01129 1.00005 1.00798 1.00083 0.983464 0.985564 0.988979 0.993229 0.994944 0.976343 0.988355 0.987135 0.991329 0.99104 0.996722 0.990675 0.999535 0.995083 0.995634 0.996431 0.99298 0.994889 0.993163 0.995381 0.996834 0.998297 0.998035 0.998322 0.999598 1.00041 1.00131 1.00215 1.00274 1.00559 1.00626 1.00734 1.01204 1.0077 1.01271 1.01651 1.01184 1.01243 1.01544 1.0215 1.025 1.03037 1.01989 1.02731 1.03331 1.02392 1.04424 1.04096 1.04786 1.03776 1.02558 1.0419 1.04195 1.04767 1.05996 1.0551 1.05007 1.06608 1.05372 1.0767 1.05447 1.06502 1.06805 1.07441 1.08683 1.08071 1.09608 1.09731 1.07901 1.09083 1.09222 1.12829 1.12699 1.10652 1.12616 
1.01896 1.02866 1.05026 1.0003 1.03148 1.00862 1.00855 1.00993 1.03285 1.00432 0.985514 0.992681 0.994828 1.00626 1.00112 0.973386 0.997151 1.00959 1.00227 0.998986 0.986035 0.997957 0.992275 0.991327 0.998582 0.995354 0.996941 0.999746 1.00156 0.996003 0.985655 0.999853 0.986239 0.997553 0.994841 0.993882 0.988384 0.990725 0.995095 0.995073 0.996396 0.990811 0.993479 0.99411 0.995512 0.998562 0.996674 0.998892 0.999384 0.999439 1.00045 1.00172 1.00284 1.0029 1.00503 1.00661 1.00781 1.00937 1.01127 1.0077 1.01633 1.01775 1.01334 1.01568 1.02106 1.01785 1.02598 1.01513 1.03002 1.02981 1.032 1.03984 1.03839 1.05312 1.03116 1.04519 1.03348 1.05763 1.04862 1.04122 1.05463 1.05174 1.043 1.06574 1.05289 1.0708 1.06579 1.0933 1.08651 1.07185 1.11282 1.10207 1.08486 1.08471 1.10128 1.1008 1.10995 1.10754 1.10814 1.10334 
1.03595 1.01699 1.03072 1.00609 1.01416 1.00679 1.00687 0.986092 0.998632 1.00779 1.0025 1.00306 1.01472 1.00434 1.00404 1.01388 1.01919 0.992732 0.987995 1.00424 0.997693 0.999362 0.987683 1.0038 1.00035 0.990127 0.98879 0.985551 0.992391 0.990505 1.00285 1.00724 0.992406 0.990663 1.00182 0.992446 0.989153 0.993715 0.990071 0.992853 0.988969 0.99625 0.993981 0.993445 0.995234 0.999351 0.996112 0.997854 0.998696 0.999614 1.00054 1.00216 1.00151 1.00048 1.00373 1.00594 1.0092 1.00991 1.008 1.01463 1.01818 1.01293 1.01476 1.0258 1.01131 1.01537 1.02013 1.02817 1.0325 1.02422 1.03474 1.03671 1.04514 1.04139 1.0271 1.03689 1.04386 1.03419 1.05917 1.05658 1.04177 1.07078 1.07198 1.06879 1.06803 1.05973 1.0839 1.07093 1.05742 1.07844 1.08606 1.094 1.07922 1.09002 1.10366 1.10504 1.0963 1.1032 1.10965 1.1198 
1.03912 1.01642 0.993909 1.03767 1.02534 1.02484 1.01871 1.02807 1.01333 1.00897 1.01162 1.01819 1.03439 1.01082 0.986309 0.979732 1.00331 1.0007 1.00191 1.00831 1.00124 0.995165 0.995854 1.00205 0.976869 1.00345 0.989357 0.992252 0.986988 0.982104 0.997768 0.996614 0.990256 0.999695 1.00274 0.985831 0.994392 0.994572 0.993166 0.991736 0.991787 0.988099 0.994348 0.996924 0.99508 0.996974 0.996093 0.998152 0.997471 0.999341 1.00058 1.0012 1.00188 1.00286 1.00406 1.0066 1.00751 1.00593 1.01087 1.01495 1.02138 1.00391 1.01514 1.00824 1.02226 1.0232 1.01988 1.03025 1.03258 1.03214 1.03794 1.0308 1.04564 1.03889 1.03983 1.04589 1.04287 1.04685 1.04776 1.06001 1.05428 1.06115 1.04484 1.04823 1.05718 1.06865 1.06742 1.07082 1.07605 1.08159 1.08932 1.09171 1.08348 1.09905 1.09778 1.0937 1.09056 1.09975 1.12819 1.10195 
1.03624 1.01993 1.01941 1.00445 1.01987 1.00805 1.00339 1.0265 1.02687 1.00914 1.02403 1.00472 1.00821 1.01309 1.01357 1.00965 0.983257 1.00756 1.006 0.978959 0.988479 0.98209 0.99984 0.998615 1.00175 0.981066 0.992144 0.995273 1.00054 0.994845 0.993546 1.00287 0.989891 0.991697 0.994948 0.992132 0.986919 0.983185 0.990588 0.995524 0.993572 0.992634 0.994112 0.995566 0.99687 0.994231 0.998957 0.998817 0.9984 0.999627 1.00048 1.00166 1.00307 1.00362 1.00581 1.00445 1.01063 1.00923 1.00912 1.00794 1.01049 1.01002 1.01422 1.0202 1.01656 1.01823 1.02751 1.0282 1.02126 1.02547 1.02074 1.02219 1.04337 1.03418 1.04325 1.04518 1.02649 1.05757 1.06147 1.05212 1.0548 1.0465 1.0544 1.06991 1.07899 1.06707 1.08468 1.06829 1.07431 1.08529 1.09507 1.08272 1.10356 1.11712 1.08982 1.12304 1.09978 1.12262 1.1283 1.12178 
1.02286 1.03797 1.02081 1.0128 1.00768 1.01151 1.00349 1.02582 1.01994 0.991902 1.00216 1.00585 1.03418 1.01097 1.00367 0.996588 1.00885 1.00029 0.997131 0.989358 0.994215 0.980484 0.994469 1.00261 1.00215 0.972576 1.00054 0.999483 0.99488 0.986856 0.992312 0.991264 0.996199 0.991061 0.992586 0.990417 0.992617 0.995077 0.993933 0.993879 0.997973 0.996014 0.991425 0.997041 0.994983 0.997271 0.99757 0.997599 0.999308 0.999612 1.00049 1.00091 1.0021 1.00584 1.00489 1.00639 1.0091 1.00814 1.00762 1.01136 1.01105 1.02166 1.01261 1.01503 1.01656 1.02657 1.02532 1.03066 1.03071 1.03658 1.0226 1.03476 1.04373 1.0279 1.05877 1.05034 1.02384 1.06736 1.03569 1.06277 1.06025 1.06324 1.08677 1.05872 1.05754 1.06707 1.08216 1.07617 1.0793 1.08206 1.06678 1.0827 1.08541 1.09216 1.09191 1.08656 1.12243 1.0902 1.10125 1.10972 
1.01871 1.02997 1.03512 1.01536 1.01286 1.03615 1.0106 0.996395 1.02221 1.00833 0.999697 1.0041 1.0202 0.999344 0.996504 1.00896 1.00737 0.99437 0.981845 0.989553 1.00184 0.983035 1.00497 0.999096 0.998823 0.995506 1.00322 1.00507 0.99316 1.00101 0.99625 0.999371 0.994619 0.987479 0.995935 0.987886 0.991635 0.994806 0.995117 0.992714 0.996623 0.993959 0.995432 0.993239 0.995608 0.993923 0.997354 0.999403 0.998476 0.99938 1.00059 1.00128 1.0017 1.00454 1.00577 1.00338 1.0029 1.00939 1.0146 1.01245 1.01119 1.01914 1.01165 1.01949 1.01361 1.01477 1.01731 1.02671 1.03288 1.02658 1.02804 1.03192 1.03971 1.03263 1.0465 1.05522 1.04196 1.04665 1.04451 1.05918 1.0502 1.04699 1.06163 1.06919 1.05736 1.06631 1.07206 1.06498 1.08906 1.09788 1.08868 1.0898 1.10457 1.0828 1.09846 1.09651 1.09681 1.11587 1.11327 1.11874 
1.02329 1.00718 1.01711 1.01627 1.0314 1.01121 1.01299 1.01312 1.01691 1.0034 1.01226 1.00019 0.992892 1.00827 1.00841 1.01195 1.01256 0.987797 1.01486 0.995595 0.99397 0.991923 0.995378 0.998231 1.00241 0.9966 0.994445 0.98562 0.987374 0.998176 0.985711 0.995854 0.994279 0.984378 0.985287 1.00369 0.989563 0.992287 0.992908 0.993338 0.989935 0.990976 0.996154 0.995112 0.998313 0.99785 0.996555 0.997869 0.998364 0.999262 1.0007 1.00091 1.00248 1.00393 1.00382 1.00869 1.00945 1.00719 1.0126 1.00971 1.01584 1.00974 1.01607 1.01674 1.02036 1.01935 1.02468 1.02415 1.02466 1.03312 1.04778 1.03569 1.03887 1.0457 1.0449 1.03739 1.04698 1.05926 1.03378 1.0544 1.06032 1.05342 1.07112 1.05865 1.06741 1.09635 1.07845 1.06448 1.11394 1.07853 1.09575 1.10471 1.06061 1.09499 1.10538 1.08704 1.12894 1.11202 1.10165 1.12787 
1.02829 1.01344 1.0129 1.00197 1.02785 1.00878 1.0056 0.996471 1.0138 1.00056 1.00942 0.9913 1.00607 1.01139 0.999473 1.01085 1.00444 1.00836 1.00717 0.985616 1.00119 0.989899 1.00545 0.988315 0.985589 0.986834 0.996317 0.989602 1.00516 0.994877 0.996415 0.990272 0.990765 0.99283 0.986167 0.998774 0.987112 1.00004 0.98632 0.991562 0.994911 0.996405 0.995378 0.994789 0.998137 0.996476 0.998641 0.996392 0.998035 0.999649 1.00033 1.00197 1.00262 1.00405 1.00621 1.00695 1.00923 1.00902 1.0109 1.00928 1.01173 1.01547 1.01395 1.00903 1.01993 1.01754 1.03679 1.02227 1.022 1.03042 1.0228 1.03741 1.03783 1.03253 1.03061 1.0496 1.04283 1.03462 1.05527 1.06149 1.06646 1.05994 1.04098 1.05797 1.05281 1.06188 1.07165 1.06243 1.08293 1.08751 1.10107 1.102 1.07691 1.0879 1.1088 1.09899 1.12121 1.09258 1.12007 1.10659 
1.00637 1.03096 1.02343 1.00213 1.02808 1.0217 1.02367 0.993433 1.01978 0.989833 1.00251 1.01279 1.01584 0.986509 1.00964 1.03487 1.00413 1.00259 0.993384 1.01463 0.99261 1.00014 0.995268 0.995209 0.995956 0.992074 0.98804 0.997946 0.99399 0.990549 0.981167 0.989853 0.98768 0.989207 0.99439 0.987012 0.999816 0.994104 0.98789 0.996366 0.993997 0.998173 0.994464 0.993917 0.995352 0.998551 0.997608 0.996931 0.998771 0.999839 1.00024 1.001 1.00374 1.00325 1.00235 1.00535 1.00361 1.00934 1.00931 1.01029 1.00922 1.01089 1.02089 1.01916 1.01495 1.01824 1.01988 1.0276 1.03079 1.02455 1.03709 1.0415 1.03503 1.04707 1.03618 1.03364 1.05416 1.05107 1.06418 1.0567 1.04741 1.06552 1.06847 1.07617 1.05309 1.06875 1.06707 1.08606 1.07743 1.08785 1.06258 1.09821 1.10642 1.09017 1.10003 1.0934 1.07002 1.10154 1.10739 1.13947 
1.00898 1.01036 1.01324 1.02865 1.01934 1.00534 1.03129 1.0256 1.01328 1.01461 1.00825 1.0193 1.01088 0.989198 1.02166 0.997579 1.00702 0.988988 0.982456 1.00023 0.99938 0.988733 0.99333 0.979535 0.998783 0.991366 1.00241 0.989938 0.998405 0.990038 0.99634 0.993902 0.995438 0.984549 0.995313 0.986716 0.99685 0.994362 0.988022 0.991434 0.995338 0.995416 0.997426 0.993578 0.99636 0.996634 0.998713 0.998427 0.997887 0.999569 1.0003 1.00132 1.00261 1.00246 1.0052 1.00662 1.00503 1.00953 1.00984 1.00855 1.01301 1.01225 1.01337 1.01373 1.02114 1.02094 1.02892 1.02424 1.02808 1.02558 1.03273 1.02493 1.04858 1.04183 1.03061 1.04641 1.04054 1.04898 1.05508 1.05495 1.07523 1.0648 1.05995 1.09783 1.05345 1.06359 1.06854 1.07842 1.09408 1.06521 1.06674 1.0749 1.08626 1.07593 1.11181 1.11488 1.10119 1.10542 1.11491 1.07807 
1.00477 1.01312 1.01113 1.02717 1.01467 1.0173 1.01211 1.0045 1.01684 0.992627 0.978122 1.02237 1.03345 1.02863 1.01219 0.994512 1.00859 0.98499 0.992632 0.999441 0.991752 0.989835 0.980586 0.99669 0.989541 0.996517 0.995871 0.98718 0.982411 0.990537 0.996449 0.996192 0.99639 0.986196 0.994111 0.993055 0.986142 0.994491 0.994461 0.998278 0.993126 0.991269 0.990958 0.995655 0.995078 0.99712 0.996528 0.997851 0.997847 0.999739 1.00031 1.00137 1.0022 1.00497 1.00637 1.00489 1.00413 1.0093 1.00721 1.01126 1.0116 1.01341 1.01928 1.02334 1.02143 1.03161 1.02325 1.02432 1.02551 1.02086 1.03869 1.01653 1.03398 1.03994 1.03454 1.05197 1.0498 1.0358 1.05693 1.05286 1.05155 1.07256 1.04758 1.06431 1.0603 1.06443 1.09071 1.08518 1.08805 1.10261 1.08646 1.09508 1.10318 1.11252 1.08324 1.11581 1.12199 1.10466 1.09976 1.11093 
1.01611 1.02599 1.0344 1.001 1.03984 1.00652 1.02571 1.02554 1.02354 1.00254 1.00252 0.995198 0.996951 0.989943 1.01808 0.987897 0.996584 1.00143 0.987969 0.987474 0.988951 1.01055 1.00423 0.992987 0.997961 1.00643 0.997376 1.00423 0.994106 0.989258 0.991185 0.991532 0.987426 0.995745 0.997868 0.990265 0.997146 0.993001 0.987199 0.996266 0.993105 0.993163 0.993289 0.994806 0.993468 0.997227 0.996566 0.9978 0.998771 0.999432 1.00066 1.00159 1.00256 1.00332 1.00316 1.00436 1.00725 1.00976 1.01078 1.02004 1.00665 1.01498 1.01012 1.02052 1.02569 1.01694 1.02422 1.0225 1.0293 1.02094 1.02272 1.03377 1.03898 1.03515 1.03541 1.04141 1.02653 1.04963 1.05805 1.03833 1.06724 1.07361 1.0624 1.06539 1.06394 1.07008 1.06629 1.06159 1.08281 1.0835 1.05199 1.07865 1.09206 1.0878 1.11569 1.09083 1.13505 1.11136 1.09547 1.12017 
1.04393 1.00055 1.04005 1.03512 1.02483 1.01911 0.993947 1.00423 1.00901 0.989306 1.00654 1.00083 1.00005 1.01337 1.01999 0.99503 0.983287 0.994316 1.00528 1.00676 0.993956 0.983308 0.988641 1.0036 1.00494 1.00889 1.0029 1.00084 1.00397 0.99511 0.978836 0.984472 0.997023 0.99385 0.989817 0.986486 0.993415 0.991018 0.988991 0.993957 0.990453 0.996808 0.994035 0.996169 0.995284 0.997517 0.995572 0.998997 0.997952 0.999614 1.00058 1.00181 1.00382 1.00315 1.00651 1.00821 1.00342 1.00608 1.008 1.01235 1.01012 1.0144 1.01626 1.01533 1.02128 1.01041 1.02154 1.03362 1.02398 1.02817 1.03968 1.04108 1.02202 1.04121 1.04242 1.04168 1.03367 1.03792 1.04684 1.06528 1.05202 1.05496 1.05031 1.05542 1.06742 1.04572 1.06867 1.07501 1.07829 1.07538 1.05834 1.07158 1.10488 1.1126 1.08908 1.10552 1.11548 1.10442 1.10321 1.14056 
1.0576 1.01016 1.04119 1.01174 1.00837 1.00028 1.02548 1.00934 1.01311 1.01222 1.02749 1.0092 1.01611 0.991944 0.99453 0.98947 0.989043 1.01348 1.00723 1.00136 0.984513 0.995628 0.989455 0.996844 0.998621 0.992771 0.993019 0.989317 0.997658 0.982001 0.995257 0.99661 0.992915 0.997881 0.992243 0.990992 0.995064 0.989331 0.998064 0.989759 0.992017 1.00016 0.99573 0.9966 0.998648 0.995728 0.996571 0.997742 0.998739 0.999528 1.00045 1.00127 1.0004 1.00273 1.00436 1.006 1.00839 1.01018 1.01216 1.01124 1.01653 1.01233 1.01765 1.01875 1.01931 1.00657 1.02748 1.02759 1.03444 1.02458 1.02803 1.04105 1.02896 1.0407 1.04706 1.04038 1.04647 1.0514 1.03004 1.05624 1.05529 1.06388 1.05357 1.05787 1.06211 1.05409 1.06277 1.07853 1.06844 1.06648 1.08354 1.05655 1.09252 1.09862 1.08395 1.10333 1.11497 1.10899 1.13425 1.09746 
1.02693 1.02349 1.02231 1.032 1.01389 0.987947 1.02189 1.01242 1.00557 1.02693 1.02352 0.998581 0.994002 1.02512 1.01023 1.00235 0.988441 0.995642 0.993607 0.994241 0.990259 0.998219 1.0022 0.995115 0.992607 0.980738 1.00198 0.990207 0.99806 1.00264 0.988541 0.995315 0.993698 0.988965 0.997675 0.989672 0.9919 0.990759 0.992769 0.990178 0.993844 0.995446 0.997862 0.99596 0.996463 0.996025 0.997104 0.999411 0.998605 0.999333 1.00064 1.00215 1.0038 1.00252 1.00484 1.00461 1.01375 1.01253 1.01699 1.01473 1.01234 1.01261 1.01827 1.01559 1.01909 1.02687 1.03173 1.02955 1.02803 1.02944 1.02657 1.03307 1.02118 1.04036 1.03679 1.04994 1.04909 1.05517 1.06873 1.04363 1.0393 1.04357 1.06724 1.06141 1.07561 1.06535 1.08159 1.07133 1.0744 1.08537 1.08433 1.08763 1.07459 1.10277 1.07706 1.11543 1.12959 1.10649 1.1119 1.11348 
1.01626 1.02409 1.0035 1.01565 1.00235 1.02772 1.04268 1.01391 1.00705 0.988634 1.012 1.01124 1.01695 0.996935 0.995627 0.997879 1.01678 1.0107 0.992345 1.00768 1.00066 1.00568 0.994786 1.00331 0.989039 0.996983 1.00583 0.995894 1.00604 0.984921 0.991192 0.985935 0.990071 1.00043 0.985609 0.994187 0.998289 0.990677 0.992608 0.994552 0.990602 0.999153 0.990679 0.993861 0.996233 0.996334 0.995907 0.998417 0.99826 0.999592 1.00047 1.00176 1.00181 1.00396 1.00747 1.00672 1.00826 1.0075 1.01222 1.01342 1.01004 1.01295 1.01653 1.02143 1.02535 1.0183 1.0278 1.0171 1.02962 1.02803 1.0334 1.03376 1.03353 1.03645 1.04346 1.05194 1.0297 1.04507 1.03628 1.05593 1.0431 1.05942 1.05829 1.06891 1.06229 1.05391 1.07105 1.06716 1.07366 1.08908 1.11923 1.09582 1.10295 1.08022 1.08947 1.10436 1.11117 1.13773 1.10424 1.16174 
0.996941 1.03197 1.03907 1.00121 1.0016 0.997274 1.01169 1.00986 1.02711 1.02254 1.00968 1.00537 1.00797 1.01143 1.00268 0.995516 1.02243 0.993378 1.00512 0.994805 0.999799 0.998973 1.00022 0.99714 1.00191 0.989411 1.00172 0.992872 0.991526 0.990782 0.984211 0.985784 0.987202 0.998261 0.994261 0.991773 0.994284 0.994737 0.993342 0.996152 0.99168 0.992989 0.994509 0.994998 0.994786 0.995534 0.99825 0.998628 0.998642 0.999758 1.00075 1.00118 1.00202 1.00468 1.00336 1.00811 1.00772 1.00361 1.00902 1.01295 1.01591 1.01639 1.01735 1.02163 1.0233 1.0238 1.01834 1.03171 1.01973 1.02536 1.0391 1.02794 1.03474 1.02803 1.05898 1.04903 1.0536 1.04025 1.05323 1.06437 1.04163 1.04039 1.04805 1.06444 1.06219 1.08742 1.08952 1.06771 1.07584 1.09282 1.10072 1.09031 1.07637 1.12461 1.07883 1.09667 1.08805 1.10308 1.10884 1.13098 
1.03046 1.02039 1.0158 1.01408 1.02723 1.00417 1.01129 0.989315 1.00906 1.01725 1.02196 0.991371 1.01014 1.02475 1.00635 1.00106 0.9991 1.00028 0.994745 1.00196 0.978895 0.992017 0.9904 0.989694 0.994211 0.995243 1.00123 0.998251 0.99597 0.989225 1.00204 0.989498 0.985154 0.983873 0.997997 0.988677 0.995409 0.987006 0.994002 0.998995 0.994655 0.993456 0.991994 0.995357 0.996504 0.994882 0.995013 0.998628 0.998118 0.99936 1.00049 1.00093 1.00343 1.00347 1.00416 1.00653 1.00505 1.01213 1.0108 1.01077 1.01496 1.01455 1.0193 1.01516 1.01502 1.0253 1.02557 1.02281 1.02129 1.01941 1.03173 1.02366 1.03956 1.02467 1.04137 1.04877 1.05964 1.0438 1.04642 1.05 1.07007 1.06557 1.06246 1.05698 1.07059 1.06396 1.08302 1.05829 1.07824 1.0915 1.09012 1.08976 1.09059 1.11005 1.10682 1.09897 1.0999 1.09371 1.09448 1.12589 
1.00294 1.0258 1.021 1.02322 1.00133 1.02095 0.992815 1.03756 1.00078 1.02105 0.999083 1.00866 1.00166 1.00167 0.989189 1.00425 1.00032 1.00622 1.01046 1.00555 0.992239 1.00594 0.996448 1.00514 1.00724 0.998471 0.993767 0.993871 0.984168 1.00306 0.986971 0.993332 0.999046 0.993202 0.994562 0.991606 0.993092 0.991887 0.990857 0.994128 0.992392 0.990782 0.997788 0.994392 0.995746 0.998027 0.996403 0.99896 0.998842 0.999431 1.00043 1.00239 1.0012 1.00365 1.00478 1.00602 1.00833 1.00263 1.0081 1.01354 1.01401 1.01388 1.00877 1.02013 1.02007 1.02913 1.02502 1.02985 1.03126 1.02984 1.02604 1.02878 1.0158 1.03503 1.02932 1.04674 1.05002 1.04379 1.04038 1.04381 1.04416 1.06685 1.05338 1.06589 1.06036 1.07271 1.06157 1.06729 1.07121 1.08495 1.09619 1.07979 1.08934 1.0711 1.10234 1.10675 1.11265 1.09456 1.09238 1.11613 
1.03402 1.0249 1.01174 1.0449 1.0156 1.01912 1.02363 1.00864 1.02039 0.98083 1.00774 1.01371 0.998061 1.00863 1.00729 1.00394 0.998789 0.994872 1.00563 0.994474 1.001 0.995333 0.990834 0.988188 0.994753 0.988633 0.985866 1.00613 0.987855 1.00698 0.991826 0.994711 1.00039 0.994704 0.990654 0.985024 0.995387 0.989305 0.990971 0.992014 0.997633 0.995416 0.997166 0.994885 0.99173 0.995224 0.996683 0.996135 0.998753 0.999315 1.00047 1.00085 1.00309 1.00105 1.00642 1.00631 1.00507 1.00841 1.01114 1.01725 1.01729 1.01776 1.00682 1.0218 1.01558 1.02387 1.01707 1.01512 1.02004 1.0402 1.02414 1.04962 1.03765 1.03737 1.04886 1.03919 1.05298 1.05014 1.05927 1.05101 1.04004 1.05007 1.06918 1.0651 1.06229 1.07523 1.07247 1.07536 1.0927 1.07831 1.08897 1.0691 1.08294 1.11893 1.08818 1.12019 1.11555 1.11238 1.11796 1.08106 
1.02958 1.01898 1.01135 1.00791 1.02135 1.00836 1.02213 1.0006 1.0139 1.01692 1.01256 1.00221 1.01144 0.995759 0.988947 1.01378 1.0018 1.00466 1.00196 1.00083 1.00088 0.986108 1.00263 0.992722 0.995033 0.993542 0.990531 1.00763 1.00382 0.987355 1.00043 0.990793 0.999886 0.989753 0.992844 0.990938 0.992207 0.990152 0.993716 0.990633 0.994351 0.993577 0.988772 0.994277 0.994359 0.994426 0.997746 0.998591 0.998387 0.999357 1.00057 1.00187 1.00268 1.00407 1.00169 1.00659 1.01 1.01203 1.0107 1.01418 1.0124 1.01585 1.01743 1.01955 1.01376 1.0244 1.02414 1.02583 1.03049 1.03445 1.02966 1.02479 1.03419 1.02482 1.04238 1.04926 1.0489 1.03561 1.05287 1.04318 1.06399 1.05212 1.05732 1.06726 1.08234 1.07693 1.06665 1.09749 1.09256 1.08146 1.08576 1.08521 1.08024 1.08781 1.08652 1.11937 1.09036 1.09958 1.08718 1.13169 
1.01222 1.03757 1.05133 1.01379 1.0249 1.02997 1.01094 1.02637 1.02721 1.00166 1.0269 1.0182 1.01831 1.0096 0.984201 0.996725 1.00262 0.995224 1.01217 0.98037 0.990231 0.984032 0.999627 0.995153 1.01386 0.99906 0.999742 0.998593 0.99376 0.996084 1.00162 1.00063 0.991 0.982271 1.0009 0.987896 0.994694 0.991254 0.990197 0.996555 0.994992 0.984461 0.99524 0.990703 0.996167 0.99735 0.995194 0.997623 0.998781 0.999509 1.00047 1.00219 1.00126 1.0032 1.00324 1.00434 1.00731 1.00745 1.00955 1.01675 1.01956 1.01212 1.01728 1.01622 1.01279 1.02522 1.01506 1.02143 1.02245 1.0339 1.02166 1.02268 1.03642 1.03411 1.03282 1.04048 1.03507 1.03411 1.04309 1.0616 1.0585 1.0537 1.05784 1.05594 1.05883 1.05325 1.06481 1.06973 1.0839 1.06346 1.08524 1.09613 1.10379 1.06982 1.11418 1.07609 1.10575 1.10344 1.1008 1.12085 
1.01499 1.04171 1.02305 1.02505 1.02152 1.00901 1.01597 0.997773 1.01467 0.987273 1.00303 1.0081 1.01744 1.00392 1.00114 0.992561 0.992025 0.999673 0.999706 1.00348 1.00472 0.998921 1.00396 0.997195 0.999245 0.983589 0.995254 0.99522 0.983253 0.991532 0.979689 0.991735 0.994718 0.986626 0.986682 0.989932 0.991347 0.999169 1.00104 0.994306 0.993092 0.993062 0.998256 0.997262 0.997245 0.995798 0.99587 0.996809 0.998518 0.999592 1.00042 1.00126 1.00373 1.0027 1.00347 1.00586 1.00368 1.00673 1.01024 1.0098 1.01393 1.01311 1.01746 1.01785 1.01333 1.01995 1.02606 1.02753 1.01694 1.0216 1.02129 1.02689 1.04555 1.03816 1.05543 1.04371 1.05337 1.04999 1.0523 1.05209 1.03776 1.06938 1.0668 1.07617 1.06092 1.07354 1.08068 1.07361 1.07448 1.08909 1.06365 1.08282 1.11399 1.08268 1.09376 1.10018 1.08445 1.09798 1.11875 1.13458 
1.0325 1.00688 1.01278 1.00633 1.02802 1.00329 0.996679 1.02433 0.99573 1.01945 0.993045 1.01841 1.01724 1.01704 1.02845 0.997849 0.994356 1.00331 0.997709 0.987137 0.991818 0.996498 1.02072 1.01207 0.997378 1.00636 0.999491 0.991957 0.995304 0.988732 0.985229 1.00576 0.998943 0.995366 0.994089 0.993025 0.994262 0.993765 0.992009 0.997757 0.989436 0.994849 0.997239 0.997944 0.996956 0.995696 0.996082 0.99616 0.998698 0.999551 1.0006 1.00063 1.00135 1.00305 1.004 1.00435 1.01263 1.00577 1.01149 1.01004 1.01081 1.01116 1.01507 1.01745 1.01686 1.02117 1.03157 1.02772 1.03577 1.03337 1.03294 1.03577 1.0256 1.03868 1.04201 1.04145 1.04504 1.04953 1.05356 1.06018 1.05573 1.0574 1.05475 1.06138 1.06138 1.09319 1.08001 1.07459 1.07879 1.08857 1.0858 1.07089 1.10279 1.12129 1.10013 1.0952 1.09359 1.10986 1.1231 1.1138 
1.02819 1.03068 1.0185 0.998592 1.02964 1.02872 1.02028 1.00137 1.02559 1.00609 1.02482 1.01035 0.989011 1.00426 1.00857 1.0053 1.01004 1.01169 0.994629 0.995989 0.992644 1.00109 1.01378 0.98214 0.994471 0.993807 0.986739 0.988661 0.989358 0.990523 0.985303 1.001 1.00133 0.991015 0.99031 0.991651 0.993938 0.987898 0.994268 0.99377 0.993522 0.993877 0.995401 0.99558 0.997116 0.996408 0.997064 0.997727 0.998679 0.999505 1.0007 1.00124 1.00253 1.00486 1.00705 1.00714 1.00844 1.01188 1.00932 1.0105 1.01088 1.01078 1.00869 1.01127 1.01777 1.02599 1.02869 1.02294 1.02933 1.03423 1.04066 1.03047 1.03452 1.02585 1.03755 1.04966 1.05123 1.04889 1.04779 1.04678 1.05687 1.06514 1.05928 1.07257 1.05583 1.05014 1.07116 1.09 1.0682 1.07337 1.08071 1.08746 1.11585 1.09557 1.10103 1.08298 1.09642 1.085 1.1388 1.13049 
1.02608 1.01062 1.0076 1.01955 1.00409 1.01673 1.02312 1.02701 1.01688 1.02482 0.997583 1.00676 0.994365 1.00961 1.01052 0.997769 0.993187 0.991377 0.998577 0.998541 0.975771 1.00292 0.99713 1.00517 0.984228 0.995752 0.998868 1.00791 1.00321 0.992064 0.998301 0.97857 0.990137 0.993673 0.997009 1.00119 0.998106 0.995196 0.991689 0.993552 0.991159 0.997395 0.992226 0.996147 0.994361 0.997432 0.99736 0.997843 0.998444 0.999764 1.00041 1.00172 1.00047 1.00324 1.00231 1.00573 1.00572 1.00983 1.00769 1.00445 1.01207 1.01124 1.01056 1.01858 1.02549 1.02507 1.02377 1.02337 1.03877 1.03218 1.02903 1.03013 1.04592 1.02532 1.03473 1.04108 1.06141 1.04624 1.03976 1.065 1.05267 1.05074 1.05602 1.08264 1.05528 1.0911 1.07172 1.07863 1.09657 1.0641 1.09235 1.07016 1.06787 1.09301 1.10962 1.12491 1.12192 1.11569 1.11655 1.13923 
1.04335 1.01163 1.03053 1.00744 1.00041 0.995842 1.01696 1.01473 1.00678 1.02076 1.00624 1.00419 1.00162 1.00222 1.00485 0.982742 0.968295 1.02207 1.01556 0.981561 1.01079 0.994294 0.985062 0.982737 0.983846 0.978402 1.00122 0.999051 1.00584 0.987768 0.993147 0.993399 0.993416 0.993931 0.998748 0.992437 0.992285 0.991101 0.996883 0.995904 0.992949 0.995517 0.997578 0.995391 0.995363 0.998251 0.996571 0.997387 0.998974 0.999699 1.00056 1.00125 1.00271 1.00351 1.00636 1.00435 1.00615 1.01019 1.00971 1.01377 1.01367 1.02015 1.01713 1.0161 1.0205 1.01808 1.02485 1.02855 1.02795 1.02632 1.04319 1.0255 1.04115 1.03366 1.03975 1.02746 1.05127 1.04435 1.05907 1.0504 1.05956 1.05676 1.03798 1.07159 1.06566 1.08658 1.09529 1.08824 1.10645 1.09661 1.09006 1.1075 1.08734 1.08912 1.10859 1.07497 1.11246 1.1074 1.10022 1.13142 
1.02005 1.02311 1.03554 1.02956 1.0214 1.0287 0.997227 1.00085 1.00965 1.00213 1.03295 1.00054 1.01288 1.00444 0.994549 1.00375 0.995989 1.01488 0.994953 0.996365 1.00931 0.997222 0.99622 0.994703 0.993991 1.00624 1.00105 0.999932 0.984328 0.993355 0.986546 0.994729 0.986161 0.989475 0.998641 0.9939 0.98815 0.989165 0.994241 0.989919 0.993296 0.996874 0.99159 0.994748 0.994307 0.995909 0.998005 0.998278 0.998422 0.999673 1.00032 1.00206 1.00271 1.00228 1.00225 1.0083 1.0095 1.01162 1.01261 1.0103 1.0146 1.01222 1.01292 1.01197 1.01333 1.01447 1.01337 1.0187 1.02044 1.02839 1.03114 1.02683 1.03069 1.02367 1.04029 1.04174 1.04821 1.03414 1.04629 1.05787 1.05366 1.04511 1.06779 1.05859 1.06531 1.06509 1.06021 1.0802 1.06904 1.08874 1.08332 1.07927 1.09569 1.08803 1.11775 1.12441 1.07324 1.10402 1.11827 1.1364 
1.03568 1.0063 1.01533 1.02259 1.02643 1.01868 1.01471 1.00973 1.0049 0.999654 1.00304 1.00528 0.999447 1.0182 0.998238 1.00494 0.99429 0.992388 1.0048 0.996914 0.988434 0.990549 0.994627 1.00804 0.990702 0.999568 1.00234 1.00126 1.00011 0.991131 0.997744 0.987581 0.99694 0.989879 0.985179 0.999216 0.993432 0.992238 0.992993 0.993655 0.9914 0.994877 0.998122 0.995357 0.99485 0.998083 0.995834 0.997011 0.997931 0.999421 1.00055 1.00088 1.00262 1.00325 1.00515 1.00762 1.00635 1.01169 1.00727 1.00971 1.01253 1.00734 1.0146 1.01356 1.0158 1.02439 1.0262 1.01739 1.02529 1.03563 1.03251 1.02041 1.04434 1.03058 1.03741 1.03559 1.05003 1.03411 1.04384 1.04766 1.05559 1.04979 1.06967 1.05924 1.05134 1.08332 1.06276 1.06886 1.07776 1.07793 1.08225 1.0828 1.07599 1.06125 1.10391 1.10235 1.0762 1.10019 1.11089 1.09358 
1.03749 1.03597 1.02131 1.01973 1.00265 1.0126 1.02822 1.00897 1.02267 0.995097 0.998766 1.01006 0.994326 1.00827 1.01935 0.992383 1.00658 1.00388 1.00401 0.999233 0.999168 1.00744 1.0062 1.00028 0.994632 0.99304 1.00428 0.985942 0.991699 1.00076 1.0046 0.985313 0.981436 0.988788 0.991491 0.983655 0.990984 0.997259 0.996506 0.993039 0.994815 0.992422 0.995708 0.993522 0.995494 0.998336 0.998349 0.998635 0.998162 0.999665 1.00038 0.999953 1.00185 1.00359 1.00656 1.0039 1.00282 1.00672 1.01373 1.00934 1.01243 1.00852 1.01833 1.01843 1.01277 1.01567 1.02066 1.01007 1.03097 1.03974 1.03338 1.0395 1.03271 1.03715 1.04405 1.0437 1.03547 1.04056 1.04247 1.05382 1.06403 1.05254 1.05844 1.06945 1.05318 1.07561 1.06015 1.08222 1.08532 1.08746 1.0768 1.09106 1.10062 1.1133 1.09339 1.10584 1.09822 1.09678 1.09877 1.12078 
0.996883 1.00993 1.02371 1.02837 1.02245 1.0507 1.041 1.0333 1.00496 1.01575 1.00532 0.997461 1.00582 1.00409 0.990198 1.00307 1.00564 1.00573 1.0098 1.00633 1.0046 0.993182 1.00519 0.996784 0.991666 0.999322 0.999924 0.995993 0.989797 1.00303 0.993536 0.986692 0.992729 0.995911 0.995528 0.984957 0.992643 0.990654 0.995892 0.98966 0.995447 0.992549 0.998234 0.997886 0.995381 0.997429 0.999833 0.998934 0.998417 0.999611 1.00047 1.00079 1.0015 1.00514 1.00391 1.00855 1.00999 1.00952 1.01223 1.021 1.01509 1.01444 1.0198 1.01812 1.0165 1.02305 1.02205 1.01824 1.01467 1.02903 1.033 1.03965 1.04286 1.04131 1.04195 1.04857 1.03642 1.05297 1.052 1.03933 1.03201 1.0654 1.06714 1.05009 1.07551 1.08274 1.07962 1.08519 1.06523 1.09768 1.08504 1.10869 1.0664 1.11972 1.08572 1.09217 1.12341 1.11705 1.11967 1.13929 
1.02059 1.02983 1.03131 1.02859 1.01488 1.02898 0.994556 1.03298 1.02646 1.02892 1.00941 1.01756 1.01507 1.00996 0.998351 1.00001 0.989104 0.983418 1.00283 1.0103 0.997549 0.987957 0.999047 1.00526 0.981442 0.99115 0.997428 0.998959 1.00245 1.00147 0.983117 0.993518 0.999104 0.997482 0.98432 0.99399 0.993075 0.988225 0.988928 0.993843 0.994478 0.992492 0.997384 0.99133 0.997155 0.99484 0.997275 0.998215 0.999474 0.9994 1.00043 1.00168 1.00181 1.00476 1.00643 1.0044 1.00714 1.01114 1.01244 1.00858 1.01202 1.01691 1.00718 1.01439 1.0049 1.0247 1.02086 1.02428 1.02678 1.03283 1.02698 1.03675 1.02322 1.03805 1.04051 1.03829 1.05999 1.0431 1.05847 1.04764 1.07117 1.06011 1.06688 1.0593 1.07141 1.0663 1.05837 1.07882 1.09622 1.10772 1.07935 1.1087 1.10557 1.0992 1.07716 1.08738 1.12637 1.10275 1.09085 1.07945 
1.03192 1.01667 1.03285 0.996599 1.02703 0.996522 1.0183 1.02454 1.00626 1.03187 0.992179 1.00256 1.00381 0.981703 0.994549 1.01359 1.00077 1.00895 1.00416 1.00231 0.999478 0.990421 0.987731 0.997369 0.991184 0.986687 0.991347 0.992572 1.00221 0.997527 0.997051 0.99086 0.99349 1.00322 0.984686 0.993299 0.992965 0.994126 0.990796 0.991199 0.997618 0.992604 0.992573 0.998928 0.993154 0.995925 0.995659 0.997227 0.998478 0.999707 1.00041 1.00113 1.00184 1.00279 1.004 1.00584 1.00775 1.01237 1.01077 1.00801 1.01091 1.01044 1.0167 1.01323 1.01776 1.01636 1.02388 1.02135 1.01693 1.02894 1.03721 1.02319 1.03389 1.04117 1.03863 1.02631 1.04912 1.04122 1.05059 1.03728 1.04302 1.06992 1.04673 1.0758 1.06556 1.07175 1.07152 1.04657 1.08794 1.08338 1.07761 1.1108 1.11322 1.10055 1.11552 1.08378 1.10197 1.12018 1.11947 1.11847 
1.00847 1.02134 1.02126 1.0115 1.01049 1.03941 1.03526 1.0207 1.01175 1.00793 1.01973 1.02604 1.0189 0.984365 1.00766 1.00505 0.993352 1.00285 1.00601 0.995639 0.994651 1.00016 0.981062 0.989534 1.00668 1.00087 0.98966 0.998148 0.987948 0.987507 0.990218 0.990522 0.997145 0.994759 0.992866 0.987393 0.98948 0.993904 0.997606 0.996067 0.99381 0.993054 0.993273 0.996527 0.996089 0.997225 0.997978 0.998532 0.998254 0.999562 1.00044 1.00112 1.00248 1.00421 1.00358 1.00606 1.00118 1.01042 1.01207 1.01913 1.01543 1.00959 1.01991 1.02174 1.00919 1.01959 1.01787 1.03218 1.02355 1.01615 1.03555 1.03443 1.02846 1.0437 1.045 1.03599 1.03612 1.05814 1.04154 1.05458 1.06177 1.0513 1.06728 1.07723 1.06028 1.07543 1.07219 1.093 1.06998 1.08922 1.08671 1.06158 1.10611 1.10539 1.10558 1.11291 1.11058 1.09749 1.10424 1.10865 
0.989595 1.02939 1.01481 1.01352 1.0177 1.01376 1.00882 1.02029 1.01352 0.999565 0.995108 0.994656 1.00542 0.990783 0.988554 0.986486 1.00303 1.00661 0.99416 1.00171 0.990084 0.986016 1.00844 0.996814 0.995615 1.00461 0.994206 0.991947 1.00034 1.00071 0.996451 0.995791 0.989373 0.996123 0.992822 0.989443 0.996923 0.99252 1.00062 0.997153 0.991955 0.994242 0.994254 0.994729 0.996051 0.995461 0.995702 0.997735 0.998748 0.999585 1.00029 1.00137 1.00224 1.00411 1.0027 1.00375 1.01007 1.00929 1.01308 1.01722 1.011 1.01533 1.01064 1.02542 1.02044 1.01447 1.02503 1.02299 1.02743 1.02688 1.03392 1.02964 1.01829 1.03302 1.0475 1.03632 1.0424 1.0493 1.05076 1.05222 1.06456 1.05587 1.05349 1.08443 1.07168 1.06415 1.06566 1.08296 1.07979 1.08207 1.07146 1.07377 1.08394 1.10019 1.08195 1.10851 1.09578 1.12315 1.11812 1.12311 
1.03426 1.04145 1.03283 1.02047 1.00605 1.01926 1.00342 1.01119 1.03376 1.00551 1.0178 0.999058 1.00717 0.993018 1.0016 0.992711 1.0069 0.977639 0.970832 1.00752 0.984629 0.985459 0.988151 1.00825 0.994612 0.997492 0.985315 0.991253 0.99352 0.98762 1.00058 0.994173 0.988532 0.983256 1.00193 0.989147 0.992315 0.98601 0.99562 0.994269 0.99489 0.995159 0.995814 0.995676 0.994274 0.99666 0.99729 0.997037 0.998224 0.999825 1.00034 1.00263 1.00194 1.00433 1.00145 1.00467 1.00957 1.00686 1.0057 1.01206 1.01811 1.0129 1.01805 1.01607 1.01446 1.02193 1.02976 1.0172 1.02192 1.02377 1.03721 1.03604 1.03479 1.03813 1.0367 1.04361 1.04952 1.04224 1.04966 1.05044 1.05311 1.0536 1.06385 1.06013 1.05791 1.06809 1.07569 1.09554 1.07965 1.09572 1.07894 1.08982 1.08201 1.09574 1.12885 1.12368 1.0836 1.12363 1.1179 1.12766 
1.00883 1.01254 1.00438 1.03032 1.00414 1.02237 1.01242 1.02655 1.02295 1.00581 1.016 0.998629 0.996695 1.01159 0.994724 1.00233 0.991748 1.00532 0.99496 1.00609 1.0066 0.993958 1.00732 0.990028 0.987836 0.995811 1.00378 0.987344 0.992762 0.99287 0.988858 0.996814 0.986626 0.992304 0.990182 0.993985 0.989344 0.998396 0.989165 0.997915 0.993047 0.990479 0.995156 0.998322 0.99849 0.997143 0.997015 0.998538 0.999001 0.999482 1.00067 1.00143 1.00147 1.00354 1.0049 1.00192 1.00863 1.00721 1.00882 1.01195 1.01196 1.01561 1.01662 1.01693 1.01909 1.02612 1.03337 1.02334 1.0357 1.02826 1.02189 1.04232 1.03505 1.03053 1.03189 1.03586 1.05089 1.06835 1.0479 1.07096 1.04672 1.0583 1.05731 1.04178 1.06476 1.0491 1.08369 1.06585 1.08192 1.10465 1.10191 1.07612 1.11793 1.09589 1.09432 1.07974 1.09134 1.10584 1.10929 1.12866 
1.04237 1.01601 1.04506 1.02856 0.989301 1.02808 1.02363 1.00152 0.998685 1.00773 1.01917 1.00164 1.00543 1.00507 1.01865 1.00748 0.9997 0.987563 1.0107 1.00013 0.999541 1.00503 0.982511 0.997278 0.992968 1.00347 0.992898 0.984995 0.994455 0.996149 0.991419 0.987448 0.994035 0.987565 0.98651 0.99573 0.991237 0.990187 1.00072 0.986529 0.99383 0.998217 0.996052 0.998189 0.995157 0.996064 0.996589 0.997568 0.998949 0.999713 1.00049 1.00122 1.00209 1.00353 1.0016 1.00714 1.00653 1.01148 1.01074 1.01124 1.01735 1.01793 1.01025 1.01507 1.01481 1.01657 1.01795 1.00371 1.03034 1.02837 1.03333 1.03086 1.04266 1.02929 1.04303 1.03907 1.04164 1.03434 1.05238 1.04821 1.05937 1.04594 1.05852 1.06289 1.06594 1.06282 1.05622 1.08494 1.0954 1.06878 1.08235 1.102 1.08487 1.09298 1.09325 1.08916 1.11214 1.1152 1.11686 1.09928 
1.03216 1.02668 1.01956 1.02503 1.0282 0.993939 0.989977 1.01291 1.02531 0.998095 1.02031 1.01286 0.993423 1.01924 1.00347 0.997227 0.9942 1.00791 0.99189 1.00265 0.997452 1.00497 1.01443 1.00389 0.995736 1.00079 0.99116 0.997252 0.983436 0.981321 1.00183 0.995165 0.993122 1.00392 0.992522 0.9942 0.988454 0.997164 0.985797 0.99527 0.99186 0.990596 0.990637 0.997758 0.994291 0.995536 0.998178 0.997869 0.998009 0.999417 1.0001 1.00177 1.00243 1.0035 1.00437 1.00285 1.00458 1.00536 1.01086 1.00479 1.01603 1.0126 1.01832 1.01584 1.01743 1.01808 1.02275 1.03247 1.0246 1.02985 1.03008 1.0379 1.0374 1.03195 1.03067 1.04688 1.04531 1.05333 1.05086 1.04278 1.04369 1.05702 1.05705 1.07263 1.08271 1.05437 1.05707 1.06332 1.07407 1.07172 1.07178 1.10951 1.09461 1.09573 1.1123 1.10393 1.12122 1.09591 1.11197 1.11026 
1.03452 1.03727 1.01542 1.01944 1.01875 1.01855 0.998426 1.00743 1.00285 1.00193 1.01514 1.00809 1.00848 1.0049 1.00351 1.01454 0.988196 1.00353 0.998831 1.01259 0.997417 0.994451 0.991744 0.994404 0.998482 1.00131 0.987619 1.00054 0.997048 0.995674 0.995406 0.992593 0.99242 0.989136 0.988722 0.99958 0.998982 0.989401 0.986997 0.995455 0.995789 0.992696 0.996155 0.991537 0.995496 0.996057 0.996156 0.998255 0.999018 0.999702 1.00042 1.00157 1.00173 1.00335 1.00356 1.00403 1.00839 1.00994 1.0124 1.01083 1.01472 1.00978 1.01641 1.01701 1.02044 1.01899 1.01634 1.02632 1.0242 1.02877 1.024 1.04243 1.03174 1.02792 1.03587 1.0524 1.03635 1.04549 1.06354 1.05928 1.05062 1.05862 1.05666 1.04825 1.06183 1.04347 1.07346 1.06986 1.08013 1.10912 1.05527 1.10078 1.07027 1.08951 1.09405 1.11421 1.09211 1.07584 1.10836 1.10035 
1.05002 1.01185 1.0252 1.01638 1.05006 0.998719 1.00756 1.00666 1.00799 1.00203 1.02203 1.0154 1.0005 1.0236 1.00894 1.00209 0.97134 0.996833 1.00475 0.993866 0.985843 0.99506 0.987199 1.00283 0.970916 0.998018 0.989097 1.00559 0.994506 0.985055 0.994497 0.995703 1.00866 0.992911 0.992006 0.987218 0.999282 0.992062 0.991709 0.994555 0.997937 0.994811 0.996484 0.99528 0.997269 0.995902 0.998002 0.998793 0.998464 0.999357 1.00041 1.00105 1.00292 1.00248 1.00683 1.01072 1.00418 1.00581 1.01397 1.01056 1.01543 1.01453 1.00933 1.01857 1.02886 1.02058 1.02475 1.02267 1.02628 1.03443 1.03211 1.02911 1.02937 1.02782 1.02987 1.044 1.04455 1.04959 1.04605 1.05337 1.05776 1.0534 1.06317 1.07588 1.05444 1.06685 1.07234 1.08777 1.07929 1.09308 1.06453 1.07556 1.08417 1.07684 1.10643 1.08553 1.08116 1.08951 1.10009 1.08527 
1.01489 1.01301 1.00391 1.02806 1.02542 1.00707 1.00742 0.996353 1.00311 1.03017 1.00969 1.00475 0.987153 1.01073 0.992024 1.01353 0.987878 0.994451 0.999053 0.999272 0.988368 1.00778 0.997717 1.00682 0.987875 1.01095 0.992384 0.986624 0.997553 0.992821 0.996957 0.995298 0.991941 0.994633 0.999199 0.988089 0.990401 0.994221 0.994157 0.995509 0.987159 0.992576 0.992378 0.994919 0.994072 0.995671 0.997306 0.997645 0.998843 0.999166 1.00029 1.00223 1.00381 1.00227 1.00481 1.00478 1.00706 1.01186 1.01402 1.01608 1.00485 1.01521 1.01581 1.02417 1.01994 1.02115 1.0223 1.02166 1.01388 1.02628 1.03079 1.03431 1.02412 1.04909 1.0369 1.04785 1.05737 1.02664 1.03719 1.05705 1.03909 1.04054 1.07614 1.05845 1.06703 1.07187 1.07568 1.08301 1.085 1.08772 1.08047 1.11083 1.08626 1.08759 1.08125 1.10112 1.1149 1.10447 1.11437 1.12201 
1.03325 1.02524 0.985554 1.00925 1.01738 1.03103 1.02842 1.02881 1.01868 1.0099 1.02318 1.0265 0.989876 1.01597 1.01696 1.01053 1.00177 0.996976 1.00506 0.987817 0.995153 1.01152 0.99933 0.980925 0.98475 0.995807 0.996006 0.993418 0.999202 0.995075 0.982777 0.991918 0.98716 0.999468 0.989044 0.992254 0.992085 0.992754 0.993242 0.992336 0.990053 0.996736 0.992895 0.997338 0.994706 0.994526 0.997183 0.997663 0.998971 0.999763 1.00056 1.00162 1.00341 1.00419 1.00417 1.00578 1.00602 1.00785 1.00929 1.01573 1.00565 1.01473 1.0125 1.01296 1.01791 1.02025 1.02669 1.01836 1.03647 1.02425 1.03485 1.02611 1.03661 1.02703 1.03282 1.04441 1.04764 1.04943 1.04111 1.05722 1.0397 1.06191 1.05121 1.06446 1.07369 1.07889 1.08421 1.04519 1.07817 1.07733 1.08893 1.0828 1.09367 1.07473 1.09614 1.10418 1.11059 1.09747 1.10451 1.10992 
1.01982 1.00163 1.0035 1.03425 1.02936 1.03536 1.03513 0.994947 1.00369 1.02194 0.999063 0.990447 0.99421 0.988727 1.00634 1.00017 1.00161 0.991505 0.993336 0.993095 1.00419 1.00362 0.985985 0.996723 0.992547 1.00151 0.99744 0.978302 1.0033 0.993516 0.983235 0.994289 0.987866 0.995042 0.987691 1.00107 0.990387 1.00343 0.992 0.985693 0.993805 0.995031 0.993461 0.9953 0.995781 0.996746 0.995693 0.997201 0.998297 0.999351 1.00064 1.00202 1.00175 1.00369 1.00559 1.00727 1.00483 1.00964 1.00849 1.01655 1.01088 1.01875 1.01794 1.02094 1.01515 1.01643 1.03595 1.02349 1.02715 1.03394 1.03104 1.03581 1.03484 1.03658 1.03291 1.04375 1.03865 1.03776 1.04921 1.06738 1.05638 1.0709 1.06631 1.05697 1.05811 1.07493 1.04653 1.05406 1.08886 1.08708 1.0771 1.0717 1.10419 1.09115 1.07667 1.1196 1.09726 1.08081 1.10697 1.0712 
1.02608 1.00081 1.02943 1.04017 1.02274 1.00986 1.02227 0.984616 1.01112 1.01931 1.01421 1.01062 0.994601 0.987851 1.00389 1.00139 1.01042 0.996027 0.996546 1.00035 0.979867 1.00262 0.987537 0.984517 0.992067 0.999831 1.00527 0.995139 1.00144 0.997644 0.993731 0.995805 1.00006 0.995502 0.991663 0.997395 0.985279 1.00294 0.988383 0.992653 0.996172 0.994199 0.993675 0.994162 0.999869 0.998106 0.9982 0.9976 0.998684 0.999397 1.00054 1.00136 1.00143 1.00397 1.00253 1.00087 1.00165 1.00707 1.0129 1.00961 1.0071 1.01164 1.01984 1.01798 1.01258 1.01905 1.02518 1.02127 1.02554 1.02268 1.04229 1.01669 1.02072 1.03623 1.04438 1.04044 1.02845 1.05188 1.05082 1.05719 1.05389 1.0592 1.07342 1.06921 1.07261 1.04931 1.08789 1.08216 1.0889 1.08709 1.08495 1.08864 1.08208 1.09875 1.11329 1.08784 1.09295 1.11473 1.09235 1.14705 
1.03133 1.02443 1.01692 1.01068 1.04658 1.02287 0.996068 1.00923 1.00421 1.01994 0.982353 0.994311 1.01376 0.995319 0.995038 1.00131 1.01234 0.996133 0.985418 0.994079 0.999251 0.999667 0.99371 0.999334 0.991424 0.995493 0.996565 0.996799 0.987814 0.993019 0.986855 0.990525 0.99014 0.988253 0.98709 0.995291 0.99732 0.985564 0.992893 0.997231 0.994149 0.991708 0.994816 0.995467 0.996388 0.995712 0.997589 0.998158 0.999814 0.999688 1.00031 1.00159 1.00331 1.00307 1.00734 1.00401 1.00624 1.00885 1.00982 1.01413 1.01625 1.01287 1.0219 1.01667 1.02106 1.02621 1.02149 1.01654 1.02395 1.02905 1.03354 1.03253 1.03653 1.0406 1.02785 1.03536 1.05262 1.0608 1.04707 1.05382 1.06502 1.05638 1.03973 1.06212 1.06083 1.08924 1.0557 1.0894 1.06324 1.07556 1.08634 1.07322 1.10333 1.06365 1.11201 1.09124 1.12488 1.12459 1.10896 1.13746 
1.03352 1.0214 1.01903 1.01519 0.992166 1.01245 1.00831 0.997793 1.02303 1.00319 1.01795 1.00245 1.00949 1.00516 0.9978 1.01635 0.991776 1.01551 0.997866 1.00983 0.998603 0.997494 0.999364 0.978673 0.992127 0.993472 0.998176 0.99446 0.994386 0.990191 0.991352 0.992896 0.992182 0.99727 0.992135 0.991046 0.993333 0.990972 0.996917 0.992771 0.996673 0.990188 0.997522 0.995943 0.995911 0.998335 0.995678 0.997722 0.999233 0.999629 1.00062 1.00153 1.00289 1.00337 1.00701 1.00794 1.00742 1.0098 1.01156 1.01803 1.01372 1.01559 1.01773 1.01693 1.02108 1.02838 1.02411 1.02348 1.02108 1.02007 1.03085 1.02837 1.03239 1.05101 1.05123 1.04804 1.05979 1.05047 1.04936 1.04129 1.05033 1.05005 1.05732 1.05036 1.0828 1.06197 1.05842 1.06776 1.05863 1.10261 1.08124 1.08423 1.10241 1.11831 1.07464 1.08548 1.08103 1.12467 1.08849 1.13602 
1.03667 1.0441 1.01474 1.02733 1.02808 1.04609 1.01857 1.00112 0.987172 1.0164 1.00474 1.01259 1.00087 1.00322 1.00995 1.01473 1.0058 0.990669 1.00213 1.00479 0.99868 1.00098 1.00696 1.01557 1.00085 0.991473 0.990968 1.00285 1.00374 0.998144 0.994774 0.994022 0.987152 0.996795 0.984664 0.97982 0.989145 0.993294 0.996353 0.995997 0.994165 0.997213 0.993036 0.994958 0.995667 0.996472 0.995563 0.998503 0.998473 0.999475 1.0005 1.00214 1.00331 1.00452 1.00448 1.00816 1.00915 1.01044 1.00804 1.00942 1.01728 1.01701 1.00542 1.01476 1.01819 1.01718 1.02781 1.0295 1.02267 1.02652 1.02892 1.03073 1.03589 1.03989 1.04721 1.04166 1.04799 1.05338 1.05149 1.06196 1.069 1.04874 1.06284 1.05107 1.09211 1.0554 1.05903 1.08487 1.09782 1.09151 1.07415 1.11036 1.0953 1.08551 1.08694 1.07326 1.11207 1.11847 1.09193 1.12151 
1.04623 1.00304 0.991218 1.02714 1.02306 1.00953 1.02049 1.01917 1.01368 1.00136 1.01995 0.995286 1.0205 1.01343 1.00178 0.992696 0.999828 1.00391 1.00421 0.996313 0.995543 0.983864 0.999475 1.0004 0.99367 1.00125 0.994954 0.997537 0.992324 0.996696 0.989325 0.992949 0.992926 0.995937 0.988636 0.991311 0.992796 0.996532 0.992121 0.990294 0.993725 0.993767 0.99118 0.99696 0.998953 0.997239 0.997354 0.99753 0.998585 0.999634 1.00044 1.00159 1.00419 1.00355 1.00557 1.00484 1.00622 1.00543 1.00738 1.01649 1.01141 1.0168 1.01008 1.02196 1.01931 1.01657 1.01923 1.0225 1.03071 1.02032 1.03245 1.03365 1.02517 1.04005 1.03123 1.04322 1.04911 1.06185 1.05679 1.06367 1.04359 1.06958 1.05939 1.06249 1.08017 1.06132 1.08644 1.05374 1.07332 1.06645 1.10005 1.07649 1.08525 1.0913 1.09886 1.09101 1.12141 1.06399 1.10702 1.12477 
1.03212 1.02765 1.02732 1.03083 1.02416 1.01508 1.00092 1.00824 0.998001 1.01424 1.0059 0.983948 1.00979 0.996836 1.02157 1.00894 1.00797 1.00202 1.0048 1.00117 0.995328 1.00174 0.993061 0.980814 0.999543 0.992517 0.993767 0.991737 0.994267 0.996977 0.994247 0.990472 0.996578 1.00016 0.995442 0.993268 1.00092 0.991803 0.995049 0.995406 0.996172 0.995766 0.99451 0.994828 0.992694 0.99677 0.994594 0.997144 0.999798 0.999715 1.00076 1.0008 1.0028 1.00274 1.00589 1.00448 1.00553 1.01102 1.0068 1.00644 1.01328 1.01978 1.02348 1.02642 1.01496 1.01568 1.02268 1.01614 1.03552 1.03147 1.03875 1.03532 1.03658 1.03747 1.03929 1.0483 1.03088 1.0389 1.06278 1.05155 1.08061 1.07201 1.06888 1.07455 1.06577 1.06706 1.07774 1.0892 1.08584 1.06848 1.05439 1.07979 1.09584 1.08291 1.11863 1.10684 1.07111 1.10211 1.12349 1.1205 
1.02286 1.03874 1.01474 1.00039 1.03003 1.01738 0.999041 1.00623 1.02449 1.00154 1.01058 1.00704 1.0164 1.01287 0.989937 1.0183 0.990017 1.00058 0.994375 0.989689 0.995153 0.990831 0.993012 0.989578 1.00147 1.00651 0.989158 0.982589 0.985538 0.999613 0.99498 0.992762 0.992118 0.995203 0.988765 0.986406 0.993747 0.991606 0.992126 0.993244 0.993392 0.995736 0.992589 0.993124 0.998249 0.99688 0.996264 0.99709 0.9996 0.999472 1.00063 1.00182 1.00298 1.00299 1.00442 1.00772 1.00581 1.00667 1.01035 1.01325 1.00921 1.01496 1.01449 1.01171 1.02234 1.01627 1.01826 1.03288 1.03645 1.03067 1.0312 1.02686 1.03598 1.04357 1.04069 1.03588 1.03799 1.03232 1.05004 1.05591 1.06114 1.03238 1.08543 1.08416 1.07032 1.05739 1.09662 1.07019 1.07283 1.09738 1.08509 1.09138 1.10982 1.0988 1.10184 1.12418 1.10228 1.12591 1.10631 1.09762 
1.01203 1.01791 1.04784 0.992159 1.00783 1.0072 1.02178 1.0296 1.03355 1.01404 0.992677 1.00143 0.991772 0.996583 0.989738 1.01479 0.97879 0.98776 0.992037 1.00258 0.995282 1.0134 0.999965 0.98445 0.990563 1.00047 0.996558 1.00105 0.993243 0.999848 0.988516 0.984454 0.995869 0.998791 0.997782 1.00277 0.993877 0.995382 0.994204 0.993028 0.995028 0.997331 0.995164 0.994807 0.9943 0.995713 0.997226 0.997446 0.998296 0.999866 1.00016 1.00126 1.00222 1.00316 1.00541 1.00783 1.00659 1.00862 1.00944 1.01425 1.01386 1.01155 1.01681 1.01146 1.02494 1.01725 1.02147 1.02415 1.02145 1.02445 1.03103 1.0362 1.04704 1.0431 1.03152 1.03893 1.05056 1.06355 1.05664 1.03609 1.0386 1.05242 1.04668 1.04497 1.04834 1.05899 1.06139 1.08309 1.08284 1.0927 1.08027 1.09716 1.1126 1.0864 1.09232 1.08738 1.08754 1.1165 1.09485 1.11519 
1.00018 1.02526 1.00865 1.03243 1.02515 1.02333 1.00462 1.01389 1.00864 0.992872 0.997924 1.02065 1.02431 1.0156 0.992198 1.01804 1.00222 0.997287 1.0077 0.992771 1.00652 0.993234 0.982021 0.990084 0.996417 1.00153 0.988416 0.983957 1.00109 0.989741 0.986121 0.993853 0.995217 0.994088 0.992672 0.994967 0.987315 1.00054 0.989421 0.998617 0.99523 0.993923 0.996627 0.994791 0.994933 0.99646 0.997131 0.997514 0.99865 0.999433 1.00057 1.00138 1.00046 1.00284 1.00515 1.00737 1.00892 1.00535 1.01659 1.01013 1.01297 1.00833 1.01647 1.01172 1.02156 1.0229 1.02341 1.02463 1.0357 1.02302 1.04096 1.03047 1.03812 1.03782 1.04247 1.04912 1.04773 1.0485 1.06484 1.05268 1.05816 1.06009 1.06216 1.06805 1.05355 1.07589 1.07551 1.06633 1.05618 1.08159 1.07453 1.08908 1.07954 1.09526 1.11821 1.09151 1.10969 1.10939 1.09317 1.08716 
1.04012 1.02057 1.01146 1.02657 1.0086 1.03744 1.01019 1.00499 1.01973 0.998345 1.00015 1.01512 1.00908 1.00085 0.999602 0.991109 0.997405 0.997335 1.00269 1.00796 0.985518 1.00671 1.0072 0.997847 1.00009 1.00114 0.98879 0.992171 0.984516 1.00422 0.985028 0.988018 0.993169 0.994366 0.989666 0.990238 0.985121 0.994749 0.995474 0.999654 0.994154 0.994283 0.993687 0.995812 0.995937 0.994878 0.997788 0.998255 0.999083 0.999645 1.00075 1.00153 1.00088 1.00283 1.00565 1.00437 1.00845 1.00958 1.00307 1.01066 1.0126 1.00879 1.01742 1.02586 1.01839 1.01605 1.02567 1.03128 1.02658 1.02741 1.02972 1.0366 1.04028 1.04149 1.0332 1.0503 1.04991 1.03721 1.028 1.03784 1.05645 1.05515 1.08613 1.07246 1.0591 1.06142 1.0562 1.05883 1.07861 1.07373 1.06984 1.08572 1.10952 1.14111 1.12009 1.10906 1.09062 1.1126 1.09757 1.09864 
1.05007 1.00564 1.04383 1.024 1.01367 1.02578 1.02705 0.99706 1.03166 1.02255 0.997559 1.02182 0.990387 0.9972 1.00608 1.00364 1.01079 0.999559 1.01889 1.01458 0.994148 0.99739 0.988689 0.995629 0.998603 0.989079 0.994194 1.00343 1.00632 0.98981 0.987038 0.984539 0.993233 0.982306 0.989473 0.991611 1.00139 0.989073 0.993892 0.99423 0.994528 0.994319 0.999111 0.994277 0.995385 0.995887 0.997219 0.996898 0.999211 0.999629 1.00062 1.00094 1.00289 1.00288 1.00423 1.00407 1.00918 1.01095 1.01496 1.01212 1.00927 1.01926 1.01671 1.02078 1.01327 1.0198 1.02975 1.02468 1.02754 1.02938 1.04334 1.03926 1.03747 1.04865 1.03775 1.03732 1.05581 1.0485 1.05641 1.04325 1.06557 1.05171 1.06261 1.05955 1.04369 1.04669 1.07434 1.07975 1.08814 1.06904 1.06622 1.07878 1.09421 1.07553 1.08671 1.07497 1.09339 1.0914 1.11398 1.09597 
1.01814 1.02259 1.02337 1.00697 1.00875 1.0231 1.02832 1.02495 1.01756 1.02748 0.98821 1.01401 1.00416 0.997993 1.00369 1.01182 1.0124 0.996096 0.995531 0.991974 0.979672 1.00364 0.99553 1.00677 0.993691 0.998918 0.983186 0.994624 0.993748 1.00707 0.992237 0.990338 0.994428 0.992087 0.984642 0.995529 0.991129 0.988367 0.989771 0.990246 0.995096 0.990275 0.994487 0.994314 0.997352 0.995903 0.996717 0.997635 0.997906 0.999514 1.00036 1.00112 1.00196 1.00212 1.00473 1.00376 1.00846 1.00765 1.00962 1.01714 1.01897 1.01357 1.01845 1.01001 1.01524 1.02124 1.01465 1.02673 1.02279 1.03752 1.02717 1.03258 1.03364 1.02903 1.03978 1.04032 1.04921 1.04141 1.05351 1.03634 1.03941 1.04858 1.0392 1.05806 1.0469 1.05081 1.08792 1.07281 1.06264 1.07436 1.106 1.0985 1.09739 1.07909 1.07768 1.11127 1.07678 1.11565 1.09862 1.12799 
1.01483 1.026 1.021 1.02317 1.00197 0.984251 1.00362 1.00047 1.01329 1.01597 1.02118 1.00411 1.0028 1.00883 0.992483 0.991245 1.004 0.991234 0.982488 0.999719 1.00296 0.992983 0.993813 0.996628 1.00121 0.990175 0.994445 0.998371 0.995731 0.996137 0.991369 1.0035 0.999422 0.997002 0.991792 0.994205 0.989375 0.988871 0.994866 0.987804 0.993388 0.993503 0.994793 0.99687 0.995867 0.995918 0.99727 0.997239 0.99867 0.999413 1.0003 1.00133 1.00132 1.00466 1.00443 1.00584 1.00826 1.01076 1.00992 1.01035 1.0121 1.00583 1.01998 1.01282 1.02114 1.03228 1.02479 1.02238 1.0204 1.02344 1.03354 1.03532 1.03623 1.05004 1.03781 1.04834 1.04769 1.05616 1.05258 1.04723 1.06485 1.06706 1.05503 1.04673 1.07014 1.05889 1.06919 1.08348 1.07314 1.07759 1.09166 1.08763 1.0827 1.09217 1.09092 1.07914 1.10287 1.10761 1.14212 1.11513 
1.02254 1.02417 1.01173 1.01709 1.00706 1.01611 1.01125 0.996387 1.01016 1.01544 1.01623 1.0072 0.9981 1.01306 0.998085 0.99705 0.993636 0.98736 0.996892 1.00108 0.992352 0.988849 0.998096 0.993999 0.992267 1.00223 0.995252 0.992246 1.00786 1.00064 1.01011 0.992576 0.998724 0.988656 0.989559 0.985998 0.99729 0.994653 0.988009 0.99282 0.995531 0.995655 0.994077 0.996792 0.993057 0.996496 0.997697 0.998643 0.999053 0.999442 1.00026 1.00139 1.0016 1.00256 1.00356 1.00637 1.00646 1.00592 1.00917 1.01227 1.01163 1.02067 1.01908 1.01329 1.02227 1.01664 1.02073 1.02097 1.03968 1.02753 1.02738 1.03349 1.03517 1.04215 1.03855 1.04566 1.0474 1.04115 1.05347 1.0558 1.05799 1.08406 1.06226 1.06751 1.05527 1.06049 1.06589 1.0524 1.1002 1.09716 1.07373 1.08583 1.09336 1.11559 1.11083 1.0751 1.12758 1.1198 1.10152 1.09751 
1.03949 1.02311 1.01514 1.03115 1.00664 1.00862 1.00167 1.0135 1.01688 1.01134 1.01793 0.998574 1.0148 1.01938 1.00677 1.00832 1.01592 0.996877 0.984659 0.994726 0.997257 0.993655 1.00033 1.0041 0.983867 0.996658 0.981263 0.993365 0.992362 0.999583 0.996758 0.988559 1.0005 1.00209 0.992415 0.991368 0.984488 0.986642 0.993279 0.999427 0.991644 0.99787 0.989239 0.996889 0.997497 0.995975 0.995951 0.997705 0.999646 0.999437 1.00065 1.00123 1.00293 1.00466 1.00288 1.00815 1.0053 1.01023 1.00973 1.0106 1.01039 1.01437 1.02484 1.01897 1.02513 1.01546 1.02149 1.01074 1.03229 1.02244 1.0306 1.03517 1.03039 1.03552 1.0282 1.04782 1.05256 1.04409 1.06439 1.04513 1.05263 1.07126 1.0766 1.0507 1.05529 1.07354 1.05624 1.06651 1.08338 1.07462 1.08619 1.10017 1.12025 1.09036 1.10513 1.09379 1.13287 1.12333 1.10235 1.12955 
1.01932 1.04258 1.01166 1.03043 0.989503 0.996544 1.01419 1.00722 1.01688 1.02085 0.99296 1.01146 1.01806 1.00884 1.01195 1.00117 1.00863 0.980168 0.987893 1.00067 1.00401 0.992132 1.00113 0.99998 0.996397 0.993932 1.00234 0.996997 0.98828 1.00096 0.998818 0.993131 0.984427 0.986929 0.996558 0.992032 0.998632 0.993177 0.99647 0.995566 0.99111 0.99264 0.991723 0.99371 0.997081 0.999816 0.997173 0.997835 0.999654 0.999508 1.00033 1.00111 1.00301 1.00423 1.00501 1.0047 1.00808 1.0069 1.01415 1.01002 1.01546 1.00632 1.02334 1.02464 1.02893 1.01658 1.01971 1.02658 1.02647 1.02713 1.02715 1.02677 1.02655 1.04444 1.03893 1.04096 1.05675 1.05827 1.06511 1.06199 1.04553 1.04357 1.05864 1.05694 1.06356 1.06066 1.0991 1.08641 1.08472 1.06912 1.08419 1.07212 1.08348 1.07126 1.09191 1.12304 1.11304 1.12826 1.09602 1.11492 
1.02437 1.03134 1.0573 1.03237 1.01771 1.02513 0.996746 0.997824 1.03897 1.01331 0.987027 1.00811 0.998848 0.996583 0.994944 0.995776 0.995394 0.999317 1.00255 1.00362 0.995427 0.993791 0.992806 0.99909 0.991043 0.988321 0.984052 0.98615 0.995345 0.993252 0.992855 0.993987 0.998149 0.991369 0.992307 1.00008 0.988415 0.986538 0.983526 0.987749 0.994054 0.995674 0.99451 0.99354 0.994453 0.996823 0.997168 0.999553 0.998909 0.999596 1.00058 1.00075 1.00189 1.00487 1.00293 1.00138 1.00819 1.00982 1.00989 1.00963 1.01371 1.01692 1.01701 1.02091 1.02205 1.02208 1.02203 1.02765 1.0259 1.03301 1.02739 1.0356 1.03284 1.04596 1.03179 1.03125 1.04258 1.0435 1.0557 1.04706 1.06084 1.0446 1.06496 1.06686 1.0634 1.05127 1.08363 1.07966 1.09642 1.07256 1.09619 1.09431 1.10433 1.08788 1.08559 1.09361 1.09616 1.11342 1.11265 1.12944 
1.01914 1.0243 0.970367 1.02544 1.02867 1.02928 1.00913 1.02774 1.00587 1.00815 1.01982 1.0106 1.00493 0.99953 1.00907 1.01281 0.995139 0.999566 0.997388 0.992531 0.995962 0.991881 0.985034 0.99041 1.00163 0.992137 0.987796 0.994255 0.994134 0.991265 0.995439 0.994964 0.996055 0.985722 0.993209 1.00043 0.993952 0.992909 0.997007 0.992453 0.993731 0.993622 1.0002 0.996111 0.998187 0.997496 0.997042 0.997497 0.998813 0.999522 1.0003 1.00201 1.00259 1.00258 1.00387 1.00621 1.00865 1.01164 1.01627 1.0145 1.01384 1.01461 1.01251 1.02268 1.02514 1.02424 1.02516 1.02591 1.02598 1.02044 1.02899 1.04049 1.03705 1.03463 1.0501 1.04123 1.04448 1.05546 1.05727 1.04997 1.05989 1.05914 1.06662 1.05876 1.06211 1.09066 1.0564 1.08583 1.08293 1.07082 1.10416 1.10432 1.10341 1.08001 1.06939 1.09569 1.10325 1.12414 1.09146 1.09585 
1.02922 1.01138 1.03271 1.00374 1.04175 0.998406 1.02124 1.01179 1.0219 1.02936 1.02261 1.00284 1.00715 1.02235 1.01718 1.00296 1.01162 1.00608 1.00508 1.00508 0.984402 1.00082 0.998358 1.00087 0.990002 1.00429 0.988359 0.990844 0.974871 0.997841 0.984562 0.99577 0.987204 0.999544 0.985823 0.987644 0.992878 0.993294 0.99153 0.996962 0.9954 0.996121 0.994005 0.993445 0.997563 0.995774 0.996128 0.997169 0.999166 0.999243 1.00017 1.00079 1.00279 1.00396 1.00413 1.00783 1.00433 1.00875 1.0034 1.01336 1.01133 1.01426 1.01583 1.01341 1.02212 1.01183 1.03149 1.02063 1.01479 1.02857 1.02309 1.02574 1.03592 1.02272 1.03285 1.05442 1.04142 1.05768 1.06811 1.05113 1.0555 1.05399 1.082 1.06747 1.08702 1.06247 1.05894 1.09857 1.06352 1.07819 1.08403 1.09077 1.09607 1.09233 1.09784 1.12907 1.08819 1.07587 1.10571 1.12007 
1.00786 1.02152 1.03402 1.02529 1.02126 1.00629 1.01549 1.01457 0.996411 1.0308 1.02082 1.0224 1.00269 1.00476 0.997031 0.99229 1.00831 0.992462 1.02704 0.997602 0.989306 0.999257 0.996924 0.996342 0.994972 1.00255 0.997986 0.990648 1.0033 0.992989 0.989351 0.986692 0.987074 0.998665 0.988528 0.993118 0.991134 0.992684 0.991619 0.993964 1.00083 0.995141 0.994403 0.995675 0.997705 0.997407 0.999006 0.998842 0.99856 0.999262 1.00059 1.00088 1.00245 1.00244 1.00532 1.00439 1.00882 1.0037 1.011 1.01341 1.01141 1.01373 1.01568 1.01536 1.01993 1.02515 1.02767 1.0238 1.02279 1.02682 1.02656 1.0255 1.02366 1.02869 1.04097 1.0524 1.04112 1.03942 1.05038 1.05306 1.05404 1.05261 1.05061 1.06604 1.07779 1.0712 1.08173 1.06531 1.04755 1.091 1.09737 1.08044 1.09514 1.07705 1.1252 1.10518 1.10061 1.09149 1.11616 1.09486 
1.03776 1.03518 1.04046 1.01079 1.02597 1.0073 1.00991 1.0176 0.984096 1.00427 1.01795 1.00551 1.01638 1.01124 0.987651 1.01803 1.00677 0.999595 0.99577 1.00875 0.984158 0.98507 1.00503 0.986763 0.998143 0.990317 0.989421 0.999297 0.996089 1.00073 0.99629 0.995284 0.993778 0.995552 0.988357 0.989188 0.995105 0.988132 0.997056 0.993586 0.996988 0.992614 0.993503 0.996017 0.995701 0.995937 0.997983 0.997447 0.999239 0.999743 1.00073 1.00198 1.00291 1.00464 1.00167 1.0085 1.00808 1.00556 1.01211 1.0145 1.0138 1.01187 1.01975 1.0175 1.02521 1.02629 1.01787 1.02071 1.02803 1.02764 1.02638 1.02997 1.02809 1.03313 1.03284 1.03899 1.05481 1.04796 1.05366 1.0502 1.05385 1.05209 1.06691 1.09843 1.05538 1.07515 1.05292 1.068 1.09176 1.07763 1.09526 1.10605 1.10419 1.08494 1.09252 1.09416 1.08438 1.11722 1.09114 1.10698 
1.0197 1.02235 1.03585 1.03242 1.00918 1.00026 1.02096 1.03214 0.992241 1.00969 1.02398 1.02469 0.999978 1.00433 0.997448 1.00221 0.997025 1.01452 0.997593 1.00606 1.01258 1.01142 0.973124 0.991476 0.99778 0.992185 0.994821 0.998707 0.994507 0.993731 0.984636 0.98795 0.986643 0.995795 0.993917 0.99027 0.991073 0.994607 0.992915 0.99374 0.994992 1.00036 0.993457 0.996791 0.994948 0.995553 0.997983 0.995723 0.998394 0.999497 1.00039 1.00129 1.00223 1.00327 1.00705 1.00497 1.00646 1.00832 1.00995 1.01107 1.0167 1.00923 1.01039 1.02201 1.02136 1.02154 1.02244 1.02575 1.02504 1.03562 1.0321 1.03454 1.0349 1.05551 1.05961 1.03837 1.04077 1.0343 1.03926 1.06998 1.04274 1.04367 1.08355 1.07344 1.05639 1.06789 1.10218 1.07799 1.07008 1.08835 1.09632 1.08594 1.09963 1.12906 1.09097 1.08268 1.10943 1.10894 1.05993 1.07508 
1.0244 1.04269 1.03836 0.988358 1.02497 1.0207 1.02569 0.993074 1.01747 1.02304 0.995919 1.00781 1.01425 1.00657 0.986618 1.01241 0.996053 1.00062 1.01106 0.994403 0.986261 0.981157 0.993765 0.993076 0.994772 0.998288 0.995881 0.999336 0.988414 0.990802 0.986412 0.99234 0.984062 0.996871 0.995206 0.983822 0.989602 0.998677 0.991389 0.997948 0.992367 0.997467 0.993014 0.994995 0.996152 0.995514 0.996975 0.997823 0.998785 0.999497 1.00063 1.00142 1.00239 1.00418 1.00325 1.00475 1.00641 1.00753 1.01181 1.01166 1.00722 1.01504 1.01506 1.01633 1.01361 1.0222 1.02939 1.02668 1.01087 1.02355 1.03112 1.02839 1.04196 1.04399 1.05467 1.04048 1.04737 1.05484 1.04867 1.05534 1.06676 1.04875 1.04959 1.05627 1.07023 1.0681 1.06917 1.0794 1.08259 1.07516 1.05022 1.0944 1.07815 1.09755 1.07228 1.12081 1.10511 1.06842 1.13771 1.1394 
1.01776 1.0274 1.03697 1.03038 1.04931 1.01707 1.01692 1.01748 1.007 1.00139 0.996212 1.01953 1.00967 0.991829 1.00191 1.00079 1.00149 1.01134 0.998188 0.996489 1.00035 1.01087 1.00012 0.986909 0.991385 0.98656 0.993454 1.00367 0.995584 1.00005 0.981607 0.99584 0.98861 0.995381 0.987283 0.994964 0.992202 0.987265 1.00113 0.99115 0.992788 0.994016 0.994046 0.997055 0.999117 0.997202 0.995978 0.998446 0.998292 0.999479 1.00031 1.00155 1.00074 1.00326 1.00462 1.00786 1.01157 1.00975 1.00827 1.00447 1.0144 1.01695 1.01818 1.01751 1.01925 1.02741 1.02115 1.02974 1.02366 1.03879 1.03255 1.02112 1.03681 1.02708 1.02949 1.02736 1.04569 1.05043 1.03848 1.05362 1.05052 1.0654 1.05149 1.06345 1.06139 1.05239 1.08069 1.05681 1.07588 1.0629 1.09462 1.07344 1.08046 1.12985 1.06867 1.12414 1.13171 1.12859 1.12208 1.0964 
1.04158 0.993781 1.02789 1.0441 1.02718 1.03264 1.00195 1.04106 1.01093 1.01928 1.00102 1.02962 1.01476 0.998468 0.998746 1.00237 0.993537 1.01063 0.996133 0.99 1.00796 1.01186 0.998841 0.995385 1.01025 1.00346 1.00557 0.999113 0.991554 0.994461 0.995248 0.996343 0.991667 0.999397 0.993188 0.993581 0.999248 0.994807 0.992962 0.99858 0.992253 0.990699 0.994321 0.998795 0.990991 0.998781 0.995188 0.997524 0.999187 0.999181 1.00056 1.00131 1.00269 1.00189 1.00439 1.00405 1.00383 1.00553 1.00907 1.01031 1.01041 1.01058 1.02342 1.01321 1.01755 1.02822 1.02483 1.04101 1.02735 1.02857 1.03011 1.03167 1.03705 1.03931 1.03406 1.0434 1.05324 1.0462 1.04715 1.04794 1.05381 1.06777 1.05055 1.06274 1.10878 1.06001 1.07074 1.08345 1.08554 1.09121 1.08261 1.06668 1.08572 1.07475 1.08629 1.10671 1.11367 1.11547 1.0996 1.0948 
1.00685 1.01533 1.01666 1.01092 1.02882 1.01143 0.998459 1.01091 1.03098 1.01282 1.0097 0.982588 1.01213 1.01107 0.995579 0.990975 1.00329 0.999394 1.00692 0.988711 1.00969 1.01401 1.0084 0.985718 0.988859 0.990134 1.00614 0.992202 1.00362 0.997974 0.993597 0.995991 0.995037 1.00174 0.99424 0.990633 0.991325 0.987146 0.98687 0.990825 0.993051 0.997588 0.993196 0.993614 0.994947 0.997243 0.997635 0.997384 0.998917 0.999731 1.0005 1.00134 1.00225 1.00253 1.00502 1.00781 1.00793 1.0075 1.00924 1.01286 1.01197 1.00718 1.01728 1.01819 1.02065 1.02154 1.02678 1.02779 1.02884 1.03969 1.01948 1.04087 1.02612 1.0336 1.03944 1.02995 1.05714 1.05408 1.05356 1.05157 1.05873 1.05605 1.06676 1.05117 1.06211 1.04918 1.05497 1.05086 1.09412 1.095 1.08157 1.07474 1.11098 1.10573 1.12456 1.09382 1.08883 1.07797 1.11187 1.09618 
1.02152 1.01485 1.03501 1.03303 1.021 1.01293 1.03813 1.02091 1.013 1.00253 1.01 1.00339 1.0051 1.00274 0.994285 0.998595 1.00297 0.997181 0.998684 1.0056 1.0112 1.0097 1.00337 0.993987 0.984207 1.00767 0.976797 1.0092 0.992936 0.984988 0.98799 0.984926 0.985666 0.996229 0.992672 0.987702 0.995954 0.989668 0.992427 0.992687 0.998659 0.993209 0.993568 0.99509 0.995431 0.994189 0.998865 0.996711 0.998048 0.999679 1.00058 1.00137 1.00234 1.00507 1.00411 1.00732 1.00696 1.00528 1.0112 1.01082 1.01465 1.01479 1.01859 1.01523 1.02437 1.02659 1.01715 1.02824 1.03751 1.04475 1.03255 1.03012 1.05165 1.04128 1.0421 1.03849 1.03563 1.06389 1.04459 1.06246 1.06164 1.04808 1.06144 1.05698 1.08536 1.07306 1.05797 1.0773 1.09245 1.10258 1.09036 1.11023 1.08155 1.11039 1.1236 1.0924 1.11284 1.11748 1.11995 1.09191 
1.01668 1.02382 1.00555 1.02354 1.02602 1.01847 0.992166 1.03153 1.01598 1.01165 0.975248 1.01532 0.98043 0.990296 0.98664 0.984656 0.9942 1.01143 1.00521 1.00948 1.00163 0.993308 1.00883 0.993402 0.990041 0.990431 0.989402 0.992252 1.01081 0.994897 1.00177 1.00017 0.985854 0.995522 1.0027 0.997198 0.992901 0.993539 0.992454 0.992058 0.997307 0.993815 0.997617 0.994826 0.994454 0.997397 0.997554 0.997905 0.998654 0.99981 1.00068 1.00165 1.00303 1.00358 1.00623 1.00466 1.00764 1.00904 1.00479 1.01317 1.00992 1.01339 1.0158 1.01818 1.01306 1.01808 1.02373 1.02151 1.02759 1.02848 1.02822 1.02458 1.02872 1.03994 1.0448 1.04166 1.05031 1.05456 1.05193 1.07025 1.04956 1.05581 1.06579 1.0622 1.07998 1.07806 1.05755 1.08089 1.08149 1.0615 1.08859 1.09937 1.0844 1.10554 1.12551 1.11494 1.09062 1.0959 1.10122 1.09973 
1.03582 1.03443 1.01086 1.02201 1.01467 1.02843 1.00365 1.00715 1.02501 1.02175 1.02491 1.00417 0.97944 1.00998 1.00424 0.993035 0.990927 0.985096 1.01239 0.999474 1.00472 0.984293 0.993495 1.00292 0.993629 1.00235 0.998303 0.995633 0.99955 0.992791 1.00212 0.99202 0.999366 0.995557 0.99205 0.99749 0.991963 0.99917 0.987693 0.989598 0.991516 0.994592 0.99237 0.996867 0.995858 0.995235 0.999583 0.998023 0.99835 0.99961 1.00073 1.0022 1.00265 1.00378 1.00548 1.00949 1.0092 1.00398 1.01341 1.01327 1.01484 1.0194 1.0168 1.01829 1.01867 1.01988 1.03439 1.02742 1.02752 1.02835 1.02909 1.03639 1.02588 1.05504 1.0341 1.0235 1.05104 1.04206 1.04082 1.04344 1.05782 1.07299 1.03836 1.06139 1.07151 1.06368 1.06157 1.07188 1.07991 1.07053 1.08992 1.07775 1.08626 1.10115 1.12563 1.09548 1.13145 1.10734 1.10385 1.08698 
1.02261 1.01767 0.995347 0.999602 1.05665 1.02314 1.03365 0.991736 1.01371 0.981049 1.00223 1.00193 1.0189 1.02113 1.00901 1.00691 1.01501 1.00241 0.992006 1.00406 0.978022 0.987789 0.98529 0.996579 0.995775 1.0069 0.992335 0.993561 0.996848 0.995791 1.00122 0.989548 0.989462 0.989571 0.990783 0.989201 0.993459 0.992191 0.993223 0.999121 0.996215 0.9991 0.995638 0.991616 0.99512 0.995504 0.996776 0.997347 0.998968 0.999841 1.00051 1.00083 1.00266 1.00353 1.00475 1.00845 1.00355 1.01129 1.00961 1.01134 1.01258 1.01438 1.00936 1.01863 1.02437 1.01703 1.0279 1.02695 1.02335 1.03065 1.03429 1.0292 1.04079 1.03618 1.04224 1.04774 1.05713 1.0635 1.05625 1.03982 1.05949 1.05855 1.06782 1.06649 1.06956 1.06349 1.08225 1.08075 1.08956 1.08087 1.0866 1.11029 1.09461 1.11048 1.13058 1.09742 1.10969 1.11561 1.11449 1.13042 
1.03727 0.994277 1.01456 1.01594 1.02478 1.01661 1.01228 1.00746 1.00631 1.03515 1.01737 1.0207 0.984952 1.00122 1.00259 0.990268 0.991238 0.997049 1.00146 0.986328 0.989292 1.00217 1.00572 0.997397 1.00383 0.971853 0.996995 0.998803 1.00185 0.987289 0.997499 0.989446 0.996868 0.984392 0.9957 0.997291 0.996784 0.998994 0.99272 0.988251 0.99093 0.993739 0.993595 0.997794 0.997995 0.998154 0.998138 0.997783 0.99888 0.999381 1.00027 1.0021 1.00273 1.00096 1.00677 1.00744 1.00279 1.00857 1.01197 1.01379 1.01476 1.0125 1.01774 1.01648 1.02606 1.01943 1.02589 1.02459 1.04853 1.03188 1.02957 1.04921 1.02468 1.04391 1.03581 1.02773 1.02935 1.03513 1.0489 1.05234 1.07685 1.06755 1.06676 1.06601 1.051 1.06424 1.0969 1.06617 1.07331 1.07942 1.11351 1.10089 1.1021 1.09106 1.12344 1.11186 1.10176 1.09444 1.11425 1.10505 
1.01187 1.01114 1.01108 1.05428 1.04185 1.03002 1.0224 1.01679 0.997704 1.00196 1.01544 1.01629 0.998631 1.02347 0.998943 1.00534 1.00309 0.990812 0.999723 0.988057 0.986018 1.00463 0.996212 0.984605 1.01937 0.991546 0.985934 0.999941 0.993628 0.999895 1.00083 0.993097 0.98944 0.991728 0.98286 1.00295 0.989446 1.00116 0.986105 0.989471 0.991173 0.996754 0.994904 0.991157 0.996329 0.99642 0.998521 0.997827 0.998847 0.99958 1.00068 1.0013 1.00444 1.00281 1.00425 1.00603 1.00258 1.0101 1.0128 1.01224 1.0127 1.01856 1.01448 1.01764 1.0172 1.01778 1.02861 1.02931 1.0269 1.03836 1.03535 1.03952 1.02489 1.02761 1.03635 1.0437 1.04858 1.04516 1.03764 1.06672 1.05111 1.04844 1.06649 1.06444 1.06093 1.05703 1.06745 1.0726 1.06121 1.06185 1.06864 1.07623 1.10858 1.09905 1.09397 1.10454 1.09282 1.09772 1.15894 1.13957 
1.03707 1.01908 1.0291 1.01283 1.05097 1.01667 1.02585 0.991736 1.02281 1.00421 1.03009 1.01701 1.00077 0.997169 1.00077 1.02233 0.993731 1.00184 0.994772 0.992008 1.00253 1.00799 1.00434 0.985906 0.998863 0.988048 1.0011 0.989978 0.998377 0.995971 0.986636 0.995921 0.997408 0.99097 0.990375 1.00096 0.998158 0.997048 0.996526 0.989962 0.990525 0.990388 0.996112 0.995868 0.995733 0.997091 0.995849 0.998631 0.999055 0.999683 1.00024 1.00144 1.00369 1.00364 1.00429 1.00669 1.00632 1.00863 1.0121 1.01255 1.01017 1.01669 1.01525 1.01519 1.02296 1.02289 1.02598 1.03207 1.02206 1.01604 1.03111 1.03898 1.01691 1.04023 1.03504 1.02935 1.06037 1.03638 1.05777 1.06323 1.05845 1.06855 1.04192 1.069 1.07861 1.07025 1.06673 1.0661 1.07616 1.09789 1.10764 1.07532 1.08989 1.07269 1.08823 1.12788 1.08611 1.10991 1.10604 1.10893 
1.0012 1.00222 0.97305 1.01192 1.01438 1.01477 1.00055 1.01675 1.02148 0.980476 1.01141 0.993313 1.00626 1.01095 0.999077 1.00403 1.02275 0.994733 1.01114 1.00187 0.995006 0.993348 0.996372 0.986196 0.996898 0.999886 0.998124 0.983826 1.00055 0.997972 0.99595 0.997465 0.988718 0.9967 0.998147 0.992805 0.9892 0.992741 1.00023 0.995665 0.995651 0.99277 0.992458 0.994883 0.997173 0.995326 0.998089 0.99734 0.999165 0.999497 1.0004 1.00194 1.00235 1.00418 1.00507 1.00546 1.00959 1.01223 1.00748 1.0095 1.01279 1.01576 1.01623 1.01489 1.01538 1.02115 1.0224 1.0222 1.02776 1.02912 1.03923 1.02482 1.03722 1.03616 1.03347 1.04102 1.03068 1.02927 1.04258 1.06113 1.05235 1.04613 1.06014 1.06295 1.0622 1.076 1.0747 1.08253 1.08798 1.05738 1.09562 1.11947 1.11461 1.09036 1.10223 1.09632 1.1216 1.09126 1.09719 1.10484 
