-2 -1.9596 -1.91919 -1.87879 -1.83838 -1.79798 -1.75758 -1.71717 -1.67677 -1.63636 -1.59596 -1.55556 -1.51515 -1.47475 -1.43434 -1.39394 -1.35354 -1.31313 -1.27273 -1.23232 -1.19192 -1.15152 -1.11111 -1.07071 -1.0303 -0.989899 -0.949495 -0.909091 -0.868687 -0.828283 -0.787879 -0.747475 -0.707071 -0.666667 -0.626263 -0.585859 -0.545455 -0.505051 -0.464646 -0.424242 -0.383838 -0.343434 -0.30303 -0.262626 -0.222222 -0.181818 -0.141414 -0.10101 -0.0606061 -0.020202 0.020202 0.0606061 0.10101 0.141414 0.181818 0.222222 0.262626 0.30303 0.343434 0.383838 0.424242 0.464646 0.505051 0.545455 0.585859 0.626263 0.666667 0.707071 0.747475 0.787879 0.828283 0.868687 0.909091 0.949495 0.989899 1.0303 1.07071 1.11111 1.15152 1.19192 1.23232 1.27273 1.31313 1.35354 1.39394 1.43434 1.47475 1.51515 1.55556 1.59596 1.63636 1.67677 1.71717 1.75758 1.79798 1.83838 1.87879 1.91919 1.9596 2 
0.122256 0.131257 0.140857 0.151085 0.161971 0.173547 0.185842 0.198883 0.212699 0.227314 0.242751 0.259031 0.276169 0.294177 0.313062 0.332824 0.353456 0.374946 0.397269 0.420394 0.44428 0.468873 0.49411 0.519915 0.5462 0.572868 0.599808 0.626899 0.654011 0.681007 0.70774 0.734061 0.759817 0.784858 0.809032 0.832196 0.854212 0.874954 0.894308 0.912175 0.928472 0.943133 0.956112 0.967381 0.976931 0.984773 0.990932 0.995453 0.998394 0.999825 0.999829 0.998496 0.995925 0.992218 0.987482 0.981823 0.975349 0.968165 0.960372 0.952069 0.94335 0.934302 0.925008 0.915542 0.905974 0.896367 0.886777 0.877255 0.867843 0.858582 0.849503 0.840634 0.831999 0.823617 0.815502 0.807667 0.800118 0.792862 0.785901 0.779236 0.772866 0.766788 0.760998 0.755489 0.750255 0.74529 0.740584 0.73613 0.731919 0.727941 0.724188 0.72065 0.717317 0.71418 0.711231 0.70846 0.705858 0.703417 0.701128 0.698984 
1.73419 1.80778 1.6748 1.76506 1.71843 1.77672 1.71331 1.5643 1.69965 1.70331 1.5322 1.4298 1.51252 1.50581 1.46494 1.44387 1.43027 1.36669 1.35578 1.34751 1.34529 1.30018 1.23024 1.33959 1.21906 1.22304 1.14914 1.1634 1.18064 1.08505 1.14509 1.07902 1.1167 1.09119 1.01109 1.05147 1.06116 1.00729 0.99459 0.952246 0.994043 0.98274 0.984437 0.974968 0.97734 0.982966 0.980298 0.975283 0.989706 0.994537 1.00505 1.01582 1.03398 1.04122 1.04201 1.0749 1.0866 1.1076 1.14154 1.15764 1.19858 1.21091 1.26537 1.25314 1.31355 1.36298 1.41308 1.45597 1.43066 1.48689 1.50563 1.53126 1.57896 1.58099 1.63762 1.65085 1.81653 1.7866 1.94842 1.85114 1.90041 1.88912 1.79452 2.07856 2.04789 2.17791 2.23441 2.27833 2.41003 2.30312 2.31703 2.5143 2.61519 2.62577 2.62613 2.75128 2.59515 2.67747 2.67505 2.85625 
1.86797 1.80465 1.82643 1.73123 1.76322 1.71384 1.72226 1.69039 1.60369 1.55551 1.60595 1.55745 1.56622 1.51404 1.48183 1.44366 1.41671 1.40865 1.39358 1.39035 1.29485 1.33064 1.22351 1.25309 1.219 1.18338 1.18186 1.19178 1.13733 1.11409 1.12506 1.02892 1.08508 1.02845 1.06775 1.01074 1.0471 1.02241 0.994633 0.972159 0.99883 0.980948 0.968718 0.985171 0.968113 0.985798 0.965418 0.980588 0.990469 0.995449 1.00479 1.01033 1.02703 1.04274 1.03021 1.09103 1.07195 1.12534 1.12386 1.17609 1.19217 1.1872 1.27177 1.23174 1.27747 1.35447 1.37067 1.40832 1.51169 1.49007 1.50323 1.49658 1.61066 1.58931 1.59567 1.77557 1.76172 1.74738 1.78596 1.91469 1.81111 2.08261 1.97189 2.08913 2.11213 2.15103 2.11482 2.24043 2.21246 2.32648 2.35038 2.30347 2.27185 2.50129 2.53097 2.57743 2.69428 2.87664 2.83466 2.61972 
1.87966 1.80961 1.7903 1.89481 1.76578 1.73353 1.68436 1.63093 1.83403 1.59921 1.60457 1.56221 1.50378 1.53035 1.50036 1.45184 1.34646 1.28771 1.35811 1.35936 1.24568 1.25183 1.32091 1.25559 1.23556 1.18417 1.22494 1.17743 1.15597 1.14569 1.12554 1.12669 1.05839 1.04236 1.04647 1.06764 1.00045 1.01607 0.999868 1.01235 0.985902 0.963195 0.978992 0.968037 0.972036 0.982704 0.979147 0.98098 0.991478 0.996075 1.00351 1.01457 1.02766 1.04432 1.05481 1.08236 1.10486 1.10407 1.14376 1.15566 1.21271 1.2317 1.25263 1.23864 1.33601 1.33831 1.30395 1.42628 1.42648 1.39523 1.49016 1.4113 1.53583 1.55062 1.6742 1.65798 1.75169 1.70759 1.72484 1.87452 1.86324 1.9938 1.97471 1.94114 2.10578 2.02466 2.3686 2.08101 2.35089 2.28197 2.25821 2.35238 2.44782 2.59466 2.53932 2.53987 2.55655 2.72407 2.70651 2.74204 
1.97259 1.87643 1.72566 1.80214 1.69768 1.77163 1.69466 1.72869 1.54512 1.60695 1.63987 1.61749 1.63769 1.59484 1.42301 1.43626 1.37832 1.39529 1.31941 1.4037 1.38225 1.30823 1.31848 1.23525 1.24949 1.21797 1.22552 1.08398 1.10819 1.05888 1.0921 1.10268 1.09561 1.03754 1.07275 1.05676 1.06485 1.03181 0.979547 1.00277 1.00007 0.974839 0.986502 0.9879 0.98511 0.988525 0.983463 0.98567 0.982312 0.996172 1.00549 1.01225 1.03157 1.04131 1.04953 1.06727 1.09607 1.12864 1.14821 1.14154 1.19663 1.20983 1.23179 1.24861 1.25299 1.37132 1.30477 1.41121 1.42456 1.41803 1.5302 1.56173 1.46687 1.59068 1.61869 1.74684 1.72424 1.64392 1.74954 1.94615 1.9485 1.93052 2.08347 2.00102 2.08171 2.23319 2.23162 2.16966 2.14944 2.31563 2.27117 2.38557 2.47501 2.53015 2.37793 2.58505 2.43179 2.80425 2.62292 2.64934 
1.8615 1.83614 1.76958 1.80605 1.79517 1.76703 1.72172 1.70679 1.55965 1.69285 1.58231 1.61171 1.52647 1.41756 1.49227 1.40993 1.37031 1.37207 1.38009 1.30869 1.42448 1.36471 1.30274 1.28361 1.22358 1.16311 1.2363 1.1766 1.1096 1.13154 1.08796 1.10107 1.11656 1.05422 1.07289 1.00873 1.06794 1.01201 1.01975 0.989807 0.985 1.00017 0.985853 0.966295 0.978041 0.986831 0.983791 0.985988 0.990542 0.994915 1.0052 1.01293 1.04147 1.04207 1.05886 1.06105 1.08902 1.11618 1.13395 1.17112 1.17488 1.20675 1.22178 1.26538 1.28583 1.32146 1.37972 1.37774 1.33652 1.44042 1.4931 1.47342 1.58091 1.61891 1.61809 1.74849 1.71672 1.66333 1.89346 1.81857 1.87612 2.00352 1.93365 1.9981 2.01045 2.24279 2.10654 2.22625 2.18752 2.20592 2.33462 2.3787 2.47501 2.42656 2.55522 2.73121 2.60057 2.39608 2.80224 2.85379 
1.88668 1.78323 1.76335 1.83047 1.75829 1.64911 1.73701 1.55449 1.58945 1.58899 1.48514 1.55627 1.57604 1.50736 1.48155 1.50365 1.39613 1.42141 1.4545 1.359 1.36629 1.32886 1.27702 1.23118 1.22015 1.18453 1.16134 1.14459 1.12241 1.13368 1.07864 1.09651 1.10708 1.08125 1.03087 1.0255 1.01482 1.01413 1.00595 0.986356 1.01035 1.00382 0.976959 0.968775 0.984877 0.974816 0.982114 0.983424 0.985931 0.995763 1.00456 1.01505 1.02279 1.03222 1.06732 1.08431 1.08612 1.11154 1.11787 1.14677 1.18037 1.18123 1.19995 1.25459 1.28625 1.32926 1.35399 1.45774 1.43681 1.39155 1.47396 1.61065 1.66537 1.56465 1.67441 1.63076 1.66771 1.69106 1.70221 1.83126 2.00704 1.9709 2.01739 1.97786 1.91258 1.99356 2.15993 2.31751 2.25698 2.32997 2.30685 2.37046 2.52849 2.68757 2.38263 2.56862 2.64822 2.6022 2.53569 2.86434 
1.81288 1.77413 1.81826 1.65463 1.81235 1.71236 1.73109 1.66837 1.6479 1.54727 1.59155 1.49548 1.55491 1.55495 1.50622 1.55213 1.44903 1.32529 1.36265 1.33415 1.32867 1.29122 1.3335 1.33239 1.27086 1.20072 1.19536 1.16743 1.18103 1.11328 1.14345 1.11838 1.10944 1.098 1.05229 1.01311 1.06486 1.04884 1.02538 1.005 0.996708 0.986997 0.992315 0.967903 0.964655 0.973176 0.98352 0.977908 0.98872 0.99485 1.00412 1.01487 1.03298 1.04691 1.05226 1.07086 1.07195 1.11131 1.12475 1.12676 1.18312 1.20874 1.27005 1.23756 1.33693 1.31182 1.38661 1.39967 1.41074 1.44653 1.42864 1.58213 1.56948 1.59688 1.58826 1.71832 1.6734 1.74144 1.73918 1.82687 1.83118 1.89444 2.02081 1.85004 2.02653 2.04419 2.2638 2.14762 2.32945 2.27513 2.25958 2.46897 2.52474 2.3965 2.6933 2.56458 2.60006 2.76744 2.76656 2.69578 
1.91532 1.92459 1.83014 1.78261 1.83727 1.68399 1.81892 1.70052 1.74124 1.55944 1.59489 1.54964 1.5787 1.49011 1.52202 1.55673 1.413 1.33754 1.34376 1.40298 1.34141 1.27325 1.35677 1.26632 1.20371 1.21444 1.1729 1.19309 1.23174 1.09736 1.12231 1.07212 1.09464 1.08363 1.02148 1.01002 1.05867 1.02338 0.994847 1.00726 0.996024 0.989306 0.988064 0.980805 0.977338 0.975439 0.982786 0.983114 0.988987 0.996138 1.00584 1.01063 1.02948 1.03927 1.0552 1.07863 1.11878 1.11329 1.14686 1.14647 1.19552 1.18629 1.2418 1.28044 1.2732 1.32397 1.34428 1.36355 1.45587 1.41062 1.57054 1.53962 1.54808 1.65577 1.65303 1.74149 1.73918 1.69464 1.80874 1.78491 1.79615 2.04092 1.9077 1.88983 2.00269 2.01043 2.11301 2.12586 2.15706 2.24846 2.35597 2.33314 2.46963 2.43762 2.38726 2.7035 2.6822 2.37779 2.59061 2.6182 
1.73516 1.88566 1.86812 1.84933 1.72373 1.78136 1.71173 1.71464 1.60203 1.6055 1.61902 1.53507 1.54928 1.50962 1.51308 1.49973 1.41899 1.47769 1.39759 1.35641 1.38395 1.34858 1.24376 1.27682 1.22931 1.27328 1.20065 1.16215 1.14907 1.11117 1.14421 1.07958 1.09168 1.07443 1.01556 1.04162 1.06161 1.034 1.02708 1.00404 0.992878 0.989172 0.972784 0.962253 0.957889 0.986928 0.977222 0.982686 0.986773 0.995697 1.00421 1.01359 1.02325 1.04088 1.04426 1.06344 1.10965 1.10659 1.15354 1.15138 1.18211 1.20295 1.24862 1.28143 1.23551 1.31312 1.40412 1.29562 1.34472 1.50547 1.42098 1.53049 1.51069 1.58963 1.60778 1.71144 1.80986 1.70922 1.80499 1.8649 1.90954 1.88296 2.06431 1.87837 2.02999 2.13239 2.06243 2.09781 1.99021 2.29135 2.21696 2.35145 2.43686 2.56182 2.38542 2.53405 2.61386 2.72903 2.8112 2.80624 
1.90899 1.94792 1.85605 1.71839 1.68723 1.76259 1.70572 1.65252 1.70366 1.63511 1.5957 1.53805 1.5599 1.46838 1.53599 1.50667 1.43453 1.36333 1.41573 1.41306 1.35214 1.28937 1.30513 1.26097 1.25292 1.24571 1.189 1.11956 1.19426 1.18022 1.09809 1.13459 1.05817 1.07994 1.06783 1.02584 1.02377 1.02045 1.02938 0.996698 0.972725 0.989354 0.987523 0.980751 0.975188 0.987497 0.98106 0.988477 0.992012 0.996296 1.00427 1.01815 1.02943 1.03797 1.0614 1.06997 1.09031 1.1013 1.09544 1.14972 1.20631 1.19607 1.22292 1.29019 1.27853 1.38493 1.363 1.35887 1.44686 1.42311 1.49538 1.54545 1.53619 1.59525 1.54736 1.64989 1.61226 1.70492 1.85535 1.9667 1.77618 1.94854 1.93903 2.09844 1.87893 2.13761 2.06056 1.9577 2.25698 2.15341 2.24334 2.20663 2.57613 2.49853 2.4386 2.47397 2.6403 2.69693 2.72012 2.67863 
1.98623 1.87699 1.77232 1.77298 1.77596 1.54887 1.74147 1.63237 1.69383 1.59119 1.59638 1.63864 1.5771 1.45404 1.53491 1.38106 1.45512 1.42984 1.39628 1.41157 1.37632 1.27053 1.31434 1.27908 1.21929 1.22383 1.16541 1.18982 1.14897 1.14718 1.19707 1.09195 1.10267 1.07017 1.03619 1.05181 1.04122 1.04276 1.00115 1.02891 0.96577 0.979997 0.973143 0.976632 0.976033 0.961949 0.978684 0.982192 0.988518 0.996265 1.00513 1.00837 1.02339 1.03295 1.05629 1.06948 1.1039 1.10256 1.13772 1.17294 1.17082 1.21796 1.2252 1.28109 1.31165 1.28773 1.36369 1.44505 1.37841 1.3894 1.44225 1.52085 1.67838 1.58425 1.59999 1.68198 1.67096 1.76129 1.76343 1.77991 1.81519 1.9293 2.02093 2.00682 2.04249 2.0043 2.06607 2.25841 2.29045 2.33584 2.32166 2.37606 2.3955 2.51199 2.44884 2.55537 2.61719 2.52513 2.83607 2.94251 
1.82032 1.78159 1.88788 1.76824 1.65586 1.74402 1.75074 1.6908 1.68885 1.64238 1.61213 1.567 1.52862 1.51878 1.48276 1.45509 1.48737 1.41461 1.34764 1.39185 1.28554 1.23292 1.24484 1.26979 1.29488 1.27299 1.22422 1.12646 1.15507 1.16248 1.18392 1.12399 1.08825 1.09254 1.06502 1.03007 1.04524 1.03293 1.00473 0.988102 1.00154 0.986081 1.00034 0.973277 0.982649 0.981831 0.98441 0.990574 0.987151 0.996922 1.00485 1.0194 1.02715 1.03432 1.04627 1.06919 1.09546 1.09018 1.08436 1.1453 1.15272 1.20928 1.22263 1.26866 1.26561 1.34614 1.36305 1.415 1.39032 1.48377 1.54205 1.50421 1.54005 1.62294 1.59238 1.5577 1.74522 1.81933 1.7801 1.80657 1.94794 1.94847 1.88822 1.99233 2.08174 2.09151 2.06695 2.10895 2.10026 2.31043 2.34111 2.46041 2.2628 2.32106 2.7894 2.38601 2.48206 2.71459 2.64876 2.50135 
1.96985 1.98571 1.8618 1.79348 1.69208 1.73358 1.75111 1.69471 1.61396 1.71398 1.53288 1.55539 1.50982 1.52925 1.3879 1.42983 1.41435 1.43003 1.38453 1.35573 1.29817 1.30188 1.33085 1.21222 1.2606 1.25601 1.23636 1.24411 1.20226 1.15104 1.16011 1.11372 1.0837 1.09383 1.05077 1.04696 1.04478 1.04101 1.0135 1.02108 1.003 0.976605 1.00734 0.983211 0.988179 0.974824 0.980179 0.993697 0.993053 0.997333 1.00374 1.01176 1.02043 1.04029 1.05549 1.04788 1.09511 1.10698 1.11693 1.15729 1.16401 1.17182 1.21079 1.23125 1.27586 1.34292 1.35111 1.34981 1.38991 1.4275 1.5425 1.50469 1.52848 1.63717 1.56791 1.7144 1.66448 1.74926 1.76057 1.90162 1.87445 1.92431 1.89694 2.06202 2.1769 2.12272 2.10567 2.18734 2.22236 2.34729 2.41476 2.32045 2.39311 2.34578 2.41902 2.42701 2.49073 2.70041 2.69576 2.81188 
1.83906 1.83411 1.75745 1.79612 1.80564 1.77133 1.76417 1.71653 1.65841 1.62823 1.59225 1.56216 1.62049 1.48173 1.49437 1.38778 1.46628 1.36404 1.39605 1.33752 1.32624 1.33682 1.32887 1.30159 1.26301 1.26277 1.22097 1.2404 1.18672 1.1671 1.13471 1.09082 1.11148 1.11325 1.07102 1.07406 1.00338 1.02314 1.04076 1.01066 0.995765 0.98909 0.986616 0.977779 0.990332 0.977765 0.983469 0.987651 0.992261 0.995194 1.00462 1.01699 1.025 1.03818 1.03803 1.06811 1.08695 1.11876 1.09975 1.15584 1.12771 1.16491 1.17563 1.25141 1.24807 1.30847 1.38022 1.35607 1.37589 1.41968 1.38439 1.53896 1.55188 1.60896 1.65177 1.65085 1.56996 1.73173 1.78176 1.87537 1.93555 1.98984 1.99426 2.08544 1.89483 2.13075 2.19851 2.10474 2.05367 2.2527 2.20772 2.1637 2.42224 2.34496 2.39196 2.45877 2.437 2.54242 2.3823 2.66649 
1.90502 1.81618 1.87897 1.87004 1.84277 1.77475 1.62927 1.73941 1.58131 1.5926 1.56548 1.5765 1.531 1.54162 1.47773 1.44394 1.42504 1.40698 1.42442 1.40519 1.35896 1.33684 1.28034 1.2067 1.16319 1.20973 1.18401 1.17087 1.16147 1.18116 1.11492 1.07985 1.07992 1.06822 1.11471 1.03445 1.02007 1.01018 1.00872 1.01989 0.972046 1.00092 0.985018 0.954792 1.00217 0.983064 0.977331 0.991252 0.985921 0.996609 1.00453 1.0154 1.02106 1.03818 1.04704 1.06747 1.08719 1.09653 1.1318 1.12013 1.19928 1.19895 1.18552 1.2426 1.2885 1.26709 1.29347 1.38399 1.36362 1.44972 1.39584 1.50703 1.59162 1.63935 1.5936 1.67627 1.69926 1.71422 1.70563 1.77861 1.83502 1.86799 1.82512 1.97517 2.04844 1.95515 2.20492 2.17201 2.17645 2.19989 2.29572 2.35458 2.17558 2.30488 2.33133 2.67667 2.41056 2.62169 2.54514 2.66029 
1.86687 1.90432 1.86569 1.73915 1.79813 1.67856 1.67704 1.70792 1.65435 1.5482 1.65882 1.63362 1.52977 1.54625 1.49272 1.48252 1.47556 1.37387 1.33169 1.42342 1.39589 1.32769 1.26978 1.35546 1.24533 1.22848 1.18113 1.19436 1.1231 1.1626 1.14329 1.13897 1.11003 1.10513 1.05597 1.03584 1.00771 1.00957 1.01947 1.0164 1.00656 1.00308 0.98614 0.972977 0.995098 0.97462 0.990716 0.986584 0.993581 0.997553 1.00282 1.01527 1.01954 1.04651 1.04595 1.03144 1.08782 1.10915 1.1114 1.14077 1.176 1.17777 1.22639 1.26352 1.28738 1.29104 1.34567 1.42347 1.44097 1.41478 1.43658 1.58071 1.47314 1.58559 1.55269 1.62279 1.65287 1.65976 1.64574 1.74888 1.99878 1.78272 1.92378 2.01824 1.96052 2.01958 1.9981 2.10017 2.25746 2.18704 2.38882 2.22532 2.30532 2.3248 2.36304 2.62513 2.53522 2.54298 2.58965 2.64197 
1.85982 1.82716 1.94446 1.81053 1.80303 1.79346 1.71567 1.6782 1.70078 1.71251 1.59759 1.52538 1.59675 1.54342 1.59657 1.50423 1.4481 1.40414 1.42965 1.45816 1.37271 1.36092 1.30064 1.29352 1.27706 1.25619 1.18411 1.19554 1.22703 1.15046 1.1024 1.09519 1.09894 1.06276 1.07402 1.06464 1.04417 1.06389 1.02879 1.00829 1.0006 1.00899 0.98956 0.995482 0.98887 0.981214 0.983729 0.987321 0.990401 0.99727 1.00405 1.01251 1.02638 1.04876 1.06169 1.04084 1.08094 1.11428 1.1178 1.11883 1.17386 1.22067 1.23305 1.25827 1.28007 1.33971 1.36934 1.34504 1.37434 1.45085 1.46097 1.41019 1.49682 1.60117 1.56131 1.63279 1.64276 1.66222 1.76502 1.82116 1.86627 1.75185 1.90295 1.9673 1.81833 1.99445 2.28311 2.2117 2.10744 1.98546 2.28923 2.45459 2.16099 2.40801 2.28745 2.66033 2.43303 2.55153 2.77928 2.4945 
1.92735 1.79326 1.83589 1.86027 1.72437 1.75844 1.72768 1.70308 1.63469 1.64968 1.67536 1.52887 1.51939 1.52784 1.5305 1.56717 1.41994 1.46991 1.46265 1.42945 1.36176 1.29743 1.35095 1.27011 1.27162 1.20912 1.26279 1.2453 1.1295 1.15092 1.11694 1.10992 1.04926 1.06056 1.03817 1.04704 1.01944 1.05094 1.02036 1.02508 0.997518 0.981853 0.982807 0.997473 0.98895 0.992237 0.98643 0.983511 0.989912 0.997206 1.00245 1.00868 1.02591 1.02913 1.04674 1.0554 1.08724 1.059 1.12115 1.14646 1.17762 1.1242 1.20337 1.24136 1.33208 1.33443 1.35044 1.29605 1.3881 1.43709 1.46161 1.50196 1.52271 1.58239 1.56707 1.68674 1.65615 1.65987 1.8207 1.79652 1.78937 1.81036 1.91167 1.91337 1.88619 2.03369 1.96397 2.18223 2.17506 2.19087 2.2772 2.08029 2.06384 2.45767 2.51604 2.51896 2.38433 2.60317 2.65869 2.54685 
1.90203 2.01507 1.88682 1.69757 1.84649 1.82597 1.7699 1.65474 1.62016 1.57196 1.66898 1.6143 1.57213 1.58948 1.50902 1.51469 1.47606 1.49559 1.42146 1.41886 1.33407 1.38165 1.25605 1.26234 1.25192 1.28654 1.21859 1.21121 1.17369 1.18298 1.17326 1.18215 1.12379 1.09685 1.1063 1.02903 1.05961 1.03136 0.999587 1.01031 1.00202 1.01794 0.976636 0.990736 0.987416 0.988163 0.983111 0.992295 0.993191 0.996485 1.00204 1.0132 1.0236 1.03868 1.05206 1.06469 1.08753 1.08521 1.11453 1.11348 1.13086 1.19135 1.20494 1.25857 1.27166 1.25694 1.35809 1.30549 1.33529 1.32878 1.38954 1.42713 1.51363 1.59606 1.6374 1.61403 1.59321 1.58244 1.78713 1.7467 1.76521 1.80286 1.98912 1.93327 2.0365 1.95972 2.0835 2.09805 2.06385 2.40453 2.18966 2.19468 2.2142 2.21574 2.33133 2.21081 2.50901 2.50432 2.35125 2.58477 
1.79913 1.8499 1.8887 1.72264 1.77326 1.76967 1.72848 1.76768 1.76479 1.62268 1.63071 1.62314 1.58669 1.56124 1.50837 1.48526 1.48311 1.49738 1.43341 1.42035 1.35864 1.37791 1.26817 1.26908 1.28961 1.25895 1.24245 1.20818 1.20085 1.16357 1.14032 1.13171 1.09151 1.11539 1.10777 1.05961 1.01358 1.02616 1.02726 1.00913 0.997549 1.0104 0.997652 0.9834 0.990254 0.991823 0.979875 0.979363 0.990487 0.997238 1.00239 1.01099 1.01328 1.03728 1.03043 1.06497 1.09638 1.07865 1.11937 1.11152 1.13584 1.1519 1.2065 1.2289 1.23207 1.24257 1.29274 1.36364 1.41872 1.38944 1.45663 1.47428 1.51128 1.50553 1.64788 1.54384 1.63463 1.60154 1.76303 1.74582 1.66061 1.74876 1.80016 1.84527 2.02472 1.9142 1.97684 2.07407 2.1093 1.98831 2.14147 2.40833 2.37622 2.13856 2.27069 2.38312 2.47162 2.21124 2.44049 2.52039 
1.8567 1.7717 1.77826 1.80684 1.80638 1.73864 1.64281 1.60192 1.66909 1.61952 1.5631 1.66481 1.59452 1.66682 1.51384 1.47955 1.51769 1.41132 1.43305 1.37424 1.32804 1.35198 1.26617 1.298 1.27338 1.21551 1.18828 1.22151 1.24948 1.1824 1.10861 1.13077 1.10488 1.1037 1.12077 1.04985 1.06532 1.03349 1.03254 1.0337 0.983577 1.01126 1.01903 1.00454 0.987182 1.00285 0.989592 0.988161 0.990469 0.997802 1.00323 1.00565 1.021 1.03247 1.04899 1.05785 1.10419 1.08891 1.085 1.11981 1.13816 1.19334 1.19455 1.20798 1.25684 1.27551 1.28864 1.34082 1.38173 1.39256 1.47357 1.38823 1.49861 1.42222 1.51527 1.60712 1.63774 1.68406 1.80102 1.67613 1.91297 1.85143 1.96432 1.94648 2.04138 1.89129 1.97499 1.97684 2.12958 2.17087 2.17714 2.32269 2.51804 2.36394 2.32854 2.49199 2.40728 2.32767 2.50339 2.24208 
1.99442 1.86731 1.90766 1.80686 1.82081 1.72091 1.73876 1.75179 1.68917 1.71656 1.66678 1.57848 1.50655 1.50542 1.61677 1.54054 1.50837 1.48127 1.42052 1.40617 1.46069 1.31261 1.37198 1.24637 1.28102 1.27009 1.25346 1.22134 1.24585 1.15797 1.18534 1.1643 1.13286 1.12385 1.09321 1.0535 1.07242 1.0836 1.04111 1.01617 1.05168 1.0056 1.0003 0.986183 0.98203 0.987453 0.989707 0.992943 0.991491 0.99664 1.00338 1.01458 1.02108 1.03526 1.04811 1.04509 1.062 1.08077 1.14505 1.11492 1.15211 1.17124 1.21608 1.19269 1.21123 1.25354 1.25592 1.35915 1.37285 1.39243 1.37003 1.51318 1.50562 1.51251 1.52102 1.54843 1.60383 1.71251 1.73124 1.70103 1.87284 1.83422 1.74414 1.91063 1.93791 1.94124 1.86192 2.19757 2.02596 2.35628 2.23643 2.1374 2.40713 2.05614 2.43391 2.50458 2.40964 2.61479 2.39725 2.54019 
1.89956 1.88732 1.77021 1.91728 1.85845 1.78971 1.75038 1.69818 1.6486 1.62534 1.73524 1.62576 1.58839 1.6442 1.53317 1.47071 1.48271 1.47307 1.4177 1.38191 1.3808 1.32157 1.34224 1.33198 1.28852 1.26047 1.20881 1.20849 1.2124 1.2194 1.14233 1.11893 1.15262 1.09876 1.11931 1.05754 1.02886 1.03371 1.05563 1.00432 1.0116 1.01651 0.990137 0.988909 0.999171 0.992186 0.994077 0.987639 0.996751 0.997929 1.00411 1.01226 1.01699 1.03228 1.03262 1.06142 1.04992 1.08631 1.10737 1.12535 1.14864 1.19878 1.18723 1.19193 1.22105 1.2846 1.33136 1.32435 1.41029 1.43025 1.49633 1.45427 1.45446 1.50013 1.54694 1.50599 1.71276 1.66312 1.71528 1.67522 1.68747 1.78813 1.80513 1.97264 1.96052 1.85674 1.93187 2.03174 2.00103 2.03998 2.11322 2.12186 2.16637 2.09971 2.15222 2.29572 2.32686 2.30188 2.49536 2.46713 
1.9207 1.86221 1.91164 1.83128 1.78173 1.80239 1.83486 1.70601 1.66037 1.69913 1.582 1.63656 1.59063 1.4829 1.55163 1.52551 1.41656 1.46914 1.47367 1.40949 1.40873 1.37432 1.26759 1.33124 1.29116 1.29186 1.22996 1.1988 1.21798 1.18703 1.12476 1.11958 1.13283 1.07664 1.08782 1.08379 1.08076 1.01093 1.03326 1.04739 1.01864 1.01705 0.989665 0.999853 1.0051 0.994398 0.98393 0.997603 0.994686 0.996293 1.00469 1.01104 1.01391 1.02764 1.0347 1.04186 1.06235 1.06778 1.10806 1.11674 1.10105 1.18283 1.17093 1.20761 1.25938 1.22835 1.30806 1.30504 1.329 1.40789 1.45281 1.46881 1.42076 1.47224 1.56276 1.6057 1.66536 1.63971 1.65719 1.91864 1.86715 1.86018 1.82484 1.87809 1.78341 1.89299 2.03208 2.05246 2.13812 2.04243 2.16739 2.16197 1.92184 2.32384 2.16342 2.18288 2.32891 2.35072 2.30855 2.3352 
1.9179 1.85149 1.8478 1.96365 1.923 1.78843 1.8184 1.74403 1.71072 1.74548 1.68611 1.55529 1.58978 1.52266 1.48719 1.49502 1.50276 1.47954 1.35016 1.42226 1.38061 1.41207 1.36052 1.36068 1.21369 1.2843 1.20621 1.17692 1.21428 1.11895 1.15353 1.12981 1.12802 1.09403 1.11244 1.08485 1.05359 1.04664 1.04511 1.00994 1.03276 1.00272 1.01461 1.00781 0.999862 0.972923 0.990913 0.991474 0.996853 0.999277 1.00331 1.01062 1.0096 1.02964 1.03807 1.0565 1.08442 1.08474 1.1119 1.09853 1.10981 1.18755 1.16265 1.1743 1.26386 1.19983 1.33907 1.36804 1.32971 1.38007 1.4599 1.46759 1.49294 1.57565 1.45152 1.58565 1.5947 1.48532 1.58597 1.71939 1.77171 1.81881 1.79377 1.80902 1.81888 1.96781 1.92531 2.05178 2.12588 1.95251 2.17345 2.08251 2.1605 2.17419 2.21566 2.28135 2.12281 2.30791 2.48832 2.23076 
1.95492 1.92194 1.87467 1.78192 1.78081 1.76595 1.75115 1.7751 1.68732 1.67363 1.61689 1.69942 1.65153 1.4721 1.55051 1.53754 1.49286 1.46527 1.45569 1.40242 1.36667 1.30532 1.36161 1.29785 1.27212 1.22674 1.20381 1.22738 1.14454 1.16855 1.18229 1.08997 1.08726 1.14256 1.10542 1.06974 1.0783 1.04976 1.03495 1.04324 1.01283 1.00357 1.00143 1.01199 0.994254 0.994453 0.989731 0.987325 0.993512 0.997862 1.00337 1.00725 1.02605 1.02194 1.04197 1.04197 1.07964 1.06567 1.09209 1.10888 1.14265 1.1975 1.15811 1.19431 1.17214 1.24981 1.24166 1.25649 1.3711 1.43863 1.29639 1.50828 1.44454 1.42035 1.53273 1.50494 1.52062 1.61022 1.67556 1.63112 1.66129 1.80781 1.76565 1.81232 1.81978 1.89317 2.06974 2.08824 1.87826 2.07945 1.89547 2.17322 2.18331 2.42403 2.08883 2.43531 2.20728 2.32645 2.3372 2.51115 
1.85892 1.88616 1.83665 1.8812 1.81503 1.7732 1.75255 1.7468 1.69475 1.70448 1.68802 1.60236 1.657 1.57272 1.48612 1.47369 1.54441 1.43876 1.39315 1.38954 1.3074 1.36185 1.34792 1.32868 1.30063 1.27536 1.29177 1.25172 1.21247 1.24111 1.18076 1.1218 1.19506 1.12322 1.1039 1.08902 1.0613 1.08726 1.03199 1.01942 1.03133 1.02571 0.993473 1.00793 0.999405 0.980186 0.991549 0.988043 0.98813 0.997331 1.00143 1.00635 1.01242 1.02183 1.02621 1.06383 1.06036 1.06744 1.10248 1.11533 1.14773 1.14193 1.16485 1.1547 1.20834 1.28981 1.29337 1.25596 1.36236 1.32709 1.418 1.4318 1.49659 1.58401 1.5683 1.63934 1.60542 1.49576 1.66645 1.63242 1.66751 1.89399 1.72692 1.79062 1.91674 1.95779 1.89585 1.77508 2.12197 1.91667 2.10535 2.27395 2.09333 2.08436 2.14856 2.15021 2.31253 2.28328 2.40295 2.57854 
1.90641 1.86603 1.9323 1.92039 1.8719 1.82339 1.79468 1.76349 1.77822 1.7632 1.74642 1.57661 1.64539 1.54945 1.62657 1.55724 1.52516 1.48501 1.53051 1.5187 1.42035 1.38328 1.34261 1.32214 1.3094 1.33952 1.25162 1.21654 1.19875 1.21927 1.18011 1.17403 1.17025 1.06976 1.09178 1.12845 1.04509 1.08406 1.07351 1.05587 1.04453 1.02707 1.02735 0.998949 0.993943 1.00697 0.999765 1.00423 0.994174 0.998116 1.00394 1.00487 1.00637 1.01902 1.02367 1.04896 1.04851 1.07738 1.0945 1.09747 1.1039 1.10064 1.13413 1.18415 1.18806 1.207 1.25105 1.30432 1.26957 1.34372 1.37489 1.34593 1.33901 1.49643 1.49101 1.46019 1.53066 1.6546 1.65711 1.6082 1.7326 1.63818 1.79042 1.74818 1.97155 1.83867 1.78103 1.87576 1.97658 1.98081 2.13778 2.10805 2.14657 2.19705 2.12243 2.19433 2.33403 2.24803 2.46628 2.55362 
2.03303 1.92957 1.91356 1.94474 1.91112 1.87941 1.77705 1.72224 1.68361 1.69888 1.66676 1.66346 1.58723 1.52949 1.49791 1.56463 1.51489 1.47803 1.51133 1.40854 1.42005 1.33135 1.2767 1.3839 1.30794 1.30685 1.2934 1.2363 1.22561 1.16738 1.17247 1.17002 1.17028 1.13237 1.09765 1.09289 1.05465 1.04203 1.04912 1.01507 1.03975 1.00783 0.998564 1.01259 1.00094 1.00172 0.996362 0.997745 0.999327 0.99802 1.00012 1.00525 1.0143 1.02071 1.02318 1.05106 1.05486 1.07548 1.09116 1.09455 1.13532 1.14989 1.19935 1.21583 1.26562 1.24912 1.15144 1.31763 1.31968 1.3508 1.41254 1.35273 1.39243 1.37629 1.53377 1.586 1.5073 1.45566 1.66214 1.63919 1.62339 1.70934 1.70244 1.79665 1.88183 1.88565 1.94277 1.98232 1.90275 1.8413 2.03027 2.05957 2.03035 1.8691 2.2399 2.26593 2.16141 2.30157 2.35549 2.46075 
1.96442 1.9903 1.80381 1.87047 1.86295 1.90115 1.78734 1.84716 1.75635 1.66485 1.67407 1.67511 1.67626 1.59094 1.47795 1.4956 1.41793 1.46987 1.45554 1.41828 1.41885 1.44336 1.33869 1.34652 1.30382 1.27529 1.27289 1.25297 1.2822 1.2575 1.16009 1.14788 1.16436 1.12818 1.13392 1.11909 1.05544 1.04208 1.05058 1.03305 1.02225 1.00349 1.03137 0.991638 0.998555 0.983586 0.996332 0.996724 0.996242 0.999215 1.00213 1.00955 1.01524 1.03516 1.01119 1.0469 1.05133 1.07663 1.09446 1.08483 1.13329 1.12691 1.15158 1.18378 1.17958 1.19085 1.23063 1.27966 1.32022 1.31734 1.3307 1.38979 1.44381 1.45716 1.52244 1.56164 1.56982 1.50017 1.56824 1.58634 1.72405 1.69301 1.73238 1.64677 1.69369 1.87249 1.8581 1.83802 2.05369 2.02671 1.92281 2.00935 1.95648 2.18541 1.91064 2.27563 2.22277 2.21692 2.19692 2.32988 
1.97913 1.92726 1.90839 1.9124 1.92438 1.85397 1.82787 1.75874 1.78153 1.67874 1.62697 1.61995 1.61341 1.58069 1.606 1.54718 1.52228 1.53468 1.45191 1.44252 1.42144 1.37882 1.37867 1.33575 1.3122 1.31642 1.28638 1.24327 1.21598 1.21988 1.19227 1.16221 1.13067 1.09414 1.12523 1.11062 1.07798 1.07482 1.08438 1.05554 1.02607 1.01899 1.0162 1.00806 0.997097 0.998732 1.00194 0.997581 0.991614 0.997991 1.00233 1.00382 1.00625 1.02679 1.02339 1.03705 1.05199 1.04968 1.05202 1.07387 1.10948 1.1164 1.13201 1.19166 1.21979 1.24459 1.22863 1.20909 1.27313 1.2613 1.33918 1.34896 1.36291 1.48992 1.33083 1.51033 1.45843 1.52071 1.56166 1.49609 1.6962 1.79776 1.67474 1.77134 1.79103 1.95803 1.83883 1.94759 1.77695 2.02738 1.91169 2.09386 1.95808 2.0555 2.12053 2.07825 2.08302 2.31513 2.24059 2.29722 
1.92612 1.8698 1.9702 1.94205 1.81538 1.8464 1.74829 1.80777 1.82379 1.68841 1.69739 1.64889 1.63841 1.60937 1.60018 1.5442 1.5092 1.56936 1.51702 1.41401 1.38615 1.4137 1.35656 1.35593 1.36865 1.32813 1.33103 1.26475 1.27789 1.23669 1.22297 1.17385 1.15555 1.14773 1.10449 1.12662 1.1095 1.08343 1.04941 1.05096 1.03905 1.0241 1.01293 1.01911 1.00471 1.00172 1.00566 0.996889 0.993323 0.998083 1.00001 1.00205 1.01375 1.01905 1.03005 1.02921 1.0534 1.04591 1.09914 1.06991 1.09587 1.13233 1.14096 1.1576 1.1847 1.23364 1.24029 1.26522 1.30826 1.25773 1.3541 1.40864 1.35566 1.44776 1.54981 1.41026 1.50691 1.5433 1.38812 1.52649 1.56516 1.58139 1.77404 1.65164 1.87658 1.81754 1.69173 1.90187 2.0137 1.86056 1.9205 1.98266 2.16751 2.07274 2.1354 2.2164 2.32289 2.23518 2.38184 2.32762 
2.11214 1.94801 1.985 1.8763 1.91664 1.83125 1.83801 1.79336 1.70058 1.7748 1.68884 1.65833 1.59313 1.53754 1.54804 1.5466 1.5902 1.53262 1.52712 1.47665 1.37349 1.38151 1.43557 1.35842 1.30267 1.26782 1.23037 1.27285 1.29201 1.20703 1.20217 1.1651 1.15788 1.14001 1.11755 1.11867 1.08015 1.09185 1.07803 1.0453 1.03245 1.02471 1.01653 1.01554 1.01301 1.00646 1.00204 0.997202 0.998907 0.999719 1.00156 1.00472 1.00619 1.0129 1.03528 1.02669 1.0479 1.09007 1.07741 1.081 1.10816 1.15731 1.12669 1.17689 1.15564 1.21683 1.18194 1.195 1.30229 1.32345 1.29992 1.33118 1.3997 1.36419 1.39742 1.42917 1.44264 1.59427 1.51192 1.59811 1.57994 1.58306 1.73561 1.71649 1.73655 1.78536 1.90965 1.84692 1.76956 1.86245 1.9756 1.93297 1.95572 2.15512 2.20448 1.97133 2.15021 2.30536 2.31381 2.06369 
1.97768 2.01782 1.88356 1.83847 1.96707 1.86617 1.75397 1.85313 1.66951 1.71292 1.70635 1.55746 1.71021 1.59402 1.59866 1.45144 1.52128 1.49768 1.50233 1.4379 1.49688 1.37877 1.37658 1.40716 1.37048 1.2882 1.26754 1.24502 1.21279 1.1789 1.20569 1.22365 1.18905 1.17877 1.11155 1.09213 1.08571 1.05216 1.07489 1.02761 1.03668 1.03189 1.00553 1.01971 1.00939 1.00723 1.00689 0.993782 0.995149 1.00009 1.00176 1.00237 1.00764 1.01387 1.02473 1.02484 1.03942 1.07476 1.07519 1.09657 1.10126 1.11676 1.11685 1.17946 1.22287 1.19415 1.21668 1.19649 1.32926 1.31616 1.3647 1.3155 1.32014 1.39378 1.41739 1.40398 1.38101 1.55701 1.52752 1.66323 1.70013 1.73223 1.68326 1.84666 1.82014 1.81479 1.68994 1.78085 1.85609 1.93378 1.93205 2.01535 2.05753 2.0587 2.09536 2.02464 2.15094 2.14607 2.12841 1.97293 
2.0558 2.04562 1.96399 1.86276 1.95038 1.78763 1.79033 1.80071 1.76674 1.77045 1.75575 1.71345 1.56748 1.54689 1.61781 1.5552 1.5406 1.52458 1.43089 1.46347 1.44705 1.36712 1.33303 1.39282 1.32728 1.3215 1.32932 1.22547 1.23943 1.24439 1.23339 1.15617 1.10713 1.14198 1.07927 1.10846 1.09049 1.08655 1.05632 1.03748 1.04178 1.02287 1.00753 1.04128 1.00293 1.00543 1.01264 0.999395 0.997338 1.00003 1.00113 1.00485 1.01062 1.0129 1.01408 1.02964 1.05648 1.0474 1.08248 1.09361 1.08051 1.1126 1.13744 1.1564 1.1644 1.19218 1.26585 1.21032 1.29564 1.28307 1.30636 1.30658 1.31116 1.40102 1.46179 1.45261 1.42941 1.51732 1.52296 1.599 1.62011 1.65275 1.66394 1.73755 1.66889 1.83011 1.70927 1.69999 1.83004 1.91411 1.90104 1.99738 2.01229 1.87231 2.01327 2.0565 2.00631 2.19865 2.14342 2.15981 
2.00975 2.07136 1.90318 1.87385 1.96563 1.89111 1.86798 1.84285 1.84568 1.76533 1.79774 1.70185 1.64892 1.69949 1.60136 1.63568 1.4839 1.54265 1.54075 1.45072 1.48002 1.48354 1.40712 1.35777 1.38539 1.355 1.27818 1.28411 1.20525 1.19149 1.21517 1.19638 1.15015 1.1762 1.12476 1.13109 1.11351 1.08814 1.08204 1.0438 1.0235 1.03828 1.0202 1.03013 1.01024 0.993426 1.00809 1.00158 1.00021 1.00063 1.00153 1.00631 1.01383 1.01065 1.00744 1.02236 1.05164 1.037 1.06987 1.0555 1.1046 1.1135 1.11487 1.16353 1.17305 1.19597 1.15235 1.18962 1.25029 1.24257 1.31816 1.2818 1.36178 1.3266 1.43528 1.41801 1.451 1.41299 1.54514 1.53653 1.67215 1.69746 1.65681 1.65857 1.69695 1.69897 1.66129 1.6963 1.86646 1.81513 1.88897 1.95562 2.01321 1.989 2.13829 2.05537 2.05846 2.09942 2.13451 2.21001 
2.04733 1.95165 1.90831 1.94913 1.87095 1.83793 1.79131 1.86341 1.81889 1.79905 1.73909 1.63612 1.66518 1.66858 1.60499 1.60546 1.58074 1.53494 1.55079 1.44578 1.44112 1.42434 1.45193 1.413 1.30033 1.30899 1.29593 1.26152 1.22379 1.19135 1.21546 1.20272 1.14 1.15892 1.12761 1.13994 1.09682 1.08127 1.0717 1.06384 1.04939 1.03187 1.02027 1.02347 1.01309 1.00698 1.00366 1.00205 0.997116 0.999401 1.00171 1.0057 1.00258 1.00926 1.0219 1.02825 1.03798 1.05954 1.07534 1.05638 1.10583 1.12961 1.09873 1.14748 1.13577 1.19083 1.18662 1.1941 1.24792 1.2601 1.32042 1.32193 1.25837 1.34301 1.34914 1.34815 1.37605 1.45551 1.48554 1.47904 1.5179 1.64201 1.6447 1.68692 1.74147 1.75697 1.56577 1.62995 1.64906 1.8133 1.87186 1.82065 2.07177 1.87711 1.86119 1.96573 2.19609 2.04498 1.92852 2.09052 
2.03281 2.00033 2.03457 1.85923 1.94365 1.80062 1.77416 1.85453 1.77937 1.83642 1.65719 1.69334 1.6557 1.60368 1.58644 1.59559 1.5751 1.59431 1.52524 1.49523 1.37636 1.43062 1.38879 1.40181 1.40045 1.34374 1.26376 1.2688 1.2304 1.24412 1.22315 1.19711 1.18675 1.15895 1.11034 1.10869 1.10408 1.06297 1.09102 1.06129 1.04267 1.03346 1.03279 1.01995 1.00855 0.998685 1.00882 1.00292 1.00019 0.999402 1.00051 1.0045 1.00585 0.99943 1.01739 1.03499 1.02614 1.06614 1.07564 1.08051 1.11539 1.08543 1.12716 1.11773 1.14573 1.16431 1.18395 1.25666 1.20046 1.25834 1.23395 1.29527 1.3784 1.28548 1.32155 1.43228 1.51587 1.51809 1.47295 1.44347 1.52356 1.62996 1.55222 1.59674 1.69496 1.66428 1.54821 1.70222 1.73148 1.82394 1.79912 1.83634 1.85786 1.7671 2.0105 1.98665 2.08898 1.92701 2.18754 2.10583 
2.11059 2.09364 1.98505 1.86318 1.83718 1.8451 1.84103 1.8532 1.74607 1.76146 1.64988 1.72035 1.61231 1.63505 1.6598 1.56106 1.4941 1.54127 1.51802 1.48065 1.4418 1.44128 1.41629 1.38611 1.39984 1.34117 1.28762 1.33275 1.20565 1.19048 1.22331 1.21415 1.17127 1.18744 1.13147 1.10893 1.09481 1.12265 1.06236 1.06281 1.05187 1.02147 1.03983 1.02546 1.01838 1.0199 1.00512 1.00492 0.996724 1.00094 1.00155 0.998873 1.0054 1.00575 1.03196 1.01572 1.02501 1.0509 1.03894 1.10072 1.07156 1.10409 1.0816 1.11615 1.12708 1.1404 1.13316 1.15647 1.24464 1.24459 1.33064 1.23516 1.38408 1.27398 1.37379 1.38001 1.36386 1.41222 1.50448 1.46638 1.53703 1.62708 1.55952 1.6071 1.70708 1.5933 1.63104 1.66578 1.75386 1.79436 1.77827 1.8201 1.84702 1.91573 1.91903 2.063 2.0047 2.16558 1.91771 2.21627 
1.98865 1.94128 1.98175 1.93476 1.87744 1.80023 1.82422 1.79623 1.78209 1.81941 1.65608 1.72385 1.68125 1.61935 1.67262 1.64217 1.58259 1.52029 1.52156 1.44656 1.46902 1.36614 1.42905 1.37991 1.36618 1.34248 1.31158 1.29373 1.28491 1.2425 1.1963 1.22912 1.18935 1.15014 1.16013 1.12224 1.10069 1.08101 1.07157 1.06219 1.0592 1.04033 1.02256 1.02249 1.00463 1.01388 1.00082 1.00863 1.00055 1.00044 1.00078 1.00307 1.00392 1.01169 1.01375 1.0221 1.01133 1.04418 1.0469 1.05414 1.0614 1.08435 1.12042 1.11954 1.12342 1.15396 1.13861 1.22917 1.18997 1.24927 1.26857 1.33239 1.32103 1.30163 1.36741 1.32703 1.34217 1.36625 1.54262 1.50354 1.5211 1.59366 1.54352 1.63288 1.61952 1.60751 1.61804 1.62709 1.81225 1.78592 1.64207 1.73813 1.87909 1.79542 2.19527 1.95973 1.96285 1.95755 1.88771 2.08903 
2.12699 2.05555 1.95798 1.94459 1.94252 1.83471 1.8547 1.84162 1.70536 1.71652 1.85655 1.71325 1.60664 1.71455 1.56914 1.61828 1.53292 1.57124 1.53811 1.48596 1.52629 1.47727 1.35907 1.3975 1.34222 1.35035 1.26185 1.27956 1.30896 1.23657 1.2458 1.16377 1.19816 1.17628 1.18068 1.11809 1.13297 1.09761 1.09274 1.0852 1.07055 1.05927 1.04103 1.02983 1.02592 1.01362 1.00594 1.00597 0.998143 1.0006 0.999652 0.999597 1.00088 1.01245 1.00899 1.03157 1.046 1.02398 1.01988 1.05845 1.07309 1.08925 1.15516 1.09653 1.13641 1.14313 1.22303 1.15629 1.20733 1.25485 1.25695 1.26918 1.2958 1.35592 1.36743 1.37144 1.35803 1.45554 1.46996 1.47445 1.57581 1.56816 1.47562 1.51234 1.55007 1.57801 1.60699 1.70275 1.66591 1.85027 1.68658 1.80646 1.67196 1.77965 1.84347 1.82293 1.93593 1.88549 2.10641 2.06202 
2.03977 1.97661 2.00784 1.96978 1.94677 1.89661 1.85265 1.87908 1.80513 1.70098 1.70549 1.70382 1.63835 1.73931 1.5748 1.65886 1.53804 1.49366 1.51868 1.50268 1.47862 1.46015 1.35098 1.39941 1.35553 1.3192 1.33856 1.28901 1.26916 1.23591 1.22722 1.20455 1.1713 1.17226 1.12594 1.15736 1.13219 1.09005 1.06382 1.068 1.05662 1.03015 1.04423 1.04388 1.02347 1.01213 1.01278 1.00566 0.998638 1.00003 0.997859 1.00051 1.00551 1.00424 1.01345 1.0209 1.04666 1.0544 1.0518 1.06525 1.07471 1.07656 1.09517 1.08563 1.11808 1.11191 1.18402 1.15947 1.20382 1.20041 1.26028 1.27506 1.27348 1.29384 1.39641 1.34685 1.34974 1.51535 1.35943 1.43165 1.4229 1.46706 1.58826 1.51989 1.52907 1.58628 1.59607 1.67753 1.8369 1.708 1.83666 1.73506 1.78984 1.75096 1.87801 1.8373 1.83462 1.95249 1.65536 1.94381 
2.04132 1.9837 1.91924 1.9778 1.90453 1.87961 1.80626 1.87264 1.81903 1.8165 1.70232 1.67238 1.67186 1.62983 1.68914 1.58703 1.52729 1.5294 1.59735 1.52401 1.43745 1.42162 1.46471 1.4087 1.40877 1.36029 1.29162 1.26938 1.30053 1.21884 1.22362 1.2105 1.21478 1.18052 1.16048 1.12938 1.09095 1.11049 1.09322 1.08607 1.05713 1.03084 1.03236 1.0139 1.03439 1.02418 1.006 1.00995 1.00572 1.00126 1.00001 1.00099 1.00106 1.00338 1.02067 1.01468 1.0115 1.04728 1.04342 1.04748 1.06362 1.07621 1.09142 1.12606 1.09991 1.11646 1.14762 1.16943 1.18462 1.17612 1.22441 1.27185 1.22106 1.31482 1.28765 1.27721 1.38133 1.40166 1.41156 1.51663 1.45993 1.52293 1.55399 1.5534 1.49161 1.62002 1.5731 1.69068 1.60247 1.686 1.67266 1.59098 1.88422 1.90932 1.90036 1.77217 1.77898 1.97325 1.98342 1.91775 
2.05548 1.98515 2.06931 1.93449 1.93868 1.99862 1.80906 1.8611 1.8681 1.7534 1.77718 1.76847 1.78253 1.63741 1.72289 1.63037 1.61111 1.50402 1.50773 1.49071 1.51252 1.47003 1.42791 1.37282 1.38279 1.37746 1.34598 1.29402 1.31066 1.24912 1.24013 1.23128 1.19442 1.18109 1.15679 1.16234 1.12679 1.10132 1.09836 1.06953 1.07798 1.05107 1.03737 1.0343 1.03276 1.01563 1.01043 1.0014 1.00033 1.00063 0.999451 0.999446 0.998646 1.00235 1.01585 1.01931 1.0189 1.03796 1.0437 1.05429 1.0504 1.0735 1.12371 1.05678 1.06377 1.14965 1.15325 1.13798 1.2127 1.25151 1.2712 1.2603 1.20773 1.3121 1.32936 1.32997 1.36723 1.36188 1.42307 1.44431 1.42907 1.45523 1.51574 1.50063 1.49255 1.45148 1.57862 1.58764 1.63845 1.71746 1.72499 1.85225 1.71683 1.85644 1.86685 1.8092 1.88778 1.83197 2.08993 1.96814 
2.0077 2.08434 2.02368 1.98346 2.05551 1.81455 1.84744 1.88585 1.76801 1.84169 1.70411 1.70056 1.75696 1.75263 1.6308 1.54153 1.61774 1.5853 1.57953 1.46103 1.46698 1.48435 1.48595 1.42009 1.36625 1.37647 1.30944 1.28433 1.26334 1.22769 1.22356 1.24196 1.20736 1.19492 1.14221 1.15775 1.11998 1.0994 1.10627 1.08788 1.06553 1.05543 1.04841 1.03112 1.0097 1.0145 1.00975 1.00484 0.99979 1.00122 1.00039 1.00555 1.00092 1.01155 1.00269 1.00999 1.02708 1.02777 1.02989 1.06373 1.07237 1.0849 1.07061 1.09182 1.10271 1.10358 1.08717 1.19322 1.20934 1.17077 1.21925 1.2048 1.24689 1.25625 1.37954 1.36016 1.36573 1.34603 1.34666 1.39908 1.3934 1.4873 1.48114 1.54706 1.53705 1.49054 1.61813 1.69263 1.6851 1.69284 1.67498 1.8425 1.6106 1.73879 1.86312 1.98543 1.81941 2.07365 1.90271 1.92853 
2.097 2.00663 1.94174 1.96901 1.92738 1.92764 1.87649 1.8645 1.8559 1.84193 1.8234 1.71712 1.68374 1.66422 1.67086 1.71907 1.62465 1.59266 1.55465 1.48035 1.42796 1.45563 1.42771 1.38793 1.35272 1.36432 1.28082 1.30743 1.28019 1.27285 1.23498 1.24245 1.19414 1.19667 1.17597 1.136 1.12957 1.13503 1.08291 1.09134 1.07822 1.0551 1.04275 1.04208 1.02046 1.02408 1.01424 1.00746 1.00331 1.00216 0.999404 0.997935 1.00274 1.00884 1.0117 1.02001 0.998005 1.03414 1.04895 1.04006 1.06159 1.06807 1.07546 1.07419 1.08447 1.10744 1.1331 1.12908 1.17514 1.19016 1.16924 1.2657 1.17023 1.30193 1.23088 1.28235 1.30083 1.35047 1.33618 1.42878 1.35391 1.45121 1.49337 1.46117 1.58553 1.45174 1.57121 1.57192 1.63592 1.59663 1.69536 1.69209 1.77357 1.76202 1.79415 1.83294 1.89687 1.83889 1.88344 2.01876 
2.1025 1.98519 1.93382 2.04812 1.99036 1.92837 1.87747 1.85575 1.91732 1.84588 1.76818 1.66186 1.69835 1.72064 1.65297 1.63905 1.59898 1.60694 1.56923 1.5231 1.53318 1.53276 1.42701 1.42577 1.36465 1.38816 1.34708 1.22506 1.30474 1.2377 1.18617 1.23045 1.2205 1.16804 1.17495 1.12668 1.13975 1.11374 1.10003 1.11875 1.07894 1.06053 1.0618 1.04811 1.03292 1.01569 1.0165 1.00853 1.00173 1.00047 0.998766 1.00217 1.00041 0.996237 1.0092 1.00712 1.02286 1.02218 1.02388 1.05366 1.04696 1.06298 1.07065 1.08827 1.09843 1.13073 1.17276 1.12661 1.125 1.17598 1.17763 1.22369 1.2316 1.19929 1.26463 1.24671 1.3348 1.3252 1.45336 1.39557 1.36872 1.36912 1.3599 1.45937 1.51713 1.48657 1.49941 1.66589 1.55721 1.68324 1.62167 1.64505 1.62267 1.75855 1.47788 1.73646 1.7909 1.87343 1.94262 1.96536 
2.09199 1.9749 1.94274 1.98205 1.96525 1.8957 1.89979 1.83576 1.84193 1.79606 1.82574 1.77128 1.71939 1.74484 1.71094 1.67026 1.59937 1.57597 1.51267 1.48946 1.49375 1.46104 1.40423 1.41955 1.39285 1.39451 1.35005 1.27993 1.26836 1.27843 1.25111 1.23993 1.20017 1.16886 1.17757 1.15235 1.13544 1.13655 1.1164 1.08619 1.07179 1.05353 1.04888 1.04465 1.02854 1.01702 1.02468 1.01003 1.00348 1.00094 0.99883 1.0014 1.00198 1.00005 0.993508 1.01404 1.01995 1.03074 1.03162 1.04758 1.0563 1.06353 1.02388 1.11247 1.07858 1.13204 1.17195 1.18678 1.15866 1.1521 1.25589 1.1686 1.26318 1.2307 1.30061 1.34687 1.31988 1.32186 1.46651 1.43754 1.39357 1.49221 1.48868 1.50663 1.52146 1.50511 1.48658 1.64793 1.63246 1.50369 1.54663 1.69785 1.61551 1.75323 1.86964 1.82529 1.85361 1.64589 1.78255 1.81032 
2.10001 2.04478 2.02147 1.9965 1.99289 1.85692 1.93051 1.88303 1.77704 1.80746 1.79477 1.74127 1.6729 1.6731 1.61268 1.63984 1.63965 1.59266 1.60408 1.55673 1.48152 1.48969 1.46625 1.39564 1.34041 1.3497 1.35809 1.30491 1.26906 1.30863 1.26571 1.21834 1.19132 1.20192 1.20079 1.13147 1.11581 1.11096 1.10376 1.0976 1.07275 1.06368 1.05047 1.04491 1.02831 1.01388 1.01609 1.00736 1.00656 1.0011 0.999601 0.998229 0.997898 0.992046 1.00069 1.00894 1.02105 1.01284 1.02062 1.04375 1.04349 1.04652 1.05317 1.09529 1.10974 1.13527 1.1017 1.12609 1.14976 1.14075 1.17451 1.18359 1.17183 1.32694 1.34933 1.19395 1.33158 1.23691 1.30078 1.35081 1.35039 1.54584 1.51038 1.50451 1.46252 1.56233 1.5335 1.65329 1.61862 1.5244 1.64581 1.61128 1.74055 1.79554 1.80431 1.83994 1.65336 1.84412 1.77747 1.78597 
2.06016 2.03275 2.00749 2.01523 1.83377 1.88735 1.87595 1.84756 1.951 1.77331 1.75518 1.73856 1.73168 1.64747 1.643 1.60257 1.62139 1.58084 1.5857 1.4599 1.49646 1.4753 1.47759 1.41971 1.40126 1.36559 1.34009 1.29365 1.31375 1.2872 1.2786 1.24047 1.21248 1.15095 1.16822 1.14118 1.11752 1.12134 1.10257 1.07138 1.08356 1.04541 1.04332 1.03117 1.023 1.02578 1.01407 1.00875 1.00602 1.00003 0.998635 0.995544 0.993628 0.996501 1.00379 1.0043 1.01722 1.00342 1.02989 1.04299 1.03169 1.02839 1.03648 1.1045 1.1244 1.07638 1.12757 1.11198 1.14667 1.16043 1.21192 1.22258 1.20534 1.22962 1.29607 1.29231 1.27842 1.34449 1.33937 1.41873 1.45577 1.31673 1.47921 1.4147 1.49125 1.51045 1.52059 1.66561 1.55997 1.61295 1.52532 1.64039 1.68011 1.75308 1.80429 1.74616 1.58688 1.81999 1.83422 1.64778 
2.09457 2.0302 2.11612 1.96869 2.02017 1.97391 1.93125 1.81063 1.84688 1.77739 1.8097 1.7488 1.72641 1.72401 1.63352 1.64455 1.62088 1.58709 1.5093 1.51826 1.51495 1.47976 1.40076 1.39345 1.3992 1.3789 1.37096 1.27937 1.31006 1.30212 1.24586 1.23174 1.21925 1.20077 1.1907 1.14245 1.14656 1.12765 1.10858 1.08076 1.0865 1.05801 1.04108 1.04435 1.029 1.01626 1.01507 1.01679 1.00762 1.00135 1.00018 1.00009 0.997994 0.998512 0.99394 1.0081 1.01487 1.03187 1.02071 1.0325 1.03708 1.06986 1.05145 1.09536 1.08664 1.11598 1.13659 1.11013 1.10923 1.18868 1.14579 1.18474 1.24543 1.31321 1.25245 1.28804 1.32236 1.3027 1.29619 1.35428 1.34607 1.36901 1.40406 1.38183 1.49649 1.46068 1.5574 1.64374 1.65182 1.66465 1.53739 1.76578 1.68755 1.73906 1.67652 1.83032 2.03305 1.97734 1.8215 1.98668 
2.03221 2.02733 1.96069 2.06378 1.93824 1.94151 1.99311 1.8437 1.80696 1.84799 1.81317 1.7304 1.81869 1.65725 1.69388 1.63181 1.62971 1.54357 1.52571 1.52657 1.51812 1.47081 1.47374 1.40758 1.38839 1.3662 1.37705 1.32165 1.287 1.35672 1.2568 1.21049 1.21276 1.15996 1.18017 1.17271 1.13992 1.14667 1.09969 1.08061 1.0677 1.06016 1.03327 1.04043 1.035 1.03006 1.01827 1.00889 1.00704 1.00059 0.997973 0.995198 0.999168 1.00164 0.989372 1.01612 1.00408 1.02432 1.03944 1.03473 1.04634 1.05394 1.07765 1.06724 1.07731 1.09063 1.1087 1.11365 1.15489 1.15723 1.17787 1.18206 1.21032 1.25221 1.20888 1.31385 1.26752 1.30864 1.42306 1.30012 1.40507 1.43769 1.38279 1.34327 1.35848 1.52131 1.4065 1.39087 1.57612 1.57675 1.58327 1.75119 1.6329 1.61769 1.65782 1.7126 1.80519 1.70317 1.74363 1.73482 
2.05192 2.07008 1.99354 1.96326 1.98259 1.89612 1.87134 1.88367 1.87356 1.81987 1.70356 1.78007 1.7337 1.68151 1.64396 1.63179 1.61908 1.56495 1.56547 1.53789 1.50128 1.5013 1.47089 1.44932 1.38495 1.37291 1.3848 1.35247 1.2886 1.293 1.2424 1.23489 1.21507 1.21492 1.18417 1.16612 1.1444 1.12786 1.10003 1.08878 1.08862 1.06736 1.06169 1.03425 1.01838 1.01404 1.01638 1.00929 1.00676 1.00106 0.997812 0.994298 0.996655 0.995837 1.00328 0.997659 1.0021 1.01519 1.01712 1.00833 1.05986 1.0559 1.02143 1.06319 1.07963 1.11265 1.10235 1.12406 1.11318 1.10953 1.22746 1.21955 1.13178 1.19473 1.2393 1.21237 1.31311 1.34875 1.36376 1.31562 1.40123 1.3294 1.42651 1.50323 1.46015 1.47578 1.54186 1.66196 1.64767 1.5801 1.53322 1.64374 1.55901 1.61446 1.70549 1.82094 1.66463 1.90398 1.80462 1.87564 
2.03122 2.06922 2.03325 1.96733 1.98575 1.98406 1.87712 1.84421 1.86477 1.88511 1.81317 1.78482 1.65147 1.75012 1.60184 1.61352 1.59132 1.60085 1.5368 1.49765 1.54423 1.47435 1.4664 1.46313 1.438 1.4152 1.3643 1.37728 1.30634 1.31097 1.25692 1.25594 1.21613 1.21198 1.18559 1.15594 1.13343 1.12101 1.10845 1.10294 1.10247 1.06428 1.05396 1.02987 1.03315 1.02991 1.01987 1.00928 1.00531 1.00094 0.999297 0.994963 1.00126 1.0013 1.00461 0.985252 0.991195 1.00453 1.05284 1.03426 1.0378 1.0456 1.02248 1.08675 1.0632 1.07447 1.10793 1.18653 1.16824 1.171 1.17791 1.13589 1.20217 1.20816 1.32648 1.26737 1.34911 1.23258 1.35611 1.37701 1.33704 1.41522 1.41808 1.4349 1.36987 1.47594 1.58403 1.38679 1.51887 1.68844 1.62678 1.63272 1.79374 1.6922 1.63273 1.71789 1.60706 1.76611 1.7174 1.66078 
2.1895 2.03458 2.00864 2.02205 1.93307 1.91854 1.87766 1.91279 1.80551 1.80071 1.81206 1.7673 1.72269 1.76215 1.73747 1.6568 1.57458 1.58738 1.57187 1.55922 1.55458 1.48859 1.47654 1.47223 1.36774 1.33866 1.39054 1.33474 1.29941 1.28922 1.23621 1.26926 1.22927 1.19382 1.16945 1.16475 1.16108 1.12584 1.10108 1.10091 1.09558 1.06685 1.04278 1.05157 1.02354 1.01821 1.01699 1.01382 1.00782 1.00147 0.997643 0.995426 0.990972 0.99454 0.99196 1.00661 0.998109 1.00749 0.998165 1.0297 1.00729 1.01991 1.03661 1.05587 1.09513 1.06199 1.12398 1.1377 1.11492 1.16915 1.14584 1.20409 1.13436 1.23606 1.28435 1.27654 1.32737 1.26983 1.28616 1.33418 1.39333 1.47901 1.3392 1.43602 1.34978 1.4945 1.45351 1.53638 1.53391 1.50139 1.57167 1.53421 1.58833 1.5728 1.73806 1.82301 1.71628 1.76862 1.86384 1.93641 
2.02952 2.03941 2.00534 2.0358 2.01438 1.90653 1.92057 1.93223 1.7983 1.86231 1.75514 1.77711 1.78782 1.68911 1.67371 1.63515 1.61624 1.56941 1.55466 1.51058 1.48753 1.4951 1.44877 1.46026 1.39165 1.39191 1.41295 1.32977 1.28982 1.31239 1.27393 1.22492 1.2058 1.2336 1.16574 1.16524 1.14687 1.14315 1.10923 1.09241 1.07325 1.06433 1.05509 1.04268 1.03884 1.02599 1.0233 1.01737 1.00509 1.00113 0.998817 0.996853 0.995605 0.992315 1.00158 0.99324 0.989404 0.98968 1.00604 1.02121 1.02294 1.02389 1.01962 1.09611 1.08931 1.08409 1.126 1.07162 1.12991 1.08306 1.15633 1.14041 1.16176 1.22425 1.22491 1.25623 1.23091 1.29051 1.31153 1.3261 1.34693 1.2881 1.40966 1.35777 1.42324 1.38958 1.40935 1.4761 1.4478 1.4934 1.52578 1.56683 1.5834 1.58938 1.66249 1.64463 1.60746 1.73337 1.59119 1.80768 
2.11044 2.01443 2.01536 1.91612 1.92966 1.95743 1.89635 1.90689 1.88483 1.86183 1.80212 1.76163 1.73699 1.67963 1.62427 1.63029 1.60541 1.60821 1.55133 1.51945 1.52197 1.54602 1.47862 1.43426 1.44988 1.39807 1.33969 1.34198 1.29874 1.24267 1.24408 1.27306 1.23189 1.23001 1.14743 1.18017 1.15335 1.13411 1.10365 1.08077 1.09285 1.07245 1.0593 1.05736 1.03207 1.02192 1.0179 1.01469 1.00558 1.00132 0.997554 0.997223 0.993531 0.989543 0.99728 0.992781 1.0004 1.0219 1.00818 1.02633 1.01236 1.03294 1.05462 1.07474 1.07822 1.04984 1.07513 1.06387 1.11373 1.15204 1.17746 1.17253 1.23058 1.25813 1.29915 1.25928 1.12124 1.26355 1.3686 1.31231 1.35573 1.46487 1.48405 1.46896 1.45798 1.49903 1.44978 1.42914 1.53894 1.5948 1.45861 1.50691 1.60616 1.4588 1.58231 1.70504 1.70084 1.74286 1.68964 1.668 
2.13948 2.10929 2.07518 1.9744 2.02473 1.95358 1.92319 1.88014 1.82104 1.90259 1.88852 1.80224 1.75912 1.67743 1.61887 1.63312 1.62972 1.59435 1.55266 1.57506 1.51231 1.46456 1.46033 1.48009 1.3799 1.39994 1.3536 1.34373 1.35304 1.26143 1.26802 1.23685 1.21235 1.15643 1.18073 1.1989 1.15135 1.13826 1.09768 1.12725 1.09031 1.05896 1.06191 1.04754 1.02992 1.02475 1.01826 1.01439 1.00626 1.00009 0.998044 0.995093 1.001 0.998868 1.00351 0.99672 1.00127 1.01549 1.0013 1.02969 1.00718 1.03909 1.06034 1.07335 1.08811 1.07571 1.09317 1.10573 1.11037 1.13584 1.15217 1.16904 1.20593 1.11249 1.15891 1.28592 1.30639 1.27933 1.33036 1.23696 1.29984 1.42887 1.36604 1.32848 1.3373 1.48292 1.48939 1.46062 1.54726 1.58565 1.53232 1.57301 1.78422 1.61913 1.71849 1.59591 1.61983 1.7091 1.69811 1.6923 
2.14008 2.12685 2.00333 1.93511 1.87656 1.96273 1.89791 1.94491 1.81215 1.82544 1.79343 1.74901 1.74069 1.7213 1.67543 1.65041 1.64194 1.56353 1.60857 1.56963 1.49618 1.54249 1.49266 1.43905 1.48557 1.37002 1.3729 1.33413 1.27376 1.30482 1.28219 1.25258 1.2181 1.21803 1.20424 1.17069 1.16865 1.11214 1.10949 1.08038 1.09481 1.06646 1.04725 1.05008 1.03853 1.03088 1.0192 1.01316 1.00639 1.00201 0.998228 1.00034 0.995902 0.997727 0.99218 0.993952 1.00593 1.01599 1.04174 1.00493 1.02843 1.02098 1.03891 1.05553 1.10419 1.05251 1.0667 1.0917 1.16549 1.069 1.12532 1.13317 1.1588 1.17295 1.27383 1.20168 1.24577 1.25728 1.30099 1.26754 1.26014 1.4032 1.42206 1.36124 1.37858 1.59759 1.58766 1.55917 1.45127 1.6287 1.63095 1.55281 1.56534 1.51849 1.68028 1.60933 1.92099 1.68582 1.68215 1.78897 
2.12263 2.05665 1.96157 2.03188 2.00375 1.94033 1.90281 1.86172 1.81245 1.87807 1.76451 1.72771 1.7368 1.73351 1.68571 1.66168 1.5923 1.58155 1.55111 1.57243 1.55376 1.45913 1.45908 1.37173 1.38585 1.3682 1.37735 1.33437 1.32256 1.29157 1.25903 1.22092 1.23422 1.22851 1.17861 1.16552 1.15907 1.12045 1.13875 1.10676 1.09076 1.07861 1.06856 1.0494 1.04408 1.02104 1.01823 1.01025 1.00829 1.00216 0.998413 0.996936 0.995605 1.0038 1.00059 1.00043 1.01195 1.0182 1.01284 0.997681 1.02011 1.02208 1.05832 1.05968 1.04706 1.08482 1.08649 1.12466 1.14832 1.16134 1.14468 1.11762 1.15679 1.23718 1.19675 1.20299 1.27329 1.28683 1.29878 1.32633 1.31585 1.39977 1.36411 1.40257 1.47896 1.43931 1.47732 1.49498 1.41918 1.52637 1.49202 1.66721 1.54346 1.57202 1.59074 1.54317 1.65124 1.63263 1.78917 1.82823 
2.06548 2.07985 2.0801 1.95587 1.99981 1.94497 1.85842 1.8247 1.79393 1.80258 1.75584 1.78178 1.70381 1.75792 1.65456 1.60121 1.6227 1.57833 1.58203 1.54276 1.55073 1.46086 1.44091 1.45488 1.40454 1.39698 1.33972 1.30207 1.33051 1.29899 1.28081 1.25535 1.24907 1.20575 1.18924 1.16722 1.13389 1.13268 1.14189 1.11228 1.08763 1.05955 1.05533 1.04713 1.03607 1.03418 1.02069 1.00736 1.00733 1.00103 0.997459 0.995672 0.993195 0.991976 0.997011 0.98724 1.00312 0.988509 1.01179 1.0188 1.0264 1.00433 1.02117 1.02135 1.04061 1.05377 1.07588 1.10185 1.11343 1.10826 1.16596 1.16941 1.18598 1.18261 1.18173 1.21287 1.23024 1.2374 1.19618 1.3213 1.35575 1.37172 1.2975 1.36767 1.47569 1.42581 1.48569 1.4859 1.56917 1.36798 1.57537 1.53774 1.65177 1.58925 1.62061 1.74924 1.68356 1.57374 1.70382 1.7369 
2.0668 2.12215 2.02048 2.0017 1.88625 2.04814 1.92099 1.92684 1.79844 1.8094 1.81081 1.71104 1.68483 1.75823 1.62197 1.65779 1.64757 1.56944 1.58311 1.56834 1.52415 1.49772 1.45645 1.45374 1.37691 1.39995 1.36938 1.34745 1.33078 1.29467 1.27853 1.27297 1.21758 1.19399 1.20585 1.14178 1.14486 1.13333 1.11936 1.1009 1.0833 1.0915 1.06873 1.04934 1.02507 1.02408 1.02325 1.00937 1.00556 1.00216 0.99749 0.995561 0.994325 0.993569 0.999359 0.997019 0.990262 1.01599 1.01578 1.0172 1.0261 1.03872 1.05177 1.04593 1.07597 1.07313 1.09044 1.05709 1.10038 1.17032 1.20171 1.14076 1.10886 1.22185 1.16961 1.22916 1.26346 1.31825 1.35153 1.31602 1.33328 1.30178 1.49172 1.34409 1.4254 1.3655 1.5997 1.43333 1.45978 1.41055 1.45493 1.615 1.61941 1.51085 1.60845 1.64287 1.58083 1.72739 1.55358 1.70916 
2.05782 2.07578 2.02524 1.88874 2.00369 1.86991 1.90321 1.89772 1.88008 1.85212 1.80058 1.78958 1.69148 1.65161 1.69761 1.71646 1.61473 1.59593 1.54745 1.55135 1.5073 1.47084 1.4725 1.44036 1.41922 1.41646 1.37014 1.32342 1.29791 1.30165 1.29538 1.271 1.23024 1.21818 1.18209 1.15946 1.13636 1.12995 1.12552 1.08557 1.08835 1.07474 1.06671 1.05 1.03746 1.02918 1.0155 1.01474 1.00832 1.00157 0.998671 0.997168 0.993139 0.992531 0.993722 1.00187 1.00326 1.00377 0.992048 1.02249 1.01919 1.03582 1.02593 1.06505 1.05303 1.09655 1.05713 1.09125 1.10663 1.14846 1.18929 1.10992 1.17126 1.18075 1.24299 1.17588 1.27498 1.21326 1.22712 1.29685 1.26881 1.43459 1.33524 1.41981 1.35467 1.40207 1.42679 1.40449 1.57565 1.46186 1.47901 1.59409 1.5987 1.56577 1.67927 1.62625 1.64102 1.65336 1.69153 1.86223 
2.00944 2.10228 2.0611 1.94111 2.01231 1.94839 1.90673 1.89921 1.86247 1.946 1.80337 1.73727 1.7037 1.65844 1.71891 1.63899 1.58147 1.59891 1.61828 1.53256 1.45012 1.50664 1.46534 1.39831 1.46276 1.33519 1.38918 1.3445 1.32477 1.31331 1.26326 1.24352 1.22376 1.20233 1.22038 1.16902 1.15459 1.15414 1.11791 1.10161 1.08311 1.06379 1.06983 1.04664 1.03769 1.02929 1.02149 1.01346 1.00676 1.00056 0.998165 0.995691 0.989761 0.995055 0.999726 0.989356 1.00253 1.01528 1.00076 1.02397 1.0202 1.05375 1.06004 1.04163 1.06636 1.08156 1.05074 1.06414 1.09248 1.13895 1.15182 1.14579 1.16773 1.20171 1.23746 1.261 1.25925 1.3173 1.36965 1.27806 1.29643 1.23895 1.26684 1.45566 1.42885 1.47052 1.42036 1.53284 1.52213 1.47214 1.4943 1.4724 1.5156 1.63423 1.73252 1.86205 1.67698 1.65342 1.52634 1.67816 
2.05041 2.08171 2.14104 1.89558 1.9328 1.99565 1.84921 1.91721 1.87387 1.81738 1.78234 1.74688 1.72362 1.74602 1.6707 1.71314 1.6429 1.53294 1.57304 1.57528 1.53709 1.48597 1.45012 1.45602 1.39096 1.37505 1.33119 1.32757 1.29682 1.26621 1.28647 1.24996 1.227 1.22032 1.1891 1.19499 1.15583 1.13742 1.12647 1.09717 1.06912 1.06735 1.04695 1.05348 1.035 1.03851 1.02421 1.01202 1.0039 1.00216 0.998118 0.996178 0.996135 0.992867 0.99306 1.00543 1.00547 1.006 1.04076 1.01875 1.02528 1.06786 1.02638 1.04688 1.09058 1.05522 1.06888 1.12747 1.10458 1.14132 1.18173 1.15206 1.16649 1.1082 1.22285 1.1796 1.26093 1.26701 1.25981 1.27148 1.27915 1.32852 1.30532 1.41346 1.47462 1.42589 1.51688 1.32704 1.48452 1.48253 1.3743 1.5637 1.63133 1.71305 1.50201 1.70771 1.6772 1.77646 1.58693 1.66404 
2.11589 2.12441 2.07911 1.9659 1.96268 1.96875 1.91416 1.93853 1.87202 1.84508 1.85424 1.76334 1.73791 1.76852 1.71432 1.68933 1.66116 1.60634 1.55663 1.56483 1.48985 1.48516 1.43655 1.45211 1.37794 1.40141 1.39481 1.34472 1.33639 1.23954 1.27187 1.21876 1.24617 1.22864 1.19282 1.15491 1.16015 1.13606 1.11141 1.10873 1.08668 1.08307 1.05433 1.03933 1.03207 1.03326 1.02715 1.01419 1.00517 1.00245 0.999136 0.995184 0.995121 0.999004 0.995636 0.986872 0.992401 1.0046 1.00406 1.02494 1.03311 1.04018 1.02577 1.06429 1.05828 1.06943 1.11846 1.05444 1.06274 1.13627 1.1384 1.14587 1.19551 1.20247 1.15338 1.23232 1.23105 1.24107 1.32736 1.26536 1.2924 1.35585 1.33624 1.31342 1.36009 1.49905 1.55646 1.38051 1.4231 1.50611 1.57908 1.40455 1.56156 1.64228 1.54038 1.6313 1.78105 1.66947 1.71687 1.81674 
2.09703 2.15322 2.06711 1.94395 1.95728 1.98398 1.95027 1.85928 1.80378 1.81475 1.84189 1.76224 1.74771 1.74839 1.70602 1.63419 1.61518 1.59707 1.53828 1.53659 1.51192 1.45013 1.47755 1.43859 1.40126 1.39542 1.34064 1.31843 1.34139 1.29443 1.2632 1.25312 1.20573 1.20078 1.1702 1.15156 1.16323 1.12721 1.1116 1.11241 1.09985 1.04757 1.04344 1.04566 1.02638 1.02805 1.02435 1.01999 1.00522 1.00122 0.99733 0.996828 0.992624 0.996175 0.991106 0.995458 0.994349 0.991729 1.01246 1.0046 1.00759 1.04939 1.06779 1.0519 1.03801 1.09078 1.06206 1.1193 1.10896 1.14179 1.13036 1.19408 1.18963 1.13074 1.22265 1.20561 1.1552 1.27158 1.22315 1.28001 1.29633 1.29345 1.35349 1.31522 1.44331 1.49274 1.42311 1.41707 1.47827 1.42646 1.4753 1.61202 1.58342 1.63131 1.43867 1.4774 1.6983 1.65433 1.69669 1.6629 
2.10643 2.02224 2.0074 1.96775 2.02497 1.98543 1.92061 1.89095 1.83282 1.81547 1.84448 1.7643 1.68006 1.78261 1.64391 1.70505 1.55383 1.58367 1.55945 1.51355 1.53489 1.50753 1.44769 1.46774 1.34621 1.33851 1.3473 1.31913 1.29882 1.30613 1.28552 1.24868 1.21974 1.23542 1.21467 1.15055 1.13529 1.12758 1.12852 1.08515 1.09148 1.07391 1.0467 1.04779 1.04622 1.02522 1.02241 1.01249 1.00565 1.00166 0.998505 0.99849 0.999519 0.99171 0.997844 0.981972 0.996903 1.0164 1.01312 0.991018 1.01796 1.02151 1.03525 1.06912 1.03421 1.08489 1.07583 1.10615 1.12584 1.19591 1.11775 1.16323 1.19447 1.16273 1.1982 1.25279 1.20507 1.25225 1.27673 1.36694 1.32087 1.34975 1.35863 1.41803 1.44783 1.29418 1.45712 1.39781 1.47599 1.44542 1.56106 1.54746 1.56038 1.58113 1.61123 1.49339 1.63535 1.65876 1.71597 1.7231 
2.09795 2.08043 2.11508 2.02533 1.93935 1.9377 1.96548 1.85633 1.88882 1.85911 1.74255 1.72369 1.72111 1.68343 1.67776 1.69865 1.65411 1.62276 1.56866 1.52502 1.49475 1.46627 1.49406 1.43678 1.38822 1.41774 1.35202 1.35845 1.30612 1.3048 1.28075 1.2428 1.21368 1.21416 1.18776 1.16902 1.16231 1.13622 1.14248 1.0924 1.09632 1.06774 1.07538 1.05161 1.05168 1.02676 1.01907 1.01066 1.00935 1.00179 0.997995 0.994035 0.996165 0.999809 0.995096 0.998456 0.999235 1.00821 1.02156 1.0088 1.00667 1.02713 1.03619 1.07048 1.08264 1.07311 1.06043 1.08369 1.11709 1.09237 1.18519 1.16587 1.15137 1.27346 1.13897 1.1359 1.16624 1.27555 1.23761 1.29026 1.27027 1.2749 1.40964 1.3948 1.31128 1.5615 1.4157 1.34055 1.38779 1.3592 1.47577 1.57208 1.6397 1.55026 1.70077 1.56795 1.58929 1.68585 1.80748 1.6406 
2.14682 2.06199 1.98731 1.96753 1.93875 1.99636 1.94326 1.87013 1.86211 1.84921 1.82365 1.74409 1.7747 1.75331 1.69898 1.62382 1.63593 1.55971 1.59173 1.57984 1.51544 1.50476 1.44824 1.49025 1.41989 1.36494 1.34186 1.33907 1.2972 1.29907 1.27181 1.24933 1.19025 1.23221 1.18856 1.19652 1.1498 1.13411 1.12575 1.10195 1.06394 1.07503 1.05867 1.0527 1.03861 1.02738 1.02442 1.01478 1.00613 1.0027 0.998339 0.993383 0.990756 0.993434 0.99688 1.0019 0.998402 1.01081 1.03549 1.02774 1.00769 1.01194 1.01234 1.06107 1.06994 1.07191 1.0716 1.11126 1.15365 1.14166 1.16373 1.15095 1.13947 1.21135 1.16221 1.20007 1.17683 1.2454 1.29406 1.27015 1.32879 1.24628 1.35796 1.40983 1.39501 1.51585 1.44703 1.43728 1.49789 1.39421 1.50221 1.49911 1.61273 1.60766 1.55528 1.60813 1.65124 1.65278 1.61225 1.59889 
2.0838 2.01981 2.03825 2.02518 2.04482 1.97826 1.88463 1.83456 1.86068 1.81621 1.76106 1.71775 1.75766 1.7034 1.74057 1.60328 1.62922 1.60449 1.62649 1.55346 1.54421 1.52987 1.54338 1.47474 1.44065 1.38242 1.3563 1.35278 1.31395 1.26117 1.23918 1.22828 1.24372 1.21277 1.20545 1.19688 1.15906 1.12529 1.10353 1.10382 1.07856 1.06399 1.05799 1.05168 1.02908 1.03388 1.02415 1.01452 1.0054 1.0027 0.997487 0.997464 0.993971 0.993306 0.989168 0.992568 0.987661 0.997721 0.9971 1.03618 1.00809 1.0369 1.02836 1.06149 1.05731 1.0259 1.02853 1.11478 1.10633 1.09389 1.11986 1.12116 1.18248 1.18021 1.15706 1.26552 1.25338 1.32768 1.18456 1.35362 1.26396 1.32906 1.33947 1.40497 1.42902 1.50443 1.3707 1.49286 1.56527 1.4296 1.54154 1.49391 1.46466 1.61847 1.51235 1.65358 1.60891 1.54922 1.71832 1.64023 
2.10712 2.07908 2.04617 1.92837 1.95776 1.91557 1.885 1.87728 1.84765 1.81472 1.78509 1.78537 1.71412 1.7433 1.65186 1.66494 1.67894 1.61785 1.60088 1.53673 1.52415 1.50388 1.45671 1.43776 1.45479 1.40926 1.35341 1.33177 1.32607 1.29755 1.27532 1.24243 1.22903 1.1995 1.20619 1.1575 1.14208 1.13489 1.13823 1.10204 1.08081 1.08942 1.06903 1.05152 1.04207 1.02599 1.02142 1.01373 1.00393 1.0027 0.997737 0.993941 0.992614 0.993156 0.998672 0.990953 0.999376 1.00076 1.00673 0.999382 1.05712 1.04686 1.03491 1.06222 1.03092 1.07697 1.08773 1.12881 1.11287 1.16655 1.16051 1.15849 1.16504 1.1697 1.25986 1.20966 1.33752 1.26446 1.24015 1.25357 1.27851 1.33835 1.38599 1.33478 1.2693 1.37708 1.39731 1.41054 1.33726 1.37178 1.49893 1.54368 1.53789 1.54479 1.54412 1.82943 1.55187 1.63892 1.76995 1.69347 
2.07747 2.02466 2.06507 2.01702 1.94862 1.98621 1.95327 1.87439 1.87113 1.84215 1.79931 1.79124 1.79288 1.67 1.69929 1.70352 1.60351 1.60732 1.57095 1.56247 1.54201 1.46714 1.50714 1.4627 1.45262 1.38464 1.39316 1.34592 1.30795 1.25074 1.27081 1.27015 1.26206 1.2098 1.18031 1.18211 1.17064 1.13856 1.12154 1.10906 1.09007 1.0734 1.07345 1.05079 1.03415 1.0265 1.01744 1.01587 1.00642 1.00244 0.999576 0.998852 0.990538 0.996906 0.996265 0.99926 0.989016 1.00235 0.983388 0.995767 1.02621 1.02335 1.04894 1.02766 1.04762 1.06931 1.07587 1.06624 1.07965 1.07535 1.12579 1.12812 1.19268 1.13883 1.21422 1.21166 1.19766 1.23159 1.23256 1.35319 1.25611 1.32234 1.26775 1.40554 1.41892 1.34597 1.41109 1.45325 1.47872 1.4512 1.45032 1.42819 1.66106 1.65975 1.54314 1.64391 1.59366 1.67008 1.76056 1.67401 
2.10836 2.00106 2.03931 2.00755 1.9165 1.99624 1.94796 1.94013 1.93974 1.82322 1.72861 1.77395 1.72993 1.70909 1.64212 1.61719 1.62172 1.61448 1.6195 1.51566 1.49957 1.47437 1.49153 1.47778 1.40487 1.39337 1.35191 1.32685 1.32827 1.29614 1.26772 1.2373 1.23853 1.22041 1.18718 1.17614 1.13544 1.12755 1.1023 1.10762 1.09126 1.06754 1.05915 1.03844 1.03814 1.02995 1.01623 1.01382 1.00636 1.00298 0.9978 0.993416 0.989862 0.994883 0.9987 0.993365 0.990271 0.987792 0.994912 0.990003 1.02172 1.00342 1.05375 1.07293 1.02615 1.07516 1.0842 1.12371 1.11635 1.11712 1.13698 1.18377 1.16639 1.12108 1.17866 1.1809 1.23674 1.26429 1.22062 1.31933 1.316 1.35764 1.37779 1.35702 1.32753 1.41729 1.51138 1.46612 1.48845 1.45827 1.35303 1.45845 1.56411 1.69724 1.66072 1.45702 1.50881 1.67763 1.62493 1.64683 
2.09049 2.04237 2.0711 2.10931 2.01235 1.91009 1.98861 1.8579 1.83609 1.88729 1.81371 1.7972 1.752 1.78881 1.69195 1.70646 1.67656 1.57815 1.58415 1.58705 1.52226 1.52722 1.50584 1.44703 1.41176 1.38465 1.31922 1.34317 1.32917 1.2883 1.26268 1.26467 1.18895 1.23557 1.18891 1.1928 1.13961 1.1435 1.12936 1.10137 1.09034 1.08975 1.04975 1.05051 1.03999 1.01874 1.02459 1.01159 1.00847 1.00295 0.998675 0.994728 0.998208 0.994895 0.991948 0.988005 1.00044 1.0052 1.00091 0.991367 1.01003 1.0121 1.04879 1.03741 1.07563 1.08411 1.04026 1.09153 1.05928 1.10195 1.11353 1.15509 1.18169 1.13721 1.22821 1.18789 1.19102 1.25933 1.33823 1.36565 1.3148 1.34403 1.28612 1.32875 1.329 1.35398 1.47097 1.353 1.39683 1.48126 1.50263 1.55567 1.62903 1.66186 1.65137 1.6685 1.56052 1.72335 1.73661 1.65796 
2.1777 2.01001 2.06612 2.0622 1.97925 1.99174 1.94053 1.86621 1.93219 1.84048 1.7815 1.72385 1.76397 1.66651 1.67112 1.65309 1.65266 1.60759 1.60278 1.55188 1.51282 1.53533 1.47993 1.46561 1.41991 1.39828 1.37805 1.34919 1.30101 1.29773 1.28389 1.28741 1.22728 1.16482 1.193 1.1867 1.15907 1.15688 1.13198 1.09882 1.09564 1.07901 1.06366 1.05308 1.02676 1.02605 1.01939 1.013 1.00721 1.00301 0.998783 0.998311 0.992487 0.991864 0.999485 0.996383 1.00621 0.999691 1.00288 1.00521 1.00332 1.03111 1.04835 1.05076 1.03674 1.09393 1.05621 1.08123 1.10251 1.16573 1.09126 1.18671 1.13156 1.17888 1.2208 1.26595 1.212 1.20445 1.24206 1.23806 1.27241 1.3599 1.33102 1.41865 1.36626 1.37973 1.41938 1.37631 1.52717 1.39132 1.48689 1.57172 1.61924 1.51472 1.6187 1.59601 1.62807 1.69091 1.75865 1.74765 
2.0192 2.07942 2.04233 1.94439 1.96213 1.89327 1.87601 1.83465 1.86282 1.84603 1.79425 1.7119 1.76446 1.73858 1.69384 1.69875 1.59086 1.62181 1.56893 1.51167 1.52146 1.4385 1.45774 1.43793 1.40316 1.3546 1.37946 1.37222 1.2996 1.27776 1.27358 1.26301 1.22463 1.23015 1.16491 1.1496 1.16618 1.14987 1.11448 1.12148 1.08096 1.07766 1.05461 1.03818 1.02769 1.03398 1.01952 1.01377 1.00755 1.00245 0.998162 0.995399 0.992097 0.998278 0.992013 0.993791 0.98014 0.983836 1.00935 1.03176 1.02773 1.0123 1.02005 1.06402 1.05836 1.05377 1.04604 1.08739 1.06878 1.11079 1.10474 1.16057 1.16019 1.23017 1.18769 1.1645 1.1397 1.23056 1.18443 1.27082 1.28075 1.37652 1.26466 1.30705 1.2572 1.36376 1.40738 1.44488 1.45406 1.47189 1.64485 1.53161 1.58877 1.5058 1.56554 1.49284 1.56891 1.56846 1.53434 1.70255 
2.14127 2.02302 2.00535 1.91109 1.98242 1.96217 1.92935 1.94009 1.8251 1.7788 1.78647 1.74104 1.76635 1.71627 1.70725 1.63899 1.6171 1.58291 1.58106 1.55254 1.5664 1.494 1.44995 1.40667 1.43852 1.37346 1.373 1.32862 1.31404 1.31756 1.27713 1.22818 1.23932 1.21143 1.19038 1.18187 1.17126 1.13312 1.11834 1.11817 1.07521 1.07189 1.06551 1.05351 1.02961 1.03341 1.02776 1.01204 1.00557 1.00217 0.997371 0.996493 0.999284 0.988456 0.986803 0.996117 0.989318 1.01502 0.998827 1.02777 1.02203 0.999089 1.04094 1.05005 1.02131 1.07117 1.09599 1.06669 1.09527 1.12033 1.17323 1.15698 1.16166 1.296 1.24568 1.13872 1.1836 1.23745 1.25495 1.32915 1.25134 1.33302 1.40161 1.36069 1.29173 1.36485 1.49291 1.54449 1.5011 1.44902 1.4327 1.55964 1.5925 1.61863 1.50307 1.56146 1.77386 1.76074 1.65261 1.71082 
2.08896 2.09023 2.05627 1.98832 1.94228 1.99524 1.98003 1.959 1.88632 1.91517 1.77885 1.80496 1.74907 1.67694 1.68452 1.68052 1.6091 1.63221 1.6207 1.58299 1.54222 1.51467 1.42433 1.43631 1.4034 1.36801 1.35102 1.31955 1.3459 1.33128 1.27438 1.26401 1.25911 1.22794 1.17941 1.1608 1.14579 1.13825 1.10518 1.10775 1.08763 1.06949 1.0492 1.04798 1.02884 1.02548 1.02573 1.01431 1.00841 1.00342 0.997613 0.994945 0.996127 0.999925 0.992526 0.993775 0.990377 0.99447 1.00986 0.99982 1.00026 1.01899 1.0068 1.03362 1.04061 1.04674 1.09181 1.10237 1.10805 1.08135 1.07672 1.1143 1.16878 1.17913 1.17638 1.19181 1.2426 1.18976 1.24009 1.39516 1.28442 1.39634 1.38776 1.3025 1.38345 1.42971 1.46264 1.40082 1.46444 1.50719 1.38542 1.52672 1.55275 1.6377 1.54781 1.60832 1.71282 1.67733 1.65643 1.70593 
2.15519 2.09137 2.01338 2.0821 1.9776 1.95949 1.87369 1.86126 1.82533 1.88802 1.86118 1.71394 1.72164 1.69059 1.70765 1.6342 1.65827 1.61305 1.60534 1.52227 1.57441 1.50131 1.45304 1.45579 1.41686 1.38726 1.3838 1.3879 1.3417 1.28947 1.23098 1.20874 1.23247 1.19804 1.21825 1.17106 1.15922 1.13385 1.11689 1.09642 1.09515 1.07172 1.05701 1.04975 1.04429 1.03253 1.01826 1.00838 1.00805 1.0021 0.998531 0.995209 0.990687 0.987185 0.989189 1.00004 0.996806 1.00228 1.01011 0.997366 1.02782 1.00596 1.01864 1.03735 1.04559 1.08813 1.07231 1.10148 1.11461 1.09783 1.09771 1.16482 1.1244 1.1141 1.24239 1.18422 1.2129 1.16275 1.21093 1.27825 1.39741 1.28815 1.33729 1.31758 1.41273 1.41283 1.4773 1.46192 1.48772 1.39929 1.56011 1.58646 1.60437 1.67951 1.69988 1.51998 1.63677 1.4611 1.73431 1.66644 
2.07619 2.01566 2.06802 2.08664 1.89998 1.9365 1.89362 1.83993 1.84899 1.80433 1.85192 1.77499 1.75398 1.70357 1.65377 1.65733 1.64887 1.58049 1.55918 1.54693 1.53607 1.48054 1.51835 1.40964 1.42482 1.38884 1.35434 1.36613 1.31373 1.27204 1.22852 1.26683 1.24444 1.21534 1.19176 1.16249 1.15536 1.13333 1.12197 1.09803 1.09316 1.07486 1.07011 1.04708 1.03468 1.02646 1.02631 1.01444 1.00794 1.0032 0.997892 0.996041 0.990411 0.992791 0.993023 0.990333 0.997327 0.985015 1.00257 1.00533 1.01328 1.01411 1.04598 1.02486 1.05851 1.07633 1.06398 1.06509 1.10965 1.08209 1.15305 1.15859 1.15908 1.19687 1.20271 1.1467 1.17012 1.27829 1.17235 1.26861 1.25642 1.35502 1.28741 1.33718 1.33225 1.42795 1.29711 1.5382 1.44641 1.45259 1.42942 1.46891 1.61603 1.54319 1.61772 1.56333 1.6618 1.616 1.79525 1.63003 
2.10419 2.17962 2.01024 2.02679 2.06058 1.93591 1.92084 1.93958 1.88493 1.85746 1.75611 1.84088 1.74849 1.78834 1.72268 1.66248 1.62555 1.57269 1.62684 1.53854 1.54101 1.53622 1.48195 1.48016 1.39983 1.41024 1.39761 1.33794 1.34151 1.31055 1.29077 1.29167 1.24576 1.20035 1.20015 1.20788 1.16339 1.14747 1.1313 1.10454 1.09413 1.08019 1.06249 1.04493 1.04122 1.03542 1.02157 1.01559 1.00816 1.00157 0.998027 0.993191 0.99227 1.00014 0.995687 0.986889 0.980043 0.992425 1.01333 1.00526 1.00789 1.00759 1.02265 1.02709 1.07528 1.08162 1.09677 1.04237 1.07381 1.09994 1.20259 1.19674 1.14194 1.15144 1.16159 1.19849 1.21602 1.24442 1.25189 1.21533 1.27465 1.4151 1.37038 1.35588 1.36246 1.35838 1.37063 1.42969 1.4559 1.55582 1.5411 1.64133 1.52302 1.56455 1.46205 1.56834 1.67811 1.55523 1.71733 1.58394 
2.11339 2.04465 2.0423 1.94735 1.92572 1.96696 1.86408 1.87497 1.83552 1.88702 1.78316 1.80418 1.71412 1.64987 1.69358 1.70244 1.64095 1.58627 1.53735 1.59392 1.50569 1.49491 1.50702 1.43314 1.37377 1.41991 1.37172 1.35995 1.33207 1.3041 1.28247 1.29595 1.23665 1.18641 1.17512 1.15732 1.15907 1.12934 1.13249 1.13054 1.06774 1.08379 1.06383 1.03868 1.03768 1.0298 1.01939 1.01544 1.00699 1.00238 0.998495 0.993312 0.989396 0.989072 0.999605 0.995796 0.995059 1.01457 0.995442 1.00392 1.02303 1.03239 1.06877 1.06451 1.06307 1.0292 1.08282 1.05047 1.10152 1.13159 1.14186 1.14784 1.16949 1.16729 1.12765 1.22852 1.20522 1.27312 1.3553 1.25861 1.35805 1.31018 1.31847 1.36309 1.36554 1.37181 1.42402 1.34489 1.47363 1.47814 1.44661 1.59411 1.5795 1.53678 1.67468 1.58073 1.73153 1.69252 1.62167 1.58246 
2.04189 2.09335 2.01136 1.98418 1.93978 1.94131 1.85803 1.82533 1.92564 1.83851 1.88328 1.81165 1.7226 1.73365 1.67175 1.67791 1.64802 1.53661 1.5386 1.55258 1.53529 1.52542 1.43528 1.45852 1.4467 1.3566 1.3488 1.38796 1.30842 1.32635 1.27809 1.23721 1.21221 1.22033 1.1713 1.17614 1.15614 1.11326 1.13542 1.10302 1.08985 1.08083 1.0556 1.05554 1.04099 1.02528 1.02298 1.01249 1.00819 1.00147 0.998605 0.99272 0.995103 0.983256 0.991129 0.983021 1.01014 1.00158 1.00359 1.00949 1.00861 1.0436 1.04193 1.05556 1.07015 1.07837 1.09739 1.08801 1.1035 1.07503 1.15247 1.11116 1.11205 1.17374 1.22266 1.25221 1.20617 1.28168 1.31648 1.37461 1.31899 1.28994 1.3626 1.31522 1.35539 1.45817 1.43961 1.42077 1.4395 1.48392 1.49153 1.38433 1.47368 1.56306 1.57115 1.57284 1.68845 1.51837 1.74882 1.61138 
2.12936 1.9846 2.0214 2.0339 1.98005 1.94799 1.92197 1.88119 1.8915 1.83921 1.70143 1.75649 1.72182 1.80404 1.67411 1.64387 1.7009 1.58486 1.57738 1.58299 1.50862 1.49043 1.48493 1.4829 1.41653 1.45975 1.3678 1.34517 1.29912 1.31972 1.27236 1.27417 1.23274 1.21774 1.18084 1.15279 1.14888 1.11661 1.0994 1.10105 1.08316 1.06611 1.0552 1.04639 1.04153 1.04216 1.02122 1.01608 1.00576 1.0021 0.998984 0.993716 0.995673 0.987684 0.990732 0.990068 1.00167 1.00856 0.999896 1.01166 1.01776 1.01845 1.03364 1.06316 1.03632 1.05165 1.06049 1.08246 1.10426 1.12127 1.14044 1.159 1.09315 1.16814 1.23026 1.26988 1.2308 1.24015 1.27514 1.29618 1.38293 1.25472 1.39365 1.34141 1.39483 1.45651 1.42396 1.39177 1.51105 1.53251 1.51101 1.53342 1.50791 1.68912 1.55995 1.58249 1.49899 1.64617 1.67139 1.74576 
2.04785 2.0503 2.04815 2.01521 1.98993 1.9491 1.91007 1.86698 1.83747 1.80306 1.81644 1.75761 1.71418 1.65404 1.63128 1.69207 1.66576 1.51027 1.58203 1.54432 1.52645 1.49218 1.48034 1.44036 1.37337 1.4077 1.39297 1.3463 1.31846 1.28471 1.27957 1.26402 1.28701 1.22804 1.20888 1.18039 1.15829 1.1439 1.11962 1.11595 1.08576 1.07581 1.07291 1.04939 1.04515 1.02177 1.02147 1.01779 1.00645 1.00304 0.998413 0.994856 0.992084 0.999408 0.997711 0.9887 0.998521 1.00545 0.993507 1.00504 1.0201 1.03781 1.04767 1.04877 1.04649 1.0881 1.09957 1.12396 1.12308 1.04366 1.18143 1.20152 1.11025 1.1168 1.16653 1.26822 1.20039 1.22635 1.26067 1.26688 1.28682 1.30138 1.30362 1.35226 1.4482 1.31047 1.38631 1.38576 1.51313 1.49016 1.47347 1.49803 1.47283 1.5712 1.69898 1.6101 1.58457 1.7655 1.78593 1.64475 
2.08914 2.05571 2.09391 2.03124 2.02881 1.93306 1.9331 1.88265 1.90084 1.84534 1.7648 1.76424 1.76504 1.70121 1.64433 1.64969 1.61289 1.58754 1.60064 1.48559 1.50008 1.52369 1.48251 1.44144 1.4257 1.40274 1.33558 1.37456 1.29409 1.32106 1.29105 1.30284 1.24109 1.20506 1.1542 1.15184 1.15212 1.1335 1.12002 1.10662 1.09325 1.07146 1.05106 1.04719 1.04353 1.02094 1.02503 1.01137 1.00743 1.00235 0.998086 0.994692 0.992203 0.98882 0.993023 0.985062 0.990951 0.998822 1.01093 1.01382 1.03555 1.03167 1.04522 1.04721 1.05148 1.08818 1.04463 1.06694 1.02943 1.10054 1.13224 1.12398 1.13514 1.19874 1.27427 1.18555 1.24933 1.20992 1.30237 1.27893 1.29884 1.34539 1.34325 1.38721 1.46847 1.41992 1.34122 1.35809 1.40766 1.52324 1.51191 1.48492 1.55555 1.50952 1.46576 1.45877 1.67237 1.46042 1.701 1.62832 
2.04145 2.10027 2.04405 1.98709 1.96127 2.00039 1.99374 1.90842 1.89981 1.89456 1.78678 1.80012 1.71127 1.75237 1.61829 1.6645 1.66249 1.56888 1.59357 1.54837 1.49244 1.46449 1.47064 1.48116 1.42138 1.41966 1.39824 1.34141 1.28999 1.32139 1.2999 1.22828 1.25339 1.2351 1.15916 1.16939 1.18224 1.13843 1.12201 1.13021 1.08292 1.08133 1.05603 1.04994 1.03322 1.03073 1.02162 1.01356 1.00936 1.00207 0.998252 0.995537 0.996097 0.992867 0.991442 0.996025 1.00993 1.00527 1.01883 1.01348 0.996507 1.03419 1.02321 1.03675 1.05506 1.07504 1.05351 1.14167 1.1206 1.07459 1.12745 1.16617 1.16618 1.1746 1.1554 1.17744 1.21183 1.2375 1.25363 1.28261 1.2681 1.33136 1.3572 1.33774 1.37532 1.36722 1.45072 1.47333 1.37857 1.4718 1.55778 1.43656 1.36354 1.55534 1.54227 1.5995 1.51727 1.58672 1.66479 1.57546 
2.0663 2.03641 1.99853 2.01239 1.99757 1.95146 1.91437 1.84474 1.88936 1.71398 1.83908 1.75072 1.7513 1.73625 1.69873 1.64665 1.66907 1.62757 1.541 1.53177 1.4807 1.47342 1.5017 1.41065 1.41073 1.39323 1.36314 1.3658 1.31164 1.31364 1.30083 1.24857 1.2281 1.21287 1.19321 1.17903 1.16107 1.1565 1.11486 1.08391 1.09053 1.09293 1.06289 1.04828 1.04446 1.03393 1.02014 1.01623 1.00779 1.00188 0.998388 0.997189 0.991598 0.997802 0.991203 0.994805 0.992835 0.993279 0.992714 1.01311 1.02792 1.04577 1.07149 0.997898 1.09444 1.08028 1.07538 1.05178 1.10881 1.1136 1.12112 1.14886 1.16167 1.16276 1.15685 1.26441 1.21775 1.30089 1.29667 1.26538 1.31384 1.27318 1.30518 1.38391 1.42739 1.36192 1.41748 1.40661 1.43579 1.46902 1.58927 1.55696 1.60643 1.48228 1.67938 1.50494 1.73099 1.67957 1.63534 1.50202 
2.07385 2.09883 2.08607 2.03002 1.94015 2.00825 1.91806 1.82481 1.78812 1.79677 1.84848 1.73527 1.76871 1.71877 1.68328 1.66141 1.63394 1.59949 1.6017 1.60232 1.51875 1.50744 1.48599 1.463 1.38867 1.42408 1.4075 1.3626 1.31717 1.32474 1.28296 1.20218 1.24527 1.23761 1.1848 1.16385 1.15335 1.12062 1.11691 1.11855 1.08462 1.08839 1.05022 1.04643 1.03591 1.03264 1.01566 1.01079 1.01014 1.00147 0.997686 0.994319 0.989835 0.993858 0.994865 0.996895 1.00758 1.01816 1.0212 1.03183 1.03697 1.03817 1.04122 1.03072 1.02691 1.04736 1.08914 1.12299 1.07572 1.11867 1.09326 1.14669 1.17505 1.14046 1.23314 1.19373 1.17367 1.23082 1.24208 1.21775 1.29444 1.34496 1.33953 1.46351 1.27489 1.44121 1.45888 1.43465 1.47784 1.4364 1.51097 1.52116 1.44439 1.56829 1.62149 1.60558 1.55343 1.60149 1.60382 1.66836 
2.08399 2.08046 2.09593 2.03983 1.94247 1.98476 1.93523 1.80253 1.78178 1.85378 1.76246 1.76899 1.80879 1.7812 1.66394 1.67078 1.68121 1.56789 1.56745 1.58351 1.53599 1.51467 1.5117 1.45124 1.46919 1.43853 1.32911 1.38593 1.32045 1.30929 1.29716 1.25778 1.23737 1.19962 1.19286 1.13897 1.16787 1.12662 1.13342 1.09312 1.08213 1.08211 1.07629 1.05259 1.03507 1.02501 1.01951 1.01291 1.00875 1.0015 0.997364 0.994107 0.994393 0.991827 0.988212 0.993706 0.988446 0.99599 1.00588 1.03035 1.01593 1.02712 1.02404 1.06232 1.063 1.0596 1.09961 1.04643 1.10907 1.1021 1.08394 1.18372 1.12035 1.18587 1.17638 1.18806 1.21783 1.2758 1.23136 1.3016 1.35488 1.39066 1.28396 1.28501 1.44512 1.41895 1.38901 1.30723 1.49605 1.53446 1.44008 1.46012 1.52412 1.57779 1.6365 1.57837 1.55112 1.77084 1.60051 1.68798 
2.12585 2.06223 2.04523 1.99978 2.05369 1.98565 1.94681 1.83014 1.87113 1.87228 1.76385 1.7305 1.74854 1.7327 1.73353 1.69947 1.63446 1.63574 1.60524 1.56671 1.54111 1.5075 1.48244 1.46751 1.4054 1.41732 1.36805 1.33631 1.36193 1.30544 1.28569 1.30454 1.22319 1.23561 1.19666 1.17864 1.14824 1.14192 1.11965 1.1069 1.08716 1.07204 1.06151 1.04323 1.03091 1.0299 1.02072 1.01376 1.0083 1.00279 0.998948 0.994554 0.994875 0.985863 0.994636 0.99576 0.994675 0.997051 0.998034 1.02249 1.04196 1.02098 1.06263 1.0541 1.0272 1.03906 1.03483 1.04527 1.05711 1.11239 1.10954 1.10073 1.10867 1.11733 1.26357 1.20561 1.22855 1.32445 1.17551 1.21621 1.28555 1.30095 1.36733 1.37186 1.29679 1.35738 1.33928 1.40764 1.41573 1.54658 1.55175 1.50342 1.50557 1.5305 1.65888 1.55931 1.69569 1.69031 1.54609 1.72082 
2.06872 2.03941 2.05808 1.94037 2.00314 1.88708 1.98867 1.9103 1.83794 1.7921 1.82391 1.78549 1.72845 1.76348 1.70162 1.63795 1.6279 1.58334 1.53325 1.49081 1.57 1.45274 1.47681 1.44533 1.43612 1.39058 1.35663 1.31849 1.31164 1.29512 1.26269 1.24847 1.25814 1.19332 1.20419 1.1824 1.15521 1.14305 1.10488 1.1038 1.09842 1.07333 1.05955 1.05146 1.04753 1.02445 1.02392 1.02087 1.00641 1.00279 0.998146 0.996488 0.99394 0.986325 0.995033 0.998016 0.991129 0.992452 1.01628 1.02053 1.00414 1.00017 1.03049 1.03143 1.02931 1.08804 1.06206 1.09487 1.0918 1.15437 1.10886 1.07639 1.17921 1.18934 1.16796 1.20707 1.24759 1.23831 1.24261 1.20377 1.28137 1.29442 1.33588 1.35494 1.51495 1.30748 1.36876 1.45944 1.51263 1.36579 1.53183 1.52486 1.52769 1.51675 1.58336 1.55094 1.70882 1.66532 1.63429 1.56809 
2.06656 2.08166 1.99035 2.00775 1.90622 2.02475 1.90892 1.85442 1.85528 1.79317 1.80695 1.75459 1.77024 1.76346 1.68962 1.70237 1.66958 1.60705 1.58588 1.51514 1.50428 1.51551 1.44889 1.45359 1.41263 1.36312 1.40239 1.36983 1.30864 1.25521 1.31716 1.23647 1.21062 1.24198 1.22606 1.20181 1.15058 1.14763 1.13291 1.10783 1.08889 1.08417 1.07225 1.05313 1.03876 1.02641 1.02395 1.01109 1.01109 1.00292 0.998849 0.997373 0.988974 0.987609 1.00235 0.993293 0.997306 0.993827 0.990672 1.01126 1.0325 1.05355 1.02776 1.02894 1.03759 1.04392 1.06887 1.10016 1.07577 1.08225 1.12356 1.11467 1.16912 1.17861 1.22428 1.2768 1.24514 1.19934 1.18826 1.23215 1.28235 1.29384 1.35402 1.3613 1.39611 1.41621 1.40558 1.37948 1.44733 1.47689 1.4818 1.57394 1.63575 1.60111 1.57675 1.62156 1.58647 1.71167 1.58836 1.79391 
2.09265 2.09928 2.08903 2.01674 1.99248 1.89258 1.97847 1.88121 1.8914 1.79332 1.79711 1.80324 1.78782 1.73717 1.66877 1.64629 1.60536 1.60827 1.62933 1.54387 1.5426 1.50387 1.48034 1.43036 1.43681 1.37112 1.39037 1.33726 1.32638 1.2885 1.29342 1.24659 1.25244 1.22245 1.17948 1.17028 1.15582 1.13366 1.12502 1.11294 1.0896 1.06365 1.06681 1.04871 1.03622 1.0279 1.02856 1.00955 1.00725 1.00248 0.997796 0.993037 0.995564 0.988905 1.00464 1.00384 0.98799 1.01275 1.00935 1.02658 0.980536 1.03599 1.03892 1.02788 1.07675 1.10111 1.08905 1.11294 1.08667 1.09376 1.11142 1.12982 1.13756 1.11735 1.15543 1.25132 1.1952 1.23656 1.27759 1.28852 1.26029 1.34532 1.30606 1.34231 1.33623 1.35291 1.39096 1.49626 1.38063 1.43527 1.55037 1.51243 1.59739 1.57683 1.54031 1.64475 1.67019 1.77425 1.78816 1.66592 
2.1221 2.07478 2.13676 2.01165 1.96621 1.89683 1.984 1.86567 1.90062 1.77589 1.78994 1.75359 1.76671 1.74125 1.69682 1.709 1.63394 1.63848 1.57978 1.55878 1.48242 1.51198 1.45399 1.44458 1.41508 1.43437 1.39177 1.34945 1.26154 1.29568 1.30655 1.26066 1.23651 1.24515 1.15915 1.17411 1.13543 1.15366 1.11637 1.11714 1.09657 1.08142 1.05331 1.05483 1.02831 1.02677 1.02222 1.01366 1.00753 1.00216 0.99859 0.996346 0.992871 0.986341 0.984911 1.00974 0.989752 0.995574 1.01669 1.0116 1.00525 1.0179 1.0716 1.0289 1.03 1.05837 1.07911 1.11364 1.06543 1.13563 1.11707 1.16896 1.2295 1.13349 1.19591 1.21287 1.28019 1.19083 1.24507 1.21992 1.35805 1.25824 1.36683 1.28441 1.37619 1.40025 1.43323 1.43845 1.42128 1.38103 1.4489 1.61058 1.53857 1.65278 1.50401 1.55366 1.63903 1.55993 1.70513 1.64401 
2.15799 2.099 2.05622 1.99316 2.02093 1.95782 1.86391 1.88751 1.89698 1.84364 1.79922 1.79206 1.76233 1.71861 1.65889 1.64723 1.58719 1.57893 1.59523 1.59449 1.48815 1.49135 1.39738 1.4119 1.39353 1.40523 1.33577 1.34002 1.31594 1.27987 1.27543 1.24439 1.21856 1.24311 1.18328 1.18817 1.14285 1.14247 1.11596 1.12044 1.09722 1.07065 1.05432 1.05758 1.04238 1.02811 1.02177 1.0159 1.00791 1.0027 0.998546 0.997993 0.997698 0.994592 0.998106 1.00371 0.990463 1.00181 0.983335 1.00776 1.0323 1.04145 1.02476 1.04832 1.05071 1.0637 1.08004 1.09391 1.12729 1.13045 1.12859 1.13394 1.18399 1.29067 1.20354 1.21999 1.21516 1.29116 1.22567 1.28241 1.29066 1.3338 1.31593 1.33358 1.39903 1.36453 1.41662 1.38066 1.33288 1.59941 1.35069 1.65898 1.54044 1.56308 1.62903 1.59085 1.55072 1.56594 1.62394 1.77385 
2.11587 2.14615 2.02926 2.04872 1.98612 2.00343 1.93765 1.94544 1.85748 1.79749 1.79228 1.75455 1.69057 1.69945 1.6646 1.64381 1.65311 1.59074 1.60617 1.54545 1.5689 1.50753 1.47668 1.4378 1.42591 1.39438 1.39749 1.38779 1.36305 1.27301 1.29793 1.25136 1.25177 1.21414 1.15036 1.17473 1.14995 1.13294 1.13198 1.10241 1.09118 1.07601 1.05799 1.04021 1.04576 1.03903 1.01255 1.0113 1.00662 1.00191 0.997682 0.995856 0.990568 0.993472 0.995806 0.99221 0.994245 0.988991 0.997985 1.01043 1.03565 1.01048 1.03933 1.04495 1.0538 1.05899 1.08555 1.06738 1.0906 1.12521 1.17322 1.13276 1.16439 1.17968 1.22594 1.30994 1.22589 1.20806 1.29008 1.27869 1.25187 1.33565 1.28971 1.40983 1.32283 1.38264 1.38449 1.44657 1.43047 1.48833 1.46978 1.49596 1.52437 1.48431 1.5907 1.59562 1.62995 1.67517 1.72532 1.61924 
2.04887 2.05304 2.10591 2.09926 2.02066 1.93336 1.96205 1.93374 1.92759 1.80843 1.77848 1.78566 1.77741 1.80287 1.69572 1.66742 1.61426 1.62038 1.60189 1.52469 1.48743 1.50659 1.45336 1.42457 1.41942 1.35635 1.35306 1.3645 1.31726 1.31978 1.24992 1.2591 1.22401 1.20925 1.20325 1.18205 1.14655 1.13939 1.13124 1.13059 1.0895 1.08332 1.05955 1.06181 1.0463 1.03264 1.01995 1.01829 1.0055 1.0027 0.997737 0.991078 0.993677 0.993636 0.985612 0.992712 0.994363 1.00683 1.00112 1.00225 1.04053 1.01808 1.02277 1.07078 1.04228 1.07194 1.04861 1.0636 1.12935 1.0873 1.09706 1.14047 1.10686 1.19367 1.20085 1.2693 1.28233 1.30706 1.2501 1.22036 1.27937 1.33516 1.32321 1.35556 1.39955 1.46353 1.40008 1.45 1.37162 1.48717 1.45307 1.49035 1.5365 1.66867 1.64202 1.55087 1.64236 1.65619 1.72064 1.72499 
2.08503 2.00404 2.08405 2.05467 1.98636 1.91471 1.88867 1.90605 1.80526 1.82079 1.76346 1.74986 1.756 1.70062 1.72284 1.71046 1.67467 1.58491 1.59335 1.56634 1.52133 1.51649 1.51746 1.45662 1.40558 1.39657 1.41894 1.35065 1.29902 1.29582 1.28648 1.25613 1.25818 1.21059 1.17532 1.17452 1.14949 1.15147 1.12609 1.10825 1.08676 1.07215 1.05719 1.06282 1.03684 1.03094 1.01534 1.01686 1.01269 1.00377 0.997973 0.996057 0.996329 0.989244 0.984682 0.993528 0.989572 1.00828 1.00614 1.01398 1.01745 1.036 1.02782 1.05877 1.034 1.04936 1.0827 1.0822 1.12337 1.11036 1.15217 1.11005 1.18012 1.10955 1.17289 1.1714 1.18201 1.16623 1.32662 1.25224 1.31519 1.33089 1.31211 1.38243 1.37712 1.42348 1.49298 1.52039 1.45286 1.54405 1.46094 1.37968 1.53205 1.65385 1.47225 1.53451 1.62671 1.56057 1.66953 1.55566 
