-2 -1.9596 -1.91919 -1.87879 -1.83838 -1.79798 -1.75758 -1.71717 -1.67677 -1.63636 -1.59596 -1.55556 -1.51515 -1.47475 -1.43434 -1.39394 -1.35354 -1.31313 -1.27273 -1.23232 -1.19192 -1.15152 -1.11111 -1.07071 -1.0303 -0.989899 -0.949495 -0.909091 -0.868687 -0.828283 -0.787879 -0.747475 -0.707071 -0.666667 -0.626263 -0.585859 -0.545455 -0.505051 -0.464646 -0.424242 -0.383838 -0.343434 -0.30303 -0.262626 -0.222222 -0.181818 -0.141414 -0.10101 -0.0606061 -0.020202 0.020202 0.0606061 0.10101 0.141414 0.181818 0.222222 0.262626 0.30303 0.343434 0.383838 0.424242 0.464646 0.505051 0.545455 0.585859 0.626263 0.666667 0.707071 0.747475 0.787879 0.828283 0.868687 0.909091 0.949495 0.989899 1.0303 1.07071 1.11111 1.15152 1.19192 1.23232 1.27273 1.31313 1.35354 1.39394 1.43434 1.47475 1.51515 1.55556 1.59596 1.63636 1.67677 1.71717 1.75758 1.79798 1.83838 1.87879 1.91919 1.9596 2 
0.470489 0.478144 0.486058 0.494242 0.502707 0.511462 0.520518 0.529886 0.539573 0.54959 0.559943 0.570638 0.581681 0.593075 0.604822 0.616921 0.629368 0.642158 0.655281 0.668725 0.682472 0.696503 0.710791 0.725308 0.740018 0.754881 0.769852 0.784881 0.799913 0.814887 0.829739 0.844402 0.858803 0.87287 0.886525 0.899695 0.912304 0.92428 0.935553 0.946058 0.955736 0.964535 0.97241 0.979326 0.985257 0.990186 0.994105 0.997018 0.998937 0.999883 0.999885 0.998978 0.997204 0.994611 0.991248 0.987168 0.982426 0.977075 0.971171 0.964764 0.957906 0.950642 0.943017 0.935072 0.926841 0.918358 0.909652 0.900746 0.891661 0.882415 0.873022 0.863494 0.853839 0.844063 0.834172 0.824168 0.814053 0.803829 0.793494 0.783049 0.772494 0.761828 0.751051 0.740163 0.729165 0.718059 0.706845 0.695529 0.684112 0.672599 0.660996 0.64931 0.637546 0.625713 0.613818 0.601872 0.589884 0.577864 0.565823 0.553771 
1.82998 1.82037 1.81847 1.76857 1.752 1.76793 1.73309 1.71235 1.65822 1.59557 1.55799 1.5348 1.52266 1.57363 1.55219 1.47203 1.40995 1.39162 1.44108 1.37431 1.36019 1.32462 1.32181 1.26559 1.26554 1.25935 1.27949 1.23558 1.16694 1.22254 1.19176 1.14837 1.14925 1.12897 1.0907 1.12351 1.11706 1.07267 1.05587 1.06897 1.03458 1.03506 1.03696 1.02601 1.00832 1.01461 1.00759 1.00279 1.00244 1.00082 0.999759 0.998377 0.997507 0.997853 1.00735 1.00853 1.01165 1.02419 1.01694 1.03962 1.03067 1.0721 1.06578 1.05229 1.07464 1.10958 1.10649 1.11782 1.14044 1.17854 1.20576 1.19462 1.21235 1.23038 1.20533 1.22045 1.29376 1.25948 1.33059 1.34331 1.32491 1.3474 1.36559 1.36613 1.35572 1.43836 1.45433 1.37199 1.45941 1.44108 1.46323 1.5654 1.50392 1.56737 1.6727 1.63646 1.71493 1.64916 1.76175 1.7534 
1.88058 1.85191 1.82485 1.79713 1.67992 1.68731 1.7014 1.6687 1.65901 1.57708 1.57374 1.57161 1.56189 1.52781 1.49426 1.54197 1.48082 1.43953 1.40178 1.3755 1.39152 1.31839 1.30986 1.28036 1.29376 1.25977 1.26173 1.20361 1.22798 1.18494 1.15574 1.13568 1.12782 1.14782 1.13712 1.10387 1.08363 1.08513 1.0639 1.08139 1.05599 1.04546 1.04547 1.02572 1.02221 1.01276 1.0096 1.00584 0.999339 1.00024 0.999961 0.996318 1.00351 1.00737 1.0096 1.00187 1.00866 1.02289 1.02764 1.03078 1.04607 1.03308 1.07889 1.0609 1.08674 1.06965 1.09271 1.09205 1.09961 1.16453 1.13979 1.17916 1.16471 1.20643 1.20007 1.17123 1.27513 1.25055 1.32485 1.31167 1.38598 1.31752 1.37674 1.39698 1.42777 1.38215 1.41257 1.46166 1.46957 1.4524 1.54195 1.56294 1.6979 1.66248 1.68151 1.6295 1.73786 1.71407 1.62858 1.86416 
1.86508 1.84451 1.79228 1.74143 1.705 1.65431 1.69562 1.63505 1.62663 1.64299 1.59373 1.54268 1.58798 1.58171 1.50389 1.44592 1.45898 1.42224 1.40751 1.37119 1.37668 1.29407 1.30367 1.30607 1.26285 1.27744 1.2701 1.24694 1.20448 1.18519 1.18305 1.20379 1.16149 1.12437 1.13265 1.11565 1.11344 1.09157 1.07318 1.06949 1.05109 1.02515 1.03266 1.02561 1.02387 1.01218 1.00711 1.00194 1.00287 1.00056 0.999992 0.998199 1.00233 1.00831 0.992384 0.997573 1.01529 1.01406 1.03356 1.03138 1.04894 1.07182 1.07532 1.04966 1.09749 1.06122 1.10335 1.12549 1.16279 1.12223 1.16683 1.19143 1.16463 1.2055 1.27119 1.23597 1.26263 1.24006 1.25511 1.30651 1.31667 1.33127 1.43054 1.35832 1.40455 1.46337 1.46042 1.40368 1.53061 1.5019 1.54822 1.5587 1.65033 1.62992 1.61402 1.61102 1.69418 1.65877 1.57217 1.83492 
1.81677 1.79268 1.83144 1.82885 1.71808 1.68223 1.60347 1.6875 1.70769 1.56283 1.55189 1.54062 1.49426 1.54831 1.44249 1.48127 1.47371 1.40733 1.39372 1.35182 1.36957 1.33444 1.32781 1.31509 1.29893 1.22508 1.26129 1.2504 1.19596 1.1984 1.16347 1.1319 1.1226 1.13283 1.13019 1.12249 1.08639 1.09277 1.06432 1.06569 1.0712 1.02834 1.02728 1.01173 1.03028 1.00858 1.01161 1.00668 1.00107 0.999794 0.999336 0.997632 1.00108 1.00547 1.01197 1.00273 0.992057 1.02181 1.02522 1.04117 1.02287 1.06454 1.03846 1.06444 1.06332 1.11046 1.09793 1.13086 1.12327 1.17854 1.12393 1.14836 1.17397 1.18523 1.21365 1.23925 1.32575 1.24538 1.32739 1.34325 1.36115 1.33758 1.32139 1.41013 1.40008 1.47116 1.50443 1.47864 1.45521 1.57651 1.4602 1.54341 1.53387 1.68304 1.55715 1.63315 1.70301 1.69864 1.70139 1.6904 
1.84793 1.85477 1.74711 1.72607 1.70258 1.73354 1.64225 1.67187 1.63238 1.58311 1.59398 1.55455 1.53958 1.49815 1.50626 1.46223 1.44578 1.47574 1.40349 1.41936 1.34177 1.37799 1.25355 1.34295 1.2906 1.2366 1.26687 1.24054 1.22445 1.18664 1.17636 1.17232 1.15561 1.1504 1.12527 1.09332 1.078 1.07545 1.0918 1.035 1.03918 1.02928 1.05273 1.03503 1.01792 1.00983 1.00964 1.00315 1.00437 0.999989 0.998762 0.999487 1.0013 1.00254 1.00571 1.00409 1.0019 1.02046 1.0332 1.04167 1.03809 1.03936 1.06082 1.05481 1.06883 1.12247 1.11445 1.09131 1.11313 1.11525 1.10131 1.17413 1.19561 1.18646 1.23928 1.25777 1.18591 1.29669 1.27876 1.2714 1.29293 1.33386 1.33734 1.38664 1.46115 1.37454 1.34995 1.38743 1.48295 1.45944 1.48667 1.6351 1.62549 1.49286 1.65191 1.70321 1.65531 1.72434 1.57426 1.66847 
1.79879 1.75474 1.74721 1.78258 1.7519 1.68725 1.69852 1.67707 1.66913 1.61622 1.60178 1.5898 1.5739 1.50479 1.52263 1.48537 1.42185 1.46407 1.4743 1.41215 1.38082 1.32776 1.33478 1.33121 1.27135 1.26206 1.20865 1.2505 1.21594 1.19877 1.16484 1.16888 1.15965 1.15299 1.10713 1.08459 1.06486 1.07961 1.06615 1.0653 1.05209 1.04384 1.02407 1.01761 1.03028 1.01227 1.01043 1.00488 1.00196 1.0005 0.999554 1.00114 1.00049 1.00261 1.01231 1.00908 0.992283 1.01208 1.02484 1.0385 1.04417 1.04299 1.09244 1.07073 1.11911 1.06912 1.06985 1.17317 1.12822 1.16983 1.15801 1.15266 1.16236 1.17595 1.18025 1.24676 1.26403 1.2706 1.33464 1.32571 1.24495 1.31944 1.34877 1.344 1.39971 1.53892 1.45825 1.49461 1.45658 1.48317 1.53561 1.60805 1.4569 1.56286 1.59244 1.53687 1.65193 1.80415 1.60861 1.67172 
1.80766 1.8593 1.78062 1.85735 1.61252 1.7384 1.63765 1.69106 1.66053 1.67906 1.5635 1.58883 1.56114 1.50772 1.49629 1.39517 1.45855 1.4608 1.41328 1.4287 1.36888 1.38495 1.3066 1.29686 1.2315 1.29563 1.21687 1.24244 1.19247 1.1824 1.13934 1.15377 1.14674 1.14053 1.11462 1.10117 1.07488 1.08227 1.06537 1.06402 1.04287 1.05251 1.02811 1.01967 1.01554 1.0117 1.01166 1.00735 1.00316 1.00052 0.998148 0.99942 0.999066 1.00103 0.998865 1.00623 1.00924 1.00655 1.02559 1.03662 1.03754 1.06272 1.0571 1.08193 1.08683 1.09884 1.06939 1.13507 1.1255 1.13381 1.16126 1.20649 1.18372 1.18978 1.23201 1.29806 1.20855 1.23794 1.29442 1.35266 1.2827 1.36547 1.42949 1.37155 1.42648 1.47161 1.49897 1.5113 1.5204 1.48883 1.49589 1.66525 1.58731 1.57765 1.72731 1.63117 1.68265 1.61855 1.79056 1.73994 
1.84279 1.8509 1.89773 1.74004 1.70959 1.67399 1.67632 1.67488 1.6247 1.58368 1.64013 1.59423 1.56074 1.55973 1.53909 1.43904 1.45071 1.42502 1.42225 1.43969 1.35301 1.3057 1.3469 1.27485 1.24472 1.29832 1.27722 1.23126 1.21904 1.13639 1.16515 1.15456 1.15043 1.11218 1.10095 1.10028 1.0932 1.09747 1.0591 1.05417 1.04147 1.04569 1.03988 1.02854 1.01669 1.01288 1.00964 1.00081 0.999866 1.00067 1.00007 0.999677 1.00639 0.998746 1.0013 1.01009 1.01405 1.00465 1.03128 1.0223 1.0403 1.03321 1.05421 1.08105 1.09926 1.07741 1.09043 1.09615 1.1296 1.15331 1.18882 1.16791 1.20071 1.15533 1.19805 1.30985 1.25803 1.2194 1.29165 1.3048 1.33662 1.33468 1.33271 1.3851 1.43722 1.43897 1.40547 1.48742 1.46861 1.54531 1.56714 1.60719 1.57421 1.53889 1.62788 1.70633 1.60195 1.67865 1.78454 1.73388 
1.8302 1.82469 1.79365 1.79169 1.74603 1.72743 1.7116 1.68166 1.5866 1.65494 1.60663 1.52174 1.50176 1.60316 1.4686 1.4956 1.42793 1.38044 1.44495 1.3749 1.35866 1.38918 1.38944 1.33953 1.26273 1.24875 1.25814 1.22816 1.24896 1.23435 1.17063 1.17153 1.14798 1.11 1.1411 1.10725 1.09653 1.07238 1.0616 1.05597 1.05218 1.05275 1.03841 1.00933 1.02418 1.01306 1.0078 1.00871 1.00447 1.00054 0.999848 0.998131 1.00096 1.00332 1.00575 1.01608 1.01667 1.02677 1.01368 1.03742 1.03627 1.03103 1.07004 1.10497 1.07469 1.09078 1.09968 1.09949 1.13665 1.09367 1.13739 1.15707 1.22405 1.21349 1.25913 1.24459 1.26523 1.26871 1.23212 1.25377 1.34164 1.29081 1.35378 1.38303 1.37837 1.3881 1.47722 1.51834 1.48041 1.4805 1.50357 1.49123 1.5869 1.62923 1.65978 1.62238 1.7134 1.69522 1.65596 1.81705 
1.88637 1.76867 1.77883 1.77057 1.79227 1.69496 1.63568 1.69072 1.679 1.64569 1.57916 1.52764 1.52425 1.5577 1.4973 1.44021 1.44006 1.41219 1.43245 1.41812 1.35395 1.35291 1.33756 1.28276 1.31558 1.26113 1.23121 1.1837 1.23554 1.25427 1.19533 1.17027 1.19212 1.14654 1.11217 1.11191 1.1051 1.0886 1.08434 1.06017 1.06194 1.04969 1.02339 1.02836 1.03153 1.01112 1.0043 1.00324 1.00508 1.00061 0.999265 0.999397 1.00082 0.992122 1.00317 1.00568 1.00562 1.02529 1.03321 1.03056 1.04472 1.05638 1.02173 1.09481 1.10798 1.09151 1.08187 1.14614 1.15388 1.12649 1.20651 1.15794 1.20536 1.21978 1.22762 1.25593 1.28276 1.2915 1.31494 1.30818 1.3014 1.30406 1.35208 1.33823 1.44488 1.43349 1.34049 1.49187 1.46406 1.5393 1.51712 1.53908 1.49897 1.5588 1.66735 1.64452 1.68677 1.62682 1.74401 1.8035 
1.84083 1.77262 1.71678 1.76259 1.77918 1.69029 1.64364 1.69154 1.64606 1.64532 1.54434 1.64344 1.53982 1.55272 1.46423 1.46484 1.44861 1.46948 1.43652 1.3977 1.39994 1.36802 1.31131 1.29305 1.27379 1.27257 1.27229 1.22907 1.23805 1.17353 1.17938 1.16032 1.14906 1.17145 1.1102 1.11057 1.08993 1.09224 1.07961 1.05852 1.04575 1.05466 1.03475 1.03323 1.0229 1.01543 1.01232 1.00557 1.00439 1.00044 0.999102 0.999273 0.996635 1.00222 1.00197 1.01086 1.02037 1.01687 1.0304 1.03808 1.01861 1.05683 1.07226 1.06586 1.09043 1.08064 1.10353 1.16728 1.15883 1.1323 1.1246 1.15025 1.18755 1.26888 1.19767 1.23515 1.22528 1.3117 1.29641 1.28171 1.31536 1.34947 1.34592 1.35419 1.42258 1.44911 1.38304 1.47634 1.49771 1.56014 1.4734 1.51276 1.53395 1.63196 1.6112 1.66085 1.61897 1.68092 1.66801 1.68481 
1.82903 1.85551 1.83941 1.73088 1.65305 1.68899 1.7411 1.74195 1.6482 1.67521 1.56387 1.5752 1.54362 1.54299 1.49493 1.48005 1.47649 1.44843 1.44386 1.37512 1.37432 1.3992 1.3401 1.26466 1.30962 1.2267 1.22036 1.18742 1.21245 1.19303 1.18189 1.16369 1.16055 1.11603 1.1323 1.11707 1.09595 1.06982 1.06965 1.04955 1.04037 1.05124 1.04019 1.03412 1.0216 1.0218 1.00586 1.00102 1.00033 1.00035 0.998683 1.00124 0.995495 1.00467 0.997566 1.005 1.02227 1.01647 1.00866 1.02906 1.04658 1.04276 1.07278 1.05215 1.09158 1.09883 1.12513 1.12536 1.16586 1.11911 1.14313 1.19849 1.18628 1.2363 1.24947 1.22872 1.25901 1.23707 1.28361 1.31365 1.28741 1.33875 1.36022 1.33545 1.33935 1.44122 1.51729 1.48314 1.42631 1.50913 1.61996 1.53074 1.61133 1.5674 1.62509 1.65499 1.57735 1.64008 1.77342 1.58502 
1.85717 1.71891 1.71086 1.7225 1.74338 1.71761 1.66636 1.65024 1.65202 1.6228 1.66629 1.58738 1.53166 1.52836 1.49632 1.50247 1.45675 1.44381 1.45256 1.36291 1.40682 1.37047 1.30693 1.26988 1.28814 1.22039 1.21257 1.26619 1.20744 1.20193 1.17069 1.16923 1.15641 1.13448 1.13811 1.136 1.10236 1.0774 1.06328 1.0589 1.04474 1.03554 1.02664 1.03232 1.02289 1.0053 1.01215 1.0086 1.00436 1.00079 0.999103 0.99941 1.00126 0.99964 1.00005 1.00545 1.0127 1.02283 1.01823 1.01526 1.03198 1.0388 1.06661 1.03323 1.09596 1.0634 1.07671 1.11783 1.15429 1.13165 1.15775 1.11821 1.19077 1.20197 1.20771 1.29466 1.21593 1.19208 1.30826 1.27496 1.37967 1.43794 1.42192 1.33548 1.34721 1.38402 1.47828 1.44042 1.53469 1.50488 1.52356 1.5292 1.53571 1.54841 1.63824 1.65021 1.74733 1.61402 1.70032 1.74644 
1.85532 1.84543 1.71014 1.69347 1.79523 1.71938 1.64886 1.6367 1.67268 1.60002 1.5567 1.52777 1.49252 1.49325 1.5009 1.43306 1.45711 1.46833 1.37788 1.36681 1.40283 1.37634 1.29426 1.26964 1.3173 1.33821 1.25808 1.24194 1.23822 1.17632 1.19607 1.17179 1.1576 1.14407 1.1306 1.09825 1.09239 1.05982 1.07054 1.06239 1.05026 1.02828 1.03585 1.02442 1.022 1.01358 1.01065 1.00413 1.00096 1.0011 0.998596 0.99947 0.998977 1.00462 1.0003 1.01329 1.01479 1.01613 1.03483 1.04488 1.03916 1.05979 1.0308 1.08102 1.0457 1.06911 1.11117 1.11858 1.12985 1.14306 1.16614 1.17992 1.18248 1.22393 1.25156 1.25914 1.25261 1.25881 1.30791 1.28229 1.31888 1.3416 1.33641 1.30959 1.32338 1.44279 1.42597 1.43632 1.36775 1.4801 1.59879 1.56242 1.53845 1.62605 1.58215 1.60967 1.57565 1.63872 1.71758 1.67938 
1.87451 1.86913 1.78962 1.8129 1.7861 1.66857 1.68007 1.58561 1.65727 1.60291 1.57379 1.56378 1.53544 1.50878 1.49987 1.43664 1.48952 1.48541 1.4213 1.39067 1.37429 1.35753 1.35656 1.32435 1.32117 1.28019 1.26284 1.22343 1.20779 1.18907 1.13992 1.16146 1.13372 1.12993 1.12322 1.10848 1.09494 1.08695 1.06775 1.05138 1.05496 1.03546 1.02336 1.01984 1.01784 1.00911 1.0078 1.00753 1.00128 1.00131 1.00063 1.00031 0.998686 1.00142 1.001 1.00348 1.0229 1.03818 1.03077 1.01147 1.04997 1.04127 1.07336 1.06036 1.07964 1.11335 1.11332 1.10487 1.11568 1.11364 1.136 1.1214 1.15948 1.20829 1.2347 1.27156 1.22968 1.29104 1.24424 1.35024 1.28742 1.31145 1.40141 1.43573 1.44721 1.42342 1.35903 1.57458 1.40985 1.46862 1.4933 1.53709 1.62791 1.53667 1.65992 1.6603 1.58301 1.70854 1.81736 1.71911 
1.85296 1.7706 1.72059 1.7545 1.69648 1.72759 1.63152 1.61085 1.69941 1.58639 1.60854 1.5669 1.60199 1.5362 1.53624 1.47042 1.48708 1.42625 1.43479 1.37864 1.36173 1.37307 1.3017 1.3308 1.26906 1.25437 1.25881 1.23813 1.1802 1.20348 1.18164 1.16415 1.13671 1.13368 1.12459 1.09596 1.08619 1.09017 1.0801 1.06901 1.04122 1.0546 1.0377 1.03118 1.01741 1.01407 1.00834 1.00157 1.0017 1.00009 1.00051 0.999606 0.994814 0.999423 0.994752 1.01774 1.02451 1.01688 1.01961 1.03188 1.04127 1.04882 1.04474 1.06236 1.07898 1.09266 1.06785 1.12345 1.12489 1.14449 1.15017 1.17415 1.12833 1.18973 1.20813 1.23895 1.27276 1.25826 1.30211 1.29045 1.31856 1.34307 1.3307 1.35858 1.33432 1.42331 1.32855 1.51319 1.46176 1.42205 1.61644 1.5191 1.434 1.54878 1.67188 1.71153 1.59017 1.65865 1.69796 1.65987 
1.83331 1.77684 1.83491 1.73004 1.75926 1.72329 1.66474 1.59902 1.68561 1.5948 1.6354 1.56783 1.58493 1.53894 1.51216 1.50272 1.45855 1.37265 1.41135 1.40218 1.37278 1.32473 1.3722 1.29121 1.28503 1.25495 1.24652 1.24178 1.23056 1.23421 1.18989 1.16827 1.14487 1.14387 1.1317 1.10301 1.11854 1.09036 1.05717 1.07776 1.06746 1.04367 1.04274 1.03999 1.01226 1.01226 1.00662 1.00435 1.00462 0.999556 1.00026 0.999384 0.999291 0.999319 0.995698 1.01138 1.00796 1.02645 1.00718 1.02756 1.05101 1.04157 1.05663 1.05771 1.04892 1.0806 1.14189 1.09779 1.13305 1.10384 1.165 1.15282 1.19678 1.23327 1.18067 1.28011 1.20142 1.24156 1.26284 1.27529 1.3301 1.35191 1.3547 1.36052 1.3449 1.37159 1.47471 1.43998 1.41918 1.43675 1.54303 1.48595 1.59941 1.60447 1.49244 1.61228 1.60606 1.70762 1.64075 1.62704 
1.8488 1.86216 1.81526 1.78031 1.71783 1.70178 1.6555 1.65847 1.65525 1.60334 1.65306 1.55198 1.55364 1.50054 1.51184 1.47111 1.40957 1.46139 1.41521 1.34489 1.33532 1.38055 1.31176 1.31386 1.26152 1.25009 1.2285 1.22889 1.18248 1.20446 1.16872 1.18539 1.12759 1.12569 1.11563 1.11574 1.07829 1.08494 1.07799 1.0577 1.05335 1.06073 1.03047 1.02162 1.01462 1.01938 1.00368 1.00627 1.00055 1.00132 0.998665 0.997864 0.999385 1.0028 1.00142 1.0141 1.00894 1.01549 1.01905 1.02965 1.02147 1.04515 1.04869 1.08199 1.06816 1.0753 1.05806 1.15753 1.13572 1.13026 1.19073 1.14542 1.17604 1.19265 1.18374 1.25147 1.27504 1.24407 1.30054 1.33922 1.35301 1.35216 1.35719 1.42545 1.42084 1.46719 1.42814 1.36187 1.50357 1.48168 1.53414 1.43231 1.50754 1.64042 1.54989 1.65756 1.62423 1.64979 1.64281 1.63878 
1.89616 1.8571 1.73161 1.78653 1.73723 1.67025 1.6985 1.63935 1.61782 1.67868 1.5381 1.60157 1.49964 1.54591 1.48914 1.50231 1.44627 1.44729 1.4398 1.45858 1.39146 1.34031 1.34338 1.31387 1.30858 1.29448 1.2656 1.20227 1.18742 1.22857 1.2044 1.13855 1.18135 1.16186 1.11718 1.12396 1.08448 1.0819 1.07214 1.07913 1.0575 1.02694 1.04413 1.02416 1.0099 1.01234 1.00612 1.00684 1.00163 1.0012 0.999003 0.998468 0.996937 0.995147 1.00216 1.01265 1.00542 1.03053 1.0165 1.01512 1.03958 1.04692 1.07131 1.04089 1.08283 1.07033 1.11201 1.09941 1.14481 1.15344 1.16922 1.16405 1.1669 1.17084 1.25893 1.23477 1.24889 1.26723 1.23202 1.36139 1.33333 1.36681 1.30094 1.35763 1.41473 1.35589 1.42972 1.5028 1.40134 1.54247 1.4752 1.59437 1.6994 1.70901 1.54309 1.6438 1.60734 1.65219 1.72049 1.69606 
1.81244 1.8246 1.84227 1.73213 1.72162 1.68886 1.63303 1.62717 1.606 1.61739 1.5295 1.52723 1.5844 1.49895 1.5357 1.48655 1.48067 1.42969 1.45031 1.38471 1.38058 1.34459 1.32559 1.30785 1.29396 1.26391 1.21861 1.22347 1.24033 1.19686 1.17902 1.18508 1.14836 1.16261 1.14863 1.10278 1.10867 1.06587 1.06264 1.06351 1.04534 1.04897 1.01832 1.03132 1.02282 1.00872 1.00694 1.00212 1.00282 1.00064 0.999488 0.999501 0.998794 0.995712 0.999783 1.00835 1.01397 1.01788 1.03712 1.0147 1.03516 1.02491 1.04293 1.09205 1.0508 1.11 1.10481 1.09453 1.10712 1.12941 1.1399 1.17231 1.17506 1.18521 1.15763 1.22644 1.25318 1.29844 1.25015 1.26907 1.29357 1.27834 1.40063 1.36477 1.50081 1.3849 1.37673 1.3835 1.56316 1.48812 1.4763 1.51897 1.64788 1.65166 1.6546 1.58985 1.58101 1.73989 1.784 1.70818 
1.76719 1.79178 1.83575 1.75648 1.71236 1.73907 1.70976 1.62325 1.64787 1.62574 1.576 1.59717 1.5746 1.54473 1.54672 1.47873 1.45688 1.48872 1.42598 1.40379 1.383 1.31594 1.31307 1.33281 1.29174 1.2637 1.23363 1.21243 1.22641 1.21945 1.21428 1.19167 1.17501 1.12701 1.10663 1.0932 1.11561 1.08666 1.08058 1.05995 1.05681 1.03206 1.0364 1.03045 1.02151 1.01383 1.01206 1.00216 1.00475 1.0005 0.999712 1.00078 1.00194 1.00816 1.00636 1.00604 1.0045 1.00766 1.02032 1.01157 1.03933 1.05128 1.05303 1.0736 1.07722 1.0737 1.09101 1.05441 1.12094 1.11962 1.11844 1.16779 1.15582 1.18329 1.23352 1.26801 1.30811 1.24903 1.26011 1.30104 1.24304 1.24922 1.39637 1.39375 1.33706 1.38241 1.41422 1.42653 1.41965 1.51011 1.52493 1.51921 1.52654 1.54687 1.64016 1.58752 1.64724 1.80073 1.64444 1.84828 
1.77747 1.81185 1.80355 1.80085 1.72037 1.63058 1.68257 1.72769 1.62539 1.58875 1.59497 1.55125 1.54004 1.57378 1.50922 1.50207 1.42474 1.38532 1.4405 1.39357 1.38083 1.34755 1.31373 1.29986 1.29488 1.26393 1.27572 1.23981 1.20705 1.22097 1.20387 1.19041 1.13398 1.16817 1.11359 1.1275 1.08712 1.09658 1.0677 1.06008 1.06565 1.04151 1.04974 1.01981 1.01803 1.01565 1.00704 1.00739 1.00402 0.999881 0.999157 1.00041 1.0001 0.99915 0.998445 1.01102 1.01087 1.01806 1.00316 1.03006 1.04622 1.04255 1.05867 1.06218 1.03154 1.08956 1.0905 1.10218 1.10379 1.14194 1.14224 1.12783 1.1704 1.25118 1.17403 1.19468 1.22903 1.28905 1.26762 1.26077 1.26892 1.32191 1.3262 1.41898 1.47276 1.42313 1.46841 1.45606 1.46013 1.48899 1.50538 1.48511 1.52436 1.5595 1.5841 1.61141 1.59867 1.71042 1.62336 1.68539 
1.78915 1.82169 1.81059 1.73935 1.74815 1.71448 1.71594 1.68873 1.65212 1.61378 1.62085 1.58452 1.53564 1.55186 1.52504 1.49342 1.46815 1.39789 1.42507 1.39831 1.32473 1.34907 1.37356 1.35325 1.27491 1.26662 1.23781 1.28259 1.20665 1.1824 1.17299 1.15809 1.15305 1.14214 1.14187 1.09554 1.09172 1.10102 1.07445 1.054 1.04885 1.03366 1.02976 1.02541 1.01782 1.02029 1.00762 1.00588 1.00329 1.00063 1.00016 0.996884 0.99898 1.00495 1.00118 1.00429 1.00908 1.01113 1.03003 1.02244 1.01868 1.06307 1.0472 1.07325 1.09689 1.06764 1.12029 1.09981 1.12902 1.09338 1.20468 1.13931 1.2385 1.23569 1.2343 1.24474 1.25578 1.27104 1.28846 1.31129 1.27486 1.26908 1.32555 1.34553 1.40229 1.42253 1.39179 1.45306 1.39921 1.48517 1.45623 1.61032 1.5806 1.52767 1.63241 1.51003 1.56679 1.67269 1.66152 1.50152 
1.81473 1.79186 1.84229 1.74341 1.78263 1.70846 1.72782 1.6845 1.64378 1.66696 1.61275 1.61262 1.55795 1.45673 1.52547 1.52759 1.42248 1.42514 1.39385 1.40251 1.35764 1.33237 1.37833 1.28948 1.30058 1.23277 1.29811 1.2466 1.23234 1.16753 1.19224 1.16636 1.11789 1.13641 1.11882 1.09685 1.09636 1.08776 1.08152 1.07645 1.05606 1.05923 1.03594 1.03529 1.01817 1.02102 1.00494 1.00785 1.00341 1.00208 0.999394 0.998683 1.00225 0.997448 0.993173 1.013 0.999536 1.01763 1.01981 1.01597 1.0377 1.03503 1.06421 1.0648 1.08811 1.06311 1.09684 1.08454 1.13706 1.12892 1.15305 1.17838 1.15706 1.19911 1.21117 1.23803 1.24275 1.22622 1.23216 1.27171 1.29904 1.33246 1.28904 1.33122 1.38562 1.43092 1.39116 1.54171 1.41831 1.44907 1.54271 1.60443 1.53357 1.58349 1.58262 1.46018 1.64875 1.64902 1.5904 1.72777 
1.84948 1.81549 1.71738 1.78687 1.76369 1.67395 1.66134 1.72383 1.60512 1.62771 1.55321 1.54644 1.57636 1.4861 1.50192 1.46993 1.43726 1.4242 1.40051 1.38639 1.3866 1.38626 1.33778 1.32652 1.27338 1.28345 1.28019 1.26074 1.241 1.19835 1.16235 1.16134 1.11825 1.12294 1.11323 1.11331 1.09973 1.08035 1.08417 1.0549 1.0609 1.04973 1.03102 1.02496 1.02055 1.02066 1.00828 1.00317 1.00527 1.00099 0.999981 0.99592 1.00304 1.00486 1.00608 1.0016 1.00175 0.988767 1.01147 1.02145 1.04529 1.03149 1.06848 1.06687 1.06637 1.06847 1.07532 1.05888 1.15898 1.15171 1.1256 1.12904 1.20299 1.14902 1.22251 1.25713 1.27208 1.30267 1.22445 1.28392 1.25117 1.34292 1.33164 1.3969 1.37957 1.39693 1.40039 1.44931 1.50416 1.53489 1.50346 1.48048 1.56018 1.58001 1.67548 1.66002 1.66947 1.72511 1.66683 1.6617 
1.8658 1.88182 1.84559 1.79153 1.68012 1.71781 1.72444 1.69681 1.61083 1.70337 1.59649 1.63092 1.54139 1.59594 1.50372 1.52881 1.46328 1.45997 1.44757 1.38346 1.35726 1.38597 1.37552 1.32542 1.3197 1.27881 1.24484 1.23181 1.2479 1.24476 1.20072 1.15751 1.14966 1.10721 1.14421 1.098 1.08503 1.08417 1.08462 1.0535 1.05045 1.0383 1.01832 1.02467 1.03179 1.01625 1.00302 1.00623 1.00196 1.00051 0.999966 0.999649 1.00026 1.00416 0.998987 1.00111 0.996583 1.01075 1.02366 1.03257 1.04639 1.02694 1.03544 1.04746 1.05897 1.07962 1.07397 1.09625 1.11605 1.15614 1.11513 1.14151 1.21709 1.20062 1.22281 1.20935 1.24088 1.23434 1.26852 1.25309 1.38106 1.28406 1.4297 1.37605 1.36497 1.43162 1.39418 1.54264 1.5122 1.49711 1.51544 1.52323 1.62297 1.61511 1.5727 1.59854 1.65606 1.77787 1.66256 1.63951 
1.73564 1.75085 1.78692 1.80723 1.66359 1.72995 1.68022 1.63964 1.58575 1.66147 1.59454 1.53141 1.57336 1.51981 1.54284 1.49138 1.4479 1.51805 1.49133 1.37679 1.39015 1.41125 1.32682 1.35941 1.26805 1.2627 1.24396 1.23181 1.23962 1.20553 1.1703 1.19207 1.16794 1.15206 1.08252 1.10882 1.10002 1.08978 1.08276 1.06371 1.05573 1.03855 1.02947 1.02806 1.02075 1.01417 1.0076 1.00766 1.00408 1.0012 0.998986 0.998903 0.999599 0.993039 0.993423 1.01303 1.02654 1.03512 1.03281 1.00919 1.00889 1.04191 1.05514 1.04636 1.09529 1.09298 1.07109 1.09747 1.13113 1.12367 1.12482 1.15022 1.19775 1.16237 1.18397 1.23193 1.22985 1.27962 1.28541 1.26604 1.30779 1.32246 1.35907 1.4321 1.36264 1.37988 1.42217 1.48896 1.54777 1.49986 1.54745 1.51703 1.55918 1.60506 1.54261 1.5324 1.59693 1.74344 1.64112 1.61993 
1.9079 1.81543 1.80524 1.79284 1.76213 1.70097 1.69643 1.69154 1.64585 1.64591 1.6298 1.5593 1.60296 1.55384 1.48259 1.44062 1.44905 1.46268 1.40901 1.39082 1.34887 1.35926 1.35732 1.31068 1.31743 1.2972 1.24373 1.24688 1.2523 1.23715 1.21781 1.17878 1.15755 1.14126 1.13721 1.13598 1.09647 1.07843 1.06531 1.08549 1.06398 1.03855 1.03372 1.03297 1.01688 1.01289 1.01536 1.00667 1.00267 1.00093 0.998974 0.999303 0.997328 1.00285 1.00778 1.01635 1.01429 1.03207 1.03824 1.0526 1.05676 1.04284 1.06009 1.0483 1.09578 1.09304 1.07881 1.07949 1.09464 1.15387 1.15972 1.17326 1.18106 1.19663 1.1996 1.26035 1.24884 1.27495 1.2549 1.2943 1.32856 1.28709 1.30591 1.37462 1.33832 1.36836 1.36096 1.38981 1.51615 1.40495 1.5011 1.45578 1.46545 1.50674 1.54136 1.63584 1.44624 1.70957 1.68598 1.72535 
1.85459 1.82961 1.81396 1.75026 1.76496 1.75683 1.7016 1.72077 1.63317 1.61401 1.67618 1.58698 1.59011 1.57967 1.52016 1.5382 1.51076 1.44632 1.42514 1.37498 1.42899 1.33347 1.36426 1.27901 1.3106 1.29077 1.25495 1.26455 1.21047 1.2009 1.20103 1.17081 1.12723 1.15117 1.14761 1.11771 1.1002 1.07342 1.07172 1.07138 1.05462 1.05042 1.03018 1.03172 1.02447 1.01117 1.01163 1.00701 0.999914 1.00084 0.999132 0.99799 0.999317 0.991136 0.995187 0.996602 1.00515 1.00967 1.0088 1.04806 1.03054 1.02183 1.05491 1.02794 1.05734 1.04606 1.06767 1.1264 1.12204 1.14783 1.13045 1.15785 1.14332 1.17173 1.17275 1.20255 1.23094 1.26007 1.28824 1.33339 1.34805 1.35176 1.30486 1.3416 1.36001 1.34514 1.45841 1.41428 1.50734 1.5967 1.45102 1.55485 1.53456 1.45568 1.67025 1.5495 1.74506 1.64585 1.59964 1.6669 
1.91758 1.79232 1.73034 1.71322 1.69804 1.67107 1.6374 1.70632 1.73752 1.62959 1.59048 1.5841 1.57284 1.5384 1.51004 1.44616 1.44576 1.35209 1.45619 1.36478 1.37857 1.35886 1.29182 1.3314 1.3075 1.26517 1.24232 1.27528 1.23007 1.21643 1.18114 1.19529 1.16323 1.12735 1.13405 1.12454 1.08667 1.10305 1.06912 1.05649 1.05913 1.05209 1.0411 1.02768 1.02107 1.02055 1.01071 1.00651 1.00329 1.00112 0.999553 1.00224 0.996821 1.00109 1.00213 0.996072 1.02969 1.01119 1.02329 1.02767 1.04869 1.03437 1.05202 1.07132 1.05681 1.09534 1.08568 1.10142 1.10514 1.13633 1.13324 1.14819 1.1823 1.17357 1.17142 1.24192 1.23204 1.29598 1.3059 1.2736 1.30688 1.2849 1.32311 1.37089 1.40392 1.31866 1.34545 1.36227 1.42277 1.4376 1.44054 1.5015 1.52945 1.54793 1.53436 1.62618 1.6785 1.69916 1.6424 1.66671 
1.76249 1.86095 1.80432 1.79819 1.79871 1.72134 1.73875 1.67216 1.60671 1.59876 1.60845 1.57878 1.56981 1.56707 1.53059 1.4959 1.46378 1.45697 1.41469 1.42288 1.36451 1.36806 1.35326 1.32718 1.30458 1.27846 1.2352 1.27519 1.22545 1.21767 1.21176 1.13942 1.1553 1.13924 1.13909 1.11364 1.07987 1.08749 1.08312 1.06581 1.05911 1.04255 1.04644 1.03662 1.02133 1.01831 1.01745 1.00774 1.00427 1.00138 1.00069 0.998278 1.00005 1.00654 0.999835 1.00142 1.00939 1.00202 1.015 1.02904 1.03583 1.02692 1.04069 1.06247 1.06293 1.08987 1.08539 1.07878 1.14844 1.11737 1.12515 1.11832 1.11655 1.13975 1.23091 1.22166 1.22591 1.27807 1.21433 1.31679 1.30935 1.35985 1.33999 1.32856 1.39562 1.40998 1.44383 1.35916 1.43431 1.43477 1.50862 1.59088 1.51153 1.53571 1.54566 1.57272 1.55622 1.60208 1.6147 1.68637 
1.84288 1.74124 1.75422 1.77139 1.7282 1.71407 1.79469 1.69312 1.69686 1.61001 1.56001 1.5846 1.56501 1.46759 1.52923 1.46816 1.42347 1.41977 1.381 1.39598 1.40008 1.32818 1.35276 1.32684 1.28711 1.26888 1.24988 1.28109 1.22696 1.1934 1.16267 1.19192 1.18331 1.14681 1.13372 1.10678 1.08826 1.09062 1.08184 1.07076 1.06797 1.05728 1.03226 1.02509 1.01503 1.01668 1.01412 1.00354 1.00497 1.00109 0.998705 0.996317 1.00112 0.994654 1.00109 1.00004 1.0061 0.9954 1.03104 1.00805 1.04439 1.05298 1.06306 1.06364 1.06422 1.06693 1.05747 1.09188 1.13199 1.10673 1.14022 1.14781 1.15502 1.15024 1.24602 1.26384 1.27348 1.22017 1.22859 1.30518 1.22446 1.27253 1.31015 1.26605 1.33555 1.35158 1.43294 1.38386 1.42324 1.48789 1.49929 1.57025 1.57213 1.44544 1.60257 1.69653 1.706 1.65378 1.68784 1.60829 
1.87568 1.86084 1.83422 1.72074 1.68997 1.71977 1.68478 1.65698 1.62483 1.63777 1.5895 1.55649 1.52446 1.53199 1.47533 1.48305 1.5085 1.42818 1.44862 1.41164 1.33782 1.36537 1.32464 1.30395 1.23997 1.25605 1.2783 1.23656 1.2248 1.18621 1.19703 1.15353 1.14467 1.10748 1.14273 1.11048 1.10809 1.07256 1.0748 1.08207 1.06747 1.03951 1.02935 1.026 1.0283 1.01446 1.0151 1.00762 1.00356 1.00094 0.999556 0.996792 0.996904 0.998237 1.00509 1.00542 1.009 1.01508 1.02267 1.02583 1.03302 1.04156 1.07042 1.07219 1.05762 1.07638 1.10125 1.11149 1.13331 1.15974 1.11056 1.15534 1.17578 1.16987 1.21794 1.22057 1.18508 1.2881 1.31902 1.24912 1.39873 1.3463 1.3323 1.28119 1.36378 1.41347 1.45993 1.39958 1.40737 1.47191 1.4172 1.55514 1.54756 1.68696 1.58531 1.5499 1.58321 1.65225 1.64019 1.6304 
1.86725 1.8666 1.71918 1.75626 1.78946 1.69748 1.71318 1.60949 1.69796 1.55052 1.66964 1.62235 1.51722 1.52057 1.51787 1.48036 1.48643 1.45485 1.37299 1.4551 1.35532 1.33423 1.31739 1.34307 1.30335 1.28113 1.27265 1.25709 1.23288 1.22745 1.21808 1.20157 1.13076 1.1206 1.14169 1.11503 1.08579 1.09551 1.08691 1.07692 1.07007 1.04547 1.03784 1.02343 1.0211 1.02004 1.00999 1.00657 1.00082 1.00057 0.999388 0.996563 0.998957 0.999315 1.00096 1.00044 1.00318 0.999437 0.985725 1.0119 1.02944 1.04419 1.04926 1.05681 1.05718 1.08348 1.08 1.08781 1.12678 1.13553 1.13545 1.12996 1.10976 1.21083 1.21438 1.20316 1.25776 1.20735 1.26795 1.35581 1.27297 1.34509 1.36187 1.32042 1.37 1.43116 1.3347 1.40967 1.44886 1.59144 1.50364 1.37348 1.5996 1.59846 1.55893 1.57919 1.53159 1.51523 1.58843 1.73864 
1.89029 1.79555 1.80286 1.77141 1.73734 1.75577 1.72639 1.66757 1.63997 1.62685 1.58929 1.54888 1.53742 1.55374 1.45687 1.48354 1.41617 1.43419 1.44775 1.42161 1.4165 1.40683 1.34668 1.32315 1.32603 1.24644 1.30295 1.23946 1.23962 1.22227 1.17886 1.17545 1.19695 1.15897 1.13898 1.12611 1.09705 1.08869 1.09292 1.04492 1.05621 1.04616 1.03782 1.01918 1.02899 1.02033 1.00012 1.0081 1.00281 1.00091 0.999422 0.998503 0.996333 0.996888 1.00192 1.0086 1.01774 1.00764 1.02124 1.02041 1.02156 1.04834 1.05407 1.04154 1.05713 1.11349 1.07513 1.06451 1.08846 1.11678 1.13972 1.12957 1.14026 1.15317 1.18777 1.21973 1.24696 1.24874 1.23037 1.28835 1.32587 1.32808 1.38288 1.35266 1.28106 1.40227 1.43557 1.38857 1.4206 1.44061 1.49756 1.4997 1.44335 1.58462 1.51868 1.71497 1.60875 1.67541 1.65158 1.66125 
1.8571 1.84262 1.83596 1.72477 1.66595 1.71172 1.67113 1.65081 1.66554 1.61452 1.65078 1.57918 1.55815 1.54137 1.5027 1.40306 1.46799 1.46866 1.46085 1.41764 1.3741 1.35866 1.39625 1.31149 1.31648 1.2766 1.25464 1.23906 1.23049 1.20145 1.20051 1.17228 1.16775 1.13184 1.12045 1.0898 1.11312 1.08962 1.09823 1.03929 1.06242 1.05556 1.0371 1.02559 1.02156 1.01963 1.01616 1.00637 1.00217 1.0016 0.999489 0.999125 0.993476 0.998512 0.994468 0.998837 1.02198 1.02759 1.02337 1.02049 1.03945 1.01861 1.0689 1.04158 1.07718 1.06922 1.1009 1.09296 1.13617 1.14332 1.10758 1.1717 1.17011 1.21894 1.19657 1.22615 1.20229 1.28477 1.20007 1.22318 1.27836 1.39191 1.30701 1.41584 1.36184 1.42401 1.39933 1.40537 1.39603 1.46973 1.41945 1.51752 1.47937 1.58791 1.64198 1.58281 1.64558 1.63519 1.55933 1.74595 
1.83246 1.78194 1.8386 1.89223 1.80313 1.75749 1.72625 1.7523 1.69408 1.65267 1.61552 1.59033 1.58526 1.5296 1.50076 1.44778 1.45356 1.46765 1.41974 1.38043 1.39938 1.37046 1.29535 1.33784 1.30451 1.26937 1.25637 1.25445 1.21911 1.20208 1.20317 1.18456 1.14471 1.14934 1.10681 1.12949 1.08693 1.09028 1.07759 1.0782 1.06663 1.0606 1.03977 1.03179 1.02769 1.01625 1.01201 1.00767 1.00345 1.00106 0.999128 1.00031 0.99795 1.00056 1.00167 1.00611 1.00686 1.00669 1.00291 1.03309 1.03665 1.05526 1.05923 1.04989 1.07867 1.06662 1.09783 1.07398 1.09805 1.11975 1.14516 1.11559 1.16704 1.20583 1.18232 1.21809 1.29974 1.29141 1.18016 1.19269 1.29429 1.36227 1.33348 1.31847 1.36531 1.36915 1.35774 1.45429 1.45849 1.44326 1.43522 1.4542 1.52351 1.64283 1.5441 1.59892 1.67488 1.66874 1.45588 1.63299 
1.89346 1.87509 1.79248 1.72968 1.72556 1.63815 1.68276 1.70385 1.58435 1.64855 1.58692 1.57142 1.57485 1.53712 1.51155 1.52285 1.45691 1.47144 1.42427 1.39192 1.39706 1.38925 1.32622 1.33832 1.33437 1.2846 1.27659 1.22536 1.24861 1.21661 1.23223 1.17251 1.15626 1.15018 1.11412 1.11916 1.08026 1.08216 1.0766 1.08198 1.05696 1.06085 1.04776 1.03424 1.01954 1.01333 1.00749 1.00637 1.00154 1.00017 0.999642 0.999696 0.99491 0.997798 1.00525 1.0157 1.00764 1.01601 1.02499 1.0183 1.04045 1.06235 1.03646 1.06459 1.07763 1.09476 1.09209 1.0764 1.13132 1.06689 1.16059 1.15628 1.17373 1.17275 1.16926 1.20224 1.24658 1.26516 1.27556 1.30849 1.24926 1.35136 1.3245 1.35239 1.32417 1.39826 1.33696 1.38796 1.41648 1.62062 1.49415 1.36747 1.53922 1.47322 1.46061 1.60355 1.5394 1.64157 1.57611 1.6309 
1.87198 1.84652 1.76316 1.8 1.77958 1.76377 1.67615 1.69273 1.61629 1.62696 1.61477 1.61377 1.57278 1.60253 1.52986 1.45685 1.49848 1.46815 1.40601 1.40535 1.36006 1.39595 1.37614 1.30285 1.3151 1.27332 1.29954 1.20643 1.2125 1.20649 1.16654 1.17016 1.15668 1.13802 1.11959 1.12083 1.09523 1.09943 1.08016 1.08352 1.05817 1.04978 1.05064 1.03931 1.0211 1.01848 1.00795 1.00657 1.00412 1.0011 0.999448 0.9967 0.996625 0.995917 0.997306 1.01029 1.00652 0.995947 1.02331 1.03224 1.02747 1.04822 1.05009 1.05686 1.03809 1.10501 1.05942 1.06021 1.07919 1.1363 1.11738 1.1437 1.12408 1.16203 1.18358 1.21317 1.18435 1.26687 1.19012 1.24 1.22175 1.32281 1.26468 1.38269 1.34481 1.38528 1.33434 1.4268 1.4777 1.4513 1.54242 1.41693 1.53445 1.55076 1.54005 1.46792 1.57128 1.62841 1.6626 1.6415 
1.85012 1.84736 1.73437 1.80392 1.75098 1.75428 1.61437 1.6508 1.62266 1.61912 1.62246 1.58197 1.52057 1.47197 1.51839 1.50633 1.45858 1.42209 1.418 1.38013 1.39034 1.36752 1.31415 1.28869 1.31591 1.25302 1.27274 1.22008 1.24271 1.1914 1.21025 1.16265 1.15471 1.1514 1.13056 1.10886 1.10102 1.09509 1.08087 1.06659 1.06043 1.04289 1.03484 1.02664 1.0205 1.01885 1.01661 1.00507 1.00438 1.00102 0.999446 0.99958 0.997007 0.993137 1.00356 1.00075 1.00294 1.01489 1.01308 1.00587 1.00627 1.0477 1.0255 1.05066 1.06948 1.08638 1.11908 1.11952 1.08888 1.10782 1.13498 1.16168 1.12398 1.17492 1.23353 1.1418 1.21891 1.16169 1.29893 1.28441 1.29234 1.27896 1.3261 1.36178 1.36075 1.41823 1.30211 1.47757 1.3354 1.45282 1.40263 1.41085 1.59876 1.56966 1.46295 1.65063 1.63148 1.60327 1.65842 1.63027 
1.84399 1.82782 1.80301 1.69102 1.74034 1.76447 1.65712 1.6543 1.61914 1.63485 1.53862 1.5665 1.45654 1.5191 1.52046 1.46548 1.49562 1.44953 1.39569 1.44764 1.40549 1.33289 1.36181 1.30914 1.30645 1.32535 1.25548 1.24631 1.2206 1.1992 1.23251 1.14265 1.16942 1.13871 1.13679 1.10164 1.10268 1.09565 1.06991 1.07663 1.05937 1.0552 1.04103 1.04031 1.02959 1.01652 1.00984 1.00673 1.00297 1.00095 0.999062 0.996123 1.00086 0.997674 0.999439 1.008 1.01237 0.986727 1.01735 1.03082 1.00054 1.04175 1.05262 1.05078 1.05698 1.09997 1.1128 1.06453 1.10683 1.11318 1.09876 1.13997 1.14788 1.13517 1.1671 1.21646 1.2204 1.2464 1.28945 1.18971 1.32294 1.29156 1.26778 1.35916 1.42865 1.33663 1.43322 1.43204 1.47205 1.41462 1.46023 1.46548 1.46703 1.53796 1.54079 1.55934 1.41369 1.71798 1.68938 1.70207 
1.82584 1.82695 1.77915 1.75634 1.82515 1.66822 1.74604 1.67939 1.69108 1.63623 1.62682 1.60345 1.53173 1.52586 1.48195 1.51222 1.43277 1.41087 1.39362 1.42457 1.38974 1.35832 1.36798 1.30308 1.28826 1.28513 1.31273 1.25394 1.21084 1.19549 1.18421 1.17964 1.16703 1.14203 1.11701 1.13761 1.11125 1.07903 1.09085 1.06563 1.0646 1.04759 1.041 1.03551 1.02323 1.01079 1.00492 1.00605 1.00282 1.00055 0.99899 0.995725 1.0012 1.00408 1.00475 1.0059 1.00191 1.01474 1.00115 1.0068 1.02081 1.01707 1.06114 1.03073 1.00887 1.07043 1.08414 1.07441 1.13339 1.09934 1.16229 1.16149 1.15129 1.15621 1.14925 1.15295 1.20064 1.21915 1.22013 1.23247 1.28471 1.33109 1.33371 1.23551 1.34324 1.48896 1.34692 1.40536 1.39842 1.45478 1.53101 1.5434 1.56977 1.47485 1.58793 1.54074 1.61984 1.61158 1.60316 1.64233 
1.90054 1.80502 1.74897 1.76382 1.75773 1.74642 1.65236 1.6666 1.65686 1.61788 1.60731 1.57356 1.51354 1.53021 1.50221 1.47747 1.43791 1.48505 1.40337 1.3667 1.40708 1.39687 1.35057 1.35776 1.2759 1.27357 1.26177 1.25311 1.22349 1.21682 1.19756 1.17858 1.17728 1.13611 1.13096 1.09421 1.08999 1.09053 1.05967 1.07354 1.0647 1.03805 1.04514 1.02983 1.02793 1.01018 1.01347 1.00968 1.00255 1.00161 0.999531 1.00172 0.99777 0.999123 0.992714 0.996291 0.993966 1.02001 1.00714 1.02226 1.02935 1.02774 1.04768 1.0207 1.05894 1.07977 1.06295 1.03161 1.10231 1.12102 1.09288 1.12957 1.13749 1.14675 1.11973 1.18101 1.19781 1.23467 1.23608 1.32386 1.25442 1.22836 1.32111 1.28807 1.35603 1.33976 1.34706 1.41725 1.34509 1.5468 1.42897 1.50175 1.46318 1.50787 1.58902 1.59521 1.57593 1.61597 1.60522 1.50137 
1.90548 1.84867 1.82066 1.77244 1.77657 1.69111 1.68413 1.7136 1.69191 1.64376 1.58175 1.54072 1.56541 1.52628 1.50292 1.52825 1.47355 1.41302 1.45248 1.37362 1.32569 1.35576 1.31593 1.28773 1.25138 1.31569 1.24051 1.26465 1.25995 1.2156 1.17518 1.18509 1.13789 1.14125 1.13748 1.1425 1.10497 1.08977 1.08437 1.05241 1.05104 1.03757 1.04817 1.02911 1.02362 1.01608 1.00679 1.00952 1.00197 1.00076 0.999042 0.998398 0.996596 1.00054 0.99464 1.00295 1.00671 1.01055 1.00627 1.03507 1.01757 1.03026 1.02407 1.05447 1.07561 1.06568 1.07818 1.10672 1.09535 1.13169 1.09209 1.10567 1.13543 1.13094 1.22457 1.18826 1.16678 1.18335 1.14966 1.29242 1.27126 1.22562 1.26514 1.33499 1.30806 1.28957 1.36828 1.46271 1.3895 1.36231 1.44887 1.5332 1.48644 1.53159 1.52246 1.54698 1.59145 1.66298 1.66831 1.61278 
1.8446 1.75751 1.74139 1.75058 1.74979 1.69194 1.71706 1.69228 1.65572 1.60842 1.6024 1.55575 1.54458 1.53301 1.52551 1.52022 1.48342 1.47517 1.39894 1.38589 1.34193 1.37562 1.38914 1.32348 1.30399 1.29766 1.27798 1.24261 1.25267 1.23474 1.20826 1.16362 1.16307 1.13638 1.14409 1.12391 1.12817 1.08733 1.08621 1.07942 1.04631 1.05868 1.04615 1.02624 1.01632 1.02076 1.0114 1.01 1.00408 1.00146 0.999249 0.997167 0.993528 0.994839 1.01217 0.998462 0.999547 1.00135 1.01057 1.01941 1.04327 1.03144 1.04764 1.04611 1.05006 1.08927 1.07228 1.05974 1.07954 1.08203 1.13444 1.10944 1.15967 1.15814 1.15106 1.13381 1.2729 1.20549 1.23066 1.2275 1.28894 1.30417 1.26717 1.29165 1.36103 1.39561 1.32488 1.28135 1.50906 1.48811 1.50752 1.4111 1.51139 1.40977 1.58484 1.52157 1.58181 1.6508 1.58802 1.68797 
1.80832 1.78849 1.7546 1.82074 1.81569 1.7868 1.73742 1.65694 1.68632 1.61725 1.6163 1.5635 1.521 1.56051 1.56775 1.52982 1.46642 1.45633 1.42025 1.38451 1.36783 1.38997 1.34658 1.3171 1.33581 1.27989 1.24501 1.23936 1.23196 1.21623 1.16995 1.19359 1.16208 1.13946 1.09939 1.1083 1.10154 1.07447 1.08252 1.09335 1.06766 1.06295 1.05208 1.03263 1.02284 1.0172 1.01455 1.00902 1.0006 1.00072 0.998959 0.99477 1.00169 1.00183 1.00308 1.00399 1.00277 0.994614 1.02707 1.03099 1.01088 1.028 1.0406 1.06075 1.06784 1.06853 1.06045 1.05997 1.09165 1.0928 1.12315 1.11376 1.14231 1.20685 1.1785 1.22804 1.25644 1.22339 1.19262 1.27702 1.20823 1.30197 1.29858 1.31204 1.27483 1.37149 1.36308 1.42253 1.37194 1.41554 1.4343 1.44855 1.52843 1.41757 1.5197 1.62587 1.70427 1.61687 1.73796 1.54275 
1.8607 1.83102 1.76866 1.71426 1.76409 1.74566 1.65379 1.73358 1.66928 1.62341 1.62955 1.58907 1.5508 1.54922 1.51458 1.48544 1.48183 1.47787 1.43181 1.37156 1.38335 1.36139 1.32502 1.32499 1.30762 1.25493 1.23459 1.26164 1.22642 1.19249 1.19104 1.16977 1.14964 1.15905 1.12957 1.10049 1.09773 1.09147 1.07577 1.06295 1.03988 1.05956 1.03418 1.03615 1.01413 1.02559 1.00987 1.00735 1.0049 1.00034 0.998146 0.998864 0.997429 1.00149 0.996999 0.998871 1.01275 1.00423 1.01504 1.00556 1.03954 1.02895 1.04742 1.03658 1.0555 1.052 1.09762 1.09434 1.07186 1.129 1.13933 1.12926 1.15339 1.16155 1.18021 1.17417 1.24268 1.24524 1.27407 1.24248 1.29346 1.29329 1.33545 1.32981 1.32375 1.28116 1.4231 1.35468 1.39864 1.5555 1.51909 1.46773 1.583 1.4581 1.5956 1.63613 1.62817 1.63091 1.69599 1.64305 
1.83039 1.8229 1.80338 1.76821 1.72673 1.75555 1.68767 1.66461 1.68487 1.66462 1.64302 1.58126 1.52596 1.54965 1.53897 1.52519 1.45199 1.45223 1.46197 1.41316 1.40833 1.31227 1.33687 1.30785 1.32505 1.28253 1.2593 1.22473 1.2067 1.22317 1.16809 1.20753 1.13237 1.15712 1.09892 1.13136 1.09685 1.08462 1.08947 1.05446 1.04351 1.05395 1.03617 1.03585 1.02927 1.01891 1.01602 1.00572 1.00535 1.00072 0.999601 0.99462 0.997233 0.994154 0.995552 1.00296 0.998873 1.02193 1.01972 1.01725 1.01264 1.00274 1.04364 1.05443 1.06069 1.04957 1.08304 1.11908 1.08354 1.15181 1.10671 1.12919 1.19609 1.12516 1.19088 1.16743 1.21246 1.20943 1.18797 1.31888 1.22328 1.27924 1.2301 1.25221 1.33755 1.42555 1.40547 1.41722 1.43704 1.43965 1.44112 1.47036 1.48709 1.42951 1.3965 1.59973 1.52583 1.4475 1.55835 1.67605 
1.81912 1.78775 1.85572 1.79206 1.6915 1.70197 1.77185 1.67947 1.63875 1.63715 1.61345 1.54151 1.56338 1.53604 1.52148 1.5008 1.45217 1.44141 1.44574 1.41181 1.36072 1.35698 1.35834 1.34395 1.33422 1.25918 1.25889 1.22233 1.24011 1.19809 1.18094 1.17064 1.18125 1.14312 1.13455 1.11105 1.10284 1.07402 1.10047 1.09103 1.05148 1.04749 1.03951 1.03176 1.02941 1.01755 1.01122 1.00642 1.00298 1.00091 0.998645 0.996946 0.997941 0.996031 1.00307 0.999769 1.01053 1.00354 0.997296 1.00201 1.04519 1.04667 1.00982 1.06477 1.06378 1.06617 1.08585 1.07729 1.11192 1.07475 1.1323 1.13128 1.13243 1.14483 1.21361 1.16729 1.18289 1.18035 1.26472 1.23264 1.2717 1.27316 1.26963 1.32384 1.36288 1.40806 1.32184 1.41109 1.49519 1.39353 1.53624 1.49252 1.5736 1.47053 1.44487 1.46839 1.52414 1.48808 1.65455 1.57132 
1.84398 1.8385 1.75838 1.83079 1.73741 1.74352 1.74036 1.64984 1.62418 1.65517 1.58018 1.52612 1.60629 1.47379 1.56418 1.50422 1.45617 1.4751 1.41287 1.3774 1.34442 1.38488 1.35168 1.35665 1.25839 1.29284 1.23935 1.24886 1.23983 1.21234 1.15818 1.15957 1.15893 1.17876 1.1088 1.1361 1.10934 1.09151 1.08326 1.06834 1.06862 1.0517 1.03966 1.03154 1.02974 1.01687 1.01345 1.00618 1.00449 1.00176 0.999778 0.997814 0.997585 0.993351 0.999345 1.00999 1.00686 1.01048 1.01895 1.01468 1.02309 1.02551 1.03811 1.03359 1.06065 1.0382 1.07904 1.09742 1.08313 1.07483 1.10623 1.17386 1.16614 1.16031 1.13189 1.21407 1.21394 1.1781 1.21849 1.22154 1.25309 1.2657 1.26671 1.37234 1.36351 1.44175 1.35108 1.42726 1.36866 1.48064 1.53991 1.47906 1.51394 1.47284 1.62247 1.49717 1.64576 1.54725 1.58297 1.68975 
1.88372 1.79128 1.76992 1.85213 1.77264 1.67646 1.62791 1.73393 1.62178 1.67433 1.66682 1.61614 1.55182 1.50161 1.56817 1.45564 1.5024 1.4286 1.37404 1.37573 1.40749 1.33717 1.32826 1.32715 1.28766 1.30882 1.25011 1.26121 1.23804 1.22447 1.17846 1.19548 1.16305 1.1568 1.13767 1.10326 1.10618 1.08727 1.08398 1.08821 1.071 1.06788 1.04084 1.03008 1.02583 1.02252 1.01835 1.01153 1.00479 1.00201 0.999857 0.997464 0.993338 0.999272 0.994375 0.99269 0.993337 1.01623 0.998419 1.02954 1.00125 1.03264 1.02699 1.04502 1.06072 1.06137 1.11836 1.07092 1.10978 1.07921 1.09829 1.12465 1.13729 1.16538 1.22317 1.18249 1.23283 1.21297 1.29209 1.26073 1.38138 1.28375 1.24499 1.29057 1.32864 1.39781 1.3574 1.44105 1.29037 1.42574 1.46243 1.50753 1.41678 1.4259 1.53202 1.56701 1.52744 1.6274 1.59229 1.6037 
1.84353 1.8317 1.79254 1.78738 1.73399 1.70941 1.68205 1.68877 1.67914 1.6245 1.61846 1.59744 1.52586 1.57275 1.56528 1.52581 1.51463 1.49465 1.45485 1.41102 1.36869 1.37048 1.34278 1.33893 1.29098 1.3021 1.28783 1.24367 1.22135 1.22261 1.18782 1.15776 1.1832 1.13482 1.14029 1.09233 1.10037 1.08886 1.07211 1.05317 1.0572 1.04457 1.04498 1.02822 1.02583 1.0216 1.01233 1.00857 1.00544 1.00169 0.999077 0.997661 0.99702 1.00182 1.00563 1.00629 1.00341 1.00684 1.00878 1.02087 1.01115 1.02381 1.00513 1.04136 1.04668 1.06077 1.04631 1.07582 1.05611 1.09211 1.13428 1.09005 1.1835 1.14228 1.19254 1.23379 1.17535 1.18566 1.17384 1.24621 1.28438 1.23999 1.21244 1.33398 1.4055 1.35934 1.31291 1.50668 1.34725 1.46512 1.39042 1.4118 1.39002 1.43933 1.54021 1.4921 1.53026 1.57084 1.61311 1.6063 
1.87966 1.83258 1.7798 1.75043 1.78741 1.69793 1.66437 1.72641 1.65389 1.61461 1.56736 1.59017 1.64331 1.54467 1.4645 1.53508 1.45395 1.4915 1.3968 1.38863 1.38322 1.40176 1.34007 1.31481 1.28786 1.2559 1.26681 1.23406 1.22097 1.19303 1.19128 1.18886 1.14589 1.1635 1.13452 1.09251 1.12559 1.10437 1.0865 1.06997 1.04905 1.04873 1.04394 1.03891 1.02807 1.0186 1.00828 1.00839 1.00638 1.00114 0.999052 0.998321 0.994374 0.994075 0.993418 1.0005 1.0014 1.0097 1.00803 1.01397 1.03354 1.03184 1.02093 1.03601 1.07128 1.02743 1.10405 1.08868 1.11181 1.12935 1.1486 1.15844 1.15977 1.20097 1.20676 1.16108 1.1888 1.22401 1.22931 1.26004 1.23126 1.23705 1.26066 1.3185 1.45224 1.31518 1.28353 1.42594 1.44197 1.40159 1.39636 1.41164 1.4701 1.54213 1.51892 1.57793 1.60033 1.56335 1.46592 1.64105 
1.8815 1.80758 1.80846 1.75318 1.77759 1.74694 1.65195 1.61329 1.67486 1.63772 1.55387 1.59456 1.58652 1.49577 1.49096 1.52457 1.47835 1.46834 1.45334 1.37654 1.39968 1.37284 1.32338 1.32953 1.28512 1.25434 1.30123 1.25051 1.2331 1.1625 1.18547 1.18244 1.1561 1.16965 1.12067 1.10283 1.11107 1.0897 1.09127 1.06601 1.03921 1.04425 1.05108 1.03238 1.02544 1.02127 1.01577 1.00859 1.00464 1.00196 0.999405 0.997587 1.00114 0.992761 1.00136 0.990845 1.00396 0.999109 1.00596 1.03059 1.00885 1.03036 1.03998 1.03627 1.07581 1.07569 1.05506 1.09455 1.06072 1.08922 1.09677 1.13086 1.13497 1.18539 1.1968 1.18407 1.18957 1.21088 1.21879 1.26298 1.22712 1.28769 1.344 1.28573 1.38983 1.40616 1.25532 1.26284 1.41564 1.45955 1.4455 1.47754 1.48571 1.45621 1.58302 1.49721 1.51954 1.62884 1.53541 1.57714 
1.89867 1.81257 1.77793 1.81394 1.74331 1.70944 1.70705 1.6694 1.69568 1.66765 1.59077 1.60789 1.58651 1.52794 1.47792 1.47437 1.4142 1.41418 1.37121 1.39795 1.40649 1.36135 1.37802 1.2984 1.342 1.25714 1.27398 1.2262 1.20961 1.17979 1.17074 1.17409 1.18864 1.15587 1.13162 1.10593 1.11407 1.10764 1.07824 1.05652 1.05889 1.04418 1.04218 1.03119 1.02954 1.01898 1.00784 1.01246 1.00524 1.00194 0.998412 0.997687 0.996982 0.993186 1.00167 0.990596 1.01016 1.01196 1.00096 1.01054 1.01508 1.02737 1.07274 1.04863 1.05823 1.07694 1.07905 1.07882 1.06138 1.04978 1.14337 1.18427 1.22531 1.16505 1.20981 1.18433 1.17775 1.17564 1.24195 1.23664 1.24198 1.31994 1.2986 1.26537 1.37298 1.30344 1.30188 1.39205 1.39007 1.48671 1.45428 1.48863 1.39985 1.51327 1.5992 1.42173 1.54516 1.51759 1.63604 1.7407 
1.90652 1.87079 1.81932 1.7577 1.77797 1.74575 1.66943 1.7373 1.65236 1.61168 1.62481 1.621 1.6296 1.53069 1.55252 1.51064 1.41764 1.43216 1.4352 1.41212 1.42028 1.36245 1.31464 1.32025 1.28523 1.26834 1.25407 1.22873 1.24582 1.21338 1.17899 1.19175 1.18007 1.13878 1.14825 1.14001 1.11346 1.0898 1.07146 1.07887 1.06227 1.04973 1.04108 1.03209 1.01922 1.01522 1.01404 1.00736 1.00695 1.00144 0.998843 0.998627 0.996657 1.00095 0.990279 0.994013 0.996808 0.997733 1.01415 1.01085 1.028 1.02612 1.03919 1.04599 1.05352 1.08041 1.05153 1.06152 1.08192 1.08722 1.12548 1.14714 1.0978 1.15823 1.20579 1.17819 1.14027 1.24277 1.20217 1.19319 1.32166 1.31326 1.29954 1.35732 1.33937 1.31319 1.3205 1.32646 1.4213 1.38566 1.40972 1.52934 1.44286 1.52602 1.45244 1.63118 1.51442 1.59323 1.55951 1.56873 
1.88984 1.78911 1.80366 1.82292 1.8128 1.80171 1.67639 1.6862 1.65653 1.61005 1.66802 1.61862 1.554 1.58112 1.50339 1.43567 1.47633 1.46384 1.44461 1.3804 1.37488 1.36888 1.38894 1.30762 1.2866 1.30507 1.28809 1.23609 1.2475 1.2128 1.21648 1.18128 1.15882 1.1189 1.13672 1.1112 1.07854 1.08537 1.09308 1.06222 1.0431 1.06386 1.03246 1.02172 1.03081 1.01974 1.01411 1.01233 1.00384 1.00082 0.998134 0.996523 0.999445 0.998974 1.00254 0.998983 0.997101 1.00567 1.02309 1.03581 0.999178 1.02844 1.03206 1.04264 1.04199 1.03332 1.08481 1.02826 1.09824 1.11828 1.14491 1.13181 1.15184 1.15412 1.15609 1.15157 1.21293 1.14639 1.26549 1.27493 1.26522 1.24763 1.29262 1.30834 1.33975 1.2941 1.32551 1.34802 1.43638 1.32447 1.57053 1.46568 1.43487 1.52834 1.52995 1.51501 1.58575 1.54804 1.54799 1.61576 
1.82786 1.82575 1.76991 1.84677 1.81919 1.65712 1.74551 1.73571 1.66098 1.6256 1.57999 1.60724 1.59 1.45476 1.51413 1.5706 1.50374 1.47483 1.44715 1.39539 1.35547 1.41334 1.35277 1.28953 1.30006 1.27155 1.25195 1.24232 1.2118 1.23035 1.17453 1.17444 1.19774 1.14752 1.13822 1.13428 1.11494 1.10002 1.08184 1.07864 1.06992 1.05069 1.04849 1.02655 1.02682 1.01593 1.02231 1.01285 1.00387 1.00099 0.999412 0.998134 0.997015 0.995344 0.995241 1.00477 0.994333 1.01057 1.0056 1.01125 1.03171 1.02959 1.046 1.02731 1.06307 1.07262 1.11602 1.09227 1.06237 1.10482 1.11447 1.13323 1.15768 1.13854 1.20448 1.18607 1.17022 1.21756 1.18955 1.33084 1.23101 1.29611 1.29388 1.27496 1.34148 1.37333 1.34342 1.41456 1.37171 1.47463 1.39579 1.47568 1.41358 1.47819 1.58581 1.56785 1.55471 1.57593 1.58931 1.53737 
1.80905 1.80764 1.77774 1.75311 1.79759 1.72462 1.74133 1.61198 1.59598 1.59755 1.65659 1.59224 1.53037 1.53454 1.48102 1.48473 1.46415 1.46473 1.42429 1.41301 1.37529 1.30172 1.35323 1.3149 1.29952 1.27607 1.26961 1.22693 1.25031 1.21193 1.19459 1.16581 1.16288 1.13819 1.13107 1.15002 1.11476 1.08555 1.06862 1.07842 1.05638 1.05863 1.04132 1.0292 1.01926 1.01986 1.0134 1.00973 1.00337 1.00099 0.998889 0.992745 0.998775 0.998634 0.998127 1.00578 1.01094 1.0074 1.01839 0.995112 1.00437 1.0114 1.01164 1.01 1.08534 1.05485 1.08834 1.08033 1.12389 1.15194 1.12063 1.17092 1.14009 1.16393 1.16887 1.13892 1.23451 1.15091 1.25207 1.23224 1.26395 1.31833 1.30059 1.31985 1.38386 1.33552 1.36463 1.43526 1.33296 1.43615 1.50519 1.53568 1.41261 1.53944 1.46272 1.56991 1.51258 1.46255 1.59717 1.69822 
1.83479 1.77904 1.74106 1.7972 1.71814 1.7345 1.66664 1.66828 1.60278 1.62323 1.58951 1.59122 1.55869 1.51824 1.53713 1.46216 1.4521 1.4417 1.40339 1.41207 1.4074 1.34536 1.34569 1.3635 1.29179 1.27249 1.26963 1.23174 1.23997 1.22117 1.13568 1.20033 1.15976 1.14635 1.14002 1.10582 1.10774 1.08797 1.08265 1.07293 1.06413 1.04248 1.05377 1.02896 1.02144 1.01498 1.01232 1.00702 1.00553 1.00104 0.999183 0.996797 0.993625 1.00036 1.00051 0.996275 0.998163 1.00183 1.00107 1.02074 1.03975 1.03004 1.03883 1.02089 1.05646 1.07739 1.05182 1.07081 1.12239 1.14207 1.13197 1.08609 1.18727 1.14791 1.20865 1.17744 1.16248 1.16962 1.26085 1.25021 1.25897 1.31742 1.33008 1.19948 1.29104 1.29342 1.34323 1.36731 1.38974 1.38894 1.38845 1.53247 1.44553 1.49253 1.47953 1.62347 1.62236 1.47887 1.61538 1.49909 
1.83355 1.86043 1.8345 1.72175 1.78126 1.68561 1.69086 1.68511 1.67442 1.58722 1.59184 1.55216 1.59872 1.48339 1.52223 1.57847 1.44788 1.4042 1.46083 1.40357 1.4035 1.37877 1.30476 1.31559 1.3316 1.27093 1.26886 1.25048 1.23504 1.1892 1.21848 1.17678 1.17353 1.15763 1.13473 1.10792 1.09866 1.08861 1.07148 1.08196 1.05145 1.04141 1.0494 1.03879 1.03269 1.01967 1.01881 1.00929 1.0053 1.00109 0.998453 0.998477 0.995345 0.999017 0.996299 0.998223 1.01037 0.995074 1.00221 1.03628 1.0243 1.01633 1.04568 1.04178 1.06266 1.06126 1.04464 1.09274 1.06648 1.11846 1.1277 1.10178 1.20829 1.10508 1.12542 1.21114 1.22473 1.26055 1.22535 1.25079 1.27294 1.26829 1.31787 1.2156 1.35109 1.30054 1.37509 1.36288 1.40218 1.3728 1.47649 1.41146 1.55858 1.42357 1.54251 1.51227 1.46308 1.6908 1.49457 1.63917 
1.80587 1.79865 1.72102 1.76685 1.7744 1.73934 1.69896 1.77952 1.61848 1.66434 1.65717 1.55555 1.54327 1.52897 1.45841 1.49923 1.48878 1.4631 1.44071 1.42127 1.39832 1.40708 1.29418 1.32779 1.33357 1.26514 1.24284 1.23941 1.23387 1.19881 1.19548 1.15132 1.14723 1.14164 1.15152 1.11443 1.1187 1.07214 1.07633 1.06699 1.07494 1.04978 1.05066 1.02773 1.03176 1.02302 1.01015 1.0046 1.0048 1.00134 1.00065 0.997524 1.00193 0.995276 0.98536 1.00251 1.00541 1.00766 1.01717 1.03027 1.0475 1.04142 1.04808 1.04575 1.03543 1.04548 1.06548 1.06887 1.09275 1.0672 1.12662 1.15987 1.14741 1.17349 1.19718 1.23474 1.18333 1.27261 1.26212 1.23217 1.2632 1.33548 1.23247 1.27458 1.37761 1.44633 1.39099 1.40527 1.39809 1.42677 1.38184 1.48877 1.50463 1.46935 1.44939 1.5894 1.47159 1.63985 1.59405 1.66078 
1.81862 1.9058 1.81216 1.76961 1.65483 1.666 1.62779 1.7114 1.68977 1.60117 1.62173 1.59869 1.58836 1.48838 1.51641 1.49069 1.45723 1.48545 1.42885 1.39111 1.37542 1.34308 1.34098 1.3178 1.29205 1.2796 1.30562 1.27562 1.23745 1.20151 1.22953 1.16034 1.1894 1.13451 1.12245 1.11976 1.10945 1.09264 1.07886 1.06601 1.05538 1.05374 1.03565 1.0372 1.02441 1.02158 1.01745 1.00773 1.00483 1.00118 0.999181 0.998565 1.0011 0.998916 0.993977 1.00112 1.01213 1.01352 1.02321 0.999954 1.01036 1.02486 1.02309 1.06957 1.06959 1.0763 1.06993 1.09845 1.1168 1.1231 1.1133 1.10709 1.13645 1.09456 1.16064 1.18557 1.16618 1.1471 1.21148 1.21112 1.29645 1.25572 1.33837 1.26877 1.29307 1.33086 1.46497 1.37884 1.39886 1.40208 1.38498 1.48472 1.50578 1.45493 1.43521 1.47971 1.56495 1.56778 1.60256 1.50217 
1.82406 1.79711 1.79742 1.79535 1.7896 1.6621 1.67394 1.66657 1.63418 1.61283 1.63065 1.60299 1.52167 1.54187 1.47651 1.50598 1.48491 1.40861 1.42267 1.3948 1.34067 1.36524 1.32297 1.32311 1.26654 1.2953 1.25085 1.25269 1.24548 1.21311 1.19025 1.16453 1.14257 1.15713 1.1226 1.13726 1.10875 1.09375 1.09022 1.08663 1.06782 1.04599 1.0467 1.04912 1.03101 1.0144 1.01465 1.00959 1.00398 1.00209 0.999692 0.998091 0.994019 0.993555 1.00139 1.00878 0.995772 1.00533 1.00115 1.01761 1.034 1.04681 1.01525 1.02007 1.04732 1.04897 1.07945 1.07056 1.08739 1.10897 1.07596 1.11396 1.13705 1.17204 1.16257 1.17124 1.2012 1.15932 1.22102 1.15995 1.25392 1.27244 1.24597 1.34354 1.33776 1.32092 1.42801 1.38742 1.41795 1.49299 1.43142 1.36792 1.48513 1.53969 1.48629 1.5263 1.45367 1.49144 1.56399 1.58352 
1.80587 1.78223 1.75525 1.76354 1.72163 1.78676 1.73179 1.67358 1.67295 1.62198 1.58992 1.59501 1.56429 1.55578 1.52988 1.48546 1.46629 1.47962 1.47075 1.38755 1.43035 1.36253 1.37433 1.32843 1.31766 1.25723 1.23894 1.25969 1.2345 1.22631 1.19355 1.19091 1.17672 1.14432 1.12418 1.14098 1.09441 1.09753 1.08121 1.07043 1.061 1.04925 1.0355 1.03816 1.03248 1.01906 1.01558 1.00628 1.00676 1.00128 0.999034 0.998189 0.994216 0.99875 0.999777 1.00118 1.01201 0.999873 1.02437 1.00119 1.01135 1.03218 1.04226 1.03028 1.03375 1.10132 1.07551 1.08737 1.12667 1.12083 1.08042 1.12403 1.1222 1.1684 1.21384 1.23904 1.20652 1.22713 1.17934 1.19913 1.32526 1.32024 1.28245 1.27412 1.28472 1.36479 1.31999 1.42598 1.41139 1.44313 1.39342 1.43539 1.44803 1.37691 1.53445 1.52857 1.56492 1.6285 1.48499 1.80561 
1.72928 1.7997 1.85433 1.77236 1.73139 1.71121 1.75022 1.6646 1.65231 1.62789 1.58997 1.53253 1.57868 1.49342 1.51303 1.51725 1.43573 1.44504 1.45439 1.32011 1.41623 1.37887 1.35182 1.31072 1.2863 1.29186 1.2288 1.26434 1.24941 1.20708 1.1918 1.19659 1.16871 1.12337 1.14053 1.10676 1.09126 1.08713 1.07223 1.07892 1.06034 1.04437 1.04304 1.03802 1.02337 1.01882 1.0084 1.01012 1.00397 1.00111 0.999672 1.00062 0.997389 0.996238 0.997138 1.00308 1.00765 0.992206 1.00354 1.02022 1.02693 1.04366 1.02218 1.02723 1.07778 1.09388 1.04503 1.0921 1.05191 1.08903 1.08221 1.12009 1.1164 1.11127 1.19503 1.19723 1.18395 1.19732 1.2278 1.24468 1.25968 1.30452 1.22942 1.23907 1.40068 1.438 1.38319 1.43266 1.37745 1.3478 1.35173 1.5341 1.46441 1.39673 1.47406 1.49833 1.57266 1.55125 1.57975 1.67332 
1.85785 1.88889 1.779 1.76471 1.68073 1.70809 1.72315 1.71086 1.63958 1.58571 1.6597 1.59249 1.55126 1.5603 1.48752 1.44476 1.44397 1.44263 1.42173 1.42472 1.41308 1.37511 1.36978 1.33254 1.3071 1.30093 1.28696 1.25961 1.23823 1.21265 1.22013 1.18935 1.16526 1.17054 1.12132 1.11813 1.12264 1.07752 1.07896 1.0839 1.05799 1.05445 1.03913 1.03317 1.02823 1.02051 1.01536 1.00915 1.00289 1.00223 0.99878 0.997365 0.997459 0.998105 1.00293 1.00157 1.00918 1.00711 1.00351 1.02011 1.01548 1.04541 1.03257 1.02187 1.04798 1.0657 1.08536 1.07705 1.07038 1.06194 1.09902 1.13488 1.138 1.19235 1.1659 1.17828 1.2235 1.20693 1.21737 1.28253 1.278 1.26407 1.27499 1.14408 1.35084 1.44878 1.29615 1.27835 1.39991 1.49155 1.40853 1.43708 1.42205 1.51608 1.5752 1.43209 1.53026 1.76159 1.55794 1.60808 
1.86787 1.90863 1.75197 1.79252 1.73935 1.71449 1.70045 1.69044 1.69958 1.6383 1.62069 1.57614 1.4771 1.56908 1.53077 1.49603 1.45158 1.42306 1.42294 1.42044 1.39076 1.40571 1.35995 1.28655 1.32283 1.29606 1.27703 1.24535 1.224 1.20399 1.18329 1.21303 1.1597 1.15122 1.15002 1.11511 1.12094 1.095 1.07922 1.05929 1.05729 1.04778 1.04843 1.03251 1.02555 1.0163 1.01941 1.00781 1.00617 1.0008 0.998569 0.998493 0.995775 0.99837 0.994706 0.99518 1.01316 0.99994 1.02423 1.00895 1.01751 1.0329 1.03073 1.04344 1.0173 1.06914 1.07289 1.04944 1.08304 1.05637 1.0769 1.11821 1.11855 1.12146 1.19097 1.15326 1.18815 1.21426 1.19764 1.2476 1.28731 1.22524 1.2254 1.30326 1.29809 1.33224 1.36982 1.3946 1.37004 1.53816 1.38855 1.41738 1.44087 1.52242 1.5153 1.53658 1.58354 1.53064 1.69039 1.61778 
1.90184 1.79192 1.762 1.76908 1.74186 1.66831 1.67752 1.71812 1.65931 1.62844 1.55831 1.62023 1.54193 1.5377 1.5599 1.42447 1.48728 1.47595 1.41661 1.42258 1.41275 1.35685 1.3376 1.31069 1.27255 1.28521 1.24669 1.25502 1.24404 1.22748 1.20871 1.17233 1.16721 1.15227 1.14759 1.12387 1.08717 1.09422 1.09099 1.08304 1.06709 1.05862 1.03709 1.02613 1.02867 1.01754 1.01167 1.01153 1.00732 1.00121 0.999671 0.999129 0.996467 0.995284 0.996069 1.00325 0.992174 1.00571 1.00924 1.01602 1.0078 1.01021 1.04301 1.01645 1.05665 1.10029 1.079 1.08661 1.09101 1.09339 1.08566 1.11604 1.10967 1.16896 1.15114 1.16158 1.24878 1.18717 1.29444 1.24457 1.26671 1.27296 1.30801 1.42138 1.26194 1.27781 1.42015 1.34351 1.38665 1.41375 1.39722 1.39979 1.51737 1.54368 1.46902 1.5609 1.52891 1.55902 1.5889 1.50803 
1.93096 1.81515 1.81146 1.74994 1.76522 1.71544 1.71566 1.74857 1.69304 1.58379 1.5917 1.55884 1.54861 1.52948 1.50227 1.483 1.44104 1.44476 1.41775 1.39329 1.41732 1.33768 1.34772 1.31426 1.28576 1.30684 1.23941 1.22866 1.23631 1.20467 1.18516 1.19693 1.14397 1.12273 1.14238 1.15409 1.10704 1.07114 1.08289 1.07476 1.06697 1.04935 1.04421 1.04482 1.03087 1.02649 1.01481 1.00865 1.00508 1.00053 0.998883 0.998848 0.998012 0.996982 0.998517 1.00198 1.00701 1.00975 1.01141 1.02146 1.04429 1.02259 1.03433 1.03893 1.08561 1.04462 1.06584 1.07157 1.09534 1.09308 1.11039 1.14414 1.10239 1.20238 1.15562 1.1672 1.1508 1.21371 1.20709 1.22283 1.27896 1.27027 1.31329 1.37719 1.2731 1.31768 1.42128 1.26235 1.32629 1.39315 1.51495 1.52301 1.43993 1.43934 1.50787 1.61996 1.63453 1.49159 1.54977 1.63465 
1.81078 1.79099 1.80457 1.79061 1.75291 1.69164 1.71294 1.62481 1.64217 1.58739 1.61279 1.59125 1.51277 1.52833 1.50164 1.51453 1.49245 1.45 1.39305 1.41522 1.3898 1.40192 1.36558 1.28571 1.2583 1.27758 1.25846 1.22683 1.23023 1.20173 1.19457 1.16878 1.17213 1.122 1.11617 1.1316 1.10259 1.11523 1.07297 1.06478 1.04487 1.05614 1.02906 1.03439 1.02962 1.01828 1.01676 1.00808 1.00467 1.00136 0.998767 0.997057 0.998149 0.995489 0.996494 0.997779 0.994306 1.01913 1.01511 1.0019 1.001 1.00027 1.04139 1.02337 1.06906 1.06798 1.06674 1.0677 1.11669 1.11975 1.12414 1.09154 1.20777 1.14393 1.12696 1.18012 1.1764 1.19006 1.24037 1.24337 1.26821 1.25434 1.28387 1.37422 1.26624 1.38298 1.33472 1.34242 1.43784 1.40527 1.49207 1.41252 1.44976 1.60414 1.59606 1.49057 1.48481 1.58214 1.48368 1.57739 
1.90994 1.79594 1.87318 1.79781 1.76467 1.69952 1.75849 1.6893 1.62759 1.62463 1.61596 1.62995 1.53047 1.54104 1.50733 1.48852 1.42936 1.44567 1.41975 1.40589 1.39018 1.31371 1.33951 1.3322 1.32265 1.26065 1.30154 1.26306 1.22572 1.19412 1.18966 1.18246 1.13674 1.15391 1.13645 1.13213 1.09309 1.10386 1.10054 1.06575 1.06201 1.04687 1.04061 1.03401 1.03547 1.0228 1.01516 1.01116 1.00539 1.00183 0.998588 0.995634 0.992865 0.993002 0.997238 0.997265 0.996696 0.998606 0.997131 0.995014 1.01492 1.00742 1.02743 1.05912 1.03422 1.05925 1.08226 1.04547 1.12076 1.12555 1.10596 1.10203 1.14956 1.14913 1.13314 1.18023 1.19779 1.28746 1.23063 1.21179 1.17397 1.32915 1.27607 1.32943 1.32678 1.36136 1.25159 1.29052 1.38504 1.3986 1.38556 1.41033 1.39405 1.44162 1.454 1.47347 1.54702 1.46924 1.48261 1.63074 
1.82924 1.82063 1.78465 1.73208 1.78121 1.75287 1.68715 1.64837 1.66595 1.64633 1.60803 1.56581 1.56999 1.51074 1.46869 1.51087 1.48718 1.44039 1.43537 1.43955 1.38436 1.32117 1.35674 1.30157 1.35457 1.29038 1.25385 1.24976 1.25525 1.23042 1.17987 1.16388 1.16486 1.14084 1.14567 1.12117 1.11952 1.09188 1.09979 1.07677 1.05527 1.04158 1.03599 1.02335 1.02417 1.01529 1.01259 1.00797 1.00441 1.00105 0.998371 0.998505 0.998585 0.994833 0.991212 1.00042 1.00561 1.01582 0.999873 1.02397 1.00636 1.05057 1.02312 1.05897 1.03794 1.08257 1.06672 1.08742 1.11688 1.10385 1.04432 1.16709 1.117 1.17626 1.1553 1.21764 1.12437 1.23705 1.21881 1.27339 1.26086 1.30606 1.26454 1.32599 1.30712 1.35883 1.41207 1.38758 1.38653 1.40142 1.43404 1.51774 1.50756 1.54367 1.45754 1.45456 1.56861 1.68067 1.50062 1.58132 
1.90543 1.80665 1.74101 1.71395 1.78922 1.73156 1.74716 1.69732 1.6325 1.60221 1.60212 1.53914 1.54322 1.56136 1.57197 1.49092 1.48928 1.44838 1.40755 1.39527 1.36431 1.31788 1.34653 1.30866 1.29892 1.26985 1.26798 1.24947 1.23707 1.19487 1.18836 1.17742 1.19128 1.13493 1.14107 1.12203 1.1088 1.08486 1.08695 1.05772 1.0454 1.04949 1.0434 1.02552 1.03027 1.01221 1.00896 1.00911 1.00625 1.00133 0.998295 0.997766 0.995859 0.997884 1.00505 0.993849 0.997031 1.01628 1.01438 1.01359 1.00591 1.02567 1.05161 1.04989 1.05289 1.06982 1.05939 1.08313 1.0982 1.09411 1.12528 1.11352 1.15881 1.12037 1.14856 1.17949 1.18713 1.20348 1.23699 1.20602 1.28747 1.1991 1.37929 1.29584 1.31869 1.24345 1.37645 1.40899 1.29727 1.41476 1.42493 1.40075 1.50648 1.56058 1.57852 1.46272 1.45832 1.56197 1.6889 1.65266 
1.81486 1.83747 1.83931 1.78673 1.81097 1.73077 1.65903 1.69984 1.66816 1.59095 1.58263 1.58379 1.54331 1.50801 1.5171 1.48276 1.4406 1.47039 1.38263 1.39191 1.39549 1.34228 1.37923 1.33195 1.29737 1.27549 1.25563 1.22806 1.23032 1.21206 1.17705 1.17558 1.13633 1.15527 1.13719 1.12565 1.10481 1.09758 1.09177 1.07135 1.06004 1.05638 1.04179 1.04083 1.02876 1.02218 1.01701 1.00674 1.0064 1.00099 0.999782 0.995279 0.99436 0.997756 1.00112 1.00051 0.998531 1.02373 1.00926 1.00728 1.01243 1.02128 1.03635 1.01164 1.06753 1.04601 1.08725 1.08395 1.09244 1.06057 1.08536 1.2034 1.13515 1.13578 1.11785 1.17705 1.20519 1.24144 1.29403 1.25312 1.25385 1.29032 1.33065 1.29501 1.33066 1.31643 1.33533 1.28167 1.3238 1.30612 1.40188 1.45682 1.50063 1.45553 1.55959 1.54961 1.60937 1.5155 1.53961 1.67745 
1.88463 1.83652 1.71071 1.75817 1.80243 1.71151 1.74557 1.68909 1.67972 1.66226 1.59821 1.57174 1.53385 1.50476 1.48192 1.50412 1.47919 1.45702 1.40657 1.39503 1.38765 1.35782 1.35037 1.36512 1.31906 1.27351 1.27378 1.27936 1.23462 1.22698 1.19781 1.17984 1.15927 1.14136 1.12267 1.13802 1.11968 1.08294 1.07999 1.07038 1.05221 1.05409 1.02547 1.02839 1.02742 1.01978 1.01809 1.01044 1.00552 1.00203 0.999373 0.995885 0.99216 0.992543 1.00618 1.00408 1.00224 0.999607 1.01065 1.01506 1.02158 1.01971 1.04999 1.05198 1.03938 1.04711 1.10343 1.07566 1.09296 1.05356 1.10476 1.11918 1.17645 1.13212 1.17459 1.15077 1.19204 1.19328 1.15316 1.23858 1.27136 1.2369 1.36328 1.28275 1.29517 1.33506 1.41827 1.36365 1.32708 1.44648 1.43444 1.40847 1.5441 1.54505 1.41211 1.57033 1.55755 1.56101 1.60233 1.62723 
1.82459 1.7864 1.81792 1.77266 1.76489 1.65748 1.6774 1.69651 1.67648 1.63464 1.57909 1.49349 1.50757 1.56177 1.52626 1.5404 1.45545 1.43094 1.40928 1.39971 1.3781 1.37202 1.32792 1.34024 1.31307 1.28958 1.27626 1.25454 1.2316 1.20243 1.20649 1.16415 1.14551 1.16869 1.12473 1.13905 1.13336 1.11166 1.08979 1.07677 1.06458 1.0557 1.03541 1.03378 1.02422 1.02218 1.01127 1.00961 1.00748 1.0021 0.998065 0.996234 0.997035 0.988786 0.996596 0.995453 1.00051 0.99143 1.02168 1.01032 0.997218 1.02004 1.04969 1.03336 1.036 1.05417 1.05944 1.08129 1.08449 1.1194 1.12614 1.10097 1.13255 1.13328 1.14937 1.17191 1.18356 1.23037 1.21579 1.27955 1.22783 1.30322 1.27872 1.30416 1.30577 1.35504 1.31038 1.28736 1.43592 1.4713 1.36685 1.41023 1.42853 1.42018 1.47221 1.49732 1.4973 1.48801 1.51409 1.59989 
1.89166 1.89084 1.74628 1.69366 1.78751 1.75612 1.68466 1.65232 1.66575 1.60014 1.57174 1.62132 1.57467 1.51712 1.51196 1.52692 1.49824 1.44326 1.37947 1.41541 1.38112 1.31628 1.35703 1.32581 1.28184 1.28309 1.27664 1.1953 1.23757 1.23158 1.19688 1.18817 1.16678 1.16114 1.14527 1.11169 1.09506 1.07819 1.06982 1.07033 1.06015 1.0536 1.04694 1.03382 1.0199 1.02474 1.01546 1.01053 1.0056 1.00088 0.999013 0.995796 0.999063 0.990122 1.00187 1.00009 1.01087 1.01962 1.00644 1.01457 1.02843 1.02015 1.06233 1.02687 1.04747 1.02998 1.06356 1.1029 1.10058 1.09753 1.13602 1.0516 1.14272 1.12167 1.15181 1.24525 1.17507 1.23567 1.29217 1.27029 1.27205 1.27218 1.25922 1.20031 1.36149 1.26357 1.42634 1.4469 1.35286 1.38667 1.40226 1.45648 1.43567 1.46757 1.49414 1.48836 1.48839 1.60051 1.58266 1.55841 
1.84596 1.8027 1.817 1.80271 1.73513 1.73751 1.67959 1.70889 1.66018 1.69825 1.65921 1.5666 1.57936 1.5455 1.5241 1.49687 1.48252 1.43273 1.46536 1.46098 1.37656 1.3756 1.35447 1.34517 1.28246 1.28018 1.2806 1.2278 1.20742 1.21592 1.19503 1.16649 1.15628 1.15962 1.11204 1.12177 1.09648 1.09199 1.07378 1.07264 1.06255 1.05579 1.04844 1.04142 1.02199 1.01481 1.01254 1.01187 1.00029 1.00079 0.998637 0.998876 1.00039 0.994049 0.991168 0.991217 1.00138 1.00094 1.00364 1.01672 1.0124 1.02458 1.03496 1.04981 1.04639 1.05358 1.04209 1.027 1.09735 1.05576 1.11316 1.08668 1.14921 1.14606 1.16182 1.13722 1.15077 1.24049 1.21444 1.28331 1.19692 1.21936 1.28735 1.31693 1.30272 1.41106 1.45287 1.30767 1.41175 1.44614 1.49895 1.52647 1.48589 1.39546 1.47758 1.45042 1.56094 1.46643 1.53633 1.50308 
1.77021 1.79591 1.8641 1.78774 1.76391 1.76325 1.62172 1.64819 1.59483 1.58397 1.52541 1.57305 1.53763 1.56923 1.53957 1.51407 1.44525 1.42693 1.39277 1.39458 1.35204 1.36816 1.34142 1.2883 1.30034 1.27296 1.2794 1.25432 1.25143 1.20474 1.21309 1.17681 1.15794 1.14153 1.13468 1.11912 1.09662 1.09948 1.09255 1.06199 1.06349 1.04952 1.05694 1.04338 1.02869 1.0187 1.01173 1.00716 1.0045 1.00077 0.999069 0.997911 0.994255 0.994967 1.00359 0.999203 0.998247 1.00096 1.01034 1.02713 1.01655 1.0364 1.0048 1.03122 1.0254 1.05353 1.07369 1.0767 1.1095 1.12409 1.09418 1.13153 1.12964 1.09104 1.13848 1.18862 1.2019 1.19232 1.21106 1.24454 1.23353 1.32625 1.24878 1.3492 1.27407 1.41667 1.38363 1.34074 1.38564 1.39366 1.39133 1.43483 1.56467 1.42402 1.56479 1.49585 1.50927 1.63234 1.53451 1.52282 
1.84594 1.87013 1.76164 1.75833 1.75871 1.73022 1.67686 1.66293 1.63856 1.57983 1.61614 1.59289 1.57033 1.46904 1.51748 1.47949 1.44394 1.42209 1.45606 1.43184 1.3908 1.38898 1.32225 1.32091 1.2819 1.28803 1.29357 1.22284 1.20309 1.22426 1.1639 1.1992 1.16787 1.13038 1.14144 1.09881 1.10373 1.11 1.09381 1.06479 1.07172 1.05004 1.03982 1.03119 1.02277 1.01891 1.01566 1.00993 1.00357 1.00125 0.998159 0.994774 0.99668 0.999251 0.989882 0.992623 0.999902 1.01506 0.996334 1.01279 1.00642 1.03881 1.02466 1.04298 1.06566 1.06089 1.02534 1.05031 1.10197 1.10935 1.07909 1.09431 1.15101 1.13076 1.12226 1.16165 1.16981 1.17662 1.19044 1.21284 1.1777 1.24049 1.32394 1.29286 1.25844 1.35651 1.33589 1.44894 1.31334 1.40819 1.43251 1.38058 1.401 1.44736 1.47382 1.51222 1.47818 1.59771 1.53376 1.5208 
1.87769 1.75314 1.7836 1.72978 1.76718 1.72982 1.69451 1.6453 1.66332 1.60817 1.64233 1.538 1.55341 1.53238 1.5242 1.50536 1.49346 1.44893 1.39341 1.40736 1.38009 1.35429 1.34973 1.34186 1.29125 1.27126 1.26971 1.24504 1.24505 1.2352 1.17466 1.17914 1.1454 1.1499 1.12173 1.1223 1.10115 1.08016 1.08319 1.07193 1.06358 1.05635 1.05014 1.03988 1.0195 1.02016 1.01275 1.00657 1.00478 1.00202 0.998705 0.999756 0.992502 0.994689 0.990197 1.00255 0.988628 1.00414 1.01219 1.02058 1.00705 1.03134 1.04509 1.05547 1.03 1.03299 1.04562 1.05351 1.09177 1.06931 1.08849 1.12729 1.15216 1.1825 1.17354 1.25938 1.16934 1.18893 1.22733 1.21775 1.32477 1.19898 1.35107 1.36338 1.29509 1.29991 1.35231 1.29546 1.3861 1.40004 1.34655 1.51229 1.41537 1.48223 1.49631 1.60354 1.44696 1.47386 1.49813 1.63905 
1.83578 1.80669 1.78083 1.76959 1.7414 1.76385 1.72739 1.70919 1.61178 1.62139 1.62072 1.54222 1.59023 1.59108 1.47208 1.49451 1.44137 1.41734 1.40991 1.41108 1.36598 1.37212 1.35177 1.34319 1.26186 1.28366 1.25088 1.23485 1.2245 1.20626 1.1798 1.19406 1.18343 1.16308 1.14429 1.10192 1.1039 1.07771 1.07433 1.07861 1.05395 1.04616 1.06767 1.04639 1.02874 1.01763 1.01306 1.01134 1.00011 1.00136 0.998342 0.996609 0.99444 0.990568 0.992647 1.00173 1.01119 1.00858 1.02099 1.01285 1.01972 1.02963 1.02785 1.05608 1.05109 1.04295 1.09805 1.04788 1.06216 1.0639 1.09429 1.09215 1.14128 1.09161 1.16323 1.11619 1.16319 1.16784 1.16652 1.19575 1.22918 1.28851 1.3202 1.27552 1.29057 1.40007 1.34053 1.35729 1.53598 1.39565 1.42224 1.48097 1.40414 1.50595 1.54449 1.47956 1.6193 1.41597 1.58627 1.58214 
1.7693 1.79724 1.86903 1.74654 1.78006 1.76647 1.72346 1.69905 1.60189 1.66446 1.61008 1.54614 1.56557 1.54759 1.43462 1.52652 1.46128 1.40102 1.37835 1.42184 1.33849 1.34942 1.36118 1.3229 1.30386 1.26915 1.26916 1.25869 1.23667 1.24975 1.18421 1.20641 1.15425 1.15603 1.13818 1.11337 1.1052 1.09542 1.09984 1.06352 1.06677 1.0473 1.04394 1.03762 1.02473 1.01149 1.00992 1.01177 1.00426 1.00164 0.998097 0.997268 1.00223 0.993885 1.00389 0.997641 0.997272 1.00935 0.999434 1.01988 0.996511 1.04408 1.02662 1.01763 1.04224 1.07162 1.06676 1.08455 1.06733 1.0957 1.12065 1.11932 1.09326 1.13061 1.13936 1.1712 1.19649 1.25452 1.19554 1.20547 1.18702 1.2475 1.28587 1.2927 1.29462 1.39323 1.40081 1.41702 1.37594 1.38324 1.40485 1.38665 1.47642 1.42816 1.48409 1.48589 1.46392 1.51101 1.5807 1.56712 
1.85285 1.76849 1.79158 1.74759 1.77839 1.682 1.67234 1.67639 1.62034 1.59443 1.62233 1.60854 1.53738 1.53905 1.47778 1.45211 1.45457 1.46874 1.42542 1.43583 1.41394 1.35397 1.35496 1.32507 1.29362 1.27864 1.28271 1.26843 1.20396 1.23522 1.19679 1.1586 1.13816 1.15005 1.12937 1.09 1.12605 1.09959 1.06899 1.06346 1.07039 1.04413 1.04405 1.03013 1.02613 1.02577 1.01385 1.00626 1.00247 1.00132 0.998451 0.999366 0.995456 0.993815 0.987698 0.994521 0.999043 0.993417 1.00215 1.02166 0.996649 1.03207 0.989006 1.03674 1.00883 1.03761 1.0853 1.09288 1.07465 1.09397 1.10707 1.17354 1.1372 1.14909 1.12673 1.14555 1.18208 1.22489 1.20533 1.20294 1.22804 1.2223 1.30879 1.27384 1.23934 1.27779 1.44146 1.34416 1.41838 1.36652 1.38386 1.38804 1.42871 1.30605 1.4273 1.61369 1.57208 1.55339 1.55795 1.65296 
1.83094 1.75364 1.8177 1.73157 1.6993 1.63981 1.68995 1.60489 1.685 1.61831 1.52766 1.57324 1.57807 1.53845 1.50449 1.52308 1.50089 1.40225 1.39843 1.40638 1.37681 1.37562 1.36863 1.2771 1.29408 1.30384 1.25681 1.25491 1.21393 1.23259 1.18414 1.17098 1.17101 1.1534 1.14874 1.10936 1.11585 1.08265 1.07682 1.06457 1.06146 1.04502 1.04819 1.03904 1.03782 1.02203 1.01541 1.01 1.00733 1.00177 0.998308 0.996461 1.00095 0.997165 1.00042 1.01327 0.98602 1.00272 1.00045 1.011 1.03706 1.01549 1.02808 1.04123 1.05328 1.04863 1.05408 1.03925 1.11008 1.1 1.11307 1.13309 1.13 1.13922 1.15379 1.208 1.17874 1.20019 1.22659 1.23098 1.15184 1.27245 1.30971 1.34659 1.33267 1.33338 1.27937 1.36029 1.41378 1.39195 1.38362 1.48522 1.5085 1.35754 1.41683 1.44159 1.57125 1.51769 1.54182 1.5334 
1.835 1.84269 1.7958 1.79076 1.72063 1.70298 1.73446 1.63168 1.6835 1.59893 1.60539 1.53545 1.57386 1.56888 1.46655 1.4718 1.53243 1.41921 1.43261 1.38723 1.39006 1.36226 1.36642 1.33308 1.30005 1.27581 1.27998 1.27233 1.25227 1.22112 1.2087 1.20681 1.14281 1.17289 1.14601 1.11434 1.1181 1.09128 1.09963 1.07508 1.06908 1.05315 1.04454 1.02395 1.02585 1.01476 1.01225 1.01125 1.00719 1.00165 0.998851 0.995693 0.994383 1.00395 0.992649 0.991726 0.990346 0.99861 1.00513 1.01064 1.02845 1.02059 1.01476 1.05556 1.05573 1.07757 1.02396 1.08449 1.07689 1.11043 1.12027 1.11069 1.09083 1.08637 1.16899 1.18715 1.24848 1.17263 1.18791 1.28636 1.27022 1.26758 1.16976 1.29691 1.31902 1.33929 1.35867 1.38263 1.38375 1.3339 1.39787 1.45763 1.44667 1.56101 1.42752 1.50739 1.55882 1.60635 1.53008 1.53099 
1.78589 1.79122 1.76745 1.72601 1.77862 1.69198 1.70749 1.72812 1.70027 1.59545 1.56049 1.61263 1.55976 1.5341 1.47271 1.47775 1.45583 1.45338 1.40866 1.44128 1.36424 1.35722 1.3247 1.32917 1.26639 1.32026 1.22174 1.267 1.22815 1.20862 1.21536 1.18059 1.15423 1.15671 1.15367 1.13299 1.1255 1.10217 1.08093 1.06556 1.0617 1.05447 1.04008 1.0458 1.03503 1.01358 1.019 1.01053 1.00752 1.00122 0.999059 0.998489 0.995912 0.990193 1.00142 0.998273 0.992262 1.00085 1.00799 1.00254 1.03136 1.05047 1.05432 1.02544 1.03458 1.08896 1.05902 1.06778 1.09396 1.06391 1.12961 1.12591 1.11788 1.12644 1.20351 1.1996 1.143 1.18921 1.19186 1.21716 1.20373 1.22775 1.2862 1.26237 1.33558 1.28157 1.35776 1.37229 1.30817 1.2253 1.34394 1.47856 1.44064 1.44746 1.46932 1.51339 1.55372 1.39443 1.59207 1.56132 
1.83227 1.80287 1.82059 1.79278 1.70544 1.70516 1.71134 1.62194 1.65 1.66686 1.57514 1.61919 1.57932 1.51794 1.53832 1.49876 1.43411 1.38912 1.48058 1.3993 1.35361 1.31522 1.30766 1.30258 1.29112 1.27027 1.28453 1.23793 1.25172 1.23296 1.15243 1.18675 1.16156 1.15426 1.1753 1.10489 1.11628 1.09679 1.08704 1.0617 1.06376 1.04772 1.05114 1.02545 1.02815 1.02111 1.01356 1.01091 1.00249 1.0008 0.998785 0.995397 0.993557 0.999326 0.992158 0.992282 1.01943 0.996685 1.0031 1.01192 1.02191 1.02213 1.04176 1.03621 1.0359 1.06622 1.04881 1.09012 1.04894 1.07699 1.09992 1.09174 1.13614 1.11841 1.16537 1.19273 1.17249 1.16782 1.17337 1.32175 1.20318 1.2514 1.32391 1.32708 1.30048 1.29197 1.33571 1.40699 1.41876 1.40351 1.39781 1.48558 1.42379 1.44213 1.43387 1.51462 1.57613 1.59594 1.56276 1.55598 
1.83403 1.83084 1.7744 1.78624 1.763 1.69094 1.7005 1.70269 1.60659 1.63724 1.52701 1.57248 1.53207 1.51997 1.49497 1.52197 1.47881 1.47482 1.44054 1.37578 1.407 1.3442 1.36735 1.29459 1.33055 1.27112 1.26574 1.22692 1.21064 1.23187 1.18155 1.201 1.1566 1.16039 1.14042 1.11936 1.10502 1.1057 1.09458 1.06614 1.06497 1.04937 1.04836 1.04531 1.0318 1.02722 1.0127 1.00678 1.0066 1.0013 0.998242 0.997191 0.99868 0.996368 0.997234 0.996102 1.00078 1.00669 1.00441 1.00639 1.00056 1.00599 1.02525 1.03255 1.04231 1.02702 1.07026 1.10158 1.05396 1.10462 1.10585 1.15214 1.10237 1.13517 1.14756 1.16401 1.22151 1.15551 1.20917 1.19936 1.22018 1.22486 1.3004 1.32878 1.19387 1.24221 1.35623 1.44294 1.34754 1.43885 1.36072 1.42114 1.38823 1.47777 1.5072 1.58559 1.47746 1.49229 1.53548 1.57402 
1.84534 1.76972 1.81193 1.77803 1.74867 1.75753 1.72928 1.675 1.63445 1.62969 1.61673 1.58192 1.56964 1.5403 1.50573 1.46356 1.45624 1.43411 1.43956 1.38825 1.40144 1.40297 1.2957 1.28619 1.29986 1.2398 1.25343 1.24139 1.24452 1.21463 1.22007 1.15251 1.16318 1.15926 1.10959 1.10598 1.09766 1.09001 1.09011 1.05803 1.06452 1.05939 1.04602 1.04051 1.03174 1.02157 1.01351 1.00474 1.00417 1.00174 0.998657 0.994808 0.996773 0.994215 0.993454 1.00312 0.996279 1.00948 1.00565 1.01428 1.01662 1.04881 1.01847 1.041 1.04986 1.03732 1.05735 1.0421 1.08623 1.08508 1.12672 1.15441 1.128 1.13353 1.15708 1.19233 1.1549 1.20069 1.20059 1.2032 1.17821 1.27916 1.33279 1.28406 1.31765 1.23945 1.34784 1.36591 1.33488 1.37113 1.36066 1.37033 1.45456 1.41268 1.41541 1.4743 1.45651 1.56692 1.53874 1.45184 
1.82884 1.82261 1.79587 1.84278 1.76695 1.73372 1.73259 1.57258 1.66931 1.59975 1.64348 1.59343 1.58782 1.58498 1.51499 1.51768 1.50534 1.47608 1.41979 1.407 1.32758 1.2882 1.3357 1.30105 1.28491 1.30583 1.28444 1.26306 1.18921 1.19908 1.18861 1.16981 1.15043 1.17005 1.14711 1.10604 1.12596 1.09602 1.09459 1.07653 1.05445 1.0478 1.04551 1.03623 1.02369 1.01352 1.01487 1.01167 1.00417 1.00114 0.998878 0.997677 0.994999 0.996315 1.00294 0.998968 1.00628 1.01649 1.0117 1.02763 1.01367 1.03857 1.03942 1.02092 1.05145 1.08183 1.09732 1.06597 1.07718 1.10385 1.09026 1.07943 1.12982 1.14289 1.18752 1.1735 1.1348 1.22924 1.23923 1.23596 1.21102 1.25167 1.26126 1.18313 1.29408 1.27465 1.31818 1.28322 1.43282 1.37314 1.53305 1.44708 1.39657 1.49057 1.43656 1.47042 1.4433 1.65753 1.51988 1.60891 
1.83377 1.81992 1.78509 1.71156 1.74236 1.67327 1.6714 1.64373 1.60026 1.6227 1.5989 1.52809 1.54659 1.57549 1.45839 1.44276 1.45657 1.42472 1.47922 1.43177 1.33344 1.35474 1.37106 1.3535 1.28531 1.26841 1.27056 1.3163 1.20864 1.20861 1.18581 1.16399 1.18003 1.14085 1.10644 1.11255 1.10213 1.10281 1.07955 1.06204 1.06128 1.0574 1.0544 1.02777 1.0308 1.02037 1.00862 1.01216 1.00704 1.0006 0.998439 0.995289 0.997616 0.99891 0.996623 0.99496 1.00505 0.987948 1.00068 1.00524 1.02038 0.994889 1.05365 1.0442 1.03143 1.03462 1.05796 1.08281 1.06044 1.07464 1.15889 1.13281 1.17455 1.14437 1.12762 1.19662 1.2043 1.197 1.23922 1.22838 1.23284 1.23737 1.2884 1.28373 1.27584 1.26864 1.30411 1.37575 1.43009 1.40301 1.4124 1.40699 1.49584 1.46777 1.53264 1.54721 1.47058 1.67407 1.60027 1.53078 
1.81549 1.9286 1.71834 1.72993 1.68773 1.72929 1.61565 1.66562 1.6189 1.63834 1.56723 1.60111 1.5035 1.5227 1.54872 1.46582 1.45687 1.40362 1.41347 1.42212 1.34217 1.36447 1.35603 1.29185 1.2815 1.2886 1.24744 1.24667 1.23282 1.21884 1.21236 1.18037 1.14142 1.15094 1.10933 1.12333 1.08936 1.09785 1.06939 1.07688 1.07079 1.0556 1.04296 1.03976 1.03142 1.02111 1.01973 1.00937 1.00366 1.00175 0.998819 0.997446 0.994433 0.991142 0.999586 0.99807 0.993057 1.00693 1.00482 1.02004 1.01431 1.00632 1.04633 1.03238 1.03043 1.04823 1.04493 1.07287 1.08391 1.07227 1.10788 1.12806 1.12342 1.11464 1.08433 1.16079 1.19785 1.19368 1.23215 1.25628 1.30171 1.24391 1.2708 1.26342 1.30797 1.30253 1.22924 1.3271 1.30077 1.43065 1.45547 1.43228 1.4112 1.47765 1.47886 1.48021 1.44309 1.61225 1.43839 1.59887 
1.83043 1.85833 1.78124 1.71704 1.74378 1.72257 1.63712 1.64689 1.60913 1.5922 1.65573 1.58443 1.58805 1.56473 1.54818 1.47408 1.44404 1.43804 1.41877 1.41695 1.36173 1.38384 1.32364 1.33092 1.31596 1.27666 1.30437 1.2365 1.23869 1.21254 1.22746 1.17088 1.17798 1.13665 1.14099 1.12296 1.11495 1.09177 1.09821 1.06776 1.05861 1.0571 1.04377 1.03554 1.02826 1.02631 1.01239 1.00931 1.00623 1.00192 0.999049 0.996744 0.992784 1.00207 1.00297 0.998554 0.994604 1.00091 0.996159 1.0203 1.01509 1.02763 1.01231 1.02536 1.05601 1.05225 1.06625 1.06098 1.09 1.12983 1.08408 1.0886 1.0813 1.09065 1.17824 1.15556 1.17801 1.22159 1.18712 1.23826 1.29373 1.24739 1.18695 1.31186 1.28636 1.3683 1.31057 1.34227 1.33391 1.34581 1.33707 1.40162 1.42272 1.50323 1.39807 1.5016 1.43873 1.51067 1.63875 1.52821 
1.81172 1.7872 1.79196 1.74726 1.75153 1.69211 1.64012 1.67719 1.60907 1.53135 1.57359 1.57537 1.5205 1.5588 1.47922 1.45863 1.49124 1.44886 1.42797 1.43508 1.31323 1.37509 1.31688 1.2963 1.31221 1.26675 1.29678 1.26397 1.2023 1.21199 1.18823 1.18413 1.13486 1.15367 1.13189 1.11594 1.12669 1.08151 1.06579 1.07164 1.05946 1.05323 1.04235 1.03777 1.02683 1.01358 1.01668 1.0069 1.00444 1.00192 0.99883 0.996568 1.00105 0.994673 0.991077 1.0049 1.00731 1.00288 0.998956 1.01451 1.01159 0.998946 1.03546 1.03814 1.03676 1.0566 1.04643 1.08215 1.07924 1.0931 1.10759 1.10237 1.14758 1.14158 1.18991 1.15077 1.21128 1.20925 1.2563 1.13888 1.20088 1.28854 1.30627 1.29786 1.22984 1.2907 1.27297 1.31651 1.46868 1.41091 1.35099 1.58817 1.50997 1.33913 1.45189 1.47948 1.44264 1.53533 1.52999 1.50965 
1.80987 1.85104 1.77816 1.72843 1.72157 1.73451 1.68938 1.66464 1.61586 1.59695 1.65509 1.50599 1.5152 1.55819 1.5467 1.4693 1.48164 1.46849 1.4114 1.3517 1.38319 1.33702 1.34748 1.336 1.28072 1.27597 1.29186 1.24476 1.25818 1.2081 1.20374 1.17948 1.16667 1.14874 1.12959 1.13284 1.09141 1.09435 1.08893 1.07746 1.06106 1.06204 1.04399 1.0243 1.02345 1.02359 1.01451 1.00898 1.0027 1.00139 0.998314 0.997145 0.998141 0.992695 0.999197 1.00136 1.01225 1.00537 1.00566 1.02243 1.03273 1.01619 1.02682 1.03338 1.05251 1.04761 1.05008 1.08964 1.08949 1.09852 1.06016 1.15318 1.0782 1.14222 1.14059 1.1572 1.17752 1.24639 1.21748 1.22103 1.20934 1.23599 1.21258 1.22748 1.24778 1.35856 1.32071 1.31085 1.48885 1.4159 1.41802 1.44091 1.51501 1.29211 1.49599 1.50601 1.52205 1.48857 1.5032 1.57683 
1.80393 1.84394 1.80071 1.80816 1.71201 1.75467 1.70082 1.71123 1.62802 1.60849 1.62745 1.57182 1.55238 1.52146 1.45135 1.52661 1.47285 1.43567 1.43987 1.41458 1.36777 1.38095 1.33127 1.32421 1.33344 1.3201 1.24361 1.22953 1.20759 1.20408 1.18563 1.18049 1.19856 1.14197 1.12289 1.11858 1.11196 1.11979 1.08309 1.07865 1.07698 1.04998 1.0393 1.02973 1.02189 1.02065 1.0133 1.00898 1.00396 1.00064 0.998796 0.996063 0.996381 0.997175 0.997861 0.996396 0.993359 0.991137 1.00422 1.00358 1.01466 1.03648 1.02782 1.02772 1.0415 1.03384 1.03728 1.0537 1.06315 1.09041 1.12025 1.1584 1.12777 1.12748 1.12804 1.11456 1.18493 1.15108 1.22427 1.20367 1.22494 1.25633 1.2325 1.32098 1.26935 1.22158 1.33176 1.2404 1.34239 1.3501 1.4496 1.40014 1.52068 1.48852 1.46363 1.3538 1.50564 1.60198 1.57434 1.49104 
1.89339 1.79971 1.82086 1.70458 1.76336 1.71512 1.66984 1.71287 1.6012 1.57552 1.64053 1.58502 1.57272 1.57026 1.54706 1.45192 1.48622 1.42905 1.4124 1.3632 1.35487 1.29958 1.34637 1.30591 1.26612 1.27194 1.27111 1.28225 1.23593 1.23671 1.17919 1.16969 1.13567 1.14361 1.13695 1.11431 1.10021 1.106 1.08195 1.06334 1.0697 1.06416 1.04304 1.03612 1.03688 1.024 1.01421 1.00913 1.00538 1.00181 0.998623 0.996922 0.996471 0.99331 0.99819 0.997818 0.999269 0.998466 1.008 1.00463 1.0121 1.01601 1.03046 0.997813 1.06142 1.04449 1.06262 1.08527 1.05929 1.09783 1.08736 1.13288 1.08065 1.14395 1.18513 1.1905 1.21413 1.22277 1.17912 1.19308 1.19366 1.27247 1.25848 1.29654 1.30134 1.35148 1.37558 1.33462 1.32449 1.32664 1.39116 1.5154 1.43455 1.43263 1.48972 1.42626 1.55968 1.52026 1.52545 1.5446 
1.85901 1.78607 1.79727 1.78706 1.72459 1.76663 1.69322 1.66694 1.61781 1.65436 1.555 1.55843 1.49261 1.54706 1.51763 1.4749 1.46883 1.42618 1.44925 1.43617 1.38715 1.37408 1.35161 1.28706 1.29179 1.27649 1.24497 1.21945 1.21226 1.21367 1.21251 1.1792 1.14034 1.16477 1.13992 1.10438 1.10038 1.08027 1.07119 1.07794 1.0521 1.05285 1.0426 1.03689 1.02239 1.02206 1.01189 1.00856 1.00471 1.00176 0.998663 0.998195 0.99934 0.996396 0.994245 1.00153 0.99666 0.991919 1.02418 1.00449 1.00912 1.03166 1.03035 1.02733 1.05103 1.0294 1.05807 1.13374 1.08577 1.0738 1.09681 1.08646 1.18256 1.13564 1.15887 1.17037 1.1134 1.13645 1.15802 1.20299 1.21096 1.23104 1.277 1.30635 1.22762 1.33094 1.30147 1.40064 1.32562 1.30527 1.3479 1.43221 1.4256 1.439 1.49682 1.37676 1.38349 1.47871 1.48174 1.51051 
