-2 -1.9596 -1.91919 -1.87879 -1.83838 -1.79798 -1.75758 -1.71717 -1.67677 -1.63636 -1.59596 -1.55556 -1.51515 -1.47475 -1.43434 -1.39394 -1.35354 -1.31313 -1.27273 -1.23232 -1.19192 -1.15152 -1.11111 -1.07071 -1.0303 -0.989899 -0.949495 -0.909091 -0.868687 -0.828283 -0.787879 -0.747475 -0.707071 -0.666667 -0.626263 -0.585859 -0.545455 -0.505051 -0.464646 -0.424242 -0.383838 -0.343434 -0.30303 -0.262626 -0.222222 -0.181818 -0.141414 -0.10101 -0.0606061 -0.020202 0.020202 0.0606061 0.10101 0.141414 0.181818 0.222222 0.262626 0.30303 0.343434 0.383838 0.424242 0.464646 0.505051 0.545455 0.585859 0.626263 0.666667 0.707071 0.747475 0.787879 0.828283 0.868687 0.909091 0.949495 0.989899 1.0303 1.07071 1.11111 1.15152 1.19192 1.23232 1.27273 1.31313 1.35354 1.39394 1.43434 1.47475 1.51515 1.55556 1.59596 1.63636 1.67677 1.71717 1.75758 1.79798 1.83838 1.87879 1.91919 1.9596 2 
0.500728 0.50883 0.517191 0.525817 0.534713 0.543886 0.553342 0.563083 0.573115 0.583439 0.594057 0.604969 0.616172 0.627665 0.63944 0.651492 0.663809 0.676381 0.68919 0.70222 0.715449 0.728853 0.742404 0.756071 0.769818 0.783608 0.797398 0.811145 0.8248 0.838313 0.85163 0.864696 0.877456 0.889852 0.901828 0.913325 0.92429 0.934669 0.944411 0.95347 0.961803 0.969373 0.976148 0.982101 0.987212 0.991468 0.994862 0.997394 0.999068 0.999897 0.999898 0.999093 0.997509 0.995177 0.99213 0.988405 0.98404 0.979075 0.973548 0.967501 0.960972 0.954 0.946622 0.938872 0.930785 0.922391 0.913718 0.904794 0.895642 0.886285 0.87674 0.867026 0.857158 0.847148 0.837009 0.82675 0.816379 0.805904 0.79533 0.784664 0.773909 0.76307 0.75215 0.741153 0.730081 0.718938 0.707726 0.69645 0.685113 0.673718 0.662269 0.650772 0.63923 0.62765 0.616037 0.604396 0.592735 0.58106 0.569378 0.557697 
1.66195 1.68777 1.61685 1.61571 1.60532 1.63004 1.60342 1.53882 1.50428 1.55153 1.45742 1.51663 1.50318 1.43688 1.35336 1.42973 1.30631 1.31346 1.38309 1.26885 1.32315 1.31017 1.25668 1.23335 1.28206 1.17982 1.19673 1.17874 1.15447 1.13549 1.1256 1.11641 1.07988 1.08044 1.08501 1.09937 1.09808 1.03768 1.03814 1.03665 1.01444 1.01517 1.0138 1.01326 0.997718 1.0102 1.00047 0.994699 1.00033 0.998614 1.00156 1.00157 1.01245 1.00491 1.01286 1.02843 1.0221 1.04632 1.05347 1.03372 1.07336 1.08774 1.08176 1.1139 1.12965 1.13892 1.17278 1.18874 1.17176 1.19317 1.20372 1.21605 1.19363 1.28284 1.30451 1.27551 1.33239 1.34575 1.38995 1.4506 1.3898 1.45697 1.45622 1.52055 1.53961 1.62944 1.56628 1.61523 1.60224 1.55996 1.5638 1.69838 1.6848 1.84135 1.8006 1.61543 1.89237 1.79658 1.80632 1.77629 
1.77703 1.73537 1.67028 1.70418 1.57215 1.6187 1.57358 1.50029 1.48567 1.52236 1.4074 1.51239 1.43927 1.46151 1.41764 1.3344 1.38582 1.31223 1.27457 1.24968 1.2733 1.27181 1.23746 1.25592 1.24511 1.24719 1.14502 1.14692 1.14709 1.1436 1.12981 1.13934 1.06462 1.11349 1.04184 1.06844 1.03908 1.06818 1.04412 1.03701 1.02441 1.01744 0.998226 1.00977 1.00905 1.00675 1.00199 0.998779 0.994399 0.999642 1.00202 1.00372 1.00515 1.00991 1.00529 1.0107 1.04254 1.02552 1.05002 1.05243 1.05588 1.07495 1.12016 1.13266 1.12989 1.14628 1.16905 1.0832 1.15075 1.17488 1.16347 1.26421 1.21475 1.26727 1.30663 1.30753 1.29301 1.33925 1.35869 1.43471 1.41383 1.4725 1.4083 1.49907 1.55632 1.43037 1.53014 1.54325 1.73632 1.54424 1.55843 1.63378 1.75674 1.74258 1.76763 1.74469 1.81167 1.91714 1.83369 1.78016 
1.7651 1.6929 1.5916 1.66872 1.64534 1.5782 1.54011 1.54108 1.58656 1.50975 1.46929 1.43475 1.41801 1.48626 1.42428 1.32897 1.37427 1.3291 1.30505 1.31651 1.34826 1.24464 1.21061 1.31363 1.22926 1.19617 1.19388 1.13349 1.15191 1.15977 1.17715 1.09789 1.10561 1.10693 1.05353 1.09052 1.03584 1.04684 1.01104 1.03869 1.03306 1.01418 1.01977 1.02181 0.998633 0.999439 0.990335 0.998822 0.996077 0.998563 1.00126 1.00552 1.0069 1.01491 1.01414 1.01868 1.02654 1.03763 1.02513 1.05784 1.06816 1.08058 1.09464 1.12124 1.10596 1.14286 1.16642 1.19635 1.18284 1.1634 1.24262 1.19783 1.30935 1.29536 1.29592 1.36363 1.33769 1.3883 1.44306 1.40296 1.3423 1.43515 1.46741 1.48542 1.55111 1.54978 1.50776 1.49966 1.58847 1.59331 1.61647 1.58552 1.68687 1.77251 1.76416 1.81034 1.84145 1.99871 1.85767 1.92094 
1.79163 1.69844 1.65798 1.61602 1.6196 1.62072 1.59052 1.67375 1.41374 1.52567 1.51587 1.44609 1.4363 1.47481 1.40102 1.43079 1.40771 1.34785 1.35533 1.3214 1.25052 1.25932 1.30367 1.23037 1.18405 1.25753 1.15998 1.13128 1.18943 1.12845 1.12657 1.11017 1.08043 1.07968 1.06989 1.05846 1.06641 1.06404 1.04411 1.05483 1.03298 1.02229 1.00387 0.984805 1.00051 1.00222 0.998597 0.997621 0.992832 0.998914 1.00039 1.00202 1.00914 1.0175 1.02431 1.03684 1.04066 1.04335 1.05585 1.06596 1.08853 1.08665 1.07711 1.1427 1.11257 1.13621 1.18181 1.14137 1.18166 1.22581 1.16873 1.28012 1.24255 1.25391 1.37852 1.30627 1.28734 1.33026 1.39835 1.39743 1.39072 1.51482 1.53374 1.49745 1.57425 1.47179 1.58859 1.57141 1.58994 1.58951 1.58102 1.65184 1.70766 1.76392 1.69259 1.84794 1.90318 1.97367 1.76008 1.94018 
1.76987 1.64246 1.58803 1.66294 1.49059 1.53129 1.52293 1.53452 1.53842 1.44902 1.51151 1.36278 1.47486 1.48669 1.5225 1.41764 1.31653 1.38716 1.33677 1.34595 1.35607 1.22952 1.31038 1.24741 1.20881 1.20749 1.20972 1.15151 1.1436 1.14676 1.16037 1.14335 1.14265 1.09549 1.10045 1.07296 1.0633 1.01983 1.03557 1.02904 1.02403 1.02465 1.00658 0.999446 0.993026 1.00186 1.00473 0.998591 0.997334 0.998185 1.00135 1.00516 1.00501 1.01086 1.01589 1.02281 1.032 1.04311 1.04063 1.05999 1.06038 1.07867 1.08474 1.11976 1.09334 1.12247 1.13001 1.14342 1.17527 1.21457 1.15729 1.227 1.23265 1.30913 1.32245 1.32194 1.39259 1.33116 1.35106 1.40769 1.40073 1.44166 1.4333 1.5161 1.46877 1.55979 1.56848 1.63867 1.67312 1.61514 1.58548 1.76307 1.72751 1.7647 1.74111 1.73015 1.75569 1.85491 1.92435 1.95465 
1.82821 1.65505 1.65058 1.64263 1.71502 1.70784 1.52732 1.49766 1.56273 1.65009 1.49871 1.44025 1.44029 1.44901 1.40718 1.41 1.42579 1.36867 1.31352 1.3337 1.2906 1.26207 1.26224 1.20863 1.214 1.21641 1.19839 1.17001 1.1863 1.1765 1.11157 1.12578 1.11199 1.13709 1.08645 1.05332 1.04379 1.04138 1.04617 1.05965 1.02766 1.00785 1.02272 1.02699 1.00244 0.995767 1.0055 1.00451 0.997693 0.999068 0.999592 1.00437 1.00816 1.00456 1.02195 1.02556 1.03334 1.04568 1.048 1.07381 1.0505 1.05463 1.10109 1.06137 1.14269 1.16205 1.14588 1.16496 1.18625 1.20415 1.19439 1.20905 1.21797 1.20847 1.2811 1.29179 1.30575 1.31998 1.3157 1.39325 1.37603 1.48602 1.38756 1.48537 1.55085 1.54812 1.65489 1.47943 1.60016 1.55943 1.54581 1.67981 1.63024 1.74863 1.76275 1.76385 1.83238 1.81991 1.8437 1.89181 
1.74063 1.81117 1.70909 1.65661 1.69516 1.60323 1.63137 1.61096 1.49467 1.50548 1.57688 1.50002 1.4735 1.41279 1.36107 1.33563 1.31665 1.34904 1.35605 1.3703 1.33775 1.28628 1.28472 1.25545 1.17922 1.23199 1.16765 1.20134 1.12668 1.22649 1.07786 1.095 1.11955 1.07837 1.06714 1.07983 1.05744 1.05384 1.03903 1.05223 1.02952 1.01469 1.01314 0.99294 1.01388 1.00153 1.00473 0.994609 0.997235 0.99911 1.00065 1.00238 1.00212 1.00915 1.01484 1.0239 1.01938 1.05844 1.04864 1.05299 1.06673 1.08102 1.08187 1.1194 1.09255 1.13644 1.17594 1.18123 1.17148 1.1822 1.21375 1.20822 1.25869 1.3588 1.32759 1.31705 1.2719 1.33188 1.41552 1.41613 1.35783 1.46162 1.43669 1.49869 1.51549 1.45005 1.515 1.52173 1.66659 1.62429 1.59541 1.70172 1.68723 1.73423 1.67783 1.80481 1.78762 1.73441 1.8346 1.86509 
1.72752 1.58299 1.85093 1.7298 1.64592 1.53651 1.5804 1.46119 1.57649 1.50291 1.42911 1.44947 1.42948 1.466 1.38483 1.45059 1.29265 1.36612 1.28744 1.34282 1.28839 1.21903 1.26832 1.24055 1.23632 1.23108 1.23134 1.20928 1.15014 1.16277 1.10801 1.11274 1.12315 1.0938 1.10728 1.08098 1.08233 1.061 1.05152 1.0042 1.04083 1.0103 1.0268 1.01802 1.01228 1.00304 1.00306 1.00031 1.00092 0.999082 1.00036 1.00292 1.007 1.00611 1.01969 1.02546 1.02161 1.02792 1.05873 1.05277 1.08254 1.07493 1.11189 1.10607 1.1397 1.15618 1.11712 1.13788 1.18797 1.18084 1.21168 1.25667 1.19281 1.24968 1.26884 1.32321 1.34733 1.36382 1.39785 1.3606 1.41352 1.42029 1.45967 1.50193 1.54553 1.60048 1.54258 1.70371 1.56331 1.46226 1.63092 1.62259 1.69563 1.73744 1.81352 1.85881 1.71914 1.78037 1.7727 1.95964 
1.74024 1.8233 1.76801 1.69895 1.64334 1.66386 1.4856 1.58071 1.59533 1.45412 1.52581 1.53213 1.41959 1.36258 1.40668 1.38975 1.2971 1.28591 1.29721 1.35058 1.3449 1.26291 1.24102 1.25455 1.22 1.2288 1.22081 1.19806 1.1433 1.17911 1.15374 1.13839 1.10671 1.09785 1.06983 1.0411 1.06206 1.06334 1.02216 1.0531 1.03526 1.01488 1.01176 1.01745 1.01244 1.00805 1.00507 0.997852 0.995143 0.99849 0.999453 1.00526 1.00642 1.01379 1.01682 1.02955 1.03908 1.02414 1.04556 1.04289 1.06883 1.08201 1.04411 1.12872 1.09204 1.14707 1.0978 1.19536 1.17153 1.19307 1.1651 1.27619 1.21546 1.28187 1.24124 1.28584 1.36357 1.38982 1.39045 1.41379 1.413 1.38607 1.50088 1.45244 1.60254 1.60063 1.57928 1.56618 1.62284 1.68314 1.5673 1.70805 1.85579 1.82835 1.7998 1.64609 1.81891 1.84847 1.80415 1.82927 
1.70877 1.66318 1.57297 1.69055 1.60922 1.62866 1.51216 1.6038 1.669 1.45901 1.45131 1.48305 1.51916 1.4069 1.40766 1.37171 1.36058 1.32876 1.33054 1.27826 1.2846 1.21559 1.21386 1.23612 1.23299 1.19688 1.2127 1.12956 1.12538 1.18946 1.11447 1.11958 1.10273 1.08305 1.09054 1.05496 1.06684 1.02584 1.03592 1.02297 1.03699 1.01887 1.01022 0.995002 1.00299 0.996011 1.00108 0.996427 1.00123 0.99946 1.00234 1.00573 1.00891 1.00222 1.01261 1.02053 1.02708 1.04441 1.03938 1.06567 1.06913 1.05837 1.07144 1.0902 1.09169 1.14743 1.14163 1.1415 1.18411 1.1514 1.20802 1.19852 1.29238 1.2176 1.30097 1.33905 1.31761 1.37871 1.39532 1.42624 1.40625 1.39719 1.44796 1.45139 1.46571 1.52036 1.56333 1.45516 1.62487 1.63834 1.7 1.75347 1.70143 1.79169 1.81325 1.75499 1.69929 1.83693 1.78911 1.80305 
1.73607 1.66717 1.7212 1.74835 1.71699 1.58323 1.55666 1.4845 1.62532 1.53219 1.37966 1.49466 1.43308 1.47486 1.47851 1.43848 1.42013 1.29038 1.33075 1.28888 1.22097 1.20153 1.26792 1.22249 1.25127 1.20033 1.21332 1.16394 1.19187 1.1704 1.10955 1.13372 1.09999 1.09723 1.09146 1.06074 1.04857 1.04497 1.01935 1.04613 1.02679 1.03308 0.998143 1.00222 1.00234 0.992439 0.999386 1.00252 0.998678 0.99893 1.00043 1.00723 1.0073 1.00645 1.01856 1.01371 1.01228 1.02561 1.07133 1.08226 1.05998 1.06769 1.06736 1.08006 1.12566 1.09878 1.15171 1.16653 1.18566 1.16949 1.24085 1.19371 1.25367 1.34217 1.25266 1.28305 1.32469 1.30708 1.43017 1.40113 1.47831 1.45077 1.4041 1.55669 1.54332 1.52538 1.569 1.51906 1.65316 1.6137 1.7257 1.68044 1.72964 1.80158 1.74276 1.99764 1.84339 1.71839 2.00347 1.88159 
1.65305 1.70485 1.57774 1.66733 1.63961 1.68402 1.6309 1.576 1.5324 1.50081 1.6174 1.44125 1.51689 1.39947 1.41014 1.42283 1.3883 1.41119 1.31741 1.36834 1.32411 1.31236 1.21376 1.22871 1.25299 1.22427 1.19352 1.21809 1.19336 1.17755 1.1203 1.11269 1.11468 1.08854 1.11378 1.04307 1.03731 1.06915 1.03275 1.04328 1.01737 1.01896 1.00735 1.00838 1.00434 1.00194 0.998538 1.00405 0.999027 0.998906 1.00094 1.00418 1.00887 1.00732 1.01864 1.02592 1.02769 1.0388 1.03931 1.04394 1.08184 1.06109 1.08928 1.07279 1.11426 1.15494 1.10792 1.14475 1.18792 1.20898 1.21252 1.23142 1.20534 1.25704 1.33157 1.29535 1.3178 1.38055 1.36924 1.41295 1.51395 1.45625 1.47873 1.46815 1.47895 1.563 1.48563 1.60435 1.5053 1.60278 1.62939 1.71296 1.87052 1.77031 1.76672 1.85188 1.68523 1.60731 1.89769 1.85158 
1.70766 1.77034 1.64585 1.70948 1.6456 1.68071 1.61814 1.50253 1.56077 1.53916 1.52172 1.53088 1.49561 1.47179 1.37534 1.33119 1.34658 1.37539 1.37355 1.34005 1.21632 1.29089 1.26314 1.29621 1.20672 1.22258 1.18958 1.16906 1.15491 1.14636 1.16464 1.06984 1.09597 1.08553 1.09132 1.06766 1.06195 1.04266 1.02522 1.0316 1.02417 1.01931 1.01885 1.0144 1.01238 1.00436 1.0043 1.0019 0.997043 0.999299 1.00042 0.998661 1.00333 1.01372 1.00526 1.00617 1.03616 1.04959 1.05593 1.06168 1.08093 1.08786 1.0829 1.10826 1.11902 1.1503 1.13832 1.16348 1.19149 1.19437 1.15857 1.18615 1.22736 1.26232 1.28231 1.30368 1.34996 1.33537 1.38657 1.43671 1.34176 1.33817 1.46896 1.50007 1.53431 1.49334 1.59594 1.50213 1.58396 1.66531 1.69674 1.74158 1.82941 1.7483 1.89913 1.73549 1.74963 1.86057 1.82561 1.88801 
1.82973 1.66772 1.58251 1.68875 1.60298 1.59471 1.65019 1.57567 1.53368 1.5864 1.48869 1.51304 1.4502 1.38366 1.43831 1.42034 1.41173 1.406 1.30215 1.31914 1.33256 1.33839 1.22636 1.2467 1.21566 1.24161 1.20248 1.18038 1.17162 1.18061 1.1544 1.15816 1.06143 1.1057 1.10333 1.09011 1.06626 1.04616 1.0617 1.0306 1.02547 1.03812 1.00391 0.994247 1.00396 0.992592 1.00083 1.00196 1.00043 0.999078 1.00089 1.00444 1.00902 1.00875 1.01261 1.0189 1.02541 1.04252 1.03018 1.0556 1.06967 1.07523 1.06117 1.07014 1.08728 1.14105 1.14691 1.20024 1.15566 1.19655 1.23361 1.24243 1.24724 1.27866 1.24063 1.25717 1.25967 1.34261 1.3385 1.32587 1.39541 1.4233 1.41439 1.51754 1.53447 1.50141 1.56356 1.55448 1.56761 1.61173 1.66681 1.66708 1.53407 1.70911 1.69823 1.76901 1.68056 1.79741 1.89032 1.95923 
1.75325 1.66789 1.76325 1.64391 1.57318 1.62499 1.68991 1.55859 1.55601 1.54895 1.50686 1.45645 1.45097 1.49019 1.4535 1.3706 1.29629 1.37716 1.37059 1.3205 1.28123 1.24563 1.28659 1.29842 1.20619 1.19513 1.19347 1.16977 1.22637 1.15531 1.13011 1.07245 1.05769 1.09443 1.06138 1.0468 1.07376 1.05623 1.05942 1.02274 1.04346 1.01452 1.01139 1.00089 1.00665 1.01055 0.998799 1.00245 0.999493 0.999877 1.00199 1.00115 1.00995 1.00775 1.01584 1.0199 1.02738 1.03398 1.05153 1.04829 1.08107 1.06694 1.06806 1.09251 1.09778 1.08304 1.1666 1.16323 1.20019 1.14177 1.20003 1.17007 1.22506 1.233 1.25878 1.26876 1.37359 1.34092 1.25627 1.39372 1.36985 1.38155 1.44247 1.45314 1.50536 1.49935 1.55443 1.62402 1.59242 1.61165 1.55708 1.58589 1.65769 1.69918 1.76626 1.78044 1.82656 1.77821 1.83976 1.85209 
1.82627 1.76201 1.751 1.6069 1.6906 1.58922 1.62962 1.58075 1.53626 1.4483 1.46025 1.41471 1.56234 1.44866 1.43442 1.32959 1.41399 1.40143 1.3262 1.3098 1.28392 1.23803 1.23548 1.26851 1.19998 1.22614 1.2011 1.20272 1.1664 1.14856 1.14223 1.11523 1.09331 1.11288 1.05265 1.04137 1.03779 1.03284 1.01103 1.03856 1.02652 1.03524 1.01929 1.00946 1.012 1.00834 1.00158 0.99633 0.999974 0.998912 1.001 1.00172 1.00794 1.00164 1.01673 1.00861 1.02543 1.04233 1.05682 1.04846 1.06019 1.07028 1.09479 1.11189 1.13476 1.12509 1.13115 1.12676 1.13696 1.18399 1.18003 1.20004 1.22615 1.267 1.23931 1.27722 1.41756 1.29665 1.37969 1.34633 1.41602 1.45218 1.44913 1.42786 1.33377 1.51768 1.54323 1.57954 1.6723 1.48769 1.70135 1.5873 1.65622 1.73259 1.58892 1.81659 1.75314 1.8376 1.87644 1.86624 
1.75208 1.65972 1.66346 1.66394 1.71458 1.5737 1.70218 1.64547 1.50295 1.58778 1.52692 1.64398 1.51028 1.53554 1.43333 1.41624 1.40377 1.33115 1.32226 1.27942 1.28591 1.30279 1.28098 1.27147 1.23334 1.19813 1.15234 1.19899 1.1753 1.14303 1.15587 1.11474 1.14387 1.11672 1.10681 1.05665 1.09756 1.04633 1.05689 1.05608 1.01688 1.03428 1.0113 1.02712 1.01037 0.995528 1.00209 0.999273 0.998632 0.998581 1.00082 1.00427 1.0119 1.01559 1.00958 1.02994 1.01955 1.0283 1.05348 1.03768 1.07321 1.06245 1.09199 1.08333 1.09587 1.12493 1.14116 1.15655 1.19541 1.18151 1.20174 1.17875 1.24221 1.25336 1.19823 1.27084 1.28935 1.33264 1.35016 1.446 1.35213 1.4167 1.49631 1.43527 1.53817 1.50055 1.57061 1.52162 1.54673 1.53508 1.57395 1.56614 1.69055 1.59781 1.77574 1.78411 1.78885 1.7251 1.73907 1.97733 
1.69175 1.64528 1.73158 1.66008 1.57002 1.70547 1.56588 1.56542 1.61196 1.56093 1.5214 1.51285 1.47684 1.55317 1.46905 1.44267 1.4115 1.37865 1.32839 1.2957 1.33561 1.28058 1.31963 1.2624 1.27003 1.23823 1.14127 1.15659 1.18245 1.17798 1.14101 1.10622 1.0728 1.1255 1.07551 1.07694 1.04296 1.04578 1.03721 1.04474 1.02751 1.02399 1.00316 1.01455 1.00805 1.00791 1.00362 1.00409 0.995777 0.999137 1.00025 1.00261 1.00233 1.00484 1.01794 1.01343 1.01046 1.0548 1.03687 1.03337 1.05914 1.08183 1.08603 1.11241 1.12532 1.12147 1.11045 1.13679 1.18621 1.18731 1.18077 1.20403 1.28024 1.26623 1.26958 1.26251 1.31946 1.3591 1.34363 1.39506 1.43309 1.45962 1.37935 1.43775 1.42379 1.49655 1.51099 1.56071 1.55448 1.65119 1.55256 1.77609 1.72378 1.73192 1.60209 1.70298 1.75061 1.82498 1.84303 1.78516 
1.73028 1.70644 1.71251 1.68372 1.68876 1.63227 1.58905 1.60096 1.51096 1.48148 1.47447 1.4644 1.49919 1.44752 1.44302 1.45202 1.40739 1.33489 1.35009 1.34796 1.35657 1.30267 1.27153 1.31941 1.23149 1.25503 1.18745 1.18097 1.10671 1.14558 1.17824 1.12879 1.12369 1.11063 1.08803 1.07997 1.0716 1.04509 1.04388 1.04064 1.0391 1.02154 1.0111 1.00573 1.01697 1.00812 0.998926 1.00418 0.99915 0.9987 1.00102 1.00287 1.00554 1.0108 1.01317 1.01977 1.03665 1.02079 1.06249 1.04375 1.0652 1.08837 1.05873 1.09496 1.13778 1.13703 1.14143 1.16268 1.17999 1.17699 1.15629 1.20032 1.24497 1.22983 1.37493 1.33175 1.34701 1.32624 1.37434 1.2765 1.362 1.46312 1.47949 1.4484 1.47319 1.4893 1.65439 1.6147 1.54801 1.5691 1.63031 1.58228 1.78969 1.70992 1.68537 1.79704 1.68209 1.76774 1.81295 1.8965 
1.81373 1.72272 1.73488 1.74558 1.67629 1.61659 1.59238 1.59543 1.56242 1.57485 1.50454 1.36931 1.54212 1.48949 1.46182 1.44047 1.3827 1.41896 1.38615 1.30697 1.37288 1.21868 1.27121 1.17722 1.28944 1.18023 1.21577 1.18732 1.17699 1.15553 1.14246 1.1279 1.1004 1.13214 1.11594 1.08066 1.05803 1.04979 1.04588 1.03475 1.04444 1.02567 1.01404 0.997517 1.00095 1.01116 1.00671 0.999572 0.999478 1.00026 1.00027 1.00261 1.00552 1.00272 1.01349 1.01024 1.01698 1.0437 1.04898 1.06667 1.06724 1.0611 1.08809 1.10281 1.10591 1.11663 1.12674 1.14371 1.21325 1.17314 1.20839 1.2111 1.21882 1.27558 1.28295 1.33433 1.30092 1.29595 1.37811 1.36707 1.38627 1.42372 1.47183 1.5089 1.58721 1.46943 1.52509 1.46568 1.6194 1.56001 1.53293 1.66256 1.65493 1.68214 1.69104 1.77574 1.79999 1.77645 1.87461 1.87001 
1.75698 1.57966 1.74134 1.69038 1.65947 1.62344 1.47646 1.69685 1.5931 1.6056 1.55331 1.52705 1.40929 1.46079 1.37658 1.45257 1.43937 1.36669 1.40321 1.36033 1.31661 1.30069 1.26325 1.21654 1.21476 1.24233 1.21816 1.16994 1.18286 1.2168 1.13342 1.1386 1.0661 1.11729 1.10623 1.07886 1.08109 1.04777 1.04382 1.03923 1.06129 1.02756 1.01809 1.01668 1.01689 1.01012 1.00396 1.00608 0.997063 0.998702 1.00121 1.0001 1.00686 1.00547 1.01541 1.02299 1.02361 1.02602 1.04957 1.03763 1.07197 1.05357 1.07732 1.10453 1.11416 1.14916 1.10069 1.17663 1.15832 1.16846 1.19145 1.20406 1.24503 1.21575 1.26817 1.23292 1.29146 1.38253 1.36589 1.45634 1.3315 1.46636 1.46023 1.44369 1.5982 1.50127 1.58308 1.52422 1.53368 1.52657 1.58775 1.69714 1.712 1.62518 1.78325 1.93494 1.80436 1.69915 1.81907 1.83512 
1.75394 1.74303 1.67719 1.8268 1.73403 1.64036 1.62984 1.64479 1.49126 1.55923 1.45518 1.49719 1.48521 1.46403 1.42702 1.43857 1.41254 1.36439 1.40155 1.36805 1.34962 1.2871 1.3052 1.26053 1.24454 1.19231 1.19436 1.17732 1.18 1.11263 1.13963 1.1576 1.09149 1.11612 1.11816 1.07838 1.07168 1.04985 1.0405 1.04584 1.01335 1.03276 1.02964 0.994448 1.008 1.0101 1.00498 1.00046 1.00396 0.998791 1.00036 1.0021 0.998897 1.01209 1.01146 1.01495 1.03321 1.03146 1.04704 1.04725 1.06081 1.07362 1.04223 1.11336 1.09642 1.13264 1.12771 1.10059 1.1849 1.13377 1.21744 1.19773 1.24147 1.28253 1.31327 1.27851 1.33736 1.37021 1.3426 1.35338 1.37758 1.39573 1.35082 1.47146 1.49863 1.47018 1.5219 1.68618 1.59767 1.56001 1.59731 1.69626 1.59073 1.70211 1.70768 1.72699 1.76619 1.79847 1.92269 1.89039 
1.84005 1.70704 1.74018 1.68794 1.73923 1.6432 1.57599 1.60128 1.69679 1.55678 1.55398 1.59314 1.45309 1.52138 1.43002 1.4328 1.32779 1.37225 1.34602 1.32104 1.33113 1.23642 1.25013 1.27903 1.23307 1.21633 1.20673 1.17252 1.16047 1.1444 1.15693 1.13294 1.12571 1.09791 1.06556 1.08457 1.07776 1.04955 1.06255 1.03436 1.0291 1.02358 1.00985 1.00273 1.01479 1.00947 1.00133 0.999559 1.00024 0.999783 1.0005 1.00044 0.99865 1.0138 1.01544 1.01573 1.01687 1.02415 1.01791 1.05659 1.03022 1.07778 1.08105 1.07776 1.0875 1.10494 1.10642 1.14741 1.17394 1.22419 1.19282 1.2226 1.22603 1.29824 1.24754 1.28924 1.29055 1.32028 1.39712 1.30951 1.33768 1.50032 1.43054 1.39766 1.6033 1.49228 1.52547 1.53851 1.58051 1.54538 1.64101 1.5801 1.65442 1.68589 1.81381 1.78805 1.87788 1.61057 1.96165 1.81279 
1.80693 1.78794 1.60055 1.69571 1.69627 1.61475 1.70391 1.65823 1.59758 1.54893 1.61472 1.54447 1.53756 1.56376 1.47609 1.40737 1.45757 1.37605 1.39302 1.40449 1.20698 1.27758 1.32062 1.30209 1.23276 1.20537 1.2121 1.15974 1.18559 1.18272 1.12595 1.13963 1.11794 1.08004 1.09821 1.09322 1.06531 1.05715 1.04436 1.03732 1.04589 1.03335 1.02541 1.00337 1.00558 1.00208 1.0059 0.999537 1.00092 0.999136 0.999709 1.00048 1.00237 1.00668 1.01602 1.00858 1.01113 1.03093 1.03972 1.06252 1.06353 1.07051 1.07365 1.09194 1.11977 1.13236 1.14584 1.19088 1.13962 1.20637 1.22438 1.2464 1.23563 1.20219 1.26912 1.27472 1.32762 1.26666 1.3869 1.38144 1.34329 1.39314 1.43445 1.46955 1.4076 1.49584 1.49377 1.55044 1.63542 1.66738 1.69468 1.62854 1.62455 1.75948 1.71652 1.80161 1.87868 1.93746 1.7622 1.80182 
1.73686 1.81455 1.70595 1.77874 1.78909 1.68268 1.56722 1.65596 1.63483 1.62481 1.58046 1.59197 1.48635 1.44805 1.48444 1.34942 1.43345 1.37315 1.39151 1.34475 1.30741 1.33606 1.29985 1.27791 1.30326 1.1683 1.20014 1.1805 1.19405 1.15361 1.12805 1.10694 1.14408 1.13451 1.09125 1.06131 1.07737 1.04642 1.05269 1.04152 1.03471 1.03253 1.01417 1.01437 1.01425 1.01129 1.00797 1.00931 1.00119 0.99931 1.00084 0.999224 1.00893 1.01206 1.01216 1.02054 1.01661 1.0445 1.03395 1.05837 1.07415 1.09644 1.10361 1.09816 1.08793 1.11326 1.15631 1.17009 1.13383 1.17975 1.13159 1.17486 1.28774 1.2355 1.23855 1.26433 1.31354 1.35825 1.366 1.32578 1.34218 1.39356 1.46106 1.44536 1.45788 1.46893 1.5341 1.55685 1.5236 1.56971 1.57172 1.6061 1.63386 1.62101 1.68256 1.62947 1.65086 1.81766 1.7673 1.73453 
1.83947 1.81743 1.7568 1.72272 1.72142 1.73372 1.59427 1.60768 1.53262 1.57743 1.50908 1.50776 1.43121 1.51455 1.44891 1.46026 1.47046 1.45926 1.40754 1.2993 1.31307 1.29192 1.27611 1.29347 1.26717 1.21193 1.23271 1.19211 1.21201 1.18136 1.11698 1.15128 1.07287 1.09658 1.05984 1.07503 1.10728 1.06269 1.052 1.04267 1.04315 1.02916 1.02862 1.01413 1.01741 1.00097 1.0132 1.00541 1.00058 1.00013 0.999598 1.00081 1.00431 1.00596 1.0093 1.01864 1.01833 1.02106 1.04274 1.05749 1.07069 1.07795 1.07989 1.11272 1.08369 1.08013 1.12148 1.14951 1.1394 1.14235 1.17504 1.25738 1.19849 1.18761 1.26209 1.25825 1.29504 1.32096 1.37654 1.34742 1.41428 1.45405 1.37778 1.36735 1.48096 1.46692 1.46166 1.47923 1.56059 1.58967 1.64363 1.59342 1.67037 1.72616 1.67316 1.85013 1.67208 1.77148 1.82058 1.78827 
1.78965 1.79958 1.86461 1.6935 1.78676 1.72709 1.48852 1.68855 1.63479 1.64443 1.48438 1.5965 1.47979 1.41443 1.55498 1.50978 1.48133 1.44938 1.37848 1.36093 1.3681 1.31833 1.30983 1.27864 1.20107 1.18655 1.22753 1.18189 1.15394 1.19278 1.18674 1.15069 1.12485 1.1132 1.10256 1.08623 1.06661 1.08112 1.07429 1.03066 1.05735 1.03572 1.01667 1.00238 1.025 1.00334 1.00607 1.00379 0.998954 0.999998 1.00096 1.00353 0.998318 1.00109 1.01573 1.01654 1.01669 1.02963 1.0445 1.03434 1.05268 1.06013 1.07906 1.09709 1.09337 1.09249 1.13293 1.1243 1.1247 1.16758 1.1777 1.17611 1.2235 1.24148 1.24492 1.27412 1.30035 1.21051 1.35496 1.38805 1.34883 1.45196 1.41182 1.38976 1.46147 1.50592 1.4494 1.61498 1.6476 1.61861 1.63636 1.64105 1.61849 1.66493 1.59606 1.66295 1.77367 1.73123 1.72514 1.79155 
1.83405 1.79098 1.70378 1.73513 1.74843 1.56857 1.59566 1.58578 1.66527 1.54846 1.46664 1.52588 1.45791 1.47805 1.41229 1.4137 1.4266 1.41219 1.38179 1.27095 1.3082 1.33865 1.26485 1.26175 1.2578 1.20936 1.25065 1.22728 1.16174 1.1322 1.15739 1.17837 1.14832 1.08987 1.09027 1.09019 1.04329 1.08455 1.06611 1.0527 1.04261 1.0354 1.02576 1.01765 1.01809 1.0003 1.00541 1.00199 0.999729 1 1.00043 1.00348 1.00134 1.00695 1.01099 1.01274 1.02404 1.03495 1.05807 1.04621 1.05761 1.06608 1.07574 1.10069 1.09087 1.07583 1.14537 1.09402 1.169 1.20658 1.19912 1.23343 1.19211 1.28201 1.27055 1.28046 1.30711 1.34329 1.30038 1.42856 1.44871 1.38595 1.45325 1.38149 1.43649 1.43727 1.45786 1.55204 1.54717 1.49473 1.60195 1.64227 1.75517 1.68325 1.61629 1.78402 1.71615 1.79894 1.84574 1.90968 
1.80614 1.74568 1.84074 1.74834 1.66616 1.60091 1.59906 1.60645 1.59993 1.58221 1.61775 1.53586 1.53568 1.46455 1.45598 1.50923 1.38308 1.4437 1.45173 1.35405 1.30852 1.28759 1.2647 1.28636 1.2949 1.22636 1.19298 1.24587 1.19067 1.16276 1.1954 1.16677 1.12436 1.11852 1.12274 1.09756 1.10234 1.06785 1.07982 1.05775 1.0283 1.0151 1.01769 1.01444 1.01659 1.00536 1.01165 0.998872 0.999596 0.999442 1.00014 1.00365 1.00589 1.0051 1.00721 1.01898 1.02024 1.02786 1.03707 1.02567 1.04497 1.05776 1.07295 1.07673 1.05795 1.0651 1.05833 1.13418 1.1901 1.14921 1.20972 1.21136 1.1777 1.23268 1.17623 1.26435 1.26382 1.29911 1.32004 1.39078 1.37169 1.34617 1.39137 1.42401 1.48356 1.33628 1.5314 1.5116 1.65674 1.55018 1.65021 1.64464 1.6471 1.63202 1.7105 1.72244 1.65692 1.80299 1.83177 1.73788 
1.87724 1.79565 1.74727 1.74555 1.77089 1.63579 1.66761 1.61838 1.55313 1.61115 1.5606 1.58926 1.37683 1.49797 1.39347 1.43529 1.40974 1.32575 1.47217 1.3176 1.3368 1.35491 1.30231 1.24954 1.29042 1.21606 1.22013 1.22121 1.23534 1.18523 1.14802 1.14775 1.10918 1.13025 1.11367 1.07029 1.10433 1.05439 1.03967 1.02282 1.03447 1.03006 1.02228 1.04338 1.00864 1.00544 1.00804 1.00115 1.0011 0.998816 0.999143 0.998905 1.00346 1.00437 1.00475 1.01866 1.01467 1.01995 1.05102 1.05296 1.0502 1.08095 1.08373 1.10328 1.10307 1.1163 1.13713 1.11755 1.14743 1.1121 1.17696 1.20094 1.21391 1.17477 1.21659 1.26994 1.28596 1.339 1.29203 1.38456 1.34623 1.41843 1.3993 1.46585 1.48112 1.49701 1.51506 1.65527 1.56758 1.52848 1.59811 1.5977 1.64951 1.66777 1.63868 1.59068 1.75152 1.79754 1.67281 1.8055 
1.84362 1.68008 1.79427 1.83065 1.7863 1.6904 1.71682 1.68744 1.54616 1.64586 1.62987 1.49562 1.49625 1.45504 1.50708 1.49127 1.44505 1.44946 1.36519 1.34345 1.37042 1.31453 1.33604 1.26169 1.23572 1.22055 1.23052 1.20533 1.1973 1.20652 1.13079 1.15663 1.0957 1.12935 1.14439 1.09312 1.08759 1.09201 1.07157 1.05661 1.0323 1.04939 1.02224 1.01222 1.02471 1.0153 1.0013 1.00819 1.00207 1.00004 0.999481 1.00633 1.00394 1.00266 0.995546 0.994825 1.01434 1.02702 1.04649 1.03617 1.03692 1.05658 1.097 1.05847 1.11077 1.09496 1.15606 1.1477 1.16034 1.12495 1.16304 1.18306 1.23549 1.24588 1.29105 1.25985 1.26963 1.27887 1.36247 1.43581 1.31742 1.43395 1.37107 1.6039 1.50105 1.46902 1.48249 1.54608 1.51586 1.56536 1.50196 1.58823 1.66244 1.61873 1.73539 1.75172 1.67776 1.75491 1.82661 1.78136 
1.80934 1.74213 1.65299 1.71774 1.69658 1.7126 1.64239 1.55902 1.72619 1.56636 1.53778 1.54475 1.48054 1.46201 1.4798 1.44812 1.48377 1.36784 1.40125 1.37912 1.28448 1.31176 1.3134 1.27792 1.27122 1.25027 1.27044 1.19774 1.1923 1.15966 1.18018 1.15338 1.12805 1.14003 1.11392 1.11114 1.11884 1.06229 1.04739 1.0638 1.04586 1.03191 1.02702 1.02582 1.01906 1.00031 1.00652 1.00207 0.999056 0.999497 1.00022 0.997798 1.00451 1.00901 1.01639 1.01029 1.0315 1.00423 1.03784 1.02552 1.05529 1.05448 1.07466 1.08199 1.05598 1.09898 1.12518 1.11362 1.17476 1.16805 1.1553 1.20884 1.18994 1.25496 1.24396 1.18941 1.26021 1.29841 1.26029 1.31839 1.34098 1.47674 1.45279 1.42768 1.54017 1.46535 1.45021 1.54327 1.55161 1.57065 1.59514 1.62933 1.58701 1.70191 1.70849 1.63995 1.80037 1.79768 1.86188 1.81049 
1.80661 1.77057 1.79623 1.8302 1.6979 1.68407 1.67962 1.62786 1.56614 1.62254 1.5193 1.54941 1.54859 1.4917 1.43134 1.49529 1.4328 1.38283 1.37552 1.3473 1.40993 1.31246 1.3057 1.24606 1.25874 1.25147 1.25629 1.2313 1.19259 1.20367 1.20199 1.16279 1.15876 1.13631 1.0986 1.12842 1.06159 1.07086 1.05264 1.04777 1.07179 1.02147 1.03164 1.02796 1.03261 1.00906 1.00637 1.00226 1.00323 0.999221 1.00005 1.00244 1.00223 1.00702 1.00118 1.00745 1.00889 1.02771 1.02072 1.02768 1.04973 1.06416 1.08555 1.09618 1.09427 1.11347 1.11743 1.18943 1.15515 1.17943 1.1434 1.17447 1.24932 1.2277 1.22365 1.27314 1.20679 1.27881 1.34933 1.35687 1.37833 1.42683 1.37649 1.45723 1.4607 1.50698 1.50168 1.57387 1.4675 1.64274 1.62252 1.51406 1.75743 1.68941 1.72567 1.70483 1.62199 1.65242 1.82237 1.78452 
1.83736 1.79823 1.85056 1.78544 1.72576 1.69312 1.65997 1.51104 1.64133 1.52098 1.58185 1.54078 1.49846 1.5233 1.51344 1.39364 1.44398 1.44086 1.40344 1.42774 1.36769 1.3729 1.30316 1.3365 1.28276 1.23952 1.17697 1.2275 1.19393 1.2256 1.20841 1.16392 1.13727 1.12129 1.11378 1.11733 1.08214 1.06311 1.05575 1.04149 1.04774 1.025 1.01171 1.01029 1.03175 1.0113 1.01103 1.00509 1.0011 1.0013 0.999146 0.999069 1.00146 1.00824 1.00442 1.01112 1.03039 1.03535 1.03342 1.04421 1.05037 1.08315 1.06067 1.07475 1.08913 1.10899 1.11025 1.0998 1.11494 1.16578 1.13064 1.21024 1.23345 1.26283 1.22795 1.26285 1.25545 1.2101 1.30682 1.32289 1.40169 1.35527 1.38555 1.44099 1.34166 1.516 1.48548 1.39347 1.53415 1.50572 1.62888 1.57709 1.63391 1.65589 1.72643 1.79579 1.71357 1.60038 1.77562 1.8364 
1.87518 1.78673 1.7214 1.87968 1.69717 1.70515 1.70568 1.7161 1.61599 1.59702 1.63565 1.57733 1.53473 1.46613 1.52533 1.46379 1.55853 1.42803 1.42309 1.41551 1.39337 1.36146 1.3003 1.3019 1.31892 1.27534 1.29884 1.19497 1.20335 1.23297 1.17711 1.19588 1.14034 1.11735 1.10399 1.10301 1.09069 1.09496 1.06074 1.05904 1.03283 1.0383 1.02277 1.02567 1.0329 1.02037 1.00607 1.00363 1.00084 1.00053 0.999985 0.998749 1.00269 0.999021 1.00689 1.00622 1.01399 1.02063 1.02322 1.05684 1.06137 1.0434 1.05251 1.06384 1.09516 1.07822 1.10877 1.08887 1.11874 1.13175 1.16923 1.13884 1.23216 1.26021 1.31616 1.19671 1.27212 1.32985 1.35363 1.38453 1.30727 1.39036 1.46745 1.37256 1.39376 1.58763 1.55636 1.46599 1.48648 1.5657 1.59455 1.61528 1.63854 1.71895 1.52241 1.72793 1.63835 1.70808 1.75131 1.85366 
1.80465 1.79952 1.79231 1.83403 1.77474 1.80866 1.63341 1.57402 1.65115 1.64159 1.55905 1.5716 1.53039 1.46357 1.48151 1.48847 1.39141 1.38827 1.44784 1.34453 1.42949 1.36353 1.3515 1.29904 1.29474 1.34126 1.25522 1.19878 1.2478 1.17545 1.17065 1.14887 1.15733 1.11297 1.10513 1.11429 1.09338 1.06318 1.0511 1.0341 1.03896 1.03975 1.02535 1.01313 1.01901 1.01248 1.00058 1.00763 1.00294 1.0003 0.99957 1.0006 0.998462 1.00802 1.00628 1.0047 1.02032 1.03595 1.02104 1.03342 1.04206 1.03911 1.03728 1.06082 1.12164 1.0933 1.16801 1.12688 1.13921 1.13389 1.1137 1.14915 1.19954 1.25309 1.28594 1.26865 1.28768 1.32829 1.30217 1.33573 1.34612 1.3867 1.35827 1.42139 1.44665 1.40719 1.38445 1.55219 1.61114 1.64564 1.60452 1.62978 1.61067 1.62524 1.65129 1.58588 1.78277 1.74727 1.78757 1.78932 
1.82615 1.91113 1.82729 1.77818 1.78037 1.66966 1.6946 1.57447 1.60455 1.61828 1.62534 1.59058 1.51259 1.50236 1.54034 1.42388 1.43539 1.47953 1.41022 1.41792 1.39462 1.35508 1.34531 1.329 1.27136 1.27058 1.24883 1.23404 1.22642 1.16593 1.20694 1.16228 1.11086 1.12079 1.12296 1.11692 1.09616 1.07842 1.05736 1.06845 1.04496 1.02962 1.0359 1.03181 1.01942 1.0152 1.00151 1.00783 1.00043 1.00179 0.999017 1.00145 0.998513 1.00183 0.998812 1.00974 1.02203 1.01759 1.02579 1.03388 1.04619 1.05704 1.07565 1.06722 1.04128 1.10848 1.11688 1.10951 1.10091 1.13253 1.17674 1.20774 1.19231 1.16174 1.27414 1.26872 1.27416 1.25961 1.28251 1.29816 1.35638 1.40561 1.33121 1.35942 1.40962 1.44301 1.42605 1.44366 1.49469 1.55668 1.62567 1.61315 1.60414 1.65706 1.69822 1.75741 1.77204 1.77766 1.79457 1.93556 
1.87637 1.8462 1.77144 1.72075 1.75522 1.75593 1.71255 1.67624 1.57122 1.71108 1.58389 1.57021 1.54345 1.52689 1.50013 1.51846 1.47861 1.48558 1.44808 1.37023 1.40005 1.3396 1.31274 1.25255 1.24182 1.26773 1.22866 1.20486 1.18552 1.206 1.21733 1.15015 1.14296 1.15552 1.1081 1.0811 1.09228 1.09391 1.05044 1.05416 1.03827 1.03967 1.03305 1.01996 1.02373 1.01027 1.01004 1.00319 1.0023 1.00128 1.00053 0.997715 0.99829 1.00425 1.01149 1.00571 1.03142 1.005 1.03793 1.02002 1.0406 1.04357 1.07607 1.06621 1.06251 1.0961 1.10016 1.10984 1.13489 1.19482 1.17539 1.191 1.19341 1.23536 1.28958 1.24802 1.24048 1.27355 1.35721 1.29313 1.36965 1.4174 1.4278 1.48724 1.44192 1.48979 1.49016 1.5113 1.5532 1.4789 1.57147 1.56542 1.56062 1.66805 1.74954 1.64449 1.73828 1.71635 1.8334 1.74709 
1.93339 1.78984 1.80221 1.78189 1.72636 1.66013 1.67338 1.70116 1.49817 1.66358 1.69279 1.55618 1.52584 1.52761 1.48902 1.53404 1.49294 1.35735 1.43627 1.40283 1.37608 1.36226 1.32132 1.34221 1.30294 1.27224 1.31418 1.18329 1.20242 1.22871 1.17241 1.15068 1.12978 1.11937 1.12371 1.07772 1.0601 1.06905 1.05929 1.06638 1.02184 1.03698 1.0322 1.03315 1.00849 1.02203 1.00986 1.00578 1.00208 1.0004 1.00065 0.999371 1.00095 0.998382 1.00954 1.01594 1.02412 1.00921 1.02375 1.01081 1.04991 1.02653 1.0339 1.06888 1.06804 1.10665 1.12232 1.1337 1.15378 1.13399 1.13048 1.15761 1.18333 1.19473 1.2064 1.16172 1.22506 1.30129 1.30805 1.32433 1.25706 1.30517 1.4312 1.40227 1.43269 1.48879 1.50482 1.5178 1.52187 1.60353 1.54706 1.58767 1.6542 1.63109 1.60918 1.67999 1.75408 1.81234 1.7726 1.84922 
1.77386 1.79641 1.85779 1.76281 1.69796 1.78074 1.6605 1.67386 1.63972 1.67847 1.63479 1.64562 1.6341 1.58192 1.54348 1.51549 1.4146 1.49879 1.43144 1.40589 1.45756 1.42117 1.3478 1.34262 1.24591 1.24122 1.28915 1.24501 1.25097 1.19324 1.18853 1.17046 1.18524 1.12604 1.14335 1.10928 1.0677 1.0603 1.06901 1.06021 1.03097 1.05255 1.04121 1.02624 1.0265 1.014 1.00569 1.0016 1.00347 1.00008 0.999832 1.00352 0.998822 1.00209 1.00333 0.99747 1.01021 1.00861 1.01962 1.04383 1.0401 1.04235 1.07835 1.06989 1.07772 1.09912 1.13261 1.10978 1.11928 1.17202 1.1872 1.17171 1.19866 1.2235 1.21212 1.24855 1.24158 1.36383 1.34041 1.38928 1.31395 1.31104 1.33494 1.38532 1.43205 1.49441 1.45977 1.43533 1.41817 1.50087 1.55001 1.51401 1.60194 1.61498 1.61812 1.69704 1.71973 1.71885 1.77171 1.70973 
1.85762 1.87436 1.88568 1.70313 1.77342 1.84466 1.72471 1.62232 1.55902 1.65567 1.65773 1.60516 1.604 1.60123 1.5695 1.54288 1.52591 1.40367 1.38745 1.33071 1.37103 1.3597 1.30139 1.3402 1.30486 1.30117 1.24856 1.28163 1.22104 1.21614 1.21244 1.18585 1.14407 1.14486 1.12423 1.13359 1.08957 1.07506 1.06727 1.05219 1.05136 1.03298 1.05156 1.03213 1.01135 1.00695 1.00499 1.00472 1.00382 0.999401 0.999521 0.998624 1.00048 1.0068 1.00538 1.0058 1.01423 0.995542 1.0252 1.0258 1.03077 1.07296 1.05209 1.04407 1.09135 1.11129 1.09014 1.11926 1.1011 1.13283 1.14672 1.16607 1.17019 1.1866 1.30284 1.25651 1.28881 1.30865 1.32601 1.24726 1.34835 1.22244 1.41177 1.46011 1.37407 1.48454 1.42298 1.56374 1.52231 1.4801 1.59995 1.62787 1.61728 1.62049 1.70648 1.69316 1.64299 1.64121 1.85177 1.70422 
1.85316 1.79999 1.92844 1.85193 1.77804 1.69243 1.7134 1.68699 1.57553 1.56936 1.56223 1.58806 1.55866 1.51376 1.52959 1.5513 1.46025 1.38149 1.44407 1.41956 1.40481 1.35102 1.33438 1.3665 1.24895 1.29518 1.30928 1.24047 1.25007 1.20968 1.16582 1.19118 1.13243 1.14064 1.11566 1.13214 1.13311 1.08094 1.10834 1.06462 1.06051 1.04388 1.02751 1.03518 1.00696 1.00411 0.998435 1.00537 1.00367 1.00044 1.0001 0.998581 0.995591 1.00144 1.01066 0.997749 1.01764 1.01249 1.03335 1.01997 1.05728 1.01611 1.08348 1.05355 1.08051 1.08828 1.07028 1.08132 1.13981 1.14989 1.17787 1.15336 1.20452 1.17051 1.22725 1.27734 1.21966 1.29553 1.27455 1.35577 1.32857 1.36834 1.41654 1.37442 1.45207 1.35075 1.42991 1.52021 1.49579 1.4834 1.59909 1.5512 1.44337 1.62091 1.69816 1.69462 1.68047 1.73531 1.6664 1.72094 
1.92508 1.85255 1.78983 1.83864 1.74418 1.81509 1.771 1.69798 1.62664 1.64578 1.5753 1.5909 1.56668 1.52527 1.43495 1.50288 1.45139 1.4977 1.3842 1.39705 1.31618 1.3662 1.28614 1.29159 1.29285 1.3263 1.21116 1.25115 1.23936 1.24187 1.19077 1.15735 1.1801 1.14708 1.14615 1.10657 1.09765 1.07949 1.07489 1.07288 1.05883 1.05133 1.0334 1.03042 1.0177 1.01758 1.00872 1.0044 1.00346 1.00079 0.99969 0.999165 1.00188 0.999561 1.00324 1.00391 1.00971 1.01091 1.02964 1.02286 1.02488 1.05458 1.06569 1.09196 1.0793 1.0783 1.1042 1.1111 1.1562 1.15789 1.1671 1.19715 1.13797 1.2002 1.24044 1.23304 1.21682 1.21185 1.33282 1.36049 1.31874 1.3636 1.33494 1.43442 1.33965 1.43359 1.38066 1.4739 1.54865 1.57181 1.5891 1.6222 1.56842 1.56074 1.71392 1.67649 1.7227 1.62931 1.66549 1.81805 
1.9371 1.94407 1.7895 1.83989 1.75872 1.75726 1.65005 1.66737 1.66483 1.68082 1.62165 1.5943 1.64872 1.55139 1.53652 1.43631 1.48925 1.50575 1.49261 1.4865 1.44543 1.40855 1.40589 1.36919 1.27356 1.314 1.2093 1.27962 1.20683 1.21914 1.16129 1.15876 1.14623 1.15496 1.10181 1.11298 1.09297 1.08116 1.07939 1.06862 1.05131 1.03967 1.03892 1.03304 1.01975 1.02047 1.01362 1.00757 1.00557 1.00129 0.999613 0.995074 0.996511 1.00271 1.01257 1.01371 1.01958 1.01575 1.00863 1.01974 1.03171 1.03224 1.08027 1.05585 1.09333 1.10038 1.06792 1.0964 1.15451 1.15022 1.16018 1.12977 1.17716 1.19942 1.21338 1.22073 1.24847 1.24828 1.29034 1.26389 1.2786 1.30214 1.32178 1.37954 1.40394 1.44184 1.47721 1.51484 1.44871 1.52527 1.58222 1.56797 1.61394 1.68676 1.73417 1.68 1.7588 1.78345 1.61822 1.68667 
1.89855 1.85559 1.92806 1.83055 1.78239 1.7127 1.74596 1.6963 1.68968 1.66941 1.63473 1.62977 1.47285 1.58775 1.52362 1.48586 1.50529 1.50788 1.4119 1.37862 1.40347 1.37146 1.35639 1.34508 1.28527 1.3081 1.29061 1.22717 1.23266 1.23741 1.19289 1.16262 1.12222 1.17981 1.13152 1.11706 1.09797 1.07148 1.05939 1.06991 1.06658 1.04376 1.04367 1.01645 1.02691 1.0121 1.01254 1.00828 1.00554 1.00133 0.998895 0.996987 0.995407 0.996276 1.00692 0.98952 1.00902 1.01127 1.02651 1.01186 1.05736 1.07233 1.06867 1.07104 1.06887 1.12403 1.0886 1.15137 1.12496 1.1816 1.16248 1.21716 1.21861 1.18033 1.22619 1.24148 1.2457 1.23177 1.28518 1.27088 1.4446 1.38062 1.38668 1.37773 1.34983 1.34579 1.4865 1.46765 1.51584 1.48019 1.6127 1.62942 1.54001 1.56956 1.59865 1.64895 1.6727 1.69573 1.78666 1.75401 
1.81348 1.97961 1.86375 1.86754 1.75125 1.843 1.72158 1.74755 1.71823 1.6404 1.6555 1.6962 1.61185 1.60333 1.48323 1.51376 1.46887 1.43677 1.40242 1.39263 1.4187 1.30578 1.35269 1.3114 1.33242 1.22444 1.31311 1.3014 1.2497 1.21884 1.19593 1.17448 1.16329 1.14595 1.15124 1.10977 1.10504 1.08447 1.08301 1.06752 1.0545 1.04312 1.05592 1.03014 1.02599 1.01698 1.01278 1.00926 1.00117 1.00201 0.999531 0.997369 0.997554 0.99549 0.99409 1.01294 1.0059 1.02609 1.01504 1.02981 1.02581 1.06252 1.06324 1.06626 1.11182 1.05248 1.11209 1.11239 1.11975 1.147 1.16727 1.15968 1.12093 1.20373 1.22734 1.20834 1.27144 1.3323 1.24516 1.33051 1.28922 1.44025 1.36357 1.40741 1.34723 1.45835 1.33743 1.45862 1.47998 1.47281 1.45782 1.59343 1.55178 1.6403 1.65966 1.716 1.7442 1.76183 1.79148 1.79061 
2.03913 1.91962 1.83611 1.85594 1.89008 1.86347 1.75232 1.68446 1.70611 1.64735 1.5858 1.61619 1.57323 1.57003 1.47516 1.55328 1.47529 1.43339 1.42377 1.47958 1.48548 1.35973 1.36197 1.36191 1.25903 1.31286 1.32891 1.25601 1.20802 1.2489 1.17445 1.20387 1.14153 1.11375 1.16275 1.09018 1.12188 1.10394 1.07267 1.07228 1.05126 1.04591 1.06053 1.02497 1.02564 1.00793 1.00943 1.01121 1.00475 1.0017 0.999862 0.997597 1.00147 1.00076 1.00502 0.990523 1.00417 1.01106 1.02211 1.01712 1.03014 1.07011 1.04469 1.02966 1.0649 1.08545 1.08159 1.11021 1.12505 1.1845 1.15067 1.25073 1.11935 1.20848 1.2607 1.26199 1.25823 1.29629 1.2848 1.32182 1.36383 1.35752 1.37287 1.4272 1.32321 1.39558 1.48188 1.49196 1.4716 1.52012 1.4566 1.51339 1.55533 1.54178 1.56956 1.73656 1.64216 1.65692 1.77262 1.76684 
1.96798 1.86234 1.82081 1.92121 1.80548 1.76737 1.72702 1.66185 1.69003 1.74813 1.6568 1.53973 1.66822 1.50793 1.50381 1.56213 1.50454 1.44333 1.48979 1.42234 1.40193 1.32226 1.39465 1.33775 1.23515 1.27527 1.2297 1.29061 1.26135 1.21277 1.20509 1.23525 1.13312 1.15619 1.14052 1.12049 1.10348 1.10229 1.09675 1.0799 1.07679 1.05056 1.0432 1.03854 1.02993 1.02059 1.01442 1.00963 1.00791 1.0012 0.998456 0.997065 1.00081 0.993471 0.996112 0.995908 1.01063 1.02706 1.00583 1.02838 1.0083 1.02998 1.04952 1.04916 1.07403 1.09305 1.10017 1.09307 1.10454 1.14617 1.11075 1.18861 1.17695 1.19377 1.20504 1.29779 1.26619 1.252 1.25217 1.37094 1.24956 1.39384 1.34313 1.35007 1.38129 1.23472 1.38511 1.55607 1.50444 1.46801 1.51668 1.57842 1.60026 1.60375 1.63215 1.63647 1.67548 1.55021 1.67431 1.77918 
1.95971 1.91404 1.81359 1.75993 1.89501 1.75456 1.78612 1.70912 1.66168 1.72363 1.62946 1.56653 1.6337 1.54981 1.58142 1.49821 1.51643 1.50218 1.42239 1.43737 1.35751 1.42112 1.31168 1.33506 1.28546 1.3367 1.28975 1.27014 1.2476 1.18432 1.21978 1.18516 1.18939 1.13893 1.16203 1.11036 1.10187 1.09123 1.07517 1.07127 1.0486 1.04373 1.04389 1.04485 1.03109 1.01278 1.0099 1.00509 1.00414 1.00208 0.998384 0.999991 0.999337 0.996378 1.0013 1.00881 1.00455 1.02337 1.01889 1.01374 1.02525 1.03466 1.04651 1.06255 1.05345 1.04785 1.05269 1.13316 1.12314 1.20159 1.20405 1.15984 1.14732 1.17269 1.2484 1.19703 1.3058 1.23473 1.30471 1.23025 1.33336 1.36463 1.37711 1.33808 1.40583 1.32058 1.42431 1.46235 1.60524 1.50153 1.47723 1.50805 1.58266 1.64157 1.68133 1.66754 1.63592 1.6722 1.70926 1.64515 
1.85492 1.81636 1.83814 1.8092 1.78577 1.81773 1.69953 1.80805 1.74402 1.7862 1.64789 1.56599 1.61396 1.50796 1.55447 1.54299 1.54234 1.44076 1.44515 1.42324 1.37667 1.37629 1.3833 1.38161 1.25277 1.29909 1.28979 1.25821 1.21914 1.21942 1.20912 1.19873 1.16873 1.14057 1.15057 1.10362 1.09137 1.10817 1.08038 1.07218 1.05085 1.04923 1.04646 1.02137 1.028 1.00968 1.01881 1.0066 1.00407 1.00126 0.99902 1.0004 0.993329 0.994559 1.00869 1.00028 1.01091 1.0224 1.01428 0.99957 1.03726 1.04586 1.02285 1.04459 1.00745 1.11231 1.06512 1.07905 1.13123 1.11434 1.19335 1.15943 1.20254 1.22504 1.23315 1.2114 1.27232 1.24919 1.21948 1.31528 1.26744 1.26633 1.3687 1.46006 1.31931 1.40055 1.45173 1.49957 1.50728 1.44464 1.45564 1.47907 1.5266 1.43859 1.54701 1.61009 1.62919 1.71595 1.74709 1.72485 
1.95075 1.96551 1.94517 1.81232 1.91289 1.70385 1.76416 1.74683 1.6707 1.6557 1.7112 1.64756 1.58139 1.59177 1.59862 1.54874 1.48567 1.48192 1.46939 1.42026 1.37344 1.39987 1.42835 1.36961 1.31973 1.30709 1.2408 1.26321 1.22273 1.22716 1.18106 1.19469 1.15145 1.11764 1.15723 1.12272 1.13506 1.11295 1.07463 1.0704 1.06532 1.05647 1.03973 1.03215 1.03773 1.02171 1.015 1.01551 1.00397 1.00098 0.999986 0.993988 0.993549 0.999946 0.990073 0.993992 1.01534 1.01507 1.00534 1.00911 1.04288 1.03756 1.06578 1.02071 1.0594 1.07356 1.07668 1.12826 1.1027 1.11124 1.11692 1.2042 1.2367 1.17362 1.22421 1.16137 1.23232 1.31258 1.32092 1.30086 1.29568 1.33756 1.43662 1.38676 1.37744 1.38319 1.38631 1.36369 1.45022 1.51535 1.5439 1.53264 1.6452 1.63434 1.65971 1.65404 1.73986 1.59638 1.64541 1.68809 
1.94487 1.88175 1.8698 1.89373 1.83403 1.8238 1.82161 1.7711 1.70186 1.68958 1.70631 1.63544 1.61234 1.57558 1.53885 1.61646 1.49332 1.46386 1.49626 1.42344 1.40562 1.38839 1.38617 1.33945 1.3209 1.33097 1.2541 1.2446 1.19966 1.27047 1.20381 1.18976 1.13361 1.1213 1.16128 1.11717 1.09336 1.09932 1.07756 1.06794 1.07226 1.07373 1.04082 1.03688 1.02607 1.01166 1.01301 1.01319 1.00627 0.999947 0.99853 0.995503 0.99551 0.997606 0.98628 1.0073 1.00693 1.00624 1.00676 1.02104 1.026 1.03126 1.03525 1.0778 1.02548 1.05928 1.12028 1.11536 1.12752 1.11146 1.15596 1.15948 1.18342 1.1403 1.17606 1.14698 1.21982 1.24137 1.25129 1.31376 1.34147 1.29404 1.39584 1.33985 1.35822 1.45765 1.43121 1.45141 1.44859 1.52595 1.48447 1.47531 1.58601 1.64101 1.59408 1.64845 1.63534 1.61677 1.6927 1.81674 
1.95927 1.9664 1.9522 1.83171 1.90592 1.73832 1.8023 1.7811 1.79918 1.74377 1.58776 1.67276 1.55993 1.56077 1.59235 1.56109 1.48018 1.44868 1.46049 1.4196 1.40714 1.435 1.38185 1.42927 1.38588 1.35209 1.31827 1.28313 1.23029 1.20113 1.22283 1.19061 1.18039 1.13077 1.12571 1.12261 1.10367 1.04706 1.08943 1.06598 1.07536 1.05711 1.03815 1.03512 1.02848 1.0163 1.00697 1.01072 1.00844 1.00097 0.999405 0.997258 0.995251 0.999771 1.00156 1.01097 0.996789 1.0093 1.03883 1.01762 1.02516 1.06349 1.04554 1.06908 1.06016 1.06413 1.08521 1.08779 1.08097 1.1089 1.08517 1.13312 1.22365 1.1418 1.20967 1.20804 1.23646 1.19765 1.20734 1.28364 1.30137 1.34982 1.36819 1.33439 1.35359 1.41072 1.38667 1.43519 1.50663 1.54402 1.55879 1.53222 1.6648 1.53704 1.65463 1.64889 1.66974 1.65269 1.70079 1.801 
2.04323 2.01916 1.92743 1.84619 1.77547 1.79345 1.79179 1.82283 1.71437 1.75701 1.64297 1.6362 1.62705 1.66599 1.5718 1.55022 1.55011 1.52448 1.41715 1.43931 1.50504 1.41407 1.38017 1.30983 1.30442 1.27634 1.32784 1.21841 1.26139 1.23194 1.19593 1.15742 1.17674 1.16662 1.13781 1.13582 1.10492 1.12993 1.05846 1.10029 1.05386 1.06049 1.05976 1.04254 1.02237 1.01637 1.00819 1.00761 1.00435 1.0024 0.999451 0.997795 0.99672 1.00326 0.999535 0.999448 0.987159 1.0078 1.01302 0.999515 1.01011 1.04381 1.01805 1.0707 1.06522 1.05941 1.10898 1.10633 1.11134 1.14621 1.12094 1.14194 1.14724 1.16564 1.17082 1.15961 1.2294 1.25846 1.25919 1.22379 1.29024 1.33566 1.32758 1.33157 1.36611 1.37163 1.45915 1.4213 1.50081 1.58187 1.58012 1.52677 1.51308 1.5244 1.55965 1.5845 1.64145 1.64931 1.74299 1.73179 
2.00616 1.89948 1.8724 1.7499 1.85917 1.83121 1.85821 1.70621 1.70191 1.78868 1.70004 1.61014 1.59179 1.73425 1.59998 1.52615 1.5256 1.56811 1.48133 1.42267 1.43577 1.42364 1.45619 1.31437 1.33802 1.30041 1.2938 1.3174 1.2442 1.20803 1.19327 1.1888 1.17071 1.19375 1.14463 1.08338 1.09591 1.12189 1.09564 1.05731 1.06059 1.06089 1.03039 1.03356 1.02934 1.01858 1.01747 1.00563 1.00476 1.00161 0.999021 0.998049 1.00517 0.995454 1.00462 1.01236 1.00191 0.999315 1.02246 1.00886 1.04133 1.03926 1.03435 1.03027 1.07952 1.07391 1.12092 1.07651 1.09763 1.13948 1.12849 1.19525 1.18885 1.166 1.11101 1.2417 1.26182 1.21341 1.33891 1.24234 1.28085 1.30219 1.35244 1.32791 1.39695 1.40047 1.46114 1.38263 1.44905 1.43442 1.57696 1.56006 1.5352 1.51799 1.58958 1.65528 1.59556 1.62974 1.65049 1.65136 
1.97851 1.85986 1.85852 1.80554 1.79426 1.77352 1.81416 1.67317 1.77413 1.64153 1.68553 1.73146 1.51104 1.58943 1.52152 1.56849 1.4941 1.49947 1.52435 1.40305 1.46155 1.42316 1.37001 1.30683 1.35932 1.34198 1.28114 1.22453 1.2712 1.27977 1.2271 1.22133 1.2014 1.15504 1.16303 1.12335 1.13454 1.09832 1.05947 1.08357 1.06572 1.05708 1.04744 1.0328 1.02396 1.01295 1.02153 1.00471 1.00253 1.00096 0.99838 0.995692 0.992518 0.996315 1.00054 1.00664 1.00425 1.01266 1.00149 1.0419 0.995599 1.01367 1.01795 1.05825 1.05003 1.05948 1.06897 1.06052 1.13436 1.09482 1.08366 1.16006 1.14694 1.19838 1.20511 1.15374 1.31569 1.23556 1.26279 1.29929 1.29035 1.3116 1.34464 1.35935 1.34789 1.38577 1.43493 1.42315 1.39541 1.48158 1.50085 1.46995 1.62503 1.58117 1.6006 1.60483 1.55066 1.62463 1.72108 1.70191 
1.8643 2.07549 1.89265 1.90366 1.84932 1.80217 1.76651 1.74537 1.74622 1.77593 1.6236 1.69641 1.66527 1.57752 1.59027 1.49768 1.49743 1.42795 1.42507 1.4108 1.44364 1.40735 1.4112 1.36407 1.37459 1.31269 1.26521 1.27545 1.19514 1.2679 1.24665 1.21294 1.15372 1.13445 1.13238 1.12516 1.1296 1.07801 1.08672 1.05412 1.07645 1.06052 1.02963 1.02779 1.02569 1.03194 1.01514 1.00804 1.00457 1.00147 0.999333 0.997886 0.992638 0.993395 0.998288 0.987188 1.00596 1.01847 0.987276 1.00365 1.01766 1.02592 1.04247 1.06282 1.06777 1.05413 1.05958 1.08964 1.17252 1.10476 1.11765 1.1344 1.13124 1.14807 1.13614 1.19765 1.25481 1.2484 1.16423 1.28095 1.29024 1.29022 1.35605 1.33163 1.40476 1.3543 1.3674 1.44676 1.48804 1.50671 1.46323 1.61154 1.60043 1.68629 1.67163 1.64526 1.61167 1.67624 1.71301 1.64933 
1.99466 1.93471 1.97745 1.90775 1.72856 1.82364 1.79951 1.80443 1.68544 1.67828 1.75749 1.76333 1.49049 1.61939 1.58674 1.55912 1.55943 1.54535 1.5092 1.44498 1.45371 1.35267 1.33433 1.37245 1.35461 1.34033 1.2976 1.27836 1.23943 1.24158 1.18212 1.20428 1.18645 1.14437 1.17322 1.12861 1.09244 1.10354 1.09082 1.07314 1.0857 1.06895 1.03607 1.05203 1.04003 1.01999 1.01605 1.00915 1.00527 1.00096 0.997527 0.996124 1.00308 1.00683 1.00345 0.99527 1.00253 1.0133 1.00871 1.01548 1.03138 1.03085 1.05071 1.01555 1.0467 1.08403 1.09429 1.06246 1.12686 1.09283 1.13892 1.10687 1.15471 1.18359 1.19608 1.16198 1.2301 1.17101 1.20606 1.31766 1.27426 1.32205 1.3249 1.3354 1.41435 1.39889 1.39225 1.54185 1.4362 1.43897 1.45827 1.54377 1.53954 1.60731 1.62534 1.59327 1.58289 1.58095 1.68029 1.76315 
1.99808 1.92606 1.93284 1.78637 1.87757 1.8885 1.69707 1.74124 1.70829 1.70614 1.64606 1.64744 1.55933 1.58019 1.54441 1.58162 1.52939 1.52498 1.50819 1.49644 1.41878 1.45879 1.37293 1.35082 1.30706 1.36217 1.26653 1.26972 1.23125 1.28244 1.22812 1.19671 1.15594 1.18537 1.17429 1.14935 1.09868 1.11302 1.08822 1.07925 1.05362 1.07392 1.04431 1.04138 1.03311 1.03688 1.01342 1.01406 1.00521 1.00258 0.998967 0.997136 0.994662 1.00094 0.99631 0.995441 1.00237 1.00257 1.0097 1.00378 1.03837 1.00717 1.05202 1.03024 1.04521 1.04339 1.06894 1.05479 1.11069 1.11003 1.16038 1.12756 1.13565 1.17911 1.16894 1.22852 1.20087 1.2387 1.26811 1.33378 1.27238 1.325 1.30205 1.25914 1.32855 1.37367 1.38939 1.49831 1.41781 1.46836 1.53223 1.52634 1.49685 1.47241 1.65038 1.58449 1.61615 1.70932 1.82408 1.73059 
2.03038 1.90073 1.89447 1.91734 1.92099 1.72667 1.73694 1.85395 1.69382 1.66005 1.68086 1.63053 1.63169 1.63633 1.53879 1.49729 1.5249 1.54172 1.53521 1.39444 1.42021 1.43141 1.44406 1.35552 1.30769 1.35546 1.27771 1.27766 1.25979 1.25103 1.19314 1.22204 1.17769 1.11426 1.11993 1.14605 1.06975 1.13697 1.10599 1.06537 1.07687 1.04112 1.05874 1.03205 1.02892 1.02385 1.01492 1.00958 1.00678 1.00079 0.997527 0.996798 0.992963 0.995015 0.998994 0.988364 1.00213 1.00357 1.01979 1.00868 1.03554 1.02116 1.04157 1.03264 1.04381 1.07617 1.09125 1.09104 1.1127 1.15319 1.12948 1.1797 1.16223 1.15284 1.19661 1.24554 1.19706 1.21247 1.21242 1.28231 1.32179 1.29788 1.35621 1.29842 1.36125 1.30945 1.42521 1.4119 1.52168 1.43573 1.43807 1.60094 1.48649 1.4828 1.58211 1.6941 1.66854 1.63982 1.65958 1.65678 
2.0202 1.87076 1.96933 2.02215 1.8847 1.84755 1.76905 1.8518 1.78977 1.7354 1.79367 1.65956 1.64976 1.60091 1.63852 1.57402 1.54363 1.53935 1.4146 1.36845 1.40761 1.41066 1.37954 1.3277 1.34236 1.32495 1.29106 1.29441 1.26269 1.25461 1.21622 1.17723 1.17683 1.16934 1.14473 1.11267 1.12493 1.09504 1.08353 1.0792 1.06238 1.05551 1.05768 1.02833 1.0246 1.03043 1.02109 1.01298 1.00462 1.0006 0.998753 0.995659 0.993351 0.998991 0.991104 1.00334 0.996341 1.01222 1.0165 1.00607 1.01068 1.01865 1.0504 1.03207 1.05834 1.07339 1.07821 1.08609 1.07282 1.05602 1.11931 1.0883 1.18118 1.14388 1.17085 1.19985 1.23723 1.17864 1.31711 1.29724 1.28255 1.31901 1.26542 1.39999 1.36034 1.48735 1.36779 1.42904 1.37523 1.44673 1.53678 1.59826 1.60223 1.55887 1.55347 1.58528 1.7057 1.67947 1.69272 1.72385 
2.07257 1.87005 1.95608 1.87407 1.96271 1.83937 1.83544 1.78982 1.76143 1.72508 1.72251 1.7073 1.65989 1.66179 1.62545 1.49167 1.5619 1.49635 1.51939 1.45294 1.39105 1.42086 1.35286 1.39146 1.31544 1.30735 1.32219 1.31762 1.28477 1.19765 1.21688 1.15621 1.1621 1.14678 1.1111 1.1484 1.10908 1.08601 1.08882 1.06709 1.0642 1.04418 1.04443 1.04417 1.03242 1.01887 1.00673 1.01035 1.01038 1.00213 0.998747 0.995169 1.00095 1.00192 0.99728 1.00295 0.984037 0.998276 1.01156 1.00967 1.01136 1.03471 1.01406 1.00148 1.03987 1.08866 1.06196 1.09462 1.07776 1.11467 1.11342 1.16396 1.15578 1.14557 1.20531 1.19038 1.22208 1.22312 1.24033 1.29397 1.29039 1.28765 1.32652 1.32 1.34483 1.39367 1.4507 1.4324 1.40123 1.45084 1.52397 1.54304 1.46593 1.59109 1.60392 1.59903 1.66925 1.71241 1.57853 1.69705 
1.92121 1.8873 1.9254 1.9473 1.89225 1.81825 1.90096 1.74184 1.67357 1.72525 1.63807 1.62178 1.58407 1.54104 1.64861 1.55415 1.51862 1.54593 1.48521 1.45951 1.4437 1.38228 1.38961 1.4005 1.31615 1.33444 1.2663 1.31747 1.25207 1.23627 1.19149 1.21446 1.17409 1.15741 1.14405 1.13269 1.13234 1.11557 1.07719 1.09871 1.0416 1.0576 1.05339 1.04171 1.03143 1.01966 1.01961 1.01104 1.00351 1.0029 0.997324 0.998124 1.00048 1.00964 0.993334 0.99141 0.987025 0.999555 1.00433 1.03685 1.00449 1.01462 1.04369 1.06978 1.04834 1.08 1.10107 1.07364 1.11883 1.09425 1.13864 1.10658 1.16915 1.20203 1.16498 1.16356 1.25202 1.2634 1.15615 1.31955 1.34507 1.33662 1.28572 1.34698 1.35438 1.28786 1.44969 1.39252 1.45024 1.43534 1.47458 1.50177 1.53328 1.63241 1.63794 1.59226 1.63116 1.67007 1.69465 1.69736 
2.00766 1.98975 1.95821 1.94116 1.89331 1.87618 1.81968 1.69601 1.78466 1.76423 1.70822 1.62116 1.66107 1.54246 1.50426 1.55422 1.59705 1.51928 1.48745 1.49251 1.48697 1.42134 1.36574 1.33131 1.31347 1.28327 1.33717 1.26209 1.27843 1.21627 1.23085 1.21743 1.17985 1.17526 1.12327 1.14028 1.12026 1.13188 1.09033 1.076 1.08701 1.0663 1.04091 1.02264 1.03805 1.02745 1.01575 1.00955 1.00414 1.00067 0.999048 0.995028 0.995464 0.99464 0.991708 0.996886 0.991522 0.991683 0.998409 1.01099 1.00343 1.01929 1.00639 1.05746 1.04012 1.06121 1.04923 1.1044 1.09638 1.09646 1.17552 1.17382 1.21064 1.20789 1.17139 1.21632 1.25826 1.25005 1.27272 1.32581 1.37995 1.3302 1.3568 1.36739 1.37408 1.39869 1.43808 1.34557 1.41846 1.47051 1.44449 1.51445 1.5137 1.52762 1.5282 1.62816 1.63842 1.6881 1.59843 1.74237 
2.14133 1.87312 1.97941 1.99903 1.8853 1.76235 1.79292 1.74368 1.60603 1.72444 1.66984 1.61037 1.62861 1.59673 1.60471 1.56249 1.49731 1.51333 1.48837 1.48933 1.46113 1.41336 1.45139 1.43074 1.35354 1.28251 1.2854 1.26896 1.28843 1.20356 1.24228 1.20471 1.24793 1.19171 1.17398 1.14465 1.10171 1.10902 1.08464 1.04594 1.08778 1.04945 1.05489 1.04601 1.03314 1.02675 1.01701 1.00811 1.00325 1.0017 0.997413 0.996788 0.995902 1.00208 0.994746 1.01061 1.00156 0.987646 1.01747 1.00508 1.0335 1.00364 1.03204 1.05082 1.08428 1.06395 1.08147 1.10382 1.09441 1.12687 1.12911 1.1433 1.1588 1.18505 1.15613 1.1363 1.2098 1.29048 1.29463 1.25478 1.30166 1.25282 1.29018 1.26662 1.31643 1.45304 1.30864 1.41854 1.39496 1.55337 1.44802 1.47758 1.58857 1.56498 1.54205 1.62181 1.6608 1.67279 1.78041 1.64566 
2.05099 1.96691 1.8618 1.87055 1.8507 1.88843 1.90877 1.86169 1.80485 1.73496 1.6706 1.77671 1.6286 1.61229 1.55373 1.55133 1.49553 1.51666 1.49103 1.4583 1.45715 1.39826 1.35864 1.3823 1.34075 1.33526 1.29701 1.29212 1.27307 1.22376 1.23173 1.20681 1.21018 1.14586 1.13983 1.12592 1.12395 1.09611 1.08458 1.0521 1.06633 1.06379 1.03866 1.03125 1.03122 1.02835 1.01486 1.01042 1.00598 1.00169 0.99822 0.999898 0.995905 0.999207 0.996648 1.00313 0.995924 1.00283 1.00721 0.996084 1.02742 1.02581 1.05284 1.04279 1.04035 1.04896 1.03934 1.03551 1.07463 1.15903 1.06378 1.15495 1.13344 1.16293 1.18051 1.15347 1.24195 1.24287 1.28555 1.24394 1.25307 1.21357 1.3255 1.31745 1.24508 1.36168 1.41096 1.50893 1.53624 1.51102 1.56578 1.50829 1.44179 1.58563 1.54179 1.66296 1.65874 1.67613 1.53969 1.7196 
1.99578 1.88573 1.86656 1.9679 1.83382 1.83062 1.82674 1.78054 1.74642 1.67761 1.67808 1.64361 1.60301 1.65412 1.51853 1.56232 1.50938 1.53415 1.54032 1.41697 1.44356 1.39981 1.34066 1.37536 1.33652 1.35384 1.28213 1.27313 1.23602 1.20675 1.19519 1.19832 1.17284 1.17733 1.14219 1.12225 1.13768 1.08684 1.10208 1.10313 1.07886 1.04525 1.05966 1.05088 1.02237 1.02443 1.01827 1.01417 1.00355 1.00167 0.998943 0.997065 0.991284 1.00111 0.978958 0.999096 0.99023 0.998341 1.00091 1.01487 1.03728 1.04781 1.03418 1.06853 1.07953 1.05507 1.08179 1.08726 1.07163 1.10982 1.08688 1.18457 1.15801 1.19575 1.12617 1.15534 1.23352 1.24478 1.22603 1.26993 1.22514 1.28552 1.28436 1.28808 1.40402 1.32381 1.46556 1.42937 1.48644 1.51655 1.46369 1.57444 1.55891 1.41802 1.62325 1.57246 1.67737 1.72235 1.52028 1.72318 
1.93092 1.9159 1.99459 1.88542 1.8975 1.86367 1.82158 1.79389 1.72343 1.77144 1.63501 1.66358 1.70893 1.54976 1.66965 1.53243 1.48698 1.54016 1.51171 1.53451 1.46744 1.39478 1.36772 1.38803 1.37837 1.2976 1.26637 1.28824 1.27648 1.23934 1.18197 1.21517 1.18593 1.16313 1.17685 1.1279 1.1227 1.09361 1.10013 1.07886 1.04935 1.05649 1.0377 1.03619 1.02817 1.01961 1.02137 1.00375 1.00354 1.00068 0.999426 0.997735 0.995186 0.999926 0.993969 0.975752 0.996718 1.00688 1.0226 1.01461 1.05406 0.997098 1.02616 1.03115 1.05664 1.02852 1.05859 1.07908 1.09283 1.08784 1.10793 1.13754 1.11927 1.16884 1.14814 1.17627 1.24235 1.24504 1.29284 1.17896 1.29786 1.33884 1.3517 1.34608 1.37246 1.28556 1.42561 1.3274 1.42007 1.52798 1.43762 1.59692 1.48225 1.48185 1.55714 1.5214 1.52302 1.58798 1.65663 1.73244 
2.06064 1.91887 1.80673 1.88777 1.83361 1.8274 1.81094 1.85799 1.81208 1.68328 1.6777 1.68234 1.57376 1.67386 1.65719 1.5541 1.60059 1.49166 1.49702 1.43152 1.42812 1.4266 1.42574 1.35381 1.35719 1.36864 1.27544 1.29168 1.27179 1.18675 1.22488 1.22319 1.15506 1.13718 1.16438 1.11174 1.14522 1.10011 1.10153 1.09008 1.06907 1.06193 1.05871 1.04204 1.02436 1.02807 1.01737 1.01506 1.00431 1.00147 0.998435 0.994542 0.997429 0.99813 1.00476 1.00291 1.00064 1.0171 0.999541 1.0017 0.987217 1.04618 1.03454 1.07414 1.03102 1.06661 1.05874 1.0492 1.09759 1.1255 1.15094 1.12226 1.10371 1.19987 1.16248 1.21719 1.22236 1.25818 1.25162 1.2087 1.26081 1.24361 1.30828 1.36275 1.32865 1.37993 1.43143 1.4324 1.4515 1.48451 1.48 1.50081 1.49072 1.58776 1.60559 1.64509 1.56306 1.61917 1.80065 1.84639 
2.01191 1.91529 1.87217 1.87042 1.79851 1.83577 1.85101 1.85891 1.72404 1.61034 1.70943 1.72526 1.69722 1.55587 1.57095 1.53847 1.43436 1.51957 1.55681 1.48422 1.40473 1.46874 1.34941 1.35387 1.34984 1.33026 1.29155 1.26938 1.27016 1.2316 1.21471 1.23095 1.17198 1.16836 1.17264 1.13828 1.1126 1.10444 1.09019 1.06854 1.07972 1.06729 1.03768 1.03653 1.01618 1.0214 1.01955 1.00797 1.00528 1.002 0.999002 0.995933 0.999668 0.995307 0.998404 0.985152 1.00339 0.993562 1.00908 1.02003 1.02267 1.02357 1.05506 1.05364 1.05034 1.08813 1.07648 1.0813 1.10293 1.1095 1.12128 1.11912 1.15893 1.16713 1.13838 1.20695 1.16417 1.31526 1.23858 1.19439 1.20207 1.24397 1.3769 1.3263 1.37494 1.43861 1.41435 1.41894 1.47298 1.4225 1.53045 1.55019 1.57246 1.534 1.57319 1.55519 1.51019 1.66219 1.72144 1.72333 
2.02609 1.90909 1.97989 1.86876 1.87478 1.91225 1.74431 1.68555 1.81255 1.72735 1.62521 1.6547 1.60137 1.59667 1.71479 1.62975 1.57015 1.52055 1.50745 1.44023 1.46169 1.40566 1.44001 1.41709 1.3583 1.3077 1.26133 1.32055 1.24946 1.22001 1.19926 1.20024 1.18942 1.18436 1.18051 1.14709 1.14225 1.08501 1.07268 1.08068 1.0447 1.04462 1.0557 1.04407 1.03404 1.03005 1.01938 1.00773 1.00413 1.0022 0.998699 0.996422 0.995296 0.988898 0.999885 0.990644 1.00391 0.998278 0.99653 0.999127 1.01057 1.01749 1.03172 1.03779 1.05216 1.06207 1.06024 1.11181 1.10444 1.12982 1.06168 1.08656 1.14354 1.16727 1.19686 1.21323 1.26264 1.30593 1.27257 1.284 1.29903 1.26646 1.34375 1.33848 1.33263 1.38009 1.43618 1.45725 1.45631 1.51762 1.44081 1.34985 1.37673 1.62867 1.50326 1.65155 1.59161 1.59817 1.60245 1.72767 
1.92527 1.93264 1.9022 1.91997 1.8179 1.85867 1.87645 1.77238 1.7128 1.62087 1.70449 1.66573 1.60702 1.63673 1.53722 1.58641 1.53375 1.44019 1.45818 1.42737 1.44595 1.40689 1.36111 1.38956 1.40141 1.34851 1.30807 1.28911 1.23156 1.23117 1.2131 1.19058 1.17085 1.16409 1.13416 1.11692 1.11146 1.11671 1.06712 1.07329 1.07128 1.0675 1.04248 1.03632 1.03205 1.03321 1.02226 1.01298 1.008 1.00153 0.998675 0.992639 1.00342 0.995378 0.982835 1.01042 0.993133 1.00394 1.03637 0.987812 1.0371 1.01237 1.0212 1.02318 1.05409 1.07876 1.06437 1.10712 1.09358 1.09543 1.10189 1.12502 1.13832 1.16193 1.17415 1.20861 1.22384 1.22221 1.18401 1.20209 1.30281 1.28888 1.31818 1.24849 1.37653 1.35645 1.37211 1.51022 1.45533 1.49475 1.48134 1.52324 1.5181 1.54975 1.54722 1.58243 1.48049 1.80914 1.64873 1.72904 
2.05496 2.00072 1.94913 1.92907 1.86529 1.80178 1.74896 1.78256 1.8037 1.78136 1.71336 1.69989 1.63791 1.62628 1.59214 1.6211 1.46237 1.50459 1.48269 1.47837 1.43355 1.40188 1.42455 1.39073 1.30791 1.3226 1.28277 1.28387 1.24773 1.28387 1.2241 1.17307 1.14325 1.18987 1.12325 1.14897 1.11359 1.14944 1.10992 1.09126 1.07549 1.05333 1.0489 1.05059 1.03603 1.01529 1.01002 1.00522 1.0022 1.00257 0.997213 0.99418 0.99266 0.997836 0.994039 1.00122 1.00535 1.00371 0.998911 1.02031 0.998302 1.01597 1.04283 1.0793 1.0505 1.02742 1.09616 1.04431 1.09863 1.11742 1.13961 1.11888 1.13881 1.09885 1.13477 1.2433 1.20966 1.1774 1.15345 1.27186 1.28859 1.27981 1.34236 1.36995 1.35821 1.38715 1.39527 1.36367 1.38112 1.53118 1.40727 1.42149 1.54188 1.56968 1.48876 1.66613 1.5926 1.65804 1.63375 1.60672 
1.93547 1.96159 1.9544 1.95614 1.81774 1.84132 1.87613 1.74123 1.70743 1.7288 1.75975 1.73104 1.57336 1.6128 1.66731 1.54378 1.61271 1.44202 1.49621 1.47983 1.40761 1.46963 1.37034 1.39471 1.37141 1.30528 1.39994 1.2817 1.27743 1.29242 1.23028 1.20742 1.20319 1.18084 1.14135 1.14287 1.11171 1.10722 1.08843 1.08599 1.06179 1.0527 1.03678 1.03392 1.03591 1.01958 1.01783 1.01089 1.00443 1.00095 0.997636 0.99713 0.992648 0.999649 0.991048 0.995311 1.01375 1.0159 1.0047 0.991806 1.03463 1.0403 1.03623 1.01381 1.0273 1.07686 1.09443 1.06934 1.04788 1.11391 1.09676 1.11633 1.11733 1.13472 1.18793 1.21916 1.18526 1.30017 1.24388 1.209 1.26751 1.22669 1.27623 1.35565 1.33397 1.34701 1.29195 1.39476 1.43342 1.53674 1.41129 1.44693 1.55493 1.5098 1.62027 1.58515 1.5612 1.53298 1.65541 1.50768 
1.95447 2.015 1.99083 1.78182 1.9296 1.8171 1.77086 1.75814 1.79787 1.70731 1.70369 1.6608 1.66513 1.57532 1.61941 1.5936 1.50423 1.57813 1.43344 1.54191 1.4311 1.40816 1.39967 1.33755 1.41299 1.3535 1.2925 1.29762 1.28586 1.25337 1.1774 1.23223 1.2094 1.20124 1.14247 1.15633 1.12434 1.14452 1.09554 1.06446 1.07783 1.06169 1.06406 1.04226 1.02657 1.02158 1.0218 1.0108 1.00661 1.00226 0.999014 0.996579 0.996985 0.996244 0.993306 1.00129 0.985715 1.01132 1.0047 1.02632 1.0232 1.03352 1.01227 1.01129 1.0359 1.08814 1.05774 1.04285 1.08361 1.1037 1.13544 1.10954 1.15785 1.20838 1.21668 1.17278 1.22421 1.15973 1.19842 1.26196 1.21465 1.30545 1.31766 1.33341 1.33468 1.28637 1.42422 1.4058 1.3733 1.50969 1.51529 1.52971 1.4939 1.48042 1.54696 1.60683 1.65292 1.55669 1.6376 1.66981 
1.98614 1.87864 1.7843 1.9024 1.84152 1.92779 1.74392 1.81952 1.73112 1.71993 1.69443 1.62906 1.71568 1.64635 1.56121 1.52567 1.5741 1.48129 1.51948 1.43795 1.429 1.41302 1.33752 1.34844 1.37925 1.30023 1.31583 1.28889 1.21121 1.19966 1.27009 1.20501 1.20712 1.16433 1.15236 1.13466 1.14341 1.1301 1.08767 1.08805 1.07561 1.06587 1.04567 1.06014 1.02608 1.02606 1.02074 1.00926 1.00584 1.00129 0.997146 0.997825 0.998838 0.995254 0.990276 0.994442 0.993403 0.995829 0.99888 1.02977 1.02799 1.0436 1.05632 1.01967 1.03992 1.02406 1.09847 1.05069 1.12398 1.07213 1.06943 1.1177 1.12166 1.17996 1.16032 1.20148 1.20711 1.24746 1.2625 1.27029 1.28234 1.3046 1.3502 1.27813 1.35452 1.44494 1.40249 1.5442 1.43472 1.41114 1.46907 1.53378 1.58054 1.47634 1.59785 1.67149 1.57326 1.63013 1.65412 1.7122 
1.99454 1.97725 1.95807 1.89213 1.87308 1.80696 1.87247 1.8174 1.79806 1.79047 1.71108 1.70424 1.69548 1.54417 1.53709 1.6081 1.54425 1.47137 1.39958 1.56101 1.45731 1.38795 1.40954 1.41363 1.36362 1.33599 1.29008 1.26036 1.25489 1.25808 1.22933 1.22151 1.22463 1.18235 1.19932 1.15298 1.12783 1.11037 1.09236 1.07954 1.07873 1.04895 1.05509 1.04855 1.02404 1.02011 1.01192 1.01018 1.00584 1.00218 0.998548 0.996523 0.997867 0.995062 0.995848 0.992456 1.00368 1.01542 1.01557 1.01689 1.01903 1.02382 1.03251 1.04427 1.05817 1.06932 1.09764 1.05639 1.06941 1.0659 1.14947 1.14298 1.10458 1.14019 1.22563 1.20233 1.16995 1.30921 1.1997 1.30823 1.32668 1.30849 1.22937 1.35191 1.39397 1.32964 1.38242 1.49991 1.49814 1.43936 1.43497 1.50385 1.46103 1.44417 1.53168 1.63278 1.56411 1.60544 1.67503 1.71255 
1.96395 1.93941 1.77946 1.92279 1.88898 1.92035 1.77787 1.84008 1.76907 1.74749 1.65211 1.72497 1.66871 1.64788 1.59571 1.60626 1.51293 1.5268 1.51266 1.50913 1.43276 1.38737 1.31645 1.33209 1.37111 1.33064 1.34809 1.279 1.2521 1.21155 1.22976 1.20858 1.17677 1.14803 1.14614 1.13293 1.11047 1.09762 1.09078 1.087 1.07092 1.05758 1.0564 1.02582 1.03801 1.01886 1.02499 1.01053 1.00396 1.00169 0.997964 0.995097 0.996434 0.995979 1.00368 0.991827 0.994767 1.00909 0.997976 1.02107 1.03544 1.03968 1.01025 1.02799 1.05728 1.08877 1.09209 1.06679 1.09061 1.07794 1.09833 1.16908 1.10513 1.14411 1.13452 1.17739 1.15798 1.19855 1.22057 1.2961 1.28433 1.32332 1.27154 1.27055 1.41119 1.43194 1.36335 1.40904 1.39216 1.48484 1.48582 1.48802 1.50086 1.47987 1.58115 1.61743 1.64227 1.54225 1.61675 1.58789 
1.90764 1.94651 1.90153 1.98313 1.90684 1.87284 1.79283 1.78951 1.78555 1.72977 1.73503 1.64525 1.57064 1.59185 1.5202 1.56137 1.46458 1.45798 1.46198 1.48275 1.376 1.36736 1.44881 1.322 1.36916 1.29867 1.2852 1.24961 1.26235 1.27359 1.22362 1.19769 1.22959 1.15546 1.17661 1.14573 1.11597 1.10902 1.10304 1.07089 1.08157 1.06194 1.042 1.03815 1.03374 1.01985 1.0189 1.01369 1.0052 1.00118 0.99953 0.996927 0.998051 0.994331 0.994638 0.996154 1.00557 0.999985 1.01743 1.00815 1.04366 1.03412 1.05424 1.07678 1.07913 1.04884 1.07223 1.10164 1.08709 1.11198 1.08156 1.09246 1.15805 1.18289 1.21676 1.20303 1.1922 1.20471 1.21691 1.26564 1.3155 1.27643 1.31778 1.32955 1.28923 1.41891 1.49997 1.44164 1.51898 1.45358 1.49456 1.48681 1.57682 1.55461 1.4927 1.64165 1.64149 1.5863 1.67125 1.68679 
2.02073 2.09632 1.889 1.76322 1.90712 1.86055 1.77911 1.78227 1.80688 1.69732 1.65596 1.67325 1.65946 1.62349 1.56176 1.54904 1.55515 1.5141 1.51576 1.45807 1.47347 1.43782 1.3613 1.36308 1.30292 1.26837 1.32739 1.25198 1.2607 1.22177 1.21563 1.1823 1.1887 1.17669 1.15885 1.10699 1.15652 1.08796 1.07466 1.06747 1.08295 1.06021 1.03333 1.03253 1.03133 1.02136 1.01605 1.00729 1.00164 1.0024 0.999295 0.994241 0.993676 0.997173 0.998689 1.00528 0.999339 0.998157 0.991799 1.02874 1.02721 1.01624 1.03442 1.05981 1.02941 1.08506 1.07025 1.08168 1.07052 1.16155 1.09252 1.11689 1.14914 1.13398 1.16393 1.19172 1.17328 1.18382 1.25525 1.28134 1.26323 1.25605 1.27997 1.30653 1.3295 1.43904 1.32528 1.41164 1.37507 1.46643 1.38187 1.39941 1.49537 1.54109 1.51857 1.59842 1.55943 1.61827 1.73785 1.79215 
2.02064 1.90358 1.88205 1.87999 1.88676 1.83345 1.81844 1.76202 1.74158 1.7444 1.65708 1.664 1.53098 1.66196 1.57522 1.58625 1.54432 1.52408 1.47144 1.42032 1.42114 1.38048 1.44506 1.39345 1.35822 1.28352 1.34277 1.28174 1.2567 1.21988 1.23368 1.21671 1.16523 1.1629 1.1519 1.1484 1.1526 1.12605 1.08477 1.08217 1.06588 1.04446 1.04039 1.03394 1.03344 1.03148 1.01685 1.00672 1.0062 1.00163 0.999203 0.996427 0.996674 0.989594 0.994436 0.997506 1.01534 1.00477 0.991704 1.02169 1.00982 0.995733 1.03995 1.03889 1.06032 1.08791 1.07235 1.09787 1.08416 1.13774 1.10476 1.12599 1.12053 1.16339 1.16863 1.19921 1.2088 1.2498 1.20644 1.29752 1.2434 1.29661 1.34524 1.29359 1.3662 1.39064 1.38371 1.45598 1.54383 1.48644 1.54027 1.49306 1.52784 1.50489 1.64332 1.65131 1.69812 1.6407 1.66852 1.67167 
1.87155 1.97263 1.89374 1.88247 1.80004 1.78121 1.80081 1.79572 1.68927 1.73451 1.67657 1.68303 1.72888 1.54772 1.6575 1.55883 1.62877 1.52565 1.48928 1.40667 1.43626 1.38056 1.39903 1.29668 1.35545 1.36019 1.27495 1.29286 1.30091 1.2103 1.21071 1.21411 1.16531 1.13298 1.14326 1.1345 1.11704 1.07832 1.08031 1.08552 1.06852 1.06822 1.04659 1.05026 1.02862 1.02255 1.01437 1.01075 1.00483 1.00132 0.99886 0.994852 0.994973 0.995022 0.987557 0.995202 0.996612 1.00457 1.00216 1.02759 1.00729 1.00285 1.06252 1.06716 1.06143 1.08198 1.05367 1.05425 1.13327 1.11598 1.10793 1.16178 1.15849 1.2195 1.13308 1.21453 1.18663 1.21137 1.27665 1.19909 1.3144 1.37212 1.28504 1.36384 1.41607 1.40101 1.4068 1.40751 1.49283 1.36477 1.53489 1.42389 1.47695 1.50488 1.59561 1.61006 1.59193 1.70465 1.659 1.58447 
2.05393 1.94302 2.00769 1.87578 1.8753 1.78604 1.78992 1.67936 1.73837 1.74518 1.69968 1.64786 1.61218 1.6199 1.58592 1.56614 1.51252 1.47731 1.45258 1.43454 1.3889 1.4355 1.38114 1.33235 1.34636 1.29886 1.28271 1.24442 1.25762 1.25264 1.25356 1.1724 1.17906 1.18458 1.13126 1.13319 1.1164 1.07352 1.10493 1.07424 1.0751 1.04968 1.04219 1.03052 1.02952 1.01057 1.01349 1.00984 1.0058 1.00059 0.998234 0.999784 0.99578 1.00448 1.00001 0.996328 1.00632 1.00991 1.00267 1.00718 1.02296 1.0308 1.02079 1.05755 1.02899 1.08187 1.05646 1.06047 1.0954 1.10786 1.11486 1.11758 1.15072 1.13773 1.1704 1.19078 1.20576 1.20027 1.17903 1.29507 1.17416 1.2544 1.32584 1.32638 1.30881 1.41709 1.35862 1.28855 1.3889 1.43038 1.47673 1.52053 1.49091 1.59688 1.61373 1.51407 1.5196 1.69096 1.68005 1.63279 
2.0667 1.88999 1.97424 1.88971 1.85711 1.8443 1.83005 1.73249 1.77568 1.73027 1.62643 1.67973 1.65164 1.56696 1.56723 1.62597 1.52025 1.53794 1.49355 1.43848 1.48588 1.34651 1.38152 1.37373 1.34725 1.40577 1.28484 1.26862 1.2943 1.21194 1.23922 1.21326 1.18276 1.17398 1.15968 1.14447 1.12339 1.13215 1.09926 1.07678 1.07029 1.05142 1.05985 1.03788 1.01631 1.02388 1.01857 1.00812 1.00455 1.00196 0.99829 1.00119 0.999459 0.99839 0.99458 1.00009 0.987658 0.988156 1.00506 0.999782 1.02622 1.04335 1.04823 1.03931 1.03792 1.06494 1.09612 1.0365 1.06573 1.08226 1.10732 1.15381 1.14237 1.17428 1.16378 1.16189 1.13552 1.26023 1.25303 1.23568 1.34476 1.28052 1.32495 1.25336 1.49214 1.44452 1.35026 1.4919 1.51478 1.48208 1.38545 1.51132 1.52623 1.59492 1.45713 1.64909 1.56911 1.44943 1.63299 1.6232 
1.91618 1.88255 2.09237 1.85594 1.89894 1.85126 1.81502 1.78659 1.72788 1.73098 1.64507 1.71215 1.66639 1.62122 1.57551 1.53387 1.51453 1.46187 1.51931 1.39823 1.46882 1.33439 1.42825 1.43997 1.36741 1.31029 1.2631 1.24477 1.25149 1.22081 1.2347 1.21215 1.17921 1.16295 1.13199 1.13607 1.13937 1.09896 1.08819 1.08719 1.06539 1.07203 1.03716 1.02632 1.03277 1.01161 1.0234 1.01029 1.00362 1.00197 0.998326 0.997819 0.99161 0.990691 0.989472 0.99306 0.99338 1.02187 1.00901 1.00435 1.02645 1.04649 1.01993 1.04908 1.05395 1.0528 1.06839 1.0519 1.07089 1.11696 1.10769 1.14014 1.13347 1.16091 1.15376 1.22046 1.18044 1.28448 1.26245 1.19309 1.32811 1.29333 1.2907 1.3344 1.26152 1.43592 1.41646 1.42915 1.49898 1.45342 1.41532 1.45183 1.54614 1.61189 1.61461 1.60742 1.60152 1.55589 1.70963 1.63108 
1.89253 1.89396 1.87589 1.84722 1.8391 1.88894 1.76943 1.73443 1.85081 1.68609 1.72445 1.67883 1.65953 1.64757 1.56165 1.57033 1.50894 1.49596 1.51744 1.45422 1.46316 1.41904 1.42206 1.34032 1.3414 1.34318 1.27271 1.29016 1.26849 1.21501 1.22828 1.19144 1.17328 1.15332 1.15877 1.13946 1.13278 1.09949 1.05651 1.06088 1.07576 1.06738 1.05563 1.03882 1.0283 1.01335 1.0081 1.0158 1.00543 1.00202 0.998937 0.996826 0.991944 0.999189 0.994159 1.00278 0.998733 1.0101 1.00749 1.01394 1.04358 1.04023 1.01192 1.00523 1.05255 1.04456 1.03833 1.10302 1.0704 1.10943 1.11456 1.149 1.11884 1.19206 1.19701 1.13902 1.19826 1.29307 1.24984 1.21805 1.28869 1.31679 1.36066 1.35769 1.39281 1.381 1.393 1.48402 1.48712 1.45209 1.56291 1.51471 1.57539 1.53988 1.52462 1.59473 1.61338 1.66034 1.70011 1.7846 
1.93105 2.02782 1.88859 1.84065 1.9167 1.77329 1.76778 1.75902 1.7497 1.78712 1.67692 1.65901 1.61085 1.58153 1.59494 1.52981 1.61999 1.49941 1.47122 1.44928 1.41183 1.36954 1.36534 1.33806 1.34443 1.30294 1.29997 1.25743 1.23553 1.21092 1.23963 1.18266 1.20741 1.15867 1.14457 1.12716 1.12753 1.10368 1.08897 1.08106 1.05635 1.05798 1.03173 1.03487 1.02372 1.02316 1.01992 1.00599 1.00394 1.00126 0.997946 0.99531 0.994247 0.998074 1.00007 0.984374 0.999659 1.01904 0.993385 1.02184 1.00268 1.02695 1.02332 1.04927 1.05323 1.04851 1.04962 1.08669 1.07408 1.09889 1.12986 1.16605 1.14012 1.13608 1.18459 1.1804 1.21994 1.24792 1.23024 1.28219 1.26884 1.26683 1.33793 1.29502 1.31427 1.40375 1.4025 1.43039 1.40312 1.50913 1.50525 1.47017 1.58195 1.50715 1.53194 1.55232 1.64613 1.6238 1.73347 1.74689 
1.99317 1.93084 1.94677 2.01946 1.85674 1.95054 1.67 1.69598 1.77694 1.66264 1.68651 1.67253 1.66182 1.56717 1.60111 1.62572 1.57105 1.49132 1.49483 1.41539 1.47234 1.34689 1.39365 1.32031 1.32383 1.32307 1.27705 1.23984 1.27645 1.26905 1.2471 1.18787 1.17119 1.14087 1.13329 1.13 1.12856 1.09653 1.11354 1.10497 1.06758 1.04704 1.04461 1.02459 1.03604 1.02578 1.01905 1.0053 1.00206 1.0016 0.998267 0.9979 0.996452 0.99512 0.99653 1.00997 1.01058 1.02459 0.990941 1.0155 1.01244 1.02214 1.04064 1.04983 1.05612 1.06185 1.0515 1.10774 1.13444 1.14394 1.13889 1.14359 1.16605 1.1698 1.10148 1.2385 1.23436 1.26585 1.25519 1.31318 1.26187 1.33747 1.33968 1.29121 1.31932 1.40641 1.39618 1.3626 1.46173 1.43006 1.47485 1.47764 1.68653 1.62436 1.56736 1.59507 1.62225 1.56855 1.57953 1.68211 
1.80199 1.91733 1.9572 1.92318 1.91575 1.8738 1.75973 1.69144 1.74009 1.71138 1.74314 1.58082 1.64834 1.67984 1.59133 1.47792 1.54451 1.52306 1.44637 1.39466 1.4823 1.44439 1.39866 1.36126 1.32032 1.31179 1.29778 1.26706 1.27009 1.26533 1.17122 1.21309 1.21365 1.18133 1.15838 1.13083 1.13362 1.0751 1.1006 1.06325 1.06542 1.05192 1.05659 1.05567 1.02872 1.02602 1.01749 1.00816 1.00574 1.00189 0.999094 0.996902 0.995935 0.993065 0.998494 0.993201 0.994422 1.01509 1.01076 1.01955 1.01592 1.03776 1.04425 1.06218 1.04921 1.08069 1.06188 1.0671 1.08101 1.08048 1.10926 1.15987 1.17167 1.12695 1.22023 1.2319 1.18982 1.19356 1.28694 1.25692 1.32789 1.30736 1.3608 1.3025 1.41967 1.42216 1.41337 1.45385 1.43467 1.44947 1.44322 1.52234 1.4818 1.49837 1.60361 1.4417 1.65647 1.55074 1.69985 1.71935 
1.94235 1.96376 1.84777 1.9232 1.83552 1.77388 1.78919 1.74261 1.66697 1.6542 1.74401 1.54765 1.65337 1.55103 1.58046 1.51501 1.50171 1.50005 1.51554 1.40631 1.38562 1.37006 1.38078 1.28771 1.37779 1.27755 1.3212 1.27667 1.29186 1.22764 1.21016 1.20197 1.19848 1.14869 1.1628 1.11919 1.09097 1.11468 1.08101 1.11039 1.06075 1.05377 1.04253 1.03433 1.03307 1.02119 1.01257 1.01217 1.0039 1.0016 0.998263 0.997131 1.00101 0.992149 0.996932 1.00271 1.0014 1.00493 1.00791 1.02522 1.03531 1.03925 1.05823 1.04201 1.07223 1.05251 1.04733 1.05801 1.07417 1.09662 1.09626 1.14264 1.18235 1.18087 1.17285 1.21565 1.21239 1.19809 1.19776 1.2485 1.22308 1.37394 1.31852 1.30188 1.35982 1.40778 1.45961 1.4596 1.47336 1.53604 1.5098 1.51989 1.54203 1.57188 1.6039 1.63649 1.65822 1.56269 1.70541 1.70563 
1.9451 1.92396 1.83685 1.76956 1.83106 1.86679 1.75791 1.70629 1.69864 1.75443 1.70632 1.7351 1.63753 1.62975 1.55382 1.57249 1.49618 1.47797 1.55259 1.45915 1.41841 1.42897 1.34983 1.33565 1.30346 1.32191 1.2621 1.23583 1.28053 1.25508 1.16658 1.19505 1.18217 1.17206 1.13982 1.14623 1.10378 1.09433 1.0874 1.0676 1.07117 1.06167 1.04999 1.04602 1.02762 1.02323 1.0114 1.00723 1.00426 1.00034 0.997779 0.995429 0.999932 1.00485 0.992014 0.983642 1.01651 0.99764 1.01331 1.01232 1.00546 1.01578 1.06364 1.04416 1.0619 1.06121 1.0722 1.08194 1.12739 1.10938 1.11915 1.12769 1.19704 1.14311 1.21309 1.15594 1.23535 1.20713 1.19675 1.29559 1.33557 1.28581 1.28197 1.30018 1.4262 1.40333 1.44618 1.30831 1.39712 1.43939 1.5011 1.55158 1.46803 1.52833 1.60836 1.6101 1.67429 1.74022 1.65682 1.70281 
2.009 1.90635 1.89149 1.85796 1.85292 1.74203 1.71697 1.83715 1.86171 1.67201 1.6676 1.67318 1.71955 1.56775 1.56299 1.54731 1.53023 1.51407 1.42752 1.51064 1.40161 1.38269 1.31486 1.36125 1.35975 1.29956 1.28196 1.2768 1.26842 1.21463 1.18305 1.17876 1.21173 1.15591 1.12994 1.15349 1.12109 1.09213 1.09035 1.08007 1.06998 1.06334 1.04935 1.02521 1.02619 1.02281 1.01074 1.00884 1.00531 1.00118 0.998973 0.99724 0.994103 0.995043 0.992012 0.995899 0.994006 1.00228 1.00745 1.01453 1.01973 1.02561 1.04214 1.06759 1.03216 1.04886 1.0507 1.10451 1.11496 1.11571 1.13634 1.12491 1.16497 1.1641 1.17384 1.22893 1.24181 1.25238 1.2441 1.29668 1.31079 1.34701 1.38237 1.33841 1.32086 1.35202 1.37799 1.37567 1.49198 1.50179 1.59792 1.4922 1.55559 1.45141 1.59279 1.68745 1.65824 1.63575 1.75235 1.75383 
1.94948 1.91343 1.82797 1.92011 1.88166 1.91145 1.65982 1.73555 1.70479 1.71837 1.72128 1.57718 1.57481 1.61921 1.67944 1.58307 1.53664 1.53359 1.45224 1.42139 1.43927 1.3829 1.39887 1.34527 1.35261 1.38059 1.28303 1.25484 1.2395 1.21461 1.20478 1.15003 1.20691 1.14271 1.15709 1.16098 1.11034 1.10307 1.07803 1.07378 1.06636 1.0623 1.04757 1.03894 1.01917 1.02207 1.01357 1.00465 1.00428 1.00126 0.999314 0.999267 0.994474 0.996997 0.992571 1.00697 0.985122 1.00069 1.01244 1.00621 1.02195 1.03232 1.03899 1.06859 1.05811 1.05381 1.07336 1.05789 1.12628 1.1084 1.09326 1.16163 1.17535 1.15389 1.16083 1.1808 1.278 1.24368 1.26946 1.23484 1.21563 1.30429 1.29027 1.33474 1.39019 1.45135 1.47498 1.39452 1.41982 1.41036 1.4492 1.49584 1.51744 1.49473 1.55477 1.67081 1.61518 1.61756 1.65045 1.7512 
1.88017 1.87776 1.89326 1.86659 1.80576 1.80037 1.80835 1.6797 1.67542 1.62465 1.64686 1.67789 1.66588 1.5464 1.58374 1.5528 1.51178 1.46982 1.46492 1.49902 1.4625 1.42502 1.32823 1.3339 1.3427 1.3222 1.28661 1.28539 1.26332 1.24291 1.23229 1.21193 1.15091 1.12788 1.13884 1.12827 1.08944 1.07761 1.09979 1.071 1.05125 1.04501 1.04196 1.05484 1.03084 1.01685 1.01643 1.00891 1.00434 1.00109 0.998137 0.993567 0.998559 0.996659 1.00064 0.994325 0.997084 0.996885 1.0064 1.01114 1.0023 1.05927 1.02416 1.02569 1.09008 1.07257 1.0613 1.12216 1.09423 1.10913 1.08044 1.12989 1.1315 1.14723 1.15458 1.16882 1.24999 1.21968 1.21881 1.23109 1.2894 1.28848 1.35217 1.3251 1.3829 1.39744 1.47389 1.43187 1.49398 1.5596 1.58903 1.47366 1.4919 1.5443 1.58978 1.57799 1.58221 1.79448 1.66497 1.75672 
1.95479 1.91567 1.82729 1.8298 1.85234 1.75225 1.74999 1.81601 1.62324 1.68195 1.68156 1.67159 1.59102 1.61749 1.56795 1.52296 1.5906 1.53903 1.44558 1.43626 1.39655 1.46227 1.3419 1.32874 1.35128 1.32316 1.27452 1.28118 1.24925 1.19398 1.20124 1.20223 1.15142 1.16307 1.15446 1.13393 1.08523 1.11504 1.06153 1.10945 1.0765 1.05882 1.05525 1.04109 1.02562 1.01014 1.01373 1.0096 1.00525 1.00056 0.998434 0.99783 0.996187 0.991386 0.990593 1.00375 1.0034 1.01946 1.00972 1.01298 1.01714 1.06218 1.03484 1.06317 1.0395 1.04815 1.07048 1.05032 1.05922 1.15463 1.09478 1.09439 1.18818 1.1617 1.16563 1.22813 1.24059 1.25253 1.27636 1.20271 1.25336 1.39076 1.33296 1.32935 1.31825 1.44111 1.47601 1.39749 1.39435 1.42183 1.46891 1.47493 1.57002 1.53075 1.51092 1.58713 1.49587 1.57898 1.65427 1.71123 
1.96017 1.95672 1.85596 1.85394 1.7799 1.78583 1.73137 1.69046 1.75122 1.68669 1.70333 1.68848 1.61721 1.55637 1.59265 1.56895 1.60674 1.4427 1.42241 1.4686 1.45039 1.36376 1.32869 1.34416 1.34641 1.29721 1.27352 1.26068 1.27513 1.23701 1.17597 1.16355 1.1962 1.17258 1.13753 1.12597 1.08582 1.08068 1.07089 1.07821 1.06577 1.05202 1.04253 1.03353 1.02437 1.02331 1.01719 1.01457 1.00714 1.00221 0.998324 0.993762 0.994762 0.999538 0.992694 1.00141 0.999162 0.991431 1.00674 0.988438 1.02574 1.02974 1.03076 1.05255 1.05469 1.07646 1.0706 1.11485 1.11023 1.13915 1.13531 1.1409 1.16956 1.15465 1.1402 1.23361 1.16145 1.22564 1.26423 1.27066 1.30881 1.29179 1.31938 1.35465 1.35433 1.40879 1.43426 1.39566 1.4356 1.41451 1.40172 1.58368 1.61273 1.57622 1.5743 1.53077 1.57347 1.70282 1.73667 1.68273 
1.8766 1.8078 1.88359 1.89534 1.91015 1.75069 1.76812 1.67655 1.67171 1.70826 1.65462 1.61177 1.59357 1.52517 1.54381 1.54391 1.49697 1.5087 1.43553 1.45 1.43942 1.39354 1.36478 1.33354 1.35048 1.29975 1.26995 1.26711 1.25103 1.2214 1.2287 1.15857 1.17722 1.19145 1.13328 1.15514 1.11718 1.09946 1.10304 1.07627 1.05621 1.04722 1.03587 1.02476 1.03726 1.01584 1.00781 1.00537 1.00545 1.00202 0.998248 0.99857 0.995196 0.99923 0.985768 0.997008 1.01107 1.00847 1.03013 0.997372 1.00575 1.06404 1.02701 1.03962 1.03409 1.07503 1.09175 1.07137 1.10205 1.13286 1.11989 1.16603 1.1289 1.14587 1.1959 1.16707 1.22844 1.26959 1.23388 1.29497 1.27513 1.32316 1.22708 1.30644 1.32468 1.34258 1.33813 1.44299 1.43731 1.48351 1.38431 1.54814 1.56279 1.59081 1.58941 1.57034 1.63813 1.54805 1.68385 1.6689 
1.97702 1.9001 1.83972 1.88781 1.76369 1.87051 1.73146 1.72699 1.69666 1.7051 1.72722 1.63682 1.66052 1.58667 1.56748 1.56077 1.47272 1.52386 1.47511 1.47678 1.43664 1.36103 1.39375 1.34418 1.27634 1.3149 1.27515 1.30138 1.24951 1.20941 1.17274 1.23266 1.1731 1.15826 1.13132 1.11233 1.09787 1.094 1.09021 1.09571 1.08482 1.04671 1.03393 1.05397 1.0272 1.01884 1.02131 1.00521 1.00578 1.00197 0.999204 0.998208 0.992298 0.998754 0.995654 0.993333 1.00471 1.03977 0.993855 1.00855 1.03847 1.03232 1.0321 1.03545 1.04553 1.04652 1.10667 1.07003 1.09591 1.11948 1.06642 1.15758 1.17063 1.18158 1.1726 1.15337 1.22595 1.24115 1.25802 1.28811 1.30628 1.33509 1.40567 1.3362 1.36098 1.45151 1.46099 1.466 1.41378 1.48769 1.5574 1.55 1.65564 1.57468 1.73329 1.5628 1.71905 1.63132 1.7032 1.49966 
1.88965 1.90195 1.93303 1.81989 1.85855 1.76564 1.71055 1.80469 1.67069 1.68717 1.70572 1.60244 1.54032 1.55654 1.53483 1.54446 1.55524 1.41856 1.5003 1.42207 1.36503 1.36513 1.4264 1.29615 1.30216 1.27296 1.25313 1.3185 1.23945 1.23304 1.187 1.20766 1.14834 1.1515 1.13748 1.12796 1.14772 1.10066 1.09455 1.05147 1.05837 1.05328 1.04541 1.03267 1.01534 1.03125 1.02008 1.01671 1.0057 1.00134 0.997456 0.996092 0.996929 0.996376 1.00468 1.00556 1.0069 1.01978 0.969767 1.0153 1.05608 1.02519 1.01681 1.04835 1.07377 1.06508 1.07699 1.11589 1.06347 1.13062 1.16675 1.17527 1.17221 1.21538 1.20676 1.2601 1.25895 1.23054 1.21566 1.28062 1.23853 1.31447 1.30852 1.33864 1.42662 1.44751 1.46185 1.40003 1.43979 1.50068 1.44767 1.48874 1.54901 1.49473 1.55996 1.68652 1.63861 1.59789 1.60164 1.73468 
1.86638 1.80484 1.85273 1.81935 1.81683 1.78492 1.6888 1.74715 1.74597 1.60309 1.68458 1.56264 1.66759 1.54165 1.62295 1.56659 1.57977 1.45059 1.46055 1.4758 1.44814 1.33949 1.30985 1.34577 1.36148 1.31545 1.23139 1.28351 1.24146 1.24583 1.21783 1.21353 1.17886 1.14723 1.10357 1.11323 1.09958 1.11601 1.09894 1.08867 1.0412 1.06278 1.04981 1.03299 1.0235 1.01734 1.01398 1.00458 1.00438 1.00174 0.998955 0.997957 0.996743 0.996854 1.00351 0.998419 0.991961 1.01704 1.01287 1.01607 1.0305 1.02831 1.05822 1.04149 1.01603 1.05472 1.08344 1.06787 1.12047 1.13839 1.07812 1.13802 1.12758 1.14459 1.20367 1.22799 1.2079 1.20201 1.30704 1.2637 1.27145 1.30358 1.33886 1.38721 1.35633 1.44314 1.37627 1.42061 1.48156 1.40608 1.53298 1.56271 1.49252 1.58254 1.6488 1.69003 1.60521 1.57516 1.66499 1.74973 
