-2 -1.9596 -1.91919 -1.87879 -1.83838 -1.79798 -1.75758 -1.71717 -1.67677 -1.63636 -1.59596 -1.55556 -1.51515 -1.47475 -1.43434 -1.39394 -1.35354 -1.31313 -1.27273 -1.23232 -1.19192 -1.15152 -1.11111 -1.07071 -1.0303 -0.989899 -0.949495 -0.909091 -0.868687 -0.828283 -0.787879 -0.747475 -0.707071 -0.666667 -0.626263 -0.585859 -0.545455 -0.505051 -0.464646 -0.424242 -0.383838 -0.343434 -0.30303 -0.262626 -0.222222 -0.181818 -0.141414 -0.10101 -0.0606061 -0.020202 0.020202 0.0606061 0.10101 0.141414 0.181818 0.222222 0.262626 0.30303 0.343434 0.383838 0.424242 0.464646 0.505051 0.545455 0.585859 0.626263 0.666667 0.707071 0.747475 0.787879 0.828283 0.868687 0.909091 0.949495 0.989899 1.0303 1.07071 1.11111 1.15152 1.19192 1.23232 1.27273 1.31313 1.35354 1.39394 1.43434 1.47475 1.51515 1.55556 1.59596 1.63636 1.67677 1.71717 1.75758 1.79798 1.83838 1.87879 1.91919 1.9596 2 
0.500728 0.50883 0.517191 0.525817 0.534713 0.543886 0.553342 0.563083 0.573115 0.583439 0.594057 0.604969 0.616172 0.627665 0.63944 0.651492 0.663809 0.676381 0.68919 0.70222 0.715449 0.728853 0.742404 0.756071 0.769818 0.783608 0.797398 0.811145 0.8248 0.838313 0.85163 0.864696 0.877456 0.889852 0.901828 0.913325 0.92429 0.934669 0.944411 0.95347 0.961803 0.969373 0.976148 0.982101 0.987212 0.991468 0.994862 0.997394 0.999068 0.999897 0.999898 0.999093 0.997509 0.995177 0.99213 0.988405 0.98404 0.979075 0.973548 0.967501 0.960972 0.954 0.946622 0.938872 0.930785 0.922391 0.913718 0.904794 0.895642 0.886285 0.87674 0.867026 0.857158 0.847148 0.837009 0.82675 0.816379 0.805904 0.79533 0.784664 0.773909 0.76307 0.75215 0.741153 0.730081 0.718938 0.707726 0.69645 0.685113 0.673718 0.662269 0.650772 0.63923 0.62765 0.616037 0.604396 0.592735 0.58106 0.569378 0.557697 
1.67163 1.63991 1.58556 1.65995 1.59938 1.52905 1.55591 1.49951 1.52186 1.52214 1.45293 1.44963 1.41594 1.41006 1.41667 1.39613 1.43528 1.36811 1.39148 1.31865 1.33973 1.32222 1.31643 1.26157 1.22629 1.25261 1.23617 1.21148 1.22015 1.19858 1.1821 1.1597 1.13845 1.13689 1.11364 1.12382 1.11522 1.09692 1.07539 1.08286 1.06766 1.05936 1.05362 1.04773 1.03778 1.03137 1.02 1.01215 1.00759 1.0026 0.997697 0.991705 0.989635 0.986287 0.983444 0.978267 0.974608 0.975551 0.975458 0.976201 0.977198 0.975754 0.975216 0.968357 0.964615 0.981574 0.979334 0.974726 0.950249 0.994265 0.982225 0.975541 1.0004 1.00249 1.00765 1.00438 0.980353 1.02349 1.01333 1.04326 1.06091 1.05877 1.04674 1.03862 1.06313 1.07406 1.07709 1.06296 1.11423 1.09626 1.05024 1.11217 1.07759 1.08945 1.08132 1.15984 1.13242 1.17531 1.13568 1.19707 
1.71438 1.67889 1.62516 1.57485 1.59366 1.55683 1.51988 1.55228 1.54273 1.49209 1.50222 1.4787 1.4319 1.45473 1.42044 1.4255 1.40572 1.37509 1.37001 1.39471 1.30865 1.29391 1.3093 1.29543 1.27907 1.26844 1.23612 1.2385 1.20825 1.20625 1.18732 1.15144 1.16872 1.15085 1.12814 1.11304 1.11242 1.08799 1.09498 1.08455 1.0686 1.06139 1.05057 1.03581 1.03722 1.02333 1.02238 1.01416 1.00812 1.0025 0.99791 0.993748 0.990002 0.98389 0.981954 0.980497 0.975622 0.975063 0.973896 0.975492 0.972146 0.974282 0.966713 0.977728 0.963869 0.994049 0.977724 0.964766 0.975134 0.963608 0.984828 0.969338 0.996015 0.991669 0.980425 1.00029 1.05126 1.05164 0.997368 1.00158 1.06546 1.00689 1.02626 1.0369 0.994147 0.994128 1.05923 1.05911 1.11888 1.06268 1.12161 1.08566 1.03138 1.10826 1.13339 1.09166 1.09205 1.16868 1.20803 1.16015 
1.69538 1.59215 1.64348 1.58397 1.64246 1.6032 1.60879 1.51487 1.52429 1.51508 1.49673 1.50603 1.46865 1.40081 1.3976 1.40223 1.42147 1.39109 1.33304 1.36497 1.34115 1.3354 1.2952 1.3094 1.25036 1.25611 1.22518 1.21465 1.18595 1.18479 1.19824 1.16308 1.14006 1.15597 1.12375 1.13669 1.10241 1.08988 1.10666 1.06845 1.06771 1.05275 1.05277 1.04678 1.03278 1.03059 1.01623 1.01157 1.00648 1.00255 0.997241 0.993211 0.987223 0.989634 0.983322 0.980977 0.972926 0.974934 0.971296 0.964319 0.979208 0.977113 0.969473 0.978721 0.973044 0.969494 0.991799 0.991205 0.98745 0.985427 0.995329 0.993681 1.01011 1.00378 0.992315 1.00732 1.02379 0.987908 1.03289 1.06385 1.01909 1.02631 1.03409 1.10557 1.05223 1.09085 1.04044 1.06601 1.05509 1.13275 1.09623 1.07525 1.12852 1.09695 1.11469 1.09589 1.16008 1.18922 1.2294 1.19277 
1.74952 1.59439 1.59235 1.5572 1.56875 1.54784 1.5944 1.57082 1.51872 1.51536 1.49693 1.45444 1.45141 1.42204 1.42935 1.4042 1.39117 1.39976 1.37407 1.33828 1.35039 1.31858 1.29567 1.27176 1.25667 1.23272 1.26423 1.2375 1.19806 1.20058 1.16943 1.15891 1.14607 1.12825 1.13439 1.11571 1.10148 1.10266 1.0851 1.07531 1.07202 1.06336 1.05596 1.04056 1.03368 1.03063 1.02208 1.01373 1.00908 1.00275 0.99679 0.993861 0.989121 0.983917 0.975047 0.977177 0.98205 0.978733 0.974524 0.991412 0.97601 0.979475 0.978219 0.971678 0.963503 0.985418 0.96453 0.986442 0.970899 0.976955 0.980576 1.00762 0.995492 1.0039 1.02193 0.988627 1.06362 1.01902 1.02128 1.0505 1.03955 1.05917 1.05862 1.04941 1.07112 1.10917 1.05139 1.03123 1.10916 1.13191 1.1356 1.17358 1.18292 1.15609 1.15279 1.16151 1.16935 1.15259 1.16483 1.12971 
1.64391 1.63949 1.63162 1.60052 1.59261 1.56077 1.48269 1.51808 1.52932 1.54622 1.45174 1.49833 1.41775 1.41724 1.43206 1.40514 1.37199 1.37548 1.34679 1.40064 1.32628 1.31867 1.29218 1.26953 1.26205 1.31136 1.24289 1.23012 1.20754 1.22018 1.18049 1.17626 1.15248 1.14443 1.13257 1.11198 1.10732 1.095 1.081 1.06908 1.07063 1.05857 1.05875 1.04569 1.03323 1.02451 1.01871 1.01475 1.00728 1.00296 0.997237 0.992747 0.987867 0.986016 0.980601 0.982111 0.980395 0.971305 0.974426 0.974751 0.967658 0.981882 0.986719 0.96682 0.966368 0.995889 0.981593 0.985461 0.978672 1.01162 0.951869 0.99562 0.983824 1.02932 1.00763 1.02033 1.02759 1.00794 1.02163 1.02411 1.03824 1.03309 1.06402 1.0469 1.03644 1.07141 1.03086 1.05257 1.10664 1.07113 1.10067 1.12302 1.07169 1.10523 1.18212 1.17864 1.17397 1.16934 1.14942 1.15188 
1.58864 1.66272 1.60418 1.66852 1.6208 1.56331 1.50768 1.5915 1.50985 1.47347 1.48897 1.47064 1.43927 1.43813 1.40235 1.39915 1.36778 1.38978 1.39369 1.3483 1.31014 1.30435 1.31062 1.27614 1.29298 1.2481 1.27561 1.24221 1.21042 1.18737 1.17662 1.19955 1.16256 1.16241 1.13574 1.11618 1.11931 1.10004 1.08667 1.07555 1.06379 1.06208 1.04725 1.04599 1.0358 1.028 1.02235 1.01416 1.00641 1.00258 0.997493 0.992955 0.988575 0.983026 0.981157 0.978324 0.975386 0.972081 0.983777 0.977128 0.968372 0.98522 0.972673 0.979406 0.969802 0.982412 0.981815 0.980269 0.976641 1.00086 0.978175 1.00172 1.00953 0.985404 0.985898 0.988703 1.0082 1.02133 1.05868 1.00908 0.996014 1.04507 1.05554 1.09412 1.03453 1.08935 1.0784 1.06761 1.10937 1.11214 1.09997 1.12976 1.10955 1.06249 1.13919 1.18207 1.19654 1.13401 1.21683 1.09231 
1.64363 1.63199 1.67322 1.65577 1.60486 1.54869 1.53098 1.55742 1.53991 1.48707 1.4266 1.49354 1.44356 1.4165 1.44215 1.39126 1.4175 1.374 1.36375 1.34066 1.3285 1.33692 1.29426 1.29582 1.31575 1.24607 1.25473 1.24983 1.22236 1.21757 1.1827 1.16285 1.15993 1.14018 1.14135 1.13452 1.11265 1.09844 1.07549 1.06981 1.06928 1.05725 1.04448 1.04507 1.03676 1.02659 1.02085 1.01463 1.00819 1.00222 0.99703 0.992327 0.989632 0.983992 0.977397 0.979842 0.980124 0.971452 0.982494 0.971368 0.947291 0.982572 0.965837 0.976002 0.967844 0.969996 0.998054 0.979897 0.99532 0.988891 0.973825 0.996017 1.01431 0.96892 0.981559 1.01653 1.00519 1.0091 1.04344 1.04083 1.06378 1.03078 0.997755 1.05206 1.08246 1.08873 1.07766 1.08881 1.09723 1.11566 1.09399 1.06252 1.04949 1.14228 1.14264 1.11492 1.131 1.16564 1.13834 1.2053 
1.57832 1.62441 1.6152 1.62661 1.67972 1.54714 1.54054 1.48552 1.51685 1.49043 1.48831 1.51292 1.52232 1.46138 1.47546 1.37987 1.38017 1.38814 1.41092 1.33635 1.31977 1.29088 1.30785 1.29303 1.29215 1.26744 1.23282 1.20473 1.20204 1.20778 1.19652 1.17495 1.15413 1.11968 1.11739 1.12324 1.09053 1.08925 1.08404 1.08245 1.0772 1.06281 1.04645 1.0403 1.03573 1.02587 1.0207 1.01101 1.00801 1.00218 0.997871 0.993671 0.988278 0.986092 0.984965 0.979991 0.980773 0.977818 0.979205 0.976634 0.984385 0.959907 0.973751 0.988332 0.963546 0.991264 0.982066 0.98447 1.02519 0.994466 0.977153 1.00795 0.979133 0.998255 0.991015 0.993167 1.00566 1.01308 1.00549 1.03983 1.01398 1.00784 1.00402 1.03086 1.07515 1.06953 1.0175 1.12644 1.09759 1.18912 1.08228 1.12328 1.10221 1.17958 1.12084 1.13438 1.11566 1.21937 1.12467 1.18663 
1.61495 1.59588 1.67341 1.56482 1.57829 1.57781 1.59743 1.58303 1.59411 1.44318 1.50576 1.47385 1.43062 1.45887 1.41947 1.36662 1.40296 1.37421 1.36865 1.37825 1.28522 1.30159 1.26108 1.26992 1.2386 1.26313 1.26392 1.2214 1.24616 1.18193 1.20273 1.16017 1.17748 1.16703 1.14895 1.11027 1.10591 1.10128 1.06763 1.0936 1.07485 1.06219 1.04989 1.04094 1.03332 1.03422 1.01941 1.01408 1.00707 1.00238 0.997545 0.993502 0.98634 0.985656 0.987405 0.980734 0.978498 0.974904 0.973182 0.960486 0.96407 0.968644 0.960325 0.987052 0.975353 0.972425 0.993872 1.00569 1.01222 0.994668 0.974955 1.00466 0.990084 1.01153 1.01657 1.00544 1.01511 1.03409 1.04111 1.01075 1.04371 1.04736 1.09223 1.07362 1.06137 1.0655 1.06276 1.08684 1.06487 1.11818 1.08304 1.12244 1.12157 1.12274 1.14951 1.08851 1.08566 1.18632 1.20706 1.16116 
1.64909 1.69208 1.5913 1.55197 1.5859 1.53331 1.5918 1.60645 1.48537 1.50518 1.44767 1.49036 1.47916 1.44835 1.40804 1.46403 1.36958 1.37102 1.38304 1.33176 1.3261 1.32355 1.31547 1.27598 1.27124 1.25217 1.21822 1.21731 1.23106 1.21393 1.182 1.18745 1.15061 1.1525 1.12181 1.11967 1.0988 1.08452 1.09839 1.08423 1.06337 1.0647 1.04976 1.03906 1.03533 1.02206 1.02249 1.01062 1.0081 1.00254 0.997783 0.99164 0.988789 0.986083 0.980663 0.979284 0.971868 0.975549 0.979467 0.977002 0.97568 0.979756 0.98687 0.968067 0.977197 0.976198 0.970359 0.974649 0.973828 0.986649 0.981777 1.00124 0.995862 0.990377 1.00421 1.03661 0.967118 1.01055 1.00587 1.02402 1.00184 1.06607 1.06453 1.04621 1.06979 1.08549 1.01979 1.08727 1.07393 1.1017 1.1312 1.09157 1.08671 1.09062 1.12231 1.22767 1.1468 1.11112 1.13612 1.19341 
1.65483 1.66073 1.70903 1.59638 1.60967 1.58255 1.51116 1.49008 1.49935 1.437 1.52878 1.42582 1.4268 1.42578 1.46987 1.36572 1.42383 1.32952 1.36046 1.32196 1.32809 1.32296 1.33902 1.26234 1.25592 1.25135 1.26797 1.2181 1.23025 1.19112 1.17726 1.16572 1.18262 1.15858 1.12631 1.12284 1.11004 1.10354 1.09251 1.08601 1.07953 1.05468 1.0569 1.0344 1.03494 1.02837 1.02004 1.0142 1.01013 1.00256 0.997761 0.992748 0.98882 0.984837 0.983447 0.979198 0.977899 0.971874 0.976339 0.978709 0.972709 0.965841 0.982793 0.98108 0.967218 0.989058 0.993898 0.978312 0.98395 1.00928 1.00226 0.994506 0.988551 1.00175 0.972509 0.992471 1.00531 1.00289 1.02124 1.01879 1.04302 1.05268 1.0674 1.06633 1.0717 1.03662 1.07691 1.00006 1.0726 1.07476 1.12069 1.14476 1.08052 1.12995 1.17226 1.16777 1.13691 1.16509 1.16653 1.11958 
1.65387 1.60253 1.58974 1.5845 1.57296 1.54907 1.58025 1.46129 1.53693 1.49628 1.51955 1.47647 1.47865 1.4491 1.38394 1.37901 1.36995 1.3561 1.34119 1.35047 1.31545 1.31066 1.24926 1.30021 1.24204 1.23075 1.25653 1.2025 1.19807 1.16878 1.15765 1.18767 1.13958 1.16293 1.12953 1.12442 1.12674 1.10395 1.08821 1.08143 1.07408 1.06352 1.04882 1.03842 1.04086 1.02736 1.02054 1.013 1.00805 1.00239 0.997674 0.992305 0.992528 0.986929 0.985447 0.979812 0.979498 0.969355 0.98011 0.979233 0.978258 0.96776 0.982449 0.974683 0.976172 0.978054 0.999488 0.971846 0.994137 1.00346 0.997631 0.999753 1.00156 1.00456 0.998424 1.02675 1.02941 1.02298 1.01621 1.032 1.04086 1.00251 1.04289 1.08626 1.01232 1.01505 1.07585 1.08225 1.05029 1.06058 1.12943 1.16669 1.17529 1.15227 1.17068 1.07786 1.14743 1.12324 1.1326 1.1016 
1.64867 1.56579 1.60909 1.5926 1.59634 1.55986 1.58825 1.52789 1.51842 1.53574 1.44421 1.46622 1.47209 1.41587 1.42401 1.44289 1.3755 1.33416 1.35804 1.33073 1.31116 1.31921 1.296 1.27013 1.25842 1.22323 1.23366 1.21638 1.20931 1.20899 1.16739 1.17729 1.15186 1.13377 1.13881 1.11137 1.11702 1.09038 1.08833 1.09129 1.07611 1.07139 1.05817 1.03316 1.02911 1.02354 1.02008 1.01259 1.00871 1.00191 0.997145 0.994019 0.987976 0.984535 0.979006 0.977406 0.974933 0.973081 0.973683 0.965787 0.961265 0.973523 0.973884 0.970955 0.968273 0.980449 0.995769 0.991083 0.996354 0.998349 0.993034 0.980562 1.01047 1.02618 1.02918 0.999245 1.03448 1.01517 0.990408 1.06815 1.04946 1.03182 1.04042 1.0695 0.996078 1.05698 1.08976 1.10255 1.08691 1.08267 1.16749 1.13352 1.1101 1.11861 1.08829 1.20022 1.11477 1.14293 1.16486 1.18703 
1.64769 1.73703 1.57805 1.6123 1.62099 1.53667 1.52686 1.54098 1.45797 1.50058 1.4468 1.47249 1.41723 1.4224 1.429 1.38645 1.35974 1.35904 1.35427 1.32445 1.3408 1.2859 1.29733 1.25692 1.24264 1.29211 1.2285 1.1978 1.22758 1.19897 1.18401 1.1778 1.15723 1.15953 1.12512 1.12862 1.09469 1.10153 1.08918 1.09021 1.06463 1.05394 1.04665 1.03913 1.03734 1.02895 1.01916 1.01486 1.00729 1.00242 0.997569 0.992397 0.986379 0.985802 0.98336 0.979799 0.978047 0.979345 0.96998 0.983742 0.979347 0.974105 0.981588 0.978354 0.953652 0.982415 0.987562 1.01279 0.974952 0.998087 0.990153 0.975236 0.995514 0.982207 1.02064 1.00101 1.0129 1.03505 1.01192 1.02364 0.998885 1.03996 1.05123 1.08354 1.06165 1.08821 1.13507 1.07547 1.06394 1.09426 1.14586 1.13451 1.15583 1.16883 1.0138 1.07748 1.19033 1.05001 1.15011 1.15761 
1.59601 1.67064 1.55599 1.59829 1.55222 1.55925 1.52594 1.55423 1.54961 1.48535 1.47004 1.44434 1.45832 1.43851 1.37425 1.41885 1.38095 1.38279 1.36086 1.35923 1.28161 1.30961 1.31563 1.27698 1.23606 1.24428 1.22135 1.21898 1.23414 1.18782 1.18693 1.17293 1.1586 1.13435 1.12181 1.10858 1.10668 1.09252 1.08403 1.07307 1.07781 1.06001 1.05378 1.04137 1.03431 1.03313 1.01939 1.01451 1.00768 1.0022 0.997976 0.994494 0.988889 0.984905 0.985378 0.978311 0.968346 0.974668 0.970115 0.978682 0.977131 0.973739 0.990871 0.979563 0.970902 0.98153 0.969458 1.0046 0.97641 0.99724 0.991134 1.00798 0.992752 1.00287 1.02678 1.02863 1.01015 1.00782 1.05253 1.02024 1.01306 1.02445 1.09831 1.05286 1.11088 1.05386 1.10296 1.11583 1.14319 1.05548 1.18801 1.15214 1.12284 1.18181 1.1388 1.10364 1.13683 1.13609 1.14369 1.17196 
1.71495 1.74305 1.55738 1.56315 1.61028 1.56414 1.58976 1.56836 1.50618 1.53757 1.49036 1.46029 1.43278 1.45223 1.44522 1.42562 1.39165 1.37383 1.4055 1.33208 1.31847 1.30122 1.2574 1.28117 1.24377 1.29514 1.20046 1.22344 1.19811 1.18489 1.1982 1.19374 1.13544 1.14819 1.1269 1.12516 1.12458 1.08299 1.09404 1.08979 1.0705 1.0763 1.04163 1.04302 1.03233 1.03102 1.02131 1.01232 1.00769 1.00265 0.997418 0.992695 0.98633 0.988157 0.986302 0.984097 0.965992 0.979212 0.976898 0.973123 0.973293 0.968833 0.967642 0.983073 0.972517 0.968098 0.97565 0.985336 0.972478 0.984364 0.98893 0.996672 1.01449 0.987894 0.97907 1.03203 1.01981 1.02556 1.02788 1.07541 1.05034 1.04477 1.07106 1.08848 1.0417 1.04665 1.11495 1.11136 1.11548 1.09256 1.06468 1.15368 1.11049 1.11731 1.08911 1.178 1.17301 1.14928 1.1832 1.10181 
1.67853 1.56585 1.62937 1.52637 1.60848 1.62858 1.59274 1.55248 1.56546 1.52994 1.42933 1.47883 1.47223 1.42141 1.40711 1.41185 1.37774 1.37363 1.3643 1.31478 1.32497 1.30008 1.28938 1.28259 1.25986 1.3108 1.19616 1.22604 1.2131 1.20119 1.2009 1.17867 1.15591 1.14424 1.1492 1.12455 1.10386 1.09828 1.0957 1.06743 1.071 1.07014 1.04897 1.03416 1.03322 1.02753 1.01883 1.0142 1.00927 1.00279 0.997969 0.992232 0.991233 0.98586 0.984206 0.981422 0.974679 0.976248 0.966764 0.984007 0.97909 0.961426 0.968042 0.976397 0.968893 0.97229 0.97597 0.980628 1.01568 1.00763 0.978755 1.00511 0.993063 1.00222 1.03037 0.999175 0.977316 0.999748 1.00824 0.98729 1.03016 1.02286 1.02608 1.05033 1.06416 1.08083 1.01768 1.13187 1.0471 1.0945 1.11202 1.06863 1.11873 1.1649 1.04883 1.1263 1.15242 1.20596 1.12385 1.1551 
1.70642 1.6746 1.65961 1.62425 1.58219 1.57324 1.57381 1.56718 1.50334 1.54934 1.49982 1.51895 1.47992 1.43815 1.38765 1.37702 1.40566 1.39858 1.36364 1.36723 1.31251 1.28575 1.2798 1.26432 1.29092 1.25479 1.20285 1.2177 1.2106 1.22069 1.17502 1.18798 1.14985 1.13996 1.13632 1.09955 1.09079 1.1038 1.0959 1.0817 1.07715 1.05144 1.05096 1.04548 1.0349 1.03182 1.01807 1.01123 1.00998 1.00323 0.997201 0.993068 0.991633 0.985497 0.977485 0.977773 0.983156 0.972535 0.982264 0.984645 0.974661 0.974306 0.989835 0.96864 0.980866 0.965375 0.976162 0.988312 0.977875 0.982289 0.988527 1.00562 1.01923 0.996199 1.0229 0.985018 1.01231 0.978413 1.01989 0.990285 1.00686 1.06917 1.0142 1.05207 1.04211 1.03849 1.02705 1.09045 1.14706 1.16104 1.14382 1.01439 1.10256 1.07518 1.08669 1.13229 1.21947 1.12822 1.17608 1.18109 
1.64643 1.66485 1.64622 1.56298 1.57249 1.60965 1.55361 1.50674 1.51638 1.50915 1.49041 1.48567 1.44352 1.44906 1.42079 1.42344 1.38707 1.40136 1.34324 1.30743 1.33363 1.34875 1.28796 1.29591 1.27366 1.24303 1.25887 1.21578 1.21655 1.19248 1.1814 1.18843 1.14453 1.15116 1.13151 1.12327 1.11904 1.09604 1.09115 1.08796 1.07525 1.06027 1.05237 1.04654 1.03089 1.02501 1.02047 1.01518 1.00735 1.00287 0.997547 0.993955 0.988527 0.987818 0.982184 0.981368 0.980498 0.975911 0.985133 0.982524 0.965643 0.983176 0.963876 0.990047 0.986553 0.961276 0.971254 0.966747 0.99183 0.975257 1.00176 0.994259 1.00758 1.01593 1.01235 0.995693 1.02754 1.00804 1.05648 1.03442 1.02483 1.00172 1.02935 1.06192 1.06849 1.04139 1.04828 1.08643 1.08475 1.10854 1.08552 1.05528 1.15998 1.15754 1.14372 1.14531 1.11777 1.1258 1.14906 1.18531 
1.66589 1.64743 1.59743 1.62568 1.58121 1.60211 1.5806 1.53806 1.54914 1.5061 1.45553 1.54253 1.46265 1.41765 1.42132 1.45761 1.41256 1.38767 1.3667 1.34684 1.32659 1.27822 1.27283 1.30697 1.23087 1.2481 1.22851 1.2175 1.21614 1.19041 1.19494 1.17779 1.16041 1.12792 1.13428 1.13799 1.09878 1.10819 1.08871 1.08733 1.06566 1.06029 1.05418 1.03828 1.02706 1.02254 1.01822 1.01441 1.0061 1.00206 0.99782 0.991233 0.992055 0.984377 0.98707 0.982953 0.982992 0.988762 0.978888 0.965519 0.978327 0.984952 0.976184 0.986577 0.97149 0.971748 0.95675 0.987857 0.966228 1.01503 0.996872 0.999898 0.969295 0.995411 1.01348 1.04916 1.02122 1.0115 1.01596 1.05075 1.05567 0.972202 1.04174 1.02944 1.05952 1.02029 1.08418 1.04946 1.08931 1.12689 1.15077 1.09625 1.12362 1.08469 1.14749 1.12355 1.13757 1.09528 1.18073 1.15979 
1.6166 1.64235 1.65353 1.56568 1.57757 1.52071 1.54792 1.50881 1.55864 1.5089 1.50597 1.44014 1.4415 1.42291 1.40796 1.36574 1.37673 1.36794 1.35984 1.35579 1.31292 1.29784 1.28895 1.25117 1.27659 1.22873 1.24246 1.22903 1.18642 1.1889 1.16133 1.15828 1.1769 1.14143 1.14909 1.12819 1.12161 1.08391 1.08702 1.07797 1.05886 1.05213 1.05178 1.03631 1.03898 1.02263 1.02033 1.01545 1.00769 1.00264 0.997532 0.993661 0.987518 0.984893 0.981102 0.976588 0.979776 0.973956 0.969319 0.974133 0.985777 0.968145 0.962965 0.962928 0.96253 0.975309 0.962783 0.981127 0.988111 0.970881 0.959623 0.993553 0.999729 1.04015 0.976782 0.999636 1.04759 1.00925 1.05924 1.06048 1.01099 1.03188 1.04106 1.05217 1.07044 1.07567 1.10325 1.05247 1.0623 1.05612 1.08313 1.08188 1.06761 1.10986 1.17916 1.19784 1.13827 1.18977 1.14207 1.158 
1.65923 1.61474 1.63017 1.6028 1.59126 1.53216 1.54707 1.55468 1.55573 1.50714 1.48939 1.47778 1.4755 1.40547 1.43449 1.37254 1.37972 1.34602 1.36289 1.3276 1.31242 1.31062 1.29466 1.29053 1.26572 1.27006 1.25372 1.21225 1.2129 1.18657 1.1763 1.16692 1.15647 1.14125 1.13611 1.11077 1.11836 1.09404 1.08084 1.08055 1.065 1.06463 1.05377 1.04016 1.02805 1.02333 1.01955 1.01434 1.00717 1.00224 0.99774 0.995395 0.98806 0.986914 0.979361 0.981968 0.979172 0.970997 0.972623 0.97984 0.968317 0.969889 0.970477 0.974866 0.986171 0.984186 0.982928 0.996115 0.995228 0.991417 0.985994 0.979046 1.03731 0.987726 0.99246 1.04197 1.02605 1.05015 1.01563 1.0717 1.09212 1.05147 1.04789 1.02332 1.0131 1.07618 1.02825 1.05105 1.10609 1.04856 1.09775 1.11457 1.04997 1.12646 1.12538 1.12372 1.12605 1.17713 1.20018 1.17141 
1.58853 1.67326 1.57495 1.52296 1.56567 1.52297 1.59561 1.56281 1.55738 1.51486 1.51153 1.49266 1.42785 1.47527 1.42025 1.40653 1.40382 1.39184 1.37038 1.33292 1.31801 1.31781 1.29282 1.25846 1.28867 1.22396 1.25967 1.2401 1.21685 1.2011 1.16466 1.18754 1.13915 1.13693 1.14715 1.12468 1.1084 1.08506 1.09164 1.08136 1.06936 1.05186 1.04286 1.04234 1.02964 1.02912 1.0157 1.01447 1.00807 1.0026 0.997459 0.992183 0.98749 0.984512 0.976695 0.981021 0.974115 0.977694 0.987866 0.976483 0.965134 0.985795 0.963201 0.962432 0.985421 0.982499 0.988593 0.972343 0.969891 0.994166 0.998328 1.0033 0.998745 0.999523 1.02618 1.01972 0.994956 1.00463 1.02657 1.06581 1.00877 1.04737 1.07 1.02503 1.06272 1.0676 1.08873 1.0781 1.10577 1.12086 1.12675 1.08554 1.1853 1.13198 1.09442 1.17591 1.05875 1.13621 1.19368 1.13394 
1.62251 1.58215 1.66494 1.56965 1.54248 1.5929 1.54085 1.55064 1.53627 1.48416 1.47906 1.51562 1.38657 1.44714 1.45361 1.38081 1.3477 1.35782 1.3276 1.37156 1.30117 1.30457 1.33122 1.24837 1.25324 1.24989 1.23018 1.2364 1.19516 1.18113 1.19414 1.1441 1.1529 1.13404 1.12904 1.10468 1.09672 1.09754 1.10798 1.06934 1.0614 1.05759 1.0468 1.04299 1.03874 1.02345 1.01802 1.01468 1.00869 1.00272 0.997409 0.993466 0.990945 0.982734 0.9855 0.982594 0.979442 0.970319 0.97879 0.965178 0.979 0.971851 0.972639 0.970477 0.977936 0.986118 0.993355 0.980477 0.969634 0.995535 0.979544 0.991032 1.00194 1.01031 0.979055 1.03077 1.02865 0.958951 1.04259 1.04577 1.04735 1.08263 1.06596 1.0238 1.05557 1.07269 1.07638 1.10645 1.10576 1.07735 1.08817 1.09192 1.10397 1.10245 1.10397 1.13642 1.1007 1.16836 1.13462 1.2174 
1.69209 1.62483 1.65537 1.56328 1.554 1.58444 1.51278 1.50044 1.56149 1.48106 1.42639 1.43537 1.42897 1.41034 1.4202 1.41597 1.36347 1.40969 1.32536 1.34891 1.33653 1.3528 1.25228 1.2558 1.2406 1.25488 1.23237 1.17543 1.19721 1.20395 1.17659 1.17497 1.16081 1.14454 1.13577 1.11048 1.12115 1.0917 1.07594 1.07946 1.05855 1.06294 1.05566 1.04309 1.03553 1.02736 1.02526 1.01366 1.00861 1.00243 0.997198 0.992384 0.988318 0.98628 0.986317 0.978863 0.969288 0.980991 0.978325 0.97736 0.981197 0.992443 0.977439 0.974705 0.982885 0.986932 0.981886 0.98524 0.990774 0.978452 0.972743 0.998466 0.970086 0.992474 1.01822 0.973299 1.02871 0.999749 1.02199 1.01589 1.02374 1.05617 1.04572 1.09245 1.05453 1.02134 1.09418 1.1222 1.09064 1.09866 1.09035 1.154 1.13935 1.12028 1.12578 1.19867 1.10713 1.20042 1.09967 1.08443 
1.70438 1.63854 1.61844 1.55953 1.51845 1.56516 1.50148 1.54611 1.50549 1.4766 1.54004 1.46763 1.41038 1.43857 1.42944 1.4189 1.45064 1.37362 1.31975 1.29842 1.31819 1.32124 1.32882 1.28245 1.27881 1.24687 1.25053 1.22132 1.22455 1.19719 1.18426 1.17148 1.15931 1.1386 1.13312 1.12888 1.0962 1.0909 1.08908 1.08776 1.07246 1.04861 1.04893 1.04315 1.03598 1.02884 1.02193 1.01125 1.00817 1.00234 0.99783 0.99378 0.989184 0.986552 0.983955 0.979774 0.979294 0.977095 0.982842 0.969889 0.983092 0.974808 0.966553 0.976096 0.994799 0.97775 0.993634 0.967963 0.988056 0.981439 1.01472 0.989824 0.965469 0.987328 1.00053 1.01584 1.01266 1.03348 1.00875 1.02562 1.04374 1.02563 1.09211 1.05158 1.05776 1.03609 1.13068 1.0652 1.09651 1.08236 1.07384 1.08133 1.10329 1.09053 1.12162 1.07461 1.15418 1.13453 1.16081 1.14551 
1.66607 1.63241 1.64708 1.59625 1.49914 1.5379 1.5334 1.5085 1.48802 1.45926 1.47999 1.50202 1.50237 1.40345 1.39818 1.38092 1.40181 1.34041 1.32958 1.31977 1.32947 1.32381 1.29791 1.26287 1.27923 1.20805 1.22734 1.18379 1.18995 1.19423 1.16507 1.19228 1.15017 1.13883 1.12876 1.11848 1.10529 1.09978 1.09422 1.09232 1.05664 1.06299 1.04955 1.04041 1.03664 1.03138 1.02183 1.01607 1.00785 1.00285 0.997101 0.991161 0.988314 0.983873 0.987646 0.978018 0.975778 0.977716 0.969711 0.972516 0.973445 0.964246 0.974199 0.974863 0.960289 0.988133 0.980036 0.946327 0.980941 1.01432 0.992844 0.98876 1.00557 0.994292 1.01154 1.02483 0.999895 1.00833 1.0797 1.02766 1.02761 1.02679 1.04635 1.07852 1.05587 1.06639 1.04644 1.07185 1.1393 1.0905 1.10811 1.09321 1.08344 1.10019 1.14079 1.22561 1.15377 1.08348 1.15132 1.17403 
1.5855 1.67783 1.63364 1.61713 1.59418 1.58035 1.50784 1.49677 1.46769 1.50331 1.47115 1.51599 1.38073 1.45497 1.43429 1.44529 1.39551 1.36205 1.34066 1.35956 1.32614 1.33611 1.26208 1.29321 1.26397 1.24455 1.24645 1.21416 1.19926 1.20433 1.16831 1.16958 1.15724 1.15217 1.13243 1.12118 1.10593 1.08819 1.07993 1.07739 1.06478 1.06083 1.0466 1.04188 1.03653 1.02486 1.01925 1.01504 1.00723 1.00249 0.996973 0.990998 0.988471 0.978855 0.982623 0.975903 0.966953 0.96851 0.981602 0.973274 0.980352 0.969128 0.972147 0.977749 0.978992 0.980814 0.985681 0.983954 0.975458 0.989482 0.992406 1.00227 1.0151 0.983162 1.00943 0.993624 1.05204 1.01552 1.06142 1.04633 1.05527 1.0164 1.04482 1.06164 1.07504 1.14656 1.02423 1.0341 1.06732 1.12994 1.0834 1.11094 1.09647 1.12925 1.17288 1.11599 1.15414 1.11075 1.1789 1.15245 
1.61494 1.62112 1.69128 1.55402 1.57694 1.54783 1.54686 1.57146 1.48415 1.47979 1.4644 1.44455 1.3774 1.47381 1.38759 1.38259 1.39404 1.36051 1.34525 1.37022 1.31415 1.27556 1.31338 1.28825 1.24526 1.24067 1.22261 1.23081 1.19759 1.19472 1.19158 1.16624 1.1668 1.15663 1.10815 1.12302 1.11147 1.09695 1.09146 1.0844 1.06364 1.06735 1.04417 1.04333 1.03897 1.02746 1.01722 1.0142 1.00882 1.00229 0.997016 0.992105 0.988502 0.9889 0.980322 0.979766 0.972601 0.977618 0.978051 0.966822 0.980393 0.965697 0.972067 0.98044 0.984138 0.975746 0.996874 0.972211 0.983178 0.998514 0.969511 1.00842 0.991054 0.994009 1.00355 1.01908 1.02834 1.03646 1.03349 1.01374 1.03145 1.00184 1.01537 1.07332 1.05854 1.09089 1.04971 1.08353 1.03742 1.10122 1.09429 1.14149 1.10143 1.05737 1.12765 1.16037 1.18419 1.13612 1.17296 1.14936 
1.728 1.56708 1.61334 1.58279 1.61965 1.55225 1.57561 1.56041 1.48916 1.45492 1.45835 1.48498 1.42627 1.44115 1.45532 1.38346 1.38486 1.3421 1.36681 1.34353 1.32217 1.33656 1.27773 1.27953 1.25154 1.23407 1.19472 1.24824 1.19642 1.17578 1.14936 1.17888 1.16893 1.14148 1.13794 1.11283 1.10795 1.0964 1.09433 1.0765 1.07001 1.05206 1.04469 1.0418 1.03747 1.03052 1.01856 1.0114 1.00808 1.00226 0.997779 0.991143 0.988957 0.988431 0.97692 0.98907 0.981222 0.969705 0.974349 0.971608 0.965736 0.971795 0.967429 0.983189 0.966343 0.975663 0.954206 0.987573 0.961316 0.983541 0.989332 0.992737 1.01971 1.02196 1.04364 1.04763 1.00639 1.00273 1.05473 1.02194 1.03581 1.01764 1.02638 1.03497 1.05568 1.08021 1.04008 1.02962 1.07905 1.12432 1.05539 1.1095 1.14453 1.12882 1.14141 1.06809 1.1432 1.20921 1.12797 1.21562 
1.65448 1.68284 1.5716 1.59716 1.6359 1.60309 1.54423 1.59952 1.53336 1.53811 1.46298 1.45271 1.42478 1.42074 1.37763 1.40488 1.33727 1.3746 1.34491 1.33718 1.33966 1.33808 1.28487 1.28975 1.2217 1.24184 1.231 1.23246 1.2071 1.21812 1.14453 1.14905 1.1317 1.14352 1.12292 1.11044 1.10563 1.09724 1.09206 1.08126 1.0646 1.06085 1.05463 1.04603 1.03751 1.03282 1.0273 1.01392 1.00807 1.0033 0.997997 0.991803 0.989059 0.985377 0.984309 0.982223 0.977744 0.987343 0.975033 0.972584 0.980776 0.980265 0.985211 0.969618 0.971103 0.986672 0.987533 0.982015 0.973762 0.998641 0.99773 0.991251 0.972406 1.00149 0.976737 1.04536 1.00899 1.01097 1.00401 1.02073 1.03626 1.03376 1.06166 1.04268 1.05906 1.05671 1.09757 1.03498 1.04062 1.11152 1.12706 1.1071 1.12212 1.08418 1.1593 1.17121 1.20101 1.13374 1.16711 1.0814 
1.64514 1.60957 1.61165 1.59443 1.62268 1.54504 1.57016 1.49389 1.53045 1.53685 1.48298 1.47206 1.43509 1.45239 1.43205 1.41689 1.39708 1.38266 1.3749 1.29371 1.3784 1.32922 1.27198 1.29837 1.28167 1.2536 1.21641 1.2201 1.21748 1.18841 1.16353 1.17761 1.15941 1.13691 1.1371 1.12136 1.09738 1.11229 1.09412 1.06462 1.05668 1.05218 1.05636 1.03813 1.03838 1.02556 1.0218 1.01324 1.00817 1.00272 0.997895 0.992829 0.985939 0.989884 0.981529 0.979422 0.974792 0.976961 0.970713 0.979191 0.975763 0.976642 0.986944 0.962327 0.979921 0.973094 0.965447 0.976794 0.988659 0.997106 0.962144 1.03259 1.01991 0.986266 1.0254 1.02411 1.00829 1.01085 1.03078 1.06616 1.08248 1.00976 1.08323 1.06116 1.08426 1.0265 1.09172 1.08379 1.07486 1.06713 1.12307 1.07064 1.11909 1.06537 1.11763 1.15072 1.10643 1.16831 1.18422 1.20363 
1.65219 1.64003 1.63552 1.58693 1.57971 1.58593 1.47881 1.51242 1.49886 1.44703 1.48715 1.43264 1.45997 1.36296 1.42178 1.38306 1.41949 1.39972 1.34784 1.33596 1.30438 1.3046 1.27057 1.26544 1.27472 1.25228 1.24669 1.24843 1.17927 1.19464 1.16736 1.1662 1.162 1.13983 1.11783 1.13773 1.12535 1.09998 1.08246 1.08364 1.05934 1.06979 1.05542 1.0467 1.03646 1.02785 1.01955 1.01237 1.00936 1.00237 0.997289 0.994406 0.988332 0.986013 0.981419 0.977944 0.974433 0.977759 0.966896 0.977731 0.973159 0.971015 0.973889 0.980517 0.972751 0.983642 0.996566 0.989962 0.980737 0.972172 1.00573 1.00798 0.964523 1.03515 1.01356 1.00677 1.00731 1.04017 1.02345 1.00598 1.05542 1.05453 1.13255 1.03592 1.05434 1.05697 1.09351 1.04584 1.02707 1.06504 1.09242 1.0952 1.05175 1.10363 1.14316 1.16606 1.22884 1.11598 1.2169 1.24387 
1.64044 1.62295 1.56873 1.58937 1.55857 1.63738 1.57552 1.47516 1.52135 1.51653 1.46099 1.46425 1.49176 1.41835 1.43306 1.3842 1.40015 1.37558 1.34995 1.34681 1.30844 1.32419 1.34086 1.30712 1.28524 1.24009 1.21148 1.22816 1.19626 1.21902 1.17849 1.18542 1.16042 1.15098 1.14683 1.13272 1.12079 1.09508 1.08987 1.07685 1.06199 1.06116 1.0569 1.0364 1.03219 1.02709 1.01777 1.01545 1.00651 1.00291 0.997417 0.992351 0.986118 0.984885 0.985366 0.979026 0.979442 0.976819 0.977742 0.971843 0.967137 0.976771 0.97433 0.980823 0.964369 0.961939 0.979235 0.986024 0.982479 0.985435 1.00805 1.01411 0.992961 1.00097 1.02643 1.02675 0.999815 1.01442 1.02467 1.04488 1.02085 1.01611 1.0339 1.03861 1.07814 1.10417 1.05247 1.07194 1.11804 1.09725 1.10927 1.1234 1.06076 1.13295 1.07128 1.18046 1.13529 1.17087 1.17803 1.16117 
1.61665 1.58811 1.59037 1.60443 1.58727 1.58711 1.5605 1.55294 1.54072 1.53024 1.50764 1.49842 1.47801 1.43793 1.41507 1.39621 1.40198 1.39727 1.35452 1.36841 1.30908 1.33576 1.26816 1.2854 1.27242 1.2457 1.20983 1.19947 1.20596 1.17969 1.17152 1.15269 1.14208 1.14504 1.13409 1.12584 1.12009 1.10368 1.08334 1.08077 1.06749 1.06438 1.04846 1.04396 1.03737 1.03562 1.02155 1.00784 1.00824 1.00267 0.997643 0.994476 0.98703 0.987566 0.982098 0.980221 0.97823 0.974957 0.979426 0.986848 0.97977 0.976878 0.970765 0.979251 0.955528 0.975852 0.980967 0.986167 1.00659 0.979361 0.973195 1.00778 0.993776 1.00137 0.993942 1.03345 1.043 1.05438 1.01157 1.08473 1.04667 1.01961 1.05119 1.04608 1.01493 1.03291 1.08087 1.05471 1.07203 1.08657 1.07599 1.07693 1.1433 1.08779 1.16757 1.10995 1.1165 1.11 1.09268 1.21421 
1.64888 1.65523 1.65886 1.59763 1.57698 1.58541 1.51619 1.58092 1.46975 1.48721 1.49097 1.40754 1.45086 1.39819 1.40538 1.40825 1.35948 1.35012 1.35187 1.35245 1.32604 1.28465 1.29828 1.27686 1.26394 1.25314 1.2314 1.20656 1.19796 1.20012 1.18473 1.20142 1.16396 1.13513 1.12757 1.13528 1.08823 1.09748 1.08264 1.08867 1.06661 1.05516 1.04979 1.03745 1.0324 1.02244 1.02148 1.0124 1.0086 1.002 0.997211 0.993937 0.99068 0.986096 0.978269 0.97642 0.974267 0.984523 0.976785 0.984955 0.974087 0.979144 0.95845 0.976994 0.983079 0.990424 0.969124 0.99388 0.984492 0.997406 1.00534 0.999059 0.999697 0.987143 1.02759 1.01179 1.02081 1.0268 1.03244 1.02089 1.0327 1.06916 1.02527 1.04642 1.08465 1.04665 1.04998 1.06707 1.08485 1.07412 1.08313 1.07566 1.10868 1.10404 1.1027 1.16082 1.14266 1.24112 1.14253 1.14454 
1.66456 1.65406 1.58923 1.5477 1.60492 1.55669 1.5375 1.52347 1.49442 1.49534 1.46846 1.47003 1.47321 1.42373 1.41029 1.40356 1.42187 1.39082 1.33547 1.30455 1.33079 1.29908 1.29988 1.27047 1.2327 1.25269 1.20917 1.23489 1.19944 1.181 1.19203 1.15081 1.16125 1.15063 1.14574 1.1183 1.12019 1.1035 1.07774 1.07805 1.07098 1.06361 1.05552 1.04302 1.03459 1.02504 1.02199 1.01408 1.00858 1.00251 0.997307 0.992615 0.987963 0.986939 0.983066 0.981538 0.98396 0.976169 0.968595 0.969678 0.974585 0.984414 0.973997 0.982633 0.985067 0.979252 0.989773 1.00589 0.979298 0.981487 0.991026 0.987631 0.996279 1.00171 1.00851 1.00165 1.00532 1.03427 1.00666 1.05613 1.03233 1.03165 1.01639 1.03395 1.11219 1.05889 1.05939 1.10037 1.10801 1.11476 1.11773 1.0363 1.08666 1.15821 1.16142 1.17402 1.11721 1.16362 1.20008 1.13907 
1.645 1.66495 1.54971 1.60776 1.52627 1.60203 1.57654 1.51641 1.55311 1.49644 1.50234 1.43668 1.46227 1.46861 1.38509 1.41041 1.39514 1.37484 1.33017 1.36118 1.3063 1.29595 1.275 1.2741 1.25584 1.27195 1.21894 1.22754 1.21613 1.15944 1.19127 1.17595 1.14736 1.12357 1.13525 1.09325 1.10737 1.09464 1.0957 1.08794 1.05871 1.05475 1.05614 1.04009 1.03317 1.02991 1.02619 1.01567 1.00998 1.00241 0.997221 0.993511 0.989737 0.986344 0.98624 0.982338 0.97931 0.979537 0.968349 0.977362 0.964056 0.97476 0.960089 0.963083 0.974019 0.990634 0.981533 0.980589 0.990312 0.962063 0.982986 0.99948 0.996311 1.03501 1.05847 1.01496 0.967491 1.02206 0.987741 1.03576 1.04677 1.02109 1.0567 1.07933 1.06773 1.03286 1.08636 1.10248 1.07885 1.10469 1.10398 1.10423 1.15353 1.09552 1.07575 1.17435 1.16939 1.21259 1.13614 1.17771 
1.7089 1.63916 1.58029 1.55618 1.61331 1.52795 1.58842 1.51196 1.5112 1.49922 1.51606 1.48506 1.43665 1.41715 1.41241 1.36761 1.39509 1.3623 1.33749 1.32794 1.34588 1.32354 1.27775 1.28577 1.29554 1.26161 1.24032 1.20857 1.20682 1.19275 1.1871 1.18261 1.15866 1.13558 1.12364 1.12262 1.11473 1.11301 1.0868 1.07723 1.0794 1.06119 1.04447 1.03361 1.03934 1.02687 1.01904 1.01327 1.00836 1.00154 0.998339 0.99504 0.988905 0.98268 0.981404 0.979644 0.983273 0.980069 0.980619 0.979001 0.974848 0.964758 0.975316 0.982945 0.975402 0.981462 0.960098 0.976282 0.972537 0.967981 0.993422 0.983657 0.98012 0.994678 1.02375 1.03023 0.987929 0.985156 1.00293 1.02704 1.01062 1.02277 1.06279 1.03664 1.06243 1.06947 1.05221 1.09904 1.03994 1.05211 1.08753 1.06324 1.12365 1.13064 1.16062 1.10497 1.17303 1.10972 1.19127 1.11821 
1.66379 1.63591 1.56057 1.56331 1.59246 1.52809 1.59529 1.49287 1.44955 1.5284 1.45617 1.48935 1.43852 1.40593 1.40322 1.42109 1.33565 1.37874 1.33885 1.35762 1.32652 1.26734 1.32113 1.29987 1.27392 1.24658 1.25351 1.1989 1.22354 1.19934 1.17802 1.17364 1.14386 1.15078 1.13405 1.12352 1.08606 1.11841 1.08963 1.08091 1.06289 1.06607 1.04636 1.03945 1.0331 1.02255 1.02038 1.01413 1.00674 1.00282 0.997278 0.993099 0.98712 0.985737 0.984336 0.978095 0.973706 0.974517 0.980202 0.972785 0.970384 0.977319 0.962684 0.968542 0.979622 0.948399 0.962662 0.987371 0.987791 0.989313 1.00042 0.972401 1.02466 1.02538 0.988469 0.985059 1.00527 1.02513 1.02797 1.06171 1.01837 1.01747 1.10908 1.04221 1.05359 1.12065 1.06353 1.09674 1.08337 1.06983 1.08941 1.09694 1.10855 1.09851 1.15312 1.16394 1.14114 1.21825 1.21306 1.12141 
1.64686 1.58425 1.6205 1.64678 1.59975 1.5536 1.5643 1.50841 1.51373 1.49624 1.50824 1.47196 1.43871 1.41664 1.41276 1.40912 1.38849 1.35592 1.33864 1.35991 1.34228 1.31141 1.28814 1.26419 1.24828 1.23838 1.22793 1.21135 1.20275 1.19298 1.20751 1.15361 1.16466 1.14727 1.14016 1.12206 1.10632 1.09583 1.08368 1.09159 1.06676 1.05358 1.04998 1.03969 1.03416 1.02948 1.0214 1.01429 1.01019 1.00303 0.997423 0.992378 0.990395 0.987333 0.984237 0.978017 0.97807 0.980662 0.976379 0.983227 0.960997 0.978554 0.996493 0.967521 0.97341 0.980773 0.997176 0.969629 0.980116 1.00059 1.00157 1.01572 0.98865 0.958287 1.01251 0.985102 1.00149 1.02339 1.04655 1.00342 1.03548 1.07319 1.0435 1.02108 1.10101 1.02523 1.10336 1.12233 1.06646 1.10477 1.06334 1.13222 1.15252 1.09086 1.13612 1.1184 1.13959 1.2322 1.17636 1.1864 
1.66189 1.7081 1.59261 1.57327 1.5929 1.56457 1.538 1.51869 1.48242 1.5021 1.50881 1.4698 1.45811 1.43819 1.43461 1.35854 1.40193 1.36362 1.37218 1.34345 1.32237 1.30196 1.29832 1.24786 1.23211 1.23357 1.22191 1.23108 1.21435 1.18633 1.19254 1.16255 1.16452 1.14003 1.12729 1.12307 1.11272 1.09997 1.09267 1.06499 1.0681 1.05428 1.0548 1.04169 1.0332 1.02764 1.02013 1.01137 1.00843 1.00202 0.997252 0.992156 0.987017 0.987259 0.979627 0.977671 0.97792 0.978598 0.968104 0.98429 0.965421 0.979401 0.977576 0.972622 0.958929 0.991434 0.962004 0.96766 0.971106 0.981552 0.992659 1.00346 1.0188 1.00079 1.00328 1.02107 0.996281 1.01587 1.04842 1.00777 1.03834 1.03751 1.0533 1.08599 1.08007 1.07363 1.05333 1.10837 1.12894 1.11681 1.1268 1.08149 1.09488 1.09917 1.14036 1.09333 1.05192 1.14912 1.1765 1.10553 
1.64717 1.6859 1.60074 1.64966 1.55797 1.57986 1.61079 1.50032 1.47424 1.46023 1.51955 1.46936 1.43201 1.39852 1.40716 1.36824 1.38194 1.39207 1.36861 1.31747 1.35057 1.28068 1.30043 1.30195 1.27192 1.24208 1.22571 1.22297 1.19059 1.20637 1.19542 1.1759 1.15126 1.13272 1.12434 1.11036 1.10572 1.09813 1.07568 1.08534 1.06283 1.06349 1.04771 1.03886 1.03194 1.02814 1.01939 1.0121 1.00895 1.00224 0.997465 0.993552 0.987266 0.987241 0.983068 0.981833 0.973477 0.981232 0.962376 0.975396 0.980203 0.984588 0.960663 0.964141 0.971027 0.982791 1.00684 0.966167 1.00237 0.991277 1.00425 0.975709 1.00428 1.04465 0.991773 1.00938 0.988031 1.00951 1.02869 0.986617 1.04135 1.05514 1.03938 1.0556 1.0636 1.05073 1.09012 1.05083 1.07771 1.15431 1.13659 1.07935 1.07025 1.08211 1.08104 1.14482 1.1233 1.17315 1.05324 1.08958 
1.58837 1.59352 1.56956 1.57205 1.59906 1.56164 1.53646 1.54678 1.45298 1.48434 1.50892 1.45698 1.44757 1.43061 1.39768 1.40619 1.37422 1.39909 1.33679 1.35594 1.33644 1.28676 1.2939 1.23748 1.28136 1.20981 1.2452 1.21891 1.18906 1.20075 1.18931 1.18134 1.16353 1.14465 1.1255 1.10455 1.10997 1.09533 1.07872 1.07247 1.07518 1.0548 1.04088 1.0458 1.03777 1.0262 1.01856 1.01392 1.00803 1.00252 0.99751 0.993161 0.990073 0.982585 0.984728 0.979612 0.981795 0.975613 0.966674 0.977811 0.98392 0.984204 0.968345 0.974551 0.964983 0.971999 0.989365 0.985276 0.986798 0.97995 0.970913 1.0071 0.98616 0.994573 1.0068 1.02759 1.0161 1.02772 1.01169 1.00808 1.02913 1.0068 1.06912 0.997688 1.05216 1.07686 1.08965 1.06302 1.0782 1.15207 1.0793 1.08473 1.10748 1.15918 1.10018 1.22216 1.15974 1.18358 1.19244 1.19912 
1.68941 1.65276 1.60081 1.59044 1.61328 1.56662 1.51509 1.57743 1.51167 1.45544 1.47715 1.43847 1.48137 1.45448 1.40337 1.39166 1.41189 1.31488 1.36452 1.32199 1.30219 1.30561 1.27056 1.24559 1.26679 1.21758 1.24508 1.22855 1.21459 1.19021 1.18006 1.15578 1.17325 1.1334 1.13214 1.12178 1.12173 1.08182 1.08232 1.05281 1.07667 1.05364 1.05057 1.04438 1.0314 1.02602 1.02109 1.01285 1.00839 1.00266 0.997702 0.992232 0.988971 0.988301 0.973892 0.978243 0.976335 0.96993 0.973935 0.964918 0.978235 0.971519 0.973962 0.978452 0.976223 0.985178 0.993664 0.97973 0.96045 0.998462 0.986393 0.99463 1.01356 1.00206 1.00446 1.02452 1.03405 1.0625 1.03864 1.00474 1.04884 1.0266 1.03735 1.05938 1.06798 1.09988 1.05695 1.05545 1.16091 1.12854 1.08609 1.07091 1.16494 1.12067 1.15919 1.06692 1.14201 1.13093 1.153 1.13698 
1.66107 1.61995 1.62007 1.61033 1.57912 1.562 1.54855 1.51744 1.53782 1.52563 1.48552 1.4603 1.4243 1.41444 1.39475 1.43107 1.38617 1.36868 1.35879 1.33965 1.27255 1.29094 1.29226 1.28804 1.28435 1.26417 1.22507 1.19582 1.21068 1.20001 1.21131 1.17226 1.1454 1.14086 1.12818 1.14028 1.1053 1.10756 1.09039 1.06875 1.07655 1.06542 1.05669 1.03751 1.03419 1.02893 1.01623 1.01539 1.00618 1.00164 0.997033 0.993282 0.989896 0.98612 0.984673 0.987175 0.975644 0.97471 0.968658 0.986583 0.970201 0.962326 0.977982 0.974667 0.959135 0.976469 0.977374 0.988233 0.991425 0.978706 0.990112 1.00668 0.991516 0.981141 0.99363 1.01089 1.05534 1.00634 1.05675 1.03337 1.01776 1.02513 1.03246 1.04591 1.08713 1.08649 1.06948 1.0638 1.11075 1.08744 1.09604 1.08289 1.10781 1.06109 1.20632 1.2191 1.11074 1.10296 1.13875 1.12544 
1.66094 1.6166 1.60058 1.58373 1.56017 1.54601 1.52535 1.53146 1.52956 1.53247 1.50615 1.42939 1.44882 1.42831 1.42617 1.40518 1.35307 1.28428 1.33428 1.32824 1.30776 1.31181 1.28872 1.2811 1.26642 1.23969 1.22508 1.24693 1.1924 1.19098 1.1956 1.16939 1.15223 1.14751 1.12685 1.1036 1.10383 1.09893 1.08974 1.09651 1.06438 1.05915 1.05613 1.03516 1.02964 1.02694 1.0183 1.01353 1.00796 1.00254 0.997487 0.993905 0.988865 0.987774 0.981059 0.977396 0.976504 0.984045 0.97806 0.977716 0.97822 0.989548 0.979754 0.989393 0.980004 0.967659 0.981722 0.980948 0.993086 0.998626 0.962667 1.0157 0.988528 0.992044 0.982499 1.03437 1.01279 1.0476 1.00476 0.997075 1.04936 1.04212 1.05565 1.02315 1.04011 1.05778 1.06891 1.04581 1.0736 1.07155 1.08412 1.08045 1.06999 1.12171 1.12989 1.15444 1.0897 1.1561 1.16652 1.11853 
1.64322 1.64933 1.60984 1.64679 1.55868 1.59239 1.50545 1.55067 1.53607 1.50218 1.43967 1.42091 1.4465 1.44212 1.45516 1.37904 1.39008 1.34008 1.3498 1.34286 1.31055 1.30537 1.32834 1.27541 1.27763 1.24887 1.25145 1.23091 1.20616 1.20676 1.17126 1.1523 1.16903 1.14457 1.15547 1.13023 1.11826 1.10202 1.09275 1.08396 1.06225 1.07099 1.0566 1.03785 1.04287 1.0259 1.01805 1.01265 1.00765 1.00271 0.997651 0.994257 0.99072 0.982734 0.974408 0.983694 0.980155 0.984301 0.977238 0.976662 0.981139 0.976829 0.966896 0.962021 0.975362 0.968911 0.97553 0.982942 0.979773 0.966173 0.987248 1.03636 0.972923 1.02523 0.992888 1.00867 1.02143 1.00059 0.997503 1.06736 1.04065 1.04962 1.06979 1.04112 1.0877 1.06163 1.07018 1.02879 1.08147 1.12146 1.04097 1.12775 1.14875 1.1034 1.12629 1.12847 1.10619 1.14196 1.19237 1.28457 
1.63008 1.65285 1.6277 1.63698 1.5795 1.56036 1.54091 1.58855 1.50271 1.48441 1.48346 1.4584 1.46149 1.40428 1.44629 1.36534 1.39825 1.39833 1.34042 1.38627 1.30752 1.32739 1.28504 1.30622 1.27421 1.25752 1.23404 1.22134 1.20577 1.18014 1.15991 1.14376 1.17204 1.14278 1.12911 1.11368 1.10818 1.11725 1.08812 1.0785 1.06035 1.06039 1.05873 1.03802 1.03437 1.02695 1.01734 1.01617 1.00901 1.00198 0.997228 0.991892 0.989983 0.985875 0.983613 0.977946 0.978836 0.974116 0.965209 0.968818 0.969963 0.975613 0.980584 0.97497 0.957126 0.968967 0.958332 0.991266 0.990346 1.02086 1.00698 1.0054 1.00553 0.991819 1.0253 1.02923 1.05632 1.00281 1.02643 1.04143 1.01441 1.01087 1.02525 1.01381 1.09505 1.0164 1.02971 1.0812 1.14202 1.0608 1.11936 1.05619 1.10305 1.14193 1.10336 1.05041 1.08953 1.20021 1.09832 1.18524 
1.68257 1.67401 1.61582 1.56493 1.64789 1.5406 1.59872 1.58038 1.49963 1.55165 1.47503 1.43219 1.46701 1.40806 1.42271 1.39188 1.35049 1.40737 1.32899 1.30154 1.317 1.27251 1.28476 1.28274 1.28299 1.23375 1.20683 1.22552 1.19712 1.22162 1.19708 1.18941 1.13005 1.13471 1.13063 1.12946 1.09931 1.09114 1.07163 1.08552 1.06274 1.066 1.05494 1.04671 1.03077 1.03142 1.02049 1.01227 1.00869 1.00226 0.997675 0.993375 0.990346 0.987039 0.980546 0.980595 0.986807 0.980357 0.976136 0.970667 0.96025 0.973814 0.971549 0.962232 0.984163 0.979167 0.989069 0.999924 0.993349 1.00096 1.00105 0.994292 1.00633 1.00144 1.01013 0.982705 1.04905 1.01392 1.00373 1.0416 1.01949 1.03756 1.08293 1.09185 1.08219 1.04043 1.12909 1.08477 1.15093 1.10555 1.10784 1.16295 1.10897 1.13178 1.13692 1.1452 1.17293 1.20599 1.1723 1.17985 
1.59447 1.62876 1.65487 1.60372 1.59647 1.58066 1.58136 1.49398 1.48831 1.50601 1.46965 1.44408 1.45671 1.36248 1.42099 1.38232 1.3896 1.36172 1.39479 1.32791 1.30675 1.2952 1.27674 1.27013 1.28295 1.23891 1.2145 1.21341 1.22806 1.20383 1.18912 1.19247 1.15936 1.14367 1.12316 1.12522 1.11667 1.09485 1.09649 1.07194 1.08068 1.05352 1.04954 1.04227 1.02926 1.03169 1.01836 1.01362 1.00767 1.00238 0.99739 0.992908 0.990126 0.985751 0.98384 0.980276 0.98358 0.978473 0.976583 0.98196 0.976394 0.977638 0.966837 0.980906 0.977513 0.950349 0.971841 0.959383 0.969944 0.985701 0.988996 1.02203 0.987547 1.01409 1.03182 0.997935 1.02061 1.08125 1.03905 1.01477 0.994902 1.03536 1.02772 1.02398 1.05772 1.05915 1.11241 1.0832 1.1226 1.07761 1.15285 1.12305 1.06177 1.07496 1.10319 1.11953 1.10508 1.12912 1.15834 1.17138 
1.6765 1.66328 1.65377 1.59211 1.6028 1.61857 1.57693 1.5161 1.56651 1.55845 1.46356 1.40189 1.51062 1.41878 1.41897 1.42535 1.42856 1.34713 1.3973 1.35158 1.32263 1.32717 1.30623 1.27931 1.25602 1.24829 1.20841 1.18957 1.17713 1.2036 1.1909 1.14578 1.15455 1.1327 1.13584 1.13787 1.09975 1.0927 1.08447 1.07243 1.0664 1.06134 1.05601 1.03699 1.04004 1.02847 1.01888 1.01442 1.00832 1.00319 0.99818 0.991604 0.988574 0.988604 0.984942 0.972971 0.98329 0.976288 0.968936 0.9769 0.965739 0.976796 0.982024 0.981721 0.968827 0.965226 0.979737 1.01293 0.975153 1.00088 0.974994 1.03482 0.989414 0.992081 1.00564 0.997701 1.02855 1.00505 1.01315 1.0102 1.04498 1.02267 1.07848 1.0828 1.09553 1.09831 1.04234 1.09308 1.03038 1.07512 1.12549 1.14166 1.07339 1.11922 1.16615 1.10709 1.15072 1.18547 1.17507 1.06753 
1.667 1.61677 1.60833 1.5623 1.51895 1.58176 1.52083 1.53068 1.50224 1.4875 1.43665 1.49382 1.40788 1.44714 1.36663 1.37059 1.3309 1.35979 1.36099 1.35208 1.30585 1.30991 1.27336 1.28683 1.23549 1.25578 1.23748 1.18473 1.23277 1.16412 1.17144 1.15047 1.15009 1.13401 1.14972 1.12166 1.0924 1.10172 1.08359 1.08091 1.06916 1.06682 1.04498 1.04114 1.03848 1.02565 1.02023 1.01199 1.00745 1.00238 0.997623 0.993469 0.991536 0.986967 0.980682 0.981273 0.985938 0.985638 0.965151 0.978685 0.976781 0.974581 0.96767 0.973107 0.968333 0.975524 0.972721 0.970481 0.999655 0.986625 0.985364 1.00027 0.986413 1.02278 1.00294 1.02081 0.998846 1.03261 1.05355 1.03592 1.01894 1.02961 1.04979 1.03658 1.0814 1.10113 1.06526 1.11021 1.10559 1.0959 1.14096 1.09104 1.074 1.14943 1.13185 1.08466 1.17392 1.1398 1.16353 1.18423 
1.66283 1.61379 1.63685 1.58309 1.66684 1.55442 1.48378 1.53248 1.50073 1.4911 1.48418 1.4403 1.42903 1.42326 1.393 1.37173 1.38248 1.34345 1.35361 1.32938 1.30573 1.29706 1.29737 1.24477 1.24588 1.23917 1.23995 1.19402 1.20902 1.20993 1.17876 1.15263 1.14167 1.14946 1.09624 1.10734 1.0945 1.10008 1.0801 1.08064 1.06533 1.06664 1.0515 1.03853 1.03407 1.02963 1.01857 1.01421 1.00908 1.00274 0.997606 0.991159 0.991173 0.989164 0.981126 0.976832 0.978457 0.977933 0.975874 0.98431 0.981913 0.982248 0.97035 0.976498 0.975931 0.98024 0.977457 0.981848 0.989935 0.97356 0.961622 0.980203 1.01149 0.983894 0.994146 1.00436 1.02151 1.0246 1.02705 1.04337 1.04415 1.00845 1.04488 1.05678 1.05801 1.04735 1.05359 1.05455 1.04259 1.05828 1.1028 1.18399 1.06127 1.11601 1.13901 1.10085 1.05472 1.19638 1.14682 1.2115 
1.62345 1.61661 1.6261 1.5686 1.55325 1.55909 1.57359 1.57479 1.51273 1.55949 1.46877 1.45488 1.4623 1.45225 1.37336 1.42503 1.37824 1.36183 1.3445 1.34477 1.30908 1.329 1.31106 1.27634 1.25921 1.24238 1.2399 1.23654 1.19475 1.19101 1.19543 1.18324 1.17374 1.14208 1.14602 1.11424 1.11387 1.09913 1.08432 1.07974 1.06421 1.06463 1.05342 1.04685 1.03387 1.02913 1.02158 1.01804 1.00716 1.00327 0.997558 0.993956 0.99145 0.983502 0.980095 0.979504 0.982993 0.970525 0.968968 0.973771 0.970676 0.962819 0.981692 0.963721 0.975853 0.988447 0.987105 0.985293 0.971448 0.975908 1.00193 0.999599 0.985275 1.00496 1.03323 1.01111 1.01876 1.02522 1.0461 1.02965 1.02672 1.03073 1.04237 1.04373 1.07809 1.0283 1.05092 1.07927 1.02183 1.08692 1.05751 1.11747 1.12444 1.13962 1.08847 1.11361 1.16236 1.12407 1.16826 1.10735 
1.6651 1.57064 1.61522 1.6096 1.59087 1.55368 1.52918 1.57664 1.48771 1.46912 1.48336 1.4068 1.41161 1.42157 1.39919 1.407 1.41228 1.34989 1.36961 1.33146 1.34815 1.30101 1.32579 1.28556 1.22337 1.23584 1.22475 1.20959 1.16571 1.20828 1.19621 1.17104 1.15255 1.13853 1.1342 1.11419 1.10027 1.09056 1.09522 1.07241 1.06475 1.0653 1.04971 1.03682 1.03248 1.02795 1.0181 1.01351 1.00921 1.00228 0.998019 0.992645 0.989987 0.983035 0.983768 0.981214 0.979154 0.981154 0.968327 0.970473 0.984741 0.969227 0.971948 0.978729 0.965809 0.975508 0.96822 1.00143 0.960408 0.987625 0.963845 0.99815 1.01282 0.981301 1.00498 0.969842 1.05639 1.03209 1.02289 0.98452 1.01792 1.03589 1.0761 1.06315 1.07214 1.03359 1.07215 1.07524 1.07341 1.08288 1.10434 1.07178 1.12707 1.10878 1.07278 1.13729 1.12952 1.0614 1.17212 1.16544 
1.64913 1.63311 1.66072 1.63639 1.56825 1.62029 1.55213 1.53612 1.51635 1.54073 1.46709 1.50327 1.45795 1.44132 1.43383 1.39677 1.37497 1.35372 1.30647 1.3428 1.31 1.28422 1.25829 1.28915 1.25787 1.22946 1.24198 1.21172 1.22722 1.20718 1.17207 1.14266 1.16913 1.14166 1.12978 1.13106 1.1184 1.0773 1.08117 1.07819 1.07936 1.05435 1.04532 1.04498 1.02912 1.02242 1.02316 1.01304 1.00732 1.00306 0.997895 0.992496 0.990974 0.98694 0.98599 0.979935 0.97675 0.977362 0.972611 0.974304 0.978234 0.963894 0.972298 0.98229 0.983033 1.00272 0.978748 0.991144 0.995757 1.00493 0.975836 1.03544 0.997045 0.963677 0.999565 1.00134 1.00932 1.02241 1.03012 0.987279 1.05394 1.01825 1.00245 1.02961 0.993503 1.07745 1.03872 1.04424 1.02199 1.09799 1.07958 1.12124 1.12077 1.11066 1.10479 1.13449 1.11932 1.09147 1.14638 1.24284 
1.73043 1.59025 1.60584 1.54432 1.61336 1.56225 1.54332 1.50144 1.50601 1.44734 1.47179 1.45965 1.46803 1.45764 1.35841 1.43387 1.36661 1.32927 1.35934 1.32119 1.28489 1.32573 1.30814 1.28364 1.2635 1.27715 1.20717 1.21545 1.20791 1.18791 1.20128 1.17975 1.14791 1.15205 1.13611 1.11173 1.11197 1.10051 1.08703 1.07248 1.05964 1.05563 1.05928 1.04445 1.03995 1.02683 1.01949 1.0125 1.00689 1.00263 0.997355 0.993325 0.991814 0.986141 0.983529 0.982629 0.981 0.981012 0.984471 0.977044 0.962648 0.971872 0.969304 0.960679 0.987858 0.987246 0.984523 0.978118 0.988456 0.991037 1.00177 0.998536 0.97552 0.971822 0.98663 1.01295 1.02674 1.01948 1.02214 1.02961 1.02785 1.02108 1.00582 1.01599 1.03456 1.02524 1.04451 1.00856 1.1386 1.12313 1.10698 1.105 1.15881 1.09579 1.17619 1.17189 1.12123 1.1303 1.1062 1.10946 
1.57399 1.65136 1.56103 1.62771 1.56275 1.60924 1.59373 1.52555 1.4845 1.50944 1.52831 1.45539 1.43688 1.4131 1.36014 1.42549 1.39975 1.36526 1.31557 1.30369 1.32304 1.30451 1.27116 1.24978 1.2719 1.2371 1.2366 1.20713 1.20346 1.18251 1.19986 1.1626 1.17568 1.16432 1.12943 1.11571 1.10733 1.1052 1.09554 1.06899 1.0714 1.06742 1.05499 1.04345 1.03349 1.02939 1.02409 1.01526 1.00736 1.0027 0.997062 0.992763 0.985697 0.983467 0.982143 0.980001 0.972835 0.973659 0.983751 0.966343 0.967881 0.96436 0.975286 0.971421 0.972465 0.989784 0.968972 0.985865 1.00441 1.00348 1.01307 0.98203 0.978989 0.988774 1.03927 1.01783 1.01255 0.996167 1.0003 1.00594 1.00753 1.019 1.05888 1.03876 1.06052 1.06724 1.08379 1.0832 1.09163 1.0322 1.11371 1.10204 1.14589 1.08181 1.14144 1.21522 1.15845 1.10441 1.16763 1.08508 
1.62788 1.60493 1.63101 1.65174 1.56812 1.5424 1.59407 1.52823 1.53044 1.53419 1.4946 1.43264 1.44026 1.44964 1.42161 1.37015 1.39664 1.39409 1.36216 1.33255 1.33133 1.28078 1.29386 1.29523 1.24739 1.22135 1.24172 1.22015 1.20816 1.21603 1.18398 1.16131 1.16064 1.12085 1.14782 1.12091 1.1026 1.08158 1.08613 1.07797 1.06449 1.05866 1.05384 1.04573 1.03051 1.02885 1.01891 1.01293 1.00792 1.00213 0.99769 0.993643 0.989551 0.98547 0.983203 0.977363 0.976349 0.979727 0.97065 0.971296 0.96747 0.97323 0.974401 0.975561 0.984186 0.971626 0.976564 0.995659 0.982958 0.991265 0.964422 1.02004 1.00512 1.01729 1.01372 1.01 0.987771 1.00937 1.03168 0.993592 1.01623 1.04485 1.07729 1.08675 1.03529 1.06232 1.10893 1.03448 1.09023 1.0823 1.05177 1.11863 1.03974 1.04575 1.17294 1.14116 1.13532 1.11432 1.13805 1.15861 
1.6352 1.60806 1.6168 1.57653 1.5611 1.6001 1.51935 1.57215 1.50229 1.48044 1.47458 1.47276 1.43588 1.37464 1.41393 1.40259 1.33978 1.38741 1.3279 1.33256 1.34065 1.30747 1.30255 1.2945 1.26809 1.25319 1.23157 1.21351 1.19731 1.206 1.17425 1.17429 1.16954 1.13482 1.13536 1.12725 1.09828 1.10955 1.09598 1.06584 1.06002 1.06661 1.05037 1.04772 1.04553 1.02872 1.02221 1.01303 1.00785 1.00268 0.997566 0.993526 0.991137 0.983692 0.983129 0.98481 0.974073 0.968698 0.962677 0.982512 0.966457 0.981552 0.979306 0.990981 0.967533 0.954534 0.994625 0.995893 0.98795 0.972874 0.980647 0.981825 0.981565 0.996853 1.00977 1.03281 1.03938 1.0267 1.00455 1.00581 1.03241 1.0263 1.06076 1.07676 1.08176 1.02475 1.05931 1.05507 1.07568 1.12675 1.13845 1.07658 1.09577 1.124 1.11376 1.10904 1.11374 1.16649 1.13981 1.17408 
1.6516 1.61727 1.59132 1.61967 1.57922 1.59383 1.48857 1.53475 1.49055 1.49628 1.4913 1.44387 1.47882 1.40736 1.41352 1.38526 1.35811 1.34099 1.38519 1.33947 1.34551 1.29957 1.26719 1.29217 1.28398 1.25036 1.22383 1.20125 1.21694 1.15212 1.1882 1.16017 1.1609 1.13412 1.14166 1.12826 1.12253 1.08761 1.07775 1.07485 1.07143 1.06621 1.04658 1.046 1.02794 1.02523 1.01643 1.01457 1.00815 1.0024 0.997515 0.992425 0.98703 0.980569 0.981409 0.97949 0.981655 0.983792 0.979321 0.970593 0.97411 0.973793 0.964701 0.967764 0.977489 0.984376 0.980373 0.984238 0.980894 0.996576 1.02944 0.967927 0.985959 0.999819 0.980312 0.995178 1.0242 1.01556 1.03863 1.05785 1.06909 1.04655 1.05017 1.07091 1.0417 1.03353 1.07343 1.08471 1.08711 1.04239 1.07252 1.10797 1.14091 1.16319 1.138 1.11421 1.12376 1.13585 1.1551 1.16886 
1.62691 1.67433 1.64123 1.61938 1.58042 1.55159 1.55943 1.53545 1.47614 1.43591 1.43841 1.45649 1.46602 1.42563 1.39686 1.38056 1.37944 1.35334 1.36121 1.34039 1.33387 1.32464 1.27246 1.26221 1.27441 1.23873 1.22704 1.23067 1.22001 1.19058 1.18442 1.19189 1.14075 1.14952 1.12394 1.11401 1.09877 1.08836 1.0895 1.07802 1.06491 1.06072 1.05333 1.04281 1.03389 1.02707 1.02131 1.0126 1.0073 1.00265 0.997439 0.993781 0.989355 0.985292 0.977321 0.98096 0.976039 0.966329 0.966553 0.986085 0.975734 0.965994 0.975427 0.97839 0.979095 0.964712 0.975114 0.97669 0.982654 0.991344 1.01717 0.972252 0.993707 0.986633 0.985348 0.972002 0.999543 1.0284 1.05556 1.04906 1.03474 1.04936 0.99767 1.01646 1.04182 1.06531 1.0726 1.07731 1.06981 1.06465 1.09757 1.09094 1.16356 1.1137 1.10231 1.09656 1.14595 1.15734 1.11184 1.18042 
1.66648 1.68825 1.63962 1.63718 1.58566 1.5177 1.52565 1.50283 1.49881 1.44111 1.47044 1.45016 1.47167 1.40129 1.43484 1.40421 1.38597 1.38917 1.38089 1.3369 1.34541 1.31108 1.25573 1.29209 1.25915 1.23382 1.22714 1.22479 1.18012 1.20603 1.18266 1.15225 1.14482 1.14639 1.12938 1.11566 1.10273 1.09206 1.09339 1.09379 1.06486 1.0539 1.04754 1.0448 1.03302 1.03264 1.02037 1.01552 1.00897 1.00222 0.997771 0.993314 0.988972 0.988409 0.984536 0.988437 0.970184 0.98041 0.984324 0.969729 0.96653 0.97227 0.972033 0.978515 0.983437 0.986456 0.974003 0.979957 1.00108 0.967094 0.955667 0.99267 0.985616 0.984729 0.987153 1.00958 0.980488 1.03216 1.03068 1.05746 1.04191 1.08317 1.01157 1.00496 1.07632 1.07441 1.05624 1.10254 1.09641 1.08369 1.10552 1.17205 1.09673 1.10717 1.15205 1.08373 1.06199 1.08378 1.16149 1.13367 
1.66298 1.63214 1.65424 1.64439 1.56076 1.58644 1.52044 1.5242 1.50004 1.45099 1.49658 1.47 1.43791 1.39165 1.41446 1.41475 1.34952 1.34606 1.39584 1.31113 1.31732 1.3121 1.252 1.2721 1.25119 1.24853 1.22188 1.22872 1.24711 1.20365 1.16669 1.14883 1.1439 1.16966 1.14069 1.10813 1.10721 1.10759 1.09726 1.07523 1.06752 1.06678 1.05664 1.04092 1.0351 1.02481 1.02294 1.01385 1.00784 1.00245 0.997534 0.992925 0.990289 0.985637 0.983804 0.974083 0.984486 0.974466 0.974487 0.983036 0.981653 0.959962 0.957738 0.988968 0.960415 0.98433 0.974445 0.977272 0.951989 0.995174 0.994631 0.989015 0.982731 0.988817 0.993751 1.00826 1.0262 1.01619 0.980914 1.01476 1.01481 1.0333 1.08956 1.06437 1.05927 1.06397 1.02704 1.02823 1.00551 1.05854 1.09183 1.04084 1.10964 1.07971 1.13458 1.12965 1.07873 1.14056 1.25024 1.16228 
1.63788 1.57953 1.64869 1.58907 1.59098 1.54693 1.52052 1.47133 1.51641 1.48406 1.48529 1.51745 1.45736 1.42336 1.45844 1.4283 1.41162 1.36378 1.37514 1.34886 1.29843 1.29813 1.29763 1.28128 1.23791 1.23649 1.22974 1.20463 1.19096 1.17714 1.18285 1.17555 1.16946 1.15826 1.13527 1.12269 1.09262 1.10742 1.08991 1.08846 1.06693 1.05886 1.05224 1.03724 1.03262 1.02779 1.01883 1.01162 1.00856 1.00298 0.997734 0.992822 0.991899 0.992442 0.983674 0.973365 0.974664 0.980379 0.970241 0.970265 0.961537 0.971424 0.965701 0.965891 0.967925 0.974438 0.956663 0.977654 0.981936 0.97009 0.988229 0.981395 0.991809 1.01418 1.0367 0.997748 1.01658 1.03581 1.00431 1.05768 1.01558 1.03808 1.04763 1.07805 1.07284 1.093 1.09793 1.05157 1.04377 1.02345 1.08146 1.04753 1.15126 1.11003 1.05849 1.08635 1.14021 1.09434 1.08869 1.14238 
1.63181 1.63832 1.61998 1.56991 1.58702 1.58611 1.541 1.50371 1.51384 1.488 1.4564 1.46112 1.41789 1.44908 1.43319 1.37825 1.37034 1.33557 1.36498 1.31882 1.34663 1.3067 1.29479 1.27506 1.27252 1.25014 1.22002 1.21654 1.20802 1.19875 1.17297 1.16571 1.15062 1.12651 1.13165 1.11597 1.11613 1.10022 1.08626 1.07401 1.07565 1.07155 1.0455 1.04727 1.03186 1.02965 1.02121 1.01235 1.00758 1.00217 0.998044 0.993041 0.98742 0.979724 0.981367 0.979258 0.981682 0.981095 0.972487 0.978974 0.966099 0.975798 0.970397 0.96875 0.972577 0.986674 0.961273 0.971734 0.996492 0.953473 0.97491 0.992952 0.98542 0.990266 0.989258 1.03994 0.998966 1.04245 1.00811 1.02911 1.02425 1.06589 1.04362 1.00287 1.07773 1.09311 1.05815 1.09267 1.1162 1.09867 1.0892 1.10865 1.13671 1.07718 1.12213 1.15402 1.20194 1.10077 1.24122 1.21332 
1.62857 1.67592 1.62763 1.54912 1.59801 1.54957 1.52003 1.54296 1.49246 1.50489 1.4146 1.45382 1.45014 1.45923 1.41672 1.34281 1.39584 1.36997 1.36309 1.30682 1.31287 1.2808 1.26806 1.2706 1.2593 1.26698 1.22014 1.20571 1.22473 1.19018 1.17492 1.17863 1.15678 1.14234 1.15217 1.12686 1.1066 1.11041 1.09443 1.07892 1.07363 1.06046 1.05226 1.03279 1.03459 1.02948 1.02221 1.01376 1.00796 1.00241 0.998051 0.994215 0.988281 0.988853 0.985584 0.978359 0.982661 0.97565 0.967324 0.974873 0.974498 0.968567 0.980975 0.967678 0.970249 0.972891 0.965049 0.998634 0.999034 0.975921 0.983362 1.01671 1.00194 0.964953 0.991818 1.00826 0.98776 1.04056 1.00993 1.00317 1.04213 1.05729 1.04868 1.0397 1.04327 1.04401 1.11287 1.03502 1.07427 1.06915 1.01054 1.08379 1.10933 1.12155 1.2032 1.14178 1.09008 1.17562 1.10706 1.20677 
1.64157 1.60427 1.65051 1.60037 1.58095 1.55491 1.59685 1.56545 1.51408 1.51001 1.43992 1.44561 1.38546 1.42723 1.42813 1.38142 1.3585 1.32424 1.35543 1.32703 1.32181 1.28375 1.29884 1.26111 1.25899 1.23762 1.22047 1.2125 1.20704 1.191 1.17753 1.15024 1.15935 1.13663 1.11808 1.0989 1.10165 1.09134 1.0846 1.06908 1.06828 1.05882 1.05989 1.04362 1.0354 1.02623 1.015 1.01287 1.00717 1.0025 0.998018 0.993891 0.988788 0.986685 0.982154 0.982554 0.980253 0.969393 0.976476 0.985671 0.973027 0.979021 0.969942 0.987766 0.96489 0.982557 0.983297 0.96803 0.993494 1.00254 1.00199 1.00481 0.995263 0.999805 0.977833 1.01643 0.997582 1.02688 1.03456 1.02582 1.01019 1.0227 1.02196 1.04895 1.03784 1.05845 1.07573 1.08209 1.13024 1.06206 1.07221 1.09882 1.09323 1.12876 1.12366 1.09187 1.09645 1.1246 1.20861 1.12123 
1.67362 1.59952 1.63415 1.61096 1.61559 1.59766 1.52128 1.54162 1.54016 1.49841 1.48236 1.52505 1.4517 1.40343 1.43158 1.3627 1.36793 1.37483 1.33315 1.38012 1.33095 1.32824 1.29636 1.2875 1.26104 1.22154 1.24098 1.2101 1.16443 1.18314 1.15583 1.15294 1.16222 1.13151 1.14839 1.11919 1.10097 1.10604 1.09011 1.08002 1.07398 1.0598 1.04758 1.03685 1.03358 1.0297 1.02026 1.01238 1.00869 1.00272 0.997636 0.992182 0.992445 0.985494 0.984612 0.98153 0.973884 0.972117 0.971998 0.969765 0.964258 0.973515 0.961997 0.978952 0.967417 0.975854 0.970066 0.978584 0.957101 0.990153 0.994002 0.992953 1.01524 1.02676 1.0393 1.03016 1.02259 0.968447 1.00991 1.03998 1.06399 1.0912 1.06383 1.04685 1.01546 1.11522 1.09343 1.07303 1.10385 1.07383 1.09732 1.05845 1.16575 1.09995 1.1053 1.08957 1.13636 1.1531 1.14542 1.13957 
1.64049 1.6201 1.59092 1.62112 1.53781 1.5613 1.52395 1.50763 1.44447 1.52972 1.51578 1.47376 1.47516 1.42112 1.39647 1.43268 1.39068 1.36362 1.34651 1.36235 1.34015 1.24608 1.27023 1.27174 1.2549 1.22984 1.24067 1.21596 1.20589 1.18229 1.17632 1.17035 1.14638 1.15216 1.1308 1.12447 1.11203 1.09846 1.08345 1.08576 1.07082 1.05354 1.0536 1.04089 1.03749 1.02696 1.02318 1.01008 1.00788 1.00269 0.997813 0.994234 0.987244 0.986316 0.987393 0.985164 0.973558 0.976199 0.973398 0.971835 0.967369 0.972763 0.971858 0.961999 0.98593 0.979059 0.993829 0.976831 0.965414 1.00849 0.952849 1.01329 0.986436 1.00294 0.993581 0.988487 1.02218 1.01018 1.0506 1.00256 1.00631 1.02432 1.05703 0.986305 1.05515 1.07804 1.01365 1.06438 1.08856 1.17217 1.11532 1.088 1.08418 1.0756 1.06101 1.10379 1.13283 1.12767 1.13815 1.10481 
1.59943 1.61071 1.632 1.59807 1.62379 1.53646 1.55672 1.48512 1.50692 1.48571 1.46255 1.50265 1.42623 1.40285 1.40311 1.39018 1.3849 1.40883 1.36289 1.33829 1.30649 1.33955 1.29907 1.26171 1.28734 1.24477 1.23716 1.2186 1.18907 1.19177 1.18747 1.19885 1.15122 1.13806 1.13372 1.13897 1.11224 1.1051 1.08826 1.07835 1.06713 1.06047 1.04602 1.04871 1.03746 1.023 1.02148 1.0156 1.00874 1.0029 0.9977 0.993009 0.987172 0.98757 0.982493 0.977489 0.969758 0.969406 0.981709 0.982947 0.969666 0.985807 0.98402 0.991077 0.959771 0.958714 0.96259 0.979298 0.976877 1.00352 0.991026 0.983915 0.976139 0.975086 1.00793 0.98071 1.02351 0.995048 0.99815 1.02452 1.02371 1.04609 0.99935 1.01162 1.057 1.05704 1.09164 1.05004 1.10138 1.10427 1.0541 1.07602 1.06998 1.12332 1.1659 1.13765 1.16541 1.17046 1.12283 1.17058 
1.63621 1.70953 1.61803 1.54502 1.7118 1.57403 1.54404 1.53227 1.50353 1.47365 1.4286 1.46881 1.46908 1.41424 1.42357 1.39864 1.36208 1.41268 1.38125 1.35935 1.29487 1.28918 1.28999 1.26329 1.28212 1.27932 1.23389 1.18797 1.18959 1.18921 1.14958 1.16076 1.15168 1.13787 1.13086 1.10545 1.12248 1.09842 1.09877 1.07805 1.06747 1.0574 1.05418 1.04365 1.02868 1.02659 1.01995 1.01643 1.00773 1.00287 0.998274 0.991919 0.988315 0.986696 0.980103 0.987193 0.983591 0.975948 0.975784 0.972877 0.974552 0.983777 0.975496 0.975293 0.963278 0.979502 1.0076 0.991909 0.983846 0.976377 0.972513 0.983959 1.00006 1.00051 0.969549 0.997851 0.976781 1.02594 1.04416 1.02431 0.998699 1.05545 1.06477 1.02818 1.01139 1.0464 1.02964 1.04231 1.05638 1.02864 1.15215 1.10224 1.01137 1.12202 1.14499 1.12859 1.09412 1.10167 1.13571 1.21493 
1.58792 1.61471 1.62276 1.64548 1.50623 1.51628 1.56625 1.49814 1.55118 1.45968 1.50308 1.50397 1.43003 1.40943 1.40284 1.41452 1.37571 1.36404 1.37028 1.30788 1.30039 1.36756 1.31048 1.27941 1.23708 1.24005 1.24147 1.23196 1.196 1.22304 1.1608 1.17126 1.1491 1.15638 1.13081 1.12683 1.11174 1.08629 1.09922 1.08405 1.06014 1.06986 1.04457 1.03626 1.03766 1.03089 1.02143 1.01621 1.0099 1.00269 0.997676 0.994024 0.989921 0.983063 0.978046 0.982341 0.976634 0.988237 0.970722 0.960774 0.972807 0.976987 0.967913 0.982368 0.97983 0.992673 0.974215 0.985246 1.0018 0.970227 0.995784 0.975969 0.971188 0.999877 0.972009 0.979341 1.03032 1.0083 1.03026 0.977225 1.02711 1.05355 1.06015 1.04446 1.05141 1.09311 1.04915 1.04423 1.09406 1.08374 1.04995 1.06202 1.08517 1.09578 1.11003 1.0548 1.11956 1.17107 1.17433 1.15389 
1.57943 1.60078 1.63244 1.62301 1.62625 1.5399 1.49444 1.54031 1.48903 1.4975 1.50239 1.42132 1.4581 1.39586 1.36086 1.41707 1.39697 1.36677 1.33164 1.33181 1.30629 1.3009 1.28463 1.26667 1.25283 1.224 1.21702 1.22897 1.19866 1.18577 1.18259 1.16076 1.17472 1.13313 1.12871 1.11367 1.11328 1.10246 1.09214 1.07546 1.06468 1.06365 1.04433 1.04587 1.03853 1.02784 1.02059 1.01313 1.00959 1.00222 0.997186 0.993938 0.989046 0.982742 0.977691 0.97776 0.978246 0.979299 0.974286 0.962348 0.97665 0.959078 0.955219 0.956687 0.977241 0.984984 0.992394 0.983691 0.990953 0.989957 0.967822 0.989677 0.990659 1.02101 1.01739 0.986362 0.962606 0.985051 0.999421 0.999714 1.01759 1.05035 1.0407 1.06989 1.04446 1.05562 1.07815 1.00587 1.06436 1.05175 1.0747 1.10483 1.10004 1.13436 1.07827 1.11176 1.12924 1.20316 1.14436 1.16158 
1.62631 1.55458 1.59866 1.51678 1.58726 1.57595 1.51255 1.50875 1.52253 1.44795 1.47373 1.45365 1.41507 1.41431 1.42844 1.34098 1.42718 1.31156 1.37223 1.31113 1.31465 1.30771 1.28075 1.27773 1.2672 1.26897 1.23491 1.20623 1.22007 1.19412 1.1594 1.18286 1.15347 1.13858 1.12902 1.12209 1.11514 1.08873 1.08347 1.06839 1.06796 1.05344 1.04367 1.04654 1.02904 1.03337 1.02241 1.01627 1.00748 1.00268 0.997302 0.993401 0.989422 0.984737 0.984267 0.97625 0.97861 0.978582 0.958334 0.978676 0.968887 0.989486 0.960657 0.971598 0.9889 0.980376 0.984074 0.965764 0.987345 0.974777 0.996652 0.976554 0.979136 1.00355 1.01454 1.0061 1.00981 1.01434 1.01283 1.06592 1.02817 1.00657 1.03462 1.07726 1.03978 1.07137 1.01989 1.05861 1.091 1.06812 1.09071 1.05223 1.12838 1.10464 1.08439 1.11124 1.09315 1.13478 1.13533 1.14312 
1.58804 1.59736 1.59249 1.60417 1.57768 1.56205 1.54838 1.54574 1.48608 1.46014 1.48429 1.42814 1.44323 1.41174 1.39685 1.33769 1.36952 1.34712 1.39054 1.30253 1.27379 1.31574 1.32599 1.30673 1.28611 1.21849 1.21782 1.22076 1.20517 1.17558 1.17222 1.17493 1.16921 1.13332 1.13319 1.10238 1.09575 1.09468 1.09087 1.08064 1.06461 1.0513 1.04253 1.0352 1.03031 1.02719 1.02309 1.01043 1.01065 1.00289 0.997333 0.991864 0.990603 0.982194 0.984284 0.984957 0.973397 0.970313 0.970137 0.969983 0.965832 0.982597 0.971608 0.972306 0.999546 0.96958 0.973383 0.996961 0.969104 0.995889 1.00216 1.0011 0.995636 0.988642 1.02807 1.02649 1.01976 0.984389 1.02989 1.03778 1.07995 1.0408 1.03551 0.984633 1.02991 1.06254 1.05544 1.08135 1.09373 1.06524 1.01145 1.1297 1.11883 1.1408 1.13659 1.12205 1.1208 1.09873 1.11799 1.16778 
1.6116 1.643 1.59224 1.64629 1.61901 1.55572 1.52955 1.47836 1.53349 1.4836 1.48426 1.42145 1.47011 1.43699 1.44758 1.39749 1.38175 1.36112 1.36589 1.32786 1.33227 1.29328 1.29376 1.23827 1.23359 1.27284 1.22762 1.20388 1.25911 1.18524 1.21701 1.17791 1.16462 1.15528 1.10696 1.12257 1.08847 1.12034 1.0881 1.06548 1.06844 1.05232 1.0497 1.04202 1.03659 1.03037 1.02068 1.01303 1.00897 1.00292 0.997053 0.994365 0.98847 0.984883 0.984601 0.987665 0.975919 0.978571 0.969307 0.975695 0.981629 0.973971 0.960271 0.982588 0.970445 0.993731 0.97686 0.961235 0.986163 1.0112 0.965936 0.969542 1.00371 0.981191 1.0152 1.0279 1.04235 1.03399 1.02903 1.05405 1.01107 1.04091 1.01642 1.09069 1.0291 1.10119 1.06325 1.06628 1.08272 1.08577 1.10377 1.12031 1.12813 1.11557 1.18196 1.15582 1.09545 1.12264 1.13881 1.13823 
1.62037 1.63347 1.56897 1.6552 1.58612 1.58369 1.56566 1.52201 1.49959 1.47199 1.51963 1.48393 1.45307 1.40737 1.44534 1.3487 1.34949 1.36756 1.31737 1.36058 1.3247 1.2764 1.28945 1.25231 1.25488 1.23652 1.22492 1.22666 1.20709 1.18966 1.18614 1.16697 1.14427 1.1471 1.11709 1.10575 1.10462 1.10467 1.08573 1.08165 1.05545 1.05667 1.04378 1.04193 1.03318 1.02568 1.01659 1.0161 1.00668 1.00309 0.997605 0.991971 0.989284 0.985871 0.987021 0.982153 0.981041 0.972833 0.981854 0.965124 0.966689 0.984337 0.977673 0.958878 0.984556 0.988447 0.994176 0.965305 0.988879 0.991916 0.960709 0.995845 0.978115 1.01077 0.997518 1.00151 1.01502 1.05809 1.00864 1.05266 1.01924 1.07348 1.07276 1.03068 1.04359 1.0407 1.03835 1.05495 1.09388 1.04421 1.09202 1.11295 1.11236 1.11268 1.10269 1.11714 1.1204 1.14398 1.22051 1.1186 
1.59014 1.64775 1.59796 1.59107 1.58615 1.53764 1.52515 1.47925 1.50454 1.45059 1.46445 1.51927 1.4074 1.43717 1.40484 1.42697 1.39232 1.32434 1.34354 1.34603 1.32374 1.28661 1.27382 1.2633 1.25375 1.2211 1.1996 1.20364 1.20322 1.2233 1.17636 1.15619 1.15105 1.12607 1.13099 1.11387 1.09798 1.11025 1.08675 1.08627 1.06344 1.0545 1.05393 1.033 1.03118 1.02926 1.02093 1.01161 1.00871 1.00256 0.996984 0.995446 0.988126 0.986026 0.982974 0.981082 0.982771 0.967643 0.965978 0.984433 0.969221 0.969761 0.992312 0.980098 0.981316 0.977491 0.970219 0.986333 1.00387 0.9736 0.967978 0.988839 1.02469 1.00173 1.01166 1.04033 1.01931 1.01604 1.02687 1.03094 1.0279 1.07812 1.01602 1.03065 1.04497 1.0567 1.12272 1.08941 1.07685 1.08775 1.02985 1.0665 1.14003 1.12198 1.06214 1.08453 1.14059 1.13684 1.14939 1.20963 
1.63669 1.62738 1.62556 1.5638 1.50158 1.55266 1.52666 1.54236 1.4774 1.53027 1.45154 1.48768 1.47551 1.42049 1.38475 1.40089 1.38457 1.35394 1.37047 1.31935 1.30278 1.30189 1.29643 1.27607 1.30422 1.2371 1.23558 1.20651 1.19778 1.19954 1.17362 1.16433 1.14202 1.15232 1.11524 1.1254 1.11253 1.1016 1.08614 1.08172 1.06153 1.06068 1.0466 1.03683 1.03574 1.02548 1.02049 1.01303 1.00807 1.00217 0.997117 0.992633 0.990177 0.981618 0.983106 0.979469 0.984389 0.98281 0.970521 0.970351 0.965854 0.970119 0.97084 0.974295 0.973867 0.978582 0.984965 0.968822 0.972858 0.989 0.993394 0.975863 0.986564 1.01837 1.01651 0.995795 1.02264 0.998114 1.02614 1.01045 1.01777 1.03444 1.0881 1.06018 1.05464 1.02036 1.09401 1.02358 1.10634 1.07865 1.03759 1.04661 1.07566 1.10657 1.10524 1.09302 1.04529 1.09844 1.14215 1.18953 
1.66595 1.66712 1.55594 1.62094 1.54246 1.53841 1.58699 1.47277 1.53663 1.45694 1.46486 1.43821 1.4121 1.41909 1.39593 1.40553 1.37504 1.32781 1.32183 1.35907 1.30005 1.29879 1.32555 1.27185 1.23556 1.235 1.19312 1.22199 1.20586 1.19252 1.19973 1.14101 1.14551 1.14692 1.11101 1.11187 1.12489 1.09778 1.08063 1.06708 1.05751 1.05716 1.05091 1.03808 1.03605 1.03047 1.02118 1.01589 1.00795 1.00263 0.998051 0.991057 0.988059 0.979114 0.977705 0.982369 0.977464 0.970174 0.973669 0.96435 0.974451 0.969678 0.9889 0.962506 0.961822 0.965407 0.992125 0.98371 0.997532 0.987882 0.979802 0.997041 0.98837 1.00237 1.01011 0.969163 0.998627 1.01835 1.01207 1.03638 1.01222 1.03454 1.03302 1.05639 1.09703 1.05763 1.06779 1.07629 1.11976 1.04564 1.02493 1.09137 1.12752 1.15562 1.09407 1.06702 1.13379 1.15905 1.22924 1.17597 
1.63033 1.57708 1.56385 1.60545 1.53194 1.55843 1.56188 1.52077 1.50199 1.48629 1.47934 1.4491 1.44485 1.44012 1.37593 1.415 1.35374 1.34996 1.34688 1.29703 1.29996 1.29668 1.28086 1.3029 1.2455 1.21375 1.24101 1.22086 1.19846 1.19755 1.15862 1.16494 1.15208 1.13403 1.13153 1.12252 1.11804 1.10215 1.08209 1.07083 1.07553 1.06081 1.05088 1.04506 1.03331 1.03195 1.02298 1.01506 1.00767 1.00234 0.997838 0.992441 0.988147 0.986631 0.986923 0.974812 0.979626 0.979544 0.970849 0.972389 0.966648 0.973521 0.968875 0.97319 0.985398 0.97446 0.963822 0.962434 0.999219 0.974388 1.00733 0.946895 0.988505 0.986021 1.02708 1.00205 0.996506 1.0411 1.03371 1.02094 1.03906 1.01455 1.05117 0.98924 1.07483 1.07896 1.09012 1.03227 1.08773 1.07641 1.07509 1.11068 1.1061 1.10014 1.13607 1.11476 1.14262 1.08784 1.1009 1.13429 
1.63309 1.60446 1.59097 1.58734 1.60548 1.57402 1.50256 1.53616 1.51033 1.46343 1.43211 1.47564 1.44289 1.37907 1.36756 1.39731 1.35291 1.34707 1.33812 1.33426 1.32347 1.30938 1.30141 1.27763 1.24943 1.25841 1.22693 1.19942 1.18589 1.1864 1.16544 1.15516 1.14829 1.14501 1.15039 1.11924 1.09857 1.10622 1.08726 1.07259 1.0593 1.0647 1.04829 1.04051 1.03278 1.03181 1.0214 1.01595 1.00755 1.00242 0.997399 0.993591 0.987439 0.983541 0.984772 0.977674 0.980223 0.975185 0.972444 0.976398 0.971796 0.961902 0.980136 0.955295 0.997943 0.964503 0.973992 0.981568 0.974401 0.9949 0.972922 0.97917 0.99539 0.986509 0.978902 0.984688 1.01929 0.997333 1.02998 1.02269 1.01883 1.02117 1.06428 1.04746 1.0762 1.00881 1.04872 1.06848 1.03754 1.05504 1.06393 1.10621 1.06718 1.04589 1.10876 1.16827 1.1567 1.09172 1.17416 1.12868 
1.64116 1.59412 1.59585 1.5337 1.62363 1.57413 1.57969 1.46822 1.48365 1.48682 1.46541 1.44123 1.45402 1.46115 1.39905 1.39863 1.37313 1.37575 1.35796 1.35702 1.29316 1.3102 1.30342 1.26175 1.24714 1.27641 1.23535 1.18937 1.19938 1.19585 1.17431 1.16913 1.16933 1.16273 1.13939 1.11469 1.10987 1.11013 1.08073 1.07541 1.06954 1.07166 1.05528 1.04276 1.03354 1.02645 1.02089 1.01681 1.00968 1.0027 0.997728 0.993541 0.989811 0.986355 0.983601 0.983117 0.972335 0.974692 0.978963 0.972878 0.967373 0.980388 0.974289 0.976304 0.979226 0.964841 0.981766 0.980934 0.981003 0.982776 1.00276 0.978347 0.9964 0.958066 0.968498 1.00766 1.02594 1.01319 1.01604 1.0398 1.04063 1.06145 1.06272 1.03411 1.01858 1.06044 1.05588 0.987375 1.1096 1.13558 1.08998 1.10041 1.08425 1.15554 1.1114 1.10954 1.10561 1.10228 1.06664 1.16926 
1.6476 1.65496 1.57294 1.54684 1.55734 1.47284 1.48911 1.50079 1.50747 1.52462 1.48151 1.46734 1.44711 1.42778 1.43973 1.36489 1.40572 1.35312 1.35064 1.34766 1.29452 1.26638 1.29654 1.26438 1.2393 1.24687 1.2013 1.24264 1.2129 1.19236 1.18822 1.1745 1.16943 1.16459 1.13348 1.12263 1.12045 1.0952 1.09804 1.06414 1.0651 1.04788 1.04887 1.0353 1.03661 1.02856 1.0169 1.01449 1.00713 1.00296 0.99718 0.992857 0.991303 0.985141 0.981095 0.972498 0.970304 0.972777 0.97007 0.97172 0.982467 0.963149 0.960832 0.995027 0.954572 0.975233 0.979205 0.989701 0.976476 1.01205 0.997699 0.963055 0.974948 0.991529 1.01116 1.02385 0.989541 0.990392 1.00521 0.999261 1.02923 1.00655 1.05446 1.06228 1.02538 1.02464 1.06942 1.0539 1.08059 1.05926 1.0212 1.06274 1.12598 1.11247 1.18534 1.08158 1.1255 1.21237 1.16602 1.1577 
1.70243 1.63432 1.54908 1.61939 1.64829 1.56704 1.53845 1.57046 1.48706 1.46879 1.4245 1.44525 1.45384 1.43171 1.40468 1.4113 1.38069 1.36482 1.36528 1.29962 1.31897 1.3089 1.31919 1.3116 1.24134 1.24918 1.19435 1.24081 1.19765 1.19793 1.17386 1.16795 1.16488 1.1387 1.14073 1.12051 1.11442 1.097 1.0836 1.08898 1.05889 1.05724 1.05228 1.0431 1.03552 1.03093 1.01919 1.01346 1.00638 1.00187 0.996942 0.993211 0.986846 0.984635 0.986912 0.978918 0.972805 0.985547 0.972668 0.978695 0.968248 0.968806 0.96551 0.967695 0.965324 0.959024 0.970877 0.993724 0.983114 1.02073 1.00279 0.978703 0.987029 0.975515 0.992997 0.995938 1.00063 1.03153 1.03488 1.0341 1.03193 1.06387 1.04754 1.0173 1.03957 1.05307 1.02969 1.0756 1.08545 1.05285 1.12166 1.10279 1.13036 1.06938 1.11396 1.10487 1.18218 1.15032 1.11182 1.13832 
1.68078 1.69769 1.64369 1.64429 1.53384 1.53851 1.53186 1.49728 1.4753 1.44727 1.502 1.42276 1.47667 1.45235 1.41327 1.38591 1.39528 1.35584 1.36188 1.32486 1.32883 1.3012 1.30414 1.28258 1.27518 1.24697 1.21385 1.21416 1.17737 1.20346 1.181 1.16973 1.15028 1.14448 1.13102 1.12006 1.09953 1.10525 1.08776 1.07562 1.06046 1.04873 1.05561 1.0469 1.03219 1.03069 1.01912 1.01309 1.00903 1.00215 0.997031 0.992525 0.988099 0.983391 0.98111 0.979753 0.980771 0.974288 0.974527 0.978853 0.975375 0.979985 0.971651 0.979532 0.982613 0.980454 0.982954 0.973546 0.985397 0.981111 0.983064 0.977203 0.990098 0.990457 0.982725 0.992658 1.00824 0.994366 1.00598 1.03391 1.00121 1.01051 1.02117 1.04343 1.08692 1.03564 1.04064 1.05496 1.10415 1.0431 1.0922 1.069 1.17385 1.07705 1.17697 1.10269 1.11692 1.1475 1.14118 1.12343 
1.63583 1.58078 1.61431 1.58014 1.56888 1.55846 1.55483 1.50658 1.50433 1.47942 1.49493 1.44039 1.43723 1.44585 1.41675 1.41118 1.38516 1.40627 1.37684 1.3438 1.33519 1.31828 1.29575 1.27765 1.26228 1.24157 1.24025 1.22045 1.22486 1.19003 1.18925 1.15811 1.15951 1.13881 1.13583 1.11186 1.12148 1.09143 1.0827 1.08468 1.07262 1.0535 1.04777 1.0418 1.03389 1.02645 1.01703 1.0121 1.00836 1.00276 0.998354 0.993405 0.989369 0.984494 0.983711 0.981206 0.986198 0.974546 0.978181 0.975033 0.971289 0.97312 0.969223 0.965044 0.968993 0.975465 0.98659 0.956894 0.975908 0.993 0.975229 0.992323 0.970476 1.00787 0.985544 1.00964 1.01743 0.999267 1.00219 1.01681 1.04709 1.03503 1.05673 1.01603 1.03682 1.02596 1.07221 1.10758 1.09102 1.07118 1.04993 1.0825 1.0928 1.15415 1.04576 1.13612 1.07869 1.06964 1.12848 1.16128 
1.60083 1.59193 1.61875 1.58935 1.58423 1.57147 1.55763 1.49059 1.49115 1.53453 1.48857 1.44749 1.4028 1.41212 1.48258 1.43047 1.37332 1.35244 1.37248 1.30014 1.32482 1.30849 1.2577 1.26835 1.24144 1.22129 1.23787 1.20431 1.20501 1.17493 1.1579 1.18727 1.1576 1.12509 1.11613 1.1337 1.11696 1.08487 1.08166 1.07762 1.07881 1.05913 1.05732 1.04047 1.03255 1.02559 1.02133 1.01354 1.00783 1.0027 0.997095 0.994002 0.991272 0.987611 0.97984 0.983875 0.968072 0.966938 0.978912 0.971076 0.977544 0.965147 0.964564 0.966315 0.96831 0.968594 0.963403 0.960192 0.972131 0.988354 0.968011 0.991156 1.00167 1.04704 1.0128 0.973659 0.974618 1.0256 1.01481 1.00823 1.078 1.00037 1.03142 1.05904 1.00502 1.05291 1.03658 1.05252 1.07855 1.17889 1.13145 1.13711 1.12061 1.0868 1.17681 1.10219 1.10943 1.16529 1.10971 1.15373 
1.63554 1.58815 1.66992 1.56739 1.56554 1.55698 1.51821 1.56927 1.46483 1.47227 1.48492 1.41484 1.4231 1.42938 1.44746 1.39947 1.38868 1.36235 1.3687 1.29558 1.28606 1.29648 1.30148 1.26777 1.24099 1.2322 1.24184 1.20352 1.19229 1.17816 1.17026 1.18515 1.1341 1.14588 1.12878 1.1164 1.09141 1.08927 1.08669 1.07441 1.06478 1.05724 1.06083 1.0434 1.03614 1.02399 1.01693 1.01591 1.0074 1.00235 0.997565 0.993866 0.986394 0.985433 0.97939 0.980533 0.970148 0.96658 0.976241 0.97807 0.966086 0.972894 0.959624 0.972137 0.975056 0.968967 1.00593 0.973015 0.985359 0.951557 0.979285 0.973571 1.01052 1.00151 0.995054 1.04061 1.00676 0.986974 1.043 1.05191 1.04024 1.04307 1.04212 1.04364 1.05166 1.06907 1.09602 1.03032 1.02293 1.04592 1.06421 1.08462 1.12797 1.08464 1.18728 1.11424 1.10873 1.07565 1.10239 1.08576 
1.67056 1.64705 1.5684 1.54488 1.5646 1.51804 1.5521 1.52226 1.50716 1.46318 1.41861 1.48124 1.51499 1.40523 1.4507 1.40759 1.33975 1.35577 1.325 1.28951 1.30826 1.3092 1.32119 1.22518 1.24057 1.23597 1.21413 1.20402 1.22054 1.20832 1.18529 1.17732 1.14383 1.14066 1.11212 1.11997 1.11446 1.09578 1.09442 1.06305 1.06407 1.04841 1.05433 1.04252 1.03738 1.02483 1.01712 1.0166 1.00804 1.00215 0.997532 0.991414 0.989879 0.984125 0.981459 0.981496 0.974898 0.978024 0.971241 0.95576 0.964638 0.976188 0.982424 0.971797 0.965572 0.974745 0.967039 0.976205 0.972477 0.993577 0.959592 0.987393 1.00797 0.980062 1.01107 0.979988 1.00956 1.01874 0.999052 0.991305 1.03025 1.06683 1.00556 1.04411 1.02236 1.02301 1.08856 1.06941 1.0456 1.0016 1.05494 1.15229 1.06325 1.07805 1.07352 1.1487 1.14072 1.14863 1.1461 1.20865 
1.62747 1.60211 1.62771 1.62007 1.54965 1.49721 1.51734 1.54807 1.49473 1.48277 1.38766 1.47879 1.42414 1.39376 1.39071 1.35526 1.35756 1.38264 1.3317 1.30916 1.32241 1.31797 1.27087 1.25202 1.27081 1.22417 1.21742 1.24569 1.19644 1.21302 1.1732 1.15583 1.12632 1.1497 1.13993 1.13125 1.09353 1.08916 1.0914 1.07082 1.07274 1.0579 1.04668 1.04911 1.03125 1.02196 1.01838 1.01408 1.00641 1.00298 0.997395 0.993151 0.988054 0.987405 0.984174 0.984756 0.971494 0.977709 0.968207 0.95944 0.967077 0.98524 0.959497 0.973968 0.976786 0.973418 0.959188 0.979617 0.962306 0.988638 0.997994 0.958853 0.997622 1.00307 0.990588 1.01179 1.03044 1.00018 1.00482 1.03394 1.04287 1.06082 1.05599 1.0663 1.06114 1.0936 1.07859 1.00459 1.07382 1.07988 1.12087 1.07139 1.05171 1.0698 1.09766 1.1249 1.09805 1.1792 1.15301 1.10405 
1.66462 1.51697 1.56307 1.58773 1.60066 1.60231 1.54124 1.52949 1.48018 1.48412 1.51344 1.39161 1.42899 1.46359 1.44419 1.374 1.37589 1.39395 1.38974 1.3255 1.32426 1.28727 1.28289 1.25356 1.28243 1.24126 1.23236 1.21717 1.19019 1.20087 1.1812 1.1648 1.15661 1.14505 1.13473 1.10953 1.11654 1.09054 1.08049 1.07226 1.07594 1.05684 1.05763 1.03623 1.02918 1.02906 1.0229 1.01327 1.00842 1.00253 0.998033 0.993213 0.989158 0.983533 0.982881 0.974513 0.978632 0.972057 0.966854 0.979551 0.965112 0.967049 0.967943 0.975746 0.973093 0.973957 0.973494 0.9711 0.964017 0.972348 0.99774 0.986255 1.01412 1.01921 0.996942 0.977971 1.00563 0.968836 1.02094 0.990024 0.980605 1.04949 1.02628 1.01723 1.04045 1.02726 1.03735 1.04362 1.08698 1.06227 1.09121 1.02522 1.0548 1.12327 1.17816 1.10227 1.05522 1.11117 1.14042 1.07577 
1.68904 1.63876 1.6339 1.55138 1.57244 1.53102 1.54186 1.48179 1.55458 1.5165 1.51807 1.45842 1.42635 1.4358 1.42614 1.3802 1.36238 1.37757 1.38169 1.34602 1.32305 1.30693 1.23977 1.32044 1.26905 1.24853 1.21701 1.21202 1.17674 1.18697 1.17519 1.14929 1.1618 1.14792 1.12098 1.11366 1.10578 1.09071 1.09128 1.08157 1.07299 1.06094 1.04491 1.04369 1.03643 1.02952 1.02246 1.0145 1.00844 1.00252 0.997654 0.993288 0.988186 0.987851 0.981637 0.982888 0.974385 0.975376 0.981528 0.970603 0.973386 0.983618 0.967705 0.978575 0.965352 0.986042 0.948866 0.975106 0.98047 0.976783 0.983278 0.983164 0.97627 1.01298 0.991632 1.00104 1.00304 1.03932 1.0187 1.00679 1.05637 1.01609 1.01426 1.04605 1.04943 1.09173 1.02694 1.07803 1.10959 1.02754 1.14317 1.0953 1.12589 1.10366 1.13688 1.1477 1.1175 1.08024 1.07057 1.11733 
1.6503 1.60995 1.60148 1.60719 1.53367 1.53941 1.54373 1.4936 1.51838 1.52421 1.4786 1.43339 1.41266 1.43807 1.40069 1.40794 1.37046 1.32923 1.40449 1.33447 1.29638 1.29619 1.30581 1.27157 1.23363 1.265 1.2308 1.2209 1.20592 1.20156 1.17965 1.17211 1.14475 1.15877 1.1248 1.12977 1.11179 1.08743 1.0838 1.06375 1.06681 1.05236 1.05572 1.04188 1.03741 1.02901 1.01942 1.01658 1.00806 1.00318 0.997557 0.991833 0.989239 0.978957 0.978909 0.979901 0.977535 0.977349 0.980789 0.962872 0.979087 0.982136 0.978135 0.977378 0.976631 0.971775 0.983572 0.974852 0.989864 0.981654 0.981265 0.977771 1.01524 0.990422 0.983533 0.980975 1.02322 0.948707 1.00753 1.0295 1.02955 1.01633 1.0321 1.03331 1.0576 1.01405 1.02147 1.05424 1.09305 1.08919 1.03221 1.0742 1.01687 1.14888 1.09904 1.07286 1.13133 1.18477 1.11334 1.11919 
1.65376 1.57963 1.61459 1.55571 1.56617 1.55552 1.5446 1.51001 1.48108 1.46092 1.44784 1.4732 1.42002 1.3996 1.36801 1.43894 1.39469 1.41018 1.32909 1.27435 1.32339 1.28821 1.31169 1.28675 1.22344 1.25275 1.21715 1.20393 1.21692 1.18754 1.18002 1.1779 1.14684 1.14597 1.14634 1.11947 1.11237 1.09463 1.08402 1.07571 1.07123 1.0668 1.04273 1.04256 1.03575 1.03091 1.01845 1.01275 1.00915 1.00243 0.997873 0.99274 0.9916 0.985365 0.981312 0.979539 0.982287 0.971137 0.978859 0.970094 0.972957 0.975009 0.979017 0.95447 0.976412 0.98022 0.962391 0.994938 0.963345 0.99129 0.964865 1.00296 0.990111 0.971638 1.01049 0.992846 1.01032 1.01632 1.03931 1.03191 1.00943 0.981121 1.05263 1.01529 1.03106 1.0867 1.03838 1.07965 1.02253 1.09422 1.09704 1.07335 1.08644 1.04779 1.1423 1.15485 1.10782 1.15178 1.15775 1.11217 
1.67063 1.56865 1.58732 1.58326 1.62302 1.58587 1.49233 1.44911 1.51768 1.48917 1.44722 1.41261 1.43211 1.39616 1.40813 1.41048 1.42396 1.36536 1.35822 1.31685 1.31302 1.27784 1.29895 1.30077 1.24326 1.2444 1.24626 1.19307 1.21663 1.19425 1.15585 1.17889 1.1533 1.13342 1.13328 1.13304 1.10859 1.08602 1.0822 1.06699 1.07162 1.05894 1.05564 1.04037 1.03429 1.03207 1.02133 1.01132 1.00864 1.0019 0.997304 0.994019 0.986313 0.98744 0.982243 0.979643 0.974533 0.977527 0.978839 0.966143 0.972279 0.976257 0.965673 0.971477 0.970258 0.961607 0.974748 0.966821 0.977287 0.973948 0.996057 0.981956 0.979002 0.982974 1.00214 0.98883 0.991198 1.0114 1.00733 0.97774 1.05714 1.06136 1.03803 1.01606 1.01341 1.00911 1.02647 1.07678 1.07994 1.04344 1.05048 1.14434 1.14628 1.03668 1.05938 1.07855 1.15949 1.15338 1.1651 1.15601 
1.55116 1.60556 1.5591 1.53468 1.54309 1.53516 1.55789 1.56264 1.50283 1.52133 1.46264 1.46744 1.47271 1.40151 1.40533 1.37485 1.37909 1.37097 1.35293 1.31647 1.3048 1.29038 1.26701 1.26667 1.2369 1.24481 1.21627 1.22525 1.18776 1.1939 1.16741 1.17542 1.14826 1.13168 1.1332 1.11484 1.12295 1.09565 1.0823 1.08534 1.06551 1.06502 1.05345 1.03954 1.04326 1.02614 1.02403 1.01724 1.0085 1.00288 0.997646 0.991833 0.990744 0.989084 0.983006 0.978484 0.974462 0.971078 0.963123 0.967594 0.975678 0.964425 0.973061 0.985121 0.971883 0.978252 0.946118 0.971837 0.976223 1.00681 0.965312 0.991095 0.978295 1.01563 0.994529 1.01197 1.01237 0.992187 1.02152 0.969636 1.01997 1.03423 1.01396 1.03426 0.998429 1.0484 1.06011 1.04067 1.07982 1.11616 1.06836 1.02913 1.03294 1.13586 1.08374 1.12923 1.06464 1.0596 1.11497 1.0811 
1.55674 1.53983 1.59216 1.58852 1.56543 1.54233 1.54262 1.52509 1.56816 1.51242 1.4866 1.43743 1.41133 1.40401 1.38041 1.4189 1.34762 1.36498 1.33386 1.34426 1.32906 1.30572 1.28235 1.28114 1.27555 1.2526 1.21946 1.24845 1.18296 1.17097 1.17965 1.17557 1.14439 1.13727 1.13152 1.09132 1.11456 1.08129 1.08517 1.0795 1.06986 1.05784 1.04842 1.03762 1.03698 1.02637 1.02099 1.01525 1.00778 1.00211 0.997874 0.992041 0.989122 0.983686 0.978633 0.98227 0.968761 0.973674 0.983211 0.972111 0.968189 0.968094 0.975645 0.972466 0.97325 0.965968 0.96767 0.975869 0.96743 0.985018 1.00352 0.978209 0.96897 1.00868 0.992645 0.976639 0.998968 1.02832 0.975605 1.03872 1.02675 1.01833 1.02177 1.03099 1.02285 1.03318 1.05569 1.04758 1.03874 1.08037 1.06455 1.08601 1.05693 1.1214 1.09868 1.11916 1.11409 1.11516 1.17775 1.04326 
