-2 -1.9596 -1.91919 -1.87879 -1.83838 -1.79798 -1.75758 -1.71717 -1.67677 -1.63636 -1.59596 -1.55556 -1.51515 -1.47475 -1.43434 -1.39394 -1.35354 -1.31313 -1.27273 -1.23232 -1.19192 -1.15152 -1.11111 -1.07071 -1.0303 -0.989899 -0.949495 -0.909091 -0.868687 -0.828283 -0.787879 -0.747475 -0.707071 -0.666667 -0.626263 -0.585859 -0.545455 -0.505051 -0.464646 -0.424242 -0.383838 -0.343434 -0.30303 -0.262626 -0.222222 -0.181818 -0.141414 -0.10101 -0.0606061 -0.020202 0.020202 0.0606061 0.10101 0.141414 0.181818 0.222222 0.262626 0.30303 0.343434 0.383838 0.424242 0.464646 0.505051 0.545455 0.585859 0.626263 0.666667 0.707071 0.747475 0.787879 0.828283 0.868687 0.909091 0.949495 0.989899 1.0303 1.07071 1.11111 1.15152 1.19192 1.23232 1.27273 1.31313 1.35354 1.39394 1.43434 1.47475 1.51515 1.55556 1.59596 1.63636 1.67677 1.71717 1.75758 1.79798 1.83838 1.87879 1.91919 1.9596 2 
0.729175 0.738488 0.747722 0.756871 0.765929 0.774888 0.783743 0.792487 0.801116 0.809622 0.818001 0.826246 0.834353 0.842316 0.85013 0.85779 0.865292 0.87263 0.879802 0.886801 0.893625 0.900269 0.90673 0.913004 0.919087 0.924976 0.930668 0.936159 0.941447 0.946528 0.951399 0.956058 0.960501 0.964725 0.968727 0.972505 0.976055 0.979374 0.982459 0.985307 0.987914 0.990277 0.992394 0.994259 0.995869 0.997221 0.99831 0.999134 0.999687 0.999965 0.999965 0.999682 0.999112 0.99825 0.997093 0.995636 0.993875 0.991806 0.989425 0.986729 0.983713 0.980375 0.976712 0.972721 0.9684 0.963746 0.958758 0.953436 0.947779 0.941787 0.935461 0.928802 0.921811 0.914493 0.90685 0.898886 0.890606 0.882015 0.873121 0.86393 0.85445 0.84469 0.834659 0.824366 0.813823 0.803041 0.792032 0.780809 0.769383 0.75777 0.745983 0.734036 0.721943 0.70972 0.697381 0.684943 0.672419 0.659825 0.647177 0.634489 
0.961061 0.919346 0.884955 0.966189 0.89927 0.943734 0.954552 0.931374 0.92613 0.934267 0.91197 0.95007 0.88382 0.862619 0.921688 0.925489 0.925399 0.912976 0.905747 0.94188 0.887492 0.889339 0.922615 0.876003 0.918792 0.916811 0.900133 0.916243 0.902617 0.937202 0.916102 0.919174 0.93493 0.927346 0.909668 0.922595 0.927825 0.927864 0.947377 0.937454 0.939647 0.952097 0.953991 0.95669 0.962438 0.972539 0.977168 0.982335 0.990217 0.996963 1.0034 1.01238 1.01671 1.02659 1.03408 1.0461 1.05123 1.05215 1.07357 1.07334 1.09059 1.09366 1.11039 1.11401 1.12404 1.13811 1.15533 1.15524 1.17352 1.15894 1.21177 1.18651 1.22166 1.24274 1.25757 1.24085 1.28753 1.2754 1.27001 1.29728 1.33284 1.30724 1.34188 1.36254 1.40264 1.39619 1.44637 1.42635 1.45441 1.50663 1.50288 1.49073 1.53764 1.4913 1.54919 1.5381 1.57143 1.59412 1.62665 1.62641 
0.95367 0.908699 0.960494 0.968162 0.98004 0.933647 0.919823 0.928432 0.898727 0.982688 0.960669 0.870819 0.937823 0.915262 0.947891 0.927299 0.882666 0.922525 0.915366 0.878136 0.920724 0.93141 0.912478 0.892467 0.914565 0.901823 0.920501 0.917719 0.91827 0.913086 0.927301 0.894101 0.905417 0.919463 0.914725 0.924033 0.930147 0.941336 0.940168 0.948099 0.950001 0.945328 0.952942 0.962542 0.966663 0.971371 0.98359 0.982842 0.990125 0.996573 1.0037 1.01138 1.02011 1.02522 1.03409 1.042 1.05711 1.05177 1.06508 1.07924 1.08737 1.09912 1.10206 1.11837 1.12273 1.14542 1.13924 1.16336 1.16521 1.18197 1.19134 1.20881 1.23044 1.23049 1.24087 1.26182 1.26211 1.2966 1.29521 1.28579 1.3334 1.34448 1.35632 1.36719 1.43166 1.40694 1.43286 1.40012 1.43154 1.49413 1.48606 1.47981 1.54325 1.53271 1.54577 1.54907 1.55802 1.58978 1.61531 1.63954 
0.968303 0.947057 1.01599 0.925653 0.947929 0.964483 0.928072 0.912545 0.919704 0.930458 0.934219 0.959228 0.913172 0.914536 0.942179 0.904039 0.926255 0.8981 0.900876 0.914303 0.909465 0.897966 0.909031 0.885097 0.895136 0.905168 0.932561 0.921195 0.907012 0.913077 0.909934 0.913276 0.902279 0.921376 0.934895 0.918659 0.940916 0.937382 0.944467 0.943781 0.938038 0.947038 0.957581 0.958932 0.960009 0.967471 0.981154 0.984259 0.990911 0.996572 1.0034 1.01119 1.01761 1.02723 1.03207 1.04502 1.05025 1.058 1.07288 1.08305 1.0952 1.10234 1.12048 1.12054 1.13829 1.13777 1.14658 1.15348 1.16568 1.16741 1.20377 1.18966 1.22588 1.2558 1.24784 1.22548 1.27132 1.29307 1.30804 1.31005 1.33864 1.37077 1.30599 1.36767 1.38221 1.38898 1.38057 1.42678 1.44017 1.47171 1.48183 1.45321 1.52665 1.49705 1.53067 1.56274 1.5287 1.62769 1.622 1.64712 
0.959028 0.89426 0.962271 0.983494 0.944608 0.955599 0.920673 0.938541 0.921896 0.929949 0.921391 0.920396 0.952275 0.928573 0.903502 0.932626 0.921846 0.918346 0.897497 0.89365 0.953072 0.914084 0.908359 0.905773 0.903345 0.915621 0.923407 0.916878 0.884353 0.925265 0.918727 0.914386 0.913424 0.926524 0.927284 0.921038 0.915394 0.941833 0.930551 0.949171 0.945678 0.954483 0.963016 0.960506 0.965493 0.971146 0.980353 0.983935 0.989859 0.996943 1.00331 1.00878 1.01986 1.02648 1.036 1.04079 1.05201 1.06266 1.06476 1.07071 1.079 1.10358 1.09237 1.09225 1.13751 1.13553 1.12431 1.1633 1.17522 1.1801 1.2023 1.2006 1.22257 1.24548 1.22513 1.26324 1.27578 1.26062 1.31849 1.32264 1.28459 1.32467 1.34282 1.35073 1.35981 1.42408 1.39663 1.4811 1.48098 1.47885 1.42403 1.48089 1.51271 1.51799 1.56107 1.57495 1.55955 1.62068 1.58002 1.6498 
0.97707 0.949267 0.974474 0.933032 0.917854 0.937907 0.910335 0.934445 0.861575 0.957676 0.904284 0.9104 0.939959 0.913459 0.892992 0.911857 0.916743 0.911034 0.902058 0.901173 0.920111 0.955234 0.881842 0.926218 0.893933 0.921598 0.932378 0.912725 0.883858 0.915639 0.91192 0.932962 0.927504 0.935736 0.926089 0.921898 0.92779 0.934736 0.946423 0.953847 0.952118 0.955499 0.964905 0.956717 0.964906 0.970597 0.97822 0.982431 0.989696 0.996616 1.00272 1.00998 1.01736 1.0236 1.02444 1.04935 1.05081 1.05749 1.07171 1.08471 1.0871 1.10221 1.09687 1.11834 1.12408 1.12942 1.15624 1.15435 1.17932 1.18602 1.19649 1.20002 1.20822 1.25673 1.25678 1.24867 1.26368 1.29984 1.28706 1.2883 1.32255 1.33334 1.31709 1.33224 1.40771 1.42604 1.45261 1.39968 1.41147 1.47654 1.46705 1.49145 1.53601 1.51252 1.58858 1.53828 1.5989 1.59781 1.60777 1.62182 
0.946525 0.975977 0.925108 0.969411 0.941391 0.939464 0.936684 0.930613 0.87796 0.915716 0.912991 0.912248 0.908532 0.914166 0.952157 0.941541 0.915199 0.910789 0.9079 0.921818 0.916085 0.893826 0.941008 0.929245 0.933493 0.901139 0.908861 0.899675 0.923476 0.929524 0.895009 0.906432 0.914158 0.918065 0.928341 0.937379 0.940455 0.93174 0.935953 0.949911 0.944418 0.956488 0.956814 0.963985 0.96821 0.97603 0.975534 0.982038 0.988356 0.996827 1.00309 1.00995 1.01954 1.02687 1.02915 1.04314 1.04872 1.05259 1.06841 1.06822 1.08095 1.08633 1.12201 1.12962 1.1305 1.12847 1.16006 1.16095 1.15521 1.17172 1.20778 1.20616 1.22031 1.21505 1.24475 1.26104 1.28238 1.27962 1.28703 1.30609 1.33607 1.3348 1.32134 1.34954 1.36999 1.33275 1.4386 1.42038 1.41727 1.46923 1.48394 1.46453 1.48558 1.55369 1.53663 1.51118 1.58863 1.56427 1.6181 1.6838 
0.942454 0.942243 0.971174 0.976881 0.976673 0.942795 0.963405 0.915519 0.930531 0.937837 0.907347 0.968437 0.944286 0.913195 0.882837 0.930352 0.909628 0.906638 0.893539 0.927218 0.921479 0.897524 0.952674 0.912453 0.921014 0.92287 0.890741 0.903022 0.917542 0.926339 0.907476 0.933302 0.940371 0.924877 0.941398 0.943568 0.93451 0.935273 0.944983 0.953493 0.949996 0.952992 0.961805 0.959483 0.971752 0.965769 0.976823 0.981506 0.989271 0.996694 1.00383 1.01095 1.01781 1.02498 1.03501 1.03738 1.04994 1.05687 1.07097 1.07649 1.08718 1.10243 1.1143 1.11029 1.11724 1.13085 1.12882 1.15331 1.15497 1.16767 1.20809 1.20945 1.21084 1.22888 1.22959 1.26383 1.27156 1.268 1.29662 1.32518 1.36854 1.35355 1.34978 1.39125 1.36994 1.42458 1.41498 1.44493 1.46844 1.42402 1.46723 1.46288 1.50662 1.54246 1.49667 1.57195 1.58278 1.53085 1.60203 1.63695 
0.965148 0.968917 0.953368 0.96729 0.941058 0.91773 0.888929 0.956467 0.903673 0.939656 0.934622 0.942859 0.875834 0.925943 0.901542 0.920755 0.913842 0.906456 0.930611 0.883038 0.900262 0.910349 0.897159 0.899772 0.916582 0.923633 0.907961 0.907156 0.915834 0.907591 0.913567 0.927898 0.918408 0.928357 0.941022 0.927298 0.920506 0.944134 0.9373 0.939017 0.944365 0.951006 0.953428 0.960509 0.970648 0.971219 0.978225 0.982426 0.991229 0.997055 1.00361 1.01125 1.01787 1.0249 1.03266 1.03712 1.04749 1.05969 1.07158 1.07649 1.0811 1.09489 1.0957 1.10632 1.13038 1.1142 1.14712 1.13885 1.16236 1.16065 1.1719 1.19663 1.21633 1.20764 1.24285 1.25018 1.25861 1.28864 1.30227 1.26199 1.31196 1.37275 1.377 1.34452 1.34649 1.4173 1.43205 1.43746 1.42626 1.43771 1.49582 1.43681 1.54123 1.53524 1.53125 1.5616 1.57799 1.51003 1.60373 1.6518 
0.960588 1.02437 0.928764 0.90433 0.930436 0.935274 0.927795 0.935396 0.960367 0.917744 0.946162 0.922271 0.911198 0.920199 0.900137 0.915304 0.903952 0.901654 0.922952 0.910527 0.884777 0.882692 0.897475 0.916864 0.920473 0.932089 0.929542 0.910548 0.920411 0.909801 0.922557 0.922597 0.919845 0.944303 0.945792 0.936037 0.943643 0.925548 0.942102 0.958475 0.943308 0.951064 0.951995 0.954029 0.962739 0.97374 0.976269 0.98393 0.989804 0.99636 1.00348 1.00987 1.01698 1.02549 1.03422 1.03566 1.04676 1.05389 1.05709 1.07486 1.0823 1.09137 1.10076 1.11942 1.13334 1.13034 1.14138 1.15821 1.16269 1.19072 1.19074 1.20443 1.21198 1.23093 1.22217 1.23577 1.27327 1.2995 1.2954 1.32523 1.35682 1.31613 1.3604 1.36565 1.34941 1.37463 1.43559 1.41652 1.48382 1.42492 1.44426 1.44194 1.47659 1.50833 1.55306 1.51496 1.54294 1.56003 1.66744 1.63463 
1.00359 0.95346 0.926408 0.973975 0.946914 1.00419 0.947987 0.920115 0.936329 0.94956 0.974543 0.919553 0.944787 0.939389 0.948068 0.94565 0.903839 0.912829 0.939071 0.930595 0.892471 0.894905 0.90072 0.912583 0.922938 0.929608 0.926315 0.913701 0.886134 0.907782 0.916324 0.917834 0.934286 0.917598 0.939799 0.932264 0.93422 0.93768 0.951648 0.950164 0.943717 0.954071 0.963854 0.963826 0.96982 0.969874 0.979272 0.984661 0.992443 0.996391 1.0039 1.01023 1.01763 1.02416 1.03807 1.04217 1.04291 1.05225 1.06406 1.07968 1.0848 1.08606 1.09109 1.10748 1.13025 1.13216 1.14467 1.16254 1.1586 1.18116 1.17886 1.23041 1.22223 1.23287 1.23366 1.28034 1.26009 1.29432 1.28383 1.25549 1.30534 1.32751 1.37282 1.3551 1.33172 1.37661 1.41717 1.44328 1.47859 1.4397 1.46944 1.46626 1.49973 1.49954 1.51949 1.54907 1.58552 1.55978 1.57012 1.6145 
0.940059 0.928411 0.932058 0.944123 0.993349 0.918995 0.954315 0.963983 0.931058 0.934467 0.952669 0.910661 0.985091 0.887337 0.906924 0.923219 0.902896 0.949587 0.930448 0.915701 0.914894 0.902334 0.924964 0.941908 0.948278 0.930351 0.925275 0.891866 0.940588 0.932442 0.917246 0.914949 0.916632 0.927377 0.94423 0.931669 0.929971 0.933481 0.937226 0.947652 0.947705 0.943821 0.959642 0.955324 0.965215 0.973143 0.978077 0.983392 0.989369 0.996803 1.00324 1.00964 1.01556 1.02573 1.03201 1.03759 1.04925 1.05355 1.05975 1.07272 1.0743 1.09591 1.09916 1.10978 1.12565 1.13353 1.14774 1.14477 1.14641 1.16757 1.19472 1.18474 1.19724 1.19904 1.23053 1.24337 1.24572 1.28231 1.30733 1.30659 1.28937 1.33008 1.35069 1.34311 1.3279 1.42241 1.40733 1.39161 1.42337 1.44354 1.46514 1.47369 1.49931 1.50712 1.50367 1.58486 1.53451 1.57186 1.60998 1.63423 
0.968913 1.00714 0.969141 0.942978 0.946325 0.943945 0.937277 0.967342 0.943683 0.95024 0.90743 0.917194 0.944637 0.952985 0.941757 0.923166 0.984756 0.935699 0.952727 0.928022 0.93376 0.936435 0.921228 0.927734 0.932299 0.922265 0.919719 0.925319 0.92474 0.93939 0.932562 0.924456 0.924822 0.927489 0.923147 0.935401 0.942408 0.914982 0.940221 0.938035 0.945006 0.954335 0.955288 0.965204 0.968852 0.97133 0.979953 0.984752 0.990438 0.996718 1.00338 1.00937 1.01749 1.02345 1.03125 1.03802 1.05012 1.05104 1.06554 1.06227 1.07807 1.08839 1.10814 1.12064 1.11636 1.14926 1.13081 1.16269 1.18116 1.17063 1.19062 1.19372 1.2164 1.25279 1.22916 1.24503 1.24595 1.28346 1.26356 1.309 1.32984 1.33235 1.35107 1.35657 1.32156 1.38971 1.40474 1.37711 1.41879 1.40961 1.51494 1.4882 1.4821 1.50801 1.5558 1.57285 1.50824 1.54571 1.51765 1.6172 
0.940409 1.00012 0.98665 1.02279 0.959364 0.960782 0.992064 0.924214 0.989001 0.92692 0.94806 0.935928 0.925508 0.956311 0.934505 0.924052 0.950225 0.908433 0.902236 0.910767 0.915677 0.920715 0.926104 0.917428 0.956836 0.940513 0.938203 0.933094 0.941572 0.936392 0.926843 0.929534 0.932604 0.918713 0.924288 0.947075 0.945349 0.947539 0.934217 0.944206 0.952773 0.95954 0.95705 0.966007 0.96965 0.970049 0.979141 0.986564 0.991587 0.996978 1.00298 1.01171 1.01594 1.02608 1.031 1.03809 1.05116 1.04966 1.06011 1.07285 1.08274 1.09429 1.09637 1.12478 1.12735 1.12613 1.14353 1.15421 1.17729 1.19326 1.19114 1.18479 1.20804 1.22023 1.26317 1.26413 1.26878 1.26293 1.28166 1.31678 1.32002 1.32588 1.34436 1.33796 1.36348 1.42327 1.39163 1.39896 1.4682 1.42858 1.46264 1.49941 1.45188 1.483 1.51685 1.54558 1.55495 1.58309 1.52543 1.58698 
1.02057 0.995402 0.984878 0.903465 0.964936 0.93629 0.962972 0.93425 0.949619 0.938088 0.943182 0.911954 0.931548 0.955785 0.918259 0.930157 0.893322 0.928349 0.933415 0.939787 0.913601 0.917128 0.93139 0.930286 0.896261 0.901041 0.946371 0.933908 0.921527 0.94554 0.91524 0.937935 0.93301 0.930502 0.944922 0.9355 0.939061 0.924046 0.936508 0.941786 0.95643 0.951874 0.966221 0.964056 0.968006 0.971962 0.980409 0.986225 0.990852 0.996837 1.00334 1.00956 1.01701 1.02209 1.02718 1.03437 1.03956 1.04541 1.06871 1.06848 1.08737 1.08856 1.09342 1.11631 1.12819 1.13029 1.14333 1.14965 1.1671 1.16252 1.18982 1.18221 1.19613 1.18498 1.23292 1.24354 1.26353 1.30543 1.26293 1.29871 1.29531 1.3084 1.3325 1.34288 1.39074 1.38491 1.40302 1.43915 1.4293 1.47352 1.47203 1.48595 1.48834 1.44775 1.49987 1.55004 1.57355 1.56972 1.59529 1.60794 
0.96807 0.966417 0.948608 0.953194 0.998963 0.881531 0.949641 0.984914 0.963044 0.946204 0.904455 0.930364 0.920749 0.92578 0.917141 0.908257 0.919772 0.914054 0.9023 0.933218 0.888636 0.946614 0.925503 0.925484 0.89814 0.902582 0.917376 0.927386 0.918841 0.921198 0.920238 0.927047 0.925914 0.943136 0.937949 0.937732 0.938997 0.945292 0.94833 0.945652 0.957151 0.958549 0.962114 0.961325 0.969226 0.975439 0.981436 0.987535 0.990397 0.996692 1.00311 1.00871 1.0165 1.02214 1.03144 1.03892 1.04341 1.04565 1.0513 1.06375 1.0743 1.10201 1.09013 1.11212 1.11975 1.13123 1.1338 1.13775 1.17186 1.14943 1.16095 1.18647 1.20169 1.20166 1.2171 1.26847 1.25529 1.24996 1.26497 1.29408 1.28887 1.2925 1.33235 1.37498 1.35911 1.36607 1.40351 1.38087 1.3739 1.44589 1.50068 1.48868 1.48853 1.54097 1.47873 1.53226 1.52161 1.54185 1.60404 1.59946 
0.970545 0.969449 0.930393 0.941601 0.96867 0.985804 0.930194 0.955062 0.949175 0.951145 0.96083 0.979183 0.954584 0.937376 0.918937 0.956713 0.894115 0.935953 0.920484 0.926104 0.939699 0.910806 0.9168 0.915639 0.919049 0.920824 0.949609 0.928365 0.935128 0.933163 0.949643 0.926033 0.909233 0.918658 0.947254 0.957902 0.945287 0.938869 0.948512 0.948986 0.962844 0.956816 0.95519 0.963209 0.967881 0.974341 0.97676 0.985931 0.990225 0.996659 1.00283 1.01074 1.01626 1.02217 1.03105 1.03779 1.05293 1.0627 1.06644 1.07551 1.07637 1.07689 1.07946 1.09987 1.09469 1.14055 1.1328 1.14305 1.15072 1.17242 1.19468 1.21336 1.19008 1.23363 1.25803 1.24437 1.23925 1.26953 1.28059 1.27878 1.31288 1.33908 1.34013 1.34233 1.37633 1.35723 1.38474 1.42196 1.43133 1.44135 1.48464 1.4522 1.43705 1.47313 1.4982 1.5059 1.45185 1.52098 1.51897 1.58751 
1.0244 0.97086 0.947219 0.974956 0.928958 0.989764 0.970021 0.930623 0.96326 0.942338 0.937455 0.971237 0.96395 0.932946 0.925387 0.945447 0.958284 0.935238 0.920461 0.963233 0.929208 0.902923 0.944041 0.918462 0.918301 0.917409 0.95473 0.926545 0.938276 0.927199 0.917647 0.916131 0.93956 0.93004 0.942778 0.94088 0.958013 0.949617 0.946111 0.947726 0.968175 0.96191 0.965637 0.965136 0.968906 0.973192 0.979147 0.987569 0.990277 0.996829 1.00269 1.00811 1.01542 1.02514 1.02997 1.04075 1.04564 1.04669 1.0638 1.06158 1.07852 1.09184 1.09659 1.10757 1.12129 1.13726 1.13404 1.13859 1.15384 1.1586 1.18013 1.17294 1.20835 1.23416 1.22979 1.22549 1.24456 1.25753 1.29416 1.28052 1.29898 1.34174 1.32921 1.32161 1.34513 1.38339 1.37846 1.37477 1.36742 1.40334 1.46955 1.44446 1.46858 1.46507 1.50576 1.54001 1.5601 1.55595 1.56336 1.56906 
1.0001 0.996968 0.989407 0.981476 0.95012 0.991475 0.95301 0.921897 0.963636 0.997563 1.01104 0.959371 0.945135 0.948372 0.908394 0.932646 0.94032 0.949235 0.943637 0.942216 0.928822 0.917464 0.909873 0.911781 0.896494 0.906118 0.922955 0.912775 0.927195 0.942204 0.927331 0.933495 0.933166 0.927196 0.931378 0.93663 0.947113 0.954818 0.943168 0.956466 0.955338 0.955791 0.954338 0.96232 0.971809 0.971833 0.974305 0.98608 0.991211 0.996843 1.00304 1.00808 1.01603 1.02431 1.02676 1.03255 1.04551 1.06022 1.05941 1.08745 1.07122 1.0978 1.09577 1.12531 1.12908 1.11596 1.11767 1.14189 1.1442 1.16621 1.16834 1.19618 1.20996 1.20881 1.21636 1.24255 1.27271 1.2617 1.29751 1.33916 1.28299 1.3256 1.30686 1.34357 1.3144 1.3452 1.40624 1.38989 1.48197 1.4818 1.47857 1.47277 1.43983 1.5477 1.50827 1.46326 1.56492 1.53937 1.56534 1.59818 
0.976072 1.04216 0.99692 0.978498 0.99062 0.930308 0.989549 0.989052 0.995409 0.930284 1.01988 0.994372 0.953754 0.980089 0.97091 0.960667 0.964687 0.953084 0.954937 0.950513 0.931419 0.938658 0.940119 0.929495 0.913929 0.951901 0.915518 0.914942 0.902689 0.947522 0.937132 0.934288 0.93099 0.94849 0.925241 0.938437 0.949401 0.941219 0.934407 0.945922 0.955001 0.962263 0.962743 0.9727 0.970079 0.976523 0.980811 0.987539 0.990843 0.996906 1.00343 1.00916 1.0139 1.0199 1.03174 1.04037 1.04461 1.0439 1.05844 1.06898 1.0814 1.08144 1.09462 1.12106 1.1253 1.12504 1.14311 1.12633 1.16284 1.14457 1.1712 1.19036 1.21132 1.21354 1.20002 1.23065 1.23404 1.29939 1.24533 1.30947 1.29468 1.30147 1.30842 1.34414 1.35139 1.3472 1.39659 1.369 1.39156 1.44393 1.42392 1.49018 1.49026 1.47728 1.51157 1.53344 1.58672 1.52545 1.5518 1.51387 
1.00191 0.981357 0.978394 0.993822 0.988467 0.983863 0.966157 0.963666 0.942287 0.946531 0.94288 0.977867 0.930508 0.947864 0.959261 0.934772 0.972585 0.94966 0.927126 0.933164 0.940478 0.947378 0.912321 0.932769 0.937399 0.932271 0.930683 0.926714 0.947448 0.956852 0.902402 0.928291 0.938987 0.95082 0.939066 0.951445 0.935627 0.940254 0.934003 0.9502 0.951653 0.953688 0.96689 0.974827 0.974227 0.973793 0.976519 0.983548 0.989899 0.997093 1.00279 1.00955 1.01543 1.02122 1.03041 1.03556 1.04557 1.04732 1.05773 1.06771 1.07621 1.08715 1.09395 1.10774 1.11362 1.13638 1.12062 1.14569 1.14714 1.17009 1.18609 1.19182 1.21112 1.18529 1.23518 1.21431 1.22078 1.24687 1.29406 1.27776 1.28572 1.31128 1.34304 1.32588 1.31227 1.36983 1.3532 1.36344 1.41828 1.44696 1.37441 1.47494 1.46026 1.4826 1.4732 1.51009 1.57736 1.59363 1.57862 1.62067 
0.975386 1.00835 1.01572 0.983347 0.956065 0.932088 0.990912 0.979243 0.954354 0.977236 0.952561 0.938559 0.976627 0.944984 0.93869 0.92023 0.947467 0.952189 0.92267 0.909079 0.962857 0.911596 0.941656 0.941296 0.943992 0.917693 0.914488 0.920197 0.94036 0.921044 0.931835 0.940706 0.933997 0.944289 0.951565 0.959811 0.935016 0.950845 0.952565 0.959085 0.956044 0.950151 0.966571 0.962966 0.965464 0.974172 0.981858 0.984931 0.98925 0.996293 1.00264 1.00971 1.01585 1.02218 1.02627 1.04122 1.04982 1.04431 1.05984 1.06677 1.06683 1.08372 1.1001 1.0992 1.1152 1.13191 1.1132 1.13902 1.16529 1.16331 1.15937 1.18292 1.20863 1.20616 1.21046 1.23843 1.23042 1.27319 1.27067 1.27924 1.30523 1.31774 1.32229 1.35436 1.3627 1.35457 1.38945 1.41046 1.39619 1.4251 1.43891 1.44974 1.44833 1.5137 1.46664 1.54475 1.51934 1.55775 1.59582 1.5977 
0.972057 0.952618 1.01667 0.972321 0.969952 0.991098 0.941645 1.04108 0.986272 0.959108 0.952533 0.986489 0.92243 0.939282 0.973475 0.938392 0.89558 0.979661 0.949651 0.93624 0.934274 0.947349 0.936139 0.941964 0.931787 0.946274 0.92609 0.936972 0.933879 0.940832 0.922393 0.925488 0.922902 0.92014 0.938673 0.941006 0.951069 0.939636 0.938163 0.94875 0.954969 0.964952 0.967742 0.972492 0.973015 0.974164 0.981276 0.986066 0.990484 0.997274 1.00321 1.01035 1.01734 1.02245 1.02434 1.02805 1.04284 1.04964 1.06872 1.06723 1.08338 1.07339 1.09412 1.10443 1.11328 1.10752 1.13097 1.14907 1.15154 1.1692 1.18401 1.18006 1.17971 1.20133 1.22033 1.22247 1.2633 1.25122 1.27625 1.30265 1.3103 1.33391 1.3214 1.32873 1.38709 1.33713 1.3328 1.40613 1.43404 1.4397 1.43193 1.47061 1.4992 1.50213 1.52477 1.54424 1.50974 1.59549 1.52942 1.51767 
0.988173 0.959462 0.925401 0.953405 0.975406 0.974877 0.932784 0.980143 0.95477 0.933157 0.979192 0.967458 0.954142 0.959098 0.92128 0.942386 0.942227 0.911261 0.921414 0.963005 0.905661 0.924267 0.931531 0.936581 0.906258 0.919528 0.933917 0.920063 0.942819 0.940085 0.945805 0.951121 0.932817 0.924608 0.941672 0.940828 0.945837 0.954172 0.94784 0.958127 0.960616 0.960072 0.963198 0.967854 0.976241 0.972117 0.982434 0.984166 0.991841 0.996968 1.0033 1.00842 1.01455 1.01989 1.03014 1.03117 1.04071 1.04929 1.06304 1.07501 1.08127 1.08643 1.10047 1.09786 1.11802 1.11947 1.13842 1.13376 1.13622 1.16705 1.18395 1.18686 1.18347 1.20757 1.21384 1.23362 1.19674 1.25296 1.25479 1.22585 1.26274 1.31068 1.28506 1.35416 1.37918 1.36787 1.40198 1.39297 1.41505 1.41631 1.47958 1.4132 1.47547 1.48931 1.53968 1.50536 1.53819 1.5272 1.56202 1.57794 
0.957092 1.02885 0.977541 0.939817 1.00273 0.954734 0.998123 0.974625 0.947915 0.948663 0.977091 0.979106 0.948617 0.9676 0.982942 0.932546 0.913187 0.951664 0.936834 0.966703 0.927575 0.956432 0.963024 0.921033 0.939926 0.914217 0.91335 0.937757 0.942968 0.940506 0.924565 0.937011 0.93109 0.934911 0.948805 0.943414 0.939081 0.944074 0.943875 0.953628 0.947891 0.956152 0.962474 0.971188 0.968849 0.969992 0.978725 0.985842 0.990756 0.996911 1.00319 1.01062 1.01648 1.02484 1.03158 1.03331 1.04545 1.05811 1.06151 1.06745 1.07053 1.07949 1.09353 1.10789 1.11502 1.09955 1.132 1.14797 1.1583 1.17512 1.1596 1.19656 1.20609 1.21621 1.22058 1.24845 1.24547 1.2423 1.25917 1.29472 1.30197 1.28333 1.28644 1.30186 1.33994 1.3828 1.37341 1.37763 1.39633 1.43378 1.42544 1.49592 1.49654 1.49075 1.51546 1.54818 1.53163 1.51202 1.52806 1.47654 
0.99573 0.96338 0.971952 1.00109 0.999425 1.00441 1.00833 0.975047 1.0063 0.977502 0.960413 0.949448 0.994127 0.923644 0.939943 0.933747 0.968347 0.962727 0.946003 0.927297 0.930226 0.953192 0.921966 0.947003 0.943353 0.930854 0.943985 0.936382 0.911279 0.942889 0.942484 0.935126 0.943537 0.935748 0.960055 0.943517 0.951256 0.955939 0.955541 0.950785 0.958153 0.954441 0.963769 0.96868 0.972166 0.979232 0.975866 0.985089 0.991653 0.997753 1.00323 1.00852 1.01272 1.02098 1.02857 1.04162 1.03589 1.04647 1.06713 1.06856 1.06284 1.07973 1.10561 1.10657 1.11693 1.12709 1.11227 1.12642 1.15218 1.14003 1.1644 1.17559 1.18391 1.19927 1.20345 1.22151 1.22108 1.29266 1.27 1.29385 1.26059 1.33829 1.33177 1.34225 1.29946 1.3964 1.38459 1.37941 1.36192 1.39289 1.42496 1.49847 1.45865 1.51783 1.52467 1.53783 1.50642 1.57164 1.5534 1.48845 
0.988233 0.996097 0.989256 1.01206 1.03597 0.944636 1.02364 0.946691 0.933499 1.00009 0.948936 0.956376 0.981394 0.968403 0.911108 0.933246 0.925396 0.933035 0.965442 0.933417 0.934573 0.914967 0.916818 0.951957 0.945177 0.918975 0.915886 0.939 0.934792 0.934397 0.92541 0.932476 0.931562 0.949277 0.936024 0.945248 0.947582 0.945709 0.951666 0.961289 0.951287 0.96051 0.966564 0.969777 0.973067 0.977857 0.982454 0.984865 0.992117 0.997033 1.00276 1.0094 1.01565 1.0191 1.02989 1.03363 1.04146 1.03919 1.05592 1.06346 1.07288 1.08767 1.08477 1.11257 1.1188 1.11463 1.13578 1.11294 1.14213 1.14437 1.17966 1.20042 1.19018 1.1944 1.20967 1.23877 1.23687 1.25103 1.27908 1.30624 1.3211 1.31013 1.28133 1.33044 1.32157 1.31107 1.4241 1.38016 1.40488 1.41465 1.43386 1.42083 1.42665 1.51886 1.51812 1.51729 1.48643 1.56013 1.53788 1.60881 
0.995704 1.00022 1.01711 1.00252 0.990092 0.952667 0.921981 0.988575 0.943623 0.996618 0.960304 0.960819 0.982601 0.972199 0.969215 0.927559 0.961741 0.950547 0.938439 0.936635 0.966056 0.948865 0.931675 0.936252 0.943605 0.931177 0.938181 0.920127 0.957949 0.944726 0.920173 0.918371 0.923915 0.929231 0.94172 0.942971 0.94655 0.935993 0.945854 0.948904 0.96123 0.960752 0.964715 0.968026 0.978006 0.979487 0.981749 0.987449 0.991281 0.996954 1.0031 1.00864 1.01349 1.02232 1.02898 1.03371 1.04383 1.04589 1.05157 1.07082 1.08099 1.06558 1.08148 1.08036 1.10446 1.12758 1.12969 1.13072 1.14845 1.16454 1.15893 1.17405 1.17582 1.1926 1.22344 1.22565 1.21785 1.23875 1.28136 1.26788 1.28581 1.30569 1.3135 1.32417 1.34604 1.35657 1.34081 1.36834 1.42141 1.40117 1.41021 1.42624 1.41514 1.44442 1.50672 1.46299 1.48511 1.48099 1.49985 1.58358 
1.01944 1.02202 1.01523 1.02528 1.01725 1.00836 0.958376 0.978086 0.968021 0.986059 0.974183 0.966464 0.928572 0.939968 0.960847 0.969358 0.935752 0.946425 0.938982 0.944375 0.957815 0.913442 0.932331 0.927159 0.94319 0.950405 0.943933 0.93022 0.920313 0.956672 0.959156 0.961656 0.960227 0.936407 0.927144 0.946329 0.946092 0.944344 0.953208 0.957758 0.957485 0.953838 0.965291 0.971179 0.974245 0.976305 0.980108 0.989662 0.992265 0.996979 1.00288 1.00834 1.0168 1.01915 1.03208 1.03416 1.04082 1.05755 1.05955 1.06541 1.06407 1.08884 1.08866 1.10094 1.11095 1.11517 1.1074 1.12282 1.15458 1.17603 1.17184 1.16981 1.19325 1.2098 1.21371 1.20403 1.2284 1.24081 1.22547 1.25486 1.28452 1.30243 1.34333 1.31698 1.36402 1.36076 1.37845 1.38249 1.36388 1.4157 1.42781 1.45419 1.44837 1.42796 1.49212 1.51864 1.55342 1.48411 1.53836 1.58488 
1.03869 1.07246 0.990441 1.05013 1.00234 0.992456 0.931548 0.996451 0.961693 1.00849 0.998756 0.936641 0.93176 0.975472 0.967389 0.978048 0.950417 0.948883 0.956041 0.97848 0.914156 0.940667 0.917477 0.943363 0.946008 0.934204 0.921566 0.938113 0.94292 0.930604 0.946444 0.939449 0.935469 0.9428 0.926907 0.950864 0.949495 0.961297 0.960211 0.965593 0.961159 0.957842 0.959355 0.969662 0.974494 0.978685 0.985207 0.986672 0.991751 0.996851 1.00253 1.00847 1.01327 1.01898 1.02555 1.03174 1.04583 1.04195 1.05305 1.06209 1.07366 1.08125 1.08297 1.10478 1.10896 1.12396 1.13105 1.15159 1.13238 1.15267 1.15322 1.17481 1.20334 1.21133 1.20352 1.22482 1.23803 1.25236 1.27399 1.28334 1.26432 1.30863 1.30061 1.36233 1.34089 1.33504 1.34961 1.34485 1.40195 1.36751 1.40347 1.43039 1.45709 1.47999 1.47074 1.47803 1.46866 1.55138 1.54243 1.55711 
1.06637 1.03668 0.976279 1.02614 0.978058 0.992653 0.960595 0.977831 0.961834 0.948492 0.95007 0.99894 0.943568 0.972714 0.993137 0.943214 0.945452 0.952855 0.93533 0.938442 0.971433 0.928631 0.956371 0.938238 0.922739 0.929587 0.933085 0.938483 0.941576 0.930728 0.932177 0.944429 0.950274 0.946849 0.952679 0.938755 0.952942 0.929685 0.950799 0.954531 0.966287 0.966054 0.967439 0.970142 0.971667 0.977648 0.98674 0.985552 0.992599 0.997571 1.00257 1.00803 1.01421 1.01864 1.02818 1.03663 1.04247 1.04705 1.05568 1.06588 1.06369 1.07193 1.08854 1.08341 1.10455 1.10447 1.12424 1.12046 1.15413 1.17254 1.16455 1.17135 1.17219 1.18483 1.19999 1.24425 1.21143 1.24787 1.25818 1.25207 1.26151 1.26364 1.28865 1.34254 1.32742 1.34419 1.3695 1.36647 1.42806 1.39577 1.39794 1.41706 1.47039 1.48545 1.49446 1.52074 1.48424 1.49786 1.51787 1.55442 
1.06794 0.968559 1.02976 1.02564 0.985862 0.976566 0.994934 0.995779 1.00354 0.98978 0.935355 0.972058 0.977367 1.011 0.925072 0.947746 0.989453 0.965324 0.970486 0.95082 0.934656 0.953385 0.932661 0.948066 0.974462 0.959117 0.94144 0.931858 0.949954 0.943217 0.964545 0.94764 0.950321 0.942815 0.938741 0.946905 0.95926 0.95235 0.955276 0.94917 0.953186 0.96497 0.961243 0.971224 0.974132 0.976417 0.982491 0.988035 0.991526 0.997571 1.00304 1.00708 1.01562 1.02203 1.02362 1.03238 1.04543 1.04913 1.04628 1.07359 1.06371 1.08212 1.08298 1.09949 1.11458 1.10973 1.12416 1.12395 1.15392 1.16912 1.17025 1.1792 1.18281 1.19042 1.20368 1.22176 1.22622 1.21956 1.27631 1.25251 1.30547 1.27785 1.27246 1.31333 1.34322 1.33125 1.36355 1.35128 1.4179 1.40354 1.4179 1.45864 1.42855 1.49387 1.4791 1.47763 1.45646 1.52231 1.51342 1.57079 
1.03819 1.04591 1.01001 0.979602 0.982533 0.988703 1.00117 0.952092 0.986865 0.990234 0.988774 0.99739 0.970661 0.94608 1.00249 0.968027 0.987049 0.944685 0.944732 0.933617 0.952437 0.943112 0.939911 0.961732 0.965413 0.945354 0.94663 0.944204 0.940041 0.938634 0.964366 0.952929 0.944494 0.950003 0.935946 0.957441 0.939201 0.953448 0.958416 0.955329 0.958452 0.961643 0.963206 0.971713 0.977583 0.976166 0.980592 0.986156 0.993301 0.997337 1.00255 1.00856 1.01516 1.01953 1.02777 1.03457 1.03661 1.04757 1.05159 1.06484 1.07809 1.07817 1.09363 1.1052 1.1038 1.11871 1.12049 1.13667 1.15358 1.16082 1.17247 1.17532 1.17967 1.19259 1.22717 1.20625 1.23732 1.23592 1.26045 1.2515 1.28187 1.29603 1.31671 1.34472 1.35417 1.32316 1.36581 1.35661 1.36686 1.38039 1.43457 1.46101 1.41024 1.41545 1.47795 1.43877 1.54811 1.52028 1.54307 1.5119 
1.03228 0.995957 1.0225 0.995201 1.01395 1.00944 1.01428 0.978311 1.00617 0.997443 1.00108 0.973567 0.969422 0.963447 1.00127 0.942477 0.9709 0.946853 0.984667 0.908622 0.925673 0.942287 0.936481 0.962023 0.936301 0.961273 0.952807 0.944322 0.917799 0.937141 0.954774 0.961802 0.957106 0.94486 0.959524 0.951039 0.962279 0.960866 0.951161 0.960742 0.958208 0.960312 0.967016 0.971491 0.976194 0.978979 0.98774 0.986637 0.993817 0.997136 1.00246 1.0078 1.01241 1.01854 1.03444 1.03091 1.03815 1.05511 1.05366 1.06193 1.06912 1.08503 1.08683 1.09893 1.10473 1.12132 1.12393 1.13777 1.14134 1.15943 1.17925 1.17145 1.16584 1.21061 1.23403 1.20787 1.2185 1.22684 1.25347 1.21975 1.26563 1.32493 1.31602 1.30999 1.36897 1.35227 1.31491 1.38745 1.35927 1.43307 1.4019 1.43217 1.45212 1.40591 1.49573 1.43127 1.53543 1.45397 1.56656 1.57736 
1.02203 1.07445 0.943256 1.04218 0.983416 1.02895 1.00101 1.01061 0.995339 0.959626 1.00399 0.95727 0.989534 0.958956 0.979016 0.956579 0.986183 0.957352 0.968049 0.995214 0.912819 0.980834 0.939947 0.925646 0.954366 0.945075 0.93334 0.947262 0.95591 0.944064 0.936286 0.941258 0.952546 0.959607 0.962491 0.953143 0.931255 0.947459 0.955333 0.969019 0.958989 0.97084 0.968849 0.972637 0.973904 0.984397 0.98243 0.988843 0.991623 0.997187 1.00335 1.00829 1.01187 1.01909 1.02386 1.02729 1.04057 1.05577 1.0515 1.06521 1.08208 1.077 1.08364 1.09082 1.09953 1.13611 1.13635 1.12794 1.16881 1.15627 1.16763 1.16816 1.17999 1.19281 1.19088 1.21746 1.22291 1.19677 1.2411 1.27814 1.26863 1.29001 1.26046 1.29099 1.3598 1.32019 1.34874 1.34336 1.34599 1.34194 1.44663 1.42749 1.44561 1.50237 1.43702 1.53576 1.46365 1.47392 1.56596 1.58984 
1.03668 0.999254 0.97736 1.04093 0.961321 0.985729 0.970104 0.97 1.01962 0.982127 0.971093 0.981354 0.972388 0.968002 0.949049 0.993068 0.967541 0.942329 0.934841 0.941523 0.96299 0.925831 0.979521 0.961538 0.938826 0.973192 0.953017 0.960069 0.937409 0.961433 0.954253 0.935463 0.948771 0.952002 0.954031 0.947071 0.948456 0.955312 0.962674 0.95903 0.961339 0.960007 0.97852 0.970799 0.974033 0.976456 0.983527 0.987448 0.993325 0.996911 1.00304 1.00778 1.01285 1.01699 1.02553 1.03609 1.03179 1.04215 1.06167 1.05838 1.06901 1.07189 1.08712 1.10001 1.09729 1.10805 1.11818 1.13579 1.12938 1.15962 1.1531 1.15006 1.17671 1.20386 1.20052 1.19704 1.23873 1.21494 1.25783 1.24669 1.26123 1.28743 1.3121 1.32503 1.31282 1.32195 1.35361 1.36298 1.35736 1.45911 1.42114 1.38093 1.39032 1.46527 1.49049 1.47315 1.49094 1.48961 1.54176 1.57799 
1.03147 1.00768 0.998329 1.06063 1.04866 0.978954 0.980789 0.980819 0.955019 1.01306 0.98074 0.974796 0.999088 1.00164 0.955533 0.996803 0.960164 0.933969 0.976565 0.955056 0.948652 0.966353 0.96806 0.945344 0.969142 0.95147 0.961313 0.920981 0.961749 0.942209 0.957179 0.919535 0.957026 0.946991 0.952274 0.956713 0.951629 0.949413 0.961796 0.955968 0.957695 0.968451 0.967418 0.974102 0.970117 0.978301 0.980981 0.985762 0.992803 0.996897 1.00249 1.00821 1.01432 1.01497 1.02552 1.03337 1.0387 1.0363 1.04775 1.05711 1.06224 1.07983 1.09364 1.07978 1.10087 1.08754 1.1204 1.11633 1.14232 1.1443 1.15613 1.18269 1.15928 1.2121 1.19234 1.22435 1.22524 1.23457 1.24094 1.27499 1.25843 1.28809 1.29024 1.33251 1.3261 1.38541 1.31615 1.34025 1.40651 1.40317 1.3799 1.41314 1.43414 1.51054 1.45158 1.46607 1.52258 1.52968 1.50969 1.51759 
1.0084 1.05158 1.03124 1.01983 0.997561 1.01713 0.989607 1.00558 0.982566 1.00567 1.01215 1.01554 1.01877 0.950774 0.987819 0.938145 0.958385 0.985024 0.963759 0.975003 0.969718 0.933945 0.938211 0.932524 0.978181 0.941289 0.950944 0.952408 0.947983 0.943072 0.931269 0.955235 0.963171 0.939719 0.950945 0.956489 0.957295 0.96594 0.960023 0.957418 0.954851 0.971716 0.968258 0.976163 0.978945 0.97557 0.985549 0.989155 0.991144 0.997274 1.00254 1.00782 1.01495 1.02054 1.03183 1.02855 1.05296 1.03976 1.04758 1.05999 1.06573 1.07664 1.08723 1.09015 1.08621 1.111 1.11464 1.10851 1.12682 1.11898 1.14493 1.19352 1.18642 1.19166 1.20345 1.17985 1.21789 1.20308 1.24556 1.27924 1.29644 1.27356 1.28561 1.28352 1.34267 1.30464 1.34338 1.33786 1.42625 1.39687 1.37365 1.37888 1.3836 1.42306 1.47442 1.479 1.54768 1.52175 1.54714 1.47967 
0.984043 0.987473 1.04629 1.05312 1.00239 1.00848 0.989665 0.987599 1.03487 1.01412 0.953039 1.01735 0.957457 0.977425 0.943459 0.972736 0.966672 0.978961 0.962247 0.997659 0.944786 0.936965 0.963822 0.953462 0.949303 0.929277 0.966621 0.955672 0.937142 0.9673 0.951719 0.936537 0.949896 0.941382 0.93863 0.959871 0.959834 0.959925 0.96118 0.962476 0.965587 0.957361 0.976304 0.970901 0.981292 0.980588 0.981974 0.986494 0.992364 0.997591 1.00305 1.00811 1.01533 1.02094 1.02695 1.03222 1.0338 1.04444 1.05218 1.06236 1.06684 1.07589 1.08379 1.10451 1.10465 1.10653 1.10809 1.11268 1.136 1.13905 1.16994 1.1637 1.18776 1.19317 1.17125 1.19699 1.21979 1.23163 1.25423 1.26648 1.25873 1.27155 1.28463 1.30431 1.31384 1.37453 1.3422 1.35873 1.351 1.38221 1.38082 1.43957 1.43275 1.47052 1.43985 1.51278 1.47317 1.54984 1.51251 1.50893 
0.98308 0.985384 0.999494 0.9874 1.03236 1.0442 0.990617 0.994482 1.02251 0.967223 0.97171 1.00454 0.989983 0.948276 0.956006 1.00669 0.970952 0.951609 0.957485 0.968603 0.959656 0.954119 0.970471 0.911922 0.953538 0.956649 0.946029 0.936869 0.965673 0.945426 0.94653 0.951849 0.949641 0.961296 0.969494 0.949315 0.956452 0.951465 0.966734 0.966974 0.963057 0.964752 0.962211 0.973757 0.973132 0.981194 0.985943 0.987558 0.99399 0.997267 1.00239 1.00757 1.01432 1.02099 1.02371 1.03171 1.0382 1.04212 1.04622 1.06191 1.06917 1.06936 1.09252 1.08879 1.09193 1.09709 1.12191 1.10841 1.15349 1.15476 1.15369 1.16366 1.18163 1.18436 1.17138 1.20559 1.21255 1.24529 1.21937 1.2658 1.28202 1.26656 1.30932 1.27944 1.34583 1.28026 1.29785 1.36429 1.39623 1.37446 1.38531 1.45776 1.45285 1.40816 1.46162 1.50189 1.44329 1.52962 1.50521 1.54443 
1.0073 1.02556 1.04175 1.00764 1.03584 1.04253 1.01562 1.00169 1.00794 0.988615 1.00987 1.01472 1.01177 1.01833 0.95365 0.949284 0.983602 0.969336 0.985931 0.955909 0.95479 0.950614 0.955312 0.954926 0.935487 0.959577 0.946392 0.946799 0.957282 0.954732 0.965713 0.957053 0.960564 0.946843 0.951121 0.958177 0.9684 0.961961 0.96041 0.949519 0.959485 0.961648 0.980159 0.972032 0.979473 0.984044 0.981015 0.989974 0.991267 0.997785 1.00254 1.00791 1.0134 1.01724 1.02355 1.03371 1.03287 1.04944 1.05168 1.05648 1.06043 1.0684 1.08217 1.10475 1.10135 1.11953 1.0993 1.13233 1.14177 1.1401 1.14165 1.15126 1.15356 1.20133 1.18614 1.23865 1.20838 1.21922 1.231 1.26169 1.28191 1.27051 1.25894 1.2602 1.26695 1.34099 1.31034 1.37152 1.42415 1.37429 1.37616 1.42001 1.39198 1.38448 1.42143 1.46129 1.5156 1.48398 1.52237 1.56846 
1.03464 1.04189 1.01276 1.0085 1.04465 0.995042 1.0077 0.952215 1.00999 0.98907 0.990962 0.983941 0.945802 0.987615 0.963736 0.96709 0.982088 0.958503 0.982948 0.960575 0.93682 0.960517 0.948578 0.93858 0.958114 0.937824 0.955173 0.960469 0.945298 0.941999 0.960761 0.950773 0.954453 0.952539 0.953352 0.964865 0.949553 0.947107 0.971538 0.957591 0.966311 0.959039 0.973837 0.975079 0.976139 0.985566 0.9842 0.98807 0.99258 0.997474 1.00205 1.00716 1.01269 1.01878 1.02921 1.03594 1.03556 1.04853 1.05675 1.05434 1.0695 1.08812 1.09092 1.09205 1.11002 1.10218 1.11663 1.11138 1.11334 1.13443 1.16085 1.16429 1.1744 1.18192 1.18357 1.21061 1.23132 1.25983 1.24441 1.24088 1.30332 1.24283 1.30711 1.29159 1.3143 1.33638 1.33504 1.37394 1.39261 1.4043 1.38056 1.41478 1.42209 1.42369 1.408 1.46988 1.49273 1.5044 1.50876 1.49335 
1.06691 1.00638 1.04684 1.01333 1.02084 0.969154 0.978353 0.999449 1.02129 1.01672 1.01201 0.969843 0.980351 0.997187 0.952094 0.965559 0.98567 0.9616 0.975472 0.966723 0.961921 0.96052 0.96858 0.941817 0.965445 0.974385 0.959645 0.97875 0.936464 0.94909 0.952518 0.955559 0.951694 0.962809 0.938269 0.960186 0.964589 0.948308 0.971168 0.967199 0.968069 0.970998 0.966637 0.970511 0.977598 0.981665 0.985357 0.989482 0.990988 0.997123 1.00247 1.00695 1.01449 1.01808 1.02294 1.02616 1.03316 1.04696 1.05823 1.05911 1.07517 1.07314 1.07818 1.08739 1.09247 1.11423 1.10991 1.13208 1.13684 1.15771 1.16268 1.15951 1.1633 1.14504 1.19821 1.23697 1.199 1.2277 1.27529 1.23508 1.24692 1.26103 1.25171 1.26565 1.31385 1.29992 1.31175 1.33501 1.33484 1.35627 1.4168 1.4194 1.37038 1.47715 1.43788 1.46781 1.4614 1.46409 1.4914 1.45052 
1.14314 1.05925 1.01642 1.06125 1.05104 1.03638 1.02792 1.01496 1.01524 1.03219 1.00213 1.00085 1.0075 0.997113 0.961063 0.974544 0.956271 0.959851 0.993224 0.957023 0.950293 0.966447 0.968209 0.929897 0.964409 0.970587 0.985238 0.963615 0.956689 0.959688 0.951867 0.940491 0.962346 0.951263 0.961185 0.954219 0.960046 0.959298 0.958673 0.970185 0.9631 0.963648 0.974302 0.980869 0.975552 0.977185 0.986436 0.988411 0.993424 0.997883 1.00264 1.00885 1.0117 1.02005 1.02885 1.03312 1.03974 1.04752 1.0512 1.06417 1.0537 1.06948 1.07841 1.088 1.09941 1.10695 1.11624 1.14056 1.13881 1.14183 1.14486 1.1757 1.15206 1.15703 1.19304 1.18233 1.22874 1.20558 1.23059 1.2509 1.25427 1.27943 1.30057 1.30941 1.33183 1.29617 1.33411 1.3639 1.39786 1.38376 1.39727 1.44841 1.42253 1.42476 1.39718 1.44506 1.48512 1.49602 1.50055 1.50034 
1.08213 1.09767 1.05939 1.0309 1.00315 1.0104 1.02408 1.00369 0.984437 1.01449 0.961974 0.985483 0.989197 0.967754 0.947226 0.960382 1.00094 0.994341 0.988751 0.972141 0.978915 0.985858 0.968411 0.959613 0.967446 0.945733 0.953741 0.947963 0.958677 0.957172 0.97689 0.947768 0.962385 0.949525 0.965503 0.950759 0.96433 0.962929 0.95384 0.95689 0.959703 0.968312 0.972294 0.97922 0.9783 0.978368 0.988672 0.988984 0.99352 0.997315 1.00283 1.00781 1.01455 1.01905 1.02519 1.02917 1.03408 1.03485 1.0565 1.06137 1.06896 1.06626 1.05666 1.09771 1.10426 1.11304 1.13228 1.13187 1.13423 1.15411 1.15045 1.12897 1.16115 1.19685 1.19604 1.1977 1.21781 1.21193 1.23635 1.21972 1.26715 1.25997 1.30104 1.29024 1.31307 1.33324 1.31626 1.30049 1.40287 1.34076 1.35869 1.40088 1.41185 1.43625 1.43812 1.48151 1.45214 1.48781 1.5647 1.47728 
1.04696 1.00281 1.03838 1.04904 1.0275 1.02478 1.03359 0.961801 0.988639 1.01167 0.994502 0.964431 1.00652 0.954792 1.002 0.965667 1.01441 1.00223 0.983129 0.949219 0.967132 0.972134 0.956017 0.999708 0.975616 0.967985 0.944769 0.9625 0.959842 0.959035 0.945963 0.957869 0.949607 0.95589 0.964905 0.957865 0.950444 0.962016 0.955588 0.971264 0.966203 0.967605 0.978159 0.972687 0.984549 0.978717 0.984524 0.989808 0.995055 0.997745 1.00252 1.00903 1.01233 1.01842 1.02329 1.02665 1.02592 1.04406 1.04111 1.06066 1.05704 1.07508 1.06819 1.08648 1.10125 1.08163 1.13126 1.11356 1.12745 1.16126 1.13198 1.15691 1.1525 1.20509 1.17574 1.2187 1.23521 1.24656 1.2358 1.2561 1.23386 1.24159 1.30529 1.29407 1.31811 1.34765 1.29874 1.34306 1.3663 1.34711 1.39365 1.41607 1.4425 1.47373 1.47199 1.49087 1.46251 1.48692 1.53599 1.57087 
0.994376 1.08658 0.984464 0.992966 1.06611 1.05708 1.03008 1.06266 1.00347 1.0372 1.02708 0.986048 0.984159 0.975814 1.015 0.989178 0.99141 0.977299 0.975482 1.00245 0.978038 0.969167 0.948595 0.964011 0.965815 0.973135 0.949961 0.963031 0.975237 0.968093 0.967722 0.949336 0.964173 0.9477 0.963101 0.946104 0.94326 0.957002 0.956935 0.971152 0.969049 0.962258 0.977156 0.977453 0.97798 0.98275 0.985679 0.991125 0.994301 0.997443 1.00202 1.00695 1.01248 1.01465 1.02167 1.03118 1.03177 1.03838 1.05393 1.05429 1.06114 1.07624 1.07001 1.08462 1.10076 1.10423 1.10869 1.11762 1.12032 1.13539 1.14299 1.14475 1.17059 1.18209 1.17869 1.20433 1.21773 1.21495 1.25806 1.26162 1.265 1.26808 1.30161 1.27496 1.33481 1.28629 1.28818 1.34851 1.35013 1.38651 1.36602 1.38591 1.3995 1.48844 1.46288 1.40338 1.44014 1.48436 1.49679 1.445 
1.04282 1.11291 1.0347 1.04901 1.06241 1.01497 1.02678 1.023 1.01777 1.01196 1.02105 0.990839 0.97191 1.00442 1.00489 0.96762 1.00236 0.954138 0.973324 0.978779 0.956256 0.95165 0.964921 0.955826 0.984048 0.960376 0.96052 0.963011 0.964666 0.944321 0.970008 0.975668 0.969284 0.956377 0.950226 0.955574 0.954585 0.960966 0.951235 0.963884 0.967774 0.963977 0.973999 0.970198 0.974934 0.977946 0.984753 0.990867 0.993259 0.998033 1.0021 1.00648 1.01225 1.0209 1.02292 1.03036 1.03474 1.03157 1.04675 1.05241 1.06444 1.07572 1.07766 1.08286 1.10209 1.09939 1.11388 1.1329 1.12649 1.1388 1.14968 1.16408 1.14085 1.17014 1.18493 1.21036 1.20591 1.21039 1.23959 1.25829 1.23979 1.24955 1.24981 1.30298 1.30971 1.30205 1.34919 1.31253 1.3683 1.3541 1.36009 1.38752 1.39536 1.44319 1.42889 1.40854 1.52423 1.47761 1.52652 1.50982 
1.01274 0.991357 1.07528 1.02851 0.994534 1.02069 1.00997 1.03245 1.04887 0.996417 1.01155 0.989067 0.98573 0.989446 1.00536 0.974454 0.996282 0.947312 0.93354 0.949337 0.993802 0.936946 0.963704 0.980266 0.947507 0.960922 0.951432 0.987411 0.944325 0.980121 0.975606 0.958536 0.95312 0.961056 0.968074 0.970301 0.958965 0.971713 0.977343 0.966652 0.961139 0.977866 0.969723 0.968686 0.979123 0.980624 0.986535 0.987412 0.993944 0.997388 1.00218 1.00688 1.0121 1.01906 1.02036 1.02456 1.03211 1.043 1.04651 1.05681 1.05663 1.07746 1.08055 1.078 1.09097 1.0914 1.09457 1.1174 1.14101 1.12822 1.15382 1.14356 1.17317 1.18234 1.19497 1.16923 1.1979 1.23637 1.23921 1.23043 1.23932 1.25073 1.24291 1.30837 1.29196 1.38553 1.36278 1.37311 1.33126 1.33095 1.39548 1.43273 1.4157 1.45169 1.45471 1.41435 1.43277 1.45455 1.51975 1.52591 
1.07106 1.06297 1.09222 1.02414 1.01439 1.03602 1.05534 1.00348 1.04481 1.06577 0.992371 0.978944 0.97762 0.991664 0.983456 0.985581 0.989752 0.961898 0.995857 0.985263 0.968742 0.968372 0.934185 0.958003 0.972077 0.953134 0.96634 0.974441 0.967212 0.962729 0.950457 0.954704 0.962012 0.965283 0.964121 0.959278 0.974527 0.965501 0.966179 0.971527 0.972142 0.973599 0.968735 0.969034 0.979923 0.985216 0.990066 0.988213 0.99326 0.99717 1.00231 1.00669 1.01217 1.0194 1.02179 1.0292 1.03842 1.04857 1.04656 1.0645 1.05511 1.07157 1.07111 1.09272 1.10561 1.1053 1.09892 1.12379 1.13448 1.12858 1.12293 1.16569 1.15826 1.17145 1.19313 1.18563 1.21539 1.21265 1.20066 1.24165 1.27323 1.28761 1.28187 1.27853 1.28435 1.29654 1.33287 1.34082 1.35514 1.32104 1.3807 1.40116 1.37185 1.41223 1.4432 1.44793 1.50405 1.41956 1.42238 1.51772 
1.09608 1.08689 1.05035 1.05451 1.03408 1.02193 1.04782 1.05031 1.00931 1.00592 0.980892 1.01444 1.00743 0.984972 1.00059 1.02777 0.986154 0.963223 0.993671 0.976386 0.966592 0.990674 1.01187 0.984908 0.975584 0.979657 0.970352 0.977419 0.974162 0.951829 0.966089 0.967857 0.97038 0.951394 0.962357 0.947371 0.955549 0.972188 0.972265 0.967125 0.970172 0.963549 0.977969 0.972209 0.977884 0.986634 0.984726 0.988956 0.991632 0.997961 1.00256 1.00633 1.01495 1.0164 1.02071 1.02698 1.02808 1.04406 1.05057 1.04313 1.05098 1.07117 1.06911 1.08331 1.09309 1.07916 1.11003 1.10763 1.12126 1.13256 1.14638 1.14648 1.16493 1.17736 1.18857 1.19461 1.21513 1.23327 1.23259 1.26186 1.21899 1.27049 1.28984 1.3009 1.28325 1.26666 1.34148 1.32909 1.39291 1.37101 1.41077 1.36766 1.41334 1.41529 1.38467 1.4044 1.45017 1.47915 1.46802 1.5035 
1.11282 1.04368 1.08644 1.04625 1.07534 1.00193 1.02602 1.04345 1.01059 1.03907 0.990849 0.988106 1.02864 0.986844 0.943205 1.00882 0.980113 0.992664 0.982216 0.936948 0.983838 0.981793 0.965168 0.957481 0.968101 0.968034 0.970382 0.967273 0.955474 0.952864 0.96059 0.976694 0.952999 0.94106 0.956853 0.972089 0.976634 0.969933 0.968938 0.969164 0.971748 0.967733 0.970842 0.975683 0.981363 0.987276 0.984302 0.988586 0.994188 0.998261 1.00225 1.00571 1.0114 1.01719 1.01998 1.02792 1.03534 1.03885 1.04806 1.0602 1.05214 1.06287 1.07303 1.0765 1.08971 1.09626 1.10705 1.11253 1.13529 1.13411 1.13879 1.12415 1.16863 1.17558 1.18227 1.18688 1.2016 1.20906 1.23277 1.22675 1.24533 1.25408 1.26844 1.29252 1.3175 1.29466 1.31199 1.32545 1.3728 1.33569 1.39488 1.34407 1.43239 1.42634 1.42287 1.43072 1.40795 1.44841 1.55423 1.48224 
1.10179 1.08517 1.08356 1.087 1.05348 1.0123 1.04823 1.03176 1.0008 1.03677 0.973586 1.00906 0.984796 1.02016 1.00773 0.96061 0.985383 0.98591 0.971074 0.976215 0.988751 0.964999 0.978871 0.931193 0.972427 0.982838 0.949057 0.964962 0.954899 0.981355 0.97786 0.980836 0.962591 0.962143 0.961127 0.961698 0.959127 0.95906 0.965928 0.964804 0.97392 0.973847 0.971731 0.973527 0.980953 0.989503 0.984354 0.990841 0.993864 0.997849 1.00262 1.00666 1.01285 1.01667 1.02464 1.02629 1.03208 1.03873 1.05233 1.05345 1.06833 1.06134 1.06478 1.08764 1.08676 1.10555 1.10827 1.10712 1.11057 1.11822 1.12818 1.15317 1.17101 1.16367 1.16891 1.18454 1.17846 1.23361 1.22431 1.21764 1.2357 1.26784 1.28528 1.309 1.2869 1.31119 1.28899 1.34852 1.37428 1.38084 1.33751 1.37404 1.4 1.43534 1.43202 1.41012 1.38825 1.5229 1.43848 1.47359 
1.06512 1.00614 1.03044 1.07703 1.09332 1.02596 1.11352 1.01354 0.992463 1.0233 1.00288 1.00947 1.00813 1.01033 0.992903 1.02344 0.998535 1.02215 0.980079 0.96887 0.965318 0.960555 0.985574 0.964689 0.962245 0.977812 0.97143 0.970823 0.946006 0.956411 0.944865 0.965126 0.95235 0.963501 0.945035 0.970739 0.988271 0.97995 0.973765 0.972193 0.960473 0.974151 0.979057 0.977662 0.977507 0.983792 0.983872 0.989838 0.992728 0.998278 1.0021 1.00652 1.01513 1.01645 1.02446 1.02589 1.03618 1.03725 1.04437 1.06771 1.0623 1.07452 1.0807 1.06976 1.09121 1.1034 1.12012 1.10627 1.12636 1.13804 1.1255 1.13513 1.14476 1.17814 1.18714 1.21167 1.23063 1.19134 1.22344 1.22244 1.23677 1.24374 1.25066 1.28117 1.27685 1.28386 1.32103 1.33615 1.36504 1.34759 1.35474 1.38837 1.41405 1.40286 1.41891 1.41815 1.50045 1.47613 1.49334 1.46952 
1.06946 1.09607 1.06172 1.10349 1.03788 1.0285 1.03558 1.03482 1.06983 1.01823 1.00595 1.01039 0.999829 1.01776 1.0149 1.04124 0.994198 0.988722 0.985448 1.00862 1.00921 0.975669 0.980556 0.968357 1.0058 0.953895 0.963795 0.974756 0.977664 0.969316 0.956773 0.979012 0.973494 0.965799 0.981356 0.967633 0.964207 0.962243 0.963561 0.96718 0.96323 0.973639 0.975195 0.984272 0.979995 0.987155 0.98654 0.990436 0.993504 0.997937 1.00231 1.00638 1.00938 1.01685 1.02321 1.02899 1.03881 1.03801 1.03972 1.04235 1.06296 1.07714 1.06631 1.08077 1.08238 1.0966 1.11007 1.13264 1.118 1.11437 1.13046 1.1528 1.1899 1.19297 1.19169 1.17816 1.18885 1.2416 1.21173 1.22564 1.23424 1.27027 1.27432 1.27577 1.30222 1.29576 1.33282 1.33294 1.32061 1.41344 1.39717 1.37413 1.41086 1.39303 1.41419 1.43298 1.46544 1.46556 1.47921 1.52462 
1.016 1.04935 1.04023 1.08294 1.01123 0.995838 1.01728 1.05894 1.03772 1.0348 1.01372 1.02331 0.990846 1.03525 0.984633 0.977962 0.980064 1.00009 1.01977 0.999135 0.923005 0.969394 0.953207 0.983639 0.999225 0.980302 0.968573 0.954784 0.992716 0.96173 0.960119 0.95968 0.962309 0.975974 0.96559 0.97138 0.969566 0.955893 0.961344 0.95879 0.977801 0.974233 0.973692 0.972836 0.974278 0.976703 0.986906 0.991936 0.992966 0.997902 1.00233 1.00553 1.01096 1.01636 1.02401 1.02679 1.03258 1.0348 1.04031 1.05763 1.06606 1.0598 1.08083 1.06939 1.08213 1.09311 1.09818 1.11814 1.11058 1.13734 1.13161 1.14708 1.16839 1.16796 1.17204 1.18307 1.18793 1.21259 1.25151 1.21882 1.26314 1.24254 1.26525 1.28111 1.28152 1.2775 1.33192 1.32512 1.39278 1.35059 1.35563 1.35395 1.39508 1.37291 1.43828 1.46049 1.46812 1.47392 1.50627 1.50105 
1.08783 1.10899 1.08397 1.06123 1.03192 1.02475 1.08085 1.04294 1.0582 1.04373 1.01421 1.02535 1.02645 0.991773 0.985231 0.963099 1.01665 0.984179 0.966816 0.978027 1.03137 1.00198 0.969005 0.973769 0.965444 0.968228 0.981915 0.977908 0.969539 0.946651 0.96305 0.961493 0.961603 0.965791 0.963759 0.952296 0.964252 0.978159 0.979706 0.969643 0.973085 0.968251 0.969123 0.976697 0.979572 0.984839 0.984252 0.990572 0.994279 0.99834 1.00234 1.0076 1.01258 1.01588 1.02409 1.024 1.03294 1.04158 1.0451 1.04754 1.05409 1.07175 1.08035 1.08781 1.08044 1.10582 1.11959 1.11445 1.12813 1.13461 1.13222 1.14538 1.15374 1.16231 1.18948 1.19104 1.18353 1.21925 1.21476 1.2317 1.2453 1.26463 1.23466 1.285 1.25574 1.30522 1.34507 1.34742 1.29297 1.35348 1.35238 1.38292 1.38122 1.425 1.42102 1.44239 1.3534 1.43995 1.44651 1.44274 
1.1012 1.11022 1.0996 1.09198 1.05164 1.05621 1.05001 1.04459 1.02775 0.996634 1.00865 1.01695 1.02487 1.02632 1.01615 0.976205 0.9849 1.00217 1.01736 0.978433 0.995122 0.978925 1.00139 0.982191 0.982921 0.975147 0.972044 0.959275 0.974945 0.972503 0.947847 0.977051 0.969559 0.97065 0.96601 0.974634 0.954536 0.975756 0.974614 0.964616 0.964416 0.982623 0.976285 0.981349 0.986208 0.983303 0.980024 0.989869 0.995226 0.998201 1.00249 1.00775 1.0103 1.0176 1.02078 1.02859 1.03594 1.03796 1.04873 1.0484 1.05918 1.06036 1.06339 1.0752 1.08436 1.09549 1.09419 1.09575 1.11268 1.13241 1.13391 1.12627 1.14081 1.13899 1.15526 1.19415 1.20172 1.20465 1.20041 1.22959 1.25039 1.25012 1.26418 1.30161 1.28011 1.30041 1.36039 1.30655 1.32929 1.31605 1.39395 1.37738 1.37566 1.41951 1.45163 1.40938 1.45908 1.46978 1.44978 1.45718 
1.08636 1.08081 1.04165 1.06036 1.03244 1.06177 1.02803 1.01523 1.01889 1.06089 1.03569 1.00563 1.03123 0.964556 0.989102 1.04512 1.00462 0.984765 0.985627 0.988091 0.960938 0.979435 0.966577 0.991778 0.989979 0.977272 0.954497 0.953069 0.965472 0.958655 0.988379 0.963359 0.965855 0.962472 0.966216 0.968077 0.964006 0.967502 0.968779 0.965552 0.964189 0.980698 0.971446 0.975305 0.983946 0.983722 0.988364 0.993525 0.993963 0.998139 1.00197 1.00668 1.01366 1.0147 1.02066 1.01977 1.03171 1.03283 1.03668 1.05353 1.04938 1.05621 1.07727 1.07967 1.07805 1.1027 1.09293 1.12255 1.08903 1.12488 1.11669 1.12379 1.1553 1.13946 1.18029 1.19426 1.21801 1.20109 1.2145 1.22346 1.2108 1.25873 1.25598 1.28952 1.30555 1.30674 1.28081 1.31639 1.34274 1.34235 1.37661 1.37749 1.36351 1.40129 1.38409 1.44586 1.47342 1.48598 1.50119 1.42328 
1.05016 1.12122 0.993666 1.05484 1.08696 1.03462 1.02071 1.04227 1.06187 1.02748 1.03913 1.0189 1.04976 0.971054 1.02429 1.02022 0.99874 0.970577 0.996396 0.970965 0.979507 0.967952 0.989227 0.998007 0.976055 1.00196 0.966774 0.974664 0.973689 0.984835 0.967482 0.978968 0.969467 0.957471 0.971776 0.956079 0.972584 0.965821 0.953832 0.974276 0.976802 0.969205 0.970978 0.97772 0.98369 0.981124 0.987265 0.991391 0.992108 0.997539 1.00166 1.00596 1.01307 1.01779 1.02233 1.02856 1.03933 1.04022 1.04045 1.04175 1.05741 1.06415 1.05303 1.07779 1.0732 1.09684 1.10515 1.10962 1.12666 1.11522 1.13893 1.1749 1.15396 1.16397 1.19094 1.19954 1.18658 1.18186 1.21658 1.24134 1.23881 1.22174 1.25471 1.28491 1.27233 1.24219 1.26458 1.31196 1.34121 1.32974 1.35957 1.37885 1.38496 1.39537 1.41749 1.39343 1.4666 1.44074 1.4737 1.44429 
1.06584 1.06053 1.10903 1.10237 1.07643 1.03912 1.01952 1.02527 1.09493 1.05475 1.03215 1.03247 0.996803 1.01448 1.00699 1.04521 1.01164 1.0117 0.981308 0.998635 0.994635 0.995292 0.98389 0.980471 0.982011 0.972339 0.965823 0.980379 0.959741 0.959025 0.960758 0.961214 0.963152 0.954898 0.962063 0.971585 0.977231 0.974926 0.968643 0.973294 0.980068 0.971211 0.977053 0.972476 0.985246 0.983096 0.990011 0.992129 0.994034 0.998067 1.00214 1.00542 1.01047 1.01396 1.02007 1.03069 1.03141 1.03542 1.03983 1.04963 1.06164 1.06121 1.05816 1.08543 1.07061 1.1029 1.08822 1.12265 1.10625 1.135 1.15127 1.12504 1.13905 1.14499 1.19193 1.18816 1.18832 1.21342 1.20136 1.19441 1.2235 1.26342 1.24728 1.29034 1.28252 1.28558 1.29089 1.30387 1.3154 1.32873 1.37325 1.35281 1.41159 1.37713 1.37242 1.41927 1.41501 1.43123 1.44408 1.46608 
1.04446 1.12103 1.0498 1.08919 1.04661 1.03822 1.03312 1.07774 1.02525 1.05883 1.03347 1.01579 1.01208 1.02324 0.996201 1.00953 1.04055 1.0115 0.981402 0.974832 1.00054 0.979763 0.984111 0.968873 0.974662 0.99344 0.960599 0.988998 0.979613 0.982923 0.960533 0.961526 0.970052 0.9704 0.949727 0.977665 0.969953 0.970624 0.971698 0.968186 0.967847 0.974771 0.978039 0.980867 0.977977 0.987127 0.989679 0.989569 0.994782 0.998122 1.00165 1.00828 1.01429 1.01395 1.02011 1.02562 1.03098 1.03752 1.04229 1.04365 1.051 1.06063 1.06809 1.06887 1.09158 1.0783 1.09993 1.10545 1.11913 1.10899 1.11902 1.14184 1.15254 1.14516 1.18649 1.14627 1.19079 1.19805 1.20671 1.21901 1.21714 1.24597 1.24702 1.29281 1.28794 1.26868 1.28623 1.31538 1.33895 1.31456 1.31457 1.31805 1.38237 1.35086 1.42313 1.4606 1.52606 1.42015 1.42652 1.47264 
1.08973 1.13342 1.03992 1.09777 1.07787 1.05301 1.05834 1.05917 1.06369 1.00269 1.05992 0.989425 1.02956 0.990748 0.998639 1.00954 0.97728 1.00672 1.0144 0.98772 0.975123 0.945232 0.981037 0.984405 0.995369 0.99939 0.95396 0.98746 0.971752 0.967818 0.976464 0.956101 0.975832 0.973418 0.967726 0.987939 0.964746 0.97295 0.960108 0.9752 0.97549 0.975944 0.97554 0.978382 0.984448 0.989151 0.987536 0.992102 0.993788 0.998159 1.00154 1.00603 1.01035 1.01407 1.02159 1.02541 1.02968 1.03915 1.04516 1.04926 1.04545 1.04458 1.06782 1.06631 1.07353 1.08596 1.10513 1.09093 1.12637 1.13895 1.136 1.13642 1.16519 1.14538 1.17828 1.1829 1.17715 1.18218 1.18238 1.21241 1.20832 1.22496 1.2544 1.26676 1.28499 1.29698 1.32013 1.31235 1.35077 1.31524 1.37361 1.36024 1.44081 1.40731 1.38473 1.4819 1.41881 1.47325 1.40263 1.43021 
1.12234 1.06396 1.03906 1.06549 1.05676 1.0351 1.05365 1.00617 1.03433 1.06091 1.01873 1.03244 1.04444 1.02762 1.0001 0.987838 0.993861 1.01909 1.01963 1.01337 0.995487 1.0128 0.988661 0.982694 0.989614 0.979026 0.969291 0.980515 0.984487 0.955755 0.956691 0.960773 0.966535 0.954734 0.975747 0.973748 0.961835 0.966344 0.97841 0.954039 0.980122 0.974605 0.979679 0.983662 0.9856 0.985714 0.984454 0.989926 0.994965 0.998412 1.00232 1.00478 1.01031 1.01265 1.01659 1.02173 1.03015 1.04098 1.04554 1.05164 1.0643 1.0647 1.06355 1.07317 1.09628 1.0925 1.09772 1.10637 1.11088 1.12753 1.1271 1.14526 1.13944 1.16157 1.18739 1.17816 1.19029 1.21066 1.19558 1.23933 1.24078 1.23073 1.23818 1.27875 1.31606 1.28503 1.28985 1.28399 1.32226 1.3201 1.31966 1.3485 1.4248 1.40711 1.42499 1.41667 1.38284 1.42866 1.48399 1.46898 
1.06325 1.07284 1.06174 1.00346 1.10866 1.05814 1.07308 1.06984 1.03803 1.03766 1.03759 1.05527 1.02189 1.05256 1.05131 1.064 1.00575 0.997611 1.01737 1.00633 0.983556 1.01095 0.989241 0.985166 0.987834 0.976519 0.967935 0.965921 0.985362 0.985077 0.969204 0.967298 0.971062 0.962312 0.960591 0.976532 0.960556 0.960519 0.977845 0.98578 0.969944 0.971207 0.976196 0.97584 0.980363 0.984351 0.988653 0.992239 0.994032 0.998211 1.00207 1.00684 1.01084 1.01409 1.02337 1.02853 1.02814 1.03581 1.03473 1.05199 1.05882 1.05839 1.07857 1.06922 1.09393 1.09544 1.11107 1.10567 1.10814 1.10525 1.13933 1.13952 1.12671 1.12762 1.16217 1.16226 1.21784 1.20059 1.20392 1.23865 1.2205 1.19338 1.26737 1.25762 1.25891 1.29526 1.27349 1.29512 1.29918 1.33847 1.35342 1.35459 1.41593 1.37676 1.42354 1.41712 1.49726 1.43433 1.44509 1.4995 
1.07041 1.1343 1.06234 1.06973 1.0734 1.0519 1.03326 1.07964 1.05098 1.04258 1.04177 1.05673 1.02312 1.04385 1.03752 1.01249 0.989376 1.02672 1.00022 1.00784 1.00924 1.02179 1.00845 0.995207 0.998078 0.989693 0.989947 0.984394 1.0005 0.994985 0.98244 0.969602 0.985523 0.977185 0.960859 0.965602 0.969996 0.978352 0.967897 0.965671 0.971224 0.973768 0.97451 0.982197 0.982658 0.980929 0.985018 0.989172 0.993579 0.998089 1.00221 1.00609 1.01012 1.01379 1.01806 1.02339 1.0271 1.03863 1.04391 1.04312 1.05251 1.06096 1.07414 1.07625 1.07283 1.0935 1.09815 1.09708 1.12065 1.12566 1.13267 1.13872 1.15917 1.15374 1.159 1.15396 1.18903 1.2048 1.1964 1.17823 1.21284 1.22041 1.23042 1.26181 1.26434 1.28051 1.29724 1.26775 1.32536 1.32458 1.35495 1.36817 1.35048 1.38441 1.38163 1.38121 1.41097 1.44217 1.45724 1.46844 
1.1378 1.0455 1.07619 1.06838 1.05057 1.07655 1.07996 1.04137 1.03011 1.01102 1.06672 1.07086 1.05681 1.02673 1.01452 1.03842 0.998908 1.00492 0.994946 0.993219 0.980206 1.03432 0.99244 0.971374 0.988874 0.99848 0.970618 0.997629 0.959452 0.965687 0.979846 0.984787 0.981444 0.961918 0.97541 0.975167 0.973233 0.964666 0.974495 0.973081 0.985511 0.973302 0.971285 0.979311 0.977745 0.983735 0.990061 0.993277 0.994736 0.997677 1.00208 1.00521 1.00885 1.01518 1.02242 1.02174 1.02126 1.03564 1.04225 1.04728 1.03604 1.05207 1.06241 1.07402 1.07516 1.09801 1.10546 1.0895 1.11085 1.12409 1.11847 1.16111 1.15786 1.12894 1.16479 1.16359 1.18235 1.2019 1.22578 1.20825 1.20383 1.26995 1.23232 1.24307 1.27256 1.27629 1.27546 1.30935 1.2612 1.33457 1.33515 1.34745 1.33371 1.37881 1.4084 1.36967 1.43087 1.41695 1.49151 1.40809 
1.0716 1.07384 1.06594 1.07623 1.00043 1.03385 1.06894 1.05054 1.04953 1.01707 1.03044 1.04056 0.992859 1.03931 1.00543 1.00233 1.00673 1.01301 1.01623 1.03069 1.00646 0.971071 0.974704 0.99535 0.979271 1.0021 0.968755 0.97131 0.971994 0.968116 0.985675 0.980813 0.977337 0.974141 0.971587 0.964933 0.960734 0.969367 0.969877 0.983629 0.981561 0.976622 0.980258 0.991427 0.979113 0.987322 0.99058 0.990174 0.994563 0.998327 1.0021 1.00582 1.00829 1.01456 1.02325 1.02266 1.03007 1.04077 1.03534 1.0601 1.03839 1.04986 1.0611 1.07553 1.08485 1.0842 1.09512 1.09785 1.11185 1.12934 1.13362 1.13626 1.13038 1.1474 1.15553 1.16766 1.17862 1.17286 1.21126 1.20597 1.24735 1.24387 1.23573 1.28313 1.26445 1.27681 1.25584 1.32685 1.28084 1.34571 1.3503 1.34545 1.35455 1.37529 1.41464 1.45668 1.41424 1.41858 1.41752 1.44941 
1.03189 1.04011 1.07043 1.06579 1.0963 1.0559 1.04385 1.03747 1.05177 1.10539 0.993487 1.01996 1.0714 1.05115 1.0405 1.01228 1.00694 1.01626 1.00261 0.96766 0.960613 0.993694 0.982323 0.978989 0.979398 0.997964 0.985484 0.979881 0.980895 0.969173 0.967026 0.96966 0.973974 0.97687 0.96638 0.966775 0.98134 0.969873 0.972058 0.970905 0.979411 0.980136 0.977892 0.983068 0.980598 0.982887 0.991398 0.994592 0.994398 0.99772 1.00135 1.00608 1.00815 1.01262 1.0195 1.02573 1.03162 1.03931 1.03743 1.05485 1.05324 1.07204 1.06369 1.07088 1.08216 1.06892 1.08747 1.10451 1.10711 1.12981 1.13435 1.159 1.14388 1.15043 1.15658 1.20486 1.19697 1.21022 1.18739 1.18804 1.19367 1.24997 1.24093 1.25548 1.25695 1.2566 1.27121 1.26744 1.32669 1.33366 1.29927 1.3419 1.3611 1.34248 1.38551 1.34902 1.38617 1.45103 1.45025 1.42648 
1.07806 1.08978 1.06645 1.0877 1.05645 1.06784 1.06272 1.06263 1.01902 1.06796 1.0413 1.06304 1.0196 1.03504 1.01495 1.02785 1.01883 1.00462 0.983394 0.998052 0.968744 0.99336 1.00859 0.996203 0.998345 0.995171 0.989532 0.985005 0.993947 0.989461 0.977581 0.988234 0.98498 0.975566 0.982014 0.970651 0.967698 0.964257 0.972371 0.980001 0.981018 0.96492 0.974825 0.982034 0.982634 0.981074 0.9879 0.991761 0.994174 0.998756 1.00169 1.00697 1.00737 1.01781 1.01313 1.02435 1.03553 1.03415 1.04462 1.04318 1.03787 1.05749 1.05853 1.07843 1.07591 1.10474 1.08842 1.10123 1.12611 1.10158 1.13861 1.10956 1.13295 1.15071 1.14221 1.17258 1.17862 1.20429 1.23678 1.2279 1.22074 1.21249 1.26508 1.2253 1.29529 1.30878 1.29492 1.3204 1.36808 1.2769 1.35175 1.37375 1.38723 1.33804 1.36641 1.35893 1.39524 1.38128 1.3983 1.47928 
1.11236 1.1011 1.05921 1.1131 1.04333 1.09124 1.10225 1.04903 1.01892 1.07525 1.0711 1.0193 1.03407 1.04652 1.00575 1.02611 0.998783 1.00083 1.03196 1.00774 0.96507 0.974929 1.01292 1.00459 0.984705 0.983983 0.961995 0.958846 0.959377 0.982358 0.980323 0.983906 0.976206 0.983817 0.98177 0.969333 0.978809 0.975603 0.976503 0.968789 0.980575 0.977222 0.983225 0.98513 0.985558 0.986334 0.990936 0.99315 0.995985 0.998323 1.00156 1.00529 1.00753 1.0135 1.0129 1.01988 1.02774 1.0347 1.03371 1.04649 1.05362 1.05345 1.06601 1.07002 1.08455 1.08274 1.06987 1.09196 1.10093 1.12941 1.11536 1.12524 1.13429 1.15335 1.18718 1.18609 1.16951 1.20832 1.1873 1.21211 1.21511 1.2314 1.24155 1.26746 1.24045 1.30835 1.28285 1.25277 1.35792 1.35689 1.32012 1.37762 1.3037 1.35027 1.42813 1.37787 1.40877 1.35665 1.44987 1.40794 
1.08305 1.07236 1.10617 1.13611 1.07833 1.02277 1.09111 1.08409 1.08376 1.05245 1.00666 1.05407 1.03357 1.05818 1.02564 1.00924 1.02076 1.01064 1.01457 0.992189 0.984146 0.99706 0.975403 0.982967 0.981071 1.00174 0.977724 0.987043 0.961395 0.995975 0.96434 0.988788 0.978219 0.975526 0.960761 0.97251 0.968745 0.966333 0.972193 0.977479 0.973073 0.977021 0.979083 0.982095 0.99069 0.995028 0.991113 0.991441 0.99436 0.998408 1.00169 1.00585 1.00946 1.01672 1.01505 1.02267 1.03467 1.03211 1.03269 1.03652 1.05314 1.03637 1.07099 1.06312 1.09052 1.09957 1.07945 1.09935 1.12287 1.11879 1.11127 1.12982 1.14837 1.14651 1.1758 1.19458 1.19692 1.19499 1.2042 1.20379 1.24979 1.21528 1.23067 1.27821 1.25192 1.26557 1.24234 1.30984 1.27894 1.32157 1.27458 1.31123 1.31121 1.3547 1.39835 1.4375 1.36864 1.42832 1.48033 1.43465 
1.11762 1.08935 1.09671 1.07571 1.11283 1.07841 1.02852 1.04155 1.04473 1.03485 0.986767 1.06906 1.03226 1.02006 1.02071 1.01928 1.05146 1.01449 0.984333 1.03409 0.992264 0.997376 1.04092 0.996394 0.991688 0.999163 0.984506 0.983462 1.00221 0.980041 0.983465 0.977094 0.989081 0.973151 0.972794 0.971677 0.980549 0.969008 0.985966 0.971685 0.982343 0.977682 0.978684 0.983988 0.982653 0.988253 0.994373 0.991145 0.994309 0.998693 1.00184 1.00428 1.01018 1.01604 1.01841 1.01828 1.02157 1.03369 1.03219 1.05024 1.04658 1.06263 1.06454 1.07526 1.07253 1.08982 1.09958 1.09166 1.09066 1.0976 1.12143 1.12847 1.15295 1.16642 1.16737 1.16419 1.19057 1.19442 1.19338 1.21875 1.2214 1.20466 1.25992 1.23355 1.26134 1.26877 1.3008 1.30134 1.30732 1.28037 1.31598 1.35176 1.39058 1.4067 1.39129 1.43246 1.40859 1.40106 1.49216 1.40276 
1.14193 1.08106 1.07465 1.11324 1.05904 1.10982 1.10559 1.06369 1.09549 1.05855 1.04038 1.04338 1.03967 1.01416 1.01492 1.01199 0.993795 1.01304 1.02753 1.00049 1.00309 1.02464 0.997359 0.984981 0.983302 0.985206 0.97116 0.990908 0.968666 0.966912 0.94694 0.969874 0.974551 0.960286 0.978074 0.965553 0.999451 0.968031 0.979734 0.972722 0.980124 0.98354 0.980525 0.983691 0.983341 0.985527 0.99194 0.991518 0.995759 0.998019 1.00159 1.00534 1.00719 1.00901 1.01797 1.01985 1.02575 1.02522 1.04258 1.04301 1.05412 1.0537 1.07357 1.07087 1.07212 1.07844 1.1006 1.09156 1.10139 1.11732 1.12526 1.13749 1.13328 1.14864 1.15576 1.14624 1.18429 1.16992 1.21102 1.22885 1.222 1.22135 1.27457 1.25164 1.22889 1.3029 1.24137 1.27463 1.29174 1.30891 1.33078 1.34844 1.37774 1.40344 1.33258 1.4037 1.36782 1.45651 1.48557 1.47491 
1.09935 1.09483 1.0999 1.07709 1.04725 1.09473 1.05656 1.04709 1.0638 1.04819 1.05829 1.05599 1.01911 1.06599 1.02207 1.02121 1.02858 1.00875 1.03462 0.97648 0.986747 1.03367 1.00043 0.98831 0.983345 0.993839 0.958467 0.988202 0.996281 0.975801 0.972417 0.967689 0.981113 0.970386 0.977328 0.985313 0.987812 0.973617 0.973359 0.974931 0.980185 0.986746 0.983013 0.98239 0.983871 0.990199 0.990083 0.991128 0.997441 0.998699 1.00135 1.00418 1.01003 1.01318 1.01554 1.01518 1.03732 1.02369 1.04674 1.04233 1.03785 1.06252 1.06267 1.07864 1.07071 1.09 1.09419 1.10203 1.11429 1.10447 1.13213 1.13289 1.13268 1.16498 1.15642 1.16213 1.17712 1.2047 1.21978 1.2021 1.22014 1.20281 1.21725 1.24936 1.25657 1.28866 1.26903 1.28663 1.29451 1.35336 1.38475 1.31806 1.3427 1.35315 1.35116 1.41341 1.38719 1.39045 1.47726 1.47059 
1.07338 1.14476 1.08301 1.0835 1.06272 1.11439 1.0868 1.07684 1.05663 1.06432 1.07403 1.00605 1.06134 1.03421 1.0265 1.02937 0.998741 1.00277 1.03225 1.01061 1.02345 0.985824 0.988485 1.00635 1.00463 1.03309 0.982778 0.972644 0.990493 0.997682 0.982953 0.974572 0.993637 0.985858 0.980691 0.984733 0.979254 0.961592 0.97991 0.985211 0.995697 0.990742 0.983067 0.99074 0.98621 0.98635 0.990855 0.993772 0.99597 0.998765 1.0023 1.00445 1.00834 1.0134 1.01478 1.02113 1.0304 1.03321 1.0355 1.03672 1.05104 1.05426 1.06606 1.07267 1.05286 1.08176 1.08064 1.10194 1.11034 1.11655 1.11815 1.15921 1.14964 1.15067 1.13906 1.1271 1.165 1.17525 1.18685 1.20786 1.20098 1.20522 1.21701 1.2445 1.24867 1.28196 1.2934 1.29238 1.30555 1.33202 1.31161 1.3356 1.34213 1.40457 1.38597 1.37498 1.40777 1.41704 1.43478 1.48955 
1.10787 1.0543 1.10137 1.12625 1.03908 1.01904 1.04249 1.08412 1.07814 1.10193 1.0602 1.0533 1.06863 1.05934 1.06149 1.02532 1.01169 1.02718 1.02879 1.02149 0.964612 1.01007 1.00046 0.985055 1.0146 1.00525 0.985599 0.993101 0.985216 0.974761 1.00181 0.977257 0.969569 0.9829 0.977125 0.978274 0.974799 0.965435 0.968584 0.980391 0.977726 0.976778 0.988799 0.980984 0.985295 0.982075 0.989855 0.994903 0.994937 0.998266 1.00174 1.00668 1.00931 1.01303 1.01408 1.02113 1.02721 1.03172 1.03471 1.04728 1.05999 1.05898 1.05654 1.06647 1.07024 1.07563 1.08798 1.10432 1.11258 1.10692 1.14497 1.10835 1.12362 1.14891 1.16347 1.17148 1.16008 1.16221 1.18215 1.22472 1.19672 1.21676 1.22142 1.24387 1.23288 1.24712 1.27808 1.28331 1.31113 1.30968 1.30127 1.37344 1.32759 1.39289 1.41498 1.3903 1.39878 1.4202 1.38929 1.48519 
1.06026 1.09466 1.13422 1.10408 1.08836 1.06335 1.04729 1.06281 1.00469 1.09011 1.05474 1.03047 1.06224 1.00637 1.02978 1.02543 1.03084 1.05194 0.988163 1.01434 0.995681 1.0023 0.992618 0.982554 0.993039 0.997455 0.990908 0.983893 0.976732 0.986128 0.978474 0.995811 0.970755 0.996831 0.963035 0.981431 0.977675 0.975638 0.986631 0.976125 0.984624 0.976137 0.976781 0.987601 0.985251 0.985715 0.990963 0.993404 0.995588 0.998422 1.00156 1.00533 1.00852 1.01375 1.02018 1.01882 1.02888 1.03263 1.03846 1.04668 1.04777 1.05379 1.06215 1.07116 1.07855 1.07568 1.10015 1.07854 1.1125 1.12339 1.12981 1.11957 1.15144 1.13966 1.15841 1.18126 1.16322 1.21947 1.20485 1.21534 1.19264 1.21329 1.25933 1.2475 1.26298 1.28251 1.27783 1.29755 1.3103 1.35418 1.36249 1.33007 1.33409 1.34879 1.38082 1.36736 1.37648 1.43119 1.41605 1.4525 
1.11949 1.0868 1.11936 1.12155 1.10118 1.12103 1.03145 1.06802 1.11228 1.06807 1.0533 1.02243 1.02391 1.06825 1.04204 1.02235 1.03395 1.0175 0.988228 0.978309 1.00122 0.951761 0.992378 1.00679 0.992249 0.978112 0.987489 0.984925 0.981065 0.98202 0.982171 0.979955 0.981845 0.99326 0.96909 0.971721 0.969773 0.98932 0.979534 0.970047 0.976189 0.981174 0.980092 0.98158 0.98648 0.983154 0.989324 0.992427 0.994502 0.998392 1.0016 1.00631 1.00976 1.00982 1.01883 1.02181 1.02521 1.03203 1.03715 1.04053 1.03984 1.05003 1.07764 1.05341 1.08087 1.08296 1.07804 1.09191 1.11764 1.12177 1.11554 1.11974 1.12208 1.13945 1.14757 1.16417 1.17256 1.1774 1.20145 1.20975 1.22321 1.22344 1.19758 1.23792 1.24687 1.23629 1.27449 1.2659 1.33154 1.29989 1.33459 1.33788 1.31575 1.4007 1.36156 1.36794 1.39736 1.41858 1.38535 1.44341 
1.12712 1.11337 1.07378 1.0759 1.07482 1.11198 1.09686 1.05198 1.05531 1.04039 1.07658 1.04563 1.04795 1.04191 1.06656 1.02729 1.02751 1.03031 0.994017 0.986433 0.995075 1.00819 0.967377 0.987633 0.998666 0.993753 1.01071 0.993397 0.993141 0.967011 0.971193 0.983609 0.982145 0.981278 0.994518 0.965954 0.97921 0.99096 0.973971 0.982584 0.98202 0.970176 0.980449 0.979411 0.986395 0.987629 0.988315 0.993341 0.996284 0.998526 1.00169 1.00551 1.00757 1.01381 1.01524 1.02105 1.02841 1.02964 1.0357 1.04177 1.04307 1.05135 1.0513 1.06771 1.06349 1.07841 1.09042 1.11208 1.10438 1.11792 1.1092 1.12909 1.12161 1.1372 1.16187 1.14407 1.1636 1.18211 1.19648 1.1843 1.20923 1.20102 1.232 1.23959 1.27724 1.23971 1.26944 1.27994 1.27426 1.29393 1.30093 1.37896 1.31661 1.36255 1.36148 1.39209 1.35107 1.39321 1.40995 1.43383 
1.1245 1.13218 1.12201 1.12955 1.08081 1.08937 1.05676 1.05822 1.0493 1.03472 1.03379 1.02461 1.04749 1.0654 1.0891 1.0264 1.01068 1.03907 1.00932 0.99784 1.00209 1.02066 0.983629 1.01872 0.964894 0.991869 0.998839 0.967458 0.995206 0.962463 0.981669 0.972109 0.989041 0.969321 0.970073 0.973726 0.979355 0.990545 0.975401 0.96512 0.97952 0.987359 0.981228 0.981378 0.986227 0.991802 0.988033 0.992288 0.996089 0.997974 1.00139 1.00531 1.00888 1.01104 1.01259 1.01515 1.02665 1.03367 1.03245 1.04143 1.05049 1.05514 1.0693 1.0641 1.07327 1.06754 1.09261 1.0686 1.09755 1.13178 1.12481 1.11409 1.13924 1.13184 1.17599 1.18057 1.15903 1.18063 1.13901 1.19665 1.20492 1.21364 1.2082 1.24742 1.23265 1.22699 1.29286 1.27503 1.32141 1.34 1.2996 1.32987 1.33688 1.35491 1.34671 1.42103 1.37954 1.44845 1.39893 1.44811 
1.11054 1.12064 1.15641 1.07987 1.05629 1.0679 1.10727 1.06169 1.06548 1.09436 1.09446 1.0378 1.02897 1.01227 1.0116 1.03336 1.0172 1.04482 1.04367 0.998379 1.02189 1.01308 0.993291 1.01334 1.00095 1.00543 0.999069 0.988591 0.988873 0.980713 0.985029 0.992204 0.997627 0.999537 0.996837 0.981753 0.975002 0.977304 0.982498 0.975464 0.981363 0.978286 0.9878 0.989245 0.984759 0.988673 0.989999 0.994554 0.995096 0.998388 1.00176 1.00399 1.01104 1.01315 1.0094 1.02129 1.02645 1.03099 1.03888 1.04677 1.05406 1.03678 1.0565 1.05073 1.0615 1.06988 1.08044 1.09875 1.10692 1.11367 1.12126 1.12901 1.11277 1.1635 1.1507 1.14588 1.14434 1.17791 1.15505 1.19432 1.21398 1.24147 1.18816 1.24122 1.27604 1.24245 1.25707 1.2836 1.29379 1.35392 1.33441 1.3241 1.34568 1.3565 1.37804 1.39104 1.40646 1.39574 1.43325 1.45441 
1.11715 1.11612 1.12046 1.07205 1.13554 1.10515 1.06499 1.0806 1.06738 1.041 1.09933 1.03226 1.0467 1.04349 1.02089 1.03466 1.02977 1.03289 1.02062 1.03028 1.04259 1.03535 0.992163 0.997343 1.02171 1.00757 0.982419 0.973161 0.981477 0.994186 0.965273 0.976747 0.962013 0.999167 0.980893 0.992662 0.980054 0.981635 0.981027 0.986824 0.975212 0.981154 0.980547 0.980481 0.988602 0.984445 0.9963 0.994025 0.997079 0.998564 1.00157 1.00659 1.00826 1.01055 1.01579 1.01796 1.02819 1.03084 1.03455 1.03717 1.0469 1.05692 1.07014 1.06362 1.06575 1.09553 1.08981 1.08282 1.09941 1.0975 1.09172 1.10271 1.10758 1.17816 1.17899 1.18044 1.1878 1.16981 1.14266 1.17577 1.22468 1.23593 1.22856 1.22866 1.26005 1.25239 1.2802 1.2848 1.30602 1.31747 1.30583 1.35032 1.32589 1.35267 1.36977 1.39026 1.40503 1.40032 1.44339 1.42323 
1.1324 1.14532 1.11678 1.1365 1.13579 1.01744 1.07285 1.07412 1.02534 1.05083 1.02506 1.0545 1.05616 0.990088 1.04599 1.03661 1.00058 0.98425 1.01139 1.02733 1.05002 1.01214 0.984611 0.990373 0.989909 1.00696 0.972052 0.992176 0.976716 0.977068 0.972477 0.987619 0.985441 0.97221 0.978179 0.983178 0.99135 0.972186 0.977469 0.981228 0.98221 0.973837 0.98127 0.991795 0.990477 0.991134 0.991002 0.992681 0.996342 0.998321 1.00218 1.00482 1.0116 1.00885 1.01379 1.01745 1.02535 1.0187 1.0415 1.03846 1.05125 1.06239 1.05633 1.05151 1.06771 1.08112 1.09708 1.08251 1.09838 1.10495 1.11804 1.13063 1.13527 1.13471 1.13229 1.15649 1.18179 1.18301 1.18075 1.2217 1.21107 1.22321 1.23292 1.19647 1.23229 1.26371 1.27154 1.29829 1.29823 1.3039 1.30521 1.34598 1.36477 1.34652 1.30996 1.40154 1.33642 1.40386 1.45399 1.39687 
1.10934 1.09833 1.10004 1.06807 1.04815 1.11828 1.04916 1.08843 1.01419 1.02522 1.0733 1.03228 1.0172 1.00022 1.01742 1.05664 1.04721 1.06829 1.04357 1.02486 0.992243 0.989156 0.986632 1.01389 1.00083 0.982112 0.980441 1.00766 0.996388 0.989044 0.986138 1.00447 0.976166 0.988434 0.977628 0.987614 0.975306 0.985234 0.980685 0.98649 0.985365 0.988425 0.977456 0.980437 0.989965 0.988189 0.990692 0.993466 0.996199 0.998112 1.00104 1.00558 1.01123 1.01092 1.01917 1.02224 1.02317 1.02804 1.02091 1.03368 1.04935 1.04925 1.0699 1.06352 1.07652 1.06994 1.08703 1.09401 1.0933 1.09785 1.12652 1.11479 1.14203 1.14809 1.15314 1.15341 1.17344 1.20158 1.19475 1.17351 1.19966 1.19133 1.18453 1.21246 1.27217 1.27953 1.24246 1.2781 1.27105 1.30277 1.34273 1.3454 1.37246 1.31461 1.34762 1.37157 1.38049 1.38415 1.40674 1.3914 
1.11845 1.15096 1.16913 1.10981 1.10462 1.12559 1.07386 1.11434 1.0504 1.04168 1.07195 1.04931 1.03434 1.05333 1.03608 1.02956 1.05012 1.01678 1.02351 1.03017 1.00367 1.05572 1.00341 1.02072 0.990035 0.982068 0.977696 0.981927 0.980138 0.984448 0.990521 0.973908 0.978892 0.99309 0.985611 0.979703 0.993094 0.985861 0.973719 0.993344 0.977547 0.97909 0.983776 0.985802 0.988905 0.985327 0.991648 0.991349 0.996574 0.998531 1.00139 1.00494 1.00773 1.01409 1.01687 1.02707 1.02262 1.03664 1.03279 1.03538 1.04777 1.05341 1.05724 1.05984 1.05908 1.08694 1.09096 1.08053 1.11881 1.10935 1.09931 1.10229 1.13869 1.12239 1.14614 1.18697 1.15915 1.18504 1.16337 1.17083 1.21248 1.22972 1.20228 1.24666 1.22325 1.22611 1.26541 1.27354 1.26296 1.32161 1.29509 1.32789 1.31665 1.28274 1.36167 1.36053 1.40943 1.42117 1.39657 1.46585 
1.12596 1.05282 1.09422 1.10422 1.07752 1.10392 1.09404 1.05697 1.08812 1.07597 1.07682 1.05339 1.05144 1.02441 1.01436 1.04213 1.03076 1.02988 1.03505 1.01691 1.01932 0.995714 0.995609 1.02612 1.01091 0.996648 1.01676 0.992114 0.974791 0.991306 0.98229 0.964192 0.968825 0.980743 0.988865 0.99019 0.977306 0.975325 0.992149 0.978924 0.98811 0.976743 0.983769 0.985897 0.978953 0.992693 0.992584 0.994367 0.995665 0.998774 1.00159 1.00547 1.00896 1.01163 1.01227 1.01429 1.02896 1.03671 1.0286 1.04401 1.02615 1.05211 1.05395 1.05955 1.08212 1.08263 1.08595 1.11049 1.10416 1.10168 1.13744 1.1141 1.13372 1.14715 1.14205 1.13931 1.15033 1.17876 1.19342 1.21474 1.22973 1.21329 1.22129 1.23568 1.25713 1.25358 1.24682 1.27947 1.29675 1.29754 1.35206 1.38337 1.3185 1.34302 1.40687 1.41155 1.38766 1.38601 1.40356 1.44209 
1.13577 1.13424 1.06867 1.13284 1.0853 1.07573 1.0878 1.04844 1.08106 1.07307 1.06811 1.06871 1.06927 1.0055 1.03912 1.08111 1.01818 1.00886 1.02708 1.0381 1.0001 1.01979 1.0283 1.01947 1.00246 1.04057 0.985542 1.0039 0.996927 1.00366 1.00534 0.989078 0.995543 0.980585 0.976406 0.976083 0.977068 0.983667 0.973539 0.973178 0.984787 0.979241 0.982113 0.99059 0.990215 0.988549 0.987999 0.991348 0.994592 0.997937 1.00139 1.00505 1.00836 1.01195 1.02011 1.01703 1.02105 1.0276 1.02762 1.05031 1.04555 1.04877 1.03886 1.06726 1.06073 1.07265 1.08092 1.08167 1.11164 1.11059 1.12834 1.1306 1.12008 1.13607 1.14923 1.11991 1.16328 1.17154 1.19014 1.18067 1.2074 1.21488 1.21102 1.22679 1.23914 1.29711 1.25698 1.28108 1.28687 1.31576 1.30703 1.31846 1.32187 1.34641 1.36264 1.32088 1.42075 1.38346 1.44728 1.41626 
1.08696 1.12682 1.08735 1.06309 1.0601 1.11856 1.11444 1.07497 1.04106 1.05252 1.06535 1.03765 1.05499 1.04216 1.02839 1.0734 1.06182 1.02198 0.99758 1.02591 1.00899 1.02012 1.01447 1.02916 1.0394 1.01069 0.997812 0.980454 0.983586 0.996488 0.977292 0.982185 0.983049 0.991749 0.988051 0.984435 0.978307 0.991336 0.984347 0.978709 0.984869 0.985366 0.981973 0.988719 0.983129 0.991399 0.993979 0.994308 0.996913 0.998725 1.00094 1.00371 1.00913 1.00809 1.01351 1.02219 1.02146 1.02218 1.04641 1.03765 1.04429 1.03241 1.0601 1.06373 1.07134 1.06223 1.07339 1.09521 1.08115 1.09626 1.10754 1.10629 1.12821 1.1263 1.1433 1.17263 1.18639 1.20968 1.18653 1.20385 1.20032 1.19765 1.21646 1.22185 1.24132 1.24144 1.26681 1.26838 1.27482 1.32843 1.32559 1.26928 1.30872 1.37976 1.36799 1.34899 1.36997 1.3959 1.36779 1.41246 
1.08261 1.13992 1.09183 1.14386 1.12713 1.08376 1.08762 1.07044 1.05628 1.06318 1.06868 1.00874 1.05549 1.05636 1.01939 1.02517 1.04331 1.03755 1.03306 1.03301 1.04397 1.00376 0.977904 0.987286 0.98756 0.995307 0.997248 1.00041 0.995271 1.00301 0.980087 0.983709 0.995059 0.980757 0.977467 0.985623 0.982291 0.99863 0.982368 1.00041 0.988235 0.980495 0.986978 0.98677 0.981836 0.988246 0.989818 0.992397 0.996485 0.998317 1.00109 1.00412 1.00602 1.01303 1.01518 1.01953 1.02538 1.02443 1.03339 1.03944 1.04028 1.04771 1.07099 1.07523 1.05917 1.08417 1.09059 1.09192 1.09535 1.09674 1.13134 1.13952 1.11949 1.1022 1.13767 1.14836 1.16161 1.18981 1.14684 1.17779 1.22371 1.21934 1.23863 1.26273 1.2638 1.26299 1.30808 1.25306 1.28051 1.30165 1.3065 1.27804 1.33012 1.30974 1.35306 1.38126 1.44803 1.40754 1.37485 1.46184 
1.13255 1.15446 1.11273 1.13848 1.1004 1.05575 1.07223 1.1146 1.04422 1.0618 1.07756 1.082 1.07362 1.04959 1.08103 1.02198 1.06552 1.02555 1.02382 1.02449 1.01523 1.03728 1.03435 1.00298 1.01275 0.987282 1.00617 1.01611 0.999383 1.01968 0.994694 0.963386 0.998246 0.974989 0.982945 0.994503 0.983548 0.973018 0.986036 0.992682 0.98348 0.988149 0.979121 0.987883 0.986574 0.989922 0.989851 0.993311 0.995607 0.998398 1.00129 1.0056 1.00943 1.01206 1.01991 1.01451 1.02509 1.02683 1.03542 1.03104 1.04716 1.04904 1.05718 1.05584 1.06209 1.07882 1.07369 1.08943 1.08538 1.10596 1.10208 1.11097 1.13222 1.14628 1.13197 1.15827 1.19133 1.16951 1.2202 1.17117 1.22072 1.22208 1.25467 1.2481 1.23248 1.28176 1.20333 1.29453 1.28057 1.27639 1.31717 1.33087 1.33456 1.34857 1.32875 1.35901 1.46267 1.3744 1.45103 1.41857 
1.12822 1.10619 1.12236 1.13715 1.09638 1.10682 1.11628 1.11329 1.09306 1.09875 1.1021 1.03311 1.0856 1.02788 1.03058 1.01468 1.01979 1.02563 1.01242 1.04198 1.00884 1.01815 1.01654 1.00467 1.00146 1.01116 1.01458 0.985359 1.00316 1.0035 0.967413 0.983019 0.969303 0.996511 0.984551 0.99349 0.980133 0.977604 0.986585 0.993363 0.984703 0.988207 0.984197 0.988378 0.995069 0.98882 0.993246 0.99232 0.996432 0.998675 1.00153 1.00514 1.00975 1.01076 1.01516 1.01974 1.01925 1.02382 1.04426 1.04305 1.04736 1.04793 1.04743 1.06198 1.06742 1.06709 1.06082 1.09812 1.09328 1.08673 1.10605 1.12146 1.1548 1.14253 1.14612 1.16663 1.16829 1.15254 1.19143 1.18375 1.16157 1.19419 1.22265 1.2367 1.2373 1.24299 1.22162 1.27125 1.30699 1.31057 1.29377 1.30895 1.33943 1.37281 1.32185 1.31633 1.38843 1.37619 1.43822 1.42813 
1.10062 1.15378 1.0726 1.10569 1.06087 1.10273 1.11042 1.13278 1.11075 1.05413 1.05622 1.07102 1.04979 1.08302 1.06543 1.01463 1.0294 1.03334 1.06583 1.03327 1.02845 1.03981 1.01232 1.01403 0.999543 1.02252 1.0005 0.982618 0.998666 1.00179 1.00475 0.97765 0.964666 0.987107 0.986799 0.984915 0.981559 0.98437 0.979618 0.991398 0.980536 0.982036 0.991152 0.994092 0.987289 0.989772 0.992746 0.992119 0.996306 0.99892 1.00188 1.00477 1.00706 1.01435 1.0153 1.02204 1.0272 1.0319 1.03865 1.0376 1.04104 1.04703 1.06141 1.06524 1.06908 1.06107 1.05594 1.0809 1.1072 1.09727 1.12198 1.13036 1.1379 1.14362 1.15302 1.15369 1.16335 1.15115 1.16385 1.17522 1.17397 1.22841 1.21309 1.21495 1.24217 1.24967 1.24581 1.25101 1.26476 1.30151 1.24492 1.32517 1.35962 1.35516 1.36183 1.37397 1.3693 1.4218 1.37608 1.43284 
1.13137 1.07436 1.0585 1.09101 1.08848 1.12489 1.11567 1.05001 1.08519 1.10058 1.08576 1.05429 1.11687 1.05684 1.04364 1.00882 1.03372 1.03986 1.05361 1.0581 1.03048 1.02824 1.02679 1.0009 1.01401 1.01296 1.00064 0.99587 1.00383 1.01209 1.0046 0.986149 0.984954 0.986533 0.994771 0.981637 0.994049 0.98696 0.979052 0.97591 0.99494 0.98755 0.9886 0.982009 0.985035 0.991531 0.993343 0.995957 0.996355 0.998592 1.00187 1.00479 1.00828 1.01172 1.01383 1.0199 1.02427 1.02748 1.03431 1.03707 1.03953 1.04489 1.03728 1.05887 1.05603 1.0752 1.07678 1.09434 1.09416 1.07937 1.11816 1.13119 1.10555 1.13979 1.15357 1.1467 1.17142 1.16065 1.16503 1.17126 1.18708 1.19658 1.23457 1.21336 1.25341 1.24049 1.22806 1.26876 1.29599 1.29199 1.28475 1.27787 1.34741 1.30455 1.33691 1.31182 1.44212 1.3846 1.37662 1.40107 
1.09924 1.14535 1.11292 1.03542 1.07395 1.1304 1.13026 1.12977 1.09328 1.06263 1.09574 1.05451 1.04316 1.10092 1.0387 1.06582 1.02289 1.03672 1.03934 1.04747 0.996088 1.04415 1.02676 1.02698 1.00481 0.99111 1.00155 0.986037 0.974298 0.980605 1.00795 0.977727 0.976682 0.981326 0.980712 0.988796 0.983573 0.977985 0.979343 0.988358 0.975252 0.980287 0.984494 0.987022 0.991539 0.989627 0.993584 0.993906 0.994848 0.999007 1.0014 1.00399 1.00884 1.01233 1.01298 1.01697 1.0166 1.01922 1.03237 1.03543 1.03907 1.04583 1.05598 1.06414 1.05924 1.0809 1.07705 1.10315 1.11238 1.10087 1.11162 1.12895 1.11339 1.1283 1.15018 1.15018 1.15713 1.17664 1.16459 1.15691 1.18135 1.20141 1.18714 1.26641 1.23166 1.21234 1.271 1.28711 1.28283 1.35988 1.25335 1.31995 1.29455 1.31468 1.29257 1.37302 1.34653 1.39878 1.38233 1.41601 
1.14091 1.10051 1.09555 1.11193 1.10972 1.07717 1.08189 1.08636 1.06028 1.04664 1.06552 1.0312 1.09619 1.08634 1.02953 1.02602 1.05245 1.03688 1.03493 1.02528 1.03253 1.02552 0.993785 0.997187 1.01367 1.02084 1.03356 1.00466 0.983626 1.00102 1.01179 0.986044 0.982736 1.00355 0.97852 0.991879 0.986297 1.00192 0.983741 0.975326 0.977469 0.983356 0.985229 0.990793 0.991727 0.98735 0.995085 0.995156 0.994871 0.998505 1.00149 1.00311 1.00627 1.01172 1.02115 1.02019 1.02133 1.02463 1.03341 1.04106 1.04945 1.04851 1.06153 1.07032 1.05457 1.06976 1.06764 1.08711 1.09016 1.11086 1.09541 1.10971 1.12392 1.13123 1.14355 1.15409 1.16959 1.15617 1.18122 1.19994 1.18435 1.20103 1.23746 1.22234 1.23388 1.2257 1.25331 1.30143 1.2975 1.29032 1.29601 1.26076 1.35824 1.33816 1.39672 1.3863 1.34484 1.41866 1.40598 1.42522 
1.11192 1.15595 1.1279 1.10773 1.12282 1.08912 1.06842 1.11929 1.08678 1.08825 1.09254 1.04667 1.04073 1.04905 1.05301 1.05609 1.06243 1.01864 1.0425 1.05305 0.993534 1.0553 1.00018 1.01335 1.00199 1.01667 1.00092 0.97786 0.990011 0.987303 1.00579 0.994762 1.00224 0.986033 0.971825 0.984808 0.99757 0.994464 0.970054 0.981866 0.989073 0.988864 0.988632 0.988422 0.989493 0.990236 0.989234 0.994951 0.996086 0.998874 1.00127 1.00408 1.00827 1.00964 1.01229 1.02219 1.02384 1.02913 1.03565 1.03776 1.03785 1.04417 1.04745 1.06284 1.05706 1.07346 1.07132 1.10614 1.08605 1.12348 1.09607 1.11397 1.10426 1.14119 1.1238 1.12759 1.15421 1.17097 1.19733 1.19642 1.19772 1.18818 1.22388 1.21046 1.23621 1.23266 1.27126 1.25393 1.29304 1.26884 1.25155 1.28717 1.35085 1.32023 1.40086 1.34324 1.33884 1.37374 1.35819 1.46285 
1.11299 1.1314 1.10971 1.11747 1.11273 1.10601 1.08149 1.09455 1.09716 1.07963 1.06114 1.04816 1.11178 1.04401 1.02745 1.07246 1.01915 1.02884 1.05927 1.02686 1.02941 1.03802 0.987272 1.01198 0.994759 0.9821 0.983851 1.01176 1.00538 0.986178 1.0076 1.00457 0.976671 0.991545 0.972376 0.982193 0.991212 0.985635 0.993797 0.985453 0.985411 0.989223 0.989177 0.987582 0.987684 0.990019 0.991782 0.994724 0.995263 0.997987 1.00121 1.00522 1.0051 1.01329 1.01592 1.01913 1.029 1.02586 1.0322 1.03226 1.04599 1.0526 1.04467 1.04398 1.04731 1.05231 1.08045 1.08495 1.08669 1.09012 1.10803 1.12303 1.13531 1.12764 1.14766 1.13428 1.14274 1.21543 1.15839 1.20411 1.20786 1.19866 1.22322 1.2267 1.19984 1.25627 1.27066 1.27102 1.28756 1.24752 1.33262 1.26392 1.30328 1.32524 1.34715 1.33226 1.39562 1.4128 1.42618 1.37269 
1.16147 1.09841 1.14229 1.11729 1.13283 1.09002 1.10838 1.10384 1.06254 1.07538 1.04477 1.04525 1.09113 1.04 1.02141 1.07117 1.01004 1.04856 1.06519 1.01443 1.04046 0.988677 1.02952 1.00488 0.995012 1.01946 0.99633 1.02676 1.01497 0.999931 0.999119 1.00334 0.993613 0.994595 0.993708 0.98963 0.992987 0.989829 0.979606 0.981699 0.986679 0.988864 0.986419 0.987213 0.990831 0.991197 0.992597 0.992062 0.997013 0.998937 1.00145 1.00389 1.00754 1.01287 1.01523 1.0225 1.01689 1.02869 1.03198 1.04268 1.03902 1.05368 1.04934 1.05804 1.08761 1.08466 1.07784 1.09732 1.09322 1.08702 1.10564 1.10698 1.13417 1.14178 1.14734 1.12422 1.15821 1.15821 1.15612 1.16899 1.19014 1.17129 1.22811 1.24899 1.27072 1.25297 1.24784 1.22855 1.28766 1.31913 1.26451 1.31222 1.29687 1.3009 1.35373 1.36022 1.34469 1.4258 1.34462 1.43362 
1.1196 1.14368 1.13623 1.11149 1.12478 1.10648 1.09856 1.10995 1.10336 1.10263 1.07656 1.07419 1.06086 1.0207 1.05623 1.06071 1.05038 1.00905 1.02935 1.0643 1.01794 0.994077 1.01672 1.02166 0.979281 0.990551 1.00798 0.999475 1.00048 0.992727 0.964629 0.995653 0.991571 0.987592 0.982547 0.981742 0.994611 0.97987 1.00206 1.00433 0.984084 0.978742 0.985152 0.991746 0.985736 0.994145 0.989545 0.990151 0.996412 0.999076 1.00141 1.00487 1.00606 1.01119 1.01624 1.01886 1.02093 1.0226 1.02782 1.03585 1.04396 1.0515 1.05495 1.04182 1.0679 1.08898 1.06787 1.07944 1.09384 1.10892 1.10744 1.11432 1.1261 1.13888 1.1448 1.13444 1.13493 1.1635 1.1918 1.15917 1.21414 1.20235 1.20983 1.21229 1.25341 1.25119 1.26776 1.25233 1.31664 1.30123 1.31241 1.31539 1.33625 1.40641 1.30056 1.38981 1.37263 1.37758 1.40089 1.41082 
1.1669 1.13183 1.10567 1.12499 1.18421 1.05984 1.07302 1.11425 1.06511 1.02574 1.10791 1.07269 1.06238 1.07994 1.05361 1.06407 1.02022 1.043 1.0426 1.00858 1.00408 0.987519 1.03569 1.01271 0.994724 0.99817 1.00404 0.993259 0.987045 1.00228 1.00723 0.979218 1.01542 0.989403 0.981734 0.974159 0.987364 0.984126 0.988455 0.986805 0.995901 0.983172 0.992278 0.987992 0.989633 0.989514 0.992809 0.99452 0.99604 0.998994 1.00145 1.00518 1.00837 1.00891 1.01583 1.01086 1.02208 1.02249 1.0265 1.02958 1.04117 1.04516 1.04997 1.05296 1.06087 1.07904 1.06163 1.08785 1.10852 1.09435 1.10536 1.11896 1.12763 1.14746 1.15168 1.11868 1.17941 1.1931 1.12302 1.16903 1.18151 1.19853 1.21775 1.23402 1.23024 1.24013 1.25026 1.23557 1.27847 1.24049 1.28709 1.34195 1.30245 1.36069 1.31982 1.36183 1.39302 1.38885 1.40816 1.39825 
