-2 -1.9596 -1.91919 -1.87879 -1.83838 -1.79798 -1.75758 -1.71717 -1.67677 -1.63636 -1.59596 -1.55556 -1.51515 -1.47475 -1.43434 -1.39394 -1.35354 -1.31313 -1.27273 -1.23232 -1.19192 -1.15152 -1.11111 -1.07071 -1.0303 -0.989899 -0.949495 -0.909091 -0.868687 -0.828283 -0.787879 -0.747475 -0.707071 -0.666667 -0.626263 -0.585859 -0.545455 -0.505051 -0.464646 -0.424242 -0.383838 -0.343434 -0.30303 -0.262626 -0.222222 -0.181818 -0.141414 -0.10101 -0.0606061 -0.020202 0.020202 0.0606061 0.10101 0.141414 0.181818 0.222222 0.262626 0.30303 0.343434 0.383838 0.424242 0.464646 0.505051 0.545455 0.585859 0.626263 0.666667 0.707071 0.747475 0.787879 0.828283 0.868687 0.909091 0.949495 0.989899 1.0303 1.07071 1.11111 1.15152 1.19192 1.23232 1.27273 1.31313 1.35354 1.39394 1.43434 1.47475 1.51515 1.55556 1.59596 1.63636 1.67677 1.71717 1.75758 1.79798 1.83838 1.87879 1.91919 1.9596 2 
0.799254 0.80371 0.808218 0.812779 0.817391 0.822053 0.826765 0.831524 0.83633 0.84118 0.846072 0.851004 0.855972 0.860975 0.866008 0.871067 0.876148 0.881246 0.886357 0.891475 0.896594 0.901706 0.906806 0.911885 0.916935 0.921948 0.926914 0.931824 0.936667 0.941432 0.946108 0.950683 0.955144 0.959478 0.963673 0.967713 0.971585 0.975275 0.978768 0.982048 0.985102 0.987913 0.990467 0.99275 0.994746 0.996442 0.997824 0.998878 0.999592 0.999954 0.999954 0.999581 0.998826 0.997681 0.99614 0.994197 0.991847 0.989089 0.98592 0.982341 0.978352 0.973956 0.969158 0.963962 0.958376 0.952406 0.946064 0.939357 0.932298 0.9249 0.917174 0.909135 0.900797 0.892175 0.883285 0.874143 0.864765 0.855166 0.845365 0.835376 0.825216 0.814902 0.804449 0.793874 0.78319 0.772415 0.761561 0.750643 0.739675 0.72867 0.71764 0.706597 0.695553 0.684518 0.673503 0.662517 0.65157 0.64067 0.629825 0.619043 
1.37887 1.40688 1.46302 1.44288 1.38648 1.41902 1.33263 1.32714 1.32424 1.32113 1.29043 1.27535 1.2896 1.28881 1.22195 1.24267 1.26483 1.25491 1.20946 1.2109 1.17734 1.181 1.19015 1.15699 1.1743 1.14228 1.12002 1.13095 1.1324 1.13154 1.1074 1.11429 1.09321 1.09036 1.08941 1.07781 1.06024 1.04841 1.04063 1.04448 1.03851 1.03109 1.02488 1.02889 1.01628 1.01362 1.01029 1.0089 1.00535 1.00163 0.998948 0.995503 0.994569 0.994273 0.990353 0.987522 0.991552 0.992445 0.988973 0.980539 0.993414 0.988388 0.985608 0.999584 0.993858 0.998854 1.0039 0.996838 1.00218 1.0123 1.00831 1.00009 1.00526 1.01694 0.986403 0.999704 1.02424 1.04076 1.01967 1.06548 1.04153 1.0601 1.06807 1.07414 1.06626 1.04061 1.1204 1.05444 1.07896 1.06911 1.04929 1.10357 1.07449 1.07017 1.09 1.1326 1.06167 1.14329 1.16433 1.1348 
1.42868 1.4247 1.37051 1.42666 1.37336 1.40159 1.38434 1.35208 1.31454 1.31203 1.31244 1.3119 1.30333 1.31856 1.23437 1.26625 1.22916 1.19825 1.22653 1.21215 1.21696 1.18532 1.20708 1.15935 1.15114 1.14994 1.1505 1.12412 1.08444 1.1118 1.1169 1.08404 1.08865 1.08729 1.0723 1.05617 1.07337 1.06333 1.03576 1.03575 1.04316 1.03379 1.02393 1.01668 1.01918 1.01676 1.01485 1.0101 1.00499 1.00168 0.998738 0.995897 0.994668 0.993688 0.990265 0.992841 0.987574 0.988441 0.987724 0.990308 0.978489 0.992841 0.995882 0.994307 0.988349 0.990865 0.98323 0.991808 1.01667 1.00152 0.991683 1.00033 0.995874 1.03031 0.990957 0.993721 1.02769 1.03977 1.03098 1.04745 1.04982 1.04243 1.07593 1.04055 1.09179 1.08059 1.08521 1.03664 1.06931 1.05551 1.12321 1.06802 1.08722 1.15979 1.12161 1.1405 1.14284 1.1334 1.15888 1.18435 
1.52451 1.46829 1.36709 1.36742 1.43427 1.3771 1.38218 1.3779 1.35978 1.32972 1.27379 1.29141 1.24041 1.30218 1.24293 1.26964 1.25934 1.23204 1.21644 1.19377 1.17414 1.15238 1.17728 1.18163 1.15371 1.14097 1.1323 1.09489 1.13145 1.11662 1.10921 1.09995 1.08336 1.08367 1.0723 1.06216 1.06607 1.06085 1.05274 1.03845 1.03645 1.03394 1.02247 1.02827 1.02208 1.0148 1.01209 1.01055 1.00462 1.00195 0.998603 0.995949 0.99372 0.9946 0.986973 0.987559 0.986718 0.983622 0.983638 0.994289 0.985501 0.987717 0.982462 0.98159 0.991968 0.97802 0.988264 0.991479 0.9954 1.00995 1.00768 1.00349 1.01263 1.00128 1.01655 1.02519 1.01917 1.01153 1.03301 1.05801 1.04714 1.02755 1.02047 1.07707 1.05281 1.02979 1.08149 1.08001 1.0899 1.08986 1.07108 1.07776 1.15032 1.14437 1.11037 1.09278 1.08015 1.14788 1.13393 1.12008 
1.48117 1.43607 1.41904 1.41219 1.38141 1.36115 1.3719 1.30362 1.31337 1.33173 1.30859 1.29949 1.2987 1.28548 1.27286 1.21984 1.24411 1.2491 1.19629 1.21878 1.17887 1.20221 1.18607 1.17515 1.1425 1.15001 1.12684 1.15533 1.11875 1.08603 1.11927 1.0856 1.10848 1.08624 1.0794 1.04449 1.06724 1.05028 1.05388 1.04157 1.0368 1.02699 1.0289 1.01992 1.0177 1.01468 1.00933 1.00778 1.00435 1.00095 0.99838 0.995656 0.99467 0.991734 0.990208 0.992586 0.989582 0.989048 0.982857 0.993509 0.994392 0.971282 0.998757 0.998183 0.979905 1.00445 1.01085 1.00049 0.994423 1.00551 1.01753 0.982227 1.0263 1.02294 1.02973 1.01146 1.04006 1.02971 1.02634 1.05577 1.0788 1.04202 1.06113 1.02378 1.04848 1.10172 1.08241 1.09211 1.12609 1.11655 1.05357 1.09732 1.07034 1.11068 1.16077 1.14427 1.12086 1.13144 1.11891 1.18679 
1.40172 1.42557 1.37149 1.37454 1.36895 1.3734 1.36241 1.32556 1.30698 1.33171 1.29552 1.33738 1.28285 1.27398 1.25351 1.24741 1.23865 1.21111 1.18933 1.21632 1.20734 1.21354 1.18565 1.15152 1.15461 1.15595 1.18341 1.12183 1.12989 1.1155 1.10354 1.11456 1.12062 1.0819 1.09111 1.05549 1.06696 1.04452 1.03927 1.03466 1.04071 1.03428 1.03482 1.0204 1.00879 1.01289 1.01171 1.00747 1.00421 1.00157 0.998369 0.997272 0.994483 0.989691 0.989235 0.992131 0.985179 0.985866 0.992284 0.984841 0.988944 0.971702 0.985196 0.983843 0.98202 0.979749 0.991889 0.980315 0.982326 1.00835 1.02022 0.996955 1.04049 1.00674 1.00257 0.995382 1.02687 1.06006 1.01534 1.03861 1.05849 1.07482 1.05591 1.0523 1.06787 1.03647 1.07463 1.08853 1.09897 1.06478 1.05315 1.14923 1.11495 1.17147 1.10476 1.15177 1.13127 1.19314 1.18111 1.1823 
1.44381 1.37914 1.41442 1.37244 1.40851 1.38366 1.32415 1.34483 1.31334 1.36977 1.34114 1.32231 1.25577 1.28799 1.27896 1.24484 1.23106 1.22156 1.20049 1.19125 1.21808 1.15352 1.18764 1.17083 1.15503 1.1481 1.13392 1.12727 1.10778 1.13002 1.10259 1.10552 1.08846 1.07229 1.06853 1.06363 1.07317 1.04864 1.0462 1.03676 1.04045 1.03394 1.03348 1.01903 1.01671 1.01981 1.01094 1.00716 1.00306 1.00164 0.998708 0.995446 0.996459 0.991091 0.994209 0.990188 0.988691 0.982253 0.988009 0.993713 0.971735 0.992379 0.999924 0.997461 0.989986 0.986448 0.99755 1.0123 1.02142 0.99933 0.998786 1.00703 1.0183 1.00089 1.02574 0.979526 0.9943 1.03848 1.03453 1.06081 1.08657 1.06168 1.0601 1.04447 1.08567 1.06816 1.06942 1.04242 1.064 1.08976 1.10322 1.08657 1.0938 1.14945 1.16146 1.17131 1.11842 1.1323 1.20685 1.17633 
1.40249 1.46038 1.41311 1.42857 1.36135 1.35801 1.39851 1.34191 1.40378 1.33556 1.30528 1.31913 1.30618 1.25331 1.25404 1.25202 1.25084 1.26381 1.2345 1.20373 1.19014 1.19036 1.19004 1.1679 1.14791 1.15228 1.11415 1.13302 1.12841 1.10622 1.10504 1.08851 1.08022 1.07403 1.07971 1.06673 1.05225 1.05836 1.03788 1.03614 1.02674 1.02999 1.02127 1.03167 1.01233 1.01209 1.00853 1.00738 1.00463 1.00138 0.999197 0.996486 0.993809 0.995118 0.986251 0.990228 0.99468 0.986192 0.992275 0.988021 0.984293 0.988757 0.994601 0.993675 0.998884 0.988554 0.992406 0.979801 1.00924 1.02545 0.994817 1.02148 1.01352 1.03601 1.01004 1.01274 1.02119 1.02057 0.995882 1.03237 1.00777 1.00351 1.07439 1.05183 1.03274 1.02612 1.07123 1.08513 1.11148 1.09176 1.1512 1.11956 1.09775 1.15661 1.10799 1.10915 1.17316 1.10333 1.16472 1.18191 
1.43809 1.38066 1.42248 1.4015 1.43512 1.36121 1.43137 1.32563 1.35036 1.31009 1.33284 1.31245 1.27756 1.26254 1.26498 1.2246 1.25341 1.20687 1.24398 1.20461 1.18569 1.19079 1.16949 1.1865 1.15209 1.1539 1.15217 1.13559 1.11352 1.11048 1.11818 1.09256 1.09269 1.074 1.06506 1.0743 1.05258 1.03723 1.04613 1.05182 1.04374 1.03478 1.03039 1.02415 1.01883 1.01612 1.01084 1.00641 1.0037 1.00149 0.998367 0.996427 0.995082 0.990222 0.991552 0.992888 0.991945 0.98595 0.988644 0.989707 1.00017 0.988749 0.97763 0.993536 0.990625 0.98948 1.00167 0.995152 1.02324 1.01319 1.02384 1.01115 1.01168 0.999493 1.01747 1.02517 1.00206 1.00655 1.03136 1.02596 1.01872 1.01618 1.06847 1.0456 1.07648 1.06756 1.07865 1.11444 1.09211 1.10438 1.08946 1.15081 1.1345 1.09357 1.14519 1.16714 1.13849 1.14916 1.18188 1.15833 
1.45603 1.37176 1.39385 1.38192 1.38475 1.37697 1.31819 1.36843 1.31019 1.32911 1.27514 1.28676 1.32092 1.28382 1.25752 1.24606 1.20266 1.29276 1.2113 1.21673 1.19043 1.18827 1.16594 1.13925 1.17779 1.15556 1.12772 1.12091 1.11622 1.12091 1.08649 1.10734 1.098 1.0863 1.05825 1.06619 1.07086 1.05121 1.04129 1.04605 1.04016 1.03388 1.02287 1.02916 1.02114 1.01633 1.00788 1.00987 1.00331 1.00189 0.998617 0.99754 0.995188 0.99058 0.991314 0.985531 0.991551 0.9928 0.989653 0.988098 0.993606 0.983446 0.990664 1.00712 0.989523 0.989943 0.983563 0.990277 0.992368 1.00927 0.99999 0.996404 1.02009 1.00052 1.03655 1.01379 1.0452 0.986208 1.05343 1.03754 1.05812 1.03208 1.05106 1.04405 1.04688 1.05423 1.05703 1.10475 1.11311 1.10142 1.08193 1.10669 1.1145 1.12081 1.09848 1.1439 1.11693 1.16902 1.20447 1.16667 
1.45888 1.45891 1.43736 1.44597 1.41581 1.32065 1.37901 1.3499 1.35281 1.34442 1.31347 1.26237 1.31432 1.23421 1.24172 1.25716 1.22972 1.26242 1.19712 1.22426 1.20761 1.16387 1.15393 1.18205 1.16505 1.16338 1.14807 1.13496 1.12527 1.09577 1.09236 1.09918 1.09442 1.09024 1.07661 1.05106 1.07209 1.05676 1.05669 1.05066 1.03561 1.02224 1.03057 1.02595 1.02096 1.0133 1.00682 1.0078 1.00454 1.00109 0.999179 0.995142 0.994293 0.988867 0.989523 0.991598 0.984768 0.984569 0.992569 0.986835 0.986224 0.997232 0.983491 0.98535 1.00781 0.994408 0.998456 0.987799 1.01372 0.996252 0.990429 1.01512 1.01596 1.0233 1.02662 1.07022 1.01255 1.03002 1.03991 1.04074 1.07702 1.03341 1.06241 1.04225 1.08996 1.01545 1.06362 1.09779 1.08602 1.08288 1.06389 1.08135 1.13959 1.12445 1.18822 1.08739 1.1353 1.19059 1.10868 1.17498 
1.42037 1.41838 1.35606 1.3885 1.42862 1.35751 1.32535 1.35415 1.31266 1.2936 1.30261 1.28018 1.31496 1.25359 1.28627 1.25162 1.22603 1.22959 1.24214 1.18118 1.2074 1.18448 1.17878 1.17561 1.13991 1.14929 1.15039 1.13234 1.10808 1.11003 1.09301 1.09658 1.08178 1.0787 1.07527 1.06387 1.06635 1.04403 1.05703 1.03671 1.0309 1.03281 1.03375 1.02827 1.01985 1.01655 1.01018 1.00795 1.00374 1.0014 0.999174 0.996814 0.993821 0.994098 0.991415 0.985595 0.994072 0.992858 0.987853 0.984068 0.996348 0.992255 0.99487 1.00757 1.00155 0.993121 0.986324 1.00691 1.0122 0.989088 0.992887 1.00583 1.00953 1.01475 1.00375 1.01318 1.04372 1.01808 1.00552 1.04903 1.03539 1.04917 1.05993 1.04356 1.06733 1.09147 1.08458 1.08025 1.117 1.08177 1.11311 1.13923 1.09665 1.16507 1.15805 1.12033 1.12503 1.1649 1.15706 1.12934 
1.43325 1.41421 1.40579 1.38187 1.34009 1.37593 1.37088 1.29829 1.37612 1.29929 1.31645 1.28957 1.26083 1.26792 1.30521 1.28523 1.23568 1.24334 1.17489 1.23546 1.20073 1.1797 1.17874 1.1501 1.1626 1.18081 1.14995 1.12568 1.12206 1.12342 1.1015 1.09157 1.07953 1.08653 1.08899 1.08355 1.0493 1.05599 1.05206 1.03926 1.0354 1.03107 1.02347 1.02346 1.01875 1.01693 1.01023 1.00846 1.00417 1.00121 0.998425 0.996649 0.994937 0.988055 0.986869 0.98983 0.98571 0.995859 0.989629 0.991065 0.994934 0.991064 0.995368 0.999113 1.0161 1.00447 0.981744 0.986128 1.00688 1.01258 1.02021 1.00906 0.993667 1.00126 1.03823 1.0147 1.03804 1.01459 1.03821 1.03649 1.04712 1.05408 1.06323 1.05452 1.07212 1.07846 1.07839 1.07781 1.10264 1.13247 1.09473 1.14123 1.10003 1.1268 1.14526 1.12841 1.12823 1.15387 1.13164 1.13192 
1.4645 1.42268 1.44793 1.35869 1.35499 1.40122 1.36829 1.31977 1.34672 1.33557 1.33841 1.2836 1.27363 1.30035 1.2489 1.27575 1.2187 1.20435 1.19923 1.22776 1.19261 1.18296 1.16547 1.14299 1.12782 1.12929 1.15487 1.13934 1.12031 1.11968 1.10885 1.09538 1.11 1.09027 1.07741 1.05307 1.0623 1.06029 1.04672 1.04738 1.04074 1.0301 1.02948 1.02563 1.01815 1.01944 1.01165 1.00907 1.00417 1.00138 0.998947 0.998322 0.992672 0.991685 0.98894 0.987778 0.990878 1.00065 0.990687 0.990655 0.996955 0.991877 0.995345 0.992958 0.98816 0.998871 1.00328 1.01713 1.01215 1.01156 1.01531 1.01873 1.00025 1.0174 0.994824 0.99765 1.03971 1.02179 1.04713 1.02728 1.04161 1.09152 1.06995 1.06131 1.11789 1.05725 1.10842 1.0839 1.04957 1.07202 1.14341 1.09013 1.13896 1.08068 1.15748 1.16906 1.17071 1.22736 1.18381 1.15961 
1.44279 1.4348 1.38294 1.42142 1.37442 1.37024 1.32477 1.33828 1.31841 1.36111 1.30762 1.29761 1.3078 1.27902 1.27691 1.25679 1.24453 1.22413 1.23667 1.22022 1.22297 1.16279 1.20672 1.16421 1.15885 1.16284 1.13755 1.12072 1.11534 1.10237 1.09634 1.09681 1.07402 1.0723 1.0723 1.05344 1.07377 1.05007 1.05629 1.05584 1.04117 1.03507 1.03109 1.02665 1.01618 1.01542 1.01349 1.00669 1.00407 1.00141 0.998889 0.996526 0.993357 0.99321 0.98826 0.988977 0.991601 0.988436 0.987529 0.983605 0.978373 0.976114 0.985621 0.99793 0.983619 0.993383 0.996922 1.00916 1.00702 1.00389 0.995628 1.00213 1.00399 1.0323 1.00895 1.01599 1.02719 1.02496 1.02832 1.03699 1.05365 1.00956 1.02574 1.06683 1.0723 1.04757 1.06305 1.10998 1.10806 1.11749 1.12514 1.14217 1.12197 1.13414 1.09801 1.12395 1.13869 1.15451 1.1847 1.19414 
1.37462 1.4243 1.42144 1.3638 1.37771 1.34973 1.37773 1.33751 1.31359 1.3205 1.2763 1.28923 1.30099 1.27348 1.25011 1.23949 1.24993 1.25789 1.21809 1.23722 1.22611 1.19516 1.16277 1.20321 1.14565 1.13904 1.14135 1.13781 1.13991 1.08995 1.1034 1.10629 1.09265 1.09681 1.06286 1.05155 1.07113 1.05188 1.04681 1.04865 1.03586 1.03617 1.02158 1.02373 1.0224 1.01115 1.01265 1.00711 1.00584 1.00102 0.999088 0.996122 0.994435 0.991493 0.98838 0.990686 0.989561 0.998955 0.991679 0.987404 0.987003 0.987827 0.990664 0.994845 0.984707 0.99768 0.980888 1.01664 0.996569 1.01039 0.993556 1.03763 1.00386 1.01403 1.03135 1.03337 1.01229 1.04188 1.07654 1.05337 1.07154 1.07351 1.05134 1.08426 1.04851 1.08634 1.06532 1.06472 1.07642 1.06411 1.10114 1.08298 1.14853 1.12312 1.17124 1.20223 1.18332 1.15993 1.14137 1.17147 
1.44964 1.4337 1.40669 1.37552 1.36482 1.3526 1.3405 1.32647 1.27043 1.35851 1.30067 1.29985 1.27654 1.27555 1.26767 1.25713 1.26016 1.22601 1.22042 1.2224 1.18429 1.18842 1.16112 1.14013 1.14104 1.16285 1.1294 1.14109 1.09848 1.12739 1.09445 1.08355 1.08526 1.0907 1.06691 1.04716 1.06089 1.05309 1.04779 1.04805 1.03007 1.0427 1.02265 1.01806 1.02107 1.01343 1.01277 1.0098 1.00558 1.0014 0.998619 0.998528 0.994512 0.997473 0.993901 0.993317 0.993433 0.987982 0.994036 0.984493 0.981945 0.992781 0.995293 0.989387 0.995451 0.996886 0.991457 1.01629 1.01423 1.00245 1.01732 0.99476 0.995397 1.00557 0.996595 1.04635 1.03936 1.0366 1.02779 1.04869 1.04029 1.05669 1.05073 1.06584 1.05251 1.1093 1.09879 1.08936 1.08039 1.08692 1.07492 1.06024 1.12764 1.11779 1.17939 1.19319 1.17272 1.21133 1.20486 1.19978 
1.41393 1.40596 1.42565 1.39829 1.39121 1.42072 1.38326 1.30376 1.29655 1.32582 1.23112 1.31005 1.23143 1.29974 1.28578 1.24083 1.22548 1.2288 1.21006 1.19293 1.20247 1.1868 1.19281 1.15819 1.18131 1.16335 1.14417 1.13052 1.12469 1.09803 1.10693 1.08659 1.10292 1.08628 1.07593 1.05859 1.05912 1.0599 1.06168 1.0368 1.03797 1.0335 1.03584 1.02532 1.01916 1.01651 1.01015 1.00654 1.00359 1.00132 0.998741 0.996863 0.993446 0.993709 0.990568 0.989885 0.986912 0.990991 0.98606 0.989143 0.995211 0.989152 0.98823 0.97961 1.00471 0.981528 1.01545 0.990478 0.998965 0.994529 1.00956 1.01702 1.00749 0.98314 1.02396 1.0338 1.03778 1.02707 1.02171 1.03659 1.03506 1.04513 1.05879 1.05338 1.0894 1.01904 1.07559 1.06983 1.12365 1.09547 1.11567 1.07117 1.11523 1.09218 1.11213 1.1815 1.12822 1.14956 1.17441 1.14122 
1.44287 1.48567 1.37857 1.36125 1.34501 1.38249 1.32211 1.29681 1.33422 1.27556 1.29969 1.2715 1.31701 1.31383 1.24629 1.21106 1.25724 1.20517 1.23836 1.2081 1.19585 1.17981 1.14037 1.18454 1.15494 1.17286 1.14064 1.11901 1.14032 1.12339 1.08854 1.10499 1.07741 1.09418 1.06516 1.07557 1.0574 1.04909 1.04498 1.04525 1.03713 1.03629 1.02303 1.02237 1.01464 1.01818 1.00879 1.00695 1.0036 1.00137 0.998784 0.994774 0.993204 0.988879 0.989226 0.992507 0.987311 0.981658 0.983295 0.99484 0.988212 0.987182 0.993961 0.995099 0.995006 1.00064 0.99269 0.992199 0.994558 1.00431 0.989872 0.989215 1.01159 1.01165 1.01505 1.03048 1.0483 1.03587 1.03353 1.04953 1.03088 1.06806 1.06249 1.05798 1.08504 1.04878 1.09376 1.09887 1.11442 1.09111 1.13825 1.11549 1.12548 1.1321 1.12595 1.138 1.10837 1.1846 1.18363 1.19285 
1.44439 1.41905 1.34452 1.37043 1.34217 1.38956 1.38211 1.35847 1.30903 1.34383 1.37466 1.25372 1.3126 1.26263 1.24233 1.25139 1.27379 1.21605 1.23415 1.2123 1.20243 1.17812 1.18329 1.18368 1.13825 1.1423 1.12947 1.11145 1.10541 1.12105 1.11363 1.09503 1.07801 1.10768 1.07419 1.07979 1.07224 1.06032 1.04931 1.03945 1.04279 1.0353 1.02652 1.02423 1.02165 1.01779 1.01456 1.00728 1.00452 1.00123 0.99877 0.996486 0.993156 0.994321 0.990486 0.986279 0.98703 0.98761 0.992553 0.984708 0.988753 0.980759 1.0063 0.99651 0.997794 1.01389 1.00014 1.00044 1.00122 1.02871 1.01699 1.01725 1.01825 1.0284 1.0072 1.0535 1.01346 1.03576 1.06433 1.03179 1.04709 1.05247 1.03909 1.09156 1.08982 1.08644 1.07862 1.11114 1.07134 1.1132 1.12479 1.10767 1.18432 1.14331 1.18146 1.16051 1.20228 1.12025 1.15558 1.15871 
1.48354 1.4281 1.39213 1.3641 1.38561 1.35218 1.31332 1.34585 1.34052 1.32926 1.3181 1.29503 1.2904 1.2753 1.26051 1.24054 1.26201 1.26868 1.24689 1.17607 1.22793 1.17774 1.16277 1.16181 1.16254 1.15535 1.13793 1.14207 1.1163 1.11097 1.0844 1.09697 1.08083 1.07165 1.06944 1.0671 1.0528 1.05596 1.04171 1.04774 1.04024 1.02814 1.02933 1.02382 1.01572 1.01504 1.0115 1.00668 1.00454 1.00102 0.998454 0.997194 0.996199 0.989309 0.992144 0.992343 0.9903 0.992621 0.983055 0.982699 0.988645 0.998061 0.99876 0.987641 0.992519 0.995208 0.995635 0.990143 1.00271 1.00415 1.03272 1.00011 1.0034 1.03079 1.00352 1.03259 1.03353 1.02382 1.03599 1.03726 1.05319 1.04806 1.09162 1.05983 1.05353 1.04408 1.09686 1.07471 1.12222 1.17516 1.05827 1.17938 1.14554 1.12345 1.1426 1.17147 1.16528 1.18218 1.12655 1.18001 
1.40681 1.3958 1.44331 1.39827 1.37734 1.35712 1.3989 1.32546 1.32085 1.35313 1.34412 1.25869 1.2895 1.24905 1.27637 1.26099 1.26947 1.20764 1.20805 1.19956 1.18366 1.18178 1.17614 1.1513 1.12771 1.16202 1.12316 1.09322 1.11349 1.0975 1.1116 1.07451 1.08544 1.08937 1.08215 1.05592 1.06711 1.05135 1.05789 1.04597 1.0364 1.02468 1.02913 1.02518 1.01861 1.01162 1.00854 1.00927 1.00423 1.00106 0.998229 0.996015 0.993999 0.993826 0.993938 0.99061 0.989874 0.984568 0.992642 0.987259 0.979548 0.991333 0.998485 0.978584 0.978781 0.987952 1.0064 0.997758 1.00339 0.988074 0.996872 1.01971 1.0074 1.02108 1.02344 1.03583 1.04572 1.05302 1.04337 1.03734 1.07954 1.0361 1.1256 1.04628 1.10514 1.0762 1.11099 1.10996 1.1079 1.07233 1.04873 1.14265 1.15474 1.09865 1.13194 1.16822 1.21694 1.09675 1.2128 1.16693 
1.47122 1.41342 1.38882 1.41251 1.38804 1.33536 1.3479 1.34914 1.32885 1.29705 1.31591 1.31938 1.30707 1.23594 1.23736 1.25949 1.22702 1.21848 1.19371 1.20811 1.18678 1.16814 1.17261 1.13894 1.17774 1.15526 1.12395 1.1067 1.11982 1.11051 1.0996 1.09739 1.07847 1.08609 1.07483 1.05545 1.0494 1.04721 1.05258 1.03411 1.03905 1.03783 1.03044 1.02576 1.02247 1.01514 1.0111 1.00638 1.00367 1.00161 0.998345 0.995921 0.994226 0.993401 0.995382 0.993578 0.983083 0.993735 0.984294 0.984681 0.997353 0.98494 0.998988 0.995112 0.98197 0.989139 1.01871 0.989255 0.996945 1.02208 1.02384 1.01484 1.01095 1.02919 1.02826 1.03853 1.01321 1.00919 1.03715 1.0371 1.04954 1.02306 1.0812 1.08744 1.08556 1.07738 1.07964 1.08877 1.0716 1.08959 1.10431 1.10947 1.10382 1.11337 1.15214 1.15621 1.12553 1.16521 1.1839 1.24277 
1.41289 1.40663 1.40171 1.36843 1.41272 1.40615 1.35929 1.36236 1.34025 1.34519 1.28853 1.24418 1.30145 1.28519 1.25984 1.23753 1.21988 1.20038 1.19884 1.20546 1.18355 1.19405 1.19937 1.14958 1.14999 1.15894 1.1574 1.12172 1.11771 1.10361 1.11514 1.09307 1.08631 1.08673 1.06051 1.06848 1.07151 1.0451 1.05245 1.0434 1.04383 1.02884 1.02784 1.02476 1.02287 1.01362 1.0094 1.00885 1.00395 1.00166 0.998915 0.996453 0.996152 0.992735 0.987184 0.989099 0.989637 0.998382 0.995374 1.00135 1.00026 0.986967 0.996904 1.00271 1.00625 1.01146 0.997158 1.006 0.986579 1.00313 1.0273 1.0059 1.01314 1.02852 1.0288 1.02011 1.02404 1.02791 1.0572 1.0458 1.07413 1.04747 1.07202 1.12828 1.07044 1.10363 1.0808 1.10322 1.10718 1.09437 1.08856 1.09877 1.1275 1.17325 1.19368 1.12062 1.15413 1.18964 1.15296 1.23246 
1.40649 1.41626 1.38909 1.41261 1.3818 1.3613 1.30965 1.33217 1.31645 1.35442 1.26124 1.32907 1.25594 1.23417 1.26573 1.2483 1.20413 1.18072 1.22392 1.23027 1.18196 1.14943 1.15985 1.15298 1.14354 1.15694 1.12755 1.13413 1.14125 1.12709 1.11147 1.08697 1.08134 1.08832 1.06441 1.05745 1.04887 1.05242 1.05108 1.03975 1.02715 1.02767 1.03578 1.02674 1.02492 1.01136 1.01178 1.00667 1.00448 1.00125 0.999134 0.99688 0.992785 0.993811 0.985364 0.987216 0.990064 0.99462 0.984127 0.996321 0.996936 0.98832 0.980645 0.992466 0.993019 0.991674 1.0009 0.994358 0.996733 1.00153 1.0075 1.0207 1.03965 1.03074 1.03153 1.03612 1.01988 1.06064 1.0347 1.03093 1.04486 1.04526 1.0437 1.06535 1.07789 1.1124 1.06913 1.0803 1.09296 1.10969 1.1155 1.14355 1.15001 1.14828 1.14544 1.16273 1.17272 1.18451 1.14325 1.23266 
1.38783 1.41258 1.43883 1.39321 1.33628 1.36546 1.33568 1.34511 1.30488 1.28145 1.31464 1.3186 1.26337 1.26977 1.25662 1.25972 1.22316 1.2377 1.19391 1.22428 1.19038 1.17048 1.16173 1.16722 1.1403 1.15725 1.12847 1.11215 1.13165 1.12116 1.11601 1.09104 1.08185 1.07307 1.06444 1.06368 1.07132 1.04757 1.03686 1.03593 1.03918 1.02719 1.02801 1.01953 1.01971 1.01316 1.0127 1.00914 1.00496 1.00108 0.998626 0.997446 0.995484 0.99166 0.991291 0.992355 0.99301 0.992284 0.996665 0.98402 0.988185 0.993591 0.984357 0.990623 1.00191 0.992821 0.986736 1.00294 1.00609 1.01821 1.01242 1.0124 1.02367 1.01292 1.03037 1.04052 1.04492 1.02154 1.01905 1.03135 1.07966 1.08035 1.07891 1.07582 1.0672 1.08984 1.09563 1.11887 1.10577 1.10717 1.09471 1.13665 1.11153 1.13532 1.10687 1.12736 1.20934 1.14817 1.14589 1.1991 
1.48683 1.38421 1.39234 1.39151 1.39818 1.39216 1.33505 1.36611 1.31776 1.35962 1.28157 1.30143 1.30156 1.27479 1.2641 1.2275 1.21374 1.2347 1.19321 1.19512 1.20551 1.20855 1.16056 1.17736 1.15116 1.14323 1.12215 1.12644 1.10247 1.09858 1.0948 1.10375 1.09493 1.07168 1.08247 1.09063 1.06564 1.05247 1.04991 1.03649 1.03655 1.02515 1.02994 1.02492 1.02192 1.01587 1.00833 1.00751 1.00355 1.0014 0.99912 0.996155 0.992559 0.98817 0.991023 0.99302 0.995312 0.995404 0.988226 0.99467 0.984885 0.982581 1.0077 0.987042 1.00394 0.984532 1.00008 1.00246 1.01511 0.995663 1.0053 1.01507 1.02032 1.03213 1.02783 1.02146 1.04172 1.06447 1.02422 1.06708 1.06055 1.03314 1.04683 1.05633 1.05643 1.07489 1.09555 1.09829 1.11038 1.09425 1.09088 1.10571 1.12565 1.12729 1.1294 1.2032 1.14454 1.17384 1.16998 1.18489 
1.48181 1.37234 1.40275 1.37739 1.3969 1.40157 1.36529 1.37095 1.33483 1.33611 1.33521 1.31584 1.32112 1.23634 1.25644 1.2632 1.22465 1.20325 1.20028 1.21243 1.18421 1.13129 1.19295 1.16624 1.1446 1.17646 1.16023 1.11195 1.10374 1.10344 1.10533 1.09865 1.0991 1.07894 1.0702 1.06555 1.06217 1.05426 1.03939 1.03634 1.03752 1.02915 1.02598 1.0239 1.01748 1.01488 1.00781 1.00394 1.00314 1.00126 0.998908 0.996587 0.992694 0.992375 0.989211 0.996282 0.995367 0.994085 0.987273 0.995182 1.00797 0.999066 0.991202 0.996911 0.971853 0.994675 1.0094 1.01061 0.988134 1.01103 1.02868 1.01448 1.0136 1.01546 1.02745 1.03595 1.03531 1.06428 1.05236 1.04109 1.08746 1.04839 1.0685 1.09841 1.0709 1.09477 1.09929 1.04706 1.13716 1.14587 1.11153 1.08615 1.182 1.09068 1.15333 1.11585 1.12757 1.18522 1.15013 1.2307 
1.46012 1.46017 1.47402 1.35212 1.41578 1.38461 1.38866 1.29994 1.29853 1.3384 1.32721 1.26896 1.27273 1.27077 1.2748 1.2587 1.24422 1.23834 1.23303 1.21089 1.18905 1.16556 1.17047 1.14761 1.15244 1.13729 1.1305 1.15971 1.12219 1.11738 1.09889 1.09651 1.08668 1.08311 1.06881 1.07742 1.07282 1.05424 1.05595 1.05315 1.04379 1.0349 1.01864 1.02466 1.01919 1.01633 1.01046 1.00816 1.00402 1.0013 0.99834 0.997442 0.993296 0.999297 0.992373 0.988783 0.995451 0.99304 0.99125 0.985021 0.98041 0.998322 0.994763 0.992034 1.01094 1.01006 0.995944 1.00847 1.00735 1.0126 1.01255 1.02671 1.01975 1.01674 1.05329 1.03059 1.01031 1.04044 1.02526 1.04564 1.05849 1.04697 1.08691 1.08384 1.07851 1.09339 1.12485 1.05962 1.12312 1.08367 1.12213 1.13948 1.14743 1.11996 1.13513 1.10513 1.17532 1.15947 1.18384 1.14833 
1.4886 1.41323 1.41873 1.40552 1.35046 1.38907 1.34208 1.3223 1.33613 1.31542 1.34228 1.30691 1.26895 1.25464 1.24223 1.24437 1.24072 1.20705 1.21381 1.21248 1.23677 1.17761 1.16155 1.15119 1.12419 1.1626 1.10757 1.10636 1.11518 1.13104 1.08922 1.08631 1.08636 1.06911 1.07204 1.07815 1.05824 1.04339 1.05718 1.04223 1.04191 1.02868 1.02583 1.03122 1.01126 1.01158 1.00595 1.00777 1.00345 1.00149 0.998828 0.997665 0.998594 0.994403 0.986757 0.988121 0.991788 0.992253 0.989138 0.995207 0.984764 0.995099 0.964752 0.985385 0.991539 0.990305 1.0185 0.984212 0.993245 1.00337 1.00496 1.00699 1.00479 1.01218 1.02635 1.04291 1.02253 1.02424 1.05577 1.04122 1.04748 1.04699 1.07305 1.08335 1.08676 1.08997 1.07169 1.09686 1.09197 1.07766 1.1153 1.1071 1.11886 1.18809 1.1838 1.1688 1.16869 1.12015 1.20767 1.20389 
1.47887 1.44277 1.43889 1.35888 1.37238 1.36642 1.32981 1.34217 1.30293 1.33013 1.28733 1.31846 1.2561 1.28432 1.26823 1.22836 1.28512 1.24491 1.2109 1.22313 1.19847 1.1696 1.1789 1.17073 1.1723 1.14759 1.14889 1.11214 1.11559 1.1183 1.1135 1.07884 1.08183 1.09738 1.07093 1.07066 1.05971 1.04256 1.04794 1.03603 1.02471 1.02908 1.03231 1.02403 1.01764 1.01367 1.01146 1.00554 1.0042 1.00135 0.9983 0.995724 0.995229 0.992944 0.990072 0.988956 0.989922 0.99174 0.99091 0.988545 0.988382 0.986769 0.989167 1.01326 0.982806 0.996146 0.987303 1.00626 1.02353 1.00619 1.01327 1.00035 1.00898 1.0181 1.03908 1.02295 1.05314 1.02697 1.06645 1.06056 1.06346 1.01652 1.04826 1.00929 1.03008 1.08133 1.07204 1.08927 1.09637 1.08363 1.13117 1.1215 1.15826 1.14175 1.16298 1.15588 1.17142 1.18609 1.15823 1.22712 
1.42522 1.38742 1.40444 1.36859 1.30912 1.27662 1.3101 1.38915 1.33818 1.32135 1.31651 1.29072 1.26835 1.27685 1.29931 1.2506 1.24452 1.2153 1.22908 1.19902 1.17429 1.18777 1.17622 1.15964 1.16347 1.13558 1.14705 1.11421 1.1168 1.12736 1.10522 1.0891 1.0867 1.08651 1.08376 1.06564 1.08178 1.04806 1.04455 1.03786 1.04927 1.02989 1.02409 1.01474 1.01031 1.01479 1.00959 1.00888 1.00451 1.00132 0.998246 0.99693 0.994739 0.992365 0.990531 0.984845 0.992096 0.987552 0.994021 1.00257 0.997298 0.976842 0.989443 0.987497 0.988945 0.99396 1.00727 0.994412 1.00797 0.989781 1.00499 1.02447 1.02944 1.03896 1.02709 1.05023 1.01162 1.0528 1.03198 1.04177 1.07195 1.06615 1.02123 1.06968 1.08904 1.10377 1.08626 1.08633 1.11288 1.15297 1.10601 1.13083 1.03518 1.16026 1.14678 1.14459 1.13312 1.09555 1.14418 1.17185 
1.42138 1.38778 1.42243 1.38823 1.41283 1.41309 1.24548 1.34541 1.34436 1.28562 1.31336 1.27571 1.26001 1.26108 1.30847 1.24893 1.20914 1.20059 1.21746 1.19398 1.19642 1.19579 1.14414 1.14753 1.17158 1.13438 1.14161 1.12413 1.10552 1.10752 1.11106 1.0852 1.06376 1.06183 1.06039 1.04569 1.06275 1.05855 1.0305 1.04742 1.03902 1.02869 1.02918 1.01712 1.01812 1.01413 1.0042 1.00647 1.00285 1.00134 0.99873 0.996434 0.993899 0.989909 0.993064 0.987314 0.990378 0.981472 0.99744 0.986589 0.984308 0.992956 1.00394 0.9852 0.99668 0.992594 0.993099 1.01575 0.992438 0.992593 1.0193 0.984594 1.04006 1.01854 1.03259 1.04458 1.02752 1.04893 1.06377 1.07394 1.08868 1.07449 1.02356 1.05477 1.06456 1.04504 1.08296 1.10008 1.09062 1.10677 1.11727 1.12163 1.11972 1.1806 1.1255 1.19621 1.16247 1.19712 1.15292 1.21014 
1.41691 1.38995 1.44703 1.39774 1.38373 1.39342 1.33107 1.29365 1.37703 1.3472 1.29459 1.28707 1.23632 1.2676 1.25945 1.24036 1.24213 1.24952 1.22821 1.23443 1.23082 1.18441 1.16342 1.14411 1.14697 1.13459 1.1394 1.13946 1.12225 1.12953 1.09956 1.10505 1.11027 1.06992 1.06824 1.06368 1.06267 1.04516 1.05143 1.04104 1.04516 1.0355 1.02443 1.02199 1.01702 1.01367 1.01204 1.00838 1.005 1.00104 0.998532 0.996982 0.995578 0.993538 0.992047 0.99666 0.983861 0.984098 0.993517 0.987611 0.994101 0.999448 0.988859 0.980459 0.985537 0.99985 0.999969 0.989771 0.988944 1.0047 1.01844 1.00458 1.02428 1.01266 1.01004 1.05885 1.0277 1.02554 1.06734 1.0604 1.03698 1.04711 1.08858 1.09379 1.05347 1.11755 1.10021 1.10813 1.11343 1.12238 1.14652 1.11759 1.11026 1.15933 1.14668 1.11891 1.15928 1.1404 1.19189 1.19962 
1.46233 1.45928 1.37592 1.3963 1.33654 1.38162 1.39729 1.34332 1.30971 1.29817 1.30735 1.30796 1.22154 1.27839 1.25551 1.26581 1.25339 1.20887 1.18502 1.1872 1.18846 1.1507 1.17233 1.15024 1.16835 1.15922 1.12351 1.13976 1.10304 1.12432 1.10639 1.09987 1.07867 1.07779 1.07275 1.06831 1.04664 1.04685 1.04306 1.04233 1.03057 1.03972 1.0241 1.02012 1.01289 1.01546 1.01242 1.0068 1.0033 1.00201 0.998607 0.996866 0.995385 0.994373 0.994176 0.993339 0.992448 0.981869 0.993902 0.990804 0.985276 0.992528 0.993618 0.987018 0.977598 0.989664 0.991946 1.00817 0.995299 0.995456 1.00801 0.999676 1.00658 1.00531 1.03619 1.00396 1.0273 1.03444 1.05986 1.04777 1.03925 1.02724 1.05288 1.07528 1.09871 1.09042 1.09469 1.08075 1.07508 1.15744 1.11226 1.10344 1.13883 1.14802 1.1359 1.11899 1.20067 1.16982 1.25392 1.19079 
1.45411 1.40277 1.44606 1.41039 1.38359 1.39691 1.36361 1.30186 1.31429 1.34308 1.27537 1.30466 1.33413 1.25942 1.26391 1.26103 1.25934 1.26692 1.2211 1.23118 1.17683 1.16585 1.17282 1.1694 1.13259 1.14981 1.13592 1.13411 1.11845 1.11951 1.10887 1.08823 1.09908 1.05909 1.07032 1.06046 1.05883 1.04858 1.04067 1.04997 1.03385 1.02484 1.02217 1.02517 1.01829 1.01364 1.01118 1.00709 1.00386 1.00128 0.998638 0.99773 0.99669 0.99459 0.989687 0.992592 0.989698 0.989635 0.982318 0.990857 1.0001 1.00775 1.00523 0.99937 1.00453 1.0144 1.01363 0.999855 1.00804 1.01936 0.999153 1.00932 1.0126 1.01223 1.01782 1.02924 1.07398 1.05164 0.997951 1.03185 1.07784 1.12855 1.05461 1.03459 1.08856 1.08611 1.08293 1.07779 1.12608 1.08122 1.08987 1.14221 1.1484 1.14198 1.16655 1.16507 1.10493 1.16479 1.17296 1.23633 
1.43363 1.4204 1.39901 1.4081 1.34049 1.37537 1.33363 1.39479 1.3206 1.31581 1.30269 1.33262 1.28424 1.28651 1.23481 1.26137 1.22498 1.21927 1.22023 1.20067 1.18193 1.16121 1.17803 1.17095 1.11378 1.12987 1.13425 1.1345 1.1093 1.1104 1.10367 1.10269 1.07722 1.06921 1.06276 1.07165 1.06724 1.057 1.03682 1.04876 1.04161 1.03446 1.02757 1.02318 1.0201 1.01429 1.01001 1.0061 1.00424 1.00127 0.99897 0.997451 0.993788 0.989594 0.992819 0.991687 0.99168 0.985301 0.978405 0.994482 0.983709 0.995974 0.99799 0.986273 0.987517 0.992403 1.00565 0.993599 1.00713 1.02198 0.9995 1.00421 1.04534 1.01965 1.04964 1.02756 1.0762 1.04209 1.06443 1.07245 1.05272 1.06921 1.09374 1.06339 1.06854 1.06645 1.06689 1.07565 1.11114 1.14498 1.13252 1.09662 1.11088 1.19615 1.18206 1.16551 1.21842 1.19685 1.20042 1.202 
1.48252 1.44855 1.41872 1.39427 1.37669 1.41006 1.38745 1.37283 1.31328 1.33917 1.3184 1.33961 1.25659 1.26354 1.27272 1.24355 1.28817 1.24609 1.21511 1.22174 1.20466 1.17958 1.17253 1.17622 1.16262 1.14479 1.13513 1.12457 1.09889 1.12013 1.0858 1.1007 1.08602 1.06033 1.09131 1.07653 1.05327 1.05092 1.04541 1.03601 1.03422 1.03136 1.03124 1.0186 1.0148 1.00694 1.01301 1.00698 1.00251 1.00209 0.998892 0.997428 0.995864 0.990423 0.990704 0.987621 0.983171 0.992826 0.992648 0.984491 0.991038 0.989831 1.00554 0.982592 0.991605 0.998352 1.00052 0.999401 1.02058 1.0022 1.02677 1.01005 1.00628 1.00813 1.00302 1.04111 1.03469 1.05039 1.05193 1.06544 1.05561 1.05849 1.02434 1.06916 1.0985 1.05924 1.10396 1.08276 1.10427 1.12144 1.12684 1.13397 1.15403 1.12166 1.18654 1.20933 1.15511 1.18683 1.14975 1.15879 
1.36654 1.45761 1.39558 1.34176 1.41348 1.36673 1.32449 1.32629 1.35833 1.25896 1.3296 1.31111 1.28288 1.26093 1.24104 1.26591 1.26678 1.24816 1.23804 1.19754 1.20886 1.19397 1.165 1.17575 1.14365 1.13727 1.15245 1.12659 1.13083 1.12389 1.11345 1.09612 1.07303 1.07986 1.08609 1.06939 1.06308 1.05603 1.03309 1.04612 1.02962 1.02477 1.03224 1.01857 1.01589 1.01392 1.00611 1.00522 1.00204 1.00125 0.998406 0.996959 0.994023 0.990861 0.992616 0.992105 0.990883 0.994317 0.984424 0.979704 0.976701 0.992596 0.98174 0.995543 1.00022 0.998115 1.00431 0.998738 0.987296 0.995576 1.01613 1.01697 1.03296 1.04263 1.01268 1.01992 1.02937 1.05243 1.06452 1.04392 1.06917 1.07679 1.04953 1.10308 1.06488 1.06262 1.06434 1.1083 1.10048 1.11003 1.10234 1.12553 1.15489 1.14101 1.15884 1.11151 1.19897 1.18351 1.19941 1.18107 
1.43704 1.45533 1.43392 1.37254 1.37721 1.30859 1.31398 1.30618 1.28848 1.31463 1.28187 1.31982 1.28903 1.25882 1.23427 1.21968 1.20181 1.27841 1.19561 1.21675 1.15694 1.18164 1.1622 1.17281 1.1278 1.14546 1.14763 1.13589 1.13424 1.11102 1.11717 1.08649 1.1036 1.0699 1.06142 1.07336 1.06713 1.04102 1.05075 1.03591 1.02485 1.02824 1.03122 1.01487 1.01178 1.01319 1.01079 1.00565 1.00362 1.00103 0.999186 0.996336 0.994581 0.995653 0.992606 0.995498 0.984898 0.992928 0.993128 0.996103 0.998198 0.991422 0.983337 1.0001 0.996506 0.997126 1.0272 1.00235 1.0203 0.998229 0.99932 1.01164 1.01687 1.01844 1.03822 1.01905 1.03077 1.01769 1.05013 1.08091 1.06783 1.08496 1.08451 1.081 1.10302 1.08103 1.10618 1.09787 1.08702 1.13198 1.1252 1.15686 1.10385 1.17099 1.13833 1.19912 1.20034 1.19394 1.13421 1.17338 
1.4119 1.35012 1.44975 1.38213 1.37112 1.34646 1.35533 1.37987 1.31441 1.34425 1.28861 1.27938 1.27631 1.30218 1.2534 1.29279 1.26852 1.21495 1.19414 1.21435 1.21144 1.20276 1.18932 1.16805 1.14669 1.1228 1.16269 1.13709 1.10083 1.11294 1.08817 1.08507 1.10268 1.08446 1.07118 1.06411 1.06671 1.05147 1.04447 1.04751 1.0349 1.0239 1.01952 1.0227 1.02452 1.01424 1.00804 1.00762 1.00357 1.0015 0.998342 0.997051 0.995871 0.993999 0.994019 0.992527 0.991956 0.988089 0.990614 0.983666 0.980543 0.985982 0.993066 0.997021 1.00336 1.00202 0.997506 1.00066 1.00946 1.02462 0.997761 1.00707 1.02895 1.03165 1.02174 1.04679 1.01468 1.03547 1.05476 1.03898 1.02366 1.05844 1.05859 1.08537 1.08981 1.0625 1.08698 1.0849 1.1115 1.10815 1.13081 1.10444 1.17148 1.10381 1.14834 1.16032 1.12797 1.11919 1.13487 1.17524 
1.42595 1.39663 1.37213 1.37858 1.37276 1.36698 1.31158 1.34563 1.34462 1.36206 1.28307 1.31177 1.26353 1.2693 1.23991 1.26476 1.25083 1.24462 1.17376 1.19105 1.19701 1.13439 1.17724 1.18168 1.15577 1.12057 1.14992 1.13265 1.12548 1.07698 1.11248 1.11906 1.08942 1.07183 1.07482 1.06748 1.0651 1.05211 1.04811 1.04639 1.0329 1.03187 1.02437 1.02662 1.01746 1.01303 1.00917 1.00691 1.00412 1.00132 0.998684 0.994933 0.993633 0.992712 0.989846 0.994783 0.987137 0.99047 0.9828 0.989028 0.999521 0.998042 0.98871 1.00426 0.991051 0.991479 1.00167 1.01336 1.00666 1.01067 1.02586 1.03109 1.02514 0.998056 1.03215 1.04024 1.03852 1.05207 1.07279 1.04319 1.0485 1.0881 1.06186 1.07072 1.07717 1.07427 1.08463 1.12441 1.09183 1.08119 1.12506 1.17703 1.16703 1.1412 1.19401 1.14674 1.1937 1.17729 1.20589 1.19883 
1.38243 1.44795 1.41248 1.35623 1.36647 1.33872 1.34564 1.35408 1.33233 1.29173 1.31022 1.29087 1.28343 1.26807 1.22861 1.18594 1.25192 1.23531 1.22978 1.18795 1.17813 1.12909 1.16274 1.15984 1.16844 1.136 1.14599 1.12971 1.11212 1.11738 1.10678 1.09282 1.09866 1.06878 1.0661 1.05982 1.04604 1.05832 1.04506 1.04102 1.04055 1.03267 1.02467 1.02203 1.01658 1.01309 1.0117 1.00574 1.00243 1.00089 0.998725 0.996174 0.994707 0.991401 0.990677 0.989542 0.990882 0.990351 0.986159 0.986619 1.00444 0.99449 0.992302 0.996357 0.988526 0.993178 1.0213 1.00973 0.99979 0.990054 1.00499 0.99935 1.02473 1.02926 1.02767 1.01894 1.03774 1.04547 1.02101 1.04422 1.03421 1.07019 1.08104 1.0889 1.04932 1.08918 1.11255 1.06957 1.12367 1.09079 1.13657 1.11156 1.12545 1.12986 1.18966 1.13613 1.18638 1.14444 1.20047 1.21734 
1.48563 1.40267 1.44293 1.37637 1.39131 1.3869 1.32305 1.32522 1.35579 1.3067 1.24598 1.36067 1.2533 1.21905 1.28787 1.25949 1.21393 1.19921 1.20001 1.23089 1.22273 1.1856 1.19018 1.1424 1.182 1.13411 1.10691 1.08741 1.11868 1.10791 1.10844 1.08897 1.07229 1.08871 1.05736 1.07637 1.05276 1.0535 1.04946 1.04081 1.0378 1.03015 1.02702 1.02176 1.02324 1.00907 1.00997 1.00528 1.00265 1.00197 0.998867 0.995127 0.993452 0.994607 0.990415 0.991662 0.99139 0.988776 0.993921 0.995238 0.992032 0.987894 0.993975 0.999844 0.996259 0.981038 0.99922 1.00332 1.00131 1.0189 1.01633 1.01413 1.00971 0.983912 1.03037 1.0409 1.05167 1.03114 1.03747 1.03841 1.08413 1.04942 1.09747 1.09378 1.08557 1.06831 1.10568 1.12988 1.0974 1.11774 1.13154 1.10289 1.14763 1.17624 1.11469 1.15942 1.19381 1.17723 1.18945 1.16979 
1.4205 1.42125 1.4173 1.45121 1.37892 1.34761 1.3118 1.32289 1.32985 1.34208 1.3491 1.31417 1.29016 1.28069 1.2627 1.23243 1.26426 1.23287 1.2471 1.19262 1.18257 1.18752 1.16286 1.17975 1.13702 1.13751 1.13316 1.12997 1.12486 1.11262 1.09963 1.09995 1.09003 1.0768 1.07001 1.05777 1.05905 1.04279 1.04344 1.03847 1.0402 1.02799 1.0182 1.01515 1.01595 1.01126 1.01187 1.00708 1.00301 1.00139 0.99895 0.995762 0.99256 0.992859 0.989731 0.983067 0.991894 0.994872 0.990785 0.98409 0.977984 1.00016 0.992086 0.987413 1.01223 1.01207 1.00842 0.984187 0.997569 1.00976 0.997018 1.00123 1.02078 1.03221 1.01499 1.04159 1.02794 1.00989 1.03632 1.08859 1.0703 1.07576 1.07448 1.07798 1.09185 1.09057 1.1129 1.10248 1.12123 1.0716 1.13225 1.12385 1.12506 1.08349 1.13152 1.16496 1.15007 1.14436 1.20684 1.24748 
1.55769 1.47451 1.32764 1.3984 1.39236 1.38466 1.32628 1.2997 1.35975 1.31649 1.35839 1.29502 1.27927 1.32062 1.28889 1.28953 1.27284 1.21387 1.21915 1.22287 1.24517 1.20019 1.18734 1.18039 1.18299 1.15336 1.12443 1.11241 1.12978 1.11029 1.11542 1.09952 1.08291 1.06042 1.06964 1.07966 1.05294 1.05492 1.04146 1.04234 1.02991 1.03601 1.02126 1.02211 1.01296 1.01427 1.01065 1.00621 1.00612 1.0012 0.998772 0.996822 0.995278 0.990865 0.990915 0.979238 0.99318 1.00087 0.990015 0.988442 0.993692 0.989984 0.980522 1.01931 0.999301 0.997958 1.0037 1.01199 1.00733 0.982649 0.991178 1.0196 1.03285 0.996142 1.01976 1.01962 1.05345 1.0534 1.02444 1.05266 1.01061 1.03367 1.04909 1.08186 1.04312 1.08118 1.11011 1.11699 1.1098 1.13395 1.12084 1.12142 1.1568 1.15442 1.16362 1.17993 1.13473 1.16533 1.21593 1.1553 
1.47724 1.38437 1.37701 1.3496 1.40668 1.35612 1.35351 1.33614 1.32295 1.29347 1.33929 1.30034 1.32969 1.30766 1.24055 1.24296 1.22874 1.2418 1.23244 1.1981 1.19097 1.18341 1.13597 1.17196 1.16423 1.17901 1.15623 1.13949 1.11713 1.12628 1.11661 1.11663 1.09538 1.05242 1.06651 1.07132 1.05261 1.06411 1.04495 1.03638 1.04065 1.02913 1.0273 1.02005 1.01528 1.01228 1.0072 1.0062 1.00437 1.00134 0.998916 0.997615 0.996551 0.995319 0.99243 0.984878 0.991341 0.992223 0.990919 0.988473 0.98468 0.982805 0.997091 0.992656 0.988161 0.997141 0.996893 1.01407 1.02133 0.996984 1.0231 1.01764 1.01074 1.03614 1.02358 1.02775 1.01677 1.05455 1.07399 1.05711 1.03205 1.09751 1.08176 1.09075 1.08107 1.09262 1.10729 1.09681 1.12418 1.13392 1.12037 1.06473 1.10234 1.17749 1.16901 1.20868 1.1922 1.15836 1.194 1.22626 
1.45571 1.42994 1.37083 1.39746 1.384 1.41108 1.34466 1.33732 1.30231 1.31566 1.31166 1.28787 1.29192 1.25143 1.2643 1.24357 1.19246 1.19581 1.20783 1.16412 1.22177 1.19134 1.20109 1.16045 1.14562 1.15827 1.16114 1.12678 1.10828 1.11621 1.10488 1.12539 1.07274 1.08049 1.05926 1.06194 1.04858 1.05066 1.04792 1.04675 1.03219 1.02423 1.03045 1.02172 1.01305 1.01595 1.01297 1.00896 1.00463 1.00139 0.998916 0.996105 0.994289 0.99463 0.996477 0.987626 0.993342 0.99396 0.987287 0.992252 0.991177 0.97869 0.987685 0.985307 1.01368 0.997473 1.00186 0.987742 1.0145 1.01519 1.01034 1.00006 1.02289 1.02526 1.03459 1.03486 1.06276 1.05173 1.0408 1.04046 1.0449 1.0392 1.02649 1.07493 1.07403 1.06714 1.07917 1.09989 1.08522 1.10055 1.0991 1.18481 1.11249 1.17535 1.14182 1.14537 1.18392 1.16734 1.15935 1.18232 
1.41907 1.43273 1.40406 1.42469 1.39145 1.38073 1.364 1.3381 1.30134 1.34104 1.33221 1.30028 1.26251 1.28307 1.26657 1.25284 1.23466 1.21376 1.20795 1.20826 1.1891 1.14607 1.17668 1.13663 1.13092 1.15474 1.14584 1.125 1.10757 1.10835 1.11257 1.09013 1.07668 1.08526 1.07716 1.07406 1.06686 1.04042 1.04491 1.04248 1.04577 1.02192 1.01559 1.02898 1.01815 1.01194 1.01023 1.00702 1.00348 1.00152 0.998784 0.996239 0.994002 0.992327 0.987938 0.994177 0.994487 0.984384 0.985415 0.989252 1.00487 0.986162 1.00435 0.984439 0.984783 1.00321 1.01259 0.986999 1.00917 1.01437 1.02197 1.04347 1.03561 1.0145 1.02843 1.04291 1.04381 1.06156 1.06126 1.02274 1.05522 1.06391 1.07783 1.0532 1.10157 1.1052 1.07026 1.13043 1.08683 1.1038 1.09394 1.1545 1.13139 1.1031 1.11793 1.17735 1.16803 1.13227 1.2152 1.1912 
1.40264 1.37842 1.4273 1.38295 1.36812 1.42508 1.35555 1.39971 1.34514 1.30883 1.31275 1.3043 1.27995 1.24821 1.28297 1.27741 1.23111 1.22338 1.20609 1.22809 1.21633 1.1826 1.14281 1.1759 1.14882 1.14578 1.15924 1.11705 1.11719 1.10968 1.10073 1.09515 1.09559 1.08815 1.06786 1.06991 1.06027 1.04614 1.05733 1.03719 1.03814 1.02703 1.02172 1.01749 1.01447 1.01604 1.01076 1.00563 1.00295 1.00144 0.99868 0.997193 0.995949 0.9928 0.98829 0.992169 1.00174 0.995628 0.996249 0.983885 0.996638 0.99188 0.993808 0.997761 0.992475 1.01105 0.999248 1.01434 1.0112 1.01522 1.02157 1.01711 1.00324 1.0083 1.02927 1.04275 1.03568 1.02158 1.04902 1.04457 1.05739 1.03668 1.0751 1.0992 1.11178 1.10141 1.07296 1.10225 1.15588 1.11919 1.14896 1.16155 1.13486 1.12248 1.19446 1.15106 1.12705 1.22253 1.12723 1.13529 
1.48344 1.46773 1.39748 1.33519 1.37835 1.39823 1.33114 1.37472 1.30002 1.31987 1.32462 1.29966 1.29832 1.27404 1.25316 1.2642 1.22871 1.25087 1.18872 1.17916 1.17128 1.18156 1.15422 1.19817 1.15367 1.14202 1.1305 1.12953 1.10207 1.09643 1.10364 1.09703 1.07514 1.0908 1.06766 1.06216 1.05923 1.05006 1.04031 1.036 1.03878 1.03871 1.02909 1.0187 1.01759 1.01155 1.00901 1.00448 1.00435 1.00154 0.998875 0.996164 0.992748 0.994511 0.99109 0.988076 0.994611 0.995547 0.987546 0.99195 0.999609 0.988153 0.982591 0.991967 0.996321 1.00739 1.00714 1.01573 1.00308 0.993183 1.00651 1.02246 1.00675 1.03406 1.04266 1.03616 1.05285 1.04398 1.03154 1.01478 1.05854 1.0452 1.08164 1.03855 1.05072 1.11579 1.09497 1.15239 1.13656 1.12045 1.12811 1.15284 1.12216 1.11647 1.12505 1.19501 1.21076 1.24349 1.19617 1.20928 
1.40178 1.43515 1.38107 1.39555 1.38335 1.37637 1.36424 1.34491 1.36274 1.33407 1.30914 1.2957 1.27275 1.28207 1.26127 1.26964 1.29204 1.25383 1.19654 1.20038 1.17746 1.15685 1.15998 1.16946 1.15831 1.1179 1.0942 1.15376 1.12742 1.09312 1.0967 1.10157 1.08884 1.08859 1.07868 1.08001 1.06186 1.0508 1.04685 1.03452 1.03694 1.02932 1.03463 1.01965 1.01787 1.01684 1.01174 1.00792 1.00423 1.00139 0.998675 0.997819 0.996594 0.994045 0.994627 0.993558 0.991892 0.997062 0.990736 0.995807 0.991338 0.985001 0.989367 0.988376 1.00611 0.999504 0.999228 1.01746 0.991477 1.01721 1.01062 1.00898 1.01655 1.02546 1.03806 0.998141 1.0014 1.05853 1.05381 1.05996 1.05861 1.06243 1.1142 1.06436 1.09971 1.09699 1.07784 1.11849 1.10274 1.07916 1.13904 1.10951 1.11841 1.11547 1.13555 1.1605 1.13428 1.21595 1.1959 1.20465 
1.48658 1.37476 1.46206 1.3896 1.4222 1.40223 1.36985 1.35511 1.37798 1.33034 1.31115 1.33202 1.29822 1.27632 1.29099 1.25921 1.25883 1.25636 1.19412 1.18459 1.19444 1.16024 1.19879 1.13818 1.20056 1.13993 1.15629 1.15877 1.11731 1.11735 1.10319 1.09266 1.07882 1.08582 1.08183 1.06951 1.05403 1.04211 1.05502 1.05616 1.03933 1.03257 1.03386 1.02164 1.01776 1.01171 1.00361 1.00508 1.00229 1.00097 0.999109 0.998871 0.994347 0.994852 0.99393 0.990268 0.990778 0.994857 0.980507 0.99216 0.997636 0.984553 1.00109 1.00067 1.00517 0.996257 1.01056 0.986461 1.00326 1.01487 0.995444 1.02588 1.01258 1.00629 1.03618 1.02245 1.01987 1.03195 1.04881 1.02622 1.0509 1.09688 1.0876 1.10296 1.05246 1.04932 1.10992 1.09313 1.10134 1.13539 1.10088 1.12449 1.08529 1.14438 1.16838 1.15596 1.18581 1.19505 1.19817 1.18785 
1.41812 1.4636 1.40773 1.34743 1.379 1.38777 1.31183 1.33779 1.35274 1.30117 1.29877 1.25813 1.29559 1.28196 1.28853 1.27277 1.22017 1.22058 1.23816 1.21906 1.20584 1.18991 1.1789 1.16517 1.18244 1.14659 1.15779 1.1291 1.10414 1.10837 1.08093 1.11058 1.09289 1.06944 1.07023 1.05102 1.05232 1.06401 1.06075 1.05162 1.05044 1.02766 1.01813 1.02727 1.01939 1.00862 1.01124 1.00694 1.00285 1.00147 0.998603 0.996215 0.995106 0.991749 0.993845 0.997611 0.993444 0.993699 0.99345 0.992499 0.980816 0.9955 0.984602 0.969889 1.00518 0.997527 0.991229 1.00341 0.982216 0.993733 1.01221 1.01269 1.0259 1.01273 1.02582 1.01158 1.05598 1.0399 1.05031 1.05204 1.05032 1.04819 1.11332 1.04799 1.0974 1.09189 1.11272 1.07666 1.12671 1.10577 1.14345 1.11077 1.11606 1.16158 1.15456 1.16773 1.18193 1.18457 1.14787 1.20357 
1.43727 1.46823 1.40418 1.36108 1.39384 1.3706 1.2895 1.33646 1.30852 1.37881 1.37651 1.31121 1.27027 1.25469 1.3301 1.25774 1.23222 1.24182 1.21351 1.19798 1.16704 1.16948 1.159 1.15009 1.12511 1.15436 1.13337 1.11032 1.12455 1.12606 1.09651 1.08588 1.0729 1.08149 1.07508 1.08113 1.07555 1.0481 1.04661 1.05363 1.03039 1.0215 1.02861 1.02482 1.02338 1.01613 1.01182 1.00505 1.00299 1.00114 0.998988 0.995219 0.99176 0.996123 0.991664 0.98711 0.994289 0.990025 0.984566 0.987872 0.977478 0.982052 0.995728 0.994117 0.996783 1.01318 1.00292 1.01531 1.0079 1.00857 1.02335 1.01224 1.00956 1.01346 1.02231 1.02635 1.06854 1.03659 1.06018 1.06939 1.05698 1.02661 1.10284 1.07347 1.04132 1.06446 1.09491 1.01194 1.10295 1.15014 1.09395 1.12363 1.13001 1.16212 1.15857 1.20632 1.20208 1.17488 1.22127 1.22585 
1.44419 1.42341 1.45269 1.40708 1.36514 1.38727 1.31626 1.33269 1.34215 1.35264 1.3266 1.31889 1.30381 1.2525 1.2494 1.28069 1.25312 1.2431 1.19962 1.20708 1.18072 1.16876 1.16518 1.17034 1.15106 1.12563 1.1624 1.15396 1.10202 1.10809 1.09112 1.07881 1.08845 1.07405 1.08009 1.0673 1.08138 1.05607 1.04998 1.05512 1.04751 1.03019 1.01825 1.03079 1.02014 1.01276 1.00916 1.00964 1.00633 1.00161 0.998903 0.996641 0.994799 0.993865 0.995552 0.993986 0.989681 0.994823 0.99918 0.990123 0.988535 0.991529 0.973249 0.997794 0.996974 1.00068 1.00844 1.00054 1.01012 1.01669 1.00913 0.998437 1.03914 1.02256 1.0343 1.06087 1.05692 1.0327 1.02597 1.04206 1.07432 1.08462 1.07608 1.05506 1.09501 1.10606 1.12346 1.11732 1.0966 1.10961 1.08655 1.17525 1.16117 1.12927 1.13837 1.2108 1.16207 1.15757 1.14566 1.24827 
1.44437 1.40522 1.44082 1.36354 1.39973 1.31625 1.3515 1.34704 1.30155 1.29651 1.30567 1.28936 1.27178 1.24718 1.26621 1.25393 1.25625 1.2552 1.20105 1.17184 1.19602 1.18438 1.17912 1.17039 1.13713 1.15875 1.13102 1.18676 1.11212 1.12102 1.09564 1.10305 1.09427 1.07075 1.07222 1.07881 1.04796 1.06234 1.05874 1.04025 1.04217 1.03342 1.02466 1.02635 1.01747 1.01945 1.00853 1.01062 1.00362 1.00185 0.998844 0.996106 0.99549 0.992837 0.992276 0.990239 0.985524 0.987743 0.992679 0.998382 0.984558 1.00028 0.996206 0.996856 1.00873 0.976539 1.02323 1.02085 1.00758 0.980769 1.00269 1.01802 1.0139 1.01892 0.987912 1.04273 1.0396 1.04711 1.05212 1.0642 1.05451 1.05567 1.04388 1.09174 1.11728 1.0949 1.07333 1.05572 1.03987 1.11656 1.11782 1.11717 1.15778 1.13927 1.13192 1.15633 1.16481 1.18466 1.19704 1.19752 
1.37831 1.39327 1.43154 1.43194 1.3841 1.41905 1.38696 1.29005 1.36262 1.28621 1.34946 1.28632 1.31662 1.2999 1.26534 1.26036 1.2308 1.20974 1.22241 1.2312 1.19358 1.17733 1.17753 1.15243 1.18138 1.12962 1.13155 1.13784 1.13158 1.11381 1.1208 1.09746 1.07445 1.07948 1.08037 1.05698 1.05913 1.0561 1.03688 1.03514 1.02997 1.03575 1.03111 1.02729 1.01953 1.01702 1.01046 1.004 1.00572 1.00095 0.999436 0.997418 0.993881 0.995247 0.987759 0.993446 0.98658 0.989928 0.984813 0.991211 1.0013 1.00446 1.00118 0.988838 0.994667 0.985297 1.00236 0.992977 1.01955 1.00921 1.02218 0.993546 1.02102 1.02598 1.02872 1.03932 1.06432 1.05028 1.05894 1.07723 1.06119 1.08032 1.05638 1.07343 1.10502 1.09759 1.04806 1.12254 1.10376 1.1312 1.1228 1.15532 1.15934 1.17387 1.15021 1.19393 1.15283 1.17008 1.19118 1.21572 
1.4273 1.44194 1.39688 1.39464 1.39197 1.36618 1.36303 1.37307 1.35298 1.33054 1.29964 1.31945 1.28095 1.25218 1.26384 1.22441 1.24797 1.25675 1.22679 1.24665 1.22639 1.20211 1.14869 1.1514 1.15766 1.15448 1.13287 1.12299 1.13007 1.13527 1.09872 1.08376 1.11562 1.08756 1.07135 1.06224 1.04877 1.04612 1.04888 1.05539 1.04005 1.03723 1.02784 1.02151 1.01939 1.01795 1.00966 1.00655 1.00476 1.00151 0.998502 0.995935 0.995992 0.992223 0.989691 0.990526 0.987832 0.992877 0.995635 0.985443 0.992319 1.003 1.0025 0.98748 0.998535 1.00969 1.00189 1.01151 1.00932 0.992779 0.995816 1.00511 1.0303 1.04202 1.03949 1.04481 1.02832 1.0405 1.08623 1.04927 1.08298 1.04446 1.07191 1.09737 1.05874 1.09284 1.08228 1.05971 1.10635 1.1132 1.08736 1.15086 1.1266 1.14039 1.14319 1.16062 1.13719 1.17023 1.15424 1.15241 
1.40382 1.38908 1.41998 1.40145 1.3914 1.38748 1.39683 1.35123 1.32923 1.32903 1.33019 1.26331 1.30869 1.27304 1.26647 1.26292 1.29929 1.20483 1.16133 1.20657 1.2163 1.20686 1.19255 1.17819 1.18265 1.18106 1.11689 1.12766 1.11934 1.1078 1.08628 1.10813 1.09127 1.09936 1.06445 1.05642 1.06776 1.06807 1.05367 1.04288 1.03276 1.03391 1.02643 1.01861 1.02081 1.01474 1.01246 1.00684 1.00283 1.00099 0.998358 0.997169 0.997364 0.994921 0.995272 0.988491 0.991557 0.990995 0.988927 0.992878 0.99204 0.987812 0.984656 0.984427 0.987096 0.987214 1.00583 1.00009 1.00784 1.02868 1.01811 1.01795 1.00858 1.01657 1.01782 1.07718 1.03723 1.0558 1.05347 1.01591 1.04894 1.10498 1.07275 1.05697 1.08314 1.07626 1.1067 1.07786 1.12545 1.13361 1.11914 1.10777 1.15085 1.09963 1.17734 1.15152 1.14995 1.16251 1.20509 1.23582 
1.42892 1.38578 1.39828 1.39973 1.32249 1.38115 1.32653 1.33337 1.38409 1.31707 1.32714 1.27087 1.32457 1.24588 1.22129 1.2876 1.18824 1.25692 1.22586 1.20082 1.15288 1.21692 1.1817 1.17883 1.14772 1.13462 1.12463 1.13303 1.13032 1.11193 1.10538 1.08793 1.10013 1.09472 1.08765 1.07674 1.0752 1.04366 1.04901 1.03493 1.04018 1.03031 1.02808 1.02519 1.01741 1.01685 1.01232 1.00696 1.00364 1.00154 0.998823 0.996814 0.9982 0.992141 0.992581 0.998149 0.985144 0.993569 0.989847 0.997633 0.984676 0.98683 0.995554 0.98328 0.999822 0.99692 1.01032 0.987766 1.00916 1.02256 1.02806 1.00551 1.02613 1.02989 1.01543 1.04036 1.04798 1.04121 1.03341 1.08393 1.0466 1.06926 1.01615 1.07466 1.09646 1.08598 1.131 1.08149 1.10785 1.09559 1.10192 1.13068 1.16355 1.13179 1.0818 1.15718 1.20216 1.13545 1.21736 1.15894 
1.47161 1.43392 1.35327 1.37643 1.37052 1.33859 1.34652 1.3576 1.33424 1.37663 1.34149 1.29559 1.26449 1.23869 1.29857 1.26871 1.22312 1.21727 1.22222 1.22387 1.21799 1.16713 1.18356 1.15937 1.15984 1.15993 1.11904 1.14103 1.11906 1.09896 1.09465 1.10052 1.08982 1.06873 1.07757 1.07002 1.06556 1.05777 1.05002 1.04329 1.03761 1.02313 1.02894 1.02398 1.01927 1.01594 1.00996 1.00625 1.00439 1.00161 0.998865 0.99747 0.993807 0.995575 0.992709 0.989632 0.993819 0.995497 0.99001 0.991325 0.988019 0.97479 0.989931 0.989126 0.986889 0.982619 1.02463 0.986924 1.00754 1.0046 1.01028 1.02884 1.02079 1.03464 1.01578 1.01249 1.01822 1.04195 1.06863 1.04509 1.04673 1.01289 1.06544 1.06497 1.09371 1.10458 1.06833 1.12082 1.10101 1.11825 1.14923 1.08918 1.15741 1.16857 1.16107 1.10737 1.17517 1.17976 1.22123 1.21082 
1.39491 1.49167 1.40949 1.41959 1.40988 1.44352 1.37181 1.3795 1.31004 1.29205 1.28978 1.28386 1.29482 1.28457 1.276 1.22126 1.20919 1.22595 1.22722 1.21212 1.17474 1.18453 1.14656 1.1761 1.17379 1.14708 1.14504 1.15094 1.1132 1.11841 1.10448 1.12997 1.08467 1.09707 1.06637 1.07685 1.05645 1.04871 1.03807 1.02689 1.04843 1.033 1.02007 1.02806 1.02306 1.01337 1.01425 1.00407 1.00303 1.00118 0.998331 0.997405 0.993581 0.989385 0.990249 0.992806 0.985825 0.994817 0.984888 0.993771 0.996023 0.987513 0.995362 0.995896 1.00393 0.992912 0.996832 1.00406 1.02018 1.02576 0.994933 1.0127 1.03782 1.00663 1.02121 1.0638 1.03518 1.03773 1.01889 1.0806 1.04607 1.04653 1.06404 1.07909 1.07668 1.07365 1.11222 1.10891 1.07116 1.10103 1.0914 1.08694 1.14111 1.19075 1.13188 1.16209 1.15491 1.19898 1.20424 1.20216 
1.4207 1.38413 1.42488 1.39736 1.36523 1.38249 1.39066 1.329 1.38017 1.35459 1.31369 1.28947 1.2907 1.25689 1.24874 1.2744 1.2719 1.23255 1.21494 1.1589 1.20512 1.219 1.18971 1.15639 1.13632 1.18124 1.13313 1.14245 1.12727 1.09335 1.11066 1.09107 1.10262 1.07578 1.07978 1.05323 1.05825 1.04358 1.03177 1.05253 1.04315 1.0325 1.0275 1.02185 1.0175 1.00791 1.00901 1.0074 1.00455 1.00088 0.99864 0.997265 0.992326 0.992348 0.989804 0.989319 0.988217 0.985264 0.994472 0.990651 1.00102 0.987165 0.982126 1.0042 0.991427 1.00204 1.01533 1.00018 0.992378 0.986783 0.999848 1.01906 0.997513 1.03228 1.0172 1.01521 1.00947 1.06914 1.03806 1.06422 1.09013 1.05349 1.05678 1.08474 1.07792 1.12372 1.10417 1.07728 1.12155 1.16084 1.11398 1.14445 1.13165 1.17172 1.10995 1.16655 1.14672 1.16613 1.25008 1.1748 
1.46379 1.45565 1.436 1.38011 1.44648 1.4002 1.40137 1.34364 1.34258 1.38812 1.25848 1.26941 1.35157 1.3208 1.24813 1.24839 1.24997 1.19857 1.20812 1.23007 1.20804 1.16493 1.20027 1.15425 1.16812 1.15777 1.13341 1.12551 1.13153 1.13217 1.11197 1.08168 1.08664 1.06808 1.06431 1.07084 1.06113 1.05375 1.05382 1.0407 1.04818 1.03955 1.03401 1.03112 1.02491 1.01231 1.01265 1.00804 1.00305 1.00109 0.998361 0.995827 0.995738 0.994031 0.990819 0.988517 0.985826 0.987091 0.995543 0.994677 0.99038 0.995922 0.995935 1.00649 0.99389 1.00065 1.00396 1.01432 0.985993 0.999214 1.01028 1.03826 1.04896 1.02694 1.02265 1.02802 1.04775 1.07885 1.06289 1.03836 1.04783 1.03252 1.09919 1.0655 1.09761 1.07884 1.0977 1.12734 1.10736 1.15165 1.09975 1.11204 1.08712 1.15373 1.21808 1.12247 1.14196 1.21317 1.18213 1.14404 
1.46433 1.42396 1.42463 1.43245 1.39135 1.37422 1.36321 1.34008 1.36315 1.35264 1.33135 1.26901 1.29391 1.27193 1.26106 1.24347 1.23809 1.23092 1.21583 1.20136 1.20481 1.2133 1.17563 1.15313 1.12979 1.14709 1.1287 1.13931 1.14696 1.11132 1.11177 1.10134 1.09553 1.09224 1.07781 1.0758 1.06054 1.06259 1.05965 1.0406 1.0373 1.03581 1.02661 1.01904 1.01994 1.0131 1.01191 1.00589 1.00461 1.00089 0.998921 0.997039 0.99224 0.996095 0.99117 0.988035 0.984189 0.98738 0.988762 0.992268 0.997341 0.988288 0.999243 1.00731 0.991945 0.984767 0.991187 1.00562 1.00815 0.999234 1.02436 1.03301 1.03053 1.02725 1.02427 1.01429 1.02299 1.08699 1.024 1.01975 1.04679 1.02536 1.0825 1.03034 1.10418 1.10676 1.07518 1.13076 1.14123 1.10591 1.13931 1.15533 1.09949 1.13737 1.18434 1.16504 1.16753 1.16884 1.13252 1.18152 
1.4266 1.44849 1.40659 1.38742 1.37926 1.39184 1.38362 1.34924 1.28995 1.32859 1.3182 1.32361 1.31743 1.2671 1.29095 1.27724 1.23311 1.27388 1.25777 1.23552 1.23064 1.20019 1.15719 1.19328 1.16105 1.15876 1.14557 1.13436 1.12465 1.08398 1.10544 1.09866 1.08794 1.09171 1.07743 1.06111 1.06551 1.06474 1.04355 1.04325 1.03953 1.03966 1.01731 1.0216 1.01768 1.01104 1.01054 1.00851 1.0037 1.00143 0.999102 0.996959 0.995975 0.992122 0.988825 0.987601 0.990199 0.982457 0.989238 0.995531 0.989093 0.983493 0.987481 1.0028 1.01126 0.996913 1.0001 1.01148 1.00391 1.00691 1.01117 1.00564 1.03291 1.02111 1.01986 1.05733 1.0053 1.05354 1.04852 1.06273 1.06212 1.04109 1.06248 1.07406 1.06574 1.09809 1.05884 1.09775 1.14829 1.11238 1.12446 1.15493 1.1614 1.12989 1.15272 1.11654 1.18747 1.17165 1.23602 1.20912 
1.48712 1.43723 1.36178 1.37758 1.3964 1.38238 1.36118 1.35483 1.34904 1.34917 1.34289 1.35461 1.25688 1.3151 1.262 1.22433 1.24998 1.22776 1.19426 1.22806 1.17493 1.18215 1.16549 1.17099 1.15455 1.17002 1.13016 1.12909 1.10666 1.11 1.11141 1.08137 1.10739 1.07823 1.07992 1.07704 1.05436 1.06119 1.05219 1.04383 1.04334 1.03396 1.02522 1.02149 1.02151 1.0161 1.01029 1.00787 1.00431 1.00145 0.998997 0.995842 0.994931 0.989102 0.995485 0.994828 0.987687 0.996853 0.978272 0.983527 0.989009 0.994948 0.992467 1.00177 0.991415 0.991186 0.999558 0.995152 1.00728 0.995487 1.00821 1.03354 1.00346 1.02322 0.99557 1.03874 1.04365 1.03152 1.04124 1.04784 1.05394 1.06519 1.07967 1.05982 1.117 1.12711 1.10265 1.07427 1.12344 1.13775 1.11292 1.13146 1.11411 1.12316 1.16432 1.16659 1.21506 1.11712 1.19288 1.21277 
1.48666 1.41963 1.41888 1.39221 1.35671 1.38987 1.41989 1.36806 1.34099 1.28423 1.3059 1.28042 1.30604 1.22451 1.28052 1.2606 1.24081 1.2463 1.24378 1.23672 1.2084 1.1669 1.2069 1.19547 1.13567 1.15324 1.11625 1.12751 1.12277 1.11108 1.09956 1.08524 1.07791 1.07549 1.0904 1.08738 1.0594 1.06238 1.04443 1.05349 1.03092 1.03955 1.03163 1.02205 1.01826 1.0128 1.01054 1.00776 1.00552 1.00144 0.998467 0.994753 0.993561 0.99326 0.993465 0.989684 0.986848 0.987204 0.99373 0.985646 0.984176 0.994784 0.981244 0.987376 0.987485 0.989274 1.01632 1.0082 0.986469 1.03532 1.01856 1.00411 1.00183 1.02932 1.03989 1.01535 1.03209 1.05438 1.03836 1.00524 1.0791 1.06868 1.05912 1.12108 1.05652 1.07146 1.09482 1.08399 1.1042 1.12628 1.06423 1.13713 1.15181 1.13741 1.15161 1.21058 1.20517 1.21737 1.24166 1.14394 
1.47123 1.42116 1.40112 1.39042 1.34322 1.43889 1.37721 1.34024 1.32982 1.31342 1.29666 1.27645 1.31085 1.28267 1.24412 1.26678 1.21204 1.26536 1.20509 1.20012 1.21297 1.22569 1.19762 1.17694 1.13738 1.14366 1.14541 1.1627 1.11496 1.10102 1.11629 1.09616 1.08113 1.07871 1.07838 1.07247 1.05576 1.04769 1.06126 1.04276 1.03644 1.03088 1.02396 1.02116 1.01827 1.0181 1.01129 1.00831 1.00503 1.00108 0.998676 0.99618 0.995716 0.997269 0.990609 0.991203 0.987156 0.988173 0.98139 0.990388 0.990669 0.998194 0.996292 0.978187 0.990618 1.00539 1.01051 1.0043 0.992903 0.986834 0.997452 1.02376 1.03116 1.01157 1.01764 1.02898 1.05936 1.04659 1.06394 1.07841 1.08474 1.08993 1.0586 1.07539 1.05104 1.10514 1.07366 1.09626 1.11459 1.12363 1.12228 1.11142 1.14352 1.16099 1.17732 1.12739 1.129 1.16262 1.16482 1.20848 
1.3612 1.39421 1.4325 1.41375 1.35653 1.40835 1.40599 1.36388 1.31562 1.28208 1.32102 1.36242 1.30253 1.30919 1.24373 1.29287 1.2524 1.24572 1.19567 1.20304 1.19179 1.19614 1.17843 1.17937 1.16118 1.16519 1.13376 1.1273 1.13904 1.11535 1.09592 1.08136 1.09851 1.08931 1.08138 1.05956 1.06936 1.05329 1.04192 1.04692 1.03646 1.03308 1.0283 1.02282 1.01963 1.01365 1.00774 1.00916 1.00281 1.00152 0.998542 0.995725 0.993884 0.990692 0.991301 0.996938 0.993486 0.989601 0.990944 0.989857 1.00464 0.991093 1.00957 0.999558 0.997138 0.998881 1.00027 0.995086 1.00125 1.01573 0.984417 1.03732 1.01746 1.02824 1.05159 1.0276 1.06329 1.04029 1.07249 1.03049 1.05159 1.08848 1.04631 1.11005 1.09038 1.07208 1.0746 1.11666 1.09372 1.15261 1.1406 1.10556 1.16166 1.11385 1.12762 1.18937 1.20139 1.19273 1.21319 1.2406 
1.42524 1.41415 1.36115 1.42343 1.36274 1.36402 1.38609 1.3255 1.26064 1.35906 1.26018 1.32562 1.31212 1.29265 1.23279 1.23498 1.23267 1.2375 1.25467 1.21677 1.21448 1.16421 1.18705 1.17479 1.14539 1.11669 1.12531 1.12083 1.12433 1.11336 1.09671 1.07491 1.08208 1.08151 1.08667 1.0817 1.06994 1.04499 1.03788 1.03582 1.03729 1.02931 1.02835 1.03278 1.02197 1.01364 1.00984 1.00953 1.00582 1.00113 0.999064 0.997408 0.997077 0.996043 0.989511 0.993411 0.992305 0.992637 0.989901 0.990592 0.990888 0.985885 0.987744 0.991057 0.998685 0.99909 1.01538 1.00223 1.00082 0.996825 1.02387 1.0362 0.995879 1.01976 1.03064 1.00469 1.04926 1.06855 1.01399 1.09426 1.08829 1.04777 1.05619 1.07093 1.08047 1.06125 1.10302 1.08239 1.10729 1.16385 1.18645 1.13771 1.13063 1.15661 1.08954 1.15625 1.13803 1.12089 1.17927 1.17434 
1.47961 1.41815 1.38561 1.41623 1.4032 1.38573 1.33853 1.35574 1.35965 1.32905 1.30695 1.27873 1.26903 1.27215 1.23017 1.26853 1.20738 1.26954 1.22888 1.20343 1.21861 1.20791 1.16999 1.16455 1.17492 1.17369 1.13346 1.14862 1.14076 1.12184 1.11674 1.09617 1.07986 1.09472 1.0696 1.06692 1.04994 1.05283 1.05307 1.02837 1.04285 1.03427 1.03358 1.01842 1.01714 1.01894 1.00919 1.00753 1.00389 1.00118 0.998986 0.995488 0.995564 0.993041 0.996382 0.99807 0.994835 0.986906 0.997805 0.990951 0.996658 0.987847 0.990108 0.988404 0.981089 0.982912 1.00603 0.985073 1.03412 1.02272 1.01592 1.01121 1.00695 1.00846 1.02068 1.03892 1.05215 1.05788 1.06781 1.04633 1.03481 1.07652 1.06908 1.07295 1.09416 1.0659 1.09179 1.12562 1.11238 1.11227 1.13684 1.13849 1.13715 1.09203 1.12312 1.16966 1.11624 1.16636 1.18742 1.19307 
1.45252 1.48236 1.39606 1.38538 1.36157 1.31854 1.35897 1.40419 1.32874 1.31644 1.3344 1.24702 1.27801 1.26316 1.25818 1.26686 1.24267 1.24082 1.2279 1.19459 1.17816 1.1653 1.17698 1.17742 1.14695 1.14525 1.13466 1.14171 1.13268 1.11108 1.08765 1.08634 1.08548 1.08447 1.09285 1.07178 1.07066 1.06564 1.04901 1.03241 1.03826 1.03754 1.02209 1.01946 1.01985 1.01028 1.01142 1.00764 1.00228 1.00125 0.998833 0.996202 0.996243 0.990606 0.992838 0.989356 0.990341 0.989006 0.981813 0.996417 0.987669 0.98628 1.00163 1.00201 1.00179 1.00194 0.998501 0.989948 1.01182 0.996634 1.0088 1.00908 1.0158 1.01514 1.02216 1.04546 1.01801 1.03085 1.05233 1.03173 1.02171 1.09828 1.07527 1.06839 1.08007 1.12033 1.06862 1.10672 1.11806 1.13381 1.10202 1.13606 1.0941 1.1741 1.16007 1.20226 1.17105 1.18337 1.20988 1.24399 
1.48228 1.46326 1.44663 1.4067 1.38097 1.38555 1.38182 1.33424 1.36349 1.27759 1.29408 1.30683 1.27942 1.28854 1.24087 1.20428 1.22609 1.2539 1.22059 1.25473 1.17887 1.17557 1.16229 1.13811 1.15911 1.19832 1.13215 1.14623 1.13109 1.11665 1.1058 1.09965 1.09301 1.07659 1.08285 1.07192 1.06739 1.05754 1.04872 1.03535 1.04177 1.03321 1.0278 1.01869 1.01405 1.01362 1.01041 1.01086 1.00491 1.00103 0.998894 0.997181 0.996307 0.992719 0.991013 0.991334 0.991169 0.985625 0.982829 0.983868 0.984301 0.975225 1.00404 0.986001 0.996815 0.987859 0.999235 1.02612 1.00192 1.0039 1.00841 1.02446 1.00675 1.02831 1.04054 1.04852 1.02898 1.00468 1.07876 1.06772 1.08169 1.04373 1.06956 1.06268 1.06475 1.12155 1.09672 1.13829 1.09761 1.12302 1.13642 1.14063 1.12527 1.16327 1.20729 1.19016 1.14577 1.18163 1.17695 1.18957 
1.43151 1.40543 1.42819 1.39905 1.39127 1.32459 1.3434 1.40336 1.31083 1.28697 1.37131 1.31168 1.25786 1.26218 1.28555 1.27947 1.27642 1.23027 1.21151 1.21579 1.23168 1.20601 1.22271 1.16013 1.15417 1.12457 1.12575 1.15563 1.1297 1.10828 1.10606 1.10044 1.095 1.07027 1.08552 1.08198 1.05492 1.05325 1.05271 1.03318 1.03141 1.0308 1.02355 1.01506 1.01946 1.01554 1.01143 1.00804 1.00522 1.00131 0.998998 0.994777 0.996022 0.991339 0.990947 0.993188 0.986816 0.989382 0.997268 0.991852 0.989471 0.995126 0.976611 0.991614 0.989215 1.01705 1.00768 1.00748 1.01296 0.998175 1.03081 1.01147 1.03087 1.0019 1.01357 1.01996 1.04489 1.0423 1.03672 1.0264 1.04371 1.05777 1.06093 1.04916 1.07436 1.05882 1.09621 1.11712 1.12875 1.07292 1.11666 1.16632 1.13791 1.13937 1.18421 1.133 1.18991 1.152 1.18474 1.19238 
1.36205 1.41553 1.38274 1.39612 1.40918 1.35311 1.3516 1.34813 1.38426 1.37914 1.27227 1.3242 1.25445 1.28441 1.25711 1.25098 1.25171 1.28234 1.22224 1.22758 1.21612 1.19648 1.19457 1.16502 1.15407 1.17523 1.15307 1.11432 1.13602 1.09654 1.09945 1.09522 1.09635 1.08363 1.08441 1.0807 1.06003 1.05844 1.04832 1.04496 1.0358 1.04058 1.0279 1.02705 1.01831 1.01607 1.01471 1.00783 1.00217 1.00146 0.998629 0.997408 0.993949 0.989721 0.991495 0.992404 0.993627 0.986814 1.00067 0.998904 1.00288 0.994981 0.984548 1.00035 0.995478 0.976938 0.982758 0.999701 1.02367 0.994732 0.993765 1.04143 1.00838 1.01115 1.02142 1.05409 1.03876 1.02762 1.07682 1.06211 1.03495 1.06866 1.08986 1.08702 1.09764 1.09744 1.10028 1.05816 1.07031 1.0835 1.09793 1.14132 1.17313 1.04013 1.17477 1.23725 1.24264 1.18662 1.13668 1.2216 
1.46991 1.43309 1.3929 1.42355 1.3911 1.33999 1.3376 1.36035 1.35836 1.30488 1.28844 1.36108 1.26636 1.23191 1.28027 1.28469 1.2858 1.22084 1.21723 1.19627 1.24233 1.18226 1.16999 1.16209 1.14911 1.12342 1.14035 1.1531 1.09676 1.14081 1.12921 1.10576 1.10032 1.09068 1.07333 1.06324 1.06791 1.06145 1.03822 1.04853 1.03767 1.03609 1.03624 1.01952 1.01504 1.01467 1.01255 1.00752 1.00272 1.00142 0.999143 0.996877 0.997928 0.996474 0.993958 0.989616 0.984923 0.990949 0.990886 0.992516 0.989109 0.99306 1.00735 1.01352 1.01124 0.992543 1.01085 0.995987 1.02593 1.01188 1.04858 1.01428 1.02466 1.02478 1.01652 1.05139 0.996408 1.03267 1.04783 1.06424 1.03508 1.0313 1.06856 1.07689 1.07933 1.13264 1.11217 1.09111 1.12856 1.09053 1.14789 1.16736 1.17363 1.09395 1.10121 1.15463 1.17836 1.16682 1.17738 1.22528 
1.43663 1.45242 1.39608 1.38492 1.37474 1.40417 1.37907 1.35113 1.34422 1.30152 1.29417 1.31657 1.2572 1.2918 1.25269 1.27541 1.25079 1.24326 1.23286 1.18424 1.20338 1.20222 1.20191 1.14144 1.13016 1.16173 1.13736 1.13053 1.12234 1.11282 1.11559 1.09894 1.08324 1.09096 1.06729 1.06573 1.06209 1.05315 1.05082 1.05059 1.02317 1.03421 1.0266 1.02519 1.01989 1.01451 1.0095 1.00998 1.00436 1.00114 0.998982 0.996617 0.992245 0.993492 0.991321 0.993073 0.990769 0.988043 0.99085 0.991464 0.989773 0.985445 0.980573 0.998642 0.983764 0.991767 0.992365 0.989198 1.00294 0.996138 1.00703 1.00733 1.03576 1.0158 0.997116 1.05338 1.06333 1.02981 1.05654 1.07156 1.05765 1.0666 1.07291 1.08299 1.07923 1.09858 1.0893 1.14272 1.06618 1.14766 1.12898 1.12039 1.11927 1.14706 1.18549 1.11912 1.17477 1.24892 1.14725 1.15056 
1.43489 1.46605 1.3876 1.34927 1.40673 1.42703 1.3892 1.37287 1.34014 1.26964 1.31998 1.30736 1.25552 1.25384 1.28354 1.2838 1.20914 1.21699 1.25698 1.16847 1.19345 1.17523 1.164 1.14239 1.13042 1.17748 1.10423 1.15031 1.09201 1.10338 1.10104 1.07948 1.09066 1.08254 1.0672 1.06185 1.04699 1.04718 1.04422 1.04865 1.03076 1.02425 1.0372 1.02873 1.0154 1.01292 1.00833 1.00902 1.00468 1.00073 0.999068 0.995804 0.99383 0.991484 0.996854 0.990279 0.98574 0.993673 0.988784 0.99168 0.982327 0.988909 0.989152 1.00358 0.981711 0.990649 1.00672 1.01473 1.02557 1.00216 1.0193 1.02638 1.03185 1.05019 1.04951 1.02528 1.05577 1.05134 1.05385 1.06766 1.05017 1.05679 1.01574 1.11439 1.05022 1.04624 1.10821 1.11668 1.08736 1.13269 1.11724 1.15608 1.17431 1.1371 1.17301 1.13748 1.22239 1.09691 1.19675 1.1936 
1.38968 1.42464 1.4327 1.41368 1.40817 1.34217 1.42036 1.32403 1.38276 1.3049 1.31032 1.31147 1.26889 1.28134 1.23698 1.32097 1.20991 1.20184 1.21318 1.2491 1.19646 1.17616 1.19471 1.15844 1.14759 1.16306 1.14466 1.10878 1.0919 1.08049 1.10971 1.07801 1.11304 1.08308 1.0753 1.07383 1.06153 1.05143 1.04479 1.04169 1.04847 1.02792 1.0292 1.02205 1.02372 1.01695 1.00814 1.00736 1.0057 1.00139 0.998645 0.996508 0.99576 0.99427 0.994119 0.988577 0.985675 0.986715 0.997296 0.986581 0.992083 0.98407 0.991597 0.979694 0.985085 0.975863 1.01877 1.02293 0.997787 1.01173 1.0269 1.00359 1.00101 1.01423 1.02512 1.03595 1.01745 1.03454 1.02449 1.04524 1.04598 1.02892 1.04238 1.05603 1.06056 1.10411 1.04457 1.13874 1.10364 1.07786 1.09889 1.17498 1.12465 1.11741 1.17606 1.18056 1.1858 1.20483 1.19444 1.23723 
1.4806 1.42809 1.46946 1.4414 1.44371 1.37122 1.38931 1.33587 1.34399 1.28932 1.30009 1.2531 1.27886 1.29176 1.27912 1.25092 1.24866 1.18372 1.24195 1.20558 1.19376 1.16038 1.18673 1.14467 1.1795 1.17805 1.1341 1.14327 1.11658 1.09635 1.08778 1.11378 1.08011 1.08681 1.06813 1.07337 1.05449 1.04097 1.04749 1.05201 1.0345 1.03379 1.04179 1.03098 1.02054 1.01595 1.00899 1.00793 1.0033 1.00124 0.998913 0.996699 0.995359 0.992006 0.983615 0.99404 0.990699 0.985609 0.994678 0.989221 0.99018 1.00892 0.989023 1.01124 0.993016 1.00353 0.994749 0.984891 0.99618 1.01468 1.04149 1.01334 1.04863 1.04442 1.03671 1.0063 1.04857 1.03739 1.05725 1.04388 1.01109 1.07679 1.05331 1.10897 1.09075 1.07562 1.12062 1.08942 1.11042 1.10397 1.12552 1.17593 1.11912 1.17053 1.171 1.22064 1.14154 1.1672 1.18408 1.19697 
1.44341 1.37209 1.45374 1.41031 1.38946 1.43892 1.39548 1.34405 1.40017 1.32556 1.30103 1.30969 1.29048 1.29932 1.26314 1.242 1.24218 1.23431 1.24069 1.21973 1.21639 1.18326 1.14587 1.16744 1.16965 1.14624 1.15467 1.11616 1.11464 1.1132 1.10944 1.10291 1.09422 1.07586 1.08732 1.06178 1.06747 1.04556 1.04883 1.03022 1.0357 1.021 1.02723 1.02077 1.02097 1.01323 1.00611 1.00484 1.00427 1.00137 0.998784 0.996518 0.993351 0.995016 0.990643 0.991928 0.984422 0.990189 0.981617 0.98362 0.998855 0.998972 0.993363 0.99412 0.988392 0.97973 1.01285 1.01407 1.00403 0.998345 1.01065 1.00769 1.02877 1.03358 1.05614 1.03201 1.03059 1.02997 1.07524 1.01906 1.05497 1.10805 1.04478 1.07225 1.07012 1.0641 1.0898 1.12089 1.11807 1.12517 1.113 1.1668 1.1526 1.10583 1.21432 1.12744 1.1534 1.17552 1.15936 1.21945 
1.44093 1.44703 1.45776 1.36735 1.38013 1.35674 1.34707 1.38225 1.31881 1.31671 1.32449 1.32366 1.26743 1.2798 1.27309 1.25877 1.23275 1.20754 1.22062 1.23355 1.25389 1.21591 1.18762 1.18722 1.14533 1.17269 1.14456 1.13039 1.12391 1.09968 1.09321 1.09736 1.08859 1.07978 1.06198 1.08041 1.06101 1.03626 1.04887 1.04708 1.04002 1.03583 1.0307 1.02373 1.02136 1.01937 1.01011 1.00861 1.00477 1.00112 0.999503 0.99695 0.994028 0.990066 0.991716 0.990742 0.98256 0.984457 0.994443 0.982173 0.996321 0.994838 0.977574 0.99117 0.993291 1.01136 0.996878 1.00179 1.01068 1.00619 1.01231 1.01169 1.01755 1.00666 1.00671 1.03003 1.06793 1.04984 1.02804 1.03634 1.05744 1.06313 1.02591 1.04473 1.11 1.14127 1.07933 1.09633 1.07401 1.09436 1.12906 1.17527 1.12377 1.18306 1.13326 1.16665 1.15752 1.15852 1.1648 1.18538 
1.48877 1.42097 1.43885 1.42133 1.39287 1.42966 1.31512 1.30676 1.31011 1.31178 1.27966 1.31091 1.25785 1.25257 1.27174 1.24865 1.25403 1.2143 1.22495 1.19099 1.21596 1.18153 1.21384 1.17512 1.17309 1.14724 1.14927 1.11537 1.14072 1.08305 1.11117 1.09778 1.09225 1.07656 1.06881 1.06241 1.06954 1.05601 1.03777 1.04236 1.04845 1.03326 1.02692 1.0201 1.0204 1.01518 1.01054 1.0059 1.00414 1.00121 0.998932 0.997049 0.994559 0.996382 0.99034 0.990276 0.986355 0.991622 0.994173 0.994066 0.986196 0.987202 0.987353 0.989952 0.983307 0.994189 0.998689 1.02574 0.99086 1.00748 1.01111 1.00444 1.02862 1.03348 1.02537 0.994816 1.05114 1.02797 1.05231 1.02185 1.04579 1.05935 1.0486 1.09487 1.0849 1.1122 1.09291 1.10799 1.09574 1.07779 1.16621 1.14626 1.14487 1.16632 1.1435 1.1408 1.20624 1.24873 1.17723 1.15685 
1.45581 1.47426 1.47432 1.45424 1.42668 1.37393 1.39148 1.37782 1.36678 1.34573 1.31 1.2983 1.29762 1.24293 1.25485 1.25633 1.20882 1.23546 1.22721 1.22465 1.24308 1.225 1.20419 1.15927 1.15504 1.14828 1.15677 1.12059 1.12572 1.09892 1.12823 1.08218 1.08533 1.09855 1.0848 1.06484 1.0676 1.05925 1.04956 1.05022 1.04721 1.03631 1.02763 1.02809 1.02315 1.01412 1.01181 1.00814 1.00423 1.00123 0.999412 0.996048 0.995952 0.996136 0.99225 0.994207 0.989373 0.995812 0.988017 0.994473 0.992907 0.983311 0.983353 0.993937 1.01579 1.00359 0.989957 1.00771 1.00519 0.988623 1.01461 1.023 1.02764 1.01613 1.01621 1.02052 1.04525 1.0411 1.03153 1.03675 1.0388 1.0549 1.07354 1.04792 1.08466 1.08726 1.0929 1.08354 1.14377 1.13467 1.12587 1.11736 1.13677 1.19593 1.13106 1.1906 1.25233 1.19334 1.16974 1.19608 
1.42894 1.48243 1.45121 1.44292 1.31606 1.3904 1.33444 1.30478 1.36349 1.34387 1.37996 1.25032 1.29273 1.28778 1.31333 1.25729 1.21061 1.25143 1.23505 1.22144 1.20033 1.182 1.19009 1.18622 1.14782 1.17894 1.11805 1.13996 1.09899 1.10759 1.09258 1.0843 1.09861 1.08135 1.06502 1.06415 1.0598 1.04569 1.04859 1.04982 1.03572 1.03008 1.03026 1.0226 1.01299 1.01553 1.01363 1.007 1.00302 1.00106 0.998122 0.996754 0.993011 0.994166 0.987926 0.984512 0.990118 0.997618 0.989777 0.991237 0.97892 0.991851 0.989928 1.0031 0.974296 1.01734 1.00466 1.01956 0.976544 1.02556 1.02238 1.00099 1.0438 1.02187 1.00844 1.02426 1.01588 1.02526 1.04641 1.06092 1.11603 1.03977 1.09138 1.09681 1.09986 1.07713 1.15563 1.10653 1.02946 1.13294 1.09571 1.15052 1.13563 1.14402 1.10363 1.14378 1.22192 1.21145 1.19984 1.21061 
1.4347 1.43683 1.41766 1.35271 1.38336 1.39574 1.36246 1.31923 1.30969 1.31814 1.28611 1.34719 1.32185 1.27643 1.272 1.23031 1.24501 1.29737 1.23077 1.23673 1.19495 1.21384 1.19825 1.15664 1.1572 1.14985 1.14923 1.12905 1.11577 1.11271 1.12248 1.09674 1.07585 1.06603 1.08146 1.05184 1.0571 1.04633 1.05101 1.05067 1.0336 1.02832 1.03287 1.02056 1.02026 1.01723 1.01043 1.00987 1.0036 1.00127 0.999304 0.992759 0.995149 0.989147 0.991611 0.991366 0.990298 0.987367 0.996573 0.984388 0.993707 0.9922 0.980398 0.986982 0.993866 1.0075 0.980002 1.00998 1.00532 1.01785 0.985588 1.02747 1.01577 0.993719 1.03136 1.0364 1.04593 1.03602 1.02988 1.08374 1.05517 1.05207 1.0763 1.10081 1.1017 1.11255 1.0772 1.12121 1.10456 1.12165 1.17459 1.14517 1.13649 1.17515 1.20356 1.14466 1.17893 1.20208 1.1808 1.26197 
1.48431 1.50744 1.38069 1.34608 1.34679 1.41569 1.35249 1.37485 1.35423 1.30515 1.33529 1.33007 1.30524 1.28748 1.29133 1.2565 1.27941 1.24048 1.22613 1.20298 1.19586 1.19634 1.17158 1.16844 1.14132 1.14167 1.13703 1.14226 1.11853 1.12441 1.10864 1.08468 1.09192 1.07329 1.0837 1.06077 1.05901 1.06088 1.03981 1.03759 1.03884 1.04161 1.02569 1.0153 1.02515 1.01393 1.01032 1.00697 1.00326 1.00088 0.998678 0.997808 0.994206 0.99168 0.987931 0.994179 0.99131 0.978518 0.991325 0.992948 0.981185 0.982499 0.992934 1.00074 1.00922 1.01219 0.990499 1.0076 1.00352 1.01793 1.00027 1.0173 1.02725 1.04915 1.05881 1.0313 1.0298 1.0539 1.04029 1.04785 1.06017 1.0868 1.09289 1.13695 1.08869 1.1081 1.09485 1.13158 1.08376 1.10593 1.12104 1.17578 1.08545 1.13668 1.15614 1.15928 1.22713 1.22927 1.19871 1.19419 
1.41343 1.43201 1.38005 1.41498 1.36343 1.40139 1.34036 1.36377 1.3868 1.37564 1.3174 1.26398 1.27398 1.29722 1.28346 1.26132 1.25541 1.23303 1.25027 1.27561 1.19064 1.19946 1.22463 1.2254 1.13255 1.15329 1.15526 1.12509 1.10038 1.10179 1.11745 1.10032 1.07198 1.07192 1.08186 1.07514 1.05592 1.0512 1.04035 1.03665 1.03067 1.03022 1.02309 1.0238 1.01908 1.01511 1.00886 1.01078 1.00548 1.00106 0.998532 0.996467 0.993078 0.992872 0.990855 0.990693 0.986002 0.98017 0.988937 0.99276 0.991195 0.988645 0.996625 0.994624 1.00192 0.993299 1.01534 0.998679 1.00575 1.01305 0.999925 1.00354 1.00484 1.01588 1.03917 1.03421 1.05999 1.00383 1.07941 1.08761 1.0202 1.06603 1.05496 1.06733 1.07997 1.11528 1.06663 1.10853 1.13201 1.11804 1.13275 1.18745 1.12148 1.13375 1.12397 1.23876 1.18832 1.2002 1.15511 1.17656 
1.45304 1.40043 1.45606 1.40391 1.43981 1.40061 1.39045 1.36596 1.36862 1.30793 1.28167 1.31589 1.3053 1.27828 1.26473 1.28221 1.23578 1.19955 1.22809 1.23607 1.16993 1.16802 1.19235 1.20625 1.17344 1.14506 1.13345 1.15656 1.14023 1.13172 1.11793 1.09233 1.1002 1.09282 1.06919 1.08228 1.07422 1.05214 1.05476 1.03342 1.03964 1.03195 1.03104 1.02118 1.01778 1.02019 1.0111 1.00693 1.0042 1.00119 0.998784 0.996067 0.99471 0.991293 0.993095 0.994866 0.989766 0.992085 0.993717 0.994321 0.997183 1.00515 0.999996 1.00954 0.987816 0.999673 0.991468 0.995422 1.02257 1.01819 1.03438 0.989874 1.01454 1.02207 1.02841 1.06719 1.02687 1.02441 1.05807 1.06184 1.04351 1.04632 1.04844 1.09023 1.07228 1.09662 1.14262 1.10603 1.14361 1.14415 1.15537 1.11624 1.17083 1.13578 1.15739 1.15435 1.11869 1.21293 1.1707 1.1975 
1.39254 1.52348 1.38884 1.37482 1.41502 1.39485 1.35727 1.35746 1.34205 1.35525 1.31683 1.30588 1.33735 1.27692 1.26549 1.29158 1.25269 1.28666 1.23167 1.22677 1.19885 1.17476 1.19974 1.18771 1.18272 1.14778 1.13908 1.1471 1.13336 1.1112 1.09189 1.10781 1.09656 1.07416 1.08576 1.07078 1.05405 1.05308 1.06227 1.05115 1.04729 1.03605 1.02574 1.02276 1.02134 1.008 1.0117 1.00466 1.00571 1.00183 0.998399 0.994973 0.995469 0.993061 0.985495 0.988065 0.988624 0.991829 0.980653 0.983538 0.994699 0.994469 0.996824 0.973612 1.00774 1.0002 1.00244 1.00198 0.990888 1.00785 1.03616 1.00694 1.05193 1.04901 1.0421 1.00938 1.01802 1.04418 1.02254 1.05176 1.05592 1.0401 1.10294 1.05433 1.06328 1.13205 1.11691 1.07913 1.10682 1.09854 1.11567 1.12925 1.13492 1.15604 1.13823 1.22844 1.19771 1.18751 1.15991 1.19664 
1.42526 1.42053 1.38547 1.42284 1.41458 1.3856 1.38117 1.31431 1.38724 1.39835 1.28278 1.304 1.29977 1.31145 1.31648 1.25976 1.27453 1.22695 1.20944 1.24738 1.20679 1.13696 1.178 1.1327 1.16048 1.13981 1.15311 1.1333 1.09568 1.08884 1.09576 1.12417 1.07632 1.08449 1.08331 1.07414 1.0555 1.05213 1.06316 1.04512 1.02679 1.04475 1.0314 1.02675 1.01747 1.01108 1.01156 1.00497 1.00413 1.00089 0.999083 0.996366 0.997561 0.994595 0.995749 0.993536 0.984581 0.992047 0.995355 0.981497 0.98844 0.985153 0.983397 0.976438 1.01446 0.999884 1.00511 1.00657 1.00726 1.01468 1.00748 1.00166 1.00083 1.02462 1.03207 0.997039 1.04291 1.06785 1.09611 1.06554 1.07706 1.07824 1.06276 1.09676 1.04923 1.08673 1.08881 1.08773 1.12524 1.13409 1.14522 1.07319 1.15458 1.15659 1.16985 1.17695 1.19438 1.14449 1.28253 1.22734 
1.41673 1.43174 1.49078 1.4524 1.44675 1.40613 1.3723 1.3601 1.34333 1.29357 1.30849 1.30901 1.30877 1.30468 1.28434 1.28016 1.23183 1.24291 1.24764 1.1551 1.2034 1.20824 1.17481 1.16949 1.15973 1.14353 1.14872 1.14611 1.12809 1.09769 1.09337 1.10937 1.0775 1.07907 1.09028 1.08119 1.04486 1.06044 1.05406 1.03951 1.03761 1.025 1.01492 1.02467 1.02016 1.01415 1.01406 1.00729 1.00471 1.00138 0.998423 0.996682 0.997545 0.993577 0.991536 0.989638 0.993056 0.988043 0.981357 0.992015 0.990105 1.00067 0.993993 1.00659 0.998303 1.00177 0.981204 0.985371 0.989913 1.01529 1.00085 0.99351 1.03798 0.997332 1.01927 1.02903 1.05471 1.02522 0.997018 1.08194 1.03437 1.09143 1.05955 1.08835 1.07216 1.08296 1.07781 1.06499 1.12744 1.11057 1.1261 1.14401 1.13844 1.13572 1.18933 1.14115 1.17741 1.1893 1.17263 1.23441 
1.48716 1.38906 1.45469 1.41131 1.40185 1.38264 1.35887 1.3753 1.35701 1.30745 1.33468 1.31775 1.28521 1.32388 1.24232 1.28733 1.23821 1.23713 1.23934 1.21019 1.18675 1.18497 1.17194 1.167 1.184 1.14418 1.15433 1.15291 1.13854 1.1107 1.11554 1.09193 1.10009 1.06019 1.08093 1.06902 1.077 1.05717 1.05338 1.04453 1.04792 1.02386 1.03322 1.02062 1.01667 1.01017 1.01327 1.01035 1.00426 1.00086 0.998599 0.994877 0.993288 0.998684 0.995043 0.994794 0.984645 0.987286 0.98222 0.974605 0.994532 0.981742 0.99659 0.989453 0.995125 1.02051 0.993212 0.998111 1.01213 0.988776 1.01971 1.02564 1.00897 1.01151 1.04352 1.03733 1.02927 1.06008 1.06668 1.03851 1.05752 1.03756 1.10238 1.05938 1.12428 1.10772 1.11459 1.12997 1.12079 1.15516 1.13508 1.16092 1.08198 1.12673 1.11754 1.19085 1.17925 1.20168 1.1605 1.21117 
1.48626 1.41328 1.4528 1.37422 1.42655 1.35412 1.32404 1.38121 1.33814 1.33286 1.3347 1.33717 1.27131 1.25693 1.24772 1.30648 1.23217 1.27405 1.23489 1.227 1.19564 1.21922 1.19652 1.13921 1.14022 1.17733 1.12491 1.11537 1.10086 1.12449 1.11067 1.08618 1.11153 1.09296 1.08895 1.08349 1.06408 1.04355 1.04117 1.03872 1.03305 1.03249 1.0224 1.02828 1.02349 1.01361 1.00901 1.00962 1.0051 1.00076 0.998734 0.995727 0.99353 0.996443 0.993516 0.990043 0.993507 0.989992 0.987189 0.981463 0.989335 0.986121 0.97809 1.00537 1.00414 0.997538 0.984607 1.00825 1.00461 1.00448 1.01945 1.02179 1.02258 1.02713 1.02861 1.02579 1.04895 1.03945 1.0335 1.06431 1.05777 1.05333 1.02552 1.04623 1.06617 1.07988 1.12179 1.10333 1.11692 1.08641 1.11745 1.12 1.15462 1.1126 1.16743 1.18946 1.20557 1.19244 1.21391 1.20411 
1.49004 1.38625 1.40865 1.40959 1.42371 1.37804 1.34256 1.35565 1.37904 1.39382 1.31927 1.32584 1.24819 1.30956 1.29861 1.26821 1.2407 1.25468 1.24664 1.21272 1.18503 1.1939 1.18529 1.16431 1.16267 1.1717 1.12237 1.14199 1.11209 1.11514 1.10216 1.10503 1.0976 1.09486 1.07775 1.05527 1.06014 1.07595 1.03698 1.04646 1.03074 1.03109 1.02866 1.01507 1.01627 1.01939 1.00777 1.00347 1.00524 1.00171 0.999386 0.997203 0.994238 0.993034 0.992882 0.985743 0.990137 1.00191 0.987182 0.986534 0.992746 0.990099 0.984701 0.992799 1.00392 0.974618 1.01358 1.01432 1.00833 1.03057 1.01107 1.02543 1.01713 1.02299 1.04496 1.03201 1.03331 1.08043 1.04183 1.06119 1.05984 1.04917 1.06689 1.08126 1.11599 1.08873 1.05195 1.09639 1.14874 1.12477 1.12105 1.15883 1.13947 1.18964 1.18186 1.19137 1.19224 1.14029 1.20734 1.15886 
1.4529 1.4052 1.43326 1.4057 1.39052 1.35605 1.39183 1.33207 1.35031 1.28583 1.30055 1.32848 1.2985 1.27914 1.27863 1.23382 1.22915 1.23907 1.19979 1.23884 1.23328 1.18772 1.19584 1.15237 1.17924 1.14663 1.14038 1.13758 1.14547 1.1078 1.10508 1.11623 1.09572 1.0783 1.09089 1.06502 1.05919 1.06311 1.05535 1.03967 1.04023 1.02596 1.02442 1.02179 1.01864 1.01503 1.01442 1.00594 1.00328 1.0016 0.998828 0.996453 0.996157 0.991233 0.989513 0.985597 0.991993 0.992267 0.995231 0.987424 0.994149 0.980249 0.979881 0.989333 0.992628 1.00639 1.00662 0.996361 0.993037 1.00788 1.01961 1.01811 1.00474 1.02897 1.01104 1.03938 0.999937 1.0597 1.03051 1.05438 1.10672 1.04055 1.06434 1.11153 1.0974 1.11927 1.0737 1.10378 1.12722 1.12383 1.18277 1.18818 1.16209 1.13044 1.16593 1.20252 1.2049 1.17891 1.18109 1.20695 
1.43206 1.4221 1.44648 1.38538 1.41451 1.40704 1.39546 1.29649 1.32089 1.32943 1.34617 1.30343 1.28055 1.32506 1.26844 1.22042 1.2674 1.24101 1.23319 1.2081 1.21638 1.21816 1.16787 1.17947 1.17422 1.17157 1.16084 1.11324 1.14482 1.10647 1.09952 1.11642 1.09646 1.06052 1.07396 1.05883 1.05433 1.06229 1.05917 1.046 1.03756 1.03346 1.03427 1.0247 1.01608 1.01539 1.00992 1.00908 1.00292 1.00146 0.999112 0.996923 0.992419 0.991709 0.991218 0.994857 0.989895 0.993048 0.978706 0.989146 0.996336 0.993389 0.986869 0.996119 0.978391 1.00668 1.00858 1.01887 0.998817 1.01203 1.01075 1.00449 1.02571 1.05012 1.04682 1.05988 1.04029 1.03735 1.05073 1.06154 1.06191 1.05447 1.07694 1.08958 1.05236 1.09817 1.08653 1.09899 1.10933 1.10574 1.15533 1.16702 1.12973 1.17114 1.20764 1.1731 1.23498 1.17612 1.13753 1.15894 
1.47553 1.39441 1.41725 1.40357 1.38272 1.41681 1.32792 1.2939 1.35208 1.34895 1.32827 1.29203 1.30829 1.30252 1.26487 1.26295 1.21968 1.28797 1.26984 1.21104 1.23034 1.20888 1.17213 1.1872 1.1531 1.17302 1.12458 1.12458 1.11457 1.12899 1.11544 1.11138 1.096 1.08705 1.08495 1.06866 1.07257 1.04804 1.04418 1.04313 1.03694 1.03688 1.01922 1.02664 1.01095 1.01832 1.00938 1.00753 1.00507 1.00047 0.998383 0.997757 0.995154 0.995671 0.989362 0.990573 0.982867 0.986036 0.982094 0.980626 0.989482 0.994019 1.00596 1.00182 0.997364 0.996637 0.996184 1.00836 1.0067 1.01283 1.02187 1.01652 1.00755 1.0021 1.04628 1.03783 1.04677 1.03245 1.02293 1.04102 1.08555 1.03473 1.03731 1.04837 1.12626 1.10354 1.11331 1.06207 1.07252 1.10871 1.11313 1.16064 1.11841 1.1376 1.12473 1.17115 1.16228 1.17722 1.20733 1.25393 
1.44561 1.45059 1.42643 1.44175 1.40923 1.40474 1.32388 1.36012 1.30048 1.28398 1.34754 1.32457 1.32322 1.27874 1.28053 1.25859 1.28899 1.26725 1.20409 1.19698 1.20296 1.16562 1.18131 1.14938 1.18863 1.13844 1.18154 1.14623 1.14348 1.10985 1.107 1.11062 1.09863 1.0951 1.07685 1.05559 1.05386 1.06326 1.04359 1.0399 1.04365 1.0477 1.02662 1.02551 1.02173 1.01217 1.01066 1.00737 1.00282 1.00138 0.998589 0.996034 0.997895 0.988749 0.994144 1.00081 0.984927 0.994274 0.98533 0.984564 0.99165 0.989231 0.997868 0.983308 0.991788 1.00162 0.988567 0.987414 1.0044 1.01959 1.01723 1.02111 1.00768 1.04344 1.03567 1.03341 1.03728 1.05543 1.06692 1.03673 1.06917 1.06493 1.05014 1.07303 1.06581 1.08881 1.12938 1.1582 1.15464 1.14506 1.1649 1.10242 1.12923 1.13771 1.17774 1.16891 1.14159 1.19808 1.16007 1.21178 
