-2 -1.9596 -1.91919 -1.87879 -1.83838 -1.79798 -1.75758 -1.71717 -1.67677 -1.63636 -1.59596 -1.55556 -1.51515 -1.47475 -1.43434 -1.39394 -1.35354 -1.31313 -1.27273 -1.23232 -1.19192 -1.15152 -1.11111 -1.07071 -1.0303 -0.989899 -0.949495 -0.909091 -0.868687 -0.828283 -0.787879 -0.747475 -0.707071 -0.666667 -0.626263 -0.585859 -0.545455 -0.505051 -0.464646 -0.424242 -0.383838 -0.343434 -0.30303 -0.262626 -0.222222 -0.181818 -0.141414 -0.10101 -0.0606061 -0.020202 0.020202 0.0606061 0.10101 0.141414 0.181818 0.222222 0.262626 0.30303 0.343434 0.383838 0.424242 0.464646 0.505051 0.545455 0.585859 0.626263 0.666667 0.707071 0.747475 0.787879 0.828283 0.868687 0.909091 0.949495 0.989899 1.0303 1.07071 1.11111 1.15152 1.19192 1.23232 1.27273 1.31313 1.35354 1.39394 1.43434 1.47475 1.51515 1.55556 1.59596 1.63636 1.67677 1.71717 1.75758 1.79798 1.83838 1.87879 1.91919 1.9596 2 
0.379615 0.392996 0.406692 0.420698 0.435008 0.449612 0.464501 0.479664 0.495088 0.510758 0.526658 0.542768 0.55907 0.575542 0.592158 0.608894 0.625723 0.642613 0.659535 0.676456 0.69334 0.710151 0.726853 0.743407 0.759772 0.775909 0.791776 0.807332 0.822535 0.837344 0.851717 0.865616 0.879 0.891831 0.904074 0.915694 0.926658 0.936937 0.946502 0.955331 0.963401 0.970693 0.977193 0.982887 0.987769 0.991832 0.995073 0.997496 0.999102 0.999901 0.999901 0.999117 0.997562 0.995256 0.992217 0.988468 0.984031 0.978931 0.973195 0.966849 0.959921 0.952439 0.944432 0.935928 0.926957 0.917547 0.907726 0.897524 0.886967 0.876084 0.864899 0.85344 0.841732 0.829798 0.817663 0.805349 0.792878 0.780271 0.767548 0.754729 0.741831 0.728874 0.715873 0.702845 0.689804 0.676766 0.663744 0.650752 0.637801 0.624903 0.61207 0.599312 0.586638 0.574058 0.561581 0.549214 0.536965 0.524841 0.512849 0.500995 
2.73493 2.68486 2.6683 2.58408 2.54052 2.48126 2.46085 2.43728 2.39781 2.33188 2.27632 2.2587 2.24204 2.17175 2.12099 2.09694 1.97283 1.99183 1.95517 1.94519 1.86814 1.85196 1.81172 1.76361 1.72626 1.68408 1.66843 1.62559 1.5934 1.54036 1.53758 1.47857 1.46691 1.42738 1.38458 1.36617 1.34057 1.29969 1.26682 1.24955 1.22905 1.19053 1.17661 1.15257 1.1235 1.09877 1.07652 1.05327 1.03157 1.00961 0.989607 0.969618 0.95159 0.931753 0.913335 0.89438 0.877364 0.852824 0.84117 0.829601 0.823726 0.824662 0.798766 0.771645 0.786007 0.759956 0.727925 0.738962 0.736288 0.707224 0.710925 0.691527 0.696339 0.715504 0.697159 0.65209 0.672924 0.68885 0.641012 0.675692 0.648278 0.652333 0.655833 0.644623 0.659132 0.695534 0.663314 0.673193 0.666198 0.679657 0.676525 0.683239 0.591303 0.628222 0.753861 0.692055 0.653864 0.711385 0.70123 0.676761 
2.71541 2.68198 2.62813 2.54408 2.54906 2.50566 2.44828 2.41273 2.39648 2.32939 2.26177 2.20067 2.17617 2.14444 2.05348 2.08387 2.05389 2.01501 1.92894 1.94135 1.89562 1.82531 1.78389 1.76858 1.73587 1.70762 1.66751 1.62141 1.57156 1.5556 1.51672 1.47621 1.46971 1.4109 1.38705 1.36686 1.34583 1.31337 1.28571 1.25469 1.21775 1.19581 1.16726 1.14138 1.11884 1.10412 1.07954 1.05488 1.03121 1.00975 0.989943 0.971361 0.948984 0.92781 0.913602 0.897405 0.884347 0.867401 0.837398 0.829252 0.832993 0.809043 0.796759 0.783531 0.783755 0.757252 0.741981 0.737615 0.731375 0.713536 0.73097 0.716926 0.714067 0.709653 0.666526 0.708795 0.659348 0.676821 0.695238 0.640561 0.684964 0.683983 0.604332 0.657328 0.615206 0.675272 0.609214 0.668088 0.676547 0.723588 0.671857 0.65358 0.682676 0.678035 0.6496 0.712274 0.686533 0.637472 0.738092 0.716284 
2.69767 2.63197 2.5939 2.55966 2.54427 2.51242 2.4656 2.38865 2.38782 2.33637 2.29251 2.2128 2.20191 2.11522 2.11823 2.08477 2.03018 2.01647 1.96164 1.93524 1.87211 1.86757 1.82166 1.74161 1.71823 1.69525 1.67548 1.61587 1.59092 1.55349 1.5385 1.49755 1.458 1.43995 1.37974 1.36993 1.33221 1.3056 1.2727 1.25395 1.2289 1.20554 1.17059 1.14456 1.1215 1.09559 1.07303 1.05361 1.03128 1.01006 0.990055 0.9691 0.950505 0.936362 0.912724 0.897117 0.885164 0.871631 0.857283 0.839613 0.829265 0.803519 0.80169 0.797575 0.765975 0.763014 0.75991 0.746056 0.740907 0.727423 0.713382 0.688732 0.698894 0.707237 0.669825 0.697876 0.708623 0.662586 0.669226 0.651409 0.63336 0.691889 0.654802 0.662173 0.654281 0.659586 0.626853 0.625118 0.645771 0.63644 0.651812 0.645578 0.650014 0.675116 0.659384 0.665636 0.611576 0.649451 0.685274 0.661681 
2.72742 2.64861 2.55744 2.5618 2.46384 2.49752 2.45288 2.35219 2.3529 2.35542 2.21577 2.19035 2.18035 2.1275 2.14167 2.06785 2.03288 2.00703 1.90506 1.90255 1.88213 1.85592 1.79581 1.75863 1.72662 1.68794 1.65377 1.60992 1.59433 1.56058 1.53134 1.47848 1.45876 1.42262 1.37933 1.36058 1.33376 1.31485 1.27482 1.24851 1.22905 1.19153 1.17704 1.14365 1.12478 1.0979 1.07786 1.05138 1.02919 1.01031 0.989878 0.96954 0.953082 0.931248 0.912234 0.893204 0.884288 0.865395 0.851365 0.832372 0.81536 0.805294 0.800225 0.78657 0.777018 0.748041 0.772165 0.731986 0.739362 0.733866 0.742438 0.695388 0.71264 0.708256 0.685429 0.724968 0.692738 0.707249 0.656485 0.652536 0.686994 0.682488 0.651086 0.671658 0.656416 0.692488 0.614026 0.659313 0.646579 0.642484 0.70561 0.662452 0.662267 0.663251 0.660527 0.662905 0.704729 0.649175 0.669891 0.703559 
2.67985 2.65201 2.58318 2.5504 2.50558 2.46746 2.42516 2.40369 2.34424 2.31698 2.26153 2.19745 2.19318 2.17171 2.12099 2.0545 2.00537 1.9662 1.91232 1.91253 1.84701 1.82256 1.79597 1.73784 1.73746 1.69487 1.65444 1.62773 1.58282 1.5385 1.53008 1.47742 1.45343 1.42256 1.37699 1.35582 1.32978 1.30589 1.28425 1.24521 1.22302 1.20632 1.17932 1.14678 1.11898 1.09756 1.0743 1.05296 1.02979 1.01035 0.990603 0.970867 0.953023 0.932409 0.913153 0.895068 0.883027 0.869901 0.848481 0.84255 0.822942 0.814614 0.812841 0.777601 0.773052 0.759418 0.744061 0.739517 0.775261 0.708345 0.71406 0.735577 0.703607 0.690917 0.729912 0.711423 0.685463 0.689088 0.655324 0.666591 0.673785 0.704969 0.634429 0.705696 0.641572 0.638186 0.660175 0.668435 0.654016 0.679198 0.672288 0.691277 0.687132 0.706113 0.67586 0.656873 0.688936 0.703449 0.680726 0.732431 
2.75438 2.62117 2.63277 2.55622 2.53607 2.49372 2.42859 2.41111 2.35873 2.33004 2.33576 2.15568 2.18565 2.10791 2.11864 2.06081 2.00175 2.0069 1.93637 1.87556 1.85846 1.80838 1.82847 1.75445 1.74151 1.70529 1.67038 1.62239 1.57472 1.57657 1.50593 1.48134 1.45316 1.40573 1.37082 1.35515 1.33553 1.30629 1.27339 1.25464 1.2218 1.19814 1.17209 1.14085 1.12044 1.09958 1.07007 1.0544 1.03006 1.00972 0.990249 0.969892 0.95324 0.933904 0.918354 0.900691 0.888631 0.867883 0.859583 0.841242 0.811059 0.824182 0.797134 0.782435 0.787708 0.771879 0.761284 0.720852 0.759935 0.725347 0.736735 0.721743 0.691473 0.701946 0.701514 0.712933 0.698819 0.672658 0.679664 0.634421 0.637656 0.692888 0.685592 0.697446 0.678261 0.693051 0.68875 0.675425 0.676187 0.690087 0.637334 0.65344 0.634817 0.666941 0.64264 0.695044 0.735649 0.701666 0.785246 0.692136 
2.63594 2.63619 2.57346 2.60935 2.47174 2.47613 2.41148 2.41879 2.36929 2.29921 2.30386 2.1986 2.18744 2.13505 2.13669 2.06791 2.01015 1.9923 1.93036 1.90065 1.90804 1.81105 1.79336 1.76235 1.71742 1.69835 1.65062 1.62203 1.58623 1.57429 1.54992 1.47768 1.44726 1.41357 1.39683 1.35275 1.33258 1.30207 1.28155 1.24834 1.22203 1.19184 1.17348 1.15064 1.12097 1.10049 1.075 1.05458 1.03105 1.01049 0.9898 0.970189 0.95324 0.937028 0.920921 0.895252 0.895444 0.86104 0.860069 0.846869 0.819651 0.822209 0.80883 0.813349 0.797219 0.781874 0.764707 0.734444 0.726589 0.731775 0.708769 0.720969 0.714067 0.690352 0.692694 0.676351 0.707231 0.698499 0.688842 0.693148 0.660837 0.676175 0.723151 0.685426 0.690586 0.662632 0.683294 0.717958 0.706406 0.674779 0.659822 0.705777 0.720041 0.709457 0.665388 0.666435 0.643621 0.67846 0.699618 0.662184 
2.67679 2.64964 2.59272 2.60377 2.53387 2.48014 2.42573 2.41822 2.32259 2.2832 2.24706 2.1853 2.13707 2.14393 2.08703 2.08637 2.03236 1.95273 1.97526 1.92387 1.84508 1.85595 1.75511 1.75736 1.71071 1.68144 1.64656 1.5946 1.58487 1.55374 1.52387 1.47672 1.45597 1.41483 1.38401 1.3494 1.31544 1.30503 1.28024 1.23834 1.20156 1.19784 1.16314 1.13992 1.1271 1.09394 1.07399 1.05139 1.03236 1.00951 0.990259 0.972658 0.95358 0.933243 0.914122 0.895566 0.882654 0.875943 0.862233 0.837044 0.825235 0.821229 0.816187 0.787617 0.77812 0.770696 0.764668 0.759377 0.735407 0.736291 0.71755 0.739553 0.706086 0.703271 0.734671 0.681904 0.697368 0.705171 0.683969 0.705896 0.689673 0.700384 0.683868 0.703743 0.685589 0.684283 0.637544 0.667145 0.67935 0.683909 0.690062 0.674403 0.761945 0.67445 0.729183 0.646397 0.679354 0.641842 0.687656 0.692273 
2.64103 2.60888 2.59958 2.58063 2.48371 2.44722 2.41334 2.32274 2.32965 2.31145 2.24237 2.2212 2.18096 2.10789 2.06587 2.06566 2.0327 1.99582 1.91334 1.92096 1.8639 1.80799 1.81089 1.73372 1.71056 1.68177 1.63699 1.60422 1.56312 1.54646 1.52854 1.48955 1.44864 1.43403 1.38266 1.35161 1.32712 1.30376 1.2727 1.25227 1.22751 1.19611 1.1727 1.14425 1.11134 1.09276 1.07769 1.0538 1.03119 1.01052 0.990148 0.971069 0.955471 0.934292 0.920514 0.894719 0.877297 0.85894 0.849344 0.843756 0.830652 0.816752 0.804813 0.780121 0.775807 0.77887 0.77585 0.751484 0.758761 0.736243 0.696412 0.724537 0.715852 0.728582 0.694828 0.707581 0.690204 0.699255 0.745112 0.694551 0.683699 0.678491 0.670943 0.6861 0.672789 0.69296 0.701087 0.715121 0.684705 0.711073 0.658024 0.67546 0.737312 0.653112 0.636117 0.670868 0.702861 0.602286 0.714657 0.687903 
2.71555 2.63953 2.56234 2.53141 2.49194 2.46983 2.41148 2.35939 2.32749 2.30144 2.22978 2.20165 2.16851 2.11464 2.09097 2.00348 2.04419 1.96432 1.94562 1.89694 1.85425 1.83737 1.79374 1.75414 1.70329 1.6589 1.64626 1.61856 1.59818 1.5358 1.51475 1.4707 1.43715 1.43746 1.38648 1.35891 1.35548 1.29994 1.2767 1.24969 1.20837 1.19851 1.17243 1.13941 1.11898 1.09261 1.07635 1.05044 1.02919 1.0095 0.99035 0.972129 0.953351 0.93094 0.916253 0.902966 0.888999 0.879372 0.858605 0.834225 0.829139 0.817615 0.803694 0.785977 0.792351 0.774145 0.780517 0.750574 0.764349 0.741139 0.724525 0.698408 0.754295 0.709487 0.695709 0.719106 0.720522 0.685796 0.692094 0.666993 0.725542 0.675448 0.716666 0.664064 0.670984 0.6784 0.670686 0.642955 0.719646 0.762047 0.677041 0.709208 0.729628 0.693983 0.734731 0.655159 0.728624 0.722059 0.614621 0.744077 
2.65812 2.69105 2.57452 2.58063 2.51594 2.44716 2.36158 2.34181 2.30941 2.2835 2.25152 2.21219 2.15376 2.10659 2.12531 2.00978 1.97901 1.95006 1.9139 1.89634 1.86012 1.83553 1.73087 1.74042 1.71853 1.68611 1.66555 1.6174 1.57181 1.54828 1.4947 1.4552 1.45552 1.42395 1.36758 1.35528 1.32189 1.29583 1.263 1.22706 1.2144 1.19011 1.16079 1.13819 1.12086 1.09191 1.07559 1.04862 1.02959 1.01002 0.990042 0.971766 0.95342 0.938452 0.91926 0.902239 0.881972 0.88451 0.857562 0.855679 0.831259 0.809473 0.814576 0.801323 0.801137 0.774337 0.795453 0.744635 0.729614 0.738478 0.728723 0.712924 0.714255 0.727271 0.723328 0.668263 0.701364 0.687671 0.691243 0.690685 0.672949 0.690072 0.662357 0.749361 0.686374 0.629741 0.668615 0.71668 0.698969 0.666515 0.681281 0.698713 0.678811 0.696718 0.678603 0.757096 0.746356 0.701816 0.729418 0.719575 
2.74752 2.63672 2.60347 2.48661 2.47615 2.39393 2.42859 2.37922 2.30311 2.26629 2.20459 2.22325 2.15703 2.11078 2.01241 2.05381 1.96186 1.97174 1.93771 1.90124 1.857 1.81781 1.73303 1.75366 1.69337 1.65167 1.62994 1.60387 1.55996 1.51425 1.5161 1.4922 1.43237 1.40772 1.39883 1.35851 1.34275 1.30234 1.28733 1.24455 1.21903 1.19524 1.16503 1.14258 1.12162 1.09305 1.07288 1.05127 1.03151 1.0099 0.990518 0.971902 0.951997 0.936135 0.918129 0.909529 0.886818 0.868629 0.862043 0.837154 0.829247 0.828278 0.783034 0.795986 0.780771 0.77887 0.778615 0.74408 0.768166 0.730222 0.757722 0.716743 0.725937 0.705567 0.73882 0.681406 0.707569 0.696209 0.728088 0.635796 0.673561 0.694886 0.668881 0.691241 0.691588 0.672376 0.685765 0.651876 0.690724 0.703808 0.725269 0.707317 0.703002 0.641913 0.731202 0.721 0.744958 0.774222 0.746765 0.740151 
2.64669 2.60061 2.65349 2.54408 2.49616 2.48134 2.3739 2.36008 2.30066 2.23953 2.27515 2.19157 2.1405 2.12547 2.07837 2.04065 2.03733 1.96221 1.91829 1.86928 1.83312 1.81013 1.7749 1.71412 1.72094 1.66285 1.6396 1.60743 1.57897 1.54754 1.51577 1.47413 1.45793 1.4003 1.37455 1.35401 1.31746 1.29969 1.2729 1.23596 1.21316 1.18651 1.16925 1.14396 1.12684 1.09424 1.07108 1.05309 1.02969 1.00999 0.990208 0.974098 0.952994 0.937579 0.922615 0.899392 0.877796 0.882893 0.861694 0.854918 0.835164 0.830052 0.798664 0.818183 0.794325 0.784339 0.772561 0.771133 0.76355 0.728262 0.748973 0.72299 0.745526 0.709653 0.711112 0.745389 0.714726 0.711188 0.730921 0.689692 0.716219 0.723953 0.707849 0.705244 0.657347 0.722805 0.719061 0.707795 0.695665 0.695544 0.698114 0.706176 0.676954 0.775034 0.772643 0.760705 0.699097 0.747048 0.726408 0.765451 
2.66727 2.61974 2.5196 2.53781 2.44447 2.44972 2.42307 2.38722 2.28418 2.26933 2.22493 2.19508 2.16127 2.09676 2.05049 2.06393 1.97959 1.95362 1.91973 1.83002 1.82575 1.8209 1.77131 1.77519 1.71823 1.69285 1.65369 1.60814 1.54938 1.54828 1.45482 1.46703 1.44698 1.41069 1.36527 1.35232 1.31058 1.30548 1.27011 1.24214 1.21557 1.17725 1.16525 1.14138 1.12475 1.09364 1.06951 1.05062 1.02843 1.01034 0.990775 0.972568 0.954304 0.937619 0.921451 0.908004 0.894329 0.869246 0.85899 0.841131 0.832935 0.816753 0.806618 0.801191 0.78238 0.768249 0.785248 0.744945 0.746242 0.763414 0.714003 0.738305 0.7185 0.72367 0.722741 0.726182 0.6721 0.683036 0.677694 0.707337 0.734136 0.72091 0.681836 0.687367 0.676711 0.72 0.670686 0.702689 0.65779 0.725468 0.731008 0.685214 0.673351 0.759882 0.783114 0.673742 0.749847 0.683257 0.760478 0.695204 
2.61141 2.60164 2.55443 2.49326 2.4935 2.47724 2.44826 2.31935 2.33191 2.25314 2.24596 2.18791 2.16001 2.10013 2.01404 2.04065 1.98156 1.94908 1.92106 1.88033 1.85753 1.76478 1.74218 1.73954 1.6933 1.66872 1.63107 1.62167 1.54119 1.5322 1.49673 1.43831 1.43012 1.4188 1.37509 1.33424 1.31541 1.28561 1.24864 1.24195 1.20933 1.18158 1.16642 1.13501 1.11484 1.09472 1.07008 1.05043 1.0288 1.00937 0.990178 0.973794 0.956314 0.935872 0.92292 0.903218 0.88313 0.876634 0.861909 0.850033 0.837911 0.820799 0.821936 0.805218 0.806959 0.782265 0.779796 0.758459 0.740399 0.74384 0.728221 0.72388 0.760942 0.74823 0.71062 0.736089 0.715147 0.714125 0.75091 0.723981 0.689933 0.747933 0.724506 0.708557 0.706122 0.722574 0.720888 0.698415 0.676187 0.685329 0.727025 0.703803 0.710537 0.729255 0.775806 0.796235 0.73371 0.715629 0.765722 0.798399 
2.65962 2.62627 2.56164 2.48641 2.4534 2.44108 2.40608 2.38579 2.28511 2.27134 2.21928 2.1853 2.11328 2.14204 2.07843 2.01852 1.98297 1.93105 1.94749 1.90158 1.82107 1.82884 1.73909 1.73618 1.6861 1.67355 1.61223 1.57812 1.55509 1.54613 1.48645 1.45844 1.44491 1.40771 1.36812 1.36118 1.31184 1.29899 1.27312 1.24017 1.20578 1.1811 1.16088 1.13072 1.1194 1.09339 1.07512 1.0455 1.02966 1.01019 0.990364 0.971563 0.954307 0.939446 0.925947 0.901202 0.891248 0.884305 0.854499 0.847821 0.840072 0.827216 0.818247 0.810803 0.791765 0.78598 0.767695 0.785716 0.753593 0.763944 0.788732 0.700545 0.731159 0.746766 0.733308 0.707284 0.708735 0.742829 0.673199 0.720143 0.723809 0.707918 0.658371 0.706042 0.731724 0.672366 0.766857 0.719395 0.75066 0.670815 0.745529 0.636482 0.699894 0.755766 0.729541 0.76631 0.703528 0.752724 0.744875 0.725856 
2.62908 2.575 2.57181 2.48617 2.42131 2.49337 2.36189 2.35885 2.27714 2.23675 2.22007 2.14207 2.13773 2.12487 2.07298 2.02428 1.96037 1.91734 1.9139 1.85788 1.83727 1.79278 1.7726 1.73694 1.69613 1.66779 1.61017 1.58071 1.56191 1.5396 1.50521 1.44297 1.44556 1.41068 1.3675 1.33488 1.29927 1.29576 1.2531 1.24508 1.21954 1.18233 1.15281 1.13498 1.11078 1.09136 1.06814 1.04793 1.02857 1.0099 0.990692 0.972944 0.950803 0.937685 0.924776 0.905717 0.897458 0.875688 0.85131 0.844895 0.856697 0.823551 0.80563 0.791208 0.794798 0.77582 0.772126 0.786752 0.78274 0.770736 0.742499 0.720244 0.733393 0.783758 0.727778 0.741346 0.726626 0.713723 0.718006 0.72931 0.750673 0.738529 0.697609 0.694462 0.72204 0.735365 0.73365 0.733711 0.71886 0.733884 0.765488 0.773468 0.754201 0.731139 0.735267 0.734002 0.754196 0.750815 0.786704 0.782533 
2.67112 2.59395 2.51388 2.48575 2.44846 2.4046 2.428 2.32621 2.30715 2.29913 2.20576 2.15896 2.12251 2.08338 2.01626 2.01719 1.96452 1.92838 1.90113 1.866 1.80268 1.78568 1.73818 1.69994 1.70051 1.65776 1.61834 1.59522 1.55918 1.54036 1.5111 1.47289 1.43171 1.41162 1.36271 1.34923 1.30936 1.30887 1.26179 1.23415 1.20496 1.18629 1.14926 1.14023 1.11573 1.08758 1.07068 1.04779 1.02996 1.00858 0.991024 0.974044 0.952825 0.940259 0.919575 0.913041 0.888686 0.881178 0.864334 0.870017 0.855864 0.833849 0.820275 0.801191 0.809914 0.780172 0.791533 0.743236 0.77493 0.749609 0.769458 0.741167 0.723177 0.733787 0.740097 0.705263 0.741883 0.713498 0.760491 0.7924 0.725744 0.733715 0.727044 0.745456 0.736628 0.751948 0.745808 0.709927 0.706788 0.724587 0.77731 0.708207 0.766289 0.773919 0.786375 0.709387 0.797298 0.780376 0.782931 0.753661 
2.70975 2.62064 2.59089 2.42292 2.44098 2.43392 2.37824 2.31986 2.27345 2.21937 2.18385 2.13153 2.13378 2.05933 2.03695 2.03585 1.99909 1.94147 1.9118 1.866 1.83542 1.76876 1.75929 1.70742 1.69051 1.62379 1.64878 1.59771 1.5527 1.50797 1.5051 1.44474 1.42133 1.40545 1.37725 1.34612 1.29763 1.29531 1.24765 1.23062 1.20197 1.17576 1.15412 1.13304 1.11429 1.08099 1.06973 1.04706 1.02606 1.00966 0.990825 0.972819 0.954803 0.939431 0.913836 0.907067 0.895817 0.886885 0.865467 0.85411 0.850446 0.842937 0.818247 0.829154 0.774948 0.82388 0.782178 0.771451 0.770095 0.771238 0.74838 0.757888 0.728323 0.716057 0.743293 0.765108 0.719895 0.767123 0.714228 0.75705 0.750079 0.74307 0.778962 0.744862 0.693322 0.70382 0.711445 0.70959 0.764511 0.711986 0.746728 0.766432 0.77142 0.785438 0.745659 0.785344 0.781155 0.80652 0.731726 0.801761 
2.61055 2.54881 2.58248 2.48629 2.47052 2.38014 2.37047 2.31139 2.30489 2.24428 2.20497 2.14277 2.12454 2.09399 2.02426 1.9561 1.97171 1.95246 1.90539 1.86278 1.82247 1.80683 1.749 1.69704 1.66365 1.63391 1.58802 1.56967 1.53436 1.52754 1.48301 1.45067 1.40897 1.39595 1.36158 1.32182 1.32105 1.29289 1.26663 1.24152 1.20498 1.19454 1.15278 1.13263 1.10902 1.09035 1.07177 1.04614 1.02763 1.00899 0.990951 0.97248 0.955748 0.934615 0.921512 0.905316 0.88777 0.874233 0.868791 0.848725 0.851446 0.840963 0.829993 0.8239 0.797692 0.787163 0.789068 0.76297 0.782781 0.760575 0.768955 0.768636 0.743309 0.773016 0.7178 0.755807 0.741373 0.723584 0.711163 0.70961 0.779659 0.749611 0.695738 0.705448 0.748025 0.739055 0.783582 0.766598 0.714814 0.712239 0.749041 0.857838 0.814934 0.76479 0.754925 0.721554 0.792759 0.835202 0.789157 0.794886 
2.63758 2.56123 2.57269 2.43105 2.43544 2.39505 2.38838 2.27607 2.2583 2.21072 2.20146 2.1139 2.11394 2.06842 2.02634 2.02948 1.97635 1.97586 1.8614 1.86217 1.83346 1.78618 1.73732 1.69839 1.70051 1.64847 1.60423 1.5856 1.51525 1.47772 1.488 1.43745 1.42608 1.38414 1.36624 1.33307 1.30845 1.27948 1.25255 1.22681 1.19802 1.18498 1.15673 1.13209 1.11997 1.08633 1.06955 1.04718 1.0279 1.0094 0.99091 0.974865 0.954814 0.942142 0.925101 0.908838 0.900393 0.879415 0.872706 0.855025 0.845715 0.834098 0.822035 0.812327 0.816839 0.791131 0.793404 0.789402 0.789033 0.760079 0.796152 0.777154 0.761094 0.768915 0.759379 0.747316 0.756109 0.703521 0.735504 0.76257 0.689412 0.76283 0.759434 0.748879 0.789472 0.782576 0.791623 0.746324 0.748644 0.766179 0.716789 0.712415 0.790218 0.812801 0.721784 0.832163 0.761489 0.751016 0.853863 0.785464 
2.60099 2.50386 2.5071 2.51471 2.48522 2.43269 2.27652 2.30774 2.26158 2.26094 2.20083 2.12474 2.12839 2.07316 2.01294 2.00859 1.95815 1.90876 1.90297 1.80835 1.83721 1.78492 1.6901 1.71119 1.66013 1.64 1.59051 1.54571 1.54724 1.50633 1.49298 1.45155 1.40991 1.37564 1.36882 1.32148 1.29531 1.2608 1.27013 1.22543 1.18743 1.16935 1.14288 1.12624 1.11143 1.08962 1.06219 1.04752 1.02893 1.0089 0.990921 0.974722 0.957937 0.944459 0.932431 0.910615 0.894658 0.885814 0.861056 0.838455 0.845269 0.828078 0.833706 0.807047 0.797588 0.809779 0.78933 0.798238 0.795669 0.778554 0.740932 0.764069 0.770147 0.773002 0.764894 0.754285 0.759987 0.713287 0.79641 0.763409 0.772684 0.741799 0.731167 0.823502 0.728824 0.753455 0.763293 0.711227 0.821034 0.763047 0.758806 0.760284 0.729366 0.851786 0.761447 0.815294 0.797566 0.807073 0.887933 0.865786 
2.5954 2.55579 2.55511 2.489 2.38516 2.39678 2.31418 2.28992 2.23487 2.20224 2.20029 2.1533 2.09316 2.0162 2.01442 1.95222 1.97693 1.91185 1.86402 1.82806 1.78661 1.78794 1.70984 1.67332 1.65763 1.6586 1.62446 1.5369 1.55065 1.50065 1.47399 1.41842 1.41638 1.39677 1.36448 1.32058 1.29529 1.26818 1.25168 1.22832 1.20432 1.18544 1.16088 1.12298 1.10731 1.0913 1.06916 1.04805 1.02811 1.0089 0.991155 0.971337 0.957678 0.939002 0.92921 0.908402 0.895348 0.893624 0.873764 0.859807 0.856648 0.841196 0.833883 0.828809 0.825812 0.802508 0.794751 0.777712 0.784501 0.753122 0.78498 0.7366 0.768643 0.74184 0.797471 0.739835 0.72546 0.779178 0.760964 0.709047 0.725484 0.734986 0.720328 0.819252 0.761992 0.703348 0.77886 0.791731 0.7715 0.773817 0.793842 0.830812 0.761616 0.838014 0.824177 0.833516 0.80983 0.8185 0.767892 0.799969 
2.58295 2.56054 2.5189 2.43769 2.38891 2.3075 2.34774 2.35393 2.23919 2.20352 2.17783 2.11855 2.10477 2.06364 2.05816 1.99011 1.91557 1.90495 1.8601 1.88071 1.79038 1.73858 1.69565 1.71125 1.66659 1.61962 1.57009 1.56531 1.51755 1.47633 1.45096 1.44749 1.40593 1.38454 1.36856 1.32245 1.29313 1.28094 1.2494 1.21674 1.19504 1.17018 1.15019 1.12474 1.10896 1.08688 1.06307 1.04815 1.02751 1.00907 0.991242 0.972218 0.95864 0.942702 0.923898 0.912777 0.901281 0.889444 0.876738 0.849177 0.871372 0.855855 0.832941 0.836263 0.830957 0.818383 0.806008 0.807042 0.78093 0.787373 0.792074 0.779517 0.765638 0.79062 0.745332 0.724362 0.771241 0.77327 0.757616 0.708828 0.764387 0.77845 0.751025 0.762208 0.736628 0.756511 0.8106 0.74206 0.795613 0.757676 0.807463 0.763659 0.818305 0.844302 0.85865 0.799597 0.821854 0.887214 0.886952 0.891858 
2.55821 2.53727 2.50476 2.44789 2.39818 2.404 2.34705 2.29657 2.2887 2.2305 2.13801 2.11252 2.05598 2.05835 2.04178 1.9879 1.97486 1.8943 1.87429 1.85808 1.79173 1.73059 1.74121 1.68667 1.63849 1.59225 1.55127 1.53966 1.52335 1.4822 1.46776 1.44948 1.4174 1.35774 1.35411 1.32219 1.27735 1.27589 1.23709 1.22596 1.20048 1.17028 1.16112 1.12694 1.10933 1.08617 1.06406 1.0457 1.02614 1.00825 0.991246 0.976596 0.959975 0.939542 0.930464 0.914942 0.902408 0.893268 0.888991 0.869018 0.859934 0.827432 0.839632 0.840966 0.830775 0.811093 0.814277 0.81469 0.807933 0.811381 0.77475 0.796421 0.762541 0.808637 0.785256 0.779462 0.784532 0.734835 0.75935 0.771269 0.797779 0.779044 0.836231 0.812516 0.780502 0.759338 0.77051 0.752966 0.787925 0.760421 0.82224 0.748417 0.808044 0.832174 0.828315 0.77939 0.842143 0.82719 0.838054 0.886022 
2.59383 2.55226 2.45417 2.51312 2.3989 2.35525 2.32058 2.25776 2.23732 2.20785 2.15186 2.10686 2.07944 2.04915 2.00301 1.95877 1.98273 1.86605 1.84593 1.83653 1.76837 1.75583 1.71808 1.69036 1.67497 1.61875 1.56343 1.54216 1.52549 1.47968 1.46912 1.42117 1.39444 1.36569 1.32996 1.33603 1.29278 1.28069 1.23242 1.21151 1.18491 1.17498 1.14511 1.11807 1.1054 1.0887 1.06011 1.04817 1.02585 1.00876 0.991319 0.975567 0.957457 0.941082 0.936795 0.924862 0.90029 0.896194 0.876504 0.868213 0.86423 0.854312 0.841838 0.830901 0.837986 0.79642 0.814756 0.811156 0.80533 0.784363 0.786959 0.764659 0.77608 0.786726 0.807639 0.762278 0.769157 0.788814 0.785478 0.81444 0.807139 0.734941 0.769104 0.781056 0.804771 0.846048 0.797683 0.76286 0.854416 0.819746 0.801338 0.845053 0.855243 0.838888 0.830273 0.841623 0.841138 0.866143 0.864075 0.850928 
2.64266 2.49593 2.54582 2.48765 2.39682 2.34097 2.31468 2.23129 2.20014 2.26077 2.16532 2.08357 2.0948 2.01388 1.98236 1.97641 1.92397 1.8882 1.82834 1.83563 1.78348 1.74392 1.71928 1.69208 1.62559 1.58329 1.57642 1.55854 1.51209 1.46174 1.45915 1.41223 1.4025 1.36703 1.32126 1.30906 1.29142 1.25359 1.2418 1.21628 1.19928 1.16487 1.14373 1.1195 1.0984 1.08015 1.0615 1.0419 1.02541 1.00895 0.991115 0.975508 0.960193 0.94459 0.930759 0.923089 0.898204 0.892527 0.866679 0.870128 0.854855 0.846651 0.83777 0.834657 0.837973 0.822916 0.819048 0.798087 0.802355 0.793678 0.773272 0.789176 0.76192 0.802327 0.793204 0.766819 0.785793 0.790995 0.826527 0.752686 0.788477 0.776361 0.783699 0.79187 0.769011 0.852895 0.791893 0.811353 0.768557 0.819627 0.846955 0.867277 0.859355 0.843612 0.807712 0.808786 0.757528 0.840952 0.856456 0.876569 
2.54033 2.49319 2.40458 2.4113 2.38637 2.38158 2.28232 2.26307 2.20851 2.17133 2.15311 2.05593 2.09158 2.01611 2.00687 1.95185 1.93029 1.88533 1.79995 1.81576 1.79313 1.72387 1.71635 1.67877 1.65001 1.6207 1.57159 1.54963 1.49264 1.46948 1.42981 1.4173 1.3924 1.37631 1.32972 1.31451 1.29142 1.26587 1.22692 1.20229 1.18576 1.17111 1.13383 1.11998 1.10493 1.08765 1.05767 1.0448 1.02636 1.00868 0.991188 0.974954 0.962004 0.943273 0.93909 0.915191 0.905112 0.894777 0.870048 0.878221 0.865847 0.86534 0.843395 0.828463 0.823742 0.826146 0.830714 0.813418 0.784541 0.806913 0.789353 0.798559 0.767142 0.783591 0.799216 0.797348 0.832314 0.800289 0.818092 0.796545 0.796775 0.785308 0.801303 0.789293 0.837629 0.799078 0.816479 0.786131 0.799584 0.898311 0.762533 0.777817 0.823667 0.789418 0.855487 0.801491 0.966839 0.859839 0.849805 0.800754 
2.58875 2.51488 2.40219 2.37455 2.3942 2.3654 2.35765 2.24496 2.24644 2.22305 2.14396 2.02645 2.0197 2.03328 1.95222 1.98746 1.94067 1.87553 1.84339 1.76214 1.76729 1.72339 1.71062 1.66386 1.63928 1.59871 1.58504 1.52861 1.5097 1.46957 1.45718 1.40783 1.39974 1.36599 1.31478 1.30541 1.27397 1.25646 1.23925 1.20879 1.19142 1.17987 1.14681 1.1219 1.09681 1.08297 1.05926 1.04428 1.02417 1.00841 0.991026 0.975989 0.957916 0.942703 0.938764 0.922252 0.906984 0.903863 0.885227 0.879692 0.865528 0.865291 0.842528 0.834311 0.851345 0.815918 0.824329 0.823013 0.820999 0.817555 0.798933 0.804648 0.776625 0.814281 0.766837 0.761874 0.784414 0.762196 0.812788 0.776253 0.795324 0.809065 0.766419 0.850835 0.851762 0.766085 0.84414 0.852261 0.857241 0.823998 0.833463 0.850682 0.871705 0.886553 0.852128 0.872577 0.919858 0.904945 0.810562 0.906598 
2.4786 2.47244 2.37307 2.43456 2.30883 2.37083 2.31713 2.24458 2.19863 2.15733 2.07746 2.13857 1.99571 1.99713 2.00038 1.91675 1.88017 1.90443 1.81838 1.80248 1.72789 1.69723 1.67509 1.67006 1.6336 1.61849 1.55416 1.55747 1.48343 1.47536 1.4519 1.40665 1.39354 1.34445 1.33923 1.30509 1.27953 1.25707 1.23415 1.21236 1.18523 1.1604 1.13881 1.1248 1.08962 1.08358 1.06594 1.04215 1.0261 1.00842 0.992173 0.976329 0.959506 0.94667 0.937927 0.920538 0.91143 0.900423 0.886744 0.880287 0.881639 0.866335 0.852394 0.854491 0.819029 0.815134 0.808084 0.80763 0.837577 0.791685 0.82876 0.812485 0.793283 0.811592 0.782748 0.807566 0.783685 0.759449 0.835946 0.792745 0.784181 0.768095 0.743931 0.821908 0.821018 0.802215 0.866591 0.856118 0.90323 0.836614 0.808277 0.81837 0.876985 0.850671 0.871336 0.843439 0.986123 0.864285 0.907867 0.959972 
2.53982 2.53838 2.3806 2.45307 2.38865 2.29382 2.23833 2.24613 2.19977 2.12873 2.11447 2.10007 2.04435 2.01617 1.96799 1.92611 1.9133 1.90125 1.84927 1.76797 1.78804 1.7431 1.69347 1.6577 1.62318 1.56435 1.52409 1.5255 1.48343 1.47242 1.44537 1.41992 1.382 1.34714 1.31699 1.29751 1.26232 1.26344 1.2308 1.20736 1.18076 1.15122 1.13995 1.12579 1.09473 1.08052 1.06502 1.03991 1.02665 1.00825 0.99173 0.975097 0.959577 0.947453 0.935205 0.924013 0.9093 0.896945 0.878445 0.885822 0.882873 0.871658 0.853187 0.84791 0.824293 0.832173 0.817809 0.816111 0.8228 0.826334 0.794172 0.829547 0.815351 0.816891 0.806005 0.807054 0.809581 0.836966 0.826884 0.813972 0.847564 0.849392 0.780837 0.799576 0.832323 0.891017 0.831956 0.840065 0.867208 0.864763 0.838602 0.818685 0.874551 0.895787 0.84622 0.905954 0.895685 1.00591 1.02448 0.970904 
2.53783 2.50182 2.39825 2.36335 2.36245 2.28793 2.24936 2.24264 2.16155 2.15138 2.10719 2.09533 2.04085 2.02846 1.93524 1.87267 1.86622 1.87004 1.79953 1.79966 1.73844 1.702 1.65004 1.69831 1.6236 1.55438 1.53447 1.51258 1.49742 1.47502 1.43801 1.41547 1.41161 1.35959 1.3445 1.30515 1.2844 1.24467 1.23138 1.22231 1.18446 1.16438 1.12751 1.11908 1.09409 1.07526 1.06279 1.04097 1.02646 1.00762 0.992038 0.976263 0.961766 0.952117 0.935704 0.922068 0.903784 0.897064 0.885083 0.875913 0.890171 0.877246 0.875238 0.855587 0.849336 0.825163 0.814386 0.818494 0.801462 0.821906 0.779629 0.796287 0.818637 0.829969 0.807345 0.805234 0.772739 0.844633 0.810291 0.805091 0.834355 0.818145 0.84247 0.828347 0.821875 0.871227 0.865703 0.886615 0.810957 0.862677 0.80288 0.854268 0.880655 0.897752 0.974982 0.828813 0.894566 0.88312 0.907521 0.896732 
2.49463 2.38692 2.37081 2.33746 2.31874 2.35395 2.27141 2.16276 2.16145 2.14521 2.12354 2.08962 1.99995 1.95108 1.93702 1.84274 1.86414 1.87159 1.80279 1.79119 1.72377 1.67494 1.71285 1.58358 1.58192 1.56906 1.5457 1.54286 1.49069 1.4438 1.41965 1.39149 1.37395 1.33606 1.32999 1.29739 1.26646 1.24701 1.22239 1.20402 1.17482 1.15465 1.13592 1.11631 1.08798 1.07305 1.05202 1.04104 1.02318 1.00721 0.991607 0.974972 0.964689 0.949316 0.935216 0.918115 0.916137 0.900592 0.88679 0.869867 0.871715 0.86063 0.865404 0.858544 0.84993 0.852688 0.845459 0.850514 0.815871 0.824031 0.817291 0.782471 0.813398 0.8476 0.835362 0.859311 0.823902 0.807861 0.819826 0.874417 0.860867 0.808244 0.820822 0.842647 0.850834 0.82674 0.848862 0.871087 0.824285 0.870401 0.862074 0.940493 0.919976 0.924504 0.951375 0.946549 0.900657 1.00638 0.927455 0.958402 
2.47946 2.39273 2.38073 2.35064 2.3416 2.32064 2.26451 2.24633 2.14507 2.0649 2.06354 2.1284 2.01456 1.9662 1.94683 1.89939 1.83928 1.79081 1.81838 1.76749 1.72458 1.71729 1.65181 1.65799 1.60556 1.58364 1.53337 1.52933 1.49367 1.4587 1.42142 1.3977 1.36236 1.35624 1.32398 1.28536 1.27209 1.2458 1.23304 1.19097 1.16568 1.15921 1.13213 1.12186 1.09503 1.06559 1.06151 1.0394 1.02245 1.00797 0.992606 0.978369 0.96283 0.951193 0.939794 0.939876 0.918771 0.898839 0.899508 0.88361 0.871994 0.876799 0.866593 0.852984 0.871104 0.834485 0.836301 0.810683 0.845056 0.838283 0.842035 0.823482 0.830525 0.841843 0.785651 0.854673 0.820634 0.81779 0.856176 0.816779 0.824441 0.79762 0.797832 0.863009 0.817116 0.805503 0.846456 0.866081 0.848112 0.907861 0.947265 0.896992 0.92241 0.898336 0.955245 0.988394 0.962306 0.901529 0.94886 0.933809 
2.48641 2.48287 2.37859 2.32583 2.31749 2.23658 2.26255 2.19203 2.14357 2.11238 2.07981 2.00577 2.03758 1.97842 1.92057 1.95461 1.88829 1.85356 1.77464 1.76101 1.75368 1.72919 1.66128 1.64397 1.58273 1.57905 1.49671 1.50733 1.50706 1.46296 1.42328 1.40006 1.36604 1.32857 1.3175 1.29776 1.27188 1.24146 1.22516 1.19487 1.168 1.15894 1.1299 1.12057 1.09643 1.07786 1.05443 1.0395 1.02264 1.00739 0.992202 0.978869 0.968159 0.955605 0.942364 0.9299 0.922527 0.901998 0.894254 0.888491 0.865856 0.874726 0.867882 0.855167 0.860898 0.820404 0.833287 0.845355 0.844263 0.839349 0.844902 0.834955 0.819163 0.84155 0.848847 0.852855 0.848122 0.822519 0.833329 0.85001 0.856829 0.869696 0.891694 0.851897 0.863869 0.927538 0.893853 0.852449 0.896979 0.861424 0.931505 0.892384 0.881494 0.890749 0.936651 0.933173 0.976154 0.937594 0.970054 1.02764 
2.46659 2.36559 2.416 2.32152 2.32979 2.24157 2.21108 2.19453 2.18121 2.11045 2.04086 2.07731 1.98573 1.94824 1.95776 1.87367 1.85323 1.80029 1.79741 1.74465 1.70002 1.72211 1.67247 1.63232 1.5807 1.53926 1.51342 1.52684 1.45374 1.44795 1.41592 1.38288 1.37136 1.32002 1.30315 1.27413 1.24174 1.22617 1.20781 1.20419 1.15581 1.147 1.13587 1.10193 1.09398 1.071 1.0561 1.03775 1.02193 1.00788 0.992744 0.977827 0.96264 0.951895 0.947257 0.923615 0.919437 0.905795 0.904134 0.905865 0.87891 0.875522 0.885374 0.860793 0.879339 0.848229 0.850841 0.838706 0.870757 0.850155 0.848862 0.8375 0.815896 0.829044 0.836822 0.838296 0.838851 0.83041 0.823484 0.855089 0.852141 0.878465 0.884762 0.891546 0.815858 0.917 0.846971 0.863067 0.916294 0.875366 0.911074 0.875315 0.91343 0.934564 0.946873 0.962696 0.996831 0.98373 1.05589 1.02994 
2.41847 2.43294 2.2496 2.28866 2.28088 2.22911 2.22832 2.18761 2.18366 2.0649 2.03389 2.01232 1.96368 1.94896 1.93083 1.90447 1.80664 1.85352 1.78193 1.71905 1.75083 1.68425 1.64538 1.61121 1.59481 1.55829 1.49774 1.51981 1.49376 1.44469 1.40961 1.3844 1.36919 1.31163 1.32198 1.29111 1.26576 1.24472 1.20116 1.19283 1.17065 1.14936 1.13698 1.10884 1.0887 1.07076 1.06032 1.03594 1.024 1.0073 0.992855 0.980379 0.966331 0.954061 0.943148 0.932662 0.918834 0.910614 0.899463 0.902083 0.87962 0.878954 0.876704 0.869697 0.874562 0.867999 0.845695 0.870877 0.856439 0.869288 0.85247 0.806712 0.857456 0.863547 0.855431 0.8385 0.838939 0.798545 0.871745 0.875572 0.835157 0.868331 0.926769 0.839693 0.861371 0.867285 0.879842 0.940749 0.912433 1.00479 0.92131 0.98571 0.953379 0.914446 1.03254 0.922102 0.924939 0.99797 1.02903 0.979482 
2.44321 2.36431 2.39047 2.31064 2.27245 2.28541 2.21846 2.1596 2.15401 2.10052 2.02866 1.99834 1.98123 1.97128 1.89933 1.87252 1.8091 1.81423 1.77794 1.72807 1.7656 1.69766 1.67256 1.61152 1.58199 1.51226 1.53086 1.49513 1.47148 1.43727 1.40182 1.38673 1.35852 1.32652 1.30423 1.28512 1.25481 1.22514 1.20845 1.19985 1.17112 1.14503 1.1218 1.10471 1.0852 1.07119 1.05404 1.03826 1.02085 1.00734 0.99259 0.980147 0.967681 0.956474 0.942209 0.928353 0.926996 0.907417 0.900667 0.89564 0.886155 0.876931 0.8771 0.872793 0.860318 0.846155 0.865905 0.875195 0.854844 0.87857 0.840023 0.837701 0.843879 0.86581 0.891585 0.853865 0.850644 0.87506 0.864139 0.889943 0.857667 0.906802 0.8765 0.958278 0.938579 0.926101 0.902782 0.872982 0.962719 0.987831 0.946281 1.0554 0.99944 1.01959 1.05589 0.965132 0.997098 1.05895 1.00091 0.944106 
2.42168 2.36285 2.29698 2.31598 2.27377 2.25514 2.18464 2.17818 2.08615 2.11357 2.04211 1.99713 1.93618 1.98022 1.91565 1.83322 1.82523 1.81123 1.74863 1.71116 1.69571 1.66067 1.65655 1.62019 1.5887 1.5682 1.52788 1.51758 1.45306 1.44012 1.42485 1.39147 1.35093 1.30969 1.30649 1.26254 1.25044 1.23391 1.21349 1.19037 1.16284 1.14527 1.12853 1.1076 1.09249 1.06888 1.05644 1.03634 1.02028 1.0065 0.993883 0.979511 0.97162 0.954308 0.939619 0.929164 0.92675 0.918122 0.901161 0.903796 0.890181 0.901988 0.885525 0.864203 0.87303 0.88634 0.854482 0.866444 0.85442 0.832336 0.874256 0.890367 0.859371 0.851134 0.882963 0.838499 0.860543 0.846827 0.866872 0.839936 0.91188 0.880551 0.859412 0.881622 0.942936 0.873479 0.951735 0.910994 0.958804 0.973809 0.950392 0.927708 0.983899 0.919249 1.01368 0.956911 1.00796 1.04149 1.02589 1.0586 
2.36203 2.42038 2.32548 2.30338 2.30723 2.20552 2.22043 2.16682 2.07673 2.09268 2.0246 2.01019 1.94614 1.97752 1.90362 1.82846 1.81862 1.76505 1.77523 1.7263 1.66225 1.64514 1.58546 1.59409 1.5835 1.51958 1.54041 1.47697 1.48548 1.43784 1.4102 1.39237 1.35065 1.32029 1.29831 1.27385 1.24215 1.22671 1.21243 1.16967 1.16214 1.14289 1.12127 1.10767 1.08689 1.07518 1.05361 1.03272 1.02023 1.00689 0.993513 0.980379 0.966489 0.955051 0.945901 0.934188 0.929324 0.930391 0.920572 0.899474 0.894697 0.89557 0.902621 0.900436 0.893752 0.865214 0.876921 0.863506 0.876182 0.852562 0.845701 0.856742 0.863842 0.858329 0.888292 0.87469 0.848743 0.8815 0.82289 0.855243 0.907842 0.893401 0.923338 0.932101 0.899609 0.917895 0.926725 0.985214 0.951671 0.931979 0.964228 1.04437 1.02371 1.00911 1.04664 1.04497 1.00106 0.972429 1.01993 0.998206 
2.38285 2.38607 2.3398 2.23722 2.22665 2.16057 2.17752 2.13504 2.10441 2.0488 2.04642 2.02667 1.95807 1.93758 1.8905 1.87137 1.89935 1.76195 1.7082 1.69393 1.70083 1.64825 1.60153 1.53834 1.56234 1.51377 1.55378 1.48197 1.47387 1.42022 1.36668 1.38377 1.35674 1.3079 1.28699 1.24815 1.23934 1.24189 1.21973 1.1763 1.16958 1.12797 1.1244 1.10438 1.08567 1.06893 1.05233 1.03419 1.02166 1.00676 0.993131 0.978791 0.967504 0.953278 0.944994 0.922106 0.930097 0.921995 0.90637 0.900933 0.897651 0.892867 0.890506 0.883501 0.873364 0.905838 0.884972 0.857522 0.86938 0.864854 0.873548 0.84636 0.858772 0.849171 0.870154 0.876806 0.864326 0.846166 0.896421 0.91014 0.907005 0.906254 0.923716 0.928445 0.910387 0.927459 0.916213 0.982735 0.952031 0.959429 0.956303 0.959481 0.980432 0.997751 1.11449 1.06427 1.04924 1.12869 1.11591 1.02809 
2.39677 2.34953 2.34946 2.25908 2.33439 2.18994 2.19181 2.08423 2.10722 2.09405 2.02317 1.9665 1.93387 1.89093 1.82957 1.88372 1.78752 1.76055 1.73783 1.68626 1.64445 1.62912 1.59116 1.5944 1.55116 1.54943 1.53262 1.4841 1.45008 1.38793 1.35999 1.35124 1.34723 1.30648 1.29736 1.27648 1.24803 1.21723 1.20799 1.17453 1.16962 1.12898 1.13136 1.10129 1.08028 1.06441 1.04897 1.03489 1.02121 1.00695 0.993147 0.981195 0.967633 0.96185 0.949979 0.943863 0.938806 0.926425 0.920652 0.916638 0.907927 0.891574 0.911942 0.876121 0.886875 0.863148 0.878491 0.863355 0.884407 0.875682 0.872127 0.87585 0.892107 0.896945 0.855424 0.865078 0.857801 0.885806 0.928724 0.870645 0.873368 0.916881 0.892032 0.923006 0.939581 0.958037 0.917706 0.944406 0.979197 0.97645 0.99331 0.991023 1.08677 0.974663 1.00775 1.01998 1.03846 1.09926 1.09884 1.01743 
2.33279 2.32004 2.26346 2.25323 2.20842 2.204 2.20696 2.04602 2.06196 2.04079 1.95036 1.95 1.96078 1.8494 1.89221 1.83634 1.76744 1.79316 1.73363 1.72809 1.6668 1.59754 1.58898 1.58282 1.52952 1.51156 1.48631 1.45418 1.42508 1.41892 1.36769 1.36129 1.33968 1.33491 1.28851 1.26733 1.23355 1.20283 1.19244 1.18252 1.15783 1.12437 1.10824 1.10059 1.07668 1.06522 1.04732 1.03128 1.01908 1.00715 0.993655 0.981474 0.967683 0.952622 0.957371 0.932427 0.930502 0.925868 0.902328 0.906667 0.920247 0.90028 0.880644 0.880174 0.884853 0.88442 0.873306 0.883003 0.881388 0.887163 0.895099 0.88194 0.857889 0.907615 0.881599 0.893492 0.900747 0.893235 0.92894 0.911544 0.902744 0.91561 0.956159 0.951371 0.904225 0.98909 0.911981 1.01173 0.981257 0.971691 1.0615 0.992052 0.965812 1.0775 1.03439 1.06355 1.05654 1.06859 1.09947 1.08669 
2.36261 2.3106 2.26899 2.24596 2.22878 2.19263 2.23825 2.02503 2.08747 2.02046 2.00808 1.98589 1.93809 1.90274 1.85437 1.85933 1.77415 1.70254 1.71546 1.69015 1.6502 1.62691 1.5726 1.63528 1.56711 1.51378 1.49077 1.45666 1.43336 1.41118 1.36709 1.35451 1.317 1.28083 1.28498 1.25537 1.23354 1.21119 1.17934 1.16831 1.14894 1.13331 1.12416 1.09838 1.08723 1.06108 1.05047 1.03148 1.0174 1.00607 0.993984 0.980451 0.968856 0.96608 0.95159 0.945046 0.928487 0.927571 0.908939 0.902186 0.894531 0.891409 0.900741 0.913706 0.892741 0.892966 0.868613 0.887126 0.89226 0.886765 0.916529 0.897571 0.842658 0.890456 0.918238 0.899152 0.893051 0.898482 0.927537 0.876413 0.972807 0.935775 1.00224 0.978406 0.999444 0.946604 1.00931 1.0032 1.00636 0.984952 1.03713 1.03761 1.06494 0.999981 1.07669 1.01971 1.10147 1.1415 1.16684 1.23518 
2.31477 2.23562 2.26605 2.2382 2.2001 2.15981 2.09216 2.08721 2.03758 2.02148 2.02225 1.93931 1.90912 1.88252 1.86083 1.82784 1.80708 1.78316 1.68702 1.67068 1.66168 1.62123 1.57096 1.5333 1.53301 1.525 1.5011 1.43147 1.42781 1.39544 1.37353 1.33851 1.31494 1.29273 1.2793 1.23821 1.21644 1.20064 1.16829 1.15148 1.15493 1.12943 1.10424 1.09427 1.07543 1.06105 1.04495 1.03769 1.02051 1.0062 0.993392 0.984205 0.971134 0.963087 0.949286 0.945838 0.932215 0.923429 0.920159 0.910085 0.914281 0.915007 0.89541 0.881838 0.923403 0.888607 0.905208 0.884991 0.90414 0.889261 0.887765 0.89698 0.891298 0.857597 0.947126 0.93312 0.891275 0.96744 0.917576 0.935922 0.9721 0.904483 0.984264 0.948744 0.975485 0.90237 0.941559 1.02903 1.04522 1.00385 1.00822 0.985849 1.03108 0.991277 1.06893 1.07257 1.10306 1.14519 1.1108 1.13965 
2.33265 2.33115 2.24074 2.26319 2.20337 2.15506 2.11411 2.11109 2.03174 1.99104 1.95794 1.93703 1.84862 1.88201 1.79872 1.78855 1.75319 1.75697 1.69747 1.68929 1.5957 1.60331 1.59987 1.55002 1.52139 1.49988 1.46137 1.42755 1.41211 1.40196 1.38503 1.36277 1.31332 1.27364 1.29946 1.26078 1.21674 1.19753 1.19812 1.16279 1.14672 1.11128 1.11367 1.095 1.08785 1.06353 1.04573 1.03148 1.01818 1.00547 0.993892 0.981962 0.974614 0.958594 0.953485 0.945685 0.946123 0.934453 0.925278 0.916984 0.93163 0.908787 0.910083 0.896944 0.891869 0.902788 0.893145 0.913558 0.891839 0.877814 0.889983 0.908069 0.889176 0.909385 0.923656 0.926245 0.938429 0.899143 0.890976 0.9309 0.991374 0.961617 0.927284 0.946932 0.978602 1.01128 0.9659 1.01088 1.07174 1.04666 1.07435 1.10173 1.0027 1.08034 1.12887 1.12074 1.1656 1.05744 1.10213 1.10697 
2.34252 2.30591 2.21927 2.18106 2.17451 2.10891 2.0717 2.06373 2.06572 1.96655 1.92477 1.91984 1.8408 1.89108 1.84533 1.80622 1.74349 1.70713 1.71895 1.66915 1.63584 1.61223 1.62272 1.52421 1.53153 1.45666 1.46182 1.46272 1.3948 1.38565 1.35856 1.34492 1.3009 1.28032 1.26832 1.2488 1.23439 1.2274 1.17636 1.15377 1.13297 1.13154 1.10201 1.08745 1.07615 1.05946 1.04408 1.02952 1.01812 1.00548 0.993764 0.985733 0.969452 0.961401 0.951213 0.945084 0.94468 0.929433 0.921434 0.914918 0.918238 0.915039 0.910281 0.900049 0.905484 0.91352 0.925597 0.879636 0.896459 0.917467 0.903374 0.911771 0.941537 0.900107 0.962047 0.927756 0.940218 0.915348 0.959393 0.942464 0.974705 0.910844 0.961113 0.997927 1.00431 0.953523 0.97726 1.00985 1.08009 1.02672 1.0857 1.10299 1.06434 1.13406 1.12648 1.10288 1.09049 1.1187 1.19237 1.17123 
2.34002 2.29409 2.21144 2.16425 2.15894 2.12642 2.03323 2.09895 2.03126 1.96381 1.98611 1.90029 1.91323 1.86901 1.86708 1.7862 1.73103 1.72469 1.65008 1.62185 1.64102 1.61715 1.58119 1.55417 1.48531 1.43551 1.45022 1.42505 1.39378 1.36682 1.35203 1.31907 1.30655 1.27892 1.25873 1.23421 1.22109 1.21052 1.17313 1.16046 1.15399 1.12339 1.09424 1.08615 1.07806 1.05817 1.04867 1.03372 1.01854 1.00603 0.994209 0.984258 0.973001 0.962269 0.960877 0.951036 0.941134 0.932754 0.92959 0.941647 0.929563 0.906665 0.89873 0.920954 0.912179 0.910139 0.911964 0.896721 0.918677 0.899504 0.910735 0.857016 0.931997 0.943982 0.923664 0.927054 0.915068 0.948393 0.943111 0.908831 0.960474 0.948995 0.984971 1.01707 1.01132 0.930525 0.947683 1.00252 1.06928 1.12301 1.09465 1.06521 1.06434 1.11434 1.19171 1.1468 1.10915 1.14595 1.14348 1.17593 
2.30833 2.26085 2.16348 2.14469 2.23383 2.10397 2.08164 1.99925 1.99692 2.019 1.97107 1.92159 1.87128 1.84621 1.79813 1.78046 1.78385 1.70211 1.69786 1.69593 1.63702 1.60643 1.57857 1.52426 1.51784 1.48031 1.43735 1.42826 1.40333 1.35434 1.35454 1.34923 1.31728 1.26603 1.2603 1.23307 1.19944 1.19709 1.14851 1.15959 1.12845 1.11201 1.10042 1.08919 1.07003 1.05491 1.04465 1.03446 1.01705 1.0058 0.99514 0.981546 0.972515 0.974051 0.960815 0.941387 0.942261 0.944454 0.928341 0.921476 0.945414 0.932651 0.938209 0.913796 0.916188 0.917507 0.88157 0.912929 0.928462 0.89555 0.914521 0.950122 0.897046 0.923855 0.924829 0.942111 0.963478 0.974234 0.933481 0.972142 0.976232 0.971655 0.997557 1.01731 1.00187 1.0059 0.998952 1.06031 1.02293 1.1067 1.03751 1.02817 1.11961 1.11185 1.10541 1.10982 1.26279 1.16805 1.12725 1.22117 
2.30925 2.33493 2.23529 2.16327 2.16293 2.05948 2.08902 2.01677 2.0102 1.95919 1.98728 1.93946 1.78584 1.76077 1.78924 1.77316 1.76145 1.72478 1.67622 1.67123 1.63915 1.63003 1.56655 1.51385 1.45565 1.47258 1.46173 1.44964 1.40188 1.37097 1.37134 1.32105 1.31351 1.24294 1.25276 1.22071 1.21533 1.17436 1.15776 1.14253 1.13212 1.10836 1.10399 1.08134 1.07572 1.05113 1.04647 1.0312 1.01819 1.00531 0.994719 0.983407 0.980192 0.966317 0.958838 0.957807 0.944109 0.93978 0.945623 0.932939 0.926879 0.917111 0.926512 0.9391 0.917937 0.962218 0.929958 0.913239 0.883698 0.92688 0.880523 0.887256 0.93288 0.943888 0.912129 0.944644 0.927483 0.971487 0.989705 0.980716 0.95679 1.00758 0.996188 0.969717 1.015 1.02962 1.04254 1.0568 1.0931 1.07115 1.09469 1.14089 1.1638 1.1227 1.14702 1.1064 1.13766 1.16004 1.22847 1.17915 
2.22711 2.1999 2.23898 2.19607 2.17045 2.17645 2.05691 2.01521 2.04069 1.97255 1.90177 1.85188 1.9235 1.80729 1.77267 1.77995 1.70511 1.67223 1.68381 1.64652 1.60803 1.60286 1.55108 1.53789 1.50094 1.45866 1.40579 1.38294 1.37662 1.37986 1.33835 1.29707 1.30762 1.28003 1.22741 1.22234 1.20841 1.19226 1.16271 1.14542 1.12785 1.10939 1.10758 1.0854 1.05966 1.05148 1.04028 1.03171 1.0193 1.00554 0.994693 0.982569 0.978501 0.966858 0.959806 0.955082 0.945096 0.947169 0.943341 0.937732 0.931419 0.924126 0.916922 0.943301 0.910951 0.91037 0.930328 0.888313 0.907 0.930028 0.939351 0.916929 0.940935 0.944162 0.95129 0.936153 0.977586 0.914251 0.938022 0.952595 0.99705 0.986824 1.01482 1.0241 1.05145 0.974439 1.07806 1.04292 1.06459 1.17592 1.05983 1.16505 1.13084 1.04765 1.11987 1.11452 1.17569 1.17202 1.18922 1.21567 
2.28366 2.21105 2.20662 2.1695 2.11956 2.07938 1.99229 2.03746 1.99531 1.91458 1.8852 1.90395 1.85404 1.78266 1.76592 1.75227 1.7278 1.63876 1.66063 1.65364 1.65157 1.5401 1.55152 1.51606 1.49261 1.45514 1.45097 1.42898 1.37765 1.37554 1.31257 1.31664 1.26753 1.25568 1.21488 1.23908 1.1983 1.17923 1.18104 1.15051 1.1264 1.12572 1.0972 1.07575 1.06206 1.0516 1.04234 1.03139 1.01851 1.00441 0.994792 0.988565 0.97539 0.967685 0.954526 0.961746 0.954721 0.944059 0.935697 0.92579 0.945963 0.919085 0.924873 0.916992 0.918028 0.919236 0.940839 0.939283 0.932457 0.926626 0.935776 0.94958 0.945724 0.964129 1.02447 0.960509 0.971577 0.947084 0.985852 0.943867 0.954947 1.00776 1.02158 1.04992 1.01053 1.03518 1.0933 1.14586 1.09466 1.02768 1.13757 1.11895 1.20327 1.15746 1.1606 1.2473 1.20657 1.22041 1.17531 1.24325 
2.24339 2.25523 2.09468 2.13566 2.10908 2.07707 2.04307 1.96806 2.0162 1.95469 1.934 1.86187 1.81353 1.80187 1.76396 1.7555 1.74561 1.73435 1.66088 1.66504 1.62953 1.5905 1.5202 1.484 1.44218 1.47682 1.46359 1.42079 1.41211 1.35369 1.35837 1.29452 1.27538 1.25751 1.22949 1.21998 1.18589 1.19668 1.16802 1.16441 1.11619 1.11159 1.09734 1.07762 1.06505 1.05994 1.04192 1.02649 1.01691 1.00535 0.995207 0.986067 0.97712 0.970629 0.961866 0.962269 0.948062 0.93879 0.93453 0.942415 0.939002 0.924292 0.915853 0.935204 0.924414 0.94809 0.910655 0.919157 0.927288 0.930696 0.930069 0.926812 0.949988 0.938598 0.907188 0.988208 0.957801 0.994909 1.0135 1.01102 0.989402 0.983148 1.08705 1.04683 1.01086 1.05633 1.08991 1.01531 1.15635 1.10961 1.17204 1.16025 1.13545 1.14592 1.21964 1.21474 1.14182 1.25012 1.15607 1.26433 
2.20835 2.17694 2.12687 2.19037 2.16593 2.07715 1.98344 1.97278 1.95062 1.94163 1.86116 1.86546 1.8639 1.81132 1.74571 1.72997 1.70988 1.65387 1.62736 1.65178 1.54444 1.5242 1.50549 1.53626 1.44362 1.45946 1.44505 1.41295 1.34157 1.35954 1.34115 1.30851 1.29502 1.29279 1.22427 1.20222 1.19859 1.17185 1.16689 1.13574 1.1289 1.10955 1.09152 1.08161 1.07121 1.05667 1.03767 1.02508 1.01633 1.00458 0.99526 0.985418 0.976455 0.971648 0.964161 0.957135 0.948371 0.948234 0.954928 0.945322 0.919081 0.943115 0.926166 0.929545 0.926891 0.914012 0.929517 0.920737 0.962729 0.942094 0.929743 0.947509 0.987306 0.961074 0.937527 0.953837 0.982317 0.972264 1.04471 0.999204 1.02814 1.03992 1.04947 1.08708 1.07808 1.09527 1.07681 1.08585 1.12174 1.18809 1.07401 1.18573 1.1899 1.24818 1.20616 1.19697 1.23501 1.24656 1.22854 1.2722 
2.24912 2.12743 2.21425 2.0887 2.08485 2.10891 2.03993 1.98269 1.96671 1.91017 1.87831 1.82446 1.86307 1.80185 1.76535 1.68746 1.68294 1.66927 1.65932 1.61674 1.56804 1.55749 1.50728 1.50849 1.49504 1.43119 1.40912 1.39015 1.38081 1.35662 1.31877 1.30805 1.25556 1.25771 1.22908 1.22906 1.20868 1.17784 1.13376 1.14292 1.12269 1.12037 1.09695 1.0876 1.06958 1.04919 1.03876 1.02526 1.01503 1.00449 0.995346 0.987471 0.981435 0.976252 0.967128 0.958384 0.947706 0.946623 0.944275 0.941853 0.937395 0.941771 0.95689 0.921522 0.926067 0.93349 0.940316 0.940663 0.945258 0.946975 0.975092 0.92222 0.966327 0.984715 0.991609 1.00216 0.99064 1.00585 1.01845 1.04434 0.995504 1.02697 1.04209 1.0974 1.06549 1.06382 1.12428 1.10766 1.14853 1.22796 1.16879 1.18808 1.20661 1.24499 1.19037 1.22241 1.16424 1.24183 1.20531 1.35194 
2.22547 2.12168 2.1624 2.09719 2.14136 2.0272 2.0033 1.98999 1.88755 1.94485 1.89569 1.7917 1.82567 1.80058 1.70454 1.69499 1.7291 1.61483 1.63887 1.6149 1.60484 1.54426 1.54513 1.50437 1.46536 1.42934 1.39122 1.41295 1.36195 1.3677 1.30071 1.28378 1.27535 1.24901 1.21103 1.22556 1.19245 1.17926 1.16233 1.13925 1.11939 1.10776 1.09269 1.07783 1.06572 1.04787 1.03441 1.02467 1.01466 1.00424 0.99602 0.985418 0.980897 0.96922 0.96202 0.957309 0.953718 0.94507 0.955872 0.934105 0.958737 0.943296 0.918781 0.93354 0.957636 0.936156 0.946133 0.984295 0.962179 0.954036 0.988042 0.979138 0.948484 0.943156 0.946928 1.00337 0.994009 1.0133 0.991534 1.03053 1.00241 1.00881 1.00492 1.08549 1.07291 1.08602 1.12668 1.09387 1.08967 1.1528 1.1344 1.17472 1.15152 1.25205 1.17557 1.19317 1.30597 1.366 1.28044 1.32186 
2.16725 2.20778 2.14535 2.09111 2.07433 2.05506 2.03814 1.94987 1.98987 1.86628 1.84795 1.82437 1.85763 1.83197 1.6838 1.71548 1.70564 1.62214 1.63453 1.59905 1.58471 1.5229 1.50285 1.45611 1.42325 1.43039 1.42352 1.37616 1.33577 1.32759 1.33222 1.31129 1.25434 1.22912 1.23201 1.20684 1.18168 1.16455 1.14957 1.15977 1.11259 1.09834 1.08019 1.07692 1.05918 1.04801 1.03342 1.02201 1.01423 1.00471 0.995559 0.987815 0.979515 0.966555 0.9636 0.973821 0.954586 0.957176 0.936236 0.951813 0.982342 0.921473 0.935929 0.938746 0.946824 0.941472 0.952179 0.943365 0.952903 0.968818 0.945619 0.943217 0.990779 0.956701 1.00781 0.992964 1.00588 0.991523 1.01371 1.04153 1.03818 1.09624 1.06889 1.07914 1.1605 1.10944 1.13241 1.13818 1.16159 1.13564 1.11307 1.18965 1.24439 1.26169 1.2185 1.35952 1.27 1.26949 1.28268 1.28099 
2.20107 2.16047 2.13297 2.12869 2.04657 2.03239 1.97842 1.95343 1.9137 1.94823 1.87245 1.7923 1.78067 1.75357 1.74905 1.70005 1.6729 1.67575 1.62594 1.60758 1.58184 1.50354 1.50034 1.51545 1.47567 1.383 1.40087 1.39657 1.38388 1.34105 1.30633 1.27378 1.24713 1.21245 1.21189 1.21321 1.2134 1.17807 1.14515 1.13879 1.1099 1.09071 1.07966 1.06703 1.0598 1.04876 1.03351 1.02771 1.01364 1.00415 0.995213 0.987798 0.982729 0.976454 0.971623 0.956322 0.960464 0.948835 0.954649 0.951211 0.952713 0.952964 0.958501 0.941431 0.930935 0.947153 0.953967 0.939594 0.99703 0.953108 0.972816 0.986201 0.996451 0.964303 0.990354 0.974864 1.006 1.04733 1.06316 1.04047 1.04125 1.06267 1.08006 1.12348 1.13201 1.12624 1.14002 1.15549 1.21454 1.20696 1.14365 1.17643 1.15696 1.21667 1.18139 1.31062 1.3107 1.37552 1.29478 1.28755 
2.11655 2.23506 2.10572 2.04742 2.01141 1.98638 1.98991 1.96757 1.86976 1.88495 1.83842 1.80597 1.76066 1.69677 1.76423 1.69414 1.69916 1.6494 1.61917 1.5901 1.60209 1.51764 1.48485 1.44196 1.47211 1.39065 1.37683 1.35088 1.35922 1.34725 1.30291 1.29885 1.25823 1.24082 1.23325 1.18864 1.17255 1.1733 1.14102 1.14151 1.10898 1.10015 1.09145 1.07556 1.06406 1.0413 1.03722 1.02241 1.01426 1.00418 0.996336 0.989719 0.981623 0.973718 0.967415 0.962382 0.956018 0.959507 0.952144 0.952229 0.95623 0.952052 0.958228 0.943235 0.965064 0.950963 0.954267 0.972169 0.96084 0.979095 0.990996 1.00947 0.997145 0.998546 1.00275 1.03381 1.02853 0.984081 1.0294 1.05509 1.08655 1.05145 1.07114 1.0745 1.11945 1.13452 1.15501 1.17859 1.12657 1.17692 1.21072 1.18925 1.17166 1.30394 1.22571 1.27263 1.27683 1.26318 1.33011 1.35123 
2.18148 2.07877 2.15519 2.0649 2.07 2.00422 2.00746 1.89884 1.95286 1.86684 1.80257 1.75618 1.78104 1.72366 1.68333 1.71505 1.63533 1.6551 1.57456 1.61203 1.53714 1.55049 1.49005 1.47193 1.49377 1.43583 1.37498 1.37091 1.33875 1.34594 1.297 1.26286 1.27029 1.23526 1.21926 1.20337 1.17191 1.1464 1.15174 1.12922 1.11513 1.08619 1.0702 1.07809 1.0499 1.04869 1.02854 1.01991 1.0141 1.00401 0.996255 0.990392 0.98425 0.977862 0.967007 0.97429 0.963025 0.959377 0.949081 0.944124 0.963146 0.963578 0.953474 0.938886 0.933729 0.95964 0.982184 0.952875 0.980951 0.996488 0.94145 1.00161 0.995211 0.965233 1.0297 1.01136 1.02589 1.04975 1.08164 1.15878 1.06066 1.08261 1.10273 1.16496 1.07189 1.10959 1.12586 1.17893 1.24187 1.14379 1.2016 1.29722 1.32244 1.26925 1.31482 1.27257 1.28937 1.33102 1.30423 1.35594 
2.14256 2.16098 2.16009 2.01753 2.03321 1.98521 2.01788 1.93744 1.93254 1.94797 1.8244 1.81261 1.81374 1.73986 1.69805 1.68217 1.63263 1.6542 1.54869 1.58713 1.55783 1.46794 1.47462 1.42655 1.41365 1.41149 1.41944 1.37617 1.36034 1.28463 1.28774 1.25544 1.24938 1.20491 1.21728 1.18102 1.18626 1.13356 1.12022 1.11945 1.12376 1.09592 1.07612 1.06768 1.04963 1.04336 1.03375 1.02351 1.01466 1.00427 0.995779 0.99057 0.98088 0.980407 0.975753 0.962844 0.964385 0.965343 0.952153 0.949399 0.96248 0.969696 0.941356 0.944331 0.962092 0.967568 0.960181 0.973482 0.976129 0.998317 0.981153 1.01267 0.98216 1.02498 1.01265 1.05564 1.0301 1.05236 1.06764 1.0507 1.04283 1.03897 1.12249 1.18927 1.17244 1.1235 1.11154 1.20115 1.13279 1.1404 1.18228 1.23936 1.23667 1.24454 1.30936 1.35852 1.39024 1.35478 1.31101 1.40183 
2.20155 2.12149 2.09824 2.0978 1.99902 1.89884 2.00628 1.89096 1.92707 1.81551 1.79939 1.87142 1.79453 1.76868 1.71554 1.65865 1.66315 1.61493 1.53321 1.55441 1.53311 1.53176 1.47666 1.44274 1.4361 1.44173 1.38269 1.34918 1.32339 1.29442 1.29988 1.25545 1.25572 1.24071 1.22007 1.21648 1.18694 1.15162 1.15542 1.12549 1.11342 1.07893 1.07556 1.0616 1.05313 1.03943 1.03212 1.02091 1.01518 1.00373 0.996121 0.991034 0.981573 0.980649 0.967617 0.967107 0.969489 0.962974 0.949942 0.96184 0.955505 0.975468 0.951689 0.965845 0.970549 0.971263 0.947621 0.969404 0.994311 0.976434 0.984227 0.990816 1.00751 0.993893 0.994624 1.01004 1.00432 1.08476 1.05808 1.06884 1.07554 1.11336 1.0826 1.11684 1.14895 1.22471 1.13679 1.13546 1.2104 1.16919 1.18978 1.16923 1.19174 1.23371 1.30487 1.2667 1.2721 1.28837 1.39188 1.33486 
2.20578 2.09517 2.07338 2.03628 2.04513 2.02132 1.96444 1.88788 1.91654 1.85374 1.81909 1.84271 1.74612 1.71828 1.69251 1.72884 1.65228 1.63763 1.59075 1.52597 1.57169 1.50934 1.45082 1.47227 1.41401 1.38527 1.40497 1.38588 1.35001 1.32661 1.28673 1.2448 1.22916 1.22092 1.20781 1.15985 1.18669 1.1595 1.137 1.12011 1.10553 1.09902 1.08043 1.05657 1.05472 1.04444 1.03006 1.02421 1.00997 1.00447 0.996259 0.990219 0.982749 0.975263 0.979699 0.959021 0.960567 0.971954 0.963183 0.965104 0.957184 0.961074 0.948815 0.950713 0.990581 0.977336 0.968533 0.969478 0.96634 0.992728 0.983605 1.01583 1.03591 1.03204 0.997718 1.01813 1.0279 1.04208 1.07448 1.10232 1.12404 1.08252 1.11939 1.16877 1.1712 1.11917 1.19751 1.16323 1.19043 1.17441 1.21556 1.23009 1.2621 1.27482 1.27129 1.33606 1.39245 1.34669 1.45749 1.31665 
2.06291 2.08256 2.07589 2.02989 2.00279 1.9708 2.00432 1.88374 1.80698 1.77008 1.81675 1.75688 1.74462 1.74565 1.68436 1.69529 1.61428 1.63369 1.58883 1.57119 1.5381 1.48989 1.46842 1.44572 1.40093 1.42117 1.38361 1.34705 1.33363 1.31812 1.27004 1.28198 1.24946 1.21358 1.2136 1.17663 1.16636 1.15244 1.13797 1.11852 1.10297 1.09144 1.07566 1.06392 1.06214 1.04163 1.02725 1.01804 1.01373 1.00381 0.996043 0.992337 0.985074 0.979872 0.970982 0.97753 0.96506 0.959545 0.944419 0.959716 0.972962 0.963628 0.956621 0.972616 0.965858 0.981477 0.953112 1.0074 0.98608 1.01144 1.01293 0.975727 1.04528 1.01506 1.08147 1.02612 1.07043 1.06319 1.06911 1.07651 1.08862 1.08947 1.05594 1.13137 1.15869 1.18698 1.14755 1.21165 1.19323 1.14825 1.20914 1.16746 1.29899 1.28751 1.3024 1.29656 1.30958 1.40516 1.43686 1.38696 
2.12539 2.0677 1.99951 1.97884 2.01201 1.97169 1.86566 1.89847 1.87983 1.85901 1.83598 1.71625 1.81428 1.73005 1.68312 1.67301 1.6293 1.57672 1.58693 1.54217 1.54816 1.47294 1.47193 1.39329 1.42074 1.39645 1.36301 1.35373 1.32554 1.3328 1.30049 1.27706 1.24534 1.21684 1.17782 1.19521 1.16165 1.13107 1.12701 1.10608 1.10129 1.08545 1.07361 1.06417 1.04741 1.03887 1.02939 1.02124 1.01144 1.00343 0.996435 0.990034 0.984488 0.972921 0.976333 0.974516 0.958135 0.971552 0.965563 0.96062 0.95401 0.972946 0.965566 0.976075 0.957527 0.970983 0.973239 0.991743 0.996159 1.00151 0.979762 0.989544 1.03258 1.0286 1.06596 1.04574 1.08505 1.08629 1.10346 1.08406 1.08064 1.12317 1.13999 1.15444 1.14948 1.20074 1.21307 1.12813 1.25333 1.20371 1.25775 1.26243 1.2706 1.2955 1.29843 1.29854 1.33247 1.35231 1.40503 1.42913 
2.04905 2.08935 2.06434 2.01617 1.96079 1.94803 1.90208 1.94034 1.86769 1.84043 1.79843 1.83018 1.71378 1.68256 1.70514 1.67624 1.60053 1.54649 1.56832 1.49199 1.50633 1.4627 1.47444 1.42027 1.41115 1.40843 1.38158 1.30787 1.29585 1.3204 1.275 1.26038 1.24719 1.20686 1.21599 1.18461 1.15748 1.13846 1.14169 1.1132 1.10774 1.08906 1.07202 1.06596 1.05218 1.0361 1.02997 1.0181 1.01219 1.00398 0.996635 0.990338 0.984617 0.978478 0.977824 0.966718 0.972873 0.952941 0.955376 0.951916 0.967618 0.959348 0.959049 0.974386 0.973994 1.00363 1.00542 0.999433 1.01518 0.999548 1.01134 0.993861 1.02252 1.04401 1.05453 1.03896 1.08568 1.07378 1.07788 1.11498 1.10709 1.13429 1.08316 1.17435 1.15167 1.19318 1.11252 1.21275 1.20946 1.29082 1.21869 1.23224 1.23661 1.29412 1.29314 1.2942 1.39641 1.33192 1.41182 1.4419 
2.0687 2.10907 2.07577 2.0147 1.99732 2.00291 1.89558 1.81914 1.84407 1.8272 1.82746 1.77758 1.73767 1.65859 1.7078 1.64332 1.57773 1.60432 1.5722 1.50372 1.49774 1.52287 1.45725 1.44115 1.37066 1.39185 1.34603 1.33102 1.29166 1.30519 1.27553 1.27432 1.21984 1.22437 1.20109 1.17378 1.15281 1.14925 1.14402 1.11109 1.08903 1.07918 1.07735 1.05777 1.04578 1.03787 1.02557 1.01755 1.01094 1.00355 0.996755 0.991129 0.987968 0.98441 0.977629 0.974655 0.980328 0.965305 0.970728 0.96918 0.970018 0.968469 0.971857 0.979427 0.975417 0.963389 1.00111 0.958699 1.00564 0.991182 0.996465 1.00515 1.0092 1.0093 1.03999 1.02531 1.05789 1.11002 1.07783 1.08583 1.12687 1.13983 1.15098 1.2075 1.15886 1.19327 1.2043 1.18627 1.26795 1.25827 1.22036 1.22248 1.3673 1.36333 1.36048 1.37413 1.35684 1.46772 1.4172 1.42933 
2.04717 2.0465 2.01777 1.98214 1.95995 1.97729 1.81658 1.85196 1.80706 1.83473 1.77622 1.78008 1.7371 1.6423 1.68327 1.62665 1.61926 1.55832 1.49975 1.527 1.50826 1.49958 1.47294 1.4107 1.41409 1.37983 1.36097 1.3637 1.29619 1.29539 1.28425 1.2583 1.19996 1.19037 1.19035 1.1666 1.15004 1.14717 1.11717 1.10386 1.10832 1.08564 1.06989 1.06951 1.04252 1.04311 1.02995 1.0165 1.01233 1.00355 0.996481 0.992194 0.985652 0.980887 0.97878 0.974429 0.965742 0.962911 0.980348 0.962495 0.964273 0.978452 0.966455 0.981356 0.95584 1.00378 0.994656 0.980846 0.975704 0.993843 1.00809 1.0164 1.03119 1.02221 1.03834 1.07283 1.05116 1.05304 1.0887 1.09818 1.18676 1.11535 1.12822 1.12372 1.18976 1.18401 1.15684 1.27069 1.26182 1.24066 1.26704 1.23601 1.3603 1.36994 1.34788 1.32417 1.40122 1.42035 1.44609 1.43191 
2.07881 2.03679 2.08883 1.94961 1.99861 1.88738 1.90876 1.89799 1.77837 1.80999 1.77153 1.70503 1.71927 1.70021 1.67509 1.59954 1.58966 1.54706 1.56984 1.51473 1.50274 1.48042 1.46504 1.4436 1.39764 1.37289 1.36496 1.33592 1.30156 1.26692 1.26877 1.24826 1.24628 1.20969 1.18938 1.18113 1.16182 1.14259 1.12836 1.10621 1.08668 1.0816 1.06335 1.05307 1.05196 1.04396 1.02533 1.01924 1.00985 1.00249 0.997185 0.990968 0.98735 0.983814 0.976079 0.969818 0.974387 0.980402 0.984067 0.965556 0.976371 0.983311 0.986354 0.980688 1.00513 0.960942 0.979126 0.984017 1.02361 1.01842 1.0093 1.04368 1.04859 1.02145 1.00402 1.01682 1.07473 1.06055 1.10721 1.10494 1.08417 1.04818 1.10818 1.21781 1.13147 1.13444 1.25185 1.25757 1.26538 1.22001 1.26533 1.31727 1.36191 1.37872 1.32523 1.3836 1.42624 1.40782 1.44197 1.42434 
2.08021 2.08038 2.02706 1.9966 1.91229 1.86485 1.90257 1.89751 1.85386 1.78828 1.74976 1.73808 1.69373 1.69349 1.61588 1.65301 1.62968 1.54894 1.54673 1.48661 1.48998 1.50764 1.40773 1.38865 1.41839 1.39656 1.34121 1.33556 1.29405 1.26758 1.27335 1.25605 1.23131 1.18162 1.19923 1.15323 1.16385 1.14048 1.13261 1.10702 1.09139 1.08241 1.06862 1.06704 1.04962 1.02961 1.02584 1.01935 1.01059 1.00347 0.996987 0.992432 0.982242 0.979988 0.977842 0.988336 0.981879 0.970412 0.974509 0.98901 0.981054 0.983957 0.990464 1.00569 1.00343 0.989059 0.969274 0.98018 1.02769 1.0205 1.01101 1.06104 1.00759 1.05941 1.05258 1.08788 1.08832 1.11572 1.09811 1.12683 1.19025 1.1318 1.20468 1.14345 1.15302 1.20034 1.16927 1.23977 1.21576 1.25506 1.32594 1.28023 1.34737 1.35532 1.43381 1.34617 1.40087 1.42349 1.42762 1.41791 
2.07526 2.06796 1.9746 1.96147 1.95866 1.92821 1.91662 1.83638 1.84265 1.73724 1.75189 1.73625 1.76024 1.65975 1.67947 1.58463 1.57358 1.57122 1.5326 1.54037 1.48511 1.44404 1.44392 1.42692 1.37557 1.35821 1.35383 1.30323 1.30463 1.29898 1.25975 1.2364 1.20589 1.18617 1.19134 1.15455 1.14647 1.14852 1.13573 1.08651 1.08966 1.07409 1.05681 1.05421 1.04094 1.0371 1.02713 1.0205 1.00854 1.00326 0.997497 0.991444 0.985124 0.983829 0.985254 0.976218 0.984429 0.968307 0.975534 0.960624 0.991429 0.986047 0.974834 0.986701 0.98877 0.984819 1.01718 0.973837 0.994096 1.00218 1.01938 1.0338 1.0671 1.04686 1.01875 1.08788 1.13263 1.12395 1.06098 1.14376 1.17866 1.14851 1.17858 1.1997 1.22669 1.25294 1.20472 1.27471 1.26901 1.23724 1.33609 1.27846 1.33786 1.3572 1.41707 1.4398 1.36793 1.5087 1.45981 1.54403 
2.02615 2.0971 1.99173 2.00637 1.88385 1.91534 1.89872 1.82635 1.82749 1.79813 1.74562 1.7423 1.68815 1.62997 1.63994 1.59529 1.54292 1.52148 1.51414 1.49051 1.51782 1.51486 1.3966 1.41206 1.41313 1.37337 1.35122 1.31534 1.3152 1.25291 1.24079 1.22738 1.22963 1.1873 1.15105 1.15855 1.1509 1.14016 1.13579 1.10187 1.09551 1.08071 1.06864 1.06082 1.04179 1.02324 1.02395 1.01917 1.00866 1.00272 0.99741 0.992194 0.986814 0.983198 0.977609 0.977967 0.982795 0.976929 0.968482 0.981317 0.977493 0.985251 0.984152 0.994953 0.985925 0.981131 1.0283 1.01418 1.00569 1.01801 1.03519 1.06036 1.05548 1.05292 1.06392 1.07333 1.07221 1.05477 1.14984 1.12221 1.13494 1.17821 1.20463 1.14475 1.19461 1.19759 1.21837 1.25052 1.29573 1.3443 1.25415 1.32808 1.30555 1.35367 1.37864 1.35565 1.39447 1.45689 1.45595 1.43291 
2.06427 1.96949 1.95725 1.92286 1.93675 1.88608 1.94045 1.82434 1.76312 1.79774 1.77848 1.77458 1.67606 1.67053 1.64376 1.60873 1.58551 1.5884 1.51105 1.51376 1.46875 1.48993 1.44188 1.37383 1.37505 1.34394 1.29954 1.32843 1.28118 1.28225 1.28019 1.23791 1.21586 1.1926 1.17813 1.17378 1.14327 1.12507 1.11987 1.1098 1.0763 1.09222 1.06435 1.05302 1.0393 1.03082 1.02179 1.0134 1.00909 1.00337 0.997232 0.991736 0.985176 0.979443 0.982146 0.974856 0.985575 0.970969 0.965715 0.972411 0.994514 0.969331 1.01163 0.989361 0.994807 0.998901 1.01162 1.01663 0.997248 1.03283 1.00315 1.0406 1.04671 1.05606 1.05433 1.12115 1.15064 1.11682 1.11734 1.11763 1.10614 1.15877 1.25996 1.19034 1.22412 1.18689 1.28 1.22316 1.30239 1.28606 1.31943 1.26238 1.34587 1.39369 1.43151 1.4676 1.44258 1.45169 1.45309 1.57296 
2.00169 1.97929 2.05036 2.01598 1.9366 1.88369 1.83261 1.83253 1.78824 1.77852 1.72483 1.68487 1.65758 1.65452 1.65657 1.62986 1.57763 1.54349 1.49595 1.48253 1.43973 1.44494 1.45291 1.39631 1.37308 1.33013 1.35041 1.30884 1.27119 1.27801 1.24194 1.21167 1.23413 1.19124 1.18473 1.15809 1.14888 1.14093 1.12781 1.10378 1.06227 1.07228 1.06583 1.05381 1.04149 1.03147 1.02632 1.01517 1.0074 1.00293 0.997532 0.992593 0.987561 0.988978 0.982268 0.97829 0.985845 0.975826 0.978741 0.98776 0.975362 0.991686 0.981253 1.00707 1.00538 0.989897 1.03831 1.01192 1.01366 1.01641 1.03277 1.03439 1.07899 1.07137 1.09756 1.09385 1.0621 1.07821 1.15514 1.16442 1.16484 1.15046 1.17793 1.20265 1.21453 1.19945 1.25773 1.23268 1.25633 1.32837 1.3456 1.40676 1.4265 1.50144 1.42886 1.43791 1.37732 1.46272 1.4689 1.43791 
1.96573 2.06279 1.98683 2.03529 1.94476 1.83105 1.88053 1.8379 1.80112 1.76409 1.72357 1.73458 1.64642 1.6474 1.57066 1.62189 1.58285 1.56414 1.52626 1.50182 1.4935 1.42619 1.38526 1.38537 1.37277 1.3509 1.31262 1.32211 1.29678 1.27182 1.2522 1.21877 1.19547 1.18977 1.17836 1.15599 1.14822 1.11328 1.11553 1.09405 1.08555 1.08943 1.0605 1.06188 1.04013 1.03706 1.02673 1.01227 1.00801 1.00251 0.997837 0.990992 0.990115 0.98391 0.979483 0.981202 0.977643 0.983658 0.988109 0.983783 0.97882 0.975284 1.00011 0.98077 1.01722 1.00383 1.00772 1.05075 1.03101 1.02483 1.06792 1.02112 1.07843 1.06627 1.06032 1.10547 1.0941 1.07172 1.15139 1.15229 1.19386 1.17458 1.20265 1.23622 1.23028 1.26871 1.26501 1.29439 1.31438 1.38256 1.33609 1.33809 1.33584 1.44284 1.42552 1.39605 1.44902 1.4211 1.46484 1.42905 
2.02701 2.00625 1.93151 1.91116 1.90181 1.91412 1.78598 1.8436 1.73177 1.73224 1.73641 1.71922 1.68822 1.63525 1.65692 1.60173 1.52434 1.56874 1.54694 1.48381 1.48797 1.47208 1.43754 1.40212 1.3503 1.36865 1.34566 1.32248 1.27631 1.26245 1.26782 1.23378 1.18428 1.18352 1.18276 1.17298 1.14772 1.13497 1.10385 1.08647 1.07195 1.07939 1.06131 1.05693 1.04392 1.03375 1.01466 1.0185 1.01001 1.0034 0.997564 0.992569 0.993416 0.986005 0.984358 0.97689 0.985222 0.976654 0.965338 0.97437 0.984017 0.991934 0.994358 0.99161 1.01282 1.03662 1.00601 1.03379 1.02744 1.04604 1.03877 1.07668 1.05488 1.06034 1.07904 1.08424 1.098 1.12393 1.15219 1.07592 1.14683 1.21532 1.1815 1.16452 1.19713 1.21643 1.25913 1.28254 1.29679 1.36771 1.33943 1.29521 1.37692 1.43483 1.3848 1.41014 1.43129 1.48846 1.53213 1.53052 
1.97681 2.03403 1.95544 1.87841 1.87978 1.89764 1.81401 1.8513 1.81592 1.79582 1.74156 1.74457 1.64189 1.70192 1.58681 1.56108 1.55287 1.5197 1.4865 1.49773 1.4524 1.45212 1.40391 1.40127 1.36262 1.34018 1.34381 1.28435 1.27879 1.27419 1.25355 1.1975 1.17501 1.17823 1.18051 1.15955 1.14952 1.12011 1.10804 1.10197 1.08303 1.06794 1.07042 1.05233 1.04257 1.02999 1.02255 1.01428 1.00893 1.00236 0.997368 0.992831 0.987611 0.986853 0.986936 0.982852 0.976588 0.978239 0.97944 1.00377 0.986246 0.975699 0.992546 1.00553 0.988267 1.03445 1.03382 1.00447 1.0575 1.0189 1.05438 1.07615 1.04502 1.07305 1.07701 1.1163 1.12884 1.10206 1.1297 1.13006 1.15435 1.20705 1.21078 1.20304 1.22171 1.20935 1.3139 1.26465 1.34016 1.32552 1.34654 1.37798 1.31387 1.3714 1.48044 1.42573 1.46058 1.4634 1.53311 1.44207 
2.07355 2.03666 1.93317 1.98257 1.88195 1.91947 1.87217 1.89808 1.79604 1.74769 1.76402 1.70495 1.71824 1.62444 1.63132 1.58193 1.52796 1.52688 1.5155 1.49721 1.46538 1.4702 1.43746 1.38366 1.30609 1.34934 1.31225 1.3548 1.28118 1.26954 1.25159 1.22577 1.19932 1.1814 1.14434 1.1406 1.14271 1.13507 1.10225 1.10523 1.07755 1.07268 1.05136 1.05358 1.04062 1.02703 1.02503 1.01737 1.00768 1.00259 0.998385 0.991546 0.990883 0.987055 0.985021 0.981777 0.985214 0.985439 0.988971 0.983022 0.967447 0.999911 1.00509 0.9853 0.99977 1.03055 1.03889 1.04933 1.01497 1.03668 1.06194 1.05595 1.09343 1.07704 1.11996 1.06757 1.09484 1.14964 1.16191 1.15142 1.16782 1.19016 1.20801 1.226 1.18541 1.27538 1.26328 1.36255 1.35397 1.36258 1.32984 1.33743 1.42792 1.36675 1.40746 1.44188 1.45631 1.49461 1.58355 1.53574 
2.021 1.98237 1.96566 1.9229 1.93048 1.8648 1.78389 1.87025 1.82082 1.75544 1.75619 1.69005 1.66675 1.69336 1.58814 1.56385 1.55007 1.49958 1.491 1.44635 1.45258 1.41808 1.38146 1.40253 1.38916 1.32441 1.36302 1.31641 1.25754 1.26742 1.22896 1.22203 1.20242 1.17925 1.17982 1.17712 1.12836 1.12366 1.10651 1.09471 1.07235 1.07643 1.06103 1.04974 1.04136 1.03358 1.02512 1.01505 1.00692 1.00204 0.997081 0.993616 0.987381 0.987323 0.984073 0.983628 0.98358 0.98282 0.977879 0.994568 0.987863 0.99157 0.995749 1.01002 0.998299 1.00772 1.02241 1.03582 1.03298 1.05816 1.05816 1.03998 1.05627 1.09875 1.08039 1.13753 1.10179 1.15816 1.13097 1.14921 1.16971 1.2095 1.23716 1.1925 1.21936 1.20145 1.30187 1.28289 1.31529 1.38749 1.3399 1.3551 1.34326 1.39276 1.43019 1.37441 1.38721 1.43863 1.56879 1.58418 
2.10689 2.0318 1.92373 1.93403 1.84025 1.86447 1.84767 1.77437 1.78675 1.74504 1.75142 1.66958 1.69849 1.60358 1.58141 1.55626 1.53785 1.48159 1.5346 1.48668 1.48339 1.40249 1.43035 1.38122 1.37913 1.30849 1.34112 1.27678 1.26173 1.25886 1.25383 1.22726 1.2229 1.18824 1.13671 1.14778 1.14239 1.11368 1.11813 1.0996 1.0696 1.07652 1.05913 1.04274 1.04507 1.03246 1.02042 1.01318 1.00713 1.0028 0.99772 0.994103 0.989668 0.987328 0.985111 0.983004 0.987312 0.984519 0.988333 0.985136 0.986594 0.990343 0.994011 0.992738 1.02325 1.02121 1.02628 1.01742 1.02878 1.07218 1.07747 1.05852 1.05167 1.06405 1.08012 1.10518 1.14831 1.16058 1.14765 1.17627 1.1549 1.16636 1.17154 1.20553 1.21086 1.29388 1.2535 1.27521 1.30389 1.33604 1.33382 1.39697 1.33711 1.44343 1.42289 1.48384 1.43703 1.58415 1.51226 1.52809 
2.00121 2.07059 1.99185 1.95399 1.89702 1.87101 1.79868 1.79065 1.75446 1.71524 1.72311 1.65545 1.67004 1.69339 1.65876 1.54836 1.55238 1.48606 1.51643 1.50626 1.48161 1.41685 1.40389 1.41077 1.37956 1.34006 1.30326 1.31677 1.27572 1.23929 1.22525 1.21522 1.18229 1.17898 1.18459 1.13165 1.12898 1.12345 1.11655 1.09029 1.07621 1.06849 1.06142 1.04653 1.0389 1.02229 1.01633 1.01217 1.00996 1.00321 0.997489 0.993866 0.990703 0.988989 0.9881 0.985674 0.9869 0.979829 0.983322 0.989918 1.00755 0.987159 1.01401 1.0022 1.01948 1.01297 1.0375 1.02595 1.00976 1.07404 1.03785 1.0465 1.0647 1.09366 1.09804 1.1262 1.13894 1.11562 1.11175 1.12411 1.10512 1.16717 1.19764 1.20083 1.24863 1.27844 1.28265 1.24096 1.28829 1.31785 1.41254 1.38568 1.41483 1.44653 1.42922 1.50648 1.52386 1.48037 1.40426 1.55739 
2.00319 1.99516 1.95537 1.90407 1.90413 1.82215 1.81669 1.80732 1.78447 1.73189 1.79148 1.68555 1.66913 1.61151 1.57489 1.63212 1.53669 1.53298 1.48521 1.47012 1.39552 1.42218 1.38707 1.37678 1.35945 1.34869 1.3297 1.27046 1.28518 1.22756 1.24762 1.20397 1.19241 1.17183 1.16129 1.1661 1.12504 1.1082 1.1041 1.10233 1.07446 1.06093 1.05754 1.03799 1.04358 1.023 1.02664 1.00943 1.00923 1.00233 0.998066 0.992253 0.992819 0.982623 0.986182 0.991926 0.979686 0.984908 0.976306 0.987951 0.988592 0.973876 0.984471 0.999682 1.0316 1.02198 1.02628 1.06625 1.02896 1.0461 1.0576 1.04884 1.05698 1.08539 1.11482 1.0893 1.13789 1.10073 1.19663 1.14637 1.19548 1.25751 1.16826 1.25784 1.23832 1.28697 1.30717 1.27163 1.37307 1.35591 1.34346 1.38001 1.38995 1.43483 1.38886 1.51343 1.43028 1.52001 1.52241 1.64871 
1.92627 1.95291 1.96536 1.91798 1.89323 1.76846 1.83981 1.81221 1.7666 1.73639 1.72967 1.64355 1.63629 1.63902 1.56784 1.58242 1.55432 1.53899 1.53565 1.45174 1.46085 1.41552 1.40601 1.36052 1.37086 1.35553 1.31596 1.29815 1.24442 1.23115 1.22763 1.19776 1.18596 1.17526 1.1571 1.13677 1.12396 1.13279 1.09054 1.08819 1.07636 1.06238 1.06202 1.04491 1.03116 1.02883 1.02139 1.01397 1.00815 1.00195 0.997756 0.993092 0.986457 0.990417 0.991361 0.990964 0.98755 0.983128 0.993858 0.992788 1.00137 0.991322 0.997285 0.996568 1.01124 0.998988 1.03358 1.06015 1.0211 1.0012 1.04634 1.06766 1.07694 1.09347 1.08253 1.13075 1.12411 1.14473 1.14197 1.16869 1.20571 1.25288 1.24204 1.23832 1.20594 1.26927 1.30461 1.33002 1.32307 1.35052 1.32761 1.38199 1.41516 1.37063 1.42403 1.49169 1.53209 1.40337 1.52913 1.55239 
2.03581 2.00644 1.92192 1.8786 1.85358 1.86596 1.82131 1.74502 1.71569 1.7122 1.69986 1.67227 1.62182 1.60155 1.58091 1.58201 1.57827 1.52542 1.50722 1.42964 1.46678 1.41635 1.36425 1.34097 1.32172 1.32858 1.30808 1.28721 1.26344 1.23254 1.20845 1.21698 1.18738 1.16577 1.15862 1.15294 1.14141 1.11285 1.10085 1.09161 1.07237 1.06013 1.05756 1.04968 1.02991 1.02989 1.02369 1.01558 1.00694 1.00205 0.997564 0.99267 0.992542 0.984567 0.98758 0.990811 0.983374 0.982107 0.994945 0.997313 0.98318 0.989098 1.00444 1.02461 1.0295 1.04906 1.01215 1.04462 1.05646 1.06632 1.06147 1.06307 1.10157 1.09801 1.11529 1.12246 1.13295 1.19724 1.12198 1.18431 1.18302 1.19007 1.19979 1.20434 1.23801 1.30234 1.29889 1.31222 1.29451 1.36195 1.33421 1.36797 1.40231 1.40507 1.42729 1.45037 1.52111 1.49379 1.58306 1.52045 
1.97545 1.94402 1.95574 1.9243 1.88674 1.85733 1.81608 1.77968 1.83033 1.77308 1.68687 1.66234 1.67137 1.60184 1.58393 1.56113 1.50255 1.52285 1.49747 1.46671 1.41525 1.38025 1.34454 1.40335 1.33467 1.33243 1.29083 1.29647 1.24867 1.24352 1.2065 1.20421 1.20253 1.16593 1.15316 1.12539 1.12405 1.12053 1.08923 1.09008 1.08167 1.07447 1.05702 1.04217 1.0346 1.02962 1.01391 1.00936 1.00616 1.003 0.997922 0.993872 0.988076 0.989393 0.990862 0.9938 0.982831 0.985044 0.980573 1.00023 0.995837 1.0013 1.00509 1.01205 1.00679 1.02174 1.0271 1.04034 1.05776 1.06627 1.03924 1.0411 1.09201 1.0943 1.10677 1.11529 1.13663 1.18479 1.18809 1.1676 1.20672 1.23194 1.19421 1.22741 1.26081 1.2564 1.31247 1.34585 1.36624 1.32766 1.44086 1.36967 1.43211 1.40152 1.48784 1.46859 1.4683 1.51596 1.5853 1.5839 
2.01636 1.90215 1.90352 1.906 1.87299 1.85663 1.80318 1.74713 1.76237 1.72397 1.71136 1.66722 1.62532 1.63962 1.58091 1.56704 1.49849 1.45785 1.49779 1.47106 1.4415 1.40121 1.36474 1.36127 1.33416 1.33892 1.32962 1.26333 1.29278 1.23822 1.2351 1.2113 1.20941 1.16564 1.1463 1.15392 1.12806 1.11225 1.09902 1.07771 1.06525 1.07566 1.05683 1.03967 1.02907 1.0238 1.021 1.01367 1.00759 1.00177 0.997833 0.994377 0.991905 0.98909 0.982105 0.985877 0.982549 0.984037 0.990175 0.997427 0.996954 0.997324 1.00735 1.02157 1.02195 1.00339 1.0309 1.04172 1.03012 1.08207 1.09798 1.07422 1.06778 1.11016 1.07866 1.15339 1.11073 1.12549 1.2189 1.1906 1.2177 1.24407 1.20294 1.18599 1.25474 1.23717 1.34519 1.345 1.32106 1.35394 1.40882 1.31669 1.37819 1.48544 1.43424 1.46399 1.46 1.59784 1.43448 1.51673 
1.98654 1.87453 1.92587 1.95199 1.86877 1.84845 1.84727 1.81192 1.71051 1.73575 1.67146 1.65027 1.6582 1.58105 1.59309 1.54365 1.51024 1.50628 1.43768 1.48091 1.42945 1.4062 1.41522 1.39245 1.34841 1.31692 1.32636 1.28425 1.23443 1.23726 1.22297 1.17676 1.19903 1.15294 1.16976 1.15289 1.12538 1.10683 1.09408 1.1042 1.07487 1.0707 1.04994 1.04274 1.03172 1.0338 1.02297 1.01423 1.00691 1.00249 0.998222 0.993866 0.991031 0.987903 0.986212 0.997087 0.993074 0.997322 0.992833 0.991777 1.01219 1.01195 1.00202 1.02124 1.00969 1.04534 1.04372 1.04263 1.03542 1.04716 1.08284 1.1106 1.07127 1.08447 1.11249 1.12438 1.11663 1.12544 1.19844 1.20778 1.21954 1.24016 1.24508 1.25229 1.2787 1.30427 1.28481 1.30887 1.31046 1.35415 1.41092 1.479 1.40422 1.42949 1.46694 1.43918 1.46609 1.50215 1.53598 1.58032 
1.96401 2.01176 1.92725 1.83189 1.85328 1.80025 1.8266 1.76399 1.78486 1.7444 1.64291 1.65186 1.61773 1.61528 1.60222 1.53661 1.51897 1.5571 1.46274 1.48484 1.43139 1.34484 1.35738 1.3659 1.33747 1.3393 1.2884 1.27143 1.26139 1.26593 1.21941 1.19681 1.18083 1.16856 1.1458 1.13957 1.13888 1.11714 1.10796 1.08217 1.06154 1.06972 1.05436 1.04409 1.03189 1.02961 1.01787 1.0137 1.00642 1.00293 0.997987 0.994907 0.991181 0.991124 0.984919 0.993287 0.990235 0.992063 0.991406 0.988359 0.996674 1.00505 0.999491 1.00793 1.03901 1.0464 1.04212 1.03392 1.01774 1.05728 1.08509 1.11567 1.10204 1.10228 1.10541 1.09952 1.14379 1.13674 1.15051 1.22898 1.18076 1.21277 1.24485 1.22936 1.25512 1.3309 1.36359 1.29475 1.382 1.29719 1.35108 1.38682 1.49017 1.40385 1.48439 1.50883 1.54869 1.53678 1.52871 1.59563 
2.01435 1.92898 1.92938 1.8558 1.91772 1.81311 1.81934 1.74581 1.76151 1.72067 1.68289 1.61933 1.67093 1.57554 1.61751 1.53615 1.53886 1.52134 1.45289 1.43396 1.446 1.40176 1.37931 1.36351 1.33216 1.29182 1.29528 1.27785 1.26266 1.26147 1.20368 1.20607 1.1895 1.17639 1.13852 1.12417 1.09444 1.13014 1.09749 1.08302 1.06052 1.05868 1.04912 1.03982 1.03199 1.02454 1.01587 1.01328 1.00826 1.00287 0.998104 0.991926 0.990484 0.99174 0.987691 1.00295 0.983759 0.997235 0.991478 0.998923 1.01084 1.00976 1.01424 1.02289 1.03285 1.02928 1.03799 1.04726 1.0688 1.05838 1.05645 1.07307 1.12818 1.10646 1.06576 1.10922 1.15662 1.11191 1.21289 1.22378 1.2318 1.20747 1.22208 1.30939 1.29573 1.27048 1.31653 1.31076 1.3378 1.34351 1.36646 1.4164 1.44437 1.49499 1.45637 1.52604 1.59963 1.54773 1.57726 1.58025 
1.89515 1.95055 1.91929 1.8727 1.89907 1.80223 1.80133 1.76841 1.70119 1.6928 1.65144 1.63225 1.61037 1.62849 1.57815 1.58839 1.51139 1.49253 1.41467 1.40938 1.40841 1.37909 1.38066 1.32634 1.33666 1.29605 1.27662 1.2555 1.27811 1.20169 1.23052 1.20871 1.18625 1.16682 1.17676 1.12776 1.10084 1.0941 1.0939 1.07843 1.07048 1.05978 1.037 1.04083 1.02801 1.02931 1.01616 1.01289 1.00719 1.00237 0.998351 0.994175 0.994353 0.990165 0.987437 0.98495 0.983418 0.994401 0.998178 1.00632 1.00087 1.00411 0.998447 1.00864 1.04015 1.04084 1.03172 1.06775 1.04579 1.06747 1.06313 1.08158 1.1078 1.11647 1.11393 1.11599 1.13443 1.18259 1.1672 1.18064 1.17502 1.13102 1.25668 1.27117 1.3096 1.30258 1.31089 1.36929 1.32639 1.32828 1.43396 1.35668 1.42759 1.45412 1.46034 1.47019 1.51133 1.53096 1.57823 1.55225 
1.96688 1.93147 1.97767 1.90252 1.81879 1.7914 1.83135 1.76254 1.69996 1.70364 1.65692 1.65485 1.69862 1.57541 1.59727 1.51198 1.48657 1.49648 1.42752 1.44104 1.43282 1.36599 1.41347 1.35387 1.3503 1.30313 1.24024 1.30216 1.24467 1.23594 1.23044 1.1662 1.1755 1.15991 1.16512 1.12784 1.12631 1.11887 1.08762 1.0895 1.07886 1.05563 1.04789 1.03148 1.03209 1.02125 1.01518 1.01257 1.00737 1.00225 0.997204 0.993985 0.993119 0.988464 0.990639 0.995222 0.987827 0.980678 1.0077 0.985346 0.983851 1.01729 1.01359 1.02533 1.02973 1.03175 1.02289 1.06038 1.03483 1.06778 1.05036 1.11928 1.05893 1.13939 1.14332 1.12792 1.16166 1.15796 1.1545 1.20167 1.25699 1.24039 1.28306 1.25796 1.2659 1.32196 1.35719 1.37891 1.33866 1.40146 1.37006 1.41331 1.43868 1.41065 1.48273 1.56474 1.49833 1.59078 1.56201 1.63285 
1.92327 1.96379 1.86098 1.90326 1.80535 1.86659 1.78136 1.80702 1.74937 1.69289 1.65675 1.65852 1.59473 1.54511 1.59288 1.54409 1.53771 1.493 1.45345 1.40884 1.40201 1.41901 1.36558 1.37917 1.34459 1.30649 1.27326 1.25657 1.25183 1.23375 1.24739 1.16585 1.19763 1.17043 1.1339 1.15462 1.10236 1.10574 1.07821 1.09036 1.08702 1.06236 1.05387 1.044 1.02371 1.0295 1.01832 1.01125 1.00512 1.00225 0.998254 0.995418 0.994421 0.995188 0.990516 0.991325 0.997516 1.00218 0.983358 0.997063 0.988411 1.00553 1.02638 1.02549 1.04189 1.04874 1.04346 1.03304 1.04865 1.08841 1.09393 1.10662 1.11702 1.10051 1.128 1.11295 1.18883 1.14211 1.1413 1.2346 1.20672 1.2577 1.2456 1.23125 1.24066 1.31224 1.31016 1.34407 1.37352 1.36583 1.48724 1.38116 1.45428 1.43387 1.48088 1.45687 1.58209 1.50652 1.62007 1.61469 
1.97118 2.01534 1.9575 1.8346 1.8382 1.85714 1.80261 1.80374 1.75407 1.76418 1.6843 1.61697 1.57744 1.61383 1.59457 1.52654 1.52945 1.4937 1.49647 1.46351 1.4066 1.4066 1.38978 1.34059 1.33347 1.33121 1.291 1.28685 1.26412 1.23015 1.21528 1.20211 1.19406 1.14931 1.14655 1.1202 1.12727 1.10569 1.08725 1.07532 1.06787 1.05209 1.0464 1.04278 1.0328 1.01792 1.01825 1.00969 1.005 1.00175 0.998266 0.996174 0.991817 0.986202 0.99077 0.991549 0.994922 0.994953 0.991297 0.986797 0.994838 1.00724 1.01917 1.02882 1.01458 1.03626 1.05633 1.06094 1.06166 1.07134 1.09458 1.0754 1.09326 1.14283 1.11714 1.16521 1.15177 1.18181 1.14805 1.22552 1.24337 1.23539 1.27696 1.30047 1.31334 1.3272 1.3678 1.33776 1.33119 1.35177 1.40411 1.445 1.4359 1.37365 1.49744 1.54039 1.58144 1.57312 1.54025 1.58576 
1.92232 1.92564 1.85392 1.97377 1.83441 1.80293 1.78767 1.73877 1.69817 1.67375 1.63322 1.64072 1.63404 1.59293 1.56947 1.56644 1.47354 1.49004 1.42938 1.44922 1.41993 1.3816 1.39493 1.35915 1.31773 1.29385 1.28284 1.24837 1.26207 1.22745 1.21302 1.19718 1.17296 1.17847 1.15615 1.11975 1.11038 1.09462 1.10443 1.07796 1.05355 1.05023 1.04237 1.04056 1.03135 1.01601 1.01766 1.01309 1.00876 1.00177 0.997754 0.99399 0.993009 0.995339 0.987568 0.99174 0.986586 0.991464 0.995295 0.988106 1.00576 1.01288 1.02169 1.04645 1.03124 1.05096 1.03645 1.04707 1.06183 1.07915 1.06806 1.09222 1.10566 1.10897 1.13478 1.15633 1.17442 1.14956 1.17742 1.22356 1.20101 1.2194 1.2211 1.29802 1.28783 1.37363 1.33368 1.41445 1.3553 1.43293 1.42102 1.41442 1.46489 1.47116 1.50819 1.55013 1.58097 1.62541 1.56376 1.63392 
1.91747 1.97096 1.90297 1.89527 1.83406 1.774 1.79671 1.72577 1.68792 1.67054 1.71998 1.66302 1.59107 1.5452 1.57389 1.52806 1.49522 1.48473 1.45045 1.46071 1.43101 1.39714 1.40812 1.36002 1.335 1.27521 1.27475 1.2758 1.2242 1.22518 1.20781 1.18831 1.17241 1.16602 1.15403 1.13324 1.12158 1.11477 1.09653 1.08222 1.06097 1.06165 1.04654 1.03571 1.03349 1.02914 1.01501 1.01011 1.00521 1.00214 0.998768 0.996216 0.995396 0.994087 0.989169 0.989015 0.985722 1.00472 1.01238 1.00914 1.00425 1.00596 1.02447 1.01205 1.03626 1.04483 1.04974 1.05563 1.05012 1.05505 1.07182 1.08476 1.10654 1.12101 1.14661 1.13529 1.13632 1.18094 1.20459 1.20046 1.23226 1.19852 1.27854 1.24286 1.26088 1.28191 1.36216 1.34168 1.41012 1.37481 1.40329 1.44351 1.43657 1.48071 1.48784 1.57692 1.53476 1.61946 1.59397 1.55547 
1.89652 1.9798 1.94264 1.83689 1.89023 1.78445 1.81706 1.71258 1.68396 1.69371 1.67694 1.61506 1.62699 1.58615 1.56891 1.51685 1.48918 1.51177 1.50185 1.40406 1.44153 1.41369 1.3961 1.37018 1.31975 1.30456 1.32043 1.25202 1.24014 1.23594 1.21094 1.18367 1.18203 1.16303 1.14481 1.11742 1.13289 1.10756 1.09159 1.07665 1.06024 1.06089 1.05566 1.04142 1.0332 1.02241 1.01407 1.0123 1.00667 1.00231 0.998893 0.995638 0.989193 0.995177 0.994605 0.986841 0.991266 0.998312 0.995429 0.990429 1.01692 1.00812 1.01505 1.01855 1.02457 1.04115 1.07072 1.07224 1.07896 1.09599 1.10227 1.09183 1.08874 1.0916 1.12489 1.15481 1.15894 1.15293 1.18448 1.16997 1.23174 1.21718 1.25559 1.2626 1.31952 1.30273 1.29441 1.37057 1.33263 1.45045 1.37687 1.42114 1.48747 1.41262 1.48096 1.51649 1.51657 1.5519 1.52018 1.61462 
1.95286 1.92973 1.86103 1.89379 1.81697 1.86198 1.73796 1.7923 1.77018 1.62674 1.66553 1.64995 1.57921 1.55183 1.56615 1.52742 1.54606 1.51271 1.49345 1.4346 1.44057 1.39772 1.37636 1.34794 1.29206 1.32318 1.28654 1.27749 1.24408 1.23472 1.20035 1.20093 1.1752 1.15913 1.14112 1.11764 1.11828 1.08593 1.07807 1.07464 1.06342 1.05232 1.05088 1.03796 1.02357 1.02472 1.01934 1.0082 1.00745 1.00082 0.999257 0.995514 0.993051 0.993401 0.993594 0.996573 0.993522 0.992503 1.0019 1.00361 0.999628 0.998003 1.00784 1.0317 1.01754 1.03784 1.04574 1.05591 1.07481 1.07723 1.05648 1.10013 1.11595 1.11647 1.13654 1.17089 1.19788 1.18115 1.19618 1.16794 1.19526 1.24521 1.19769 1.22863 1.31529 1.28498 1.31878 1.3757 1.37609 1.36888 1.397 1.43656 1.43455 1.53915 1.51834 1.57946 1.54287 1.55805 1.58712 1.56696 
1.90996 1.90586 1.91934 1.85744 1.812 1.81534 1.80269 1.76901 1.70373 1.73005 1.65536 1.60523 1.6079 1.62097 1.54491 1.5159 1.49734 1.49554 1.48001 1.45311 1.4366 1.39865 1.36473 1.35592 1.31013 1.30002 1.26985 1.26984 1.26036 1.21452 1.21364 1.21721 1.16512 1.1617 1.15296 1.1312 1.11755 1.09071 1.08472 1.07836 1.06634 1.05457 1.05234 1.0414 1.02916 1.01786 1.01622 1.0147 1.00545 1.00181 0.998033 0.994835 0.995872 0.994168 0.993635 0.993723 0.997766 0.995023 1.00936 0.994961 1.01062 0.996777 1.03133 1.02405 1.04911 1.04391 1.04062 1.05183 1.04214 1.07719 1.08181 1.11514 1.13306 1.08596 1.17607 1.08748 1.14789 1.19508 1.21458 1.17468 1.17734 1.25746 1.2786 1.24851 1.31865 1.26155 1.35704 1.42066 1.36696 1.38165 1.46309 1.46032 1.49193 1.51288 1.52053 1.47174 1.56568 1.66381 1.58376 1.57969 
1.92897 1.91239 1.85832 1.85449 1.80668 1.78005 1.76815 1.70827 1.68567 1.70107 1.72717 1.62362 1.55316 1.63336 1.55341 1.53179 1.49835 1.49455 1.42485 1.4288 1.41294 1.38892 1.34031 1.35834 1.32466 1.30736 1.29509 1.24258 1.23707 1.24637 1.21808 1.2031 1.19182 1.13863 1.13333 1.13416 1.11127 1.10852 1.08406 1.09142 1.04915 1.04783 1.03535 1.03664 1.03707 1.01887 1.01509 1.01115 1.00604 1.00139 0.998843 0.995151 0.994142 0.991159 0.996001 0.994324 0.998686 0.999416 0.996955 1.00003 1.0134 1.01424 1.02492 1.02755 1.02247 1.03828 1.02344 1.0569 1.09244 1.07569 1.11191 1.08504 1.11462 1.13885 1.10861 1.15561 1.15884 1.18675 1.21581 1.22321 1.21369 1.24715 1.26954 1.35965 1.31258 1.30684 1.28125 1.34407 1.37018 1.38832 1.38792 1.42531 1.44144 1.4783 1.44888 1.56918 1.54508 1.58209 1.65035 1.65264 
1.97023 1.93595 1.8253 1.87135 1.8649 1.83945 1.78537 1.78807 1.76406 1.71027 1.65302 1.60215 1.59004 1.55575 1.54796 1.53194 1.51241 1.50867 1.45392 1.44169 1.39387 1.36794 1.34493 1.33596 1.34861 1.30339 1.27737 1.23448 1.22727 1.20659 1.20679 1.1745 1.18924 1.1477 1.14545 1.11555 1.10127 1.08746 1.09259 1.07464 1.0676 1.05792 1.04884 1.03781 1.0282 1.0244 1.01491 1.01183 1.00605 1.00154 0.998636 0.997828 0.995277 0.990326 0.997264 0.993897 0.996671 0.988982 1.00324 1.01085 1.00437 1.02084 1.01584 1.02447 1.03224 1.04593 1.04164 1.06993 1.0654 1.09707 1.14167 1.13114 1.10433 1.0954 1.13934 1.13216 1.15527 1.19091 1.21652 1.21791 1.22151 1.29516 1.24931 1.29008 1.32476 1.29678 1.34278 1.35071 1.37992 1.38635 1.48596 1.39508 1.45428 1.47426 1.51622 1.52704 1.60976 1.54979 1.58103 1.61641 
