-2 -1.9596 -1.91919 -1.87879 -1.83838 -1.79798 -1.75758 -1.71717 -1.67677 -1.63636 -1.59596 -1.55556 -1.51515 -1.47475 -1.43434 -1.39394 -1.35354 -1.31313 -1.27273 -1.23232 -1.19192 -1.15152 -1.11111 -1.07071 -1.0303 -0.989899 -0.949495 -0.909091 -0.868687 -0.828283 -0.787879 -0.747475 -0.707071 -0.666667 -0.626263 -0.585859 -0.545455 -0.505051 -0.464646 -0.424242 -0.383838 -0.343434 -0.30303 -0.262626 -0.222222 -0.181818 -0.141414 -0.10101 -0.0606061 -0.020202 0.020202 0.0606061 0.10101 0.141414 0.181818 0.222222 0.262626 0.30303 0.343434 0.383838 0.424242 0.464646 0.505051 0.545455 0.585859 0.626263 0.666667 0.707071 0.747475 0.787879 0.828283 0.868687 0.909091 0.949495 0.989899 1.0303 1.07071 1.11111 1.15152 1.19192 1.23232 1.27273 1.31313 1.35354 1.39394 1.43434 1.47475 1.51515 1.55556 1.59596 1.63636 1.67677 1.71717 1.75758 1.79798 1.83838 1.87879 1.91919 1.9596 2 
0.420982 0.431699 0.442667 0.453887 0.465361 0.477091 0.489077 0.501319 0.513815 0.526563 0.539561 0.552803 0.566285 0.579999 0.593936 0.608086 0.622436 0.636974 0.651682 0.666542 0.681533 0.696632 0.711813 0.727049 0.742307 0.757555 0.772755 0.787869 0.802855 0.817669 0.832263 0.84659 0.860597 0.874234 0.887446 0.900179 0.912378 0.923987 0.934953 0.945221 0.954742 0.963464 0.971343 0.978336 0.984403 0.989512 0.993633 0.996743 0.998826 0.999869 0.99987 0.998828 0.996753 0.99366 0.98957 0.984509 0.97851 0.971611 0.963853 0.955282 0.945949 0.935904 0.925204 0.913903 0.902059 0.889729 0.876969 0.863837 0.850387 0.836673 0.822746 0.808655 0.794448 0.780169 0.765858 0.751554 0.737292 0.723105 0.709022 0.69507 0.681272 0.667649 0.654219 0.640999 0.628001 0.615238 0.602717 0.590447 0.578434 0.566681 0.555191 0.543965 0.533003 0.522306 0.51187 0.501693 0.491773 0.482105 0.472685 0.463509 
1.95899 1.89429 1.74691 1.86396 1.76419 1.86061 1.71968 1.68481 1.76279 1.61924 1.74373 1.56115 1.61891 1.52972 1.51866 1.47404 1.45462 1.4354 1.39554 1.37894 1.34378 1.34973 1.32618 1.36599 1.28136 1.30374 1.22295 1.18917 1.22001 1.18144 1.18211 1.20229 1.14577 1.1642 1.11636 1.10279 1.069 1.07989 1.06182 1.06278 1.0397 1.031 1.027 1.03049 1.02079 1.00751 1.00956 1.00233 1.00003 1.00035 1.00147 1.00328 1.00769 1.00617 1.01764 1.01902 1.02139 1.02746 1.01894 1.04155 1.05826 1.06794 1.07056 1.09267 1.10633 1.15095 1.12623 1.16107 1.17169 1.13803 1.17877 1.23099 1.2628 1.27663 1.26234 1.33067 1.28294 1.396 1.38734 1.38475 1.41574 1.42932 1.4297 1.50218 1.56671 1.52001 1.55531 1.59846 1.66548 1.6031 1.66345 1.74974 1.67823 1.70702 1.87227 1.81596 1.81388 1.82435 1.85942 2.05042 
1.82338 1.79475 1.86411 1.88766 1.88522 1.87779 1.65913 1.70519 1.74324 1.61767 1.59544 1.67254 1.60307 1.58824 1.53871 1.50996 1.53472 1.51181 1.41683 1.45253 1.38835 1.32684 1.34959 1.2842 1.3013 1.30342 1.26753 1.263 1.26674 1.22734 1.20394 1.18481 1.14595 1.15688 1.1413 1.07503 1.09671 1.06212 1.07203 1.05574 1.06004 1.04003 1.02029 1.03029 1.0216 1.00613 1.01493 1.00824 1.00307 1.0001 0.999541 1.00072 0.998315 1.00429 1.01102 1.02445 1.01932 1.04099 1.02783 1.05189 1.04821 1.06812 1.09715 1.0977 1.11789 1.09904 1.10598 1.12095 1.1637 1.18299 1.19662 1.23348 1.15891 1.29932 1.32574 1.2893 1.31883 1.40715 1.36554 1.41458 1.42836 1.40011 1.45084 1.4615 1.46164 1.48421 1.61752 1.54277 1.66584 1.65014 1.66139 1.64622 1.71767 1.80692 1.69621 1.82292 1.87809 1.80457 1.98198 1.97998 
1.95896 1.65043 1.72461 1.74955 1.74361 1.88821 1.78124 1.7136 1.63409 1.68634 1.79922 1.55182 1.58346 1.56802 1.56628 1.57193 1.47884 1.42624 1.37431 1.43069 1.44489 1.40089 1.39444 1.28904 1.31505 1.2635 1.23004 1.23791 1.25864 1.19785 1.15109 1.15475 1.15369 1.17501 1.0906 1.0966 1.08172 1.04968 1.0616 1.07924 1.03238 1.02262 1.02018 1.03052 1.01036 1.00996 1.01565 1.00795 1.0046 0.999908 1.00015 0.998328 1.00669 1.01672 1.0046 1.01793 1.01398 1.03747 1.03585 1.05745 1.06056 1.03725 1.08727 1.11085 1.13708 1.12004 1.14005 1.12565 1.17675 1.13629 1.15006 1.25261 1.26227 1.27667 1.33739 1.23837 1.32713 1.33633 1.39019 1.36964 1.38126 1.42468 1.41485 1.47648 1.52908 1.54679 1.60662 1.57737 1.60077 1.59652 1.70178 1.64333 1.67129 1.80975 1.69876 1.87039 1.74743 1.92648 1.84332 1.84135 
1.89165 1.81414 1.89423 1.85236 1.82768 1.76891 1.74418 1.69982 1.77909 1.69775 1.57824 1.60655 1.64938 1.54476 1.56805 1.45144 1.40812 1.47464 1.43154 1.39599 1.32164 1.36498 1.34694 1.33047 1.27207 1.29558 1.29086 1.21406 1.18289 1.19956 1.18846 1.17657 1.11408 1.08873 1.1237 1.08764 1.10697 1.10005 1.07132 1.06491 1.0496 1.03689 1.052 1.02213 1.00984 1.00983 1.00616 1.00082 1.00078 0.999884 0.999381 1.00117 1.00454 1.00729 0.996674 1.01975 0.994651 1.02696 1.0294 1.05228 1.04763 1.06811 1.07968 1.08056 1.09385 1.10748 1.14124 1.16439 1.1981 1.19935 1.21695 1.18192 1.22594 1.29396 1.31905 1.3246 1.28784 1.42304 1.39192 1.38929 1.46377 1.41701 1.41118 1.52271 1.50466 1.53939 1.68298 1.59596 1.60269 1.63977 1.59948 1.67648 1.63779 1.72222 1.79164 1.74568 1.8016 1.79541 1.81068 1.83399 
1.91613 1.89942 1.82588 1.81743 1.85488 1.78009 1.65651 1.75554 1.62706 1.5393 1.73086 1.62975 1.6005 1.56092 1.58358 1.56327 1.47854 1.46148 1.48222 1.42193 1.43815 1.32331 1.33218 1.31947 1.26452 1.31385 1.25036 1.22926 1.20404 1.16935 1.14912 1.16624 1.20854 1.13576 1.09097 1.11398 1.07803 1.0825 1.06765 1.06262 1.04925 1.03995 1.01474 1.02248 1.01114 0.995641 1.01063 1.00436 1.00168 0.99946 1.00103 0.999696 1.00931 1.00494 1.00732 1.01669 1.03746 1.03579 1.04202 1.02399 1.03852 1.04498 1.0951 1.08875 1.06885 1.07648 1.11694 1.15104 1.19609 1.14256 1.19665 1.15262 1.20259 1.27677 1.29443 1.34297 1.30484 1.41285 1.39076 1.41663 1.43572 1.40277 1.45283 1.5168 1.46675 1.54855 1.48036 1.53011 1.62825 1.54218 1.58229 1.65365 1.77476 1.73973 1.82019 1.69644 1.83315 1.86367 1.85783 1.84459 
1.81725 1.83936 1.83594 1.80792 1.89554 1.78215 1.7513 1.68891 1.78597 1.69039 1.6838 1.52047 1.49532 1.53327 1.58743 1.55513 1.5056 1.49726 1.46392 1.40488 1.35692 1.28616 1.36519 1.26107 1.30726 1.2632 1.27186 1.2736 1.21459 1.24992 1.17995 1.1774 1.15527 1.17163 1.10974 1.08552 1.10732 1.09639 1.06699 1.04691 1.04332 1.02954 1.03822 1.028 1.00445 1.00796 1.01413 0.998758 0.999497 1.00043 1.00057 1.00329 1.00075 1.0036 1.01469 1.01788 1.01645 1.02932 1.02539 1.03736 1.0579 1.05474 1.09694 1.10596 1.13348 1.15294 1.11888 1.15005 1.16553 1.18275 1.2657 1.21492 1.23897 1.25096 1.29617 1.31452 1.36031 1.33117 1.3593 1.39276 1.40335 1.40201 1.52265 1.43339 1.50799 1.53483 1.57687 1.5646 1.61876 1.67406 1.62443 1.60826 1.66133 1.77052 1.77434 1.84464 1.8621 1.89664 1.84388 1.87949 
1.91702 1.91359 1.90005 1.75279 1.67405 1.80064 1.83532 1.78927 1.64582 1.57832 1.53956 1.57517 1.57602 1.55653 1.5433 1.52937 1.42124 1.4503 1.40663 1.36705 1.33922 1.34964 1.34671 1.32863 1.28114 1.20865 1.25742 1.2651 1.21345 1.18429 1.16619 1.15985 1.14542 1.11291 1.1244 1.09106 1.08928 1.07044 1.05124 1.06887 1.04975 1.03878 1.03507 1.02755 1.0176 1.02845 1.0023 1.00568 1.00117 0.999598 0.999926 1.00011 1.00162 1.01232 1.01085 1.03479 1.0129 1.01067 1.04909 1.05452 1.07065 1.06958 1.06665 1.0718 1.09518 1.10547 1.14121 1.14519 1.16172 1.10366 1.19153 1.23889 1.24866 1.18659 1.24741 1.28844 1.34627 1.32892 1.34245 1.37045 1.43163 1.38489 1.41252 1.468 1.5371 1.50308 1.52452 1.51097 1.56585 1.60587 1.7513 1.68111 1.80381 1.71512 1.78114 1.75713 1.72204 1.84849 1.8828 1.95505 
1.80792 1.81519 1.80986 1.75896 1.78038 1.65007 1.66808 1.74398 1.67042 1.66681 1.6504 1.58881 1.4284 1.54853 1.59044 1.48659 1.42969 1.45964 1.41206 1.35334 1.41459 1.33845 1.334 1.34885 1.30764 1.29736 1.30576 1.22548 1.20384 1.27755 1.239 1.14268 1.14094 1.17656 1.12286 1.10821 1.09198 1.0746 1.08933 1.03343 1.05513 1.02461 1.02812 1.01504 1.01211 1.01688 1.01303 1.0029 1.00143 0.999293 1.00079 1.00358 1.00021 1.00325 1.01413 1.01785 1.0174 1.02693 1.02896 1.03769 1.0695 1.09038 1.0831 1.11368 1.09175 1.10441 1.12048 1.15758 1.19887 1.17827 1.20899 1.25747 1.2091 1.30651 1.29437 1.25895 1.33018 1.40325 1.31061 1.3629 1.4207 1.46736 1.4852 1.53843 1.45676 1.53963 1.47939 1.61406 1.63937 1.62705 1.64792 1.72979 1.81851 1.70384 1.77426 1.83002 1.70091 1.8089 1.93306 1.91064 
1.93646 1.97547 1.85848 1.79639 1.80598 1.80141 1.68555 1.72913 1.58228 1.76465 1.68269 1.57551 1.61832 1.60295 1.58195 1.45855 1.50513 1.44699 1.44166 1.39143 1.42324 1.28433 1.34821 1.26456 1.25768 1.2838 1.22291 1.21851 1.20315 1.23467 1.16275 1.13073 1.13107 1.13216 1.11375 1.10969 1.07085 1.08631 1.06746 1.08622 1.02657 1.03199 1.01629 1.02705 1.01373 1.00591 1.00964 1.00372 0.999461 0.999494 1.00099 1.00095 1.0061 0.999689 1.02088 1.00712 1.03528 1.03799 1.03607 1.04619 1.05746 1.04529 1.08952 1.08967 1.11699 1.13584 1.11227 1.16932 1.16852 1.20097 1.15559 1.24936 1.26379 1.29961 1.29963 1.27003 1.32092 1.3552 1.37806 1.41706 1.33696 1.34428 1.41811 1.37826 1.48849 1.50046 1.66528 1.54906 1.68473 1.58421 1.67042 1.72793 1.57804 1.71508 1.76774 1.84414 1.74335 1.90311 1.90715 1.78438 
1.81395 1.80917 1.9839 1.75692 1.98853 1.74382 1.87126 1.77753 1.71048 1.62719 1.71361 1.62472 1.56122 1.56348 1.47286 1.48654 1.466 1.42573 1.38611 1.45609 1.34691 1.37227 1.34201 1.29228 1.30052 1.29216 1.26682 1.25778 1.18493 1.23147 1.19548 1.15702 1.16105 1.1266 1.09389 1.11654 1.07073 1.0354 1.05994 1.08706 1.04575 1.03205 1.01839 1.02288 1.02081 1.01462 1.01449 1.00296 1.00383 0.999642 1.00021 1.00046 1.00434 1.00974 1.02328 1.011 1.0248 1.0317 1.03777 1.03774 1.069 1.04754 1.05974 1.1024 1.08802 1.11194 1.12743 1.12005 1.15126 1.19164 1.17744 1.21155 1.22406 1.21608 1.23653 1.33106 1.3151 1.32872 1.31393 1.3158 1.37249 1.47259 1.52981 1.43945 1.5229 1.51914 1.5749 1.56156 1.60389 1.61708 1.64429 1.66257 1.7977 1.68316 1.80652 1.82367 1.89089 1.7743 1.89646 1.88958 
1.98814 1.87061 1.83603 1.82174 1.74234 1.68884 1.8252 1.70295 1.68357 1.6203 1.68151 1.64164 1.72492 1.60816 1.49298 1.46266 1.51803 1.53482 1.37477 1.43442 1.39026 1.29387 1.31725 1.37029 1.33362 1.25022 1.28135 1.27388 1.26856 1.16833 1.19537 1.15824 1.13691 1.12763 1.14559 1.11255 1.09181 1.09848 1.06549 1.06638 1.05364 1.00837 1.04948 1.03225 1.00989 1.00657 1.01042 0.999751 1.00095 1.00064 1.00145 1.00096 1.00856 1.00372 1.00371 1.01576 1.01769 1.04317 1.04044 1.05474 1.05921 1.06305 1.07569 1.09448 1.11021 1.13218 1.11776 1.12715 1.14234 1.18028 1.20692 1.26237 1.27154 1.27077 1.22419 1.28512 1.35237 1.33066 1.38402 1.45088 1.41581 1.47876 1.5411 1.48196 1.50457 1.60983 1.5588 1.56176 1.5775 1.66119 1.6656 1.58732 1.67969 1.75722 1.76308 1.78454 1.8326 1.95643 1.86111 1.97132 
1.87748 1.8411 1.88573 1.75523 1.83714 1.76063 1.68259 1.683 1.69633 1.71663 1.57116 1.59282 1.64561 1.53986 1.52611 1.46297 1.48536 1.44616 1.42945 1.39852 1.32938 1.39593 1.35201 1.32745 1.24207 1.2493 1.31912 1.26626 1.22111 1.17276 1.13025 1.18037 1.15747 1.13773 1.12037 1.07115 1.08698 1.05548 1.07537 1.07162 1.05194 1.03998 1.02659 1.01363 1.00161 1.01588 1.01065 1.00166 0.99918 0.998559 1.00005 1.00363 1.00444 1.00068 1.00978 1.01903 1.02692 1.028 1.01966 1.04144 1.06944 1.10427 1.06877 1.079 1.09896 1.12898 1.13337 1.16619 1.1749 1.14945 1.20848 1.16254 1.20708 1.26659 1.29463 1.31582 1.31681 1.384 1.39158 1.36886 1.38432 1.44013 1.46408 1.47382 1.50523 1.56306 1.535 1.52362 1.62915 1.75307 1.78231 1.66805 1.76182 1.68079 1.69332 1.90417 1.88151 1.89868 1.92874 1.84645 
2.13368 1.73616 1.82253 1.85205 1.78696 1.74705 1.72724 1.71651 1.60933 1.62991 1.68047 1.64688 1.54279 1.60592 1.53772 1.59321 1.42065 1.52765 1.46698 1.3869 1.37395 1.30067 1.32258 1.28978 1.26604 1.3374 1.22855 1.26272 1.22192 1.18797 1.16736 1.15225 1.12108 1.11702 1.11484 1.09945 1.12261 1.0964 1.0501 1.04412 1.04982 1.02961 1.01582 1.01676 1.03129 1.0142 1.00481 1.00399 1.00527 0.999007 1.00015 0.99994 1.00423 1.00614 1.00618 1.01143 1.01273 1.02672 1.02867 1.02821 1.03331 1.08364 1.06328 1.06744 1.09451 1.11976 1.15243 1.17658 1.1606 1.18963 1.21654 1.23562 1.27189 1.21156 1.32265 1.31604 1.33413 1.3162 1.41218 1.40974 1.44371 1.44428 1.4796 1.46052 1.54258 1.52286 1.51258 1.60776 1.6339 1.69434 1.54356 1.76966 1.69776 1.76464 1.81524 1.76934 1.81333 1.88418 1.91876 1.98748 
1.8441 1.8305 1.94241 1.87035 1.85046 1.92043 1.76951 1.62242 1.62345 1.74078 1.61948 1.61795 1.55963 1.46655 1.55252 1.51084 1.40151 1.48742 1.43895 1.36671 1.41125 1.3753 1.3702 1.34133 1.27189 1.26569 1.20395 1.26857 1.21008 1.22606 1.14146 1.12495 1.15568 1.14136 1.10808 1.10031 1.0952 1.07129 1.07579 1.0539 1.04593 1.05585 1.0247 1.0289 1.01168 1.01709 1.00842 0.99762 1.00425 0.999455 1.00035 1.00303 1.00496 0.998501 1.00711 1.02189 1.0218 1.01831 1.02332 1.05336 1.06344 1.07823 1.09123 1.10544 1.12432 1.0847 1.19406 1.11801 1.13434 1.18575 1.23614 1.1687 1.23995 1.26626 1.31377 1.27441 1.28972 1.35848 1.35356 1.38887 1.37774 1.41917 1.45674 1.46937 1.48187 1.5889 1.55112 1.5898 1.62675 1.70044 1.67405 1.72737 1.69672 1.72646 1.77627 1.83706 1.82464 1.8599 1.93789 1.87708 
1.98091 1.80411 1.8552 1.77269 1.85939 1.83234 1.87959 1.6229 1.71834 1.65075 1.59273 1.61155 1.61494 1.67398 1.45063 1.50323 1.46301 1.47749 1.38715 1.41161 1.39825 1.34638 1.30631 1.36602 1.32425 1.33536 1.24656 1.26748 1.23491 1.18961 1.18909 1.14928 1.1519 1.13238 1.14332 1.11235 1.05779 1.07692 1.04785 1.08453 1.03319 1.04279 1.02731 1.01324 1.01035 1.01279 1.00475 1.00315 0.999439 0.999882 0.999993 1.00017 1.00502 0.997672 1.00103 1.01745 1.01465 1.04365 1.07604 1.02352 1.05591 1.043 1.07039 1.08563 1.11872 1.09392 1.10353 1.14059 1.15936 1.18706 1.18861 1.24746 1.26686 1.23929 1.30967 1.26833 1.32968 1.33898 1.38014 1.40867 1.39731 1.4069 1.40306 1.46094 1.53614 1.62342 1.55688 1.58622 1.58272 1.64401 1.6048 1.64757 1.68262 1.71102 1.85968 1.83341 1.79667 1.85946 1.91978 1.80704 
1.84099 1.95381 1.75126 1.88253 1.82608 1.72829 1.61764 1.77164 1.6182 1.73026 1.63712 1.59048 1.5649 1.53368 1.51865 1.47545 1.55289 1.46004 1.43927 1.46753 1.36655 1.37694 1.30422 1.33957 1.27819 1.29773 1.25045 1.28881 1.19356 1.20269 1.17703 1.17082 1.18118 1.13427 1.1189 1.10682 1.09978 1.06105 1.0572 1.08872 1.02946 1.06746 1.01678 1.01486 1.01565 1.011 1.00509 1.0057 1.00373 0.99961 1.00022 1.00421 1.00565 1.00706 1.00968 1.00594 1.0218 1.0253 1.04879 1.07179 1.04386 1.0474 1.07647 1.0962 1.10849 1.12671 1.13214 1.21511 1.1418 1.16853 1.24734 1.21712 1.2386 1.24142 1.26241 1.31905 1.31902 1.37977 1.40393 1.36923 1.47527 1.4674 1.39412 1.48786 1.44791 1.54147 1.57347 1.64749 1.53736 1.65093 1.69743 1.65544 1.7251 1.68393 1.86935 1.91034 1.76489 1.80394 1.88688 1.83634 
1.93037 1.99935 1.88971 1.84983 1.75507 1.81191 1.81871 1.75786 1.66963 1.63628 1.58762 1.59309 1.60158 1.44967 1.60059 1.44748 1.47712 1.53986 1.42157 1.38526 1.44536 1.34765 1.31716 1.33207 1.27082 1.2389 1.26513 1.24254 1.25803 1.25082 1.17866 1.18964 1.16561 1.13799 1.13299 1.12227 1.09318 1.07666 1.06841 1.04866 1.03207 1.04922 1.0468 1.01645 1.01867 1.01765 1.01104 1.00036 1.00313 1.00045 0.999528 0.999022 1.00438 1.01409 1.00847 1.01563 1.032 1.0311 1.02728 1.04996 1.06387 1.07653 1.08153 1.07608 1.09278 1.11099 1.11921 1.1761 1.1498 1.18526 1.21129 1.18481 1.27443 1.213 1.28021 1.31515 1.33654 1.34298 1.39473 1.46599 1.40549 1.4678 1.48228 1.47343 1.4337 1.48058 1.57402 1.53568 1.67589 1.60219 1.62826 1.75965 1.58438 1.75423 1.78936 1.82654 1.7833 1.72729 1.84709 1.96697 
2.12425 1.81629 1.99806 1.77137 1.91674 1.67504 1.76452 1.74014 1.68436 1.70631 1.70091 1.64682 1.58638 1.57902 1.4411 1.50929 1.41229 1.45247 1.42433 1.47652 1.42667 1.40434 1.32674 1.35652 1.31032 1.3254 1.25102 1.21024 1.19561 1.24101 1.19398 1.15683 1.16075 1.15933 1.13648 1.12317 1.08984 1.06146 1.06888 1.04934 1.03798 1.05108 1.03138 1.01547 1.02565 1.01021 1.00134 1.00398 1.00188 1.0009 1.0011 0.996405 1.00804 1.00769 1.02264 1.01898 1.02147 1.05674 1.02866 1.05691 1.05872 1.07008 1.09755 1.11022 1.10547 1.12709 1.1357 1.13178 1.15199 1.19812 1.21779 1.21799 1.27623 1.28438 1.32557 1.32862 1.28992 1.33612 1.32812 1.46057 1.42053 1.39857 1.44896 1.51192 1.52201 1.66492 1.56241 1.59807 1.6257 1.58822 1.67153 1.69618 1.66304 1.76843 1.78929 1.76778 1.83117 1.93266 1.8575 1.97482 
1.83575 1.85517 1.82624 1.86987 1.88964 1.73908 1.73909 1.69499 1.59103 1.65315 1.63212 1.54203 1.52381 1.5612 1.5102 1.61542 1.52779 1.46814 1.44264 1.36721 1.3505 1.38055 1.28382 1.32831 1.29744 1.30009 1.25663 1.24465 1.19078 1.22455 1.18207 1.18171 1.15968 1.12484 1.13123 1.11761 1.11458 1.09438 1.07521 1.05117 1.05278 1.04567 1.02888 1.026 1.01536 1.00805 1.00116 1.00275 1.00134 0.999336 1.00028 0.998393 1.00344 1.01837 1.00407 1.00293 1.02046 1.02172 1.03142 1.05407 1.06756 1.04674 1.06923 1.10845 1.07947 1.10188 1.13399 1.12629 1.19515 1.18083 1.26338 1.2329 1.24382 1.26197 1.27161 1.34631 1.3266 1.27603 1.3184 1.39917 1.44303 1.46675 1.42342 1.51817 1.46239 1.49404 1.42489 1.47885 1.62981 1.69262 1.67781 1.76352 1.69838 1.63456 1.76948 1.87889 1.8698 1.78897 1.81109 1.80718 
1.92597 1.7677 1.83013 1.84856 1.81551 1.73799 1.82855 1.70514 1.69763 1.69606 1.6547 1.6131 1.63875 1.50207 1.53502 1.5408 1.4832 1.41966 1.43173 1.41376 1.36157 1.41855 1.36512 1.30298 1.30224 1.32211 1.25293 1.20021 1.22635 1.17221 1.17471 1.14512 1.17333 1.12538 1.11256 1.08507 1.08078 1.05625 1.04517 1.06388 1.03939 1.03583 1.02492 1.02187 1.02682 1.01341 1.0026 1.00703 1.00383 1.00064 0.999352 1.0021 1.00324 1.00664 0.995703 1.00803 1.03062 1.02893 1.033 1.04192 1.05578 1.07881 1.06435 1.09371 1.0938 1.10755 1.1356 1.10261 1.13589 1.18272 1.19373 1.19635 1.25986 1.30973 1.30989 1.29403 1.34258 1.35808 1.37959 1.33266 1.38953 1.43206 1.37855 1.57827 1.60665 1.5494 1.52176 1.57998 1.5556 1.57301 1.76941 1.62445 1.74053 1.71678 1.76982 1.80034 1.78975 1.94588 1.8913 1.92978 
2.02825 1.88545 1.83824 1.76049 1.92066 1.75484 1.85508 1.6658 1.62626 1.71562 1.67371 1.65658 1.64104 1.53741 1.47592 1.48526 1.52736 1.46701 1.47208 1.40618 1.39663 1.37335 1.4439 1.39103 1.33705 1.25013 1.27101 1.24512 1.28839 1.24576 1.20616 1.13895 1.15854 1.12725 1.13063 1.09465 1.0685 1.06533 1.05415 1.04349 1.06937 1.02389 1.03001 1.01137 1.01271 1.00531 1.00215 1.00447 0.99912 1.00223 1.00048 1.00268 1.00092 1.01325 1.01326 1.02836 1.03127 1.02436 1.05474 1.04121 1.07446 1.06159 1.08053 1.12161 1.09549 1.09392 1.12755 1.13264 1.18869 1.13166 1.16867 1.2106 1.25502 1.2867 1.30018 1.29524 1.26989 1.34764 1.36027 1.38344 1.39231 1.46162 1.50808 1.40241 1.48129 1.46243 1.53015 1.48869 1.58089 1.53048 1.59834 1.65129 1.69842 1.71751 1.76495 1.83011 1.71422 1.84726 1.81803 2.02464 
1.84247 1.97455 1.80873 1.77533 1.77528 1.84264 1.75492 1.68486 1.70533 1.66355 1.68152 1.61136 1.55271 1.54971 1.57159 1.46164 1.3862 1.42927 1.38928 1.37282 1.34963 1.42602 1.38971 1.29986 1.33023 1.21023 1.28373 1.26557 1.20013 1.2175 1.20066 1.15082 1.1604 1.1052 1.10677 1.05855 1.07066 1.13438 1.07781 1.04726 1.03779 1.02855 1.03357 1.02914 1.01944 1.00297 0.999339 1.0054 0.999492 0.999869 0.999673 1.00452 1.00327 1.01349 1.00918 1.00667 1.0164 1.03531 1.04156 1.03519 1.06859 1.07978 1.09346 1.07151 1.12709 1.12583 1.17841 1.14992 1.17163 1.20876 1.19502 1.22287 1.22281 1.27869 1.26247 1.28593 1.36063 1.32802 1.4204 1.4321 1.44753 1.37717 1.47249 1.48458 1.54913 1.53649 1.54005 1.69412 1.62223 1.67281 1.67284 1.65338 1.71879 1.7124 1.78599 1.86975 1.86614 1.86267 1.94474 1.872 
2.0466 1.93941 1.87429 1.80171 1.76401 1.75542 1.75567 1.75648 1.67135 1.70644 1.60058 1.69022 1.5058 1.5038 1.48581 1.51893 1.52284 1.45208 1.44173 1.395 1.4025 1.33009 1.34314 1.30163 1.30822 1.32882 1.23039 1.23394 1.21272 1.15766 1.16377 1.19215 1.14863 1.12653 1.10602 1.1325 1.1048 1.06536 1.08858 1.05686 1.0446 1.04544 1.02339 1.02269 1.01163 1.01297 1.00493 0.999811 1.00022 1.0001 0.999499 1.00195 0.998529 1.00869 1.01563 1.00651 1.03035 1.0411 1.04265 1.0613 1.06482 1.0508 1.0831 1.07239 1.0737 1.15064 1.11367 1.17419 1.14797 1.16517 1.17193 1.19757 1.29388 1.27765 1.27405 1.28437 1.28724 1.34336 1.39612 1.43359 1.42084 1.38181 1.46166 1.53405 1.45652 1.52137 1.62336 1.66709 1.60211 1.64563 1.59615 1.71921 1.67544 1.79066 1.71326 1.87766 1.80635 1.83707 1.87276 1.84869 
1.83271 1.92615 1.90208 1.89598 1.7701 1.73235 1.78495 1.67988 1.75951 1.7142 1.613 1.52457 1.55966 1.62158 1.57203 1.51486 1.39717 1.48302 1.45268 1.44285 1.36826 1.29457 1.33876 1.24034 1.31251 1.27972 1.3122 1.28783 1.16312 1.23355 1.16162 1.15319 1.15888 1.1297 1.12789 1.08483 1.11943 1.10366 1.07128 1.03579 1.06225 1.02686 1.03503 1.02678 0.997086 1.01648 1.00126 1.00199 1.00014 1.00076 0.999654 1.00146 1.00095 1.01239 1.01547 1.00929 1.01395 1.04128 1.03755 1.04106 1.04824 1.08104 1.08403 1.07415 1.1046 1.14126 1.14088 1.20828 1.16999 1.19655 1.22529 1.2301 1.20836 1.24516 1.27403 1.29787 1.33686 1.30161 1.41778 1.41577 1.38239 1.44616 1.46861 1.51558 1.50688 1.45315 1.41074 1.56949 1.5599 1.62978 1.63662 1.59674 1.65737 1.62175 1.81354 1.90095 1.84718 1.87948 1.94548 2.00201 
1.854 1.83615 1.88647 1.9173 1.879 1.67269 1.6731 1.68994 1.69268 1.71177 1.62384 1.61693 1.67944 1.51125 1.48941 1.50857 1.46146 1.42443 1.45628 1.34956 1.43329 1.27852 1.30683 1.39984 1.30437 1.31388 1.27914 1.23631 1.18015 1.18589 1.19469 1.19796 1.1585 1.16571 1.11641 1.10455 1.1136 1.07791 1.07372 1.05727 1.04251 1.02561 1.03025 1.02481 1.00201 1.00903 1.00603 1.00026 0.99703 1.00019 0.999592 1.00202 1.00447 1.00672 1.01262 1.01731 1.01392 1.02241 1.03592 1.06284 1.06458 1.05855 1.09844 1.13316 1.12505 1.11076 1.11764 1.16397 1.213 1.20723 1.17931 1.20638 1.20363 1.2693 1.28682 1.33904 1.3246 1.32966 1.32753 1.42114 1.45842 1.47067 1.51299 1.52226 1.53788 1.51451 1.53975 1.55368 1.67146 1.60995 1.67892 1.66242 1.79908 1.79182 1.82118 1.7437 1.86325 1.76797 1.78443 1.84312 
1.97267 1.8515 1.90062 1.82436 1.73163 1.86088 1.78552 1.74527 1.66278 1.66487 1.60922 1.62685 1.5764 1.58511 1.47588 1.60116 1.52411 1.55887 1.41905 1.3571 1.43934 1.36811 1.3335 1.34971 1.29901 1.25947 1.29162 1.23376 1.24708 1.20268 1.21032 1.15458 1.11175 1.11396 1.12381 1.15018 1.11842 1.08887 1.06678 1.05528 1.04293 1.03895 1.02168 1.02775 1.03034 1.01261 1.00995 1.00479 0.999086 1.00014 1.00006 1.00091 1.00344 1.00567 1.01637 1.02944 1.01893 1.01953 1.03061 1.05631 1.05375 1.06804 1.0848 1.08711 1.10834 1.09885 1.13358 1.14914 1.15531 1.16318 1.18628 1.23233 1.25255 1.27271 1.23895 1.31221 1.35733 1.36025 1.34787 1.40981 1.44632 1.48267 1.50776 1.53205 1.37615 1.52085 1.55242 1.64944 1.48065 1.55492 1.68728 1.73217 1.85938 1.72276 1.80553 1.74901 1.85293 1.89834 1.92036 1.96459 
1.96849 1.94706 1.98035 1.8332 1.81709 1.74716 1.66609 1.80898 1.74547 1.67505 1.66961 1.62909 1.62026 1.56403 1.4892 1.50132 1.42375 1.4907 1.419 1.44616 1.40859 1.35117 1.31034 1.33817 1.28291 1.24642 1.24837 1.26533 1.19716 1.20102 1.20261 1.17709 1.15859 1.10494 1.07757 1.08859 1.09834 1.09534 1.06194 1.06579 1.04889 1.03004 1.01307 1.03565 1.01906 1.01231 1.0061 1.00181 1.00355 0.999672 0.999639 1.00258 1.00156 1.00735 1.0113 1.02289 1.01949 1.03756 1.03132 1.05869 1.04634 1.05522 1.10193 1.08568 1.07528 1.14046 1.15105 1.13025 1.18547 1.17661 1.24494 1.21876 1.27154 1.24564 1.2061 1.3053 1.35784 1.33419 1.28004 1.42423 1.43852 1.42784 1.4389 1.50419 1.44119 1.50754 1.60811 1.52904 1.61747 1.48923 1.6662 1.72155 1.67772 1.70406 1.73426 1.80102 1.75948 1.90109 1.91435 1.88733 
1.93297 1.88005 2.00532 1.81769 1.82909 1.84979 1.75917 1.8067 1.73186 1.67606 1.64097 1.5817 1.6312 1.56618 1.57416 1.4415 1.54642 1.49727 1.35562 1.35335 1.40986 1.47677 1.36479 1.33762 1.2473 1.28548 1.31511 1.19113 1.21223 1.17697 1.20413 1.18395 1.1522 1.13175 1.10377 1.05968 1.07674 1.09064 1.07022 1.04975 1.06287 1.02891 1.0303 1.01489 1.02908 0.999733 1.00437 1.00803 1.00475 1.0002 1.00007 0.998661 1.00222 1.00239 1.0128 1.0286 1.02403 1.03151 1.04839 1.04243 1.06227 1.07691 1.08198 1.07193 1.08276 1.14366 1.12199 1.12204 1.16913 1.19933 1.22731 1.23015 1.26713 1.22635 1.23272 1.32642 1.32277 1.29181 1.40924 1.30924 1.36784 1.44796 1.4268 1.48108 1.51386 1.53095 1.56943 1.65568 1.62803 1.66684 1.68555 1.65302 1.68662 1.78599 1.8597 1.64065 1.89206 1.81094 2.08217 1.79377 
2.02417 1.79571 1.87948 1.85006 1.86709 1.67855 1.73089 1.59976 1.67459 1.73372 1.64115 1.58258 1.57784 1.54038 1.4356 1.56421 1.46086 1.45363 1.50326 1.40718 1.33843 1.34614 1.30613 1.33451 1.24948 1.24395 1.26035 1.26006 1.27163 1.20823 1.20556 1.16642 1.14584 1.12556 1.13187 1.09655 1.10038 1.0916 1.07453 1.05932 1.03822 1.07003 1.04561 1.01728 1.01386 1.00914 1.00727 0.999083 1.00027 1.00008 0.999834 1.00258 1.00177 1.00284 1.01169 1.02041 1.02644 1.02574 1.04702 1.05698 1.06013 1.05257 1.08492 1.09475 1.09648 1.14266 1.14088 1.1563 1.1646 1.18374 1.17271 1.2132 1.20395 1.2563 1.28324 1.2989 1.33693 1.32635 1.48001 1.40163 1.39994 1.44812 1.52123 1.45903 1.6314 1.52539 1.58338 1.51988 1.64474 1.55436 1.74343 1.68226 1.78018 1.72359 1.66242 1.75377 1.8464 1.80019 1.85553 1.91985 
2.02188 1.91765 1.77564 1.76248 1.81374 1.69995 1.80385 1.70897 1.6065 1.57899 1.65221 1.60497 1.50218 1.60618 1.54029 1.49204 1.53983 1.47533 1.42583 1.40871 1.37719 1.37396 1.28299 1.29933 1.26724 1.22108 1.30926 1.28015 1.17335 1.15739 1.17324 1.18069 1.15056 1.1268 1.13272 1.12177 1.09568 1.06782 1.06794 1.06475 1.05193 1.01549 1.02169 1.01886 1.01295 1.00665 1.0163 1.00149 1.00154 0.999993 0.999593 1.00039 1.00122 1.00884 1.00497 1.01495 1.02555 1.04217 1.04547 1.04709 1.06718 1.06403 1.06542 1.0999 1.12497 1.11219 1.10464 1.18149 1.15763 1.1723 1.22424 1.20612 1.19537 1.27886 1.25168 1.25729 1.3435 1.38869 1.41619 1.38537 1.39018 1.47095 1.44659 1.47713 1.56235 1.45744 1.55831 1.54964 1.60789 1.6914 1.73266 1.6028 1.78294 1.83775 1.72569 1.8158 1.80054 1.91451 1.84489 1.91378 
1.97125 1.78675 1.78495 1.92847 1.8009 1.75915 1.76805 1.67717 1.69538 1.68543 1.66802 1.61897 1.60893 1.55858 1.53591 1.57523 1.46443 1.46188 1.42789 1.4087 1.34405 1.38747 1.33297 1.28004 1.27618 1.24533 1.26289 1.28572 1.21487 1.18227 1.19951 1.14913 1.16346 1.15495 1.12683 1.13421 1.11262 1.0586 1.08669 1.03617 1.056 1.03387 1.03206 1.02529 1.01597 1.00575 1.00638 1.00909 1.00052 1.00085 0.999604 1.00158 1.00677 1.01359 1.02788 1.01639 1.03237 1.02927 1.05516 1.05877 1.07145 1.07952 1.06521 1.0914 1.07929 1.13311 1.16178 1.15979 1.1759 1.15541 1.21585 1.19754 1.23654 1.26004 1.2741 1.30989 1.34283 1.34792 1.32601 1.36055 1.3597 1.40842 1.56094 1.53397 1.60025 1.54639 1.5319 1.57617 1.66275 1.6346 1.73233 1.69025 1.72364 1.64335 1.76901 1.76798 1.84198 1.85488 1.80375 1.93757 
1.97041 1.8084 1.80128 1.83555 1.77708 1.91845 1.84746 1.70308 1.61422 1.60096 1.62911 1.69416 1.52286 1.53578 1.45359 1.55006 1.49779 1.55589 1.38517 1.39295 1.40579 1.38494 1.38937 1.37499 1.34628 1.29616 1.30231 1.20056 1.23129 1.15474 1.17692 1.16515 1.14824 1.16387 1.16774 1.09229 1.09301 1.07317 1.04269 1.06823 1.03702 1.03337 1.0244 1.0187 1.01563 1.01574 1.00865 1.00164 0.999731 1.0003 1.00083 0.998504 1.00122 1.00118 1.01297 1.01038 1.02347 1.02728 1.03465 1.05137 1.06692 1.06991 1.09126 1.06988 1.09171 1.15156 1.133 1.16411 1.18579 1.18689 1.22186 1.2298 1.23373 1.24638 1.28137 1.33141 1.33495 1.33373 1.37583 1.40387 1.41013 1.44456 1.47467 1.56206 1.42269 1.58481 1.53363 1.61799 1.60164 1.52507 1.68438 1.6719 1.81543 1.69964 1.74501 1.7809 1.76066 1.8767 1.90159 1.86545 
1.74914 1.90285 1.92975 1.74008 1.80115 1.9342 1.71426 1.83829 1.65966 1.66512 1.66102 1.54763 1.58162 1.52901 1.49532 1.54319 1.45023 1.54224 1.36694 1.42808 1.44648 1.31016 1.35399 1.32733 1.24689 1.30884 1.31289 1.25656 1.21276 1.21064 1.18485 1.16684 1.15108 1.11934 1.12325 1.13156 1.07899 1.08025 1.07124 1.04584 1.0557 1.03929 1.01593 1.01638 1.01433 1.01487 1.00166 1.00174 0.997915 0.99919 0.998538 0.999562 1.00329 1.00593 1.01113 1.00464 1.01485 1.02678 1.02515 1.03749 1.05651 1.05044 1.07508 1.09847 1.10962 1.10652 1.13388 1.15454 1.13959 1.12642 1.23868 1.21266 1.27174 1.20413 1.30519 1.33125 1.26756 1.40206 1.32704 1.43184 1.47181 1.41311 1.4653 1.45663 1.52666 1.55345 1.53141 1.60863 1.50073 1.59298 1.68115 1.68203 1.67779 1.77307 1.66048 1.93708 1.78971 1.78898 1.7896 1.73603 
1.92192 1.8288 1.87417 1.81185 1.79905 1.77163 1.70083 1.71609 1.5849 1.64202 1.66581 1.61095 1.60678 1.53598 1.40304 1.49725 1.48863 1.36151 1.41733 1.36413 1.34457 1.3326 1.40089 1.34853 1.2841 1.31718 1.24096 1.28978 1.18217 1.18919 1.20132 1.17849 1.12839 1.10108 1.11564 1.1152 1.11971 1.08705 1.09723 1.05632 1.03101 1.04191 1.03929 1.03102 1.01723 1.00869 1.00875 1.00876 0.997432 1.00021 1.00092 1.00412 0.998504 1.00595 1.0085 1.02009 1.00675 1.03158 1.05101 1.03296 1.0654 1.08478 1.08958 1.09578 1.09941 1.08846 1.15073 1.15784 1.1964 1.17515 1.20808 1.22407 1.19958 1.26535 1.26679 1.35084 1.3336 1.36869 1.34398 1.33724 1.36061 1.40408 1.50992 1.54436 1.48809 1.62379 1.50273 1.64753 1.60675 1.61288 1.57727 1.71219 1.59296 1.68914 1.84566 1.79985 1.81755 1.70467 1.96672 1.95411 
1.94392 1.93857 1.79732 1.80293 1.73144 1.77158 1.78612 1.67422 1.69956 1.65706 1.66363 1.54357 1.53999 1.54018 1.54928 1.53391 1.48689 1.38008 1.49866 1.44812 1.36134 1.30371 1.29937 1.37747 1.29803 1.25496 1.29706 1.23673 1.2306 1.19341 1.20647 1.16429 1.18188 1.12545 1.08916 1.08869 1.10265 1.07693 1.07689 1.05178 1.0395 1.04789 1.02114 1.01503 1.01357 1.0112 1.00608 1.0042 1.0039 0.999322 1.00024 1.00002 1.00301 1.00274 1.01331 1.01557 1.01662 1.03254 1.03217 1.04087 1.07323 1.062 1.05124 1.1203 1.097 1.12978 1.13913 1.19195 1.15164 1.18682 1.24386 1.20642 1.20319 1.21203 1.27395 1.27309 1.32456 1.35806 1.35155 1.33305 1.41359 1.4534 1.47235 1.50103 1.51029 1.52162 1.55237 1.63849 1.61033 1.67197 1.73248 1.56581 1.66559 1.72238 1.83091 1.68147 1.75784 1.87115 1.7194 1.92783 
1.92636 1.98436 1.90444 1.81325 1.81565 1.78448 1.81584 1.64885 1.70218 1.62183 1.67887 1.62972 1.52828 1.57992 1.56779 1.4676 1.56578 1.42834 1.40746 1.46228 1.44891 1.37131 1.36289 1.32558 1.32964 1.32315 1.22337 1.23814 1.21372 1.19587 1.19758 1.16058 1.1061 1.16074 1.09827 1.11471 1.09022 1.08361 1.04519 1.07425 1.04259 1.0431 1.02319 1.01818 1.01779 1.01061 1.00557 0.999441 1.00094 0.999769 0.999724 0.998664 1.00446 1.00015 1.00579 1.03874 1.03392 1.03343 1.04469 1.02869 1.06035 1.09376 1.09536 1.0918 1.09499 1.09852 1.13724 1.16562 1.20513 1.18238 1.20619 1.171 1.22392 1.30736 1.31024 1.2701 1.33132 1.33962 1.32497 1.32708 1.42046 1.49387 1.38228 1.57827 1.51278 1.4936 1.5764 1.54006 1.55846 1.58705 1.64215 1.77176 1.67551 1.81052 1.73503 1.80836 1.84126 1.93702 1.78073 1.87021 
1.8045 1.8235 1.87883 1.84336 1.85739 1.7305 1.77949 1.70227 1.70001 1.63269 1.62412 1.57178 1.57866 1.55472 1.4807 1.51003 1.46764 1.3788 1.41386 1.43874 1.35086 1.35372 1.26241 1.29022 1.27499 1.29727 1.20725 1.23971 1.17287 1.1603 1.19711 1.17097 1.13784 1.12508 1.10851 1.09986 1.09853 1.07354 1.09326 1.03895 1.01771 1.04595 1.02865 1.0131 1.01711 1.00538 1.01394 1.00593 1.00042 0.999404 1.00039 1.00008 1.00997 1.01484 1.01763 1.0141 1.04176 1.02524 1.0443 1.04008 1.04287 1.06132 1.08822 1.06896 1.14784 1.13831 1.1245 1.13754 1.18073 1.17857 1.17737 1.21843 1.20889 1.30652 1.23877 1.29711 1.34747 1.40544 1.25561 1.37738 1.37806 1.48455 1.51636 1.52962 1.56253 1.54463 1.54762 1.5797 1.62766 1.65263 1.71564 1.68135 1.76661 1.75795 1.79125 1.81973 1.79905 1.80184 1.84164 1.8645 
1.94256 1.87325 1.86862 1.8162 1.75722 1.82388 1.73518 1.66188 1.71693 1.65357 1.57168 1.6211 1.54597 1.63731 1.52785 1.51175 1.45119 1.4916 1.39131 1.43325 1.41773 1.38147 1.40649 1.33945 1.25694 1.23674 1.25723 1.22385 1.25785 1.2093 1.23869 1.15596 1.1795 1.1193 1.11841 1.10645 1.07194 1.06282 1.07868 1.06526 1.05709 1.03797 1.01779 1.02006 1.03274 1.01884 1.00086 0.999732 1.0016 1.00049 0.998821 1.00341 1.00877 1.01279 1.00926 1.01885 1.02368 1.04053 1.02683 1.04705 1.04784 1.05162 1.09294 1.08779 1.12238 1.1045 1.17866 1.17256 1.19466 1.21065 1.16864 1.1512 1.25131 1.22654 1.25559 1.30061 1.29623 1.33452 1.35245 1.37983 1.41718 1.41128 1.4512 1.53064 1.51945 1.48954 1.5796 1.55141 1.61164 1.60237 1.69006 1.67098 1.73851 1.65576 1.86083 1.79612 1.80654 1.89684 1.84759 1.83779 
1.93321 1.94028 1.95939 1.84859 1.81214 1.66064 1.79 1.74017 1.6541 1.65501 1.71946 1.68711 1.6038 1.61305 1.53539 1.4489 1.44505 1.52055 1.38925 1.42367 1.38192 1.3271 1.32616 1.31174 1.31387 1.29512 1.26274 1.30126 1.21603 1.20729 1.18155 1.17636 1.14585 1.12921 1.11027 1.09739 1.07132 1.05782 1.05057 1.07965 1.05167 1.04249 1.03888 1.01772 1.01012 1.01121 1.00798 1.00337 0.999325 0.999819 1.00043 0.997203 1.00465 1.00433 1.01778 1.01084 1.01981 1.0302 1.04679 1.02253 1.05909 1.04096 1.08026 1.06879 1.12891 1.09773 1.10586 1.14122 1.19692 1.18613 1.22624 1.20623 1.25403 1.26142 1.27956 1.3297 1.30336 1.35846 1.32201 1.3441 1.40175 1.45184 1.5624 1.52282 1.50783 1.54979 1.58784 1.56456 1.68987 1.61208 1.68802 1.6716 1.65289 1.68639 1.79102 1.76676 1.89783 1.8123 1.9503 1.87187 
1.91781 1.81747 1.88577 1.77527 1.7135 1.82389 1.73802 1.67487 1.64831 1.66876 1.61377 1.65078 1.60818 1.60227 1.56443 1.42385 1.40038 1.44752 1.49669 1.40848 1.44172 1.36018 1.35272 1.29918 1.35007 1.28627 1.3012 1.25558 1.24831 1.24818 1.21271 1.12669 1.15586 1.15655 1.10577 1.0922 1.13259 1.10764 1.06576 1.06366 1.02538 1.03415 1.02119 1.00773 1.00723 1.01521 1.01577 1.0066 1.00169 0.999956 0.999028 0.998267 1.00537 1.00881 1.01557 1.00882 1.04297 1.02746 1.03613 1.04105 1.05299 1.0614 1.05889 1.0898 1.09718 1.12726 1.10332 1.12591 1.12549 1.20701 1.15307 1.18368 1.19773 1.19787 1.28392 1.28978 1.33907 1.27221 1.39815 1.42793 1.40782 1.34646 1.34829 1.4412 1.46319 1.44593 1.58408 1.54259 1.61887 1.60968 1.54658 1.75568 1.78052 1.75987 1.81738 1.76968 1.86278 1.82894 1.8626 1.89772 
1.94443 1.79955 1.8754 1.7508 1.80943 1.79399 1.76478 1.77569 1.63645 1.77897 1.70668 1.58502 1.57717 1.56171 1.57049 1.53793 1.56727 1.36097 1.49438 1.4741 1.43704 1.41406 1.36872 1.27058 1.27098 1.27681 1.22794 1.23861 1.25204 1.16809 1.17952 1.15666 1.16638 1.16109 1.15939 1.07727 1.06791 1.08387 1.08843 1.03486 1.04407 1.03022 1.04427 1.02453 1.01971 1.00652 1.00411 1.00497 0.999876 0.999661 0.999371 0.998285 1.00851 1.00475 1.00785 1.01104 1.02977 1.03111 1.04383 1.03641 1.04447 1.05618 1.06324 1.11348 1.08646 1.08811 1.14743 1.15268 1.17006 1.18049 1.18786 1.23589 1.23411 1.25556 1.23605 1.31901 1.33368 1.30591 1.46583 1.35229 1.4152 1.44092 1.39102 1.48576 1.52546 1.57991 1.52376 1.55807 1.6011 1.70623 1.55521 1.74802 1.64724 1.79797 1.75616 1.81438 1.74603 1.87637 1.80453 1.8296 
1.98513 1.93621 1.93169 1.84088 1.74608 1.73776 1.77298 1.79766 1.69492 1.77163 1.60467 1.64678 1.67328 1.71031 1.49563 1.55725 1.43301 1.42369 1.46871 1.4358 1.39723 1.42888 1.34169 1.34819 1.30115 1.30603 1.20688 1.29937 1.21358 1.19428 1.156 1.14572 1.12143 1.1197 1.13759 1.12405 1.08309 1.07372 1.07071 1.07339 1.03635 1.02116 1.03799 1.01415 1.01746 1.00892 0.998669 1.00509 1.00246 1.00054 0.99977 1.0027 1.00513 1.00375 1.00655 1.01894 1.02401 1.03401 1.02236 1.03672 1.06435 1.06817 1.08022 1.06704 1.08525 1.13006 1.13074 1.15154 1.19106 1.19366 1.1708 1.19134 1.23141 1.2327 1.30839 1.31936 1.29772 1.35847 1.29678 1.48358 1.40356 1.47293 1.40579 1.42525 1.49419 1.56192 1.51597 1.55449 1.56116 1.67124 1.64078 1.76251 1.59594 1.69503 1.84737 1.76509 1.84754 1.81139 1.81057 1.9396 
1.88109 1.8548 1.85859 1.79833 1.80347 1.64615 1.80125 1.58129 1.78137 1.57136 1.66523 1.56381 1.57482 1.57058 1.51583 1.53601 1.51685 1.43854 1.42155 1.41242 1.51363 1.3569 1.33708 1.32074 1.33338 1.3018 1.25055 1.24128 1.21333 1.19914 1.17142 1.17505 1.18527 1.11337 1.10887 1.06161 1.1061 1.07164 1.05768 1.08202 1.04062 1.04603 1.03417 1.01389 1.01059 1.00648 1.00866 1.00608 1.00249 0.999505 1.00036 0.999651 1.00116 1.00232 1.01619 1.02043 1.02713 1.02742 1.02274 1.05088 1.0484 1.04406 1.07555 1.10406 1.10543 1.12212 1.14777 1.16927 1.16371 1.1738 1.19486 1.273 1.26318 1.25843 1.27911 1.34442 1.29764 1.35468 1.34727 1.34763 1.34463 1.37906 1.5805 1.47713 1.51885 1.47878 1.54891 1.69125 1.5948 1.60458 1.62032 1.71998 1.70239 1.8995 1.78599 1.87723 1.86753 1.83593 1.92199 2.00717 
1.95026 1.92417 1.89484 1.8935 1.7683 1.75694 1.76487 1.67797 1.63629 1.71193 1.67541 1.6192 1.63973 1.60038 1.53889 1.47736 1.48137 1.45504 1.40773 1.30928 1.39689 1.38406 1.41705 1.36057 1.31492 1.34612 1.2725 1.19055 1.2192 1.21914 1.16359 1.16211 1.12449 1.13569 1.12967 1.11752 1.09811 1.08156 1.06994 1.06424 1.04075 1.03235 1.02047 1.01894 1.02244 1.01035 1.00321 1.00139 1.00116 1.00028 0.999437 1.00075 0.999632 1.00097 1.00453 1.01897 1.01162 1.04155 1.03289 1.04556 1.07356 1.06525 1.06604 1.09888 1.10564 1.11911 1.17252 1.16445 1.15974 1.17675 1.19893 1.18515 1.24853 1.26319 1.27242 1.32909 1.21866 1.335 1.3404 1.40064 1.42409 1.47556 1.42074 1.51811 1.53437 1.51481 1.60568 1.5652 1.59398 1.64331 1.64345 1.71533 1.70246 1.6162 1.81261 1.79712 1.88606 1.84657 1.87118 1.87516 
1.80681 1.87068 1.95322 1.75232 1.77433 1.79949 1.68438 1.80661 1.6218 1.77009 1.66216 1.59211 1.49037 1.57249 1.53654 1.53543 1.54131 1.38436 1.43478 1.44233 1.38621 1.3924 1.32816 1.39502 1.30812 1.27033 1.23762 1.28771 1.2411 1.16464 1.18884 1.15963 1.12573 1.11757 1.11304 1.13051 1.1067 1.08261 1.05558 1.06657 1.05281 1.0181 1.02342 1.02672 1.01706 1.01611 1.0091 1.00303 0.998624 0.999819 1.00049 1.00148 1.00506 0.99952 1.002 1.00906 1.01893 1.04081 1.05367 1.02285 1.04689 1.06911 1.07177 1.0973 1.10128 1.14153 1.10573 1.15791 1.17873 1.18292 1.17115 1.21278 1.22065 1.2434 1.25478 1.3019 1.32814 1.29147 1.32967 1.41625 1.34821 1.45661 1.47627 1.468 1.47161 1.557 1.54372 1.46985 1.53656 1.56119 1.63576 1.65575 1.76947 1.73191 1.7517 1.80486 1.83783 1.84968 1.91542 1.86294 
1.90973 1.86698 1.82704 1.9427 1.74151 1.69915 1.78898 1.71436 1.76763 1.63501 1.60904 1.5249 1.69393 1.5829 1.55508 1.53461 1.48739 1.47865 1.45312 1.40841 1.36193 1.38634 1.34599 1.3752 1.30212 1.27172 1.2526 1.18637 1.20829 1.22404 1.18459 1.18062 1.12639 1.13514 1.11623 1.08216 1.06558 1.07904 1.06835 1.06162 1.04059 1.04669 1.0259 1.03331 1.01464 1.00875 1.01128 0.999778 0.999813 0.999839 1.00026 0.999742 1.00655 1.01362 0.997486 1.01242 1.01568 1.03568 1.01823 1.05151 1.04502 1.08225 1.06445 1.07918 1.09958 1.1468 1.1274 1.14738 1.14898 1.15869 1.23064 1.25055 1.24941 1.2512 1.23657 1.25698 1.30364 1.38567 1.418 1.36011 1.46645 1.45768 1.4572 1.50341 1.45769 1.51639 1.49248 1.61572 1.58249 1.59826 1.55945 1.72365 1.7417 1.7282 1.68875 1.73433 1.83901 1.85271 1.85774 1.97463 
1.9498 1.84533 1.86128 1.90317 1.7913 1.61561 1.75354 1.61664 1.62585 1.61039 1.62547 1.58547 1.4828 1.59126 1.5207 1.55206 1.43976 1.40163 1.49212 1.36959 1.45459 1.37424 1.31658 1.29554 1.27601 1.2718 1.24662 1.21136 1.25805 1.14096 1.16191 1.16011 1.16269 1.15736 1.15797 1.12163 1.0985 1.04626 1.04275 1.05993 1.05441 1.02172 1.02762 1.0168 1.00477 1.00888 0.999398 1.0003 0.998165 0.999719 1.00003 0.999906 1.0014 1.00677 1.00839 1.01223 1.01685 1.02688 1.05756 1.03821 1.05334 1.07431 1.04635 1.09984 1.13836 1.14216 1.10694 1.16043 1.20714 1.2229 1.17365 1.21847 1.24982 1.2234 1.35092 1.27609 1.26478 1.27035 1.42076 1.35417 1.52208 1.44868 1.54687 1.434 1.46376 1.57474 1.4468 1.52361 1.67334 1.65553 1.62997 1.66808 1.82793 1.76367 1.68629 1.78467 1.76432 1.85247 1.75966 1.87535 
1.93576 1.78246 1.84097 1.87016 1.77614 1.79221 1.69054 1.75692 1.67752 1.68188 1.63824 1.55941 1.58132 1.55878 1.54976 1.50527 1.43464 1.48656 1.48242 1.38433 1.38247 1.3934 1.39138 1.37088 1.28515 1.25662 1.23964 1.25618 1.23827 1.20187 1.1775 1.15636 1.12607 1.13624 1.13268 1.09433 1.07797 1.08515 1.07885 1.05005 1.0413 1.04319 1.01924 1.01825 1.02318 1.01345 1.01344 1.00533 1.00085 1.00008 1.00035 1.00166 1.00123 0.993242 1.01527 1.0121 1.0058 1.04076 1.03647 1.02622 1.02258 1.09782 1.08701 1.07895 1.08933 1.14164 1.08765 1.15036 1.22084 1.22948 1.21797 1.21437 1.22836 1.26987 1.3012 1.31003 1.33685 1.3401 1.39054 1.4398 1.40253 1.47669 1.42742 1.46026 1.48915 1.53191 1.53319 1.59495 1.61551 1.60791 1.60382 1.70189 1.70361 1.74065 1.78734 1.79093 1.81341 1.91227 1.82486 2.06009 
1.94957 1.83021 1.87849 1.86205 1.79348 1.83736 1.73578 1.69777 1.74718 1.68838 1.5245 1.70586 1.72183 1.45899 1.5492 1.52578 1.49375 1.43541 1.37933 1.4221 1.41239 1.39161 1.34724 1.37483 1.29865 1.3235 1.29083 1.27505 1.2746 1.19457 1.20225 1.17356 1.16055 1.11184 1.13136 1.1075 1.10112 1.079 1.0604 1.04963 1.04434 1.02537 1.03923 1.02235 1.00663 1.01137 0.998979 1.00162 1.00177 0.999572 0.999518 0.996131 1.00116 0.99619 1.01355 1.01845 1.01971 1.02892 1.03403 1.06225 1.08421 1.09785 1.07399 1.10433 1.12256 1.13042 1.13576 1.11527 1.17028 1.1932 1.14388 1.2288 1.23918 1.1836 1.1983 1.29136 1.34524 1.36625 1.35297 1.37972 1.32987 1.42579 1.50751 1.4499 1.49365 1.45786 1.55944 1.58806 1.50577 1.63865 1.75157 1.67506 1.68906 1.78432 1.79342 1.731 1.86736 1.88956 1.82708 1.8941 
1.8087 1.78232 1.82254 1.80505 1.76847 1.8151 1.74443 1.78973 1.7583 1.69268 1.68758 1.51223 1.63787 1.52532 1.55249 1.55359 1.53958 1.42916 1.46379 1.47338 1.36509 1.36419 1.33044 1.32766 1.35628 1.25688 1.28955 1.26337 1.23516 1.14775 1.18003 1.20379 1.16564 1.17398 1.13411 1.11592 1.0777 1.07749 1.08622 1.06388 1.04003 1.05429 1.0286 1.01481 1.02762 1.01479 1.00575 1.00864 0.998075 0.999727 0.999949 1.00412 1.00552 0.998994 1.00455 1.01287 1.02133 1.03439 1.03121 1.04911 1.06733 1.0626 1.06714 1.07024 1.1269 1.10275 1.1626 1.14767 1.14766 1.16012 1.2128 1.20526 1.24145 1.24488 1.26685 1.27909 1.31907 1.33525 1.41719 1.36533 1.46719 1.44684 1.41047 1.48684 1.47847 1.57371 1.59096 1.67554 1.63879 1.71492 1.66121 1.78984 1.73455 1.68721 1.75254 1.70513 1.92815 1.81222 1.85878 2.0741 
1.85819 1.95585 1.87274 1.87086 1.84107 1.75573 1.7799 1.71407 1.7683 1.73159 1.67088 1.64242 1.54604 1.54586 1.52689 1.43369 1.46209 1.44318 1.37649 1.41339 1.39872 1.36218 1.32365 1.30234 1.2864 1.32801 1.28374 1.22896 1.2384 1.21472 1.17941 1.15294 1.15369 1.11252 1.11468 1.07595 1.12554 1.05095 1.07248 1.0534 1.05055 1.02832 1.02195 1.01924 1.01269 1.00735 1.00864 1.00387 1.00132 1.00056 1.00124 0.997435 1.00419 1.00276 0.99951 1.00535 1.02132 1.01404 1.02975 1.04155 1.03802 1.05573 1.04903 1.07863 1.07369 1.13493 1.15814 1.13352 1.1961 1.18596 1.213 1.2423 1.25813 1.29021 1.23034 1.25276 1.3182 1.33575 1.32478 1.35262 1.36583 1.36057 1.4077 1.48233 1.52103 1.65117 1.57999 1.56485 1.58087 1.63103 1.71762 1.72186 1.69659 1.87326 1.72754 1.73376 1.76019 1.9332 1.80648 1.89735 
1.87003 1.94916 1.8852 1.85119 1.75793 1.8268 1.79991 1.80959 1.7571 1.59802 1.59897 1.62314 1.57721 1.46801 1.53505 1.49253 1.45539 1.37351 1.36218 1.35883 1.34906 1.35224 1.28834 1.36728 1.32949 1.24113 1.2858 1.23453 1.19223 1.20393 1.20252 1.15288 1.17446 1.13432 1.09956 1.07979 1.07417 1.08147 1.06993 1.05111 1.03472 1.02759 1.01613 1.01989 1.02226 1.00698 1.0102 1.00435 1.00015 0.998571 1.00029 1.00033 1.00599 1.00466 1.01889 1.01662 1.03063 1.02207 1.02166 1.03431 1.04887 1.07099 1.08523 1.10208 1.10136 1.11671 1.10701 1.14616 1.1118 1.20509 1.194 1.18953 1.24486 1.27449 1.28654 1.28864 1.27861 1.33406 1.3408 1.42871 1.4225 1.41729 1.51872 1.48227 1.47631 1.57408 1.63469 1.56692 1.50827 1.67615 1.685 1.62557 1.74931 1.67891 1.74861 1.85321 1.77868 1.78208 1.90327 2.02337 
2.05263 1.89188 1.78463 1.82486 1.70143 1.76818 1.66008 1.61972 1.71416 1.63968 1.57872 1.63358 1.59602 1.54154 1.52478 1.47419 1.4541 1.53185 1.42643 1.39312 1.36439 1.41665 1.28774 1.35147 1.27493 1.27527 1.23958 1.22869 1.16859 1.20024 1.19418 1.14434 1.1856 1.15194 1.11446 1.10077 1.07584 1.08471 1.06863 1.05124 1.04961 1.02458 1.03713 1.02212 1.02427 1.01588 1.00581 1.0047 1.00359 1.00005 1.00115 1.00026 1.00368 1.00806 1.00308 1.01582 1.00629 1.04683 1.03317 1.03522 1.06114 1.06713 1.06527 1.09577 1.09633 1.13365 1.13406 1.1231 1.19082 1.16114 1.22482 1.22121 1.2925 1.27815 1.30387 1.27713 1.38752 1.37548 1.37049 1.35946 1.44223 1.36152 1.40396 1.53489 1.47904 1.57069 1.60136 1.5253 1.55775 1.57708 1.66737 1.5862 1.67822 1.71022 1.80917 1.83135 1.7607 1.88575 1.848 1.93171 
1.8419 1.94028 1.78199 1.76984 1.84974 1.67741 1.76898 1.77305 1.76848 1.57198 1.65796 1.62855 1.62018 1.56092 1.57924 1.543 1.40227 1.42879 1.42793 1.424 1.41939 1.36612 1.26763 1.32944 1.34306 1.32488 1.23594 1.24477 1.2674 1.18956 1.21484 1.14338 1.12456 1.14403 1.12821 1.11025 1.07155 1.08873 1.08106 1.05569 1.04122 1.03378 1.02424 1.01035 1.02284 1.01012 1.0126 1.00342 1.00101 0.999235 1.00157 1.00429 1.00525 1.01107 1.00213 1.02949 1.01432 1.03682 1.02764 1.0485 1.06812 1.0453 1.07251 1.07863 1.09597 1.10697 1.15557 1.12246 1.15555 1.19678 1.19054 1.21473 1.25727 1.24115 1.29493 1.28859 1.37854 1.35195 1.39755 1.36168 1.39897 1.49606 1.46408 1.47296 1.53177 1.54955 1.55109 1.56778 1.57963 1.6404 1.58613 1.7096 1.72292 1.74434 1.91038 1.76104 1.96187 1.77657 1.833 1.8146 
1.98738 1.92675 1.89229 1.79886 1.90782 1.72582 1.79755 1.66902 1.69134 1.61561 1.53287 1.60911 1.59307 1.59181 1.54092 1.47878 1.52251 1.46246 1.41833 1.40331 1.38776 1.33434 1.39001 1.28852 1.29617 1.24976 1.24634 1.24866 1.1793 1.21711 1.15683 1.19878 1.15803 1.10878 1.10486 1.08928 1.0842 1.09648 1.05408 1.06498 1.03881 1.04982 1.03535 1.02648 1.01234 1.01341 1.0044 1.00075 1.00017 0.999464 1.00031 1.00069 1.00304 1.00814 1.00468 1.01384 1.02074 1.03544 1.04836 1.05023 1.03993 1.07461 1.07725 1.09001 1.10548 1.12929 1.121 1.16155 1.11815 1.19333 1.25145 1.23199 1.22917 1.22502 1.28407 1.30783 1.32085 1.37375 1.39787 1.33617 1.40641 1.47226 1.45285 1.49655 1.54017 1.48957 1.51093 1.57302 1.54984 1.66552 1.72384 1.6779 1.7107 1.77378 1.82792 1.68844 1.88252 1.78962 1.92208 1.96977 
1.87742 1.8164 1.90304 1.74429 1.77429 1.78472 1.71878 1.77747 1.58512 1.68297 1.66688 1.4601 1.6788 1.54482 1.58813 1.53086 1.4263 1.35214 1.46702 1.42912 1.37496 1.39185 1.41208 1.3266 1.29607 1.28668 1.28814 1.23665 1.2137 1.19846 1.21733 1.18597 1.13891 1.17642 1.10626 1.06306 1.10777 1.07471 1.10231 1.0543 1.06214 1.0249 1.01431 1.03994 1.01108 1.01675 0.998808 0.996728 0.998966 1.00085 1.00068 1.0017 0.998056 1.00729 1.01199 1.01231 1.00536 1.0181 1.0233 1.06408 1.05739 1.05291 1.102 1.10235 1.0915 1.13267 1.1094 1.13402 1.15513 1.17886 1.19391 1.19899 1.24118 1.26957 1.29535 1.33271 1.3328 1.33182 1.33009 1.40875 1.39945 1.47333 1.43764 1.45172 1.44791 1.57485 1.52324 1.68837 1.61753 1.5964 1.58982 1.69052 1.72025 1.82726 1.7453 1.72096 1.91011 1.9441 2.02031 1.78828 
1.97829 1.92749 1.78047 1.89398 1.71731 1.77988 1.73029 1.66726 1.67323 1.60349 1.64128 1.51397 1.63781 1.60939 1.44449 1.4936 1.43808 1.36918 1.38506 1.43733 1.41301 1.32528 1.33684 1.30397 1.30501 1.26822 1.23166 1.21938 1.18458 1.13702 1.18343 1.15168 1.10136 1.1203 1.12435 1.09778 1.09863 1.08693 1.07495 1.03045 1.03647 1.03224 1.02362 1.00788 1.01156 1.0164 1.00728 1.00588 1.00206 0.999644 0.999546 1.00043 1.00444 1.00515 1.01683 1.01316 1.00369 1.039 1.04153 1.04997 1.04288 1.08187 1.07275 1.10483 1.09194 1.09947 1.13771 1.15814 1.20773 1.20242 1.16186 1.28993 1.21496 1.27268 1.27448 1.34764 1.3045 1.36471 1.42977 1.28499 1.39026 1.45471 1.41647 1.43721 1.49653 1.54336 1.57086 1.64027 1.59314 1.63914 1.66037 1.6294 1.73146 1.84515 1.81319 1.73663 1.83955 1.96246 1.91416 1.83062 
1.98516 1.83269 1.76821 1.82882 1.77386 1.82363 1.73223 1.7929 1.74445 1.65009 1.61009 1.61322 1.56287 1.59324 1.54632 1.47908 1.50616 1.45818 1.4604 1.45858 1.36044 1.41141 1.41869 1.3247 1.25125 1.25203 1.24802 1.24215 1.23493 1.21198 1.14733 1.08542 1.16243 1.12415 1.11914 1.11789 1.10233 1.08415 1.07658 1.05445 1.06301 1.02654 1.02052 1.01355 1.01899 1.00591 1.0001 1.00512 0.99774 0.99925 1.00138 1.00346 1.00677 1.00452 1.01343 1.00888 1.02647 1.02935 1.03543 1.06237 1.06567 1.02742 1.06409 1.09749 1.13299 1.11395 1.17298 1.14519 1.17215 1.17587 1.23583 1.19202 1.28334 1.26735 1.27904 1.30301 1.31341 1.30249 1.37207 1.39583 1.45329 1.43288 1.46502 1.46018 1.44379 1.57111 1.59846 1.5838 1.59215 1.59469 1.73211 1.74155 1.75746 1.85981 1.85319 1.74373 1.859 1.8712 1.88489 1.88895 
1.83898 2.03138 1.79906 1.77081 1.76114 1.67905 1.77465 1.66733 1.64802 1.73168 1.6479 1.54436 1.65473 1.60966 1.55877 1.42814 1.40068 1.43974 1.47099 1.40961 1.44028 1.41071 1.31991 1.34468 1.30074 1.3071 1.23093 1.18708 1.21818 1.19275 1.17191 1.12251 1.13612 1.13046 1.10327 1.09789 1.08664 1.0812 1.0696 1.04967 1.04127 1.01627 1.0382 1.01517 1.02514 1.01588 1.01087 1.00124 1.00306 1.00034 1.00006 1.00242 1.00222 1.0055 1.0054 1.01642 1.00133 1.0285 1.03651 1.03524 1.05953 1.03976 1.06163 1.08864 1.1126 1.13123 1.12202 1.14039 1.13856 1.15442 1.2058 1.27937 1.23382 1.27174 1.25159 1.32898 1.3705 1.29203 1.34155 1.37927 1.43881 1.41311 1.48662 1.51269 1.45591 1.49962 1.61204 1.66104 1.61726 1.50623 1.63543 1.67597 1.77763 1.76331 1.80873 1.72678 1.84511 1.79368 1.85342 1.79312 
1.97911 1.93372 1.74488 1.7196 1.8024 1.78109 1.68859 1.64668 1.71939 1.78038 1.58177 1.58306 1.58119 1.57401 1.53488 1.46953 1.55779 1.50791 1.436 1.47977 1.40952 1.29886 1.27619 1.29094 1.28784 1.29299 1.25404 1.21124 1.20381 1.19544 1.16832 1.16079 1.15993 1.16646 1.1108 1.10622 1.07634 1.07336 1.05284 1.0343 1.04986 1.02316 1.03931 1.02286 1.02947 1.00014 1.01612 1.00645 0.999084 0.999901 1.00024 1.00556 1.0074 1.00484 0.998958 1.00444 1.01221 1.0355 1.04703 1.05058 1.05754 1.05331 1.07563 1.09658 1.10017 1.11862 1.11356 1.13454 1.12776 1.1884 1.25748 1.22469 1.25373 1.32028 1.31978 1.27734 1.34203 1.36782 1.38744 1.43452 1.34131 1.39275 1.41142 1.50154 1.54877 1.55628 1.5999 1.5875 1.56664 1.59454 1.70845 1.68212 1.61497 1.82026 1.71149 1.82317 1.82216 1.86048 1.95788 1.85713 
1.91464 1.89561 1.81472 1.76617 1.79931 1.74871 1.61821 1.75442 1.70938 1.63935 1.62267 1.57721 1.55259 1.53538 1.56802 1.50061 1.43248 1.38847 1.37932 1.35756 1.42379 1.36521 1.31825 1.32127 1.32613 1.30915 1.28047 1.18626 1.19185 1.22814 1.17269 1.13497 1.12359 1.13154 1.1186 1.12724 1.05933 1.06784 1.04736 1.0472 1.0348 1.04178 1.02199 1.02992 1.02334 1.00888 1.00841 1.00088 1.00146 1.00102 1.00016 0.999026 1.00615 1.00421 1.00099 1.0013 1.02406 1.03421 1.04063 1.03579 1.0577 1.08931 1.08107 1.0829 1.10221 1.08857 1.11599 1.11764 1.13962 1.14428 1.21178 1.27049 1.22456 1.26488 1.27098 1.26858 1.36562 1.32789 1.4148 1.43461 1.39512 1.50216 1.49881 1.41824 1.57202 1.54081 1.57816 1.56294 1.64885 1.60937 1.63589 1.72654 1.6875 1.72465 1.80661 1.79925 1.88454 1.85973 1.78927 1.82257 
1.82279 1.92621 1.8495 1.85435 1.85715 1.78782 1.8218 1.62707 1.73949 1.6858 1.54886 1.51917 1.54239 1.55217 1.448 1.47933 1.50581 1.43549 1.42462 1.46705 1.4368 1.38835 1.41403 1.26593 1.31738 1.25143 1.26153 1.21652 1.2101 1.17959 1.1802 1.19649 1.13098 1.14625 1.07634 1.10535 1.10932 1.08886 1.04313 1.03675 1.04373 1.02321 1.01876 1.02198 1.0199 1.00872 1.00485 0.999646 1.00249 0.999977 1.00081 0.999635 1.00746 1.00536 1.00679 1.01557 1.01841 1.03125 1.02894 1.03672 1.04977 1.06632 1.05611 1.09523 1.14653 1.13203 1.14446 1.16013 1.16398 1.1877 1.21399 1.22651 1.24693 1.25549 1.30274 1.27902 1.33287 1.41298 1.38053 1.41992 1.33884 1.42765 1.39719 1.41329 1.44636 1.58862 1.5656 1.62748 1.64035 1.5413 1.64991 1.60748 1.69019 1.74595 1.67399 1.78883 1.81186 1.85793 1.82964 1.93571 
1.74419 1.75726 1.82733 1.87746 1.83946 1.63354 1.75704 1.70328 1.6607 1.62797 1.69334 1.59495 1.58583 1.63122 1.4619 1.44259 1.49415 1.51465 1.4626 1.35537 1.34846 1.39332 1.32083 1.33682 1.292 1.27274 1.24718 1.22595 1.20147 1.23669 1.14361 1.1669 1.10172 1.14489 1.12336 1.09759 1.11361 1.11255 1.05916 1.05535 1.04993 1.04061 1.03426 1.00974 1.01932 1.02909 1.01351 1.00227 0.999229 1.00017 0.999594 1.00035 0.998577 1.0054 1.00855 1.0189 1.01494 1.0377 1.03793 1.03989 1.03596 1.05033 1.08944 1.08606 1.10934 1.12185 1.13987 1.14563 1.1711 1.1781 1.2059 1.22148 1.23784 1.31012 1.24865 1.25882 1.35205 1.29424 1.37892 1.42906 1.37014 1.35675 1.52623 1.45777 1.55419 1.59456 1.56016 1.58569 1.59741 1.60634 1.62826 1.61781 1.7028 1.76276 1.87596 1.73222 1.8559 1.75301 1.80583 1.92956 
1.91018 1.79803 1.85274 1.81253 1.77667 1.76384 1.66784 1.68931 1.64511 1.58468 1.68203 1.60468 1.57906 1.56053 1.5308 1.52232 1.51987 1.44832 1.43375 1.49764 1.42652 1.33392 1.36614 1.30515 1.25226 1.29373 1.30612 1.23062 1.21498 1.19854 1.19973 1.18055 1.20124 1.15201 1.1218 1.10508 1.10729 1.07415 1.0682 1.06699 1.04496 1.03892 1.02822 1.02945 1.02464 1.01919 1.0049 1.00208 1.00354 0.999796 0.999952 1.0008 1.01191 1.0066 1.00755 1.01396 1.01761 1.02598 1.0383 1.04782 1.08016 1.10257 1.04729 1.07018 1.14433 1.1703 1.10655 1.13553 1.16503 1.16428 1.23601 1.23488 1.22183 1.25291 1.30323 1.25616 1.2762 1.40777 1.38063 1.32605 1.41229 1.37591 1.47357 1.45438 1.44406 1.55022 1.48632 1.56383 1.59382 1.66224 1.61759 1.60943 1.65479 1.6621 1.76219 1.82033 1.70426 1.81707 1.85833 1.88796 
1.98068 1.84306 1.89097 1.81327 1.75522 1.79686 1.66974 1.64247 1.5904 1.64312 1.60472 1.63576 1.55868 1.49172 1.48331 1.53907 1.55191 1.4243 1.34582 1.42624 1.41029 1.38974 1.35457 1.26065 1.29235 1.27911 1.32402 1.27695 1.21732 1.16019 1.17168 1.13993 1.19243 1.17093 1.11103 1.10138 1.08003 1.09138 1.0563 1.05435 1.04297 1.04436 1.03733 1.02625 1.01252 1.01228 1.00716 1.00022 1.00004 1.00117 1.0005 1.00172 1.00065 1.00251 1.00623 1.01633 1.03412 1.04287 1.03063 1.04525 1.06934 1.03862 1.09758 1.10339 1.09698 1.09165 1.13017 1.1433 1.13988 1.16757 1.20143 1.1977 1.23671 1.24205 1.30723 1.32432 1.26204 1.23551 1.29109 1.39499 1.38136 1.42969 1.44534 1.45826 1.50187 1.58984 1.56944 1.592 1.53995 1.6662 1.6321 1.65241 1.70659 1.68684 1.6452 1.72856 1.90126 1.86755 1.90602 1.89367 
1.84226 1.83996 1.83977 1.7815 1.83821 1.92761 1.76821 1.7595 1.70278 1.76189 1.59328 1.58105 1.52177 1.60341 1.58895 1.45113 1.43308 1.47258 1.4336 1.44311 1.45023 1.4051 1.33997 1.28383 1.27754 1.29521 1.32242 1.21849 1.20905 1.19512 1.13935 1.1848 1.14876 1.07133 1.16341 1.12445 1.09715 1.06475 1.08424 1.03463 1.06393 1.02574 1.0294 1.0074 1.02212 1.00014 1.00926 1.00291 0.99793 1.00058 1.0004 1.00234 0.998617 1.00929 1.0028 1.01658 1.02111 1.01082 1.03157 1.05593 1.09089 1.05438 1.06469 1.06911 1.11594 1.12776 1.11679 1.12032 1.15815 1.17339 1.21744 1.19061 1.23239 1.25169 1.28919 1.37294 1.31043 1.32696 1.43169 1.39845 1.4677 1.3971 1.5052 1.55317 1.54176 1.5276 1.58858 1.56269 1.51995 1.7689 1.51698 1.64167 1.82366 1.64593 1.6919 1.6373 1.82229 1.9632 1.7335 1.88707 
1.84612 1.93162 1.79613 1.99273 1.76949 1.7587 1.81167 1.67133 1.70821 1.65386 1.62623 1.60222 1.60235 1.52502 1.42819 1.53578 1.47787 1.48623 1.45342 1.42416 1.36913 1.38225 1.41996 1.2974 1.28438 1.26161 1.25437 1.2313 1.20711 1.23709 1.20719 1.20677 1.1511 1.11872 1.10196 1.08606 1.08775 1.08159 1.05543 1.04501 1.05307 1.0385 1.03365 1.02059 1.02304 1.00513 1.00111 0.998872 0.999976 1.00021 1.00005 1.00099 1.00571 1.00374 1.00534 1.01202 1.02652 1.02486 1.04885 1.04647 1.02505 1.08117 1.08142 1.06654 1.10856 1.08915 1.12626 1.1433 1.15482 1.15631 1.18476 1.20869 1.25884 1.28556 1.28064 1.32741 1.27351 1.36954 1.40588 1.38909 1.46139 1.39106 1.38823 1.48092 1.53077 1.46988 1.57471 1.60009 1.59918 1.63924 1.61334 1.68361 1.76492 1.76002 1.83772 1.81743 1.83205 1.90666 1.91366 1.90334 
1.88711 1.78229 1.89578 1.84905 1.85037 1.72362 1.68803 1.72327 1.68009 1.68327 1.57969 1.61317 1.61194 1.56252 1.55187 1.52419 1.50586 1.40978 1.44442 1.44775 1.43035 1.38479 1.30442 1.32614 1.2464 1.2245 1.29866 1.22861 1.23904 1.20908 1.18876 1.19802 1.16906 1.15005 1.11647 1.10666 1.07798 1.05703 1.06497 1.05094 1.05929 1.04772 1.03156 1.03336 1.01829 1.00948 0.999281 0.999881 1.00049 1.00053 0.999887 0.997013 1.00198 1.00468 1.01367 1.01962 1.00537 1.0516 1.04739 1.02591 1.05296 1.06221 1.09666 1.10382 1.12164 1.12727 1.13716 1.16581 1.14205 1.15406 1.18505 1.19942 1.17751 1.27946 1.27885 1.33912 1.29946 1.37783 1.33295 1.37028 1.35337 1.4209 1.46174 1.51053 1.5094 1.46391 1.5302 1.57488 1.58373 1.68173 1.67898 1.7157 1.783 1.79579 1.75239 1.75857 1.87988 1.78588 1.8392 1.9033 
1.90226 1.74552 1.87194 1.87779 1.95038 1.6903 1.7588 1.768 1.62143 1.71614 1.75054 1.5457 1.55135 1.55913 1.49566 1.51913 1.53358 1.44482 1.39217 1.41422 1.46515 1.43782 1.28361 1.28767 1.33306 1.26851 1.26427 1.24307 1.20514 1.15614 1.16906 1.18113 1.21503 1.16358 1.08903 1.07317 1.10341 1.07937 1.08291 1.06738 1.04386 1.04344 1.03304 1.02436 1.02044 1.01379 1.00196 1.00738 0.999307 0.999861 1.00074 1.00426 1.00576 1.00946 1.00796 1.01872 1.01925 1.02159 1.04183 1.04419 1.06867 1.0713 1.06801 1.0557 1.12904 1.11604 1.12269 1.1257 1.14749 1.22217 1.2056 1.23657 1.24518 1.27167 1.2957 1.26774 1.3372 1.32363 1.37014 1.35687 1.36868 1.46291 1.44584 1.505 1.45443 1.55259 1.47882 1.59814 1.58475 1.58924 1.66778 1.62723 1.69925 1.75539 1.86823 1.75373 1.89234 1.75415 1.83629 1.88629 
1.92568 1.81834 1.78237 1.85542 1.83585 1.77232 1.68336 1.76122 1.73661 1.72248 1.66196 1.60668 1.5538 1.60427 1.60012 1.47885 1.50381 1.47006 1.43085 1.43804 1.34332 1.34772 1.34209 1.27684 1.27853 1.32447 1.27329 1.2177 1.26059 1.18364 1.17453 1.16607 1.1637 1.1287 1.13478 1.10976 1.08879 1.07108 1.04166 1.07518 1.0567 1.03311 1.0451 1.01717 1.01948 1.0134 1.00598 1.00554 1.00381 1.00015 0.999709 1.00194 1.00349 1.01789 1.00919 1.01725 1.0227 1.03559 1.03755 1.04532 1.04668 1.05397 1.06528 1.08737 1.10909 1.12563 1.13031 1.12195 1.21315 1.21492 1.19983 1.19156 1.24184 1.21503 1.24308 1.27905 1.28367 1.39992 1.39849 1.35847 1.44892 1.45687 1.47512 1.49591 1.55915 1.6097 1.57639 1.62352 1.67789 1.68773 1.63815 1.66743 1.66349 1.70604 1.80235 1.78581 1.94062 1.94477 1.85261 1.9344 
1.90225 1.86919 1.93336 1.8391 1.74832 1.72796 1.68725 1.69217 1.74391 1.66691 1.5823 1.61611 1.56124 1.56538 1.56529 1.56051 1.46517 1.44852 1.49828 1.47439 1.3812 1.34715 1.35345 1.35339 1.30183 1.30299 1.25696 1.22486 1.15087 1.19422 1.17685 1.1406 1.15234 1.15254 1.13453 1.14478 1.10173 1.07514 1.05923 1.05568 1.03102 1.03484 1.02126 1.00954 1.00631 1.01373 1.00876 1.00254 1.00478 1.00055 0.999339 0.999295 0.998409 1.00537 1.01166 1.00196 1.02643 1.01109 1.02912 1.05503 1.05668 1.0445 1.05765 1.11766 1.07262 1.13302 1.11792 1.1684 1.19937 1.14961 1.20891 1.26339 1.20442 1.27747 1.2537 1.33402 1.38925 1.3824 1.36804 1.36378 1.36495 1.49308 1.41991 1.47084 1.51165 1.57578 1.54513 1.46123 1.57213 1.64458 1.66826 1.70978 1.64427 1.75752 1.69684 1.73348 1.82021 1.85475 1.85731 1.91605 
1.82469 1.87324 1.91984 1.76029 1.73236 1.72855 1.72491 1.73064 1.76308 1.68377 1.60715 1.65145 1.56492 1.57928 1.51054 1.45149 1.46752 1.44208 1.34802 1.36493 1.42637 1.32734 1.29924 1.3114 1.3231 1.25327 1.29812 1.21884 1.21845 1.23238 1.16454 1.16499 1.16248 1.11399 1.12217 1.12852 1.09593 1.08652 1.05848 1.0749 1.04343 1.01188 1.02698 1.03279 1.01298 1.00562 1.0013 1.00395 1.00062 1.00033 1.00052 1.00176 1.00349 1.00092 1.00457 1.01631 1.01113 1.03068 1.03597 1.04797 1.05641 1.07762 1.09717 1.08938 1.1235 1.13455 1.11574 1.14499 1.15693 1.14799 1.18373 1.22072 1.25993 1.32438 1.25672 1.29816 1.31127 1.33962 1.36092 1.33004 1.39525 1.42563 1.46793 1.38924 1.54028 1.50816 1.58458 1.52219 1.56274 1.62632 1.53899 1.67176 1.76 1.87076 1.74349 1.88016 1.90289 1.79705 1.90587 1.85519 
1.8309 1.86179 1.80231 1.72211 1.73659 1.83233 1.65133 1.74111 1.80104 1.561 1.60869 1.58243 1.57114 1.55127 1.53608 1.54405 1.55806 1.39107 1.42519 1.37819 1.36914 1.28182 1.33889 1.33372 1.29315 1.26531 1.23633 1.20028 1.20188 1.23554 1.16756 1.16556 1.14671 1.14409 1.08862 1.09561 1.0942 1.06557 1.04107 1.04958 1.05708 1.03226 1.03365 1.03082 1.0205 1.01205 1.00398 1.00328 1.00202 0.999006 1.00053 0.998679 0.993923 1.0103 1.01599 1.00936 1.01939 1.03338 1.03888 1.0454 1.04661 1.05528 1.0693 1.07019 1.11324 1.10867 1.11683 1.17419 1.16302 1.14512 1.17629 1.2135 1.2632 1.21033 1.27612 1.34404 1.35607 1.36616 1.30401 1.3472 1.47578 1.44869 1.43133 1.48233 1.44339 1.62704 1.68135 1.53057 1.56225 1.6782 1.58166 1.62243 1.73502 1.74483 1.74666 1.80005 1.84354 1.92402 1.80665 1.91202 
2.07231 1.91485 1.84235 1.83625 1.80016 1.8022 1.72074 1.7262 1.69402 1.66076 1.58264 1.48486 1.54221 1.60248 1.50351 1.41134 1.4963 1.4735 1.45825 1.39613 1.39447 1.43535 1.37194 1.31831 1.35523 1.31098 1.22884 1.21568 1.22884 1.19381 1.19396 1.17526 1.18291 1.13459 1.12886 1.10896 1.09443 1.05495 1.07285 1.04533 1.0517 1.04604 1.01386 1.02122 1.02363 1.00571 1.00702 1.00666 0.998821 1.00081 1.00066 1.0004 1.00079 1.00465 1.0158 1.00732 1.04076 1.03831 1.03364 1.03505 1.04893 1.09561 1.09376 1.05839 1.10499 1.11546 1.15 1.12509 1.19673 1.1454 1.20074 1.17859 1.26442 1.26121 1.2612 1.2618 1.37897 1.36657 1.33417 1.37414 1.42672 1.43021 1.50191 1.50054 1.41058 1.63277 1.64468 1.60577 1.65868 1.62404 1.64118 1.76773 1.65979 1.78914 1.74198 1.82043 1.74801 1.96131 1.97695 2.00527 
2.04975 1.85603 1.85644 1.81534 1.72826 1.71816 1.66253 1.63662 1.71737 1.77859 1.62731 1.61516 1.47085 1.6477 1.49085 1.50548 1.49119 1.41604 1.43451 1.41738 1.47565 1.39321 1.28853 1.41199 1.28406 1.27823 1.25038 1.24579 1.24193 1.17845 1.1855 1.14493 1.16027 1.10738 1.11538 1.12208 1.07287 1.10634 1.05825 1.0519 1.06834 1.04768 1.02892 1.01984 1.00972 1.0186 1.00512 1.00392 1.00056 0.999964 0.999793 1.00001 1.00629 1.00951 1.00329 1.01504 1.03359 1.03662 1.03114 1.04245 1.05003 1.05162 1.06182 1.0947 1.12295 1.12507 1.12656 1.1348 1.15933 1.18109 1.17501 1.23243 1.25438 1.24441 1.25686 1.27392 1.3355 1.31869 1.35442 1.32739 1.40426 1.40661 1.46228 1.53118 1.44962 1.54493 1.52597 1.54232 1.6039 1.69166 1.74283 1.65945 1.64706 1.70077 1.81046 1.81808 1.81195 1.7376 1.91217 1.9216 
1.93882 1.83709 1.89275 1.75659 1.7511 1.78142 1.73168 1.70218 1.71559 1.70275 1.67544 1.59066 1.61749 1.63594 1.56622 1.50503 1.50282 1.47469 1.47429 1.40323 1.3886 1.37835 1.37926 1.34558 1.33219 1.26324 1.24026 1.24389 1.21915 1.18031 1.20188 1.17901 1.13446 1.12591 1.07986 1.10602 1.10159 1.10504 1.05752 1.06806 1.03347 1.04099 1.03853 1.03162 1.0112 1.00988 1.00077 1.00381 0.999959 1.00082 1.00009 1.00273 1.00162 1.01077 1.0131 1.02263 1.02264 1.02124 1.02479 1.03298 1.07143 1.06155 1.09169 1.09333 1.07068 1.12325 1.1493 1.15264 1.13205 1.1171 1.20217 1.20237 1.26848 1.24815 1.30519 1.34885 1.25876 1.39324 1.28055 1.35283 1.39471 1.47689 1.49823 1.43743 1.54861 1.51782 1.55581 1.58709 1.57901 1.64701 1.66857 1.76898 1.73088 1.65697 1.77824 1.77971 1.67019 1.90668 1.88468 1.95546 
1.91693 1.81359 1.89436 1.82241 1.70752 1.76881 1.66584 1.72341 1.60095 1.60846 1.61303 1.56456 1.56615 1.53742 1.49928 1.49125 1.50691 1.48026 1.40511 1.4173 1.44974 1.331 1.38351 1.32679 1.30797 1.25808 1.30588 1.26045 1.15811 1.17974 1.17003 1.14147 1.18897 1.12386 1.14379 1.12173 1.0877 1.07586 1.07808 1.07979 1.0572 1.05422 1.03513 1.01901 1.01151 1.00522 1.00439 0.998686 1.0004 1.00033 0.999922 1.00078 1.00502 1.00614 1.01157 1.02064 1.02414 1.01935 1.02063 1.06903 1.05172 1.07791 1.07355 1.09979 1.10271 1.13727 1.1442 1.17693 1.20926 1.16392 1.15935 1.20013 1.25502 1.24483 1.24389 1.27645 1.32662 1.3437 1.40931 1.35514 1.33543 1.439 1.52244 1.46481 1.43649 1.51079 1.64352 1.50424 1.615 1.62357 1.67494 1.66149 1.66753 1.7067 1.8686 1.80072 1.79388 1.88465 1.97214 1.86575 
1.95289 1.79009 1.8871 1.77078 1.76625 1.82509 1.73709 1.75003 1.61604 1.64373 1.61356 1.53487 1.65238 1.59573 1.53615 1.5189 1.47307 1.39636 1.42285 1.43079 1.40791 1.38692 1.28105 1.33513 1.28624 1.34161 1.24994 1.23254 1.2061 1.22172 1.19563 1.14674 1.18258 1.14392 1.11856 1.09479 1.10548 1.06985 1.04401 1.04889 1.04521 1.04906 1.02132 1.01988 1.01005 1.00055 1.00981 1.00331 0.997647 1.0002 1.00007 0.99968 1.00468 1.00705 1.01059 1.01836 1.00939 1.0341 1.03365 1.03685 1.05872 1.08109 1.06415 1.09266 1.1396 1.11696 1.13216 1.17608 1.16778 1.16386 1.25585 1.30558 1.27267 1.26626 1.25117 1.32626 1.32182 1.33832 1.36183 1.42779 1.35997 1.45557 1.53437 1.47077 1.47011 1.52828 1.60782 1.70961 1.58388 1.66974 1.60834 1.7182 1.74589 1.72621 1.82417 1.78367 1.77717 1.8117 1.91418 1.88942 
1.92318 1.91583 1.756 1.75947 1.81984 1.79378 1.68667 1.72498 1.71206 1.64132 1.64791 1.62009 1.60187 1.56149 1.5104 1.48567 1.39446 1.39166 1.40395 1.37334 1.37512 1.30376 1.39415 1.3551 1.31807 1.28648 1.19348 1.27691 1.23884 1.13023 1.25567 1.15353 1.13731 1.14633 1.14359 1.08531 1.0834 1.08404 1.07645 1.07882 1.05501 1.02807 1.03761 1.02274 1.02404 1.00121 1.00576 1.00572 0.998978 1.0002 1.00088 1.00095 1.00158 1.0059 1.01185 1.02064 1.01882 1.03793 1.02985 1.06004 1.04527 1.06477 1.10441 1.06545 1.09419 1.14964 1.14689 1.13384 1.13151 1.22563 1.20349 1.20771 1.23562 1.21704 1.28421 1.27173 1.32347 1.33327 1.40499 1.46926 1.37564 1.47412 1.33931 1.50753 1.50902 1.55533 1.52079 1.60725 1.64118 1.55072 1.57951 1.59229 1.60677 1.82827 1.72208 1.81717 1.9473 1.8221 1.87084 1.92607 
1.8596 1.90719 1.92655 1.82878 1.77406 1.814 1.61162 1.70034 1.70203 1.6483 1.65747 1.5781 1.54633 1.50786 1.46291 1.55129 1.53428 1.52001 1.51384 1.40788 1.38955 1.35628 1.3807 1.34617 1.36421 1.28696 1.22373 1.25853 1.23868 1.1922 1.17838 1.1962 1.15163 1.13232 1.07989 1.08453 1.09557 1.08865 1.03348 1.06732 1.05575 1.02891 1.04023 1.01314 1.01634 1.01825 1.01036 1.00221 1.00126 1.00029 1.00012 0.997852 1.00338 1.00825 1.00043 1.0214 1.02401 1.02526 1.02007 1.03736 1.06747 1.07103 1.10418 1.10054 1.10312 1.14816 1.10733 1.18519 1.1942 1.17001 1.23599 1.19147 1.25328 1.22176 1.30389 1.26011 1.31603 1.31068 1.37546 1.40895 1.38434 1.44083 1.43754 1.46004 1.50896 1.49272 1.43937 1.53441 1.6064 1.63694 1.69844 1.72247 1.79976 1.71917 1.79851 1.77135 1.87045 1.91579 1.82098 1.83563 
1.96584 1.88062 1.90021 1.85113 1.81927 1.75041 1.68546 1.72881 1.68056 1.77767 1.63699 1.57232 1.60175 1.48597 1.54627 1.54559 1.50988 1.43969 1.35527 1.44882 1.37335 1.31371 1.44442 1.33549 1.29278 1.26885 1.30493 1.26229 1.25499 1.21384 1.14845 1.19647 1.18163 1.12559 1.1363 1.11948 1.05694 1.07542 1.08838 1.06038 1.04365 1.03712 1.02706 1.02457 1.00268 1.00664 1.01557 1.00007 0.999437 0.99966 1.00028 1.00292 1.00237 1.00255 1.00776 1.0155 1.02171 1.03203 1.04516 1.042 1.03738 1.0836 1.05771 1.1032 1.06598 1.12497 1.12765 1.14393 1.14237 1.15295 1.17069 1.22004 1.26155 1.21882 1.2164 1.25694 1.29793 1.33163 1.43711 1.40585 1.38732 1.38135 1.44449 1.45283 1.5081 1.58638 1.55438 1.57383 1.67055 1.67894 1.6451 1.7043 1.64846 1.81702 1.84506 1.81202 1.87069 1.87536 1.76589 1.91556 
1.83744 1.79044 1.74131 1.81706 1.77408 1.73571 1.56757 1.74978 1.68129 1.62294 1.5572 1.54668 1.57784 1.55314 1.57513 1.49514 1.4495 1.38735 1.43406 1.40099 1.38763 1.40409 1.37423 1.27589 1.32584 1.24162 1.27214 1.22875 1.25757 1.25469 1.2305 1.13999 1.14102 1.14201 1.09392 1.1355 1.10489 1.10249 1.05892 1.06901 1.06159 1.02433 1.03696 1.02996 1.02307 1.02683 1.01309 1.00491 0.998433 0.999332 0.999808 1.00073 1.00262 1.00419 1.01718 1.01475 1.02451 1.03191 1.02656 1.04984 1.0502 1.05521 1.07862 1.11025 1.0873 1.13716 1.13477 1.14437 1.15112 1.18934 1.22073 1.21076 1.22807 1.23677 1.25268 1.29494 1.34989 1.36675 1.38087 1.32722 1.42606 1.4578 1.4589 1.4988 1.50704 1.48301 1.59668 1.53209 1.62288 1.57257 1.64384 1.69737 1.73486 1.78941 1.70005 1.82542 1.76989 1.86851 1.90668 1.79741 
1.98567 1.90699 1.83532 1.87733 1.81293 1.71917 1.63629 1.72267 1.68975 1.66671 1.7048 1.55023 1.60024 1.59405 1.57445 1.48672 1.47855 1.50985 1.4769 1.40685 1.39071 1.36035 1.36852 1.31604 1.34861 1.30029 1.25772 1.22795 1.19264 1.15287 1.21046 1.17256 1.14723 1.11448 1.13337 1.06001 1.10378 1.06539 1.05859 1.03889 1.06302 1.0529 1.01247 1.03173 1.02168 1.01494 1.00964 1.00198 0.998415 0.998967 0.999989 1.00084 1.00271 1.00108 1.01168 1.01154 1.01692 1.01575 1.04912 1.03958 1.06516 1.07711 1.07515 1.06777 1.0968 1.13047 1.15226 1.1605 1.17392 1.1658 1.21352 1.20998 1.24312 1.26177 1.23173 1.31682 1.25932 1.3254 1.35445 1.36956 1.47888 1.36189 1.47739 1.46563 1.56756 1.63446 1.49422 1.52719 1.62615 1.5993 1.66869 1.81591 1.82465 1.7572 1.77739 1.74188 1.88765 1.82966 1.76238 1.98803 
1.92194 1.85066 1.77228 1.80856 1.78479 1.80889 1.69374 1.76305 1.74017 1.70338 1.6163 1.64047 1.6279 1.55896 1.54322 1.51585 1.5197 1.47131 1.43974 1.43685 1.33605 1.35083 1.32578 1.35035 1.27967 1.25792 1.26364 1.20291 1.25532 1.15632 1.1687 1.17146 1.17383 1.10633 1.11783 1.10074 1.06024 1.08041 1.06258 1.0765 1.03011 1.05224 1.04209 1.02057 1.01513 1.01522 1.00321 0.997201 0.999563 1.00029 1.00034 1.00171 1.00534 1.00666 1.00724 1.00628 1.02962 1.02117 1.03423 1.02853 1.054 1.03955 1.05726 1.07565 1.11121 1.13113 1.15545 1.13346 1.15469 1.16918 1.20368 1.2169 1.23403 1.25626 1.27819 1.27345 1.29156 1.30848 1.38171 1.44364 1.41118 1.41327 1.42336 1.53176 1.46774 1.56574 1.5615 1.55077 1.51008 1.60043 1.68839 1.58804 1.68632 1.8186 1.80644 1.79578 1.78482 1.91438 1.97721 1.87241 
1.91649 1.93999 1.78099 1.82741 1.93561 1.67705 1.80655 1.71372 1.65004 1.70048 1.66162 1.6199 1.56035 1.5883 1.67425 1.54565 1.48577 1.44539 1.48447 1.39741 1.34866 1.393 1.29453 1.34618 1.29687 1.27771 1.24941 1.24442 1.26992 1.2354 1.16843 1.17464 1.11088 1.16098 1.13255 1.13063 1.11102 1.08288 1.07327 1.07383 1.05533 1.04665 1.01786 1.034 1.01148 1.01228 1.01242 1.00506 1.00307 1.00012 0.999534 1.00044 1.00493 1.00857 1.01323 1.00412 1.02291 1.03718 1.01749 1.05407 1.07265 1.05537 1.08474 1.10083 1.13555 1.12431 1.14214 1.13553 1.16855 1.17621 1.18274 1.21078 1.22492 1.24055 1.29098 1.28153 1.27407 1.37686 1.38503 1.40344 1.45356 1.38126 1.4163 1.48917 1.51062 1.6097 1.48304 1.6959 1.49626 1.52643 1.66376 1.74729 1.80309 1.86436 1.73679 1.86969 1.71851 1.88638 1.85286 1.96237 
1.88814 1.91418 1.96208 1.82686 1.81231 1.773 1.78206 1.55807 1.66013 1.66111 1.55443 1.65232 1.52981 1.51434 1.61487 1.5991 1.51827 1.49573 1.4429 1.41089 1.39537 1.36317 1.31042 1.2551 1.26152 1.26595 1.34189 1.19888 1.21232 1.20273 1.22789 1.15421 1.1535 1.11558 1.11383 1.09534 1.08949 1.07685 1.07352 1.02168 1.06035 1.0353 1.03974 1.01668 1.01511 1.00304 1.00176 1.00254 1.00227 0.999885 1.00044 1.00187 1.00145 1.00702 1.01078 1.02166 0.99978 1.02762 1.05015 1.04915 1.05692 1.04929 1.08579 1.09988 1.08472 1.13074 1.13813 1.12022 1.19207 1.19254 1.21503 1.18833 1.31623 1.26078 1.25823 1.27921 1.32929 1.37544 1.40135 1.41563 1.39538 1.43554 1.48267 1.53909 1.53316 1.58689 1.55575 1.57456 1.48035 1.62968 1.70364 1.61117 1.67009 1.81721 1.72002 1.83746 1.7653 1.94564 1.91565 1.97107 
1.97207 1.91378 1.90433 1.83479 1.80169 1.77651 1.71697 1.68178 1.67435 1.52612 1.58384 1.55887 1.60251 1.59297 1.52348 1.57161 1.46375 1.56033 1.41841 1.39009 1.34063 1.43397 1.35953 1.33504 1.34507 1.33659 1.30884 1.18025 1.22004 1.21402 1.18102 1.21134 1.15003 1.1494 1.106 1.09727 1.10233 1.07603 1.04005 1.04388 1.0326 1.04666 1.03192 1.0166 1.03424 1.00417 1.01036 1.00134 1.00126 1.00072 1.00083 1.0028 1.00509 1.01181 1.00679 1.02752 1.0206 1.03285 1.0364 1.05277 1.06957 1.0632 1.07687 1.08335 1.07979 1.14513 1.17547 1.1452 1.17429 1.19549 1.16758 1.22506 1.24066 1.29463 1.26044 1.34317 1.3566 1.31443 1.37525 1.38868 1.32973 1.45694 1.47948 1.45865 1.49501 1.50596 1.4559 1.62881 1.57223 1.58647 1.66332 1.73208 1.74149 1.73814 1.68566 1.83316 1.8776 1.78739 1.8999 1.9842 
2.00859 1.90388 1.83848 1.89658 1.73249 1.74572 1.64696 1.7247 1.65046 1.67013 1.68326 1.68344 1.60559 1.53899 1.55496 1.51226 1.53648 1.49159 1.41236 1.45497 1.4267 1.34239 1.34 1.32204 1.24817 1.273 1.23628 1.284 1.17991 1.16417 1.1821 1.17894 1.1435 1.13315 1.1303 1.07727 1.10578 1.08366 1.06345 1.04202 1.06348 1.04882 1.03262 1.02276 1.02759 1.00968 1.00371 1.00029 1.00064 0.999702 1.00038 1.00254 0.997841 0.998408 1.01427 1.01623 1.02458 1.01295 1.03199 1.04841 1.04168 1.06342 1.06913 1.08921 1.08691 1.12633 1.10688 1.18271 1.18207 1.19736 1.17179 1.25058 1.21897 1.28022 1.27604 1.33799 1.26851 1.32579 1.36433 1.38927 1.38544 1.34957 1.43575 1.45014 1.47081 1.59585 1.51298 1.5271 1.48649 1.62385 1.69725 1.77206 1.72232 1.77904 1.72656 1.71897 1.72665 1.78248 1.88278 1.85603 
1.92854 1.84116 1.75804 1.85718 1.73337 1.79638 1.68336 1.76002 1.65112 1.63101 1.60389 1.7508 1.59283 1.54451 1.56663 1.46891 1.49517 1.45362 1.39041 1.42939 1.42899 1.31836 1.32145 1.32508 1.31191 1.24382 1.25203 1.24026 1.22214 1.23764 1.23252 1.15947 1.12703 1.14495 1.13059 1.12421 1.09459 1.04858 1.07287 1.04709 1.04852 1.03626 1.02846 1.02 1.01698 1.0169 1.00823 1.00839 1.00502 1.00011 1.00069 1.0009 1.00506 1.00527 1.0076 1.01993 1.02941 1.04166 1.01305 1.04524 1.0576 1.07581 1.1016 1.0656 1.12067 1.11979 1.13964 1.11281 1.18415 1.17091 1.20759 1.2679 1.26949 1.24116 1.23293 1.26434 1.22279 1.3375 1.32946 1.295 1.43364 1.47028 1.50019 1.46571 1.53037 1.47018 1.41395 1.6097 1.59576 1.7042 1.71084 1.68243 1.66959 1.75311 1.7677 1.78703 1.94435 1.84512 1.74626 2.03693 
1.91691 1.8659 1.94762 1.76761 1.85067 1.85772 1.75433 1.75735 1.68977 1.63321 1.60076 1.64697 1.55801 1.57583 1.51053 1.51884 1.46421 1.43207 1.43371 1.4134 1.37378 1.34626 1.34523 1.32466 1.29789 1.26526 1.27415 1.21554 1.24107 1.19797 1.20644 1.14716 1.16239 1.11 1.13179 1.14802 1.07645 1.04128 1.09195 1.07322 1.06192 1.03476 1.03294 1.01395 1.01838 1.00457 1.00854 1.00539 0.99983 1.00054 0.999145 1.00103 1.0049 1.004 1.02235 1.01886 1.01157 1.02598 1.03333 1.05397 1.04869 1.08642 1.07494 1.07084 1.09883 1.12391 1.11862 1.11934 1.16178 1.17492 1.14037 1.187 1.28064 1.22511 1.29517 1.30804 1.31322 1.36392 1.33424 1.33994 1.40808 1.46383 1.4633 1.52322 1.53968 1.47436 1.53316 1.54703 1.68683 1.61872 1.67098 1.67313 1.72062 1.75073 1.75949 1.7266 1.87795 1.86517 1.97718 1.79298 
1.86416 1.9253 1.8449 1.82283 1.75056 1.76531 1.70663 1.73209 1.6653 1.61733 1.67323 1.62964 1.59182 1.44558 1.52803 1.56216 1.4998 1.47195 1.41975 1.39797 1.3966 1.36069 1.37289 1.31376 1.32922 1.25747 1.28398 1.23188 1.26336 1.18007 1.18746 1.18001 1.12683 1.13345 1.12628 1.10517 1.09402 1.08053 1.07576 1.05514 1.037 1.03364 1.01972 1.01896 1.01726 1.00976 1.00347 0.99984 1.00312 1.00025 1.00017 1.0023 1.00851 1.01352 1.01387 1.01105 1.02323 1.0189 1.04605 1.04576 1.04869 1.06397 1.08148 1.09767 1.15077 1.13012 1.13838 1.15906 1.15915 1.20489 1.20381 1.20554 1.24937 1.29519 1.27447 1.23619 1.29987 1.28498 1.40279 1.37401 1.29626 1.46866 1.4509 1.47654 1.56939 1.57337 1.53877 1.53433 1.61433 1.61249 1.63118 1.63629 1.76488 1.86895 1.84893 1.77282 1.84643 1.86444 1.96889 1.84219 
2.00785 1.86948 1.81795 1.8549 1.80196 1.72361 1.73028 1.80186 1.70229 1.70758 1.61607 1.60267 1.54395 1.49899 1.52313 1.50525 1.42496 1.36945 1.47739 1.44453 1.40654 1.4061 1.35759 1.32472 1.27088 1.28357 1.24398 1.22519 1.24574 1.20407 1.19625 1.146 1.15635 1.10472 1.12041 1.14449 1.06696 1.08714 1.09829 1.06213 1.0455 1.04815 1.03865 1.00523 1.01911 1.00454 1.01452 0.999638 1.00072 1.00091 1.00009 0.999223 0.999787 1.01069 1.00879 1.01488 1.01439 1.02501 1.04573 1.04305 1.04333 1.09303 1.08003 1.07563 1.08058 1.1397 1.10568 1.11899 1.18483 1.12717 1.21724 1.22684 1.25008 1.24694 1.30111 1.28804 1.32051 1.35611 1.38958 1.24199 1.32228 1.4746 1.44469 1.47781 1.53883 1.51471 1.54793 1.61053 1.62028 1.57979 1.71574 1.6676 1.70974 1.70707 1.75943 1.72101 1.82217 1.90868 1.80365 1.92572 
1.92967 1.91608 1.86074 1.76623 1.75472 1.79681 1.77422 1.78881 1.69025 1.69691 1.56314 1.64536 1.61801 1.50705 1.54855 1.54515 1.40464 1.47787 1.45107 1.45571 1.33293 1.38568 1.34268 1.27975 1.26428 1.27933 1.258 1.20941 1.26226 1.19981 1.2209 1.16484 1.19115 1.12352 1.12926 1.12018 1.08225 1.06705 1.07999 1.06088 1.04202 1.04001 1.0271 1.02472 1.01427 1.01614 1.00947 1.00442 1.0012 1.0008 0.999656 1.00224 1.00092 1.01469 1.01026 1.01225 1.01758 1.03304 1.03118 1.05778 1.06361 1.04464 1.05922 1.11433 1.08968 1.11928 1.13522 1.12225 1.17443 1.18911 1.22134 1.21877 1.23516 1.22574 1.24629 1.28616 1.34455 1.31182 1.33605 1.38104 1.45631 1.39746 1.53404 1.45506 1.50025 1.53628 1.52642 1.64131 1.66358 1.63003 1.71989 1.75131 1.61168 1.76272 1.81116 1.75865 1.73117 1.84806 1.90958 1.81186 
1.77873 1.8672 1.81782 1.89253 1.85675 1.80052 1.77247 1.71417 1.70121 1.67535 1.66427 1.58428 1.56485 1.6114 1.56878 1.45302 1.4911 1.46597 1.43717 1.36041 1.4001 1.3554 1.32871 1.23541 1.26483 1.32875 1.27279 1.24218 1.22538 1.18085 1.21037 1.15636 1.14149 1.14296 1.08567 1.13202 1.08462 1.09614 1.05135 1.01929 1.03163 1.03537 1.03804 1.02816 1.01594 1.0119 1.00211 1.00688 1.00023 0.999423 0.999787 0.99937 1.00702 1.00233 1.01855 1.01399 1.0182 1.02617 1.04664 1.04056 1.05741 1.05785 1.10522 1.08384 1.12594 1.11369 1.14348 1.15871 1.18307 1.18947 1.22125 1.25048 1.25864 1.25801 1.26473 1.32422 1.30429 1.34158 1.40668 1.39034 1.41191 1.38901 1.377 1.48417 1.47127 1.51553 1.57679 1.50113 1.51329 1.62577 1.68403 1.70393 1.70515 1.64359 1.78172 1.71931 1.92669 1.86085 1.71271 1.94264 
1.83429 1.96869 1.93854 1.78947 1.7426 1.68107 1.79543 1.68966 1.72648 1.64377 1.67102 1.61963 1.58763 1.60121 1.55712 1.43529 1.53674 1.43034 1.41765 1.41141 1.36286 1.40602 1.38513 1.30568 1.33533 1.28804 1.20649 1.2445 1.15843 1.2142 1.18193 1.14778 1.13747 1.15306 1.11761 1.0944 1.08134 1.06922 1.04406 1.05927 1.04732 1.03314 1.00744 1.03396 1.01994 1.01782 1.01576 1.00502 0.999409 1.00038 0.999993 0.998909 1.00029 1.00364 1.01346 1.01143 1.0216 1.02818 1.01015 1.03504 1.05937 1.07895 1.05964 1.07735 1.08114 1.13936 1.14225 1.14158 1.16204 1.21462 1.19914 1.20245 1.21963 1.25232 1.23128 1.33328 1.33531 1.32206 1.35715 1.33282 1.40513 1.43135 1.47498 1.5343 1.56458 1.47067 1.54318 1.62884 1.68342 1.64143 1.66178 1.79118 1.79738 1.61177 1.73384 1.7652 1.96034 1.88483 1.82589 1.92415 
1.83532 1.90313 1.81412 1.85367 1.87124 1.62642 1.78727 1.67396 1.80829 1.58952 1.69379 1.57162 1.59102 1.47209 1.45933 1.51176 1.39992 1.54502 1.40356 1.36743 1.36028 1.36331 1.47474 1.30464 1.29382 1.27559 1.28992 1.23419 1.21715 1.16359 1.18856 1.15049 1.12452 1.13663 1.10135 1.11108 1.07035 1.06923 1.08414 1.05363 1.04243 1.05186 1.01605 1.01925 1.02827 1.01359 1.00867 1.00612 1.00054 1.00013 1.00075 1.00496 1.00654 0.999056 1.0092 1.02056 1.02127 1.02935 1.05494 1.06615 1.06378 1.05844 1.08999 1.06373 1.08324 1.10182 1.17052 1.11561 1.16486 1.1767 1.21105 1.22447 1.26097 1.23618 1.28967 1.28802 1.32833 1.34442 1.31764 1.31966 1.46709 1.32486 1.51619 1.41184 1.48733 1.47244 1.56495 1.56795 1.6155 1.71365 1.69376 1.62824 1.79034 1.76837 1.82046 1.79583 1.87875 1.84758 1.92449 1.87074 
1.98952 1.90606 1.80239 1.76293 1.75955 1.72969 1.71421 1.71468 1.67278 1.57702 1.6481 1.62719 1.65977 1.51527 1.5973 1.41694 1.48074 1.45619 1.44151 1.35861 1.37595 1.36153 1.32758 1.35778 1.34446 1.2902 1.20132 1.19837 1.20702 1.26175 1.19001 1.16524 1.1589 1.12533 1.11911 1.10772 1.07782 1.09057 1.04369 1.04316 1.05026 1.02564 1.02208 1.01994 1.01663 1.01196 1.01179 1.00176 1.00365 0.999924 0.999497 1.00331 1.00128 1.01297 1.0049 1.01179 1.01876 1.04297 1.02448 1.04066 1.05641 1.07611 1.06485 1.08496 1.13384 1.09732 1.17664 1.17646 1.19688 1.13602 1.20743 1.23283 1.21067 1.24962 1.27299 1.30565 1.34424 1.34905 1.34734 1.41553 1.42423 1.47822 1.39292 1.38821 1.5114 1.51647 1.62513 1.66499 1.61208 1.45494 1.69539 1.65576 1.64393 1.76733 1.88017 1.75196 1.89523 1.76612 1.66009 1.95979 
1.92561 1.78812 1.81116 1.82289 1.83581 1.81347 1.69144 1.74781 1.71572 1.64937 1.54356 1.65122 1.6231 1.55142 1.53651 1.56017 1.44685 1.3897 1.42242 1.4297 1.37053 1.31737 1.33723 1.32635 1.29366 1.21603 1.25996 1.21813 1.20066 1.16449 1.16021 1.17338 1.17076 1.15359 1.15224 1.11445 1.07131 1.08412 1.08137 1.03653 1.07521 1.02652 1.02748 1.02565 1.01299 1.01648 1.00365 1.00535 1.00285 0.998701 1.00065 1.00367 0.999738 1.00683 1.00192 1.01432 1.04008 1.0234 1.0386 1.04662 1.05404 1.07339 1.08115 1.06996 1.10925 1.12336 1.18565 1.13339 1.13971 1.20444 1.11767 1.18118 1.24152 1.23612 1.33604 1.26619 1.34583 1.36998 1.3578 1.4004 1.41925 1.39005 1.56144 1.42369 1.45348 1.51037 1.5778 1.64073 1.64027 1.692 1.68764 1.74514 1.80963 1.73629 1.78233 1.77772 1.79887 1.79951 1.90875 1.89117 
1.88985 2.00802 1.78562 1.76133 1.76998 1.9092 1.65815 1.6721 1.75633 1.63537 1.64247 1.56926 1.53595 1.51038 1.50791 1.50955 1.46838 1.46472 1.49462 1.39882 1.46237 1.38779 1.32976 1.32102 1.30415 1.29791 1.24213 1.23037 1.20893 1.21305 1.2387 1.16531 1.15853 1.11102 1.08334 1.1005 1.09482 1.07719 1.06485 1.05614 1.03519 1.02412 1.03346 1.01082 1.00452 1.01399 1.00463 0.998622 1.00031 1.00072 0.999121 0.999382 0.996123 1.00653 1.01032 1.03676 1.02096 1.04444 1.03023 1.04299 1.06746 1.07273 1.04326 1.11861 1.13757 1.15291 1.11416 1.17689 1.15007 1.18618 1.18067 1.2019 1.24066 1.2263 1.3063 1.29204 1.29422 1.34594 1.35591 1.46288 1.37523 1.34952 1.42948 1.42709 1.59446 1.4491 1.63492 1.50001 1.56343 1.61181 1.63412 1.70451 1.74272 1.73745 1.74996 1.79386 1.78625 1.86966 1.84862 2.00498 
1.94033 1.94499 1.91815 1.73972 1.7928 1.73373 1.72318 1.68991 1.82962 1.56143 1.72706 1.55988 1.62681 1.58338 1.50255 1.52265 1.47287 1.48873 1.4068 1.38669 1.39579 1.35128 1.37725 1.32878 1.34038 1.32238 1.23353 1.22179 1.21239 1.17424 1.21248 1.13517 1.15985 1.15494 1.14074 1.10813 1.09178 1.06064 1.06192 1.0623 1.07615 1.05009 1.03378 1.02517 1.01713 1.00402 1.01088 1.00042 1.00281 1.00101 0.99977 1.00234 1.00307 1.00646 1.0105 1.01324 1.02265 1.03524 1.02959 1.04504 1.04916 1.03114 1.06632 1.10518 1.13012 1.12359 1.11188 1.20695 1.16431 1.17664 1.20486 1.24228 1.24065 1.23156 1.30052 1.31645 1.36344 1.36855 1.29119 1.34342 1.33126 1.42517 1.40962 1.46677 1.519 1.50753 1.55411 1.6734 1.65585 1.72223 1.69541 1.78658 1.70511 1.6695 1.80456 1.78393 1.76889 1.84408 2.02723 1.84241 
