-2 -1.9596 -1.91919 -1.87879 -1.83838 -1.79798 -1.75758 -1.71717 -1.67677 -1.63636 -1.59596 -1.55556 -1.51515 -1.47475 -1.43434 -1.39394 -1.35354 -1.31313 -1.27273 -1.23232 -1.19192 -1.15152 -1.11111 -1.07071 -1.0303 -0.989899 -0.949495 -0.909091 -0.868687 -0.828283 -0.787879 -0.747475 -0.707071 -0.666667 -0.626263 -0.585859 -0.545455 -0.505051 -0.464646 -0.424242 -0.383838 -0.343434 -0.30303 -0.262626 -0.222222 -0.181818 -0.141414 -0.10101 -0.0606061 -0.020202 0.020202 0.0606061 0.10101 0.141414 0.181818 0.222222 0.262626 0.30303 0.343434 0.383838 0.424242 0.464646 0.505051 0.545455 0.585859 0.626263 0.666667 0.707071 0.747475 0.787879 0.828283 0.868687 0.909091 0.949495 0.989899 1.0303 1.07071 1.11111 1.15152 1.19192 1.23232 1.27273 1.31313 1.35354 1.39394 1.43434 1.47475 1.51515 1.55556 1.59596 1.63636 1.67677 1.71717 1.75758 1.79798 1.83838 1.87879 1.91919 1.9596 2 
0.799254 0.80371 0.808218 0.812779 0.817391 0.822053 0.826765 0.831524 0.83633 0.84118 0.846072 0.851004 0.855972 0.860975 0.866008 0.871067 0.876148 0.881246 0.886357 0.891475 0.896594 0.901706 0.906806 0.911885 0.916935 0.921948 0.926914 0.931824 0.936667 0.941432 0.946108 0.950683 0.955144 0.959478 0.963673 0.967713 0.971585 0.975275 0.978768 0.982048 0.985102 0.987913 0.990467 0.99275 0.994746 0.996442 0.997824 0.998878 0.999592 0.999954 0.999954 0.999581 0.998826 0.997681 0.99614 0.994197 0.991847 0.989089 0.98592 0.982341 0.978352 0.973956 0.969158 0.963962 0.958376 0.952406 0.946064 0.939357 0.932298 0.9249 0.917174 0.909135 0.900797 0.892175 0.883285 0.874143 0.864765 0.855166 0.845365 0.835376 0.825216 0.814902 0.804449 0.793874 0.78319 0.772415 0.761561 0.750643 0.739675 0.72867 0.71764 0.706597 0.695553 0.684518 0.673503 0.662517 0.65157 0.64067 0.629825 0.619043 
1.06288 1.08746 1.10788 1.04058 1.07865 1.06745 1.04689 1.06973 1.03068 0.966226 1.03715 0.989149 0.99138 1.03614 0.980253 1.00803 0.999168 0.972422 0.998546 0.994089 1.00001 0.971396 0.986244 0.982628 0.965983 0.962551 0.957661 0.97584 0.968294 0.966493 0.982641 0.957272 0.977684 0.971563 0.958871 0.974885 0.96282 0.958762 0.967937 0.976595 0.979434 0.978822 0.97574 0.979594 0.979411 0.985189 0.986044 0.987758 0.994465 0.997882 1.00201 1.00558 1.00866 1.01446 1.01747 1.02555 1.02936 1.03962 1.0443 1.04975 1.05064 1.06419 1.07026 1.08264 1.09139 1.0952 1.11074 1.11616 1.12207 1.13412 1.13416 1.14735 1.16546 1.16771 1.19572 1.19233 1.19785 1.20979 1.21526 1.22173 1.22536 1.23824 1.27089 1.25881 1.30149 1.29919 1.31814 1.32097 1.32821 1.3176 1.35938 1.36144 1.38925 1.399 1.39638 1.42358 1.42415 1.46308 1.46226 1.49971 
1.03385 1.08306 1.07429 1.07971 1.0524 1.04948 1.04361 1.02645 1.00517 1.01871 1.04126 0.954145 1.04998 1.03895 1.01448 0.970643 1.00889 1.01914 0.984225 0.986212 0.994734 0.998275 0.966087 0.953264 0.959132 1.00529 0.994641 0.96827 0.97097 0.962726 0.968726 0.980285 0.965957 0.95817 0.967063 0.964427 0.959978 0.964389 0.973939 0.966231 0.972347 0.976487 0.965722 0.976227 0.978542 0.987985 0.986497 0.991768 0.994277 0.997674 1.00172 1.00649 1.01017 1.01543 1.02114 1.02333 1.03384 1.03194 1.04126 1.04627 1.05692 1.07192 1.07011 1.08625 1.09055 1.09649 1.09533 1.09869 1.13832 1.13175 1.15654 1.15107 1.16267 1.16013 1.18671 1.19806 1.18401 1.20276 1.20383 1.23981 1.25828 1.26494 1.2511 1.28057 1.28111 1.28814 1.30705 1.29069 1.34088 1.33742 1.37244 1.36059 1.40738 1.408 1.41733 1.39856 1.45464 1.46193 1.46054 1.47578 
1.04065 1.04279 1.06543 1.05436 1.07178 1.0477 1.05687 1.02117 1.02427 0.979839 1.05784 1.02204 1.03295 1.05383 1.02598 1.01308 1.00552 0.958249 0.979198 0.966066 1.0049 0.959497 0.959476 0.950994 0.965554 0.956285 0.982698 0.959508 0.965208 0.971699 0.965179 0.967574 0.982128 0.97383 0.981017 0.957844 0.950942 0.970449 0.966637 0.976562 0.971494 0.970313 0.979604 0.973173 0.980955 0.983705 0.986369 0.991976 0.994388 0.998023 1.00192 1.00665 1.01275 1.01549 1.02055 1.02339 1.03387 1.04045 1.04256 1.05615 1.05702 1.06631 1.07378 1.07243 1.08179 1.09615 1.1095 1.12052 1.12664 1.1284 1.13597 1.14557 1.14115 1.16848 1.17502 1.17908 1.20203 1.18659 1.21019 1.21993 1.23442 1.25225 1.24947 1.26683 1.28873 1.27874 1.30743 1.34142 1.34028 1.37467 1.37409 1.3546 1.41339 1.39461 1.43659 1.41244 1.46117 1.47456 1.48777 1.46694 
1.01005 1.0534 1.02265 1.05578 1.08943 1.06655 1.04464 1.01169 1.01656 1.00155 1.02063 0.99112 1.07563 0.999324 0.987144 1.04179 1.0374 1.00132 0.980375 1.00759 1.00496 1.01869 0.964591 0.988781 0.97468 1.00509 0.966745 0.972539 0.973552 0.993801 0.981475 0.967758 0.996194 0.965796 0.969071 0.96797 0.981883 0.967407 0.96718 0.960669 0.976518 0.976313 0.975981 0.977553 0.983697 0.985242 0.986591 0.990176 0.994979 0.998216 1.00196 1.00593 1.01127 1.01782 1.02358 1.02788 1.03321 1.04024 1.04338 1.04678 1.05659 1.06273 1.07053 1.08122 1.08937 1.09306 1.10082 1.11493 1.12111 1.1398 1.12556 1.14104 1.16138 1.17844 1.16691 1.19494 1.20612 1.23782 1.23231 1.23934 1.24779 1.26273 1.25059 1.27923 1.29775 1.30383 1.29938 1.32435 1.33031 1.37149 1.36098 1.38655 1.39057 1.41322 1.40882 1.40704 1.42283 1.45892 1.49274 1.47401 
1.1183 1.05611 1.09203 1.04566 1.03201 1.06803 1.05061 1.01432 1.05532 1.03357 1.02522 1.01964 0.974277 0.992951 0.985696 0.995193 0.961622 1.03061 1.01377 0.992088 1.00014 0.982269 0.967041 0.975113 0.96044 0.96085 0.972615 0.984319 0.976863 0.971233 0.976777 0.976941 0.951756 0.96894 0.957449 0.979151 0.956168 0.974076 0.970533 0.965524 0.9777 0.974499 0.97973 0.974213 0.98034 0.983708 0.984711 0.991005 0.993876 0.998213 1.00193 1.00529 1.01253 1.01662 1.02014 1.02662 1.02933 1.04101 1.04443 1.06049 1.05723 1.07087 1.07106 1.07883 1.09402 1.08439 1.10402 1.10818 1.11215 1.14048 1.15601 1.15712 1.16119 1.16442 1.17402 1.18649 1.19861 1.19771 1.21644 1.21935 1.24977 1.25608 1.25744 1.28974 1.26317 1.3036 1.33089 1.32494 1.34671 1.34354 1.36962 1.38273 1.35159 1.43101 1.43191 1.43435 1.44618 1.48099 1.4698 1.46655 
1.01618 1.02836 1.01929 1.08903 1.10222 1.09251 1.08886 1.064 1.07161 1.01922 1.00432 0.971997 1.01536 1.01359 0.974498 1.01055 1.0067 1.04288 1.00422 1.01441 0.972333 0.97307 0.988783 0.981004 0.993805 0.999165 0.992658 0.996095 0.978183 0.955411 0.967023 0.98298 0.969591 0.957424 0.982278 0.962035 0.981912 0.953731 0.973762 0.97615 0.973797 0.986402 0.978056 0.975531 0.979164 0.98612 0.985817 0.989585 0.993854 0.997624 1.00228 1.0065 1.01184 1.01532 1.01994 1.02988 1.03368 1.03798 1.0459 1.05442 1.05469 1.06494 1.07374 1.07385 1.08033 1.09843 1.10266 1.11422 1.11086 1.10955 1.13993 1.15259 1.14793 1.15816 1.165 1.18145 1.20162 1.19399 1.20029 1.21133 1.2155 1.26115 1.2533 1.28363 1.28647 1.28606 1.29473 1.29955 1.3284 1.32951 1.36611 1.35541 1.38999 1.38898 1.41334 1.45878 1.43257 1.42058 1.46217 1.46705 
1.13347 1.07551 1.10703 1.08364 1.07124 1.03547 1.03524 1.04694 0.992191 1.03314 0.987347 1.02583 1.02305 0.981254 0.977203 1.00678 0.947874 1.01051 1.02672 0.982842 0.969454 0.990404 0.992738 1.00442 1.00158 1.00301 0.975054 0.978433 0.975035 0.956639 0.971654 0.969546 0.966247 0.964568 0.958948 0.975269 0.984559 0.971292 0.970293 0.960405 0.972534 0.971386 0.978395 0.978699 0.981225 0.983963 0.987487 0.989307 0.994039 0.998646 1.00196 1.00758 1.01176 1.01777 1.01897 1.02693 1.03312 1.04256 1.04767 1.04871 1.05796 1.06702 1.07594 1.07647 1.08285 1.09264 1.11097 1.09907 1.09906 1.14393 1.13719 1.15742 1.17902 1.16471 1.16189 1.20555 1.20181 1.20027 1.21436 1.25775 1.23897 1.2525 1.26292 1.29513 1.28961 1.3322 1.3272 1.31476 1.35659 1.33572 1.39342 1.37893 1.37301 1.3954 1.42952 1.43525 1.44105 1.48625 1.47867 1.49613 
1.04442 1.08724 1.04513 1.06063 1.01199 0.993313 1.03576 0.9692 1.01341 0.986294 1.01341 0.99052 0.985197 1.02963 1.07995 1.03712 1.00236 1.0187 0.964313 1.01438 1.00019 0.993038 0.963405 0.981277 0.968109 0.987185 0.97511 0.989264 0.956263 0.971568 0.946738 0.969062 0.987204 0.968156 0.962455 0.97735 0.974086 0.987818 0.978863 0.97078 0.972549 0.969531 0.98382 0.979542 0.982655 0.980344 0.985762 0.98917 0.993031 0.997721 1.00209 1.00587 1.01246 1.01774 1.01922 1.02604 1.0262 1.03823 1.04631 1.03754 1.05502 1.06328 1.06734 1.08963 1.07244 1.09747 1.11114 1.11639 1.11647 1.12223 1.14039 1.14088 1.15022 1.16112 1.18669 1.16732 1.21187 1.21529 1.22929 1.22481 1.24659 1.25247 1.22728 1.2652 1.28726 1.291 1.27671 1.33394 1.36719 1.36088 1.37257 1.35533 1.41244 1.39451 1.38101 1.41061 1.40216 1.4643 1.42832 1.47243 
1.0416 1.11109 1.12998 1.06333 1.05064 1.01956 1.08139 1.00693 1.04113 1.04325 1.01307 1.0185 1.0157 1.04743 1.00785 0.991198 0.983931 1.01149 1.0049 0.986763 0.982913 0.978049 0.987074 0.989585 0.968436 0.985081 0.958979 0.974322 0.962648 0.962586 0.980295 0.954203 0.94933 0.965838 0.968484 0.96082 0.960473 0.959731 0.966404 0.970506 0.967375 0.974081 0.973332 0.980988 0.982333 0.98446 0.990866 0.992433 0.993486 0.998114 1.00237 1.00827 1.0104 1.01467 1.02158 1.02382 1.02792 1.0392 1.04542 1.04184 1.05386 1.06918 1.07108 1.07794 1.08593 1.10054 1.10812 1.11486 1.11849 1.12099 1.12916 1.14526 1.14757 1.17584 1.16616 1.16454 1.21671 1.21307 1.21426 1.23122 1.24388 1.22857 1.27626 1.26445 1.28354 1.28014 1.33255 1.33384 1.34804 1.35635 1.39137 1.37171 1.38169 1.41862 1.39607 1.41558 1.43054 1.4563 1.43835 1.47672 
0.988288 1.11126 1.08014 1.04435 1.03921 0.983632 1.02094 1.01858 1.019 1.00117 1.03063 1.01186 1.03338 1.01118 1.00059 1.01183 1.00537 0.980668 1.0248 1.0122 0.962888 0.977734 0.98565 0.981866 0.976796 0.979223 0.994481 0.987424 0.971492 0.960744 0.964033 0.980188 0.967378 0.96175 0.97188 0.957375 0.977307 0.975138 0.97217 0.974519 0.979421 0.974692 0.983582 0.97077 0.98102 0.983415 0.98789 0.992046 0.995193 0.997816 1.00207 1.00654 1.0127 1.01315 1.01842 1.02825 1.03016 1.03904 1.04403 1.04868 1.06683 1.05688 1.06642 1.07383 1.08035 1.10808 1.11651 1.10416 1.11135 1.14143 1.1329 1.15142 1.14036 1.18373 1.18454 1.17705 1.19957 1.19109 1.215 1.24407 1.24115 1.254 1.2968 1.2872 1.2823 1.2958 1.29172 1.34179 1.35467 1.37053 1.39158 1.37687 1.37254 1.41685 1.43276 1.46696 1.46496 1.45572 1.4559 1.47232 
1.08779 1.0475 1.06578 1.02454 1.03893 1.02384 1.02988 1.08789 1.00873 1.0446 1.01367 1.02296 0.984404 1.0371 1.00962 1.01175 0.968439 0.983702 1.01001 0.96541 1.04021 0.938932 0.987763 0.980892 0.965529 0.986233 0.965122 0.985015 0.966393 0.96928 0.977523 0.960191 0.978577 0.977358 0.980757 0.960349 0.97122 0.971711 0.970765 0.965055 0.968774 0.968137 0.98366 0.980701 0.977922 0.980458 0.988344 0.990425 0.993629 0.99797 1.00214 1.00523 1.01095 1.01523 1.02332 1.02461 1.03292 1.02812 1.05057 1.05194 1.06162 1.06529 1.06978 1.0747 1.09391 1.08784 1.10634 1.10799 1.11954 1.13955 1.12682 1.14197 1.14436 1.17353 1.16477 1.18281 1.16903 1.19786 1.21544 1.23344 1.24763 1.22549 1.30312 1.26952 1.30167 1.32683 1.3129 1.33066 1.31096 1.33479 1.36086 1.38596 1.38289 1.40612 1.40383 1.43003 1.46216 1.45246 1.47101 1.44545 
1.00653 1.10812 1.04412 1.03338 1.08264 1.07163 1.01586 1.05855 1.05324 0.95851 1.02332 1.00364 0.992363 1.04958 1.01809 0.995359 1.00417 0.987015 0.998117 0.986833 0.987752 0.944514 0.969732 0.980733 0.968923 0.967362 0.990205 0.968078 0.956986 0.979153 0.955219 0.965793 0.963401 0.959769 0.954307 0.963881 0.965005 0.986201 0.96462 0.966039 0.971957 0.970098 0.968616 0.977205 0.982234 0.982354 0.984045 0.992267 0.993753 0.997682 1.00199 1.00639 1.01027 1.01488 1.01996 1.02119 1.0346 1.03905 1.04495 1.05488 1.05611 1.06992 1.07534 1.07516 1.08766 1.0871 1.10505 1.10045 1.12429 1.11177 1.13785 1.15497 1.15794 1.14527 1.16869 1.16109 1.20044 1.19386 1.22685 1.25483 1.24203 1.26345 1.24639 1.27624 1.29142 1.3154 1.31179 1.33014 1.31028 1.34232 1.38318 1.35192 1.36341 1.42867 1.41558 1.42015 1.44282 1.44851 1.44848 1.46821 
1.03476 0.999966 1.09274 1.11348 1.05968 1.01438 1.01599 1.02145 1.04235 1.00653 1.04144 1.00271 1.02032 0.969099 0.954181 1.0259 0.963262 1.01797 0.985883 1.0092 0.971089 0.998394 0.990009 0.964119 0.985122 0.998506 0.974397 0.990073 0.957239 0.959821 0.954899 0.962412 0.948363 0.959306 0.974611 0.961998 0.97389 0.974534 0.97629 0.968537 0.978806 0.976139 0.972405 0.983272 0.978629 0.982359 0.986256 0.989504 0.992068 0.998076 1.00213 1.00723 1.01232 1.01408 1.01906 1.01944 1.02716 1.03879 1.03903 1.0559 1.04726 1.05878 1.06928 1.08209 1.09495 1.09709 1.10589 1.10343 1.12756 1.12389 1.151 1.14092 1.13472 1.15393 1.18826 1.18615 1.20712 1.21931 1.21722 1.21612 1.2212 1.248 1.27577 1.24644 1.26503 1.32598 1.34129 1.29184 1.34147 1.31056 1.38657 1.33697 1.42284 1.41408 1.40657 1.45701 1.43744 1.47654 1.46075 1.49137 
1.15068 1.07285 1.07133 1.06276 1.04186 1.05394 1.03709 1.06878 0.968453 0.979079 1.00905 1.01845 1.04699 0.986805 1.01042 1.00124 0.973649 0.986342 0.989462 0.952473 0.968985 0.994465 0.982624 0.991833 0.999309 0.960653 0.987368 0.958062 0.974205 0.978452 0.964655 0.967834 0.957999 0.955571 0.968026 0.981713 0.969446 0.965484 0.968627 0.974475 0.966991 0.976495 0.971006 0.980742 0.982525 0.983787 0.989141 0.990825 0.993948 0.998129 1.00204 1.0062 1.01136 1.01342 1.02236 1.02784 1.02824 1.03757 1.04578 1.05166 1.05188 1.06648 1.05956 1.07477 1.09418 1.09267 1.10875 1.10389 1.13228 1.11565 1.14678 1.13722 1.15074 1.15525 1.17444 1.19235 1.19891 1.20827 1.217 1.25365 1.24029 1.22987 1.28486 1.26355 1.26101 1.29666 1.29163 1.29919 1.35277 1.37888 1.34465 1.35039 1.35267 1.37726 1.40683 1.39405 1.40608 1.44696 1.43944 1.47631 
1.09245 1.1451 1.1176 0.995726 1.10974 1.05952 1.02434 1.01449 1.00985 1.05586 1.00649 1.00573 1.01377 1.04149 0.962971 1.04712 1.03498 0.990784 0.998724 0.972402 0.981636 0.972977 0.97152 0.978509 0.97615 0.96647 0.952331 0.986134 0.980012 0.984668 0.972642 0.980645 0.965513 0.965618 0.965899 0.97977 0.973746 0.973776 0.959985 0.97254 0.970097 0.969733 0.977093 0.977682 0.979991 0.985042 0.988391 0.988912 0.994779 0.997668 1.00166 1.00774 1.00874 1.0179 1.01876 1.02654 1.03434 1.04098 1.04083 1.04956 1.06089 1.0691 1.07596 1.08166 1.09716 1.10827 1.11242 1.10294 1.12119 1.14138 1.15949 1.15255 1.15216 1.17664 1.15952 1.19691 1.19716 1.20886 1.23725 1.24161 1.26222 1.24689 1.24724 1.28213 1.29658 1.28424 1.30978 1.32023 1.31925 1.35702 1.36145 1.38491 1.4229 1.44289 1.42813 1.4161 1.45053 1.433 1.47278 1.43293 
0.998124 1.08748 1.06272 1.05929 1.00464 1.04872 0.992927 1.05582 1.0042 1.06907 1.0206 1.00151 1.03465 1.0134 1.00914 0.988683 0.974907 0.974021 0.98995 1.00725 1.01649 0.994898 0.995105 0.985428 0.961718 0.981565 0.985926 0.998244 0.962805 0.986984 0.989445 0.950661 0.951273 0.971526 0.972493 0.965607 0.965318 0.971915 0.972605 0.971606 0.975219 0.979908 0.974595 0.97535 0.988433 0.985955 0.989177 0.991894 0.994451 0.99805 1.00137 1.00576 1.00979 1.01554 1.02651 1.02779 1.0354 1.03431 1.04069 1.05684 1.06198 1.06511 1.07461 1.07998 1.09989 1.08863 1.10605 1.11725 1.12191 1.13152 1.14602 1.1522 1.15427 1.16549 1.18113 1.18377 1.20499 1.20835 1.24002 1.23403 1.23093 1.2273 1.23783 1.27014 1.27922 1.29878 1.32179 1.32487 1.3253 1.32857 1.36054 1.36465 1.37874 1.38881 1.40719 1.45171 1.44814 1.46726 1.48997 1.49712 
1.06996 1.1281 1.02634 1.07086 1.06775 1.10925 1.07408 1.09061 1.01058 1.07006 1.04357 0.963199 1.02593 0.979856 0.980423 0.995411 1.0012 0.976737 0.99266 0.994606 0.999971 0.971023 0.985597 0.966242 0.973156 0.975619 0.979224 0.988035 0.961986 0.964274 0.956731 0.944742 0.964679 0.956692 0.965866 0.963606 0.966264 0.967821 0.966378 0.98103 0.966622 0.977525 0.979355 0.981032 0.978853 0.985099 0.988766 0.990708 0.993916 0.997955 1.00227 1.0068 1.01273 1.01412 1.01946 1.02141 1.02728 1.03386 1.03871 1.05295 1.06317 1.06781 1.08944 1.07631 1.08629 1.09481 1.12066 1.10881 1.12214 1.11241 1.1465 1.15419 1.16012 1.1611 1.17345 1.1976 1.18758 1.20284 1.23313 1.21007 1.23581 1.25703 1.26219 1.29167 1.27797 1.24882 1.32727 1.31964 1.32973 1.32222 1.34295 1.3683 1.36659 1.39988 1.40623 1.41248 1.42539 1.45911 1.44895 1.4708 
1.09303 1.09039 1.09478 1.03979 1.02576 1.06349 1.02827 1.00274 1.051 1.06452 1.02249 1.02486 1.01514 1.02283 1.02731 0.985844 1.03335 1.00199 0.988845 1.00329 0.972889 0.983113 0.963641 0.956564 0.978503 0.965185 0.962654 0.981001 0.95878 0.981513 0.968625 0.969843 0.967007 0.995983 0.954162 0.977763 0.967514 0.974929 0.975361 0.96298 0.993587 0.974878 0.971642 0.980173 0.980327 0.986297 0.986158 0.990727 0.994486 0.997862 1.00173 1.00593 1.0117 1.0146 1.02137 1.02972 1.03615 1.03786 1.03599 1.05712 1.05951 1.06461 1.07669 1.0722 1.08846 1.09442 1.09296 1.12109 1.11711 1.13553 1.14928 1.13906 1.15607 1.17724 1.1781 1.18919 1.19672 1.20706 1.20565 1.22318 1.23621 1.27541 1.26212 1.27573 1.27515 1.27286 1.29743 1.32137 1.29469 1.33532 1.366 1.40568 1.40885 1.38793 1.41492 1.41609 1.45286 1.44695 1.44895 1.49065 
1.07842 1.02235 1.05968 1.03524 1.0703 1.04962 1.02344 1.0844 1.01815 1.01261 1.00869 1.02664 0.97917 1.01384 0.996974 0.985912 0.980209 1.00751 0.983475 0.951895 1.00905 0.986048 0.983885 0.962504 0.974352 0.965924 0.977309 0.977615 0.976828 0.983458 0.973152 0.959453 0.988585 0.963198 0.986253 0.965963 0.960192 0.97254 0.969172 0.977823 0.976933 0.977492 0.978089 0.979193 0.982461 0.982272 0.985236 0.99322 0.99524 0.998296 1.00215 1.00484 1.01232 1.01741 1.01694 1.02611 1.04093 1.03466 1.0524 1.05142 1.05588 1.05995 1.06246 1.07222 1.07252 1.09391 1.09419 1.10432 1.13398 1.12762 1.14249 1.1425 1.16056 1.17487 1.17739 1.17994 1.18399 1.22166 1.2249 1.24239 1.25649 1.25042 1.25483 1.28147 1.2775 1.27278 1.29235 1.34328 1.32546 1.34632 1.3448 1.36682 1.35446 1.41152 1.40641 1.43522 1.44405 1.458 1.46837 1.44814 
1.10278 1.10064 1.05484 1.05256 1.08139 1.07549 1.01987 1.02436 1.01092 1.01037 1.07084 0.999799 0.97874 0.955546 0.993456 0.981019 1.00742 0.994272 0.991943 1.01293 1.00934 0.986278 0.962773 0.982262 0.991433 0.984606 0.9745 0.961776 0.963436 0.962205 0.978016 0.961165 0.968013 0.970819 0.959573 0.952525 0.977244 0.971165 0.963525 0.966921 0.970143 0.977286 0.97125 0.974696 0.977048 0.983609 0.988336 0.98767 0.995258 0.997869 1.00216 1.00519 1.00991 1.0153 1.02241 1.02423 1.03091 1.04231 1.05208 1.05715 1.04926 1.06875 1.07675 1.07144 1.08475 1.08219 1.10539 1.10049 1.11781 1.12945 1.14188 1.13431 1.14319 1.16368 1.17266 1.18017 1.21936 1.17125 1.21011 1.24201 1.25109 1.25522 1.26107 1.28277 1.28846 1.323 1.31884 1.34342 1.33528 1.32969 1.36787 1.40054 1.35969 1.34831 1.40582 1.42436 1.43939 1.46261 1.482 1.46703 
1.09353 1.05965 1.03077 1.03868 1.05677 0.981267 1.0501 1.00182 1.00291 1.04467 1.0494 1.01697 1.03016 1.01484 0.957085 0.973145 0.948179 0.986531 1.03257 0.996491 1.00701 0.978501 1.00597 0.949782 0.988611 0.974699 0.975358 0.975547 0.957363 0.971792 0.961859 0.983231 0.957293 0.958266 0.969428 0.982268 0.970041 0.968289 0.972403 0.976398 0.962191 0.974005 0.980184 0.977732 0.976818 0.984109 0.985464 0.991134 0.994706 0.997932 1.00226 1.00632 1.01107 1.0168 1.02055 1.02705 1.03046 1.04013 1.04648 1.04764 1.04611 1.06196 1.07729 1.07182 1.09117 1.10131 1.10658 1.12386 1.14214 1.12583 1.15187 1.17406 1.15632 1.16055 1.17544 1.19147 1.19396 1.20979 1.21598 1.22478 1.26935 1.2437 1.25202 1.23937 1.29814 1.3075 1.32909 1.30525 1.32333 1.34108 1.37561 1.36475 1.37975 1.38994 1.40486 1.42565 1.44943 1.46765 1.45329 1.47597 
1.02142 1.08431 1.02816 1.01027 1.04187 1.03497 1.01757 1.06623 1.07021 0.993342 0.991558 1.02796 0.994693 1.00281 1.00662 1.00944 0.996265 1.00183 0.970702 0.962996 0.975715 0.954203 1.00488 0.957435 1.00674 0.967138 0.969795 0.96019 0.98191 0.957387 0.962851 0.969895 0.968432 0.966639 0.982046 0.966754 0.974814 0.959027 0.963109 0.972161 0.965942 0.979803 0.983631 0.978603 0.983012 0.99176 0.985886 0.993061 0.995916 0.998001 1.00243 1.00431 1.0123 1.01564 1.01766 1.03431 1.03634 1.03537 1.04553 1.056 1.05784 1.05928 1.07245 1.09067 1.08899 1.10086 1.10533 1.10788 1.11718 1.14516 1.13953 1.13871 1.12616 1.16915 1.18984 1.17982 1.19319 1.20972 1.19988 1.23087 1.24448 1.22851 1.24052 1.29105 1.29663 1.29751 1.31731 1.35302 1.32513 1.37146 1.35504 1.35768 1.41144 1.39404 1.3988 1.43949 1.43222 1.49174 1.48328 1.48821 
1.11684 1.04466 1.07632 1.04964 1.0725 1.07289 0.990576 1.00239 0.999057 1.02313 1.01291 0.976886 1.00014 0.952512 1.02324 0.983759 0.970892 0.962679 0.991511 1.00444 0.997367 1.00443 0.986315 0.985945 0.980264 0.986249 0.995632 0.986395 0.939921 0.97047 0.956593 0.968794 0.974649 0.970009 0.968452 0.966642 0.978058 0.965619 0.973551 0.965674 0.964453 0.973016 0.976358 0.986288 0.981358 0.992769 0.985856 0.991258 0.994639 0.997914 1.00228 1.00565 1.01124 1.01615 1.01875 1.02839 1.03351 1.04294 1.0462 1.04574 1.05967 1.07064 1.08277 1.07649 1.09284 1.09434 1.10648 1.11564 1.12177 1.11104 1.14949 1.13996 1.15979 1.16469 1.18752 1.16335 1.18922 1.20204 1.23014 1.23649 1.25281 1.23013 1.24032 1.24353 1.27629 1.29154 1.30203 1.30614 1.32208 1.34786 1.35803 1.36252 1.37654 1.41476 1.40267 1.44438 1.43363 1.45612 1.44431 1.48273 
1.05012 1.05164 1.0952 1.04642 1.02872 1.04371 1.0602 1.03843 1.05419 1.07411 1.01062 1.01591 0.973384 1.00119 0.992001 0.988348 0.988996 1.01769 0.998461 0.98681 1.00886 1.00714 0.98879 0.981354 0.955416 0.968323 0.968787 0.989282 0.959774 0.977549 0.975628 0.967949 0.956442 0.962262 0.966775 0.960359 0.969144 0.981618 0.970735 0.967432 0.978793 0.975455 0.978224 0.985329 0.982184 0.986801 0.990546 0.989457 0.99405 0.99795 1.00196 1.00516 1.01096 1.01765 1.01882 1.02811 1.03235 1.03855 1.04787 1.05826 1.0551 1.06984 1.07962 1.08246 1.08354 1.08266 1.10786 1.11519 1.12809 1.11722 1.13052 1.15104 1.15435 1.16357 1.1738 1.19102 1.2011 1.21533 1.2196 1.24539 1.22701 1.24089 1.25254 1.24748 1.27502 1.28912 1.29743 1.30599 1.31302 1.33888 1.35167 1.37531 1.39144 1.39512 1.403 1.42532 1.46384 1.43813 1.4711 1.46138 
1.02185 1.08562 1.03567 1.11547 1.05961 1.05334 0.995021 0.990898 0.978862 0.956519 1.03054 0.985546 0.977275 1.04574 0.966074 0.997884 0.99578 0.957552 0.975255 0.963472 0.993444 1.00442 0.971548 0.995628 0.960593 0.964845 0.945433 0.946774 0.954292 0.962411 0.974467 0.963656 0.956229 0.977096 0.985923 0.963585 0.95473 0.965691 0.972739 0.98367 0.983516 0.975438 0.973438 0.979739 0.983359 0.986194 0.986752 0.992477 0.994056 0.998042 1.00199 1.00566 1.01099 1.01554 1.02247 1.02426 1.03202 1.03935 1.04253 1.05503 1.06212 1.0712 1.07733 1.07951 1.09145 1.0909 1.10953 1.11854 1.11797 1.12296 1.13208 1.14408 1.16667 1.17162 1.1646 1.20489 1.1821 1.21442 1.20777 1.23275 1.23626 1.27216 1.26459 1.2833 1.29886 1.30894 1.29786 1.34064 1.33393 1.37488 1.36902 1.37449 1.37645 1.40506 1.37792 1.43349 1.39807 1.44572 1.49551 1.50495 
1.03003 1.07284 1.00411 1.06344 0.998028 1.04593 1.05565 1.04889 1.05246 1.0502 1.00455 1.03098 0.999122 0.954742 0.978092 1.04724 1.02128 0.973909 0.970228 1.02862 0.983821 0.979473 0.996134 0.97208 0.964476 0.958564 0.958913 0.988291 0.956431 0.958574 0.963895 0.967824 0.963496 0.968348 0.963492 0.959718 0.958721 0.966633 0.958265 0.967205 0.974626 0.971633 0.978289 0.98102 0.986973 0.984813 0.986348 0.987918 0.994063 0.997831 1.00234 1.00711 1.0122 1.01633 1.0218 1.02333 1.03209 1.03832 1.03585 1.05393 1.05577 1.06416 1.06478 1.068 1.09209 1.10033 1.10405 1.10829 1.11832 1.1213 1.1262 1.15387 1.1489 1.15993 1.18031 1.18882 1.18593 1.20982 1.18406 1.20135 1.23974 1.26088 1.26081 1.267 1.2911 1.29686 1.31485 1.31134 1.35527 1.34384 1.35255 1.38212 1.37308 1.40963 1.40637 1.43132 1.41984 1.45091 1.44555 1.47971 
1.03734 1.05993 1.01604 1.05618 1.03204 1.06544 0.995987 1.07753 1.01912 1.06691 0.995916 1.00258 1.01445 0.986854 0.987252 1.01439 0.976278 0.965736 1.00472 0.988184 0.997239 0.998264 0.960586 0.979513 1.01372 0.990475 0.967021 0.969928 0.97891 0.976463 0.988556 0.956657 0.954327 0.973783 0.965689 0.968121 0.965174 0.966781 0.970827 0.962635 0.9676 0.974015 0.982931 0.979187 0.979497 0.990478 0.986256 0.989379 0.993115 0.998166 1.00223 1.0071 1.01219 1.01561 1.02242 1.02597 1.03524 1.03833 1.05135 1.05418 1.05303 1.06496 1.07072 1.07019 1.08661 1.09011 1.09843 1.09581 1.10505 1.11846 1.12231 1.13968 1.15121 1.15564 1.17954 1.19153 1.1891 1.19947 1.2237 1.23931 1.22912 1.25151 1.25845 1.26388 1.27537 1.31489 1.29852 1.33178 1.31599 1.33647 1.35688 1.38571 1.37491 1.40056 1.39405 1.44683 1.44029 1.45198 1.44007 1.47225 
1.05794 1.08142 1.02809 1.01456 1.03633 1.04038 1.06767 0.980823 1.08397 1.01089 0.990169 1.00867 0.989517 1.01567 1.01627 0.985682 0.993052 1.02236 1.0098 0.997387 0.985587 0.981093 0.959002 0.973038 1.01017 0.948059 0.961656 0.960377 0.964354 0.949215 0.960027 0.98075 0.966027 0.978325 0.977731 0.972124 0.964596 0.974598 0.968426 0.977002 0.975394 0.971702 0.976288 0.978531 0.982865 0.98634 0.985367 0.98992 0.995246 0.997831 1.0021 1.0073 1.00969 1.01762 1.02502 1.02748 1.03365 1.04396 1.045 1.05327 1.05003 1.05901 1.06061 1.07766 1.0754 1.09216 1.10741 1.11981 1.11859 1.11615 1.146 1.16171 1.15947 1.15348 1.16655 1.17203 1.20029 1.20269 1.24768 1.2344 1.23969 1.2618 1.2572 1.27555 1.27889 1.30912 1.29097 1.3057 1.32391 1.3436 1.32158 1.34437 1.38694 1.38196 1.40378 1.41897 1.42229 1.45291 1.47163 1.48597 
1.0082 1.0636 1.04915 1.05574 1.01339 0.992853 1.07336 1.06543 1.00328 1.02426 0.999389 1.04259 1.05602 1.04852 0.98728 1.02815 0.977 0.984202 1.01654 0.99016 0.98113 1.00039 0.9465 0.993428 0.978455 0.982712 0.95553 0.970067 0.977273 0.968477 0.978863 0.950468 0.98653 0.950041 0.98317 0.954274 0.968774 0.956176 0.967872 0.972392 0.974058 0.964217 0.984327 0.979895 0.978618 0.982619 0.988343 0.991162 0.994972 0.997881 1.00167 1.00671 1.00976 1.014 1.02154 1.02447 1.02911 1.03654 1.04494 1.05774 1.06681 1.05828 1.0649 1.08095 1.09099 1.08239 1.0865 1.10114 1.08753 1.12807 1.14392 1.15464 1.16946 1.1751 1.19055 1.17212 1.20685 1.22138 1.22268 1.22322 1.22591 1.235 1.26939 1.24192 1.25495 1.31375 1.3003 1.33178 1.3575 1.35853 1.37701 1.3569 1.37419 1.4133 1.40051 1.40922 1.42566 1.40955 1.43616 1.48641 
1.02189 1.05326 1.04965 1.05375 1.05415 1.00954 1.05714 1.04404 1.01029 0.95494 1.03589 1.02843 1.03233 1.0435 1.00499 0.956304 0.987479 0.981943 1.0148 0.975541 0.976641 1.00867 0.966221 0.98333 0.966356 0.991504 0.94742 0.999147 0.967119 0.990815 0.975493 0.964061 0.984705 0.958493 0.979759 0.976368 0.968305 0.972538 0.969902 0.963562 0.970938 0.984002 0.974134 0.987195 0.982434 0.984006 0.986141 0.990992 0.993768 0.998724 1.00208 1.00573 1.01183 1.01452 1.02304 1.01826 1.02788 1.03436 1.03761 1.04925 1.06017 1.0599 1.06089 1.08883 1.08126 1.09149 1.10054 1.10278 1.12327 1.12972 1.13889 1.1566 1.17326 1.16045 1.16802 1.175 1.2095 1.19697 1.20514 1.22009 1.23722 1.26599 1.25282 1.26935 1.26634 1.25713 1.29792 1.30483 1.34969 1.34103 1.36751 1.3696 1.36766 1.36617 1.41767 1.43039 1.44483 1.46759 1.45098 1.48908 
1.02487 1.09608 1.00266 1.10193 1.03338 1.04072 1.01044 1.07268 1.06994 1.00013 1.04284 1.02043 1.00599 1.00225 0.962425 1.01563 1.00429 0.978887 0.97669 1.02828 0.989576 0.974423 0.994227 1.00001 0.987297 0.982711 0.977139 0.976334 0.971601 0.968844 0.977448 0.982745 0.964043 0.973751 0.955438 0.966638 0.966912 0.978055 0.966258 0.968071 0.963962 0.981311 0.983822 0.97785 0.983879 0.981618 0.989966 0.992272 0.995404 0.998156 1.00217 1.00672 1.01183 1.015 1.01893 1.02507 1.03392 1.03675 1.04316 1.04577 1.05825 1.06686 1.08015 1.08114 1.09507 1.09996 1.09777 1.11448 1.1337 1.13076 1.13617 1.14326 1.15469 1.1724 1.16202 1.18342 1.20283 1.19357 1.22245 1.20047 1.22814 1.28776 1.23932 1.3025 1.28688 1.28966 1.28891 1.30485 1.36713 1.36953 1.39373 1.36915 1.38763 1.37579 1.43203 1.40311 1.45182 1.43296 1.46664 1.48223 
1.05815 1.06856 1.0533 1.05411 1.08749 1.04627 1.04179 1.05072 0.981224 1.0096 0.965664 0.998183 1.01176 1.03644 0.976239 0.980571 1.01384 0.997379 0.987058 0.975049 0.986903 0.972436 1.01367 0.95946 0.981619 0.960724 0.985144 0.963134 0.928294 0.960193 0.955356 0.946387 0.959624 0.986213 0.971118 0.963917 0.976486 0.964844 0.976023 0.967025 0.978745 0.973298 0.972532 0.98454 0.985667 0.98445 0.984918 0.990547 0.994468 0.997911 1.00174 1.00674 1.00978 1.01071 1.02018 1.03092 1.02788 1.0364 1.05079 1.04633 1.05807 1.05883 1.06774 1.07812 1.08863 1.10124 1.12224 1.11255 1.12509 1.12214 1.13658 1.12808 1.14345 1.17057 1.18029 1.18212 1.20063 1.22539 1.21903 1.23335 1.24095 1.25796 1.27383 1.28694 1.28716 1.30065 1.3281 1.3034 1.33195 1.36198 1.37197 1.37202 1.38736 1.40389 1.40872 1.41827 1.44402 1.43745 1.44704 1.48919 
1.09769 1.09767 1.05177 1.07984 1.00339 1.00785 1.04568 1.00855 1.03484 1.0115 1.03076 1.04147 0.991478 1.01308 1.01142 1.02867 1.01149 0.974472 1.00205 0.977814 0.982563 1.0005 0.983876 0.991665 0.975006 0.979346 0.95266 0.969402 0.964772 0.976444 0.983379 0.947155 0.972938 0.962835 0.951841 0.968767 0.959076 0.980866 0.96668 0.963541 0.976896 0.979038 0.978029 0.976124 0.984261 0.98398 0.987613 0.991982 0.995568 0.998071 1.00199 1.00587 1.01083 1.01288 1.02129 1.02444 1.02998 1.03625 1.03977 1.0525 1.06884 1.04877 1.07591 1.08023 1.07742 1.0935 1.11793 1.11555 1.12068 1.12423 1.15081 1.11852 1.14325 1.17048 1.16394 1.17616 1.18436 1.23443 1.21189 1.2077 1.23395 1.23403 1.28236 1.27798 1.28015 1.30912 1.29121 1.31894 1.33922 1.33277 1.35692 1.37559 1.38329 1.38022 1.40498 1.41456 1.40805 1.46527 1.45589 1.48446 
1.09408 1.05997 1.04418 1.01478 1.05986 1.06011 1.02418 0.997952 1.01775 1.0167 1.01587 1.01867 0.994906 1.00299 0.984585 0.999223 0.984255 1.00991 1.00517 0.982952 0.98713 0.983297 0.985087 0.978818 0.994231 0.963698 0.974348 0.965218 0.968173 0.979505 0.987238 0.97394 0.961617 0.967553 0.961683 0.960206 0.959998 0.959596 0.96389 0.9642 0.966621 0.975124 0.977195 0.986043 0.983134 0.980333 0.986616 0.99133 0.993347 0.998239 1.00195 1.0064 1.01053 1.01456 1.02209 1.02604 1.0328 1.04075 1.04587 1.04408 1.06406 1.05331 1.06601 1.07439 1.08863 1.10455 1.09785 1.10097 1.11912 1.12855 1.13356 1.15661 1.1549 1.16508 1.18625 1.1864 1.20234 1.21142 1.20187 1.24269 1.23055 1.24278 1.28056 1.25755 1.30405 1.31094 1.29099 1.31857 1.31334 1.38356 1.33676 1.3641 1.41205 1.36958 1.40499 1.4147 1.43562 1.45944 1.47511 1.46965 
1.04975 1.0603 1.02481 1.10658 1.01635 1.05298 1.07519 1.01603 1.0729 1.06266 0.996512 1.01106 1.02056 0.99347 1.02941 0.994687 0.957724 1.00062 0.973888 0.979278 0.984095 0.981378 0.973743 0.968387 1.01024 0.987687 0.973847 0.976355 0.968169 0.976764 1.00364 0.958459 0.966893 0.985117 0.961743 0.962542 0.982502 0.971659 0.967732 0.970251 0.96842 0.976248 0.984734 0.981337 0.979299 0.985349 0.988308 0.990769 0.992614 0.998099 1.00235 1.00625 1.01132 1.01631 1.02674 1.02442 1.02872 1.03766 1.04222 1.04795 1.04793 1.07049 1.0717 1.09186 1.09418 1.08746 1.1017 1.10777 1.12101 1.11485 1.12803 1.15255 1.16043 1.16714 1.17425 1.15506 1.2043 1.21601 1.20514 1.21432 1.21931 1.24386 1.24615 1.27815 1.29169 1.29017 1.32514 1.30182 1.33629 1.35042 1.35905 1.37157 1.36332 1.38331 1.41877 1.40719 1.44668 1.44151 1.48402 1.4505 
1.10889 1.1256 1.11343 1.07256 1.13259 1.06531 1.04992 1.03076 1.0624 1.01989 0.974405 1.02221 1.00471 1.01674 0.997084 1.03816 1.00167 0.96814 1.01893 1.0005 0.997885 0.968488 0.985712 1.02102 0.964865 0.960555 0.962268 0.99041 0.969878 0.966238 0.956361 0.969776 0.959181 0.983295 0.968297 0.955487 0.96303 0.964154 0.971729 0.980421 0.966679 0.975604 0.983439 0.987368 0.982374 0.985179 0.98641 0.988055 0.993212 0.998046 1.00211 1.00655 1.00961 1.01588 1.02031 1.02701 1.02998 1.0424 1.05173 1.06109 1.05052 1.0565 1.07565 1.07556 1.09619 1.10737 1.10324 1.10911 1.12215 1.10777 1.1431 1.13474 1.17208 1.18997 1.16715 1.17978 1.17636 1.19046 1.21765 1.22361 1.22076 1.2627 1.26861 1.29546 1.27441 1.30631 1.3034 1.34337 1.34667 1.31545 1.34888 1.38268 1.3778 1.41872 1.41014 1.42 1.4261 1.41397 1.41876 1.42206 
1.02968 1.04922 1.05368 1.09092 1.09114 1.02085 1.06992 1.03681 1.09587 1.02101 1.0545 1.01098 0.962187 1.0412 0.987695 0.998415 0.984907 1.00553 0.996009 0.99349 1.01142 0.963111 0.991994 0.978219 0.982037 0.964571 0.979197 0.969718 0.961031 0.972482 0.968798 0.973288 0.952408 0.975066 0.954242 0.961824 0.960853 0.976697 0.971239 0.977038 0.978593 0.975073 0.975424 0.984255 0.981481 0.982171 0.98791 0.991695 0.994883 0.998348 1.00238 1.00621 1.01096 1.01716 1.02124 1.02288 1.02744 1.03816 1.04407 1.04407 1.05823 1.06684 1.07809 1.06959 1.07556 1.10359 1.11289 1.10127 1.13166 1.1181 1.15097 1.16733 1.15777 1.15831 1.17981 1.19645 1.19992 1.19428 1.18182 1.24083 1.24143 1.24864 1.28085 1.2567 1.29021 1.29755 1.31957 1.3211 1.31495 1.36392 1.37269 1.38262 1.372 1.37356 1.38089 1.43478 1.44231 1.44604 1.46005 1.46992 
1.03303 1.07315 0.992193 1.06357 1.05711 1.04374 1.0212 1.0374 1.0095 0.999488 1.04227 0.99821 0.996654 0.977339 0.997436 0.996155 0.966733 1.02484 0.980388 0.949677 0.991628 0.964125 0.981133 0.97665 0.971869 0.967087 0.956038 0.969835 0.981967 0.969197 0.972721 0.969937 0.958885 0.976941 0.962864 0.977657 0.976837 0.977066 0.964362 0.981689 0.978198 0.971763 0.975271 0.974902 0.978982 0.98395 0.987605 0.990117 0.993516 0.998232 1.0023 1.0052 1.01128 1.01546 1.01847 1.02625 1.03104 1.03695 1.04874 1.056 1.05992 1.05374 1.06742 1.07436 1.09252 1.09583 1.10269 1.11596 1.14252 1.12887 1.13684 1.1559 1.16086 1.17864 1.17751 1.18207 1.18917 1.20702 1.20988 1.24123 1.24766 1.25955 1.2411 1.25677 1.2741 1.30135 1.32009 1.32934 1.34665 1.32899 1.36473 1.38161 1.3839 1.40669 1.41669 1.43177 1.44658 1.42488 1.48588 1.47553 
1.04323 1.0824 1.09687 1.01721 1.02643 1.02739 1.07495 1.04753 1.03005 1.01688 0.99734 0.993996 0.990484 0.99814 0.982264 0.975992 0.961085 0.993135 0.965521 1.002 0.987921 0.996268 0.977863 0.978665 0.974851 0.990036 0.968849 0.978164 0.963216 0.964439 0.983599 0.97759 0.962226 0.962795 0.982441 0.969803 0.968688 0.961236 0.973204 0.972946 0.982019 0.982359 0.980757 0.977399 0.977671 0.988065 0.989239 0.99042 0.994938 0.997743 1.00256 1.00568 1.01146 1.01582 1.01908 1.02782 1.02887 1.03158 1.04648 1.05835 1.05296 1.05999 1.06898 1.07276 1.07425 1.08548 1.09639 1.11671 1.11336 1.11873 1.14659 1.17432 1.15703 1.15633 1.17673 1.20696 1.17465 1.20866 1.20778 1.22853 1.2307 1.25547 1.26274 1.2684 1.26551 1.31492 1.33226 1.33955 1.3376 1.33549 1.35788 1.37836 1.39381 1.40594 1.44367 1.48088 1.43712 1.4373 1.4537 1.44961 
1.08972 1.06131 1.15941 0.995586 1.06991 1.05576 1.04709 1.05368 1.02584 0.968961 1.0212 1.01576 1.01565 0.985719 1.02101 0.980802 1.01772 1.01202 1.01957 1.00031 0.973996 0.967366 1.01203 0.969228 0.988602 0.960615 0.976634 0.968001 0.956473 0.989668 0.963728 0.976979 0.957117 0.979634 0.972364 0.970756 0.963501 0.971542 0.975725 0.969303 0.96785 0.978381 0.977867 0.983589 0.978926 0.980569 0.98958 0.98914 0.994095 0.998207 1.00244 1.00683 1.01037 1.01336 1.02092 1.02296 1.02875 1.03285 1.04571 1.05636 1.05472 1.06446 1.06407 1.09163 1.089 1.08992 1.11526 1.10498 1.11494 1.1263 1.15921 1.13738 1.15738 1.17162 1.15444 1.20349 1.20282 1.19606 1.216 1.23274 1.22932 1.2485 1.26249 1.28195 1.28549 1.27932 1.29902 1.33684 1.33232 1.33955 1.31151 1.36018 1.40373 1.38648 1.40325 1.42564 1.43337 1.47701 1.48368 1.46243 
1.04744 1.02648 1.03507 1.07144 1.08779 1.01247 1.07011 1.00598 1.0112 0.985073 0.969191 1.00375 1.06328 1.02889 1.00472 1.02379 1.01333 0.98615 0.99996 1.00004 1.00362 0.989685 0.986356 0.986033 0.997723 0.960481 0.987029 1.00822 0.991225 0.989458 0.961793 0.966267 0.968346 0.984185 0.972795 0.978365 0.966252 0.957852 0.970968 0.977569 0.966558 0.978895 0.974179 0.981206 0.981116 0.980455 0.985727 0.9921 0.994245 0.997972 1.00266 1.00613 1.0117 1.01502 1.02015 1.03544 1.03509 1.03818 1.04934 1.049 1.06438 1.05983 1.07423 1.07357 1.08989 1.0972 1.1063 1.10829 1.11867 1.12603 1.13437 1.1474 1.1603 1.18135 1.19139 1.17758 1.19123 1.20374 1.22772 1.2121 1.24189 1.24966 1.25626 1.27404 1.29362 1.30306 1.28786 1.29921 1.32221 1.32201 1.34885 1.37431 1.39837 1.37651 1.42866 1.4523 1.43238 1.46465 1.46566 1.49002 
1.10986 1.07016 1.01312 1.07696 1.03192 1.06085 1.02417 0.999469 1.04986 1.02312 0.993654 0.961648 1.03487 1.00059 1.01339 1.02646 1.04357 1.02686 1.00336 0.968782 0.968114 1.01503 0.964771 1.02927 0.9682 1.00418 0.976912 0.986038 0.972075 0.974731 0.960749 0.971504 0.966273 0.966088 0.9665 0.969498 0.97448 0.972483 0.973982 0.973339 0.974434 0.97953 0.974212 0.981209 0.983372 0.983356 0.989207 0.991303 0.994021 0.997526 1.00256 1.00548 1.01096 1.01757 1.02028 1.02481 1.03645 1.03395 1.03943 1.05268 1.06095 1.06927 1.07159 1.07123 1.08295 1.08612 1.09681 1.13105 1.14096 1.11623 1.16344 1.14671 1.14807 1.17398 1.19504 1.17648 1.20806 1.21617 1.22012 1.21037 1.21986 1.21996 1.27444 1.25548 1.26281 1.30277 1.32805 1.31754 1.33679 1.33102 1.36985 1.35098 1.35262 1.39558 1.45188 1.40753 1.38376 1.44151 1.46978 1.50163 
1.09429 1.07288 1.12823 1.019 1.07765 1.07359 1.03332 1.01401 1.00349 1.0295 0.995269 1.00625 1.00157 0.990355 0.996442 0.987639 1.02161 1.02856 0.990288 0.977312 1.0094 0.987311 0.991993 0.956907 0.975939 0.960282 0.979893 0.969522 0.956548 0.947476 0.953646 0.960668 0.979467 0.981227 0.961251 0.958104 0.972942 0.968523 0.970047 0.958591 0.966909 0.974178 0.972525 0.975734 0.983682 0.980918 0.984227 0.99282 0.995212 0.998258 1.00203 1.00685 1.00952 1.01432 1.01798 1.0293 1.03277 1.04083 1.04871 1.05297 1.06426 1.06547 1.07532 1.08519 1.08846 1.08941 1.09756 1.12107 1.1158 1.13423 1.146 1.14545 1.13974 1.15442 1.19081 1.18044 1.21847 1.2133 1.23835 1.24094 1.23453 1.25227 1.28055 1.249 1.2734 1.29135 1.28567 1.30873 1.32879 1.34233 1.356 1.36727 1.37777 1.40495 1.40148 1.39981 1.42826 1.454 1.44153 1.48702 
1.10603 1.04007 1.11821 1.0634 1.05301 1.04962 0.999563 1.04574 1.01428 1.00606 1.07347 1.01688 1.05015 1.01088 0.985467 0.996409 0.976044 0.982566 0.998459 1.00201 0.990505 0.995001 0.939327 0.976573 0.97899 0.99706 0.97887 0.975411 0.956423 0.971013 0.964723 0.973714 0.973202 0.973289 0.970409 0.966737 0.963064 0.961731 0.966596 0.967202 0.97534 0.975565 0.976482 0.979545 0.980221 0.982665 0.989325 0.992529 0.99406 0.997674 1.002 1.00664 1.01046 1.01684 1.02289 1.02941 1.03514 1.04104 1.05576 1.04358 1.04355 1.06032 1.06822 1.08556 1.0853 1.08735 1.10971 1.09841 1.11857 1.11904 1.13752 1.13898 1.14719 1.15971 1.20123 1.1967 1.21908 1.21374 1.21169 1.24863 1.25725 1.26933 1.25189 1.28054 1.30122 1.31949 1.3341 1.31148 1.36614 1.40251 1.37773 1.3479 1.41726 1.40679 1.39 1.39976 1.45331 1.42631 1.45923 1.47541 
1.06753 1.09565 1.00275 1.08579 1.05596 1.05337 1.03416 1.05322 0.969117 1.01247 1.0674 0.961586 1.0273 1.01292 0.995671 0.964228 0.991385 0.987275 1.0357 0.986569 0.976106 0.996292 1.00337 0.985045 0.996807 0.960432 0.979577 0.974925 0.976484 0.97904 0.95938 0.936994 0.969047 0.966051 0.954975 0.974205 0.980218 0.979849 0.972231 0.964064 0.971746 0.970461 0.980662 0.979226 0.982822 0.981104 0.983315 0.99145 0.993341 0.997706 1.00186 1.00592 1.01076 1.01571 1.02153 1.01809 1.02969 1.04247 1.0382 1.04915 1.05266 1.07331 1.07895 1.09256 1.08834 1.0903 1.09663 1.11376 1.11712 1.11168 1.12523 1.12271 1.15471 1.17265 1.17301 1.19938 1.1856 1.19937 1.21002 1.23274 1.2356 1.27399 1.24981 1.29397 1.25554 1.27586 1.28963 1.31978 1.31548 1.36376 1.34462 1.33394 1.34421 1.38204 1.42462 1.41586 1.44835 1.44021 1.43995 1.48307 
1.05475 1.08037 1.01094 1.06508 1.07661 1.00564 1.06378 1.04333 1.06231 0.993881 1.00561 1.04402 0.982088 0.963224 0.985198 0.959601 0.960164 0.965408 1.0062 1.01694 0.968317 0.974454 0.973029 0.968448 0.962135 0.969231 0.949967 0.965399 0.974226 0.986395 0.961139 0.981786 0.96992 0.973 0.956824 0.963842 0.963073 0.982693 0.970367 0.978796 0.972686 0.972973 0.96828 0.971406 0.98261 0.984393 0.987133 0.989941 0.994652 0.9976 1.00171 1.00539 1.01289 1.01641 1.02044 1.02801 1.03008 1.03998 1.03739 1.04093 1.06005 1.06247 1.07202 1.07258 1.08854 1.08946 1.11145 1.12023 1.10824 1.12947 1.12921 1.13895 1.16274 1.17333 1.16895 1.19155 1.20928 1.20566 1.24019 1.2305 1.2419 1.26935 1.26396 1.25923 1.28774 1.32185 1.28971 1.34586 1.35061 1.36193 1.35423 1.39721 1.37585 1.39788 1.40388 1.426 1.45121 1.43472 1.45482 1.48752 
1.04441 1.06506 1.12664 1.02254 1.06263 1.04403 1.06622 1.03138 1.00353 1.02775 1.05803 1.02731 0.989466 1.03007 0.991504 1.00182 1.01952 0.997246 0.950081 0.99793 0.995695 0.985645 0.999415 0.997507 0.988282 0.979392 0.999166 0.967666 0.985129 0.965625 0.982884 0.952883 0.965104 0.962305 0.957759 0.972806 0.970095 0.966989 0.960091 0.973482 0.970388 0.968296 0.973889 0.981587 0.98035 0.98208 0.988616 0.990077 0.995298 0.998206 1.00218 1.00741 1.01247 1.02093 1.0259 1.0301 1.03124 1.04241 1.04257 1.04853 1.06193 1.06325 1.06357 1.08245 1.0939 1.08816 1.09734 1.10699 1.10619 1.13316 1.13787 1.15652 1.14371 1.17104 1.15564 1.17882 1.18642 1.22255 1.21329 1.24191 1.23228 1.24743 1.25823 1.25828 1.27883 1.29508 1.34246 1.32804 1.36397 1.33958 1.33768 1.37318 1.37874 1.39555 1.4198 1.41315 1.42179 1.42243 1.4376 1.47614 
1.1237 1.10778 1.03819 1.07527 1.0145 1.03154 1.00859 1.04829 1.04564 1.0114 1.01959 1.01747 0.973852 0.996727 1.025 0.984557 1.01311 0.992802 1.0082 0.978439 0.994986 0.959337 0.972486 1.01674 0.993244 0.958608 0.98123 0.950495 0.959693 0.982239 0.964881 0.972569 0.983849 0.952691 0.966154 0.98749 0.967012 0.973987 0.965661 0.974859 0.968954 0.979579 0.972542 0.969142 0.977999 0.987018 0.986406 0.990732 0.993503 0.997677 1.00185 1.00488 1.01051 1.01567 1.02187 1.02767 1.03475 1.03557 1.04079 1.04871 1.06184 1.06673 1.07775 1.06226 1.07793 1.10794 1.09943 1.10217 1.12201 1.1169 1.13009 1.14366 1.16283 1.16377 1.1696 1.19476 1.20874 1.22518 1.22148 1.24053 1.25532 1.23134 1.25794 1.28784 1.27939 1.27301 1.32507 1.31394 1.35548 1.35948 1.34097 1.355 1.3759 1.43171 1.45753 1.40806 1.42366 1.44806 1.44445 1.50843 
1.16028 0.999812 1.0394 1.10014 1.02851 1.00054 1.05893 1.0658 0.985896 1.04546 1.03439 1.0258 0.976136 1.02632 1.05992 0.98932 1.0082 0.992638 0.998359 0.969287 1.00478 1.00423 1.01909 1.00223 0.978173 0.999029 0.981105 0.98866 0.965448 0.962632 0.994717 0.972854 0.987685 0.963542 0.981346 0.964033 0.966464 0.965218 0.966495 0.969547 0.970307 0.985028 0.971571 0.975245 0.978985 0.988032 0.987477 0.991565 0.994137 0.997819 1.00187 1.00527 1.01165 1.01803 1.01678 1.02532 1.03596 1.03295 1.03858 1.05527 1.04836 1.06051 1.07745 1.07708 1.08655 1.10823 1.11136 1.10606 1.1219 1.12353 1.14484 1.14925 1.12878 1.16927 1.17547 1.18865 1.21882 1.19966 1.23701 1.21727 1.23489 1.23663 1.25744 1.26536 1.28404 1.30265 1.28211 1.29807 1.33983 1.3617 1.36288 1.39018 1.37708 1.37664 1.4291 1.44463 1.42556 1.46132 1.45178 1.44426 
1.11949 1.07638 1.06216 1.03236 1.05545 1.05067 0.984945 1.01541 1.00128 1.01778 1.02746 1.03468 1.01793 1.03652 1.02275 1.02391 0.984268 0.974631 0.976029 1.00089 0.970614 0.989916 0.963889 0.978044 0.994442 0.984068 0.9721 0.991142 0.980679 0.966317 0.97246 0.967667 0.97426 0.961479 0.970422 0.954595 0.966489 0.975693 0.973663 0.97033 0.972481 0.97969 0.979178 0.978093 0.974384 0.985883 0.986939 0.990112 0.993694 0.998086 1.00231 1.00668 1.00921 1.01528 1.01981 1.02554 1.02974 1.02971 1.03802 1.04967 1.05498 1.07079 1.07099 1.0791 1.09144 1.0858 1.09796 1.11763 1.12959 1.12452 1.14111 1.14404 1.15488 1.1564 1.19035 1.17611 1.21276 1.19159 1.19372 1.24488 1.26339 1.25516 1.26255 1.31463 1.28899 1.3153 1.32996 1.329 1.34013 1.35699 1.37021 1.35088 1.41571 1.40592 1.42336 1.45158 1.44302 1.45506 1.45392 1.46816 
1.02612 1.08317 1.00975 1.09324 1.05919 1.047 1.01618 1.09389 1.0355 1.00776 1.00348 1.03671 0.985199 1.00714 1.02863 0.976561 0.9986 1.019 0.975126 0.997498 0.987589 0.980363 0.964726 0.935005 0.997769 0.971306 0.980364 0.947952 0.963503 0.98122 0.978775 0.969082 0.967409 0.950075 0.986297 0.954612 0.98299 0.976789 0.95996 0.974141 0.963654 0.97535 0.984387 0.974311 0.980451 0.985602 0.990288 0.989709 0.99356 0.9978 1.00184 1.00697 1.00933 1.01898 1.02177 1.03066 1.03575 1.04355 1.05003 1.05099 1.05455 1.06786 1.06179 1.07578 1.09927 1.09826 1.09044 1.1079 1.09507 1.13542 1.12748 1.13966 1.1657 1.16401 1.17636 1.19107 1.18434 1.21746 1.21233 1.22749 1.25254 1.2346 1.26995 1.24461 1.29029 1.28675 1.2983 1.35723 1.31982 1.33783 1.36799 1.38957 1.39799 1.37872 1.40301 1.3973 1.44415 1.45054 1.43756 1.48136 
1.04796 1.09426 1.1073 1.08976 1.03439 1.03716 1.07898 0.989573 1.05629 1.02269 1.01766 1.05602 1.0401 0.983286 1.01316 0.966771 0.990577 1.00464 1.0222 0.982036 0.971139 0.990619 1.01074 0.967614 0.981595 0.996552 0.954445 0.986907 0.969368 0.969593 0.994233 0.967172 0.959841 0.963823 0.968259 0.961003 0.973799 0.961217 0.977269 0.972674 0.972156 0.977298 0.972844 0.977758 0.983607 0.98706 0.986955 0.987694 0.994237 0.998081 1.00217 1.00697 1.00921 1.01691 1.02349 1.02617 1.03223 1.03672 1.05578 1.06039 1.06274 1.06706 1.07009 1.08168 1.08681 1.08507 1.1017 1.10714 1.12916 1.1413 1.12201 1.1418 1.16916 1.15562 1.16964 1.1918 1.19486 1.19005 1.20219 1.2086 1.2623 1.26693 1.24801 1.28087 1.28921 1.32158 1.29683 1.3277 1.35011 1.35546 1.36898 1.37445 1.39571 1.39129 1.40868 1.42382 1.44387 1.43493 1.49339 1.50449 
1.09752 1.04562 1.13898 1.05 1.05898 0.993283 1.0272 0.973211 1.05626 1.03849 0.994462 1.03777 1.00332 1.00253 1.02638 0.993854 1.00619 1.02375 1.02001 1.00952 0.96486 0.980752 1.00788 0.9773 0.985165 0.966963 0.956972 0.958448 0.962297 0.983066 0.961404 0.965695 0.970662 0.975877 0.965795 0.954789 0.959547 0.971888 0.976438 0.979127 0.970097 0.969018 0.97887 0.978043 0.977216 0.986025 0.985543 0.990014 0.993925 0.99865 1.00213 1.00655 1.00977 1.01725 1.02043 1.02909 1.03776 1.04066 1.04645 1.05843 1.05065 1.06963 1.06913 1.08246 1.08105 1.10038 1.10817 1.11758 1.12127 1.13789 1.13004 1.1501 1.14485 1.18213 1.1643 1.19043 1.19751 1.21127 1.22381 1.23839 1.25719 1.24518 1.25569 1.27247 1.29206 1.31295 1.30602 1.30961 1.34007 1.39083 1.37681 1.39386 1.35199 1.41139 1.39527 1.39743 1.45616 1.41779 1.47376 1.46085 
1.08586 1.07798 1.05894 1.0147 0.996513 1.04439 1.05673 0.972162 1.01468 1.02899 0.985114 1.03583 1.00838 0.993006 1.04185 1.03296 0.979921 0.97179 0.983952 0.974205 0.977481 0.98055 0.959843 1.00198 0.983505 0.976237 0.939275 0.956222 0.95446 0.982873 0.989253 0.976864 0.954527 0.974367 0.963958 0.975569 0.963574 0.986509 0.975883 0.972718 0.965915 0.971369 0.97957 0.979886 0.978341 0.984142 0.982242 0.991254 0.995025 0.998586 1.00209 1.006 1.01224 1.01776 1.02298 1.02933 1.03376 1.04685 1.04805 1.04833 1.0657 1.06336 1.07006 1.07541 1.09336 1.0799 1.0992 1.10926 1.12189 1.13948 1.13925 1.15578 1.15855 1.16892 1.16364 1.16961 1.19107 1.18841 1.22219 1.22661 1.24081 1.24616 1.271 1.27563 1.30067 1.26322 1.26954 1.30996 1.3323 1.3437 1.33785 1.40319 1.37078 1.40347 1.41835 1.45757 1.4532 1.44881 1.47469 1.4624 
1.07363 1.04588 1.06991 1.05619 1.06412 1.08753 1.03448 1.0243 1.07632 1.02193 0.992855 1.02858 1.00604 0.995378 1.04837 0.968266 1.0143 0.992212 0.976322 0.981689 0.9736 1.01161 0.950536 0.98417 0.985911 0.953035 0.964996 0.99362 0.963766 0.969997 0.970565 0.975489 0.953785 0.967184 0.967606 0.98018 0.97489 0.97384 0.968733 0.963851 0.973229 0.97482 0.974836 0.982047 0.979464 0.985361 0.991174 0.990907 0.995028 0.998151 1.00223 1.00738 1.01177 1.01559 1.01789 1.02684 1.02977 1.03764 1.04399 1.05521 1.06787 1.0662 1.08271 1.06764 1.09733 1.0981 1.1042 1.11766 1.13222 1.12894 1.13916 1.14405 1.1445 1.17305 1.17257 1.19754 1.20463 1.20005 1.20918 1.22787 1.24385 1.26667 1.25491 1.2755 1.30042 1.31913 1.30288 1.34638 1.32796 1.34897 1.3368 1.40745 1.37736 1.38729 1.39268 1.41336 1.46692 1.44811 1.45936 1.47732 
1.07558 1.05538 1.03721 1.06023 1.01255 1.04483 1.07372 1.09951 1.00701 1.02102 1.00456 1.05386 0.969829 1.04173 0.97885 0.989836 1.04724 1.00111 0.983066 0.95303 0.967305 0.966994 0.964261 0.964848 0.96111 0.994171 1.00139 0.985535 0.978822 0.958668 0.981084 0.974528 0.963458 0.966041 0.957171 0.960794 0.97862 0.963166 0.974955 0.972527 0.970494 0.974298 0.973587 0.976835 0.984077 0.985164 0.988273 0.990014 0.993591 0.997887 1.00246 1.00439 1.01116 1.01579 1.01948 1.02959 1.03093 1.04056 1.03976 1.05159 1.05474 1.055 1.08228 1.07055 1.08683 1.09107 1.09718 1.12848 1.12894 1.12367 1.15656 1.14982 1.14998 1.15469 1.17709 1.20453 1.19232 1.19476 1.21608 1.24494 1.2258 1.27248 1.28555 1.24813 1.26598 1.29893 1.33218 1.34711 1.33653 1.35364 1.34283 1.36489 1.39606 1.39933 1.36989 1.40125 1.44533 1.42616 1.49913 1.51031 
1.11 1.04832 1.06118 1.05833 1.02258 1.01175 1.05167 1.04126 1.00309 1.0324 1.03837 1.02916 1.04324 1.01454 0.990157 0.99578 1.01724 0.963551 1.03299 0.968184 0.954351 0.98803 0.996571 0.977534 0.97451 0.978023 0.968606 0.961916 0.967527 0.96539 0.980853 0.988363 0.979546 0.960334 0.961225 0.976968 0.973799 0.965603 0.962477 0.976651 0.975536 0.971809 0.971055 0.975212 0.982724 0.986471 0.986762 0.990941 0.993003 0.997953 1.00237 1.00618 1.01025 1.01588 1.02055 1.0249 1.03419 1.03771 1.0449 1.054 1.05886 1.0635 1.07271 1.07229 1.09147 1.10024 1.10856 1.11686 1.1204 1.12241 1.14469 1.14643 1.15807 1.17479 1.17501 1.16896 1.20178 1.20978 1.22289 1.19969 1.25622 1.24755 1.25148 1.28768 1.25403 1.28439 1.30491 1.3342 1.32699 1.33535 1.36087 1.37608 1.34212 1.372 1.38864 1.41538 1.42373 1.44505 1.4818 1.49027 
1.08632 1.04612 0.988973 1.0726 1.01045 1.05356 1.07024 1.07503 1.01736 1.02483 1.03509 0.978708 0.988325 0.982887 0.980936 0.975134 1.01307 0.968848 0.981605 0.98018 0.981597 0.970578 0.978002 0.96793 0.98543 0.959862 0.973996 0.989274 0.978333 0.979593 0.980486 0.973033 0.971668 0.981152 0.958292 0.96159 0.963668 0.969121 0.970221 0.96916 0.966031 0.984524 0.979211 0.98209 0.986067 0.982654 0.987127 0.99022 0.992842 0.998137 1.00215 1.0052 1.00931 1.01638 1.02162 1.02849 1.03699 1.03301 1.04352 1.04761 1.06457 1.06121 1.06962 1.08631 1.07539 1.09614 1.10271 1.12031 1.13385 1.13071 1.13122 1.15726 1.16303 1.16989 1.18185 1.17434 1.16676 1.20117 1.21506 1.22411 1.24091 1.26046 1.27844 1.28216 1.28692 1.32217 1.3238 1.3108 1.34217 1.3054 1.35564 1.37206 1.42101 1.403 1.41162 1.40008 1.43761 1.43068 1.50334 1.44321 
1.04773 1.07561 1.064 1.09315 1.04794 1.04776 1.10354 1.07968 1.02855 1.03412 0.99083 1.05967 0.989497 0.998 1.02269 0.982604 0.983533 1.03466 1.0093 0.989373 0.950663 0.981571 0.964073 0.967038 0.967401 0.967028 0.966525 0.947455 0.954641 0.97411 0.969665 0.983708 0.993573 0.95708 0.962326 0.964356 0.962015 0.973404 0.966588 0.970119 0.969471 0.972148 0.974372 0.984051 0.979827 0.983047 0.98826 0.987484 0.993195 0.997434 1.00206 1.00664 1.01159 1.0167 1.02172 1.02873 1.0357 1.04396 1.03439 1.04926 1.06344 1.05801 1.08203 1.09278 1.08188 1.09438 1.08293 1.10469 1.10584 1.12286 1.13606 1.15659 1.16699 1.1684 1.18385 1.17899 1.19191 1.21914 1.20374 1.22152 1.22141 1.263 1.26285 1.27041 1.29384 1.30704 1.2868 1.30873 1.33855 1.30467 1.3673 1.34819 1.39493 1.41966 1.3933 1.4264 1.43682 1.46515 1.45241 1.48396 
1.02866 1.11005 1.12895 1.07767 1.03523 1.02038 1.00992 1.03919 0.986941 1.03461 1.03796 0.995778 1.02204 0.99185 0.99164 0.984497 0.964066 0.995751 1.01383 0.956944 1.02267 0.977714 0.993739 0.9799 0.978176 0.980677 0.968519 0.963887 0.966713 0.975131 0.963819 0.966573 0.978284 0.973813 0.97363 0.956987 0.968703 0.979449 0.96753 0.969739 0.969247 0.975055 0.97384 0.977422 0.981195 0.989311 0.986098 0.992519 0.992461 0.997874 1.00239 1.00534 1.01106 1.01628 1.02406 1.02507 1.03001 1.03767 1.04512 1.05312 1.04955 1.06732 1.07955 1.06969 1.0949 1.0881 1.10165 1.11344 1.13122 1.13695 1.13405 1.14582 1.13508 1.16355 1.18261 1.16483 1.19519 1.19464 1.22273 1.20713 1.23124 1.2295 1.2618 1.26555 1.29808 1.30019 1.3241 1.31926 1.29552 1.31889 1.36204 1.37851 1.3792 1.41648 1.43536 1.42642 1.45213 1.45362 1.48848 1.48282 
1.03825 1.0643 1.10406 1.09416 1.03394 1.07342 1.02129 1.07186 1.00553 0.966016 1.01612 1.04273 1.03386 1.02913 1.0306 0.967985 1.00954 0.981905 1.01108 0.977449 0.986807 1.00762 0.995395 1.00283 0.97554 0.980571 0.98152 0.961951 0.973458 0.952954 0.960664 0.966379 0.964591 0.968272 0.962134 0.970884 0.963551 0.96273 0.967407 0.978546 0.975579 0.983945 0.973908 0.978362 0.980766 0.983726 0.987609 0.989619 0.994756 0.998045 1.00222 1.00589 1.01216 1.01456 1.0217 1.025 1.0275 1.03329 1.04347 1.05229 1.05429 1.07238 1.06775 1.08019 1.09094 1.08357 1.11622 1.11176 1.11135 1.12067 1.13591 1.15448 1.14373 1.17419 1.18329 1.18147 1.16748 1.2164 1.22098 1.22076 1.25991 1.24874 1.25081 1.28164 1.29419 1.30113 1.29424 1.29679 1.34425 1.35293 1.36812 1.37821 1.39536 1.38818 1.43018 1.44288 1.4337 1.46218 1.47011 1.5237 
1.08273 1.04566 1.02267 1.02405 1.03855 1.06874 1.03409 1.06943 0.99729 1.01396 1.0151 1.02782 1.02174 1.01028 1.00173 0.990696 0.98202 1.00461 1.03202 1.00433 0.972665 0.954341 0.998512 0.965002 0.959078 0.975184 0.989668 0.967532 0.967337 0.964161 0.981858 0.980601 0.964301 0.973786 0.96304 0.965111 0.968437 0.964981 0.976497 0.969499 0.972622 0.973321 0.97387 0.984347 0.988939 0.986488 0.984745 0.991207 0.993174 0.998126 1.00206 1.00674 1.00893 1.01342 1.022 1.02564 1.02854 1.04064 1.04203 1.05498 1.06094 1.06101 1.06756 1.075 1.08809 1.0874 1.09928 1.1144 1.11975 1.13033 1.13542 1.15402 1.14705 1.15823 1.18572 1.18961 1.19101 1.19969 1.17678 1.23473 1.25051 1.25262 1.24511 1.27754 1.27211 1.27794 1.32628 1.3034 1.3357 1.33245 1.38921 1.37102 1.39891 1.39566 1.41476 1.4142 1.43593 1.4479 1.42684 1.45876 
1.07374 1.08199 1.07755 1.04815 1.04256 1.08524 1.01498 1.09203 1.01611 0.994477 1.02362 1.0182 1.01981 1.0094 1.01557 1.05201 0.982718 1.00028 0.988672 0.943643 0.996527 0.981623 0.973351 0.968748 0.985356 0.96008 0.960399 0.941299 0.971805 0.962906 0.966415 0.964115 0.976168 0.980021 0.981262 0.979233 0.966278 0.957933 0.970184 0.968899 0.9777 0.968948 0.978941 0.979234 0.977248 0.983304 0.988575 0.991663 0.993887 0.997741 1.00217 1.00535 1.00866 1.01539 1.02061 1.02598 1.03364 1.0418 1.04106 1.04763 1.05236 1.06709 1.06627 1.07538 1.09658 1.09525 1.11588 1.09852 1.10937 1.11596 1.13874 1.12536 1.15787 1.16037 1.15937 1.18279 1.21072 1.2296 1.21941 1.22902 1.23451 1.24089 1.25468 1.24886 1.26848 1.32939 1.29633 1.3067 1.31763 1.35374 1.36189 1.33441 1.40062 1.39108 1.43441 1.45173 1.45905 1.45393 1.51983 1.42838 
1.06592 1.04427 1.00316 1.08216 1.00781 1.03838 1.00396 1.04825 1.02184 1.03352 1.0539 0.999568 0.990526 1.03724 1.01547 1.025 0.989033 0.991874 0.974527 0.992843 0.972714 0.975373 0.980775 0.963853 0.974947 0.963779 0.975537 0.968056 0.952658 0.982021 0.983886 0.978877 0.97962 0.964123 0.949803 0.985227 0.955783 0.976508 0.96507 0.984988 0.972897 0.97362 0.978707 0.979246 0.981625 0.985634 0.985702 0.993132 0.994254 0.997769 1.00226 1.0073 1.01148 1.01503 1.02103 1.02324 1.02994 1.03458 1.04389 1.05767 1.06401 1.0637 1.0713 1.08341 1.08226 1.10042 1.09502 1.11394 1.10701 1.12284 1.12375 1.13618 1.15754 1.16758 1.17047 1.19447 1.20624 1.21081 1.21115 1.24175 1.25961 1.26197 1.24586 1.27244 1.28744 1.2804 1.30141 1.31341 1.32914 1.35353 1.37622 1.33883 1.36377 1.37608 1.39106 1.41881 1.44339 1.46319 1.4549 1.47434 
1.02729 1.06495 1.07963 1.01191 1.04312 1.0402 1.07323 1.06202 1.0235 1.01336 1.05221 1.0191 1.00479 0.994683 1.03993 0.966728 1.01651 0.967289 0.958011 0.986274 0.987227 0.99199 0.996416 0.958682 0.969134 0.979418 0.974026 0.966775 0.980462 0.974989 0.96475 0.959843 0.966801 0.980351 0.955544 0.971338 0.975988 0.993231 0.976587 0.973221 0.976944 0.97402 0.973046 0.984693 0.990238 0.981066 0.986236 0.989667 0.993329 0.99775 1.00155 1.0053 1.00987 1.01417 1.0205 1.02721 1.02879 1.0386 1.03505 1.05446 1.06236 1.06747 1.07748 1.07131 1.08905 1.08833 1.09808 1.11265 1.1224 1.12046 1.1305 1.1397 1.16589 1.1755 1.18162 1.1993 1.18959 1.21361 1.20731 1.23755 1.24985 1.25763 1.27743 1.26942 1.28218 1.29027 1.32572 1.31795 1.33234 1.34054 1.35904 1.37389 1.38156 1.41793 1.41977 1.40791 1.4129 1.44584 1.48723 1.48875 
1.0548 1.03184 1.09257 1.07002 1.06051 1.04755 0.993444 1.02279 1.02683 1.02353 1.04593 1.0375 1.03683 1.02183 1.01923 0.994388 1.05849 1.01116 0.991654 0.948521 0.992834 0.980273 0.988837 0.965409 0.971909 1.00002 0.999418 0.949875 0.971114 0.971254 0.963623 0.969761 0.974762 0.970951 0.968763 0.957535 0.965331 0.964434 0.981196 0.978257 0.969264 0.971561 0.976258 0.979416 0.983338 0.98319 0.988551 0.990222 0.99474 0.99786 1.00154 1.00663 1.01153 1.01781 1.02361 1.02895 1.03544 1.04171 1.04358 1.05359 1.05312 1.06046 1.08027 1.07681 1.08358 1.08368 1.09304 1.10871 1.11026 1.12824 1.14078 1.14672 1.15776 1.1605 1.18683 1.17633 1.21153 1.2087 1.20882 1.24102 1.23825 1.24498 1.25178 1.28561 1.29125 1.30148 1.31494 1.34567 1.33649 1.34771 1.3753 1.37624 1.38346 1.41599 1.38361 1.44457 1.46704 1.44575 1.47361 1.52215 
1.06306 1.12427 1.02365 1.04084 1.02141 1.04968 1.04843 1.00569 1.04572 1.00543 1.01682 1.01562 1.04456 1.03406 1.03361 0.985344 0.998146 1.03427 0.967131 0.979042 0.979117 0.994926 0.997285 0.968511 0.971938 0.959526 0.98278 0.976652 0.983878 0.975785 0.97593 0.967521 0.96659 0.96285 0.972305 0.980072 0.972722 0.969999 0.974384 0.964644 0.974802 0.978257 0.975688 0.973616 0.976368 0.983218 0.985873 0.991861 0.993886 0.997805 1.0026 1.00558 1.01155 1.01703 1.01458 1.02703 1.02703 1.03901 1.04414 1.04952 1.06221 1.06218 1.06974 1.07919 1.08474 1.10813 1.09472 1.10126 1.11516 1.13238 1.13608 1.1438 1.14245 1.16058 1.15885 1.17405 1.2026 1.21883 1.21657 1.25581 1.23905 1.25814 1.25821 1.28956 1.2794 1.30073 1.31852 1.33712 1.33386 1.34763 1.37795 1.37763 1.38269 1.3996 1.39369 1.41548 1.44681 1.43003 1.48299 1.46204 
1.07064 1.06824 1.07428 1.0325 1.03655 1.04647 1.07355 1.0077 1.02438 1.01877 1.04316 1.03814 0.982489 0.991624 1.03847 0.976047 1.00763 0.960824 0.97526 0.972421 0.986394 0.969735 1.00017 0.94118 0.991784 0.945217 0.98001 0.973661 0.961866 0.981071 0.975781 0.9778 0.972278 0.963069 0.969807 0.977636 0.973239 0.978642 0.97403 0.964136 0.974338 0.966827 0.979233 0.981799 0.978403 0.980726 0.98699 0.992414 0.994499 0.997539 1.00188 1.00686 1.01042 1.01626 1.01716 1.02437 1.03386 1.03867 1.0417 1.04688 1.06134 1.06592 1.07334 1.0801 1.09394 1.07981 1.10941 1.09941 1.12215 1.13329 1.14264 1.14464 1.15715 1.15442 1.19093 1.19636 1.19275 1.19064 1.2268 1.22831 1.24412 1.26718 1.25576 1.28572 1.26002 1.27729 1.31418 1.31777 1.34748 1.36349 1.32285 1.38962 1.39703 1.39501 1.37509 1.38778 1.42854 1.46671 1.4771 1.47386 
1.08422 1.05289 1.06882 1.0687 1.02746 1.06713 1.00954 1.04907 1.06682 1.00753 1.01052 0.976541 1.02584 0.972136 1.01639 1.01669 1.00817 1.00025 0.967992 0.968148 0.985733 0.990219 1.01755 0.972103 0.959166 0.965023 0.951513 0.973372 0.963072 0.956048 0.968159 0.974657 0.973232 0.943253 0.964062 0.981141 0.971211 0.968124 0.97456 0.984169 0.963533 0.969401 0.975265 0.974968 0.979628 0.981587 0.98742 0.99109 0.995626 0.997598 1.00196 1.0055 1.01225 1.01422 1.02191 1.02696 1.03708 1.04753 1.05166 1.05518 1.05227 1.06026 1.0689 1.08512 1.08613 1.09375 1.09729 1.10747 1.11861 1.13314 1.15069 1.14627 1.14114 1.16564 1.1741 1.17881 1.18422 1.19676 1.20999 1.21687 1.23599 1.26775 1.28575 1.26576 1.30681 1.31218 1.29909 1.31933 1.35641 1.32161 1.3637 1.37608 1.40787 1.40772 1.3965 1.44625 1.45038 1.45438 1.45105 1.47953 
0.992606 1.05923 1.04152 1.04668 1.02237 1.07076 1.04302 1.01324 1.07021 1.04801 1.02048 1.03063 0.967987 1.03957 1.02013 0.974026 0.967278 1.03373 0.971836 0.982187 0.981898 0.993754 0.977435 0.969853 0.946502 1.00537 0.961954 0.966265 0.964401 0.957828 0.963902 0.963679 0.946728 0.959547 0.960976 0.962558 0.960946 0.974657 0.972427 0.970347 0.976549 0.979557 0.977086 0.973718 0.977149 0.983019 0.988875 0.99108 0.993966 0.998002 1.00217 1.00604 1.01336 1.01558 1.02054 1.02952 1.03235 1.04249 1.04278 1.04601 1.06201 1.06711 1.08058 1.08996 1.08626 1.08974 1.09315 1.10837 1.12586 1.11546 1.13658 1.13964 1.14811 1.17751 1.19326 1.19496 1.21186 1.21224 1.21295 1.21456 1.24433 1.24065 1.23849 1.28022 1.26618 1.29237 1.3221 1.32222 1.33988 1.33925 1.35598 1.3526 1.3731 1.38127 1.37244 1.39817 1.45954 1.45103 1.46336 1.5188 
1.07628 1.01295 1.04319 1.04567 1.07114 1.02272 1.08133 1.03018 1.02452 1.06274 1.00741 1.02213 1.00635 1.00464 1.0094 0.99626 1.00366 1.0223 0.994611 1.00982 0.97185 1.00772 0.969444 0.991599 0.99895 0.98899 0.959116 1.01455 0.962669 0.95444 0.965722 0.962362 0.985218 0.977286 0.986834 0.971508 0.982337 0.970914 0.981394 0.973986 0.969257 0.982526 0.975088 0.979958 0.978275 0.982324 0.98703 0.989035 0.995398 0.997844 1.00214 1.00689 1.01114 1.01647 1.01987 1.02369 1.03195 1.04032 1.04313 1.05802 1.05261 1.05719 1.07677 1.08176 1.09596 1.10181 1.1002 1.11326 1.12708 1.13069 1.13523 1.15184 1.14889 1.178 1.17764 1.1833 1.20233 1.20727 1.20297 1.23366 1.24245 1.23797 1.25776 1.27503 1.26349 1.31136 1.32688 1.3563 1.3217 1.34842 1.34496 1.37209 1.39108 1.4178 1.43172 1.41976 1.44446 1.43915 1.47415 1.50006 
1.06943 1.0419 1.07192 1.0549 1.06879 1.05473 1.04895 1.02101 1.01792 0.98364 1.04571 1.01721 0.983882 1.02563 0.99354 1.02028 0.995349 1.02493 0.985354 0.967991 0.975658 1.02205 0.977091 0.958082 0.988134 0.974614 0.990856 0.98509 0.984522 0.971101 0.957895 0.96382 0.969061 0.960912 0.974312 0.967505 0.980744 0.973294 0.955087 0.966125 0.960842 0.977093 0.978775 0.980631 0.978264 0.980677 0.986795 0.992491 0.995232 0.998251 1.00229 1.00518 1.0109 1.01464 1.02013 1.02941 1.03228 1.03879 1.04597 1.05668 1.06017 1.0656 1.06422 1.08551 1.09185 1.09688 1.0976 1.10645 1.12882 1.1291 1.13825 1.12187 1.15021 1.15845 1.17033 1.192 1.17676 1.19296 1.19684 1.21438 1.24591 1.26789 1.26873 1.26681 1.30129 1.29666 1.32185 1.33933 1.3555 1.32307 1.35115 1.37382 1.36588 1.41241 1.43251 1.42288 1.4612 1.46865 1.48555 1.47456 
1.09489 1.10288 1.09655 1.08914 1.03657 1.06887 1.05975 1.00591 1.02581 1.02029 1.00788 1.09021 0.993037 1.00775 1.04992 1.03005 0.957145 1.01165 0.963713 1.02178 0.998245 0.9744 0.978047 0.981336 0.981283 0.984956 0.973608 0.976419 0.962544 0.956948 0.970282 0.960243 0.972206 0.962961 0.973314 0.963225 0.975563 0.9581 0.971726 0.975838 0.974956 0.978682 0.972257 0.978232 0.983306 0.98439 0.987769 0.989508 0.995009 0.997748 1.00178 1.00631 1.01403 1.01478 1.02108 1.02641 1.02834 1.03596 1.04862 1.04796 1.05752 1.07337 1.06454 1.07433 1.08104 1.09122 1.08972 1.11412 1.11846 1.12726 1.13883 1.15457 1.16102 1.14991 1.17418 1.17103 1.18973 1.21057 1.20761 1.24315 1.25286 1.24905 1.27788 1.28397 1.26889 1.3039 1.31121 1.31944 1.34322 1.36428 1.32892 1.38452 1.36403 1.38783 1.41201 1.41472 1.44714 1.47302 1.46623 1.50844 
1.08257 1.04882 1.00998 1.05847 1.02334 1.02897 1.05443 1.02758 1.03249 1.0218 1.07167 1.04441 1.01422 1.00505 1.03172 1.04559 0.995164 1.01068 0.971128 0.988976 0.992206 0.996881 0.970612 1.01163 0.993636 0.971327 0.948796 0.968265 0.979229 0.932731 0.968912 0.966101 0.98034 0.96353 0.953761 0.963427 0.973027 0.970518 0.962517 0.979739 0.97992 0.967809 0.968829 0.979418 0.98197 0.983688 0.987148 0.990358 0.994087 0.998062 1.00237 1.00707 1.01272 1.01687 1.01697 1.03025 1.03578 1.03236 1.04579 1.05512 1.05463 1.06712 1.07543 1.08056 1.092 1.08921 1.11619 1.12504 1.1124 1.13452 1.13158 1.14615 1.16954 1.1818 1.19042 1.1896 1.1721 1.20991 1.20807 1.22405 1.24357 1.24257 1.25368 1.27411 1.28705 1.27541 1.27675 1.29648 1.35815 1.35064 1.35303 1.35226 1.40906 1.37919 1.40133 1.41231 1.4433 1.44413 1.47417 1.47734 
1.12311 1.0625 1.05245 1.10573 1.04571 1.03847 1.01087 1.01813 1.08724 1.06264 1.05266 1.01832 0.96962 1.00564 1.03296 0.97377 1.00861 0.982549 0.963869 0.984578 0.987085 0.977502 0.992263 1.01148 0.980034 0.981556 0.977104 0.972875 0.959102 0.959092 0.959628 0.972253 0.957463 0.968397 0.971836 0.969394 0.968526 0.960756 0.970537 0.967021 0.970844 0.983974 0.985543 0.97416 0.984053 0.986246 0.987181 0.990673 0.992921 0.997861 1.00181 1.00656 1.01154 1.01594 1.02337 1.02722 1.02496 1.0357 1.04107 1.04414 1.06083 1.06493 1.08085 1.08657 1.08243 1.08689 1.10186 1.10652 1.10528 1.12996 1.14555 1.14893 1.16186 1.15836 1.18702 1.1869 1.17992 1.18818 1.20284 1.22745 1.24546 1.25719 1.26867 1.26953 1.30624 1.29499 1.30774 1.32644 1.33883 1.33331 1.35804 1.37757 1.38328 1.39289 1.4043 1.45837 1.43115 1.44207 1.48423 1.49675 
1.00709 1.03708 1.06748 1.04543 1.03276 1.06049 1.08098 1.02873 1.00461 1.01866 1.00554 1.02388 1.04858 0.996546 1.01657 1.018 0.991875 0.985444 0.977465 0.955653 0.976081 1.01121 0.976783 0.98368 0.987504 0.970373 0.961165 0.980585 0.973218 0.971136 0.959888 0.963366 0.969267 0.986031 0.9739 0.956418 0.981054 0.969699 0.975099 0.968461 0.971928 0.976857 0.981877 0.974057 0.983497 0.982721 0.987704 0.989301 0.99377 0.998702 1.00211 1.00613 1.01165 1.01729 1.01929 1.02983 1.02989 1.04319 1.03996 1.04756 1.05135 1.06664 1.06392 1.08389 1.096 1.09164 1.11554 1.11759 1.10659 1.1185 1.14173 1.15112 1.15177 1.15769 1.16748 1.1866 1.19411 1.2145 1.22087 1.22225 1.26742 1.23944 1.2795 1.23521 1.27683 1.28927 1.29966 1.3368 1.31748 1.35755 1.38459 1.38405 1.38498 1.38116 1.43766 1.42085 1.45789 1.48925 1.45128 1.47236 
1.05534 1.0572 1.04765 1.0749 1.05281 1.07889 1.06697 1.06122 1.06076 1.08511 1.0587 1.04144 1.00636 1.01853 1.0154 0.976494 1.00235 0.97147 0.96762 0.990104 0.999539 0.987217 1.00545 0.992064 1.0007 0.999467 0.970519 0.974715 0.966996 0.986571 0.966362 0.95741 0.975146 0.977178 0.968149 0.955135 0.976069 0.975013 0.963512 0.967341 0.975919 0.977039 0.976167 0.979669 0.977076 0.982323 0.985565 0.990781 0.994211 0.997456 1.00193 1.00473 1.01332 1.01475 1.02514 1.02754 1.03496 1.04033 1.04288 1.0568 1.05584 1.07065 1.07441 1.07398 1.07943 1.10415 1.09783 1.10468 1.12373 1.12714 1.12285 1.15694 1.15908 1.16991 1.16986 1.19021 1.19224 1.20027 1.2218 1.23493 1.22966 1.24137 1.24853 1.27523 1.24836 1.30175 1.31321 1.31666 1.34757 1.33382 1.3465 1.32887 1.38309 1.38475 1.43129 1.44423 1.43881 1.45415 1.47812 1.50633 
1.01968 1.05647 1.06395 1.07157 1.07362 0.995371 1.0418 0.994081 1.02048 1.01229 0.999843 0.986589 0.993857 1.03219 0.953602 1.02814 1.00859 0.972048 1.00677 0.9729 0.993176 0.962407 1.0263 0.967132 0.981945 0.987019 0.986099 0.97586 0.999747 0.960337 0.976551 0.961489 0.965455 0.966409 0.956548 0.968215 0.976632 0.967628 0.983008 0.966268 0.973236 0.981576 0.974578 0.981818 0.983099 0.98471 0.9867 0.990951 0.993906 0.998267 1.00161 1.00702 1.00969 1.01803 1.02543 1.02818 1.03594 1.03647 1.03947 1.04884 1.06168 1.06737 1.075 1.08147 1.09139 1.0834 1.09123 1.12012 1.10933 1.12326 1.13867 1.14502 1.16689 1.13494 1.17485 1.187 1.19075 1.20636 1.2366 1.23328 1.26522 1.2387 1.24781 1.25764 1.26662 1.29502 1.26047 1.31842 1.34511 1.37339 1.36469 1.37081 1.37872 1.38718 1.41519 1.45577 1.46118 1.43737 1.48258 1.49801 
1.17781 1.08912 1.04929 1.04015 1.00063 1.06472 1.02773 1.02827 1.02027 1.04637 1.01438 0.977273 0.976804 1.00704 1.01892 1.03241 1.0336 0.999795 1.01413 0.985915 0.980029 0.954847 0.964863 0.978104 0.978277 0.982851 0.963322 0.956931 0.966794 0.968666 0.963031 0.969112 0.9744 0.952946 0.961649 0.975801 0.961201 0.955583 0.961902 0.969809 0.965232 0.970703 0.980994 0.97791 0.97755 0.98399 0.986567 0.992925 0.993035 0.997805 1.00217 1.0076 1.01086 1.01472 1.01928 1.02297 1.02506 1.03874 1.04628 1.04784 1.05355 1.06233 1.06725 1.08197 1.08594 1.09496 1.11561 1.09938 1.11608 1.12884 1.12411 1.15525 1.16011 1.18772 1.15238 1.18138 1.20667 1.19612 1.20989 1.22589 1.25792 1.24523 1.25669 1.2666 1.31087 1.31874 1.30364 1.33557 1.33793 1.32723 1.3738 1.35456 1.39763 1.37764 1.41811 1.40539 1.45229 1.47338 1.4459 1.46288 
1.08688 1.12691 1.0744 1.12738 1.05499 1.07878 1.00989 1.03144 1.02682 1.05923 1.03168 1.04185 1.04911 1.01805 0.97284 1.01192 0.986165 1.01546 0.995741 1.00691 0.986022 1.00229 0.946261 0.971015 0.973 0.978205 0.994567 0.967357 0.963415 0.984428 0.968212 0.965428 0.974929 0.969302 0.96665 0.966948 0.985341 0.966931 0.97283 0.976459 0.962614 0.967585 0.97765 0.983987 0.98833 0.982528 0.986605 0.994063 0.993493 0.998328 1.00229 1.00606 1.01086 1.01494 1.02037 1.02472 1.03137 1.0375 1.04482 1.05564 1.05374 1.06654 1.07533 1.0935 1.06991 1.09048 1.10992 1.13023 1.11102 1.14433 1.13183 1.16236 1.16211 1.15362 1.16114 1.17204 1.19006 1.21534 1.21814 1.24328 1.23655 1.23388 1.25107 1.24699 1.27148 1.31272 1.29303 1.31154 1.34067 1.33594 1.35863 1.35732 1.42306 1.39392 1.41214 1.41293 1.43202 1.46196 1.50143 1.4704 
1.05699 1.0663 1.02167 1.03653 1.09899 1.03573 1.06767 1.00832 1.05039 1.04333 1.01915 1.05643 1.0156 1.00036 1.00587 1.01313 0.996829 0.975494 0.981717 1.02215 0.988387 0.964868 0.963737 0.982661 0.938601 0.98884 0.964974 0.966659 0.949662 0.963479 0.97195 0.962859 0.963438 0.974272 0.98113 0.985201 0.976028 0.98295 0.96981 0.976522 0.972935 0.974851 0.962412 0.975768 0.984131 0.988548 0.984869 0.990355 0.994714 0.997757 1.00173 1.00592 1.01061 1.01639 1.01954 1.02349 1.03121 1.04119 1.04447 1.04437 1.05821 1.06154 1.07397 1.07789 1.09074 1.10535 1.11363 1.1029 1.1219 1.13575 1.14593 1.15259 1.15041 1.16019 1.14961 1.18549 1.18444 1.20424 1.24247 1.23251 1.24402 1.26488 1.27884 1.27255 1.28886 1.27228 1.32487 1.33564 1.31619 1.3782 1.35281 1.38311 1.37976 1.42516 1.39219 1.43293 1.44307 1.47685 1.45758 1.46888 
1.05433 1.06206 1.03383 1.04211 1.01162 1.03307 0.991881 1.06702 0.996275 1.04276 0.988328 0.985217 0.964201 1.00775 0.991832 1.0017 0.983706 0.990182 0.947928 0.96412 0.968097 0.981091 0.987296 0.994164 0.970577 0.990148 0.967627 0.967618 0.97083 0.988707 0.978346 0.946309 0.960801 0.959472 0.973989 0.982604 0.960195 0.964887 0.962286 0.96874 0.969015 0.978394 0.973348 0.975118 0.988203 0.985331 0.985713 0.989238 0.994395 0.998106 1.00188 1.0065 1.01172 1.0188 1.01864 1.02604 1.03482 1.0321 1.03974 1.05504 1.06484 1.05943 1.0762 1.07811 1.0947 1.07896 1.10178 1.12856 1.10343 1.12564 1.14109 1.14292 1.161 1.16744 1.17174 1.16391 1.21149 1.2117 1.21969 1.23917 1.23095 1.25335 1.24599 1.2774 1.27185 1.31357 1.33973 1.33614 1.34175 1.31577 1.383 1.38385 1.37552 1.39944 1.37986 1.43722 1.4256 1.42765 1.47107 1.47235 
1.0475 1.09087 1.08491 1.05622 1.04949 1.03834 1.02005 1.07025 1.02339 1.03288 1.01791 1.02428 0.995998 0.988772 0.994722 0.969557 1.02146 1.01014 1.00453 0.983802 0.974582 0.992909 0.952716 0.951273 0.993055 0.973713 0.976565 0.970793 0.976801 0.967487 0.978658 0.962272 0.953265 0.969471 0.987075 0.974621 0.977134 0.973417 0.974822 0.975042 0.979714 0.967317 0.97961 0.974751 0.979233 0.980764 0.987962 0.993071 0.994061 0.997671 1.00186 1.00698 1.011 1.01423 1.02285 1.02729 1.0327 1.03162 1.04187 1.05358 1.06638 1.05848 1.07499 1.08697 1.09648 1.09169 1.11731 1.1147 1.10962 1.11781 1.15286 1.13972 1.14674 1.17783 1.16887 1.17636 1.17968 1.21308 1.22326 1.20578 1.24435 1.24882 1.25979 1.27371 1.27147 1.30849 1.31865 1.30927 1.34959 1.34617 1.34385 1.35712 1.38501 1.39458 1.42339 1.42642 1.42126 1.44926 1.44375 1.46435 
1.09786 1.07393 1.07283 1.04752 1.04918 1.08322 1.03912 0.99719 1.025 1.01666 1.0393 1.00887 0.982955 0.972156 1.03367 0.990908 0.973715 0.986345 1.00173 1.0106 0.976251 0.985205 0.968414 0.994608 0.97629 0.969452 0.983441 0.988005 0.9625 0.958712 0.999288 0.953809 0.954316 0.968644 0.972906 0.981857 0.960924 0.962834 0.974209 0.96963 0.95963 0.970838 0.970636 0.977995 0.980299 0.982496 0.987782 0.99013 0.994796 0.997662 1.00254 1.00503 1.00995 1.01609 1.02457 1.02055 1.03429 1.03842 1.04003 1.04404 1.05909 1.07142 1.07317 1.07539 1.08655 1.08788 1.10972 1.1058 1.1318 1.1293 1.13743 1.1526 1.16753 1.17763 1.18468 1.20781 1.18563 1.19691 1.21584 1.21751 1.24986 1.23199 1.28859 1.27089 1.27106 1.28437 1.29395 1.32961 1.34782 1.32689 1.3683 1.38031 1.40286 1.40629 1.41847 1.41539 1.43105 1.43756 1.47692 1.46424 
1.06322 1.04982 1.09555 1.10771 1.06984 1.00853 1.06823 1.01138 1.02922 0.986404 1.02595 1.0343 1.02051 1.01496 1.01534 1.04821 0.991055 0.999302 1.03444 1.00299 0.962021 1.01239 1.0041 0.969651 0.980028 0.978679 0.973927 0.95099 0.96888 0.972539 0.993783 0.969718 0.975173 0.946094 0.970975 0.956048 0.98112 0.972865 0.966212 0.96366 0.974585 0.973087 0.982362 0.974808 0.98016 0.988994 0.987882 0.989066 0.99482 0.998328 1.00268 1.00811 1.01218 1.01776 1.02123 1.02311 1.03128 1.04214 1.0435 1.05191 1.05876 1.07225 1.06915 1.08451 1.087 1.09477 1.10463 1.102 1.12097 1.12854 1.13657 1.15462 1.16918 1.1742 1.16548 1.19406 1.19034 1.20475 1.20478 1.23768 1.23903 1.22621 1.26592 1.29234 1.30948 1.31837 1.31891 1.35022 1.32847 1.31223 1.35419 1.38186 1.37824 1.36821 1.42647 1.41561 1.45587 1.46667 1.46432 1.47525 
1.11909 1.07781 1.07029 1.02066 1.06082 1.06333 1.08919 1.049 1.05135 1.00411 1.05006 1.01511 1.0187 0.976488 1.01287 0.973306 0.997781 0.985779 0.993344 0.969006 0.987067 1.0226 1.0051 0.95795 0.988847 0.986591 0.969392 0.97712 0.989326 0.969904 0.957337 0.973817 0.981374 0.969521 0.956226 0.969574 0.971287 0.970507 0.973808 0.974839 0.9807 0.969018 0.967469 0.980799 0.978338 0.984949 0.984305 0.990963 0.994841 0.99826 1.00243 1.0067 1.0098 1.01424 1.02094 1.02098 1.03161 1.0473 1.0444 1.05222 1.06156 1.06605 1.07086 1.06958 1.09002 1.08235 1.10407 1.1118 1.12164 1.12414 1.13547 1.14513 1.1594 1.16825 1.18849 1.1917 1.20884 1.20446 1.21477 1.23251 1.24333 1.25683 1.25862 1.28254 1.27588 1.31468 1.28728 1.31888 1.36115 1.34302 1.36006 1.3698 1.38016 1.40801 1.40599 1.41857 1.46706 1.44049 1.46141 1.49902 
1.11078 1.06909 1.00949 1.03744 1.05531 1.05557 1.07477 1.04091 1.03009 1.03558 1.04922 1.02288 1.01649 1.01068 0.986611 1.02388 0.987507 0.997243 0.977791 1.02017 0.962634 0.957138 1.02102 0.998861 0.971224 0.963769 0.964659 0.957929 0.965329 0.958983 0.96 0.99726 0.971849 0.958531 0.966683 0.966883 0.977893 0.967652 0.966973 0.971418 0.966293 0.979889 0.975657 0.980746 0.981852 0.979442 0.989268 0.990279 0.993898 0.998102 1.00228 1.00518 1.0117 1.01648 1.02261 1.02428 1.03601 1.03558 1.03814 1.05084 1.06416 1.06206 1.0701 1.07282 1.0736 1.09581 1.09012 1.09668 1.12926 1.11986 1.14078 1.15471 1.17055 1.17198 1.17446 1.20356 1.18963 1.20459 1.22017 1.2283 1.23804 1.22023 1.26573 1.28686 1.29844 1.28172 1.31044 1.33692 1.34295 1.34677 1.3629 1.36436 1.40244 1.40509 1.37073 1.43699 1.45596 1.46104 1.45034 1.47842 
1.08347 1.0789 1.01169 1.05985 1.04131 1.01686 1.03811 1.01882 1.02844 1.05665 1.04248 0.99155 0.995433 1.00242 0.981739 1.04155 1.02285 0.97033 0.984274 1.01213 0.993454 0.974828 0.971748 0.980039 0.968425 0.962668 0.951996 0.963842 0.942655 0.961828 0.945049 0.973655 0.984979 0.964613 0.972665 0.975328 0.961375 0.967537 0.976063 0.969077 0.972607 0.978378 0.965872 0.975914 0.978618 0.984298 0.984588 0.991266 0.993163 0.997736 1.00215 1.00542 1.01116 1.01566 1.02228 1.02562 1.03449 1.04237 1.04502 1.04926 1.07062 1.06257 1.07862 1.08359 1.08928 1.09287 1.09329 1.1182 1.11325 1.11521 1.13749 1.15613 1.16348 1.16783 1.18644 1.18321 1.19293 1.21413 1.20543 1.23017 1.25053 1.23083 1.26171 1.27955 1.31753 1.31728 1.31204 1.33477 1.32586 1.3587 1.35342 1.36739 1.41193 1.40571 1.37207 1.44935 1.45852 1.40878 1.47297 1.49822 
1.01922 1.08517 1.08496 1.06115 1.00346 0.989563 1.06063 1.03949 1.0107 1.04399 1.03941 0.966363 1.03933 0.987884 1.09137 0.973349 1.00663 0.991902 0.984955 0.966378 0.981209 0.984034 0.992671 1.00083 0.952009 0.986426 0.955536 0.972017 0.973799 0.965107 0.951739 0.981512 0.969087 0.972983 0.977445 0.977295 0.971298 0.973148 0.979593 0.976738 0.972727 0.971543 0.971169 0.974611 0.978637 0.984238 0.986344 0.992049 0.995083 0.997899 1.00243 1.00752 1.01001 1.01613 1.0217 1.02367 1.03448 1.04363 1.04723 1.04602 1.05442 1.06768 1.06532 1.08524 1.09003 1.09361 1.10924 1.10727 1.11613 1.12811 1.13973 1.13574 1.15496 1.16192 1.17425 1.17212 1.21435 1.22307 1.22799 1.23186 1.25866 1.24394 1.28371 1.26398 1.28625 1.32491 1.32915 1.32119 1.32468 1.32549 1.35624 1.37294 1.38776 1.40089 1.40284 1.41373 1.45674 1.42161 1.45861 1.49844 
1.07822 1.08025 1.04233 1.02214 1.0051 1.0263 1.03195 1.05435 1.07808 0.976003 1.08593 1.02958 1.0064 1.02407 1.03839 1.00961 0.986665 0.99246 0.983583 0.974188 0.995066 0.993913 0.979232 0.990559 0.961201 1.00407 0.967905 0.979406 0.95852 0.965058 0.952488 0.9525 0.965793 0.971529 0.961161 0.954175 0.983941 0.962099 0.975804 0.973216 0.965273 0.972991 0.968537 0.979176 0.983262 0.979417 0.985969 0.991458 0.995428 0.998187 1.00208 1.00687 1.01082 1.01869 1.02093 1.02717 1.02881 1.04064 1.0447 1.05066 1.05741 1.07013 1.06698 1.07985 1.09037 1.10511 1.1097 1.11902 1.12239 1.1497 1.13581 1.15566 1.16145 1.18117 1.17443 1.17838 1.20813 1.20208 1.22706 1.24471 1.24023 1.25309 1.26361 1.26866 1.28927 1.27567 1.29587 1.30425 1.32323 1.35107 1.36709 1.38392 1.36583 1.4274 1.42126 1.44123 1.44014 1.41485 1.4752 1.50667 
1.14793 1.02667 1.06124 1.02887 1.02829 1.00996 1.05872 1.00022 0.98507 1.01659 1.02996 1.0064 1.00559 1.05111 1.00088 0.997999 0.974199 1.00978 1.00486 1.00465 0.964564 0.996953 0.990057 0.953032 0.983764 0.964438 0.982966 0.959732 0.965162 0.977841 0.979678 0.96499 0.955216 0.97833 0.963406 0.980944 0.968238 0.963347 0.97895 0.975005 0.957281 0.97697 0.975635 0.980415 0.978496 0.983634 0.987977 0.99262 0.994505 0.99833 1.00206 1.00634 1.012 1.01385 1.02294 1.02556 1.02943 1.03625 1.04373 1.05371 1.05353 1.06352 1.08089 1.07792 1.09118 1.09786 1.11568 1.10587 1.12645 1.12684 1.12938 1.14382 1.15961 1.16217 1.16966 1.18039 1.21046 1.20066 1.20421 1.24952 1.26556 1.25633 1.27256 1.25789 1.28577 1.29731 1.30117 1.32038 1.31327 1.3504 1.339 1.37481 1.39176 1.40373 1.41362 1.4346 1.43599 1.45892 1.44587 1.46241 
1.07761 1.10308 1.01468 1.10143 1.01795 1.05689 1.05606 1.04451 1.04648 1.0014 1.01449 1.03052 1.00731 0.993544 1.00503 1.01322 1.01396 1.01359 1.02262 1.01766 1.01627 0.98399 0.983243 0.98959 0.970157 0.960812 0.993265 0.972514 0.951933 0.972923 0.952952 0.958769 0.961524 0.965464 0.977271 0.967213 0.971031 0.964947 0.981259 0.973618 0.970465 0.98236 0.977803 0.985917 0.979564 0.980134 0.988933 0.991226 0.993619 0.997643 1.00234 1.00713 1.00916 1.01563 1.02211 1.02282 1.03504 1.0347 1.04789 1.04418 1.04879 1.05611 1.06854 1.07875 1.08893 1.10279 1.10949 1.12 1.12129 1.14327 1.12935 1.15346 1.18231 1.17001 1.172 1.19554 1.20184 1.21731 1.2327 1.22191 1.24583 1.28453 1.28612 1.25059 1.2743 1.28303 1.2866 1.34822 1.35035 1.36915 1.3667 1.35047 1.37513 1.40106 1.41858 1.38776 1.41539 1.45998 1.44388 1.43251 
1.10929 1.11874 1.02433 1.04392 1.05715 1.0436 1.01657 1.05024 1.02009 0.981245 0.984922 0.967097 1.00172 1.01929 0.992305 1.04861 1.00376 0.987961 0.994322 1.00346 1.00189 1.00041 0.996155 0.981405 0.982736 0.970772 0.969832 0.98692 0.958904 0.994628 0.981359 0.9617 0.975624 0.953507 0.980523 0.95547 0.967585 0.975631 0.972677 0.980547 0.976381 0.967262 0.971093 0.978605 0.986499 0.979018 0.989553 0.993094 0.993689 0.997672 1.00152 1.00551 1.01289 1.01592 1.02477 1.03236 1.03503 1.0442 1.04694 1.0497 1.05159 1.06404 1.06167 1.08671 1.09025 1.08604 1.11016 1.10553 1.12721 1.12974 1.11746 1.16098 1.13246 1.1619 1.16655 1.193 1.19045 1.19622 1.2341 1.24288 1.23769 1.24255 1.26372 1.2722 1.29563 1.28907 1.33315 1.30391 1.31708 1.32215 1.38081 1.38833 1.39254 1.39714 1.41447 1.41049 1.47384 1.43218 1.45943 1.48257 
1.05135 1.00872 1.0317 1.05696 1.03993 1.05878 1.04605 1.03842 1.01966 1.03099 0.992117 1.02598 1.0369 1.05583 1.02115 1.03469 0.973617 1.04004 0.982558 0.996436 0.988359 1.01121 0.988912 0.992121 0.996425 0.94914 0.966289 0.995936 0.943236 0.970086 0.992695 0.964365 0.984053 0.966834 0.985631 0.968385 0.968947 0.976857 0.977709 0.980357 0.964796 0.968086 0.987491 0.984592 0.979539 0.985606 0.986657 0.991513 0.995175 0.998078 1.00236 1.0063 1.01204 1.01483 1.01972 1.02547 1.03065 1.04174 1.04321 1.04888 1.05234 1.06569 1.06281 1.07933 1.08544 1.10378 1.10275 1.11319 1.11136 1.13593 1.14172 1.14546 1.14951 1.17061 1.16414 1.17743 1.17681 1.19148 1.21329 1.23956 1.24941 1.26912 1.2713 1.29106 1.2923 1.31617 1.3204 1.32812 1.33419 1.34737 1.37092 1.38035 1.38359 1.39644 1.41004 1.43116 1.4486 1.46892 1.47215 1.47325 
1.06745 1.05356 1.03361 1.08957 1.03587 1.12336 1.00084 1.03835 1.01715 1.01559 1.02488 1.0399 0.948906 1.03526 0.994802 1.03773 1.00623 0.992584 0.988 1.01688 0.964704 1.00544 0.964887 0.991273 0.968004 0.989475 0.965416 0.963697 0.962571 0.965881 0.985076 0.993964 0.966302 0.961156 0.96447 0.964482 0.965421 0.975252 0.975626 0.981923 0.972832 0.980347 0.976677 0.981669 0.986582 0.986108 0.987437 0.992219 0.992622 0.998162 1.00194 1.00672 1.01213 1.01521 1.02201 1.02916 1.03292 1.03745 1.0431 1.05069 1.05197 1.06581 1.07177 1.08325 1.08238 1.08083 1.10638 1.09854 1.13077 1.12964 1.12211 1.13776 1.14149 1.15798 1.19716 1.20931 1.19257 1.22119 1.24959 1.23537 1.23226 1.24659 1.25825 1.25865 1.28092 1.30167 1.28454 1.31679 1.33791 1.3431 1.35226 1.3532 1.36479 1.42067 1.37391 1.43139 1.4333 1.4352 1.43953 1.48305 
1.05235 1.04055 0.996539 1.11208 1.06548 1.09954 1.01959 1.02918 1.025 1.03819 0.969094 1.02632 1.03683 1.0709 1.01097 1.01268 1.00831 1.02501 0.953649 0.968847 0.976018 0.979666 0.99924 0.997445 0.983734 0.984072 0.988963 0.995022 0.984689 0.972245 0.968775 0.961105 0.972811 0.977428 0.970041 0.967372 0.977502 0.95702 0.976428 0.969402 0.98227 0.98207 0.977302 0.980429 0.979435 0.980327 0.985493 0.991023 0.9956 0.997399 1.00192 1.00624 1.01061 1.01582 1.02082 1.02513 1.03689 1.04289 1.04521 1.05219 1.05153 1.07343 1.07826 1.08152 1.0879 1.07715 1.10577 1.10322 1.10272 1.12402 1.13203 1.15154 1.15395 1.16422 1.18108 1.19918 1.20912 1.21383 1.21512 1.23096 1.21731 1.27166 1.26208 1.2467 1.29888 1.2862 1.32566 1.30838 1.32109 1.33511 1.37766 1.35629 1.37272 1.3539 1.38873 1.43514 1.4436 1.47019 1.47716 1.47631 
1.08562 1.04326 1.06897 1.02384 1.04202 1.02941 1.05048 1.09886 1.02657 1.00712 1.00692 1.05653 0.99659 0.972866 1.01644 1.00108 1.01642 0.97657 1.00647 0.995725 0.97628 0.971915 1.00123 0.970026 0.971819 0.951244 0.977248 0.95404 0.974854 0.979653 0.965752 0.979502 0.953644 0.982633 0.955327 0.962829 0.974653 0.973818 0.974254 0.966962 0.974427 0.973234 0.980421 0.974226 0.981824 0.986873 0.987884 0.989446 0.994057 0.998074 1.00203 1.0065 1.01119 1.01627 1.02039 1.026 1.02814 1.04312 1.04755 1.04479 1.05137 1.06053 1.05854 1.08232 1.09617 1.09976 1.10536 1.11485 1.12052 1.13602 1.13428 1.13772 1.16168 1.16662 1.18625 1.18444 1.20423 1.23071 1.23158 1.2355 1.24013 1.22948 1.287 1.25967 1.28843 1.30738 1.29316 1.32159 1.34132 1.36545 1.37243 1.34497 1.41807 1.42583 1.41746 1.41757 1.41629 1.4549 1.45926 1.43747 
1.10656 1.045 1.06808 1.06831 1.03022 1.04127 1.04742 1.00163 1.0396 0.987795 1.05418 1.03293 1.04144 1.02108 0.999955 1.00675 1.01942 1.00942 0.996809 0.969076 0.95693 0.979225 1.01127 0.987521 0.98586 0.995996 0.997212 0.95645 0.984307 0.96997 0.960961 0.964292 0.963985 0.95638 0.964359 0.969964 0.98216 0.985512 0.971083 0.978293 0.979553 0.972824 0.980701 0.981731 0.980151 0.985942 0.989214 0.98925 0.994118 0.997987 1.00224 1.00817 1.01167 1.01606 1.01978 1.02037 1.0335 1.03561 1.04136 1.04337 1.05872 1.06503 1.05743 1.08594 1.09982 1.09683 1.11007 1.09422 1.12482 1.12247 1.13208 1.13076 1.15562 1.17547 1.17518 1.20181 1.20158 1.21419 1.22697 1.22745 1.24343 1.22137 1.26682 1.30024 1.28658 1.2736 1.31857 1.30406 1.33692 1.35684 1.37867 1.377 1.3801 1.38433 1.44052 1.43077 1.4453 1.44568 1.47405 1.49716 
1.09908 1.05585 1.0982 1.0774 1.06707 1.08873 0.989872 1.03276 0.995458 1.01246 1.01913 1.0473 0.981715 0.995778 1.00917 1.00138 0.982835 1.02463 0.981939 0.990264 0.957917 0.990269 0.986337 0.990483 0.974887 0.967737 0.958936 0.975771 0.974226 0.964766 0.95114 0.954938 0.961157 0.972771 0.970003 0.962786 0.964053 0.958037 0.967677 0.975085 0.973914 0.977919 0.982233 0.979706 0.978805 0.981058 0.990131 0.989599 0.994706 0.998087 1.00223 1.00738 1.01083 1.01538 1.02388 1.02589 1.03667 1.0313 1.04713 1.0527 1.05703 1.06021 1.06847 1.07972 1.08854 1.0918 1.10273 1.11028 1.12856 1.14076 1.14978 1.15011 1.16533 1.15476 1.13299 1.17762 1.21243 1.22015 1.20922 1.24116 1.20145 1.25174 1.24052 1.27772 1.28978 1.28918 1.32928 1.31893 1.31372 1.34966 1.3788 1.37664 1.37814 1.42732 1.39821 1.44955 1.42291 1.44524 1.4962 1.48564 
1.05681 1.10348 1.06825 1.09633 1.05207 1.06188 1.06818 1.00278 1.00275 1.06446 0.984425 1.02964 1.03188 1.04173 1.00624 1.01755 1.03831 1.00389 0.983326 0.996737 1.00137 0.971271 0.968904 1.00253 0.956307 0.998371 0.967571 0.980476 0.969006 0.9643 0.956116 0.952194 0.959993 0.967076 0.956851 0.974124 0.954521 0.96982 0.973119 0.966793 0.976685 0.976172 0.98028 0.978272 0.981541 0.984028 0.987609 0.990356 0.995413 0.998198 1.00241 1.00634 1.01139 1.01805 1.01924 1.02234 1.02802 1.04012 1.05802 1.05062 1.05499 1.06008 1.07374 1.07386 1.09246 1.09008 1.10438 1.11892 1.12718 1.14145 1.14317 1.15551 1.15785 1.16543 1.17247 1.19461 1.187 1.20362 1.21233 1.20874 1.23349 1.23893 1.2622 1.27508 1.27165 1.27829 1.29717 1.30356 1.32693 1.32244 1.31348 1.38078 1.40461 1.39855 1.42962 1.42039 1.4256 1.47276 1.4894 1.48394 
