-2 -1.9596 -1.91919 -1.87879 -1.83838 -1.79798 -1.75758 -1.71717 -1.67677 -1.63636 -1.59596 -1.55556 -1.51515 -1.47475 -1.43434 -1.39394 -1.35354 -1.31313 -1.27273 -1.23232 -1.19192 -1.15152 -1.11111 -1.07071 -1.0303 -0.989899 -0.949495 -0.909091 -0.868687 -0.828283 -0.787879 -0.747475 -0.707071 -0.666667 -0.626263 -0.585859 -0.545455 -0.505051 -0.464646 -0.424242 -0.383838 -0.343434 -0.30303 -0.262626 -0.222222 -0.181818 -0.141414 -0.10101 -0.0606061 -0.020202 0.020202 0.0606061 0.10101 0.141414 0.181818 0.222222 0.262626 0.30303 0.343434 0.383838 0.424242 0.464646 0.505051 0.545455 0.585859 0.626263 0.666667 0.707071 0.747475 0.787879 0.828283 0.868687 0.909091 0.949495 0.989899 1.0303 1.07071 1.11111 1.15152 1.19192 1.23232 1.27273 1.31313 1.35354 1.39394 1.43434 1.47475 1.51515 1.55556 1.59596 1.63636 1.67677 1.71717 1.75758 1.79798 1.83838 1.87879 1.91919 1.9596 2 
0.6334 0.639407 0.645428 0.65147 0.657537 0.663637 0.669774 0.675958 0.682194 0.688493 0.694862 0.70131 0.707848 0.714485 0.721232 0.728099 0.735096 0.742235 0.749526 0.756978 0.764602 0.772406 0.780398 0.788585 0.79697 0.805557 0.814347 0.823336 0.832519 0.841887 0.851425 0.861115 0.870933 0.880848 0.890824 0.900818 0.910778 0.920646 0.930355 0.939829 0.948985 0.957732 0.965969 0.97359 0.980482 0.986529 0.991608 0.995596 0.998372 0.999814 0.99981 0.998252 0.995044 0.990105 0.983368 0.974786 0.964332 0.952002 0.937813 0.921808 0.904052 0.884633 0.863659 0.841257 0.81757 0.792754 0.766974 0.740401 0.71321 0.685575 0.657665 0.629644 0.601667 0.573878 0.54641 0.519382 0.492899 0.467054 0.441923 0.417571 0.39405 0.3714 0.349648 0.328814 0.308907 0.289928 0.271871 0.254724 0.238471 0.223091 0.208558 0.194847 0.181926 0.169767 0.158336 0.147602 0.137532 0.128093 0.119253 0.11098 
2.68097 2.74707 2.60359 2.6707 2.48224 2.55932 2.24952 2.27706 2.28547 2.12667 2.25805 2.20756 2.20539 1.99374 2.01123 1.94928 1.85306 1.86927 1.87302 1.791 1.7894 1.614 1.67165 1.64576 1.69059 1.60587 1.50083 1.45682 1.53011 1.44727 1.43317 1.36689 1.431 1.31116 1.30583 1.23948 1.25447 1.21169 1.19319 1.15012 1.1555 1.1196 1.10076 1.06953 1.06614 1.03569 1.03431 1.02516 1.01205 1.00338 0.998051 0.993588 0.990097 0.981423 0.992528 0.995685 0.997483 1.00504 1.01823 1.02104 1.01333 1.05277 1.05662 1.11991 1.11167 1.11895 1.09737 1.13032 1.1404 1.18028 1.21375 1.15594 1.27817 1.22224 1.32559 1.3486 1.31525 1.40363 1.38731 1.46826 1.50655 1.51579 1.64445 1.5126 1.58959 1.67305 1.594 1.71787 1.66698 1.75399 1.71218 1.78212 1.80206 1.77828 1.88134 1.96904 1.89658 2.02136 2.13344 2.04053 
2.56424 2.59898 2.37035 2.55111 2.48249 2.33122 2.39114 2.34847 2.34214 2.11314 2.1002 2.09593 1.92658 2.03859 2.15381 1.89714 1.97209 1.88002 1.77252 1.74757 1.8352 1.73094 1.65102 1.583 1.59215 1.52401 1.54597 1.64504 1.4768 1.43916 1.38525 1.35483 1.42224 1.31201 1.25669 1.22427 1.20921 1.22138 1.20073 1.14135 1.11989 1.11974 1.06677 1.08213 1.05882 1.03211 1.0203 1.01229 1.01013 1.00331 0.995294 0.995142 0.988367 0.982188 0.989696 0.992657 1.00245 0.998772 0.995324 1.0162 1.04582 1.05701 1.06243 1.10346 1.11454 1.08877 1.1138 1.08274 1.14793 1.20268 1.21999 1.2089 1.24845 1.31432 1.36328 1.30655 1.31588 1.36894 1.41048 1.50368 1.45095 1.50889 1.46083 1.5762 1.58302 1.61829 1.66459 1.64554 1.70196 1.8142 1.77727 1.81713 1.82588 1.93973 1.83879 1.93293 2.07786 1.86284 1.94844 2.04452 
2.70086 2.71482 2.68409 2.53217 2.28834 2.37925 2.28532 2.38625 2.15405 2.29902 2.18335 2.19629 2.18901 2.16321 2.01183 1.97925 1.86191 1.89409 1.88364 1.79029 1.77165 1.74242 1.66419 1.70231 1.58361 1.59369 1.57364 1.55953 1.46123 1.43994 1.46796 1.41082 1.36757 1.30285 1.2637 1.24149 1.22723 1.19854 1.1586 1.14367 1.12365 1.10342 1.076 1.08386 1.07637 1.03052 1.02945 1.01768 1.01305 1.00318 0.997925 0.994297 0.990373 0.984569 0.99832 1.00367 0.997321 1.00981 0.996501 1.01833 1.05337 1.04445 1.00641 1.09492 1.09719 1.13312 1.11588 1.1468 1.17692 1.16035 1.20911 1.20578 1.23569 1.28636 1.31308 1.33928 1.3589 1.36596 1.42362 1.49218 1.36882 1.49797 1.44261 1.56903 1.55198 1.68457 1.56571 1.68962 1.63674 1.68125 1.82314 1.80931 1.82837 1.87029 1.96113 2.0044 2.00332 2.04356 1.90947 2.01881 
2.65506 2.63911 2.30991 2.64538 2.49799 2.45658 2.4504 2.37006 2.17585 2.34724 1.98885 2.27079 1.99587 2.10364 2.08121 1.8116 1.94634 1.85867 1.82811 1.89029 1.70946 1.78732 1.69437 1.67493 1.57427 1.55093 1.47479 1.58596 1.41161 1.50835 1.39267 1.35102 1.32324 1.3297 1.30897 1.23145 1.22258 1.19263 1.19915 1.14532 1.13215 1.1181 1.07316 1.06961 1.06028 1.03214 1.03509 1.02307 1.01257 1.00182 0.997978 0.993975 0.991648 0.987867 1.00645 1.01114 0.984765 0.996243 1.01543 1.0291 1.02147 1.05826 1.00899 1.08234 1.0771 1.12429 1.10568 1.10939 1.20203 1.19872 1.24239 1.27011 1.24085 1.30317 1.31542 1.36248 1.33407 1.40301 1.40067 1.45899 1.48784 1.55914 1.56217 1.47497 1.66373 1.62393 1.64086 1.6764 1.80064 1.74036 1.77196 1.80906 1.70578 1.83925 1.84447 1.95858 1.96268 1.95387 2.08408 2.08643 
2.49379 2.34752 2.37512 2.49497 2.40057 2.4951 2.20563 2.34637 2.13949 2.23395 2.27955 2.42232 1.99842 2.08085 1.96361 2.17102 1.81421 1.99535 1.79027 1.91162 1.73873 1.80931 1.63699 1.60792 1.71584 1.54204 1.53606 1.55636 1.44651 1.45045 1.41813 1.35005 1.32661 1.34532 1.26604 1.23278 1.19971 1.19807 1.14643 1.16869 1.10583 1.08207 1.08969 1.05747 1.05466 1.02701 1.01771 1.02103 1.0087 1.00212 0.996904 0.992978 0.993403 0.993956 1.0039 1.00626 1.01551 1.00183 1.03299 1.04009 1.01796 1.04023 1.07294 1.08404 1.09174 1.10376 1.11194 1.14084 1.18015 1.20765 1.15703 1.23326 1.25858 1.26107 1.33539 1.30225 1.42528 1.38478 1.38559 1.48379 1.55104 1.519 1.55552 1.5563 1.62154 1.59556 1.62188 1.70403 1.68071 1.82583 1.72937 1.82241 1.82963 1.8814 1.86151 1.97825 2.0356 2.04323 2.05801 2.07058 
2.63061 2.55103 2.59537 2.40848 2.4959 2.35142 2.11646 2.43955 2.4104 2.27517 2.08981 2.12455 2.05708 2.09777 2.089 2.02447 1.89991 1.94201 1.77454 1.75736 1.8455 1.73739 1.83663 1.6086 1.57143 1.58093 1.49018 1.53977 1.46684 1.41387 1.33728 1.38935 1.30464 1.30114 1.22264 1.25642 1.20633 1.17511 1.2166 1.13413 1.14082 1.11185 1.10158 1.06524 1.05298 1.05126 1.02578 1.01452 1.00609 1.00508 0.996482 0.995851 0.987589 0.988866 0.993201 1.00225 1.00178 0.982594 1.01401 1.02658 1.02061 1.03339 1.05211 1.08153 1.07954 1.08887 1.14854 1.15788 1.15771 1.16968 1.20269 1.19699 1.2623 1.27444 1.32842 1.30177 1.28545 1.45357 1.33986 1.46246 1.48525 1.4953 1.51898 1.60522 1.61546 1.67052 1.68671 1.64472 1.71069 1.84245 1.74003 1.76146 1.92138 1.87085 1.96647 1.91799 1.97196 1.90998 2.05854 2.18922 
2.53364 2.60545 2.58991 2.35064 2.46472 2.42615 2.26486 2.36869 2.15294 2.10345 2.25307 2.17655 2.00951 2.05342 1.97028 1.95338 1.94676 1.95617 1.85092 1.78715 1.78081 1.78089 1.66083 1.70209 1.57624 1.54033 1.53161 1.55118 1.43283 1.51783 1.41024 1.45785 1.29953 1.27409 1.20914 1.19726 1.21912 1.20339 1.16146 1.15499 1.15446 1.09268 1.07024 1.06261 1.04884 1.03012 1.02122 1.01851 1.01154 1.00395 0.997043 0.993118 0.99094 0.987912 0.994168 0.99864 1.00834 0.999665 1.01434 1.01715 1.04774 1.05139 1.04414 1.04329 1.09597 1.12264 1.11898 1.12265 1.20422 1.23318 1.20482 1.18351 1.26774 1.27376 1.26247 1.33428 1.34822 1.41608 1.40128 1.47248 1.45505 1.42848 1.55736 1.51439 1.54355 1.60984 1.69141 1.65937 1.78924 1.76633 1.80075 1.90523 1.87587 1.93202 1.96747 1.93522 1.98259 2.03246 1.99761 2.07306 
2.71556 2.7715 2.67937 2.54857 2.41474 2.32929 2.46917 2.40874 2.33849 2.21573 2.21675 2.15912 2.11534 1.95443 1.81459 2.04323 1.79522 1.80891 1.87771 1.80992 1.76002 1.64578 1.57353 1.6756 1.58662 1.61719 1.53947 1.58578 1.46766 1.39162 1.43252 1.40224 1.30246 1.27907 1.25464 1.26798 1.18383 1.1653 1.17376 1.1577 1.12459 1.12192 1.10053 1.06106 1.06349 1.04556 1.02618 1.01732 1.00836 1.00322 0.997479 0.997282 0.994039 0.990613 0.983689 0.998926 1.00474 1.01098 1.01434 1.01802 1.04801 1.04387 1.04555 1.03735 1.1211 1.08864 1.08344 1.17149 1.17695 1.19137 1.23736 1.21582 1.24164 1.25801 1.27357 1.31504 1.34842 1.38246 1.36829 1.4583 1.41942 1.51675 1.5628 1.56632 1.67541 1.64935 1.71262 1.69516 1.73373 1.74324 1.7325 1.92111 1.86706 1.91566 1.85383 1.97804 1.97571 2.12806 2.05455 2.1215 
2.66871 2.42301 2.36835 2.53803 2.31408 2.41012 2.50466 2.11373 2.34888 2.12141 2.2142 2.13731 2.23185 2.08853 1.96951 1.93982 1.79986 1.81547 1.88393 1.87459 1.82379 1.76718 1.67262 1.6875 1.63549 1.50894 1.4964 1.43936 1.42488 1.43102 1.38862 1.40523 1.33882 1.2356 1.2781 1.26093 1.20339 1.20044 1.18002 1.1367 1.1476 1.07344 1.07888 1.06462 1.07052 1.04138 1.02422 1.01544 1.00899 1.00371 0.998242 0.991562 0.992972 0.99859 0.98508 1.00726 0.995971 1.00779 1.02002 1.03774 1.02445 1.04747 1.04305 1.07223 1.07335 1.09562 1.14666 1.09339 1.17556 1.21183 1.25709 1.23162 1.29326 1.29577 1.2863 1.29814 1.32947 1.39603 1.3665 1.38081 1.5101 1.50157 1.51566 1.525 1.6286 1.61594 1.72802 1.67384 1.74981 1.69837 1.82807 1.77576 1.87463 1.82125 1.94038 1.88322 2.0259 2.02608 2.05631 2.05616 
2.60808 2.50869 2.64679 2.48126 2.41617 2.33266 2.47854 2.40248 2.32019 2.37954 2.11398 2.11285 1.96743 2.08422 1.89032 2.03883 1.93917 1.72121 2.01181 1.77074 1.76238 1.83742 1.56574 1.64143 1.6238 1.55069 1.56018 1.4533 1.45666 1.44921 1.37473 1.33852 1.30556 1.31657 1.26881 1.26997 1.25088 1.17996 1.15956 1.13174 1.13261 1.10089 1.09351 1.05999 1.03789 1.04083 1.02885 1.01891 1.01121 1.00304 0.997051 0.993446 0.994088 0.991906 1.00432 1.00043 1.00209 1.01973 1.03213 1.02371 1.04411 1.03659 1.06885 1.09297 1.10251 1.06698 1.12837 1.15935 1.21247 1.20578 1.20963 1.26121 1.28755 1.25023 1.30645 1.37445 1.41334 1.42815 1.40894 1.47399 1.48555 1.58069 1.50812 1.56259 1.63454 1.7674 1.80712 1.78069 1.72629 1.76463 1.75023 1.82921 1.97098 1.91168 1.88404 1.87028 1.98941 2.00695 2.11305 2.08423 
2.56607 2.48937 2.39041 2.36952 2.48077 2.31052 2.1932 2.35136 2.27226 2.17258 2.14692 2.04621 2.05378 1.96409 2.01656 1.98719 1.79395 1.86142 1.90837 1.86158 1.71003 1.64566 1.69564 1.66603 1.6174 1.51468 1.48647 1.55127 1.39578 1.34216 1.39773 1.33238 1.2939 1.32075 1.25335 1.2429 1.2185 1.24604 1.15132 1.13197 1.15649 1.09671 1.10022 1.05964 1.02858 1.05111 1.02642 1.0199 1.00794 1.0021 0.997452 0.999863 0.992622 0.986792 0.982197 1.00196 1.01825 1.00754 1.021 1.00761 1.02392 1.04767 1.05427 1.0979 1.10431 1.11313 1.10819 1.16623 1.17146 1.18631 1.22361 1.25491 1.27896 1.25349 1.29602 1.37503 1.40386 1.39835 1.44265 1.47457 1.48074 1.46795 1.53033 1.49361 1.71296 1.65877 1.63884 1.768 1.7342 1.77271 1.77299 1.83521 1.88322 1.91067 2.05026 2.01093 1.95085 2.00416 2.07495 2.01026 
2.59883 2.55527 2.59955 2.43684 2.45619 2.31215 2.28075 2.36061 2.21737 2.10612 2.24997 1.9968 2.15899 1.82155 1.93864 2.09479 1.84713 1.76606 1.77585 1.70867 1.79291 1.7395 1.72586 1.61338 1.53328 1.61355 1.52362 1.47427 1.51037 1.35151 1.35531 1.35331 1.24572 1.35592 1.26111 1.22002 1.19827 1.181 1.15648 1.14221 1.13836 1.09411 1.06781 1.07188 1.04244 1.0341 1.03005 1.0163 1.01109 1.00306 0.998569 0.995141 0.991068 0.995062 1.00155 0.987113 1.00834 1.02527 1.01669 1.01632 1.04741 1.03901 1.06843 1.05506 1.11295 1.11394 1.12816 1.15518 1.18921 1.20876 1.20317 1.27075 1.30188 1.32858 1.36942 1.34576 1.35094 1.41158 1.41376 1.47353 1.47937 1.55095 1.46132 1.54442 1.5432 1.61631 1.65158 1.70705 1.72008 1.75895 1.81736 1.85629 1.82216 1.84685 1.8617 1.93486 1.91039 2.0705 2.02829 2.087 
2.52749 2.50986 2.50791 2.59998 2.26873 2.29181 2.23249 2.37501 2.22886 2.10511 2.08611 2.27629 2.10567 2.07459 1.90012 1.91792 1.99403 1.83714 1.77301 1.79907 1.70087 1.64649 1.57805 1.63086 1.59699 1.52287 1.49491 1.45439 1.49345 1.40137 1.41529 1.36119 1.32951 1.317 1.24415 1.27959 1.18819 1.19756 1.15833 1.13551 1.12606 1.07765 1.07522 1.06582 1.05222 1.04163 1.02772 1.02286 1.00865 1.00209 0.998422 0.995061 0.979326 0.988142 1.00233 0.995822 0.994936 1.00949 1.00124 1.04246 1.00421 1.04463 1.05925 1.08017 1.10434 1.11892 1.09092 1.12846 1.20781 1.19102 1.17825 1.22478 1.26808 1.31098 1.30243 1.3036 1.37829 1.38742 1.4799 1.54522 1.47406 1.51996 1.50333 1.61391 1.70431 1.65332 1.71247 1.69687 1.67899 1.69896 1.76519 1.81166 1.84596 1.97061 1.99752 1.89711 1.9751 1.93949 2.04104 2.05138 
2.69965 2.66788 2.49919 2.69091 2.24664 2.44572 2.2009 2.22122 2.40181 1.91562 2.26004 2.09699 2.04945 2.02882 2.0956 1.7936 1.83194 1.74523 1.68303 1.63217 1.84075 1.7911 1.72291 1.49428 1.53916 1.54636 1.50305 1.46837 1.4742 1.42131 1.35579 1.34423 1.27997 1.30344 1.27916 1.18907 1.21544 1.22413 1.1317 1.15148 1.07926 1.10321 1.09129 1.05853 1.04537 1.04159 1.02658 1.01673 1.00909 1.00303 0.997176 0.993919 0.993945 0.990598 0.992789 0.996786 0.990054 1.00665 1.02071 1.00614 1.02915 1.05703 1.02997 1.12814 1.11556 1.12707 1.1556 1.16682 1.13185 1.18477 1.19987 1.24565 1.29278 1.32415 1.27807 1.35901 1.38713 1.355 1.47684 1.42562 1.45705 1.54223 1.56636 1.49739 1.68447 1.69455 1.71221 1.68855 1.76468 1.72153 1.79925 1.77772 1.85636 1.94232 1.98351 2.0243 2.03338 2.06174 2.08465 2.05597 
2.46455 2.45271 2.54984 2.51631 2.40002 2.42344 2.25386 2.05211 2.28629 2.25066 2.10943 2.17315 2.17018 1.99841 1.95877 1.92143 1.89694 1.81218 1.70529 1.81449 1.78534 1.59398 1.66307 1.76598 1.60418 1.38891 1.48189 1.50052 1.42046 1.46931 1.36998 1.40578 1.28508 1.24122 1.24693 1.2293 1.21374 1.18903 1.13488 1.10899 1.10755 1.11642 1.0693 1.06211 1.05441 1.05544 1.01719 1.01841 1.0087 1.00237 0.997517 0.991339 0.993631 1.00693 0.988122 0.995132 0.991478 1.0201 1.00601 1.03224 1.0453 1.05118 1.08359 1.09284 1.08709 1.14884 1.14272 1.11899 1.17236 1.20839 1.17963 1.23287 1.27161 1.29542 1.31185 1.3202 1.39331 1.36217 1.42345 1.44432 1.51876 1.55435 1.52351 1.54526 1.70127 1.6576 1.68925 1.67609 1.83669 1.72045 1.84691 1.93224 1.89183 1.94733 2.02038 1.94928 2.06502 2.07221 2.07593 2.04898 
2.60939 2.45063 2.51614 2.32604 2.32851 2.37878 2.46498 2.42243 2.16219 2.18215 2.20652 2.2135 2.01129 1.98943 1.95497 1.91484 1.87963 1.87002 1.7207 1.83116 1.70799 1.68849 1.68617 1.66469 1.58464 1.48632 1.53561 1.42299 1.34664 1.38405 1.34952 1.29242 1.31534 1.24934 1.20226 1.2762 1.19666 1.1607 1.16098 1.13789 1.10974 1.09525 1.0972 1.0732 1.06292 1.0268 1.02458 1.01404 1.00966 1.00352 0.998885 1.00056 0.99332 0.987848 0.999616 0.99332 0.994528 1.01498 1.0246 1.03841 1.04232 1.05005 1.05919 1.12971 1.11733 1.15061 1.11214 1.17404 1.18401 1.21871 1.26173 1.22892 1.29268 1.24874 1.32049 1.37883 1.40804 1.40056 1.42374 1.45584 1.50538 1.54759 1.57859 1.66499 1.59865 1.61727 1.66501 1.7749 1.73673 1.78015 1.82961 1.85094 1.8438 1.92981 1.97145 1.93531 2.01136 2.06241 2.08262 2.02449 
2.42696 2.53434 2.69924 2.29752 2.325 2.40456 2.11133 2.28603 2.27212 2.08724 2.17345 2.05028 1.96102 2.08914 1.87611 1.80665 1.93706 1.91261 1.74649 1.66811 1.80049 1.71242 1.74664 1.6422 1.51615 1.61767 1.57675 1.4677 1.42771 1.45555 1.41007 1.35537 1.3152 1.23061 1.27395 1.15655 1.23014 1.16535 1.15798 1.17109 1.10525 1.10378 1.08373 1.07195 1.03713 1.04401 1.01413 1.02121 1.00983 1.00228 0.999807 0.997112 0.995546 1.00009 0.985953 1.00453 1.01708 1.02737 1.01547 1.04228 1.05435 1.04105 1.06523 1.10902 1.10102 1.11819 1.19721 1.14599 1.18558 1.21871 1.20298 1.2358 1.23422 1.2825 1.33159 1.3544 1.38195 1.42045 1.38405 1.36313 1.47449 1.5826 1.54151 1.59645 1.59423 1.64606 1.70603 1.74193 1.75038 1.68025 1.77517 1.87972 1.81856 2.08053 1.92141 1.95371 2.01745 1.99053 2.16605 2.05166 
2.65572 2.49181 2.37224 2.31896 2.45558 2.34064 2.43973 2.40499 2.15077 2.2 2.12574 1.89729 1.89849 2.03461 1.85216 2.00577 1.92691 1.72089 1.68978 1.8195 1.62792 1.73758 1.66423 1.63476 1.63608 1.54996 1.45007 1.51577 1.37817 1.49176 1.30825 1.37032 1.28785 1.33281 1.26235 1.20433 1.24372 1.20113 1.16613 1.11915 1.12706 1.10567 1.06326 1.06632 1.06103 1.03452 1.02096 1.01423 1.00502 1.00021 0.996533 0.994877 0.992438 0.994919 1.00112 1.0157 1.02215 1.01719 1.01908 1.02003 1.01877 1.05385 1.04887 1.06857 1.12351 1.11374 1.10985 1.15286 1.17745 1.1881 1.25536 1.27317 1.27742 1.24351 1.33829 1.32356 1.39395 1.37595 1.33429 1.44491 1.42512 1.49223 1.53065 1.59514 1.58822 1.60203 1.69123 1.75324 1.67731 1.73519 1.86406 1.81899 1.82852 1.89023 1.99938 1.95968 2.00702 2.0087 2.13179 2.09319 
2.4661 2.39367 2.41442 2.36088 2.24938 2.16754 2.36299 2.27626 2.06154 2.41769 2.15002 2.16212 1.96983 2.08533 2.07578 1.8293 1.99488 1.76285 1.71058 1.64835 1.64646 1.67143 1.6921 1.61026 1.61024 1.43809 1.42418 1.43931 1.38571 1.41567 1.38229 1.31351 1.24837 1.28409 1.23247 1.19786 1.23197 1.20441 1.18011 1.15203 1.09593 1.10963 1.08579 1.06065 1.03785 1.04995 1.01637 1.01623 1.01042 1.00123 0.998396 0.999902 1.00013 0.992685 0.99037 0.990344 0.996933 1.02122 1.00652 1.0309 1.02962 1.06806 1.0667 1.09207 1.07351 1.12422 1.11756 1.17864 1.17236 1.23462 1.22608 1.27022 1.32449 1.30247 1.38812 1.38166 1.39098 1.39718 1.4005 1.48853 1.49272 1.51728 1.52045 1.56135 1.59285 1.71005 1.62629 1.7075 1.70568 1.79767 1.82697 1.89063 1.88902 1.96373 1.96869 2.00604 2.00171 2.06446 2.09115 2.07352 
2.64835 2.59168 2.27763 2.5456 2.39611 2.24257 2.26703 2.39833 2.27242 2.23638 2.223 2.23679 2.01776 2.01013 1.92941 1.96264 1.69518 1.87879 1.85165 1.74472 1.67804 1.51466 1.55529 1.72067 1.53214 1.57754 1.4933 1.4763 1.50364 1.40167 1.34813 1.35712 1.28849 1.31635 1.28895 1.21221 1.23235 1.1579 1.12523 1.12417 1.1089 1.10653 1.07604 1.05372 1.03516 1.04066 1.02491 1.02089 1.01321 1.00182 0.99733 0.992869 0.996149 1.00336 1.00846 1.00308 0.993474 1.01688 1.01884 1.03489 1.04609 1.06113 1.07215 1.09394 1.08796 1.13021 1.15229 1.13295 1.20582 1.21588 1.2238 1.31343 1.2259 1.28104 1.31378 1.39424 1.36521 1.35843 1.47612 1.51556 1.51763 1.60473 1.48995 1.53229 1.66724 1.66758 1.68931 1.76281 1.73026 1.83369 1.77743 1.85961 1.83579 1.97606 1.9354 1.9468 2.01297 2.00728 2.16873 2.07973 
2.62807 2.49213 2.51068 2.42884 2.36964 2.48744 2.21803 2.43625 2.10761 2.22972 2.08991 2.05305 1.92312 2.09349 1.9047 1.91188 1.88132 1.79062 1.86481 1.8013 1.63483 1.65575 1.59166 1.5585 1.61785 1.53265 1.50232 1.4349 1.46663 1.39469 1.37106 1.31895 1.31406 1.25283 1.25768 1.27229 1.16915 1.17128 1.11981 1.12816 1.11911 1.07783 1.04943 1.08326 1.04152 1.03824 1.02611 1.01577 1.00725 1.00372 0.99655 0.996741 0.99158 1.00096 0.991401 1.00711 1.0065 1.024 1.02727 1.02203 1.05013 1.02479 1.06082 1.10107 1.12776 1.07796 1.10882 1.18105 1.16244 1.17617 1.23331 1.2612 1.27982 1.31612 1.33237 1.34855 1.34399 1.35015 1.41323 1.44016 1.46759 1.559 1.53047 1.58971 1.61214 1.677 1.71868 1.68991 1.78398 1.79588 1.81928 1.86027 1.86205 1.85819 1.94427 2.05039 2.12317 2.0142 2.06333 2.1305 
2.26189 2.34465 2.55944 2.39525 2.40997 2.58201 2.16173 2.19388 2.23649 2.23753 2.09894 2.13388 1.87865 1.97824 2.00505 1.93766 1.86107 1.89882 1.80866 1.69359 1.72992 1.63497 1.71105 1.61694 1.60253 1.55669 1.48651 1.51022 1.45666 1.4253 1.35737 1.29801 1.2654 1.29429 1.24779 1.26268 1.21954 1.18313 1.17358 1.11412 1.07439 1.10867 1.09654 1.03869 1.04369 1.02401 1.02284 1.00859 1.00721 1.00165 0.998184 0.997224 0.998239 0.999303 0.993121 1.01438 1.01251 0.990637 1.02742 1.03792 1.03795 1.07043 1.10583 1.09996 1.08911 1.12686 1.11943 1.2025 1.20761 1.19888 1.15139 1.25283 1.23976 1.29162 1.34182 1.32399 1.39571 1.44464 1.44623 1.4126 1.48903 1.47609 1.56802 1.57698 1.64491 1.61454 1.60555 1.7943 1.74156 1.80135 1.80294 1.82799 1.82995 1.82347 1.90897 1.9156 2.04382 2.06017 2.13221 2.13712 
2.80839 2.47399 2.42464 2.45827 2.35649 2.20178 2.21458 2.09447 2.22948 2.19274 2.18037 2.03051 2.06761 2.14381 1.93922 1.87511 1.837 1.7967 1.83191 1.77834 1.69352 1.59958 1.73836 1.61326 1.51902 1.51801 1.40569 1.46634 1.39255 1.42696 1.38283 1.32749 1.38279 1.27161 1.26918 1.2589 1.19152 1.1384 1.14714 1.10425 1.06682 1.08925 1.07971 1.0829 1.04707 1.01772 1.03244 1.01922 1.00272 1.00113 0.997927 0.991355 0.990501 0.996783 0.992973 1.00508 1.00875 1.01254 1.01279 1.03238 1.04775 1.05344 1.04586 1.10316 1.08157 1.15061 1.14585 1.18039 1.12981 1.21823 1.22177 1.25177 1.26849 1.23994 1.33661 1.38182 1.3366 1.41713 1.43107 1.45629 1.49591 1.58155 1.52503 1.61636 1.59555 1.60555 1.68609 1.76687 1.7422 1.83259 1.83025 1.87865 1.78459 1.97302 1.89153 1.90341 2.0259 2.07214 2.07595 2.10413 
2.61075 2.39504 2.27691 2.14317 2.37081 2.13694 2.25132 2.33981 2.1917 2.07792 2.17766 1.95796 1.98239 1.87536 1.96876 1.91746 1.75722 1.78117 1.72731 1.61673 1.68843 1.67844 1.68027 1.59936 1.50464 1.55431 1.44269 1.51429 1.44651 1.3957 1.35936 1.37103 1.28566 1.2764 1.20943 1.23251 1.18278 1.14847 1.18451 1.10723 1.09892 1.08172 1.06739 1.04548 1.0464 1.02796 1.03523 1.01826 1.01368 1.00252 0.99722 0.998877 0.999237 0.992763 0.992104 0.997461 1.0041 1.02737 1.01088 1.02487 1.04874 1.06496 1.09324 1.0769 1.09356 1.11539 1.14356 1.16506 1.19506 1.24466 1.23668 1.21392 1.30609 1.30974 1.34294 1.36059 1.41454 1.43891 1.38574 1.51341 1.51438 1.54956 1.5571 1.53823 1.62196 1.69322 1.72586 1.73345 1.75958 1.74842 1.8171 1.85757 1.84309 1.84685 1.94972 1.98812 1.97947 2.07955 2.02191 2.04082 
2.47244 2.4347 2.55276 2.36753 2.30286 2.23405 2.08243 2.16734 2.11007 2.00926 2.06283 2.15787 1.9631 1.89048 1.94734 1.8686 1.8446 1.79759 1.87097 1.7537 1.71263 1.63048 1.6236 1.66213 1.57893 1.5713 1.43811 1.43697 1.37702 1.36452 1.37086 1.39522 1.33675 1.29927 1.3193 1.19898 1.15368 1.19022 1.16085 1.13167 1.09118 1.0926 1.06223 1.05192 1.03953 1.03077 1.02079 1.00948 1.00437 1.0024 0.997273 0.99815 0.998053 0.992155 0.998649 0.997512 1.01114 1.03861 1.03551 1.03107 1.04867 1.04484 1.07865 1.10553 1.11297 1.13034 1.16768 1.16735 1.1645 1.19154 1.2438 1.21373 1.29227 1.33534 1.33606 1.43351 1.34962 1.4119 1.4604 1.48499 1.47014 1.48414 1.49035 1.62097 1.61767 1.58892 1.6539 1.73173 1.705 1.77976 1.87021 1.90543 1.88148 1.90315 2.02277 1.93877 1.89786 2.07834 2.14312 2.03846 
2.64178 2.43837 2.44455 2.54574 2.34374 2.44729 2.29299 2.0584 2.07498 2.0737 2.10313 2.03497 1.99694 2.04394 1.90437 2.00253 1.88217 1.81676 1.85191 1.75144 1.77594 1.59837 1.61304 1.55449 1.63127 1.47677 1.45173 1.45479 1.37389 1.41762 1.37494 1.27725 1.36413 1.29741 1.23357 1.22476 1.22471 1.21047 1.1367 1.1363 1.10379 1.0966 1.07215 1.06767 1.04641 1.05108 1.01943 1.01555 1.00552 1.00152 0.999902 0.99842 0.989422 0.993329 1.01168 0.999467 1.01226 1.00765 1.01308 1.01985 1.03372 1.05273 1.05394 1.09483 1.09322 1.14736 1.16914 1.13848 1.17056 1.22032 1.23632 1.22842 1.28112 1.34854 1.32588 1.37955 1.4405 1.40143 1.44022 1.43859 1.47294 1.5452 1.56641 1.56231 1.66525 1.68598 1.74164 1.67186 1.74891 1.77756 1.85278 1.82792 1.83414 1.87432 1.9235 1.97497 1.9788 2.07185 2.18571 2.07347 
2.50637 2.63874 2.32678 2.3399 2.09748 2.21112 2.33098 2.1203 2.00263 2.20779 2.15726 2.13513 2.04461 1.92889 1.9195 1.8536 1.89145 1.78808 1.77087 1.70873 1.68073 1.59942 1.61543 1.5525 1.54175 1.49691 1.51536 1.42972 1.44886 1.37357 1.31806 1.31421 1.29997 1.29303 1.27793 1.20381 1.1656 1.16488 1.14343 1.14008 1.11055 1.09307 1.07881 1.03771 1.04271 1.02798 1.01915 1.01209 1.01111 1.00109 0.999332 0.998832 1.00123 0.994057 1.00208 1.00609 0.997618 1.01544 1.02347 1.04194 1.07329 1.04314 1.06134 1.07401 1.13074 1.12634 1.14481 1.15774 1.14536 1.15973 1.20742 1.22765 1.26856 1.30075 1.38369 1.3189 1.37899 1.45348 1.45735 1.44433 1.52548 1.51914 1.5675 1.56594 1.56478 1.71104 1.70366 1.68997 1.71554 1.81977 1.83576 1.84618 1.83516 1.98049 1.93762 1.99831 2.04617 2.10098 2.13227 2.11763 
2.67322 2.45525 2.51356 2.45232 2.48981 2.20078 2.15316 2.16517 2.13464 2.14654 2.10518 1.99509 1.90205 1.95267 1.9635 1.82542 1.78255 1.81224 1.76339 1.78131 1.73525 1.57136 1.66195 1.63986 1.54971 1.46714 1.39091 1.37801 1.48175 1.37829 1.33855 1.31704 1.31206 1.22913 1.22222 1.19326 1.23724 1.11689 1.17988 1.13776 1.09783 1.09267 1.06692 1.05263 1.03781 1.02916 1.02445 1.01142 1.00662 1.00115 0.998615 1.00042 0.995615 0.987644 0.997883 1.00954 0.992682 1.03275 1.02282 1.03911 1.02744 1.03373 1.07278 1.08463 1.07809 1.10938 1.15021 1.13491 1.18478 1.24701 1.19971 1.22818 1.32542 1.35696 1.32603 1.35931 1.42477 1.4172 1.4736 1.52547 1.53471 1.57604 1.42398 1.62187 1.65833 1.66327 1.74923 1.84153 1.82318 1.73966 1.78358 1.82643 1.78518 1.91707 1.96733 1.95069 2.01443 2.07094 2.1475 2.09558 
2.45005 2.46281 2.38277 2.47155 2.3729 2.18843 2.15314 2.26485 2.10896 2.09654 2.03762 2.09038 2.00315 2.09526 1.93399 1.88597 1.84502 1.82212 1.73151 1.71473 1.62545 1.65065 1.63476 1.52088 1.58129 1.56032 1.45171 1.38279 1.37479 1.37211 1.38199 1.33352 1.32494 1.28987 1.21202 1.20143 1.20524 1.14583 1.16442 1.16286 1.10394 1.09278 1.06987 1.05563 1.04538 1.03688 1.02106 1.0161 1.00849 1.00266 0.99815 0.993214 1.00087 0.999192 1.00697 1.00832 1.00772 1.00391 1.03978 1.01933 1.07388 1.0817 1.03992 1.12545 1.08272 1.13322 1.1444 1.18886 1.15735 1.21986 1.23351 1.25863 1.28574 1.32253 1.35885 1.40635 1.41643 1.44178 1.51936 1.45724 1.53221 1.54055 1.60026 1.56183 1.6167 1.62042 1.74771 1.67747 1.81525 1.8678 1.86049 1.79578 1.85921 1.96916 1.97995 2.00974 2.06331 2.11598 2.1477 2.10689 
2.29587 2.52601 2.13661 2.39999 2.32216 2.21554 2.23978 2.18491 2.07521 2.30616 2.1582 2.1485 2.04843 2.03461 1.88905 1.82871 1.86571 1.71192 1.64666 1.67564 1.61108 1.61657 1.5676 1.56005 1.5102 1.56485 1.44476 1.40865 1.41477 1.36908 1.41135 1.29884 1.30088 1.2968 1.23394 1.19277 1.20632 1.16884 1.14291 1.14134 1.08145 1.07069 1.08146 1.08208 1.03879 1.0377 1.02453 1.01529 1.01429 1.00122 0.997958 0.999673 0.994237 0.997884 0.989115 0.998151 1.00788 1.02078 1.01467 1.06792 1.06045 1.09398 1.0521 1.08017 1.12456 1.16435 1.14417 1.1621 1.20072 1.23035 1.14871 1.3205 1.28437 1.3157 1.32111 1.30621 1.35821 1.37419 1.44454 1.53178 1.4286 1.56934 1.59799 1.58628 1.6185 1.69361 1.67973 1.73918 1.79424 1.79576 1.78741 1.8917 1.84891 1.86562 1.87518 1.96923 2.05556 2.07556 2.08253 2.16096 
2.20407 2.49251 2.28105 2.4159 2.28382 2.31276 1.98168 2.23806 2.22327 2.20575 2.04763 2.08107 2.02376 1.93739 2.01411 1.84933 1.88682 1.82705 1.80254 1.83735 1.77607 1.67159 1.56719 1.55215 1.54815 1.55813 1.50381 1.40977 1.43518 1.38476 1.31478 1.31134 1.30701 1.24204 1.21479 1.20331 1.18079 1.14147 1.14784 1.07978 1.0906 1.079 1.07038 1.05073 1.04921 1.02148 1.02603 1.00843 1.00539 1.0025 0.99905 0.996075 0.998032 0.999778 1.00865 0.989445 1.0076 1.02719 1.05893 1.01935 1.04305 1.06027 1.11759 1.08915 1.14063 1.10055 1.15041 1.13799 1.19363 1.24148 1.19598 1.23009 1.30588 1.32645 1.32861 1.38087 1.41018 1.41207 1.42147 1.46868 1.47627 1.56623 1.60029 1.53512 1.71081 1.6519 1.62956 1.71138 1.75649 1.7285 1.86488 1.84082 1.92714 1.90473 1.97995 1.96858 2.09459 1.97217 2.08739 2.14185 
2.52167 2.31456 2.38258 2.42298 2.43648 2.22131 2.27944 2.22476 2.24111 2.00135 2.0923 2.11012 2.08724 2.02019 1.875 1.80082 1.79014 1.81103 1.86422 1.67993 1.65677 1.6427 1.66139 1.57919 1.50007 1.57469 1.42256 1.34099 1.30372 1.43749 1.30103 1.37875 1.2719 1.25326 1.19825 1.19347 1.27044 1.16048 1.17874 1.11305 1.10181 1.09832 1.07452 1.04129 1.03568 1.04402 1.01491 1.0168 1.01454 1.00163 0.998169 0.994132 0.998657 1.00357 1.00311 1.00948 1.0193 0.996988 1.03382 1.02255 1.06125 1.07211 1.08552 1.09066 1.09955 1.12831 1.16125 1.15415 1.16427 1.23815 1.24462 1.2801 1.29586 1.29392 1.34052 1.33915 1.41358 1.42105 1.49073 1.50938 1.50701 1.48567 1.59361 1.54971 1.66579 1.64741 1.70835 1.74151 1.71422 1.78521 1.90498 1.87148 1.78834 1.96373 1.99379 1.99058 2.10654 2.03718 2.02661 2.16082 
2.45554 2.34056 2.55273 2.22576 2.25716 2.12945 2.20562 2.18648 1.96843 1.95886 2.0892 2.05707 1.99766 1.8934 1.93694 1.97122 1.85092 1.7617 1.7495 1.70892 1.76623 1.77265 1.56227 1.5703 1.54279 1.50819 1.514 1.47274 1.42805 1.34072 1.41024 1.28377 1.29923 1.22368 1.2411 1.21657 1.21862 1.1813 1.14635 1.11661 1.0914 1.06747 1.07518 1.04401 1.03118 1.04024 1.0236 1.01988 1.00737 1.00161 0.997961 0.994183 1.00058 1.0087 0.996665 1.00672 1.01443 1.01802 1.04015 1.04815 1.03657 1.07169 1.07036 1.07242 1.12138 1.1177 1.19329 1.15461 1.16064 1.17735 1.22004 1.23453 1.34865 1.28851 1.35631 1.34405 1.43569 1.37172 1.48258 1.45057 1.46523 1.55463 1.61797 1.60034 1.68176 1.63471 1.70862 1.7026 1.78269 1.74004 1.79924 1.87037 1.83053 1.97818 1.90966 1.9598 2.07198 2.14102 2.082 2.16166 
2.45118 2.33398 2.34338 2.35918 2.06635 2.10055 2.25806 2.14038 2.09255 2.04191 2.01711 2.00907 1.98701 1.80467 1.95792 1.76046 1.87668 1.78372 1.72731 1.6865 1.63279 1.69345 1.57909 1.58955 1.52688 1.49427 1.41915 1.46159 1.36189 1.36873 1.34135 1.30252 1.30166 1.28676 1.26909 1.18823 1.21172 1.16214 1.16618 1.11433 1.088 1.09128 1.06165 1.05354 1.04437 1.02134 1.01322 1.0167 1.00606 1.00012 0.998181 0.999757 0.993308 1.0005 0.994455 1.01368 1.02399 0.995204 1.05743 1.05001 1.0375 1.06985 1.08826 1.10769 1.12838 1.15537 1.17163 1.20446 1.18497 1.20649 1.29131 1.28405 1.27554 1.32425 1.34558 1.35351 1.36514 1.38748 1.4483 1.47553 1.51373 1.56555 1.59249 1.56521 1.75866 1.69224 1.65605 1.80394 1.75149 1.88303 1.92133 1.92372 1.86256 1.94631 1.91478 2.03182 2.06292 2.04829 2.05748 2.14575 
2.34445 2.41688 2.36086 2.26125 2.16863 2.24751 2.16812 2.08591 2.2816 2.19951 2.01782 1.96069 2.16443 1.8776 1.90716 1.86878 1.96153 1.75769 1.77357 1.79207 1.63528 1.73965 1.56812 1.55661 1.50889 1.51299 1.61448 1.46538 1.36519 1.38328 1.32109 1.27286 1.25672 1.27242 1.21571 1.18941 1.18913 1.12498 1.12329 1.09926 1.07972 1.07889 1.0849 1.04974 1.04146 1.03154 1.03013 1.01701 1.00736 1.00102 0.998943 0.994624 0.993635 0.997281 1.00953 1.008 1.01632 1.01529 1.03439 1.04061 1.06356 1.04752 1.101 1.07005 1.10878 1.11692 1.09592 1.1529 1.19926 1.15654 1.22797 1.30238 1.32299 1.34067 1.36931 1.33008 1.40721 1.3808 1.43602 1.47284 1.47633 1.61694 1.6137 1.61134 1.67789 1.6251 1.68935 1.74149 1.79691 1.84075 1.87404 1.89723 1.85673 1.89548 1.98217 2.05991 2.03483 2.08886 2.11738 2.08708 
2.37186 2.5569 2.48897 2.39667 2.47909 2.24094 2.08151 2.27716 2.14339 2.05685 1.95629 1.98724 1.94707 1.91799 2.00953 1.78869 1.72641 1.70429 1.77477 1.69825 1.71208 1.63223 1.56951 1.53091 1.52664 1.54033 1.46991 1.41252 1.36642 1.39494 1.32672 1.28948 1.33873 1.21578 1.22022 1.16795 1.1882 1.14063 1.13171 1.15812 1.09856 1.06418 1.10266 1.06721 1.03902 1.03746 1.02164 1.01081 1.00983 1.00327 0.997884 0.999309 0.995721 0.999712 1.00448 1.0037 1.02063 1.00836 1.04094 1.04113 1.05582 1.08566 1.05442 1.07876 1.10058 1.12873 1.13816 1.19273 1.21167 1.19644 1.25501 1.28323 1.33479 1.30214 1.3975 1.4105 1.42918 1.45012 1.40091 1.51758 1.55364 1.53543 1.50952 1.64239 1.62963 1.71746 1.72808 1.63898 1.73023 1.82103 1.89151 1.81325 1.94148 1.9423 1.91578 2.0703 2.04266 1.96636 2.11138 2.13327 
2.49891 2.35075 2.32682 2.26847 2.21363 2.19351 2.30154 1.99104 2.22255 1.88205 2.02385 1.97002 1.98203 1.87089 1.80942 1.8768 1.90412 1.6789 1.65297 1.63108 1.66672 1.56611 1.52455 1.58466 1.434 1.49907 1.48471 1.39659 1.3698 1.33442 1.31728 1.27519 1.26791 1.23683 1.17433 1.21727 1.16332 1.19022 1.12612 1.14475 1.11446 1.05776 1.05717 1.05164 1.03147 1.03413 1.03098 1.0147 1.00321 1.00239 0.999516 0.998065 1.00044 0.992771 1.00039 1.01182 1.01399 1.03793 1.0208 1.02488 1.05787 1.08547 1.09979 1.10295 1.09995 1.10029 1.15812 1.20044 1.19157 1.25177 1.27355 1.24284 1.28331 1.32115 1.35911 1.36687 1.3925 1.44355 1.50688 1.52499 1.58895 1.49117 1.55879 1.62736 1.61443 1.65391 1.73958 1.72655 1.74373 1.82581 1.88245 1.87664 1.95322 1.96247 2.0499 2.03959 2.07829 1.98083 2.04207 2.15696 
2.37683 2.39607 2.24116 2.41356 2.28468 2.06946 2.19627 2.11324 2.07679 2.21404 2.14902 1.97283 2.00747 1.95482 1.83126 1.87114 1.77536 1.75459 1.73961 1.64703 1.6554 1.62564 1.56839 1.54959 1.44189 1.53145 1.41369 1.47428 1.41548 1.28984 1.28677 1.28976 1.26236 1.27473 1.24105 1.19045 1.14256 1.17766 1.12282 1.10152 1.11651 1.05383 1.09782 1.04446 1.02371 1.03531 1.02889 1.01408 1.0035 1.00056 0.999351 0.996571 0.993925 0.990157 1.00196 1.00726 1.0034 1.01463 1.02099 1.0336 1.0729 1.06643 1.06648 1.13178 1.16025 1.11781 1.18703 1.17508 1.22352 1.21183 1.23897 1.3024 1.27886 1.35546 1.40827 1.38762 1.3666 1.44697 1.47899 1.45055 1.50841 1.5691 1.58639 1.60127 1.67754 1.74723 1.68222 1.7602 1.8154 1.79547 1.83315 1.90423 1.86604 1.87128 1.99123 1.92415 2.00651 2.0272 2.02219 2.22792 
2.46906 2.27514 2.32647 2.38783 2.23049 2.35761 2.20085 2.06964 2.23156 1.9901 1.95502 1.93716 1.87823 2.0774 1.79318 1.85837 1.81421 1.78696 1.83389 1.69869 1.61381 1.65816 1.63031 1.61737 1.49748 1.55573 1.42879 1.50409 1.30978 1.36355 1.36449 1.30617 1.2479 1.25178 1.20449 1.1877 1.19323 1.15259 1.15512 1.14001 1.07728 1.07507 1.082 1.06958 1.03953 1.03276 1.02553 1.01192 1.00684 1.00243 0.998749 1.00063 1.00066 0.992403 0.99221 1.00649 1.01406 1.02314 1.00914 1.03929 1.05774 1.08067 1.10714 1.08857 1.1364 1.17739 1.13484 1.20177 1.20854 1.22349 1.20686 1.28382 1.25601 1.35134 1.36261 1.37791 1.39546 1.44195 1.48937 1.51973 1.52425 1.51642 1.5389 1.69939 1.61145 1.70733 1.7209 1.75764 1.76165 1.79169 1.7919 1.97144 1.86075 1.98747 1.86616 2.0881 2.07817 2.09776 2.11936 2.12895 
2.34694 2.37445 2.29419 2.25525 2.45253 2.28137 2.24307 2.14687 2.16153 2.07051 2.01379 2.00974 1.9893 1.85956 1.8921 1.80914 1.82729 1.78452 1.63981 1.64425 1.60918 1.54408 1.56342 1.54847 1.5338 1.48514 1.44284 1.48185 1.37709 1.34862 1.32571 1.30657 1.28362 1.28488 1.23759 1.18789 1.1562 1.16721 1.11638 1.13776 1.0706 1.09271 1.06718 1.06575 1.02193 1.03176 1.02418 1.01154 1.00582 1.00033 0.998702 0.99533 0.999374 0.996112 1.00651 1.00519 1.02753 1.02702 1.04244 1.05082 1.06217 1.04575 1.08158 1.09601 1.09861 1.14784 1.13689 1.18708 1.18407 1.20528 1.23826 1.27234 1.28854 1.30199 1.32041 1.37649 1.44397 1.43236 1.46903 1.49259 1.52694 1.57351 1.56117 1.58983 1.62998 1.69677 1.70748 1.74881 1.79552 1.79487 1.88556 1.87137 1.85346 1.9342 2.01104 1.95823 2.11891 2.00562 2.1519 2.23595 
2.25054 2.3519 2.30964 2.41781 2.19154 2.22651 2.16628 2.27867 2.04736 1.99956 2.09291 1.9643 1.85825 2.04524 1.82575 1.8244 1.70529 1.75723 1.73584 1.73294 1.66866 1.50746 1.59118 1.48748 1.60194 1.50798 1.46283 1.45402 1.36705 1.43804 1.2571 1.32264 1.25851 1.23119 1.19674 1.17591 1.19481 1.15504 1.1616 1.09436 1.10369 1.06054 1.06083 1.04971 1.02785 1.02601 1.00866 1.0152 1.00713 1.00271 0.999409 0.999049 1.00232 0.994144 1.002 1.00338 1.02467 1.04739 1.01486 1.05181 1.03168 1.08432 1.10393 1.11414 1.1273 1.13496 1.17332 1.21232 1.22489 1.2629 1.21547 1.29662 1.31135 1.33751 1.32919 1.39848 1.35903 1.47503 1.42291 1.45152 1.54149 1.56417 1.5808 1.58426 1.65336 1.72844 1.70839 1.78963 1.75142 1.83328 1.81075 1.89099 1.95213 1.94564 1.9745 2.04108 2.13966 2.13628 2.07791 2.19226 
2.37772 2.39005 2.42299 2.38768 2.38184 2.10235 2.18128 2.02279 1.96785 2.08543 2.0144 1.98766 1.93954 1.91428 1.86908 1.77512 1.80491 1.69031 1.57073 1.67196 1.78724 1.61081 1.53738 1.61793 1.49333 1.47773 1.50292 1.44039 1.32379 1.33025 1.3449 1.26976 1.26183 1.2416 1.20153 1.19008 1.13966 1.15047 1.12956 1.1137 1.10552 1.07061 1.06797 1.04613 1.03167 1.03752 1.01484 1.01259 1.00409 1.00176 0.998588 0.999841 0.994536 0.988231 1.00717 1.00497 1.02426 1.02713 1.03125 1.06384 1.07448 1.09543 1.09874 1.11482 1.11141 1.14276 1.14606 1.19165 1.19473 1.21155 1.23758 1.30344 1.29914 1.35227 1.37303 1.39312 1.43714 1.38822 1.4698 1.43347 1.5187 1.6031 1.6413 1.63622 1.68986 1.73781 1.77412 1.71179 1.74696 1.8678 1.83051 1.81132 1.85464 1.98 1.97296 1.91575 2.15732 2.12503 2.11528 2.11167 
2.57292 2.41825 2.31529 2.32389 2.36111 2.22911 2.11643 2.1312 2.05499 2.0117 2.07687 2.07083 2.06053 1.86056 1.88558 1.91677 1.77411 1.84368 1.6377 1.51231 1.61449 1.67133 1.44024 1.53556 1.49471 1.4525 1.49463 1.36917 1.39928 1.33534 1.31755 1.31188 1.25165 1.24807 1.24442 1.17484 1.13835 1.17216 1.09968 1.11383 1.09742 1.08857 1.07502 1.03527 1.04785 1.01836 1.01187 1.01946 1.0039 1.00228 0.99918 0.998254 0.999468 1.00601 1.00612 1.02098 1.02371 1.03972 1.04502 1.0478 1.07587 1.07699 1.09187 1.09005 1.12749 1.13247 1.15272 1.17785 1.21746 1.1672 1.2484 1.25439 1.34242 1.30037 1.38316 1.37387 1.40171 1.41534 1.54426 1.48121 1.52829 1.5963 1.60026 1.68676 1.64312 1.69457 1.65551 1.73587 1.79431 1.82353 1.93188 1.91763 1.9517 1.9546 2.04276 2.01434 2.0405 2.1265 2.08305 2.1657 
2.49863 2.30624 2.40025 2.19838 2.29499 2.19357 2.21201 2.19608 2.11069 2.10123 1.89227 1.77711 1.81998 1.78037 1.87491 1.80517 1.84546 1.70622 1.66332 1.71052 1.60181 1.58446 1.54287 1.49772 1.52948 1.46186 1.31721 1.35117 1.38872 1.33664 1.33761 1.29519 1.23173 1.28737 1.16492 1.23922 1.18306 1.14217 1.1672 1.10932 1.0806 1.07608 1.074 1.04468 1.04734 1.02877 1.01812 1.01165 1.00715 1.00227 0.998681 0.99643 0.993971 1.00879 1.00463 1.01292 1.02081 1.03055 1.03687 1.05168 1.07574 1.06759 1.084 1.13815 1.11714 1.15092 1.1577 1.19445 1.20561 1.26455 1.2271 1.2887 1.2637 1.36706 1.36543 1.36554 1.42357 1.44753 1.43804 1.51408 1.47896 1.55679 1.68294 1.55259 1.60439 1.6805 1.69561 1.75137 1.82154 1.7704 1.84342 1.91506 1.99246 1.99402 1.95761 2.0236 2.01782 2.05209 2.17357 2.12434 
2.44972 2.37548 2.35618 2.25086 2.23639 2.08878 2.15054 2.10668 2.08895 2.08046 1.95873 1.97135 1.79134 1.80759 1.92838 1.8214 1.74919 1.62012 1.7456 1.74138 1.59729 1.52802 1.56279 1.4857 1.45978 1.44934 1.34518 1.41496 1.40385 1.39334 1.31341 1.2859 1.23875 1.28069 1.26233 1.20008 1.19521 1.12193 1.1189 1.12642 1.10509 1.06908 1.07805 1.05715 1.04756 1.02685 1.0179 1.00909 1.00632 1.00155 0.99967 0.997885 1.00162 1.00895 1.00437 1.01152 1.00849 1.02971 1.03654 1.02923 1.04808 1.06557 1.1129 1.11296 1.11679 1.13233 1.18973 1.17516 1.24626 1.24753 1.28322 1.23766 1.31016 1.29733 1.40257 1.36922 1.47453 1.45844 1.47409 1.49787 1.55569 1.49616 1.63668 1.63769 1.66213 1.73239 1.76934 1.67403 1.70825 1.81934 1.8904 1.87855 1.83851 1.95079 1.9941 2.01627 2.07423 2.18972 2.14932 2.19689 
2.25138 2.28716 2.26269 2.1609 2.0307 2.04486 2.16975 2.17112 1.98665 2.06591 1.94457 2.06494 1.79784 1.83322 1.78285 1.78045 1.74413 1.69658 1.73002 1.64406 1.62308 1.63382 1.53492 1.48203 1.39209 1.42756 1.41548 1.42411 1.4379 1.30604 1.35673 1.29204 1.27458 1.23597 1.23448 1.22317 1.17313 1.10352 1.11766 1.11884 1.10046 1.07271 1.07407 1.05152 1.02586 1.02763 1.01468 1.00942 1.00804 1.00205 0.999521 0.996022 0.999389 1.00158 0.998555 1.00629 1.0193 1.03923 1.04029 1.05133 1.07581 1.08587 1.0744 1.12129 1.09982 1.15218 1.14856 1.16253 1.2122 1.2479 1.27566 1.28012 1.33004 1.38176 1.35363 1.39482 1.3925 1.42515 1.44647 1.44474 1.50835 1.57777 1.62353 1.6588 1.7023 1.62923 1.72427 1.77136 1.77129 1.8682 1.83958 1.89203 1.90706 1.94485 2.04707 2.10072 2.1249 2.18688 2.08053 2.18131 
2.36191 2.37501 2.17488 2.37304 2.11059 2.03325 2.10963 2.11039 2.08237 1.9831 2.0646 1.94182 1.83422 1.90249 1.77955 1.69394 1.81505 1.56993 1.66861 1.66968 1.55263 1.50694 1.57014 1.51286 1.51121 1.43494 1.40112 1.37499 1.33766 1.26411 1.30585 1.22626 1.29669 1.24222 1.22477 1.14493 1.14469 1.14999 1.1062 1.08697 1.10771 1.08246 1.07126 1.02965 1.03563 1.02581 1.01168 1.01362 1.00489 1.00093 0.99899 1.00028 0.997819 1.00125 1.01585 1.02483 1.0228 1.02602 1.02956 1.06185 1.03908 1.07998 1.10273 1.1114 1.11917 1.16929 1.14877 1.19468 1.23631 1.20369 1.30149 1.26372 1.30304 1.3452 1.34148 1.37083 1.43228 1.42938 1.45761 1.59 1.5217 1.59261 1.54718 1.66007 1.70175 1.67147 1.74432 1.79771 1.80052 1.86054 1.87995 1.86906 1.93704 1.93621 1.89191 2.05673 2.10974 2.12611 2.18239 2.20342 
2.10635 2.28876 2.25539 2.2739 2.25863 2.23176 2.10068 2.16149 2.10784 2.02278 1.88607 1.86564 1.83534 1.85108 1.79233 1.71259 1.67236 1.74746 1.73184 1.66326 1.658 1.50469 1.59286 1.49693 1.48838 1.38506 1.38349 1.39456 1.3565 1.33589 1.34672 1.29259 1.24766 1.23365 1.18826 1.15968 1.11006 1.13626 1.11977 1.08142 1.07436 1.07925 1.05523 1.03308 1.02659 1.02584 1.02174 1.00851 1.00282 1.0009 0.999884 1.00084 1.00043 1.00328 1.00709 1.02348 1.04365 1.02937 1.05003 1.05988 1.06151 1.10347 1.08022 1.1198 1.11665 1.1759 1.2041 1.2017 1.21124 1.24076 1.23853 1.26451 1.32754 1.30002 1.36066 1.39012 1.41232 1.44113 1.52032 1.41778 1.52103 1.61503 1.53079 1.6229 1.67645 1.63395 1.65464 1.85704 1.87472 1.74791 1.8087 1.8815 1.92935 1.94455 1.95044 2.07324 2.14116 2.12017 2.18688 2.11783 
2.13001 2.29003 2.31495 2.2966 2.09525 2.06628 2.16246 2.09018 2.12359 1.93512 2.01705 1.82274 1.8939 1.75754 1.89904 1.86716 1.76903 1.71083 1.6158 1.61457 1.59582 1.51535 1.54339 1.50641 1.4853 1.46834 1.43811 1.39371 1.35543 1.34829 1.31051 1.25779 1.26951 1.2289 1.18342 1.15472 1.14972 1.14237 1.07261 1.10058 1.07465 1.07461 1.07804 1.05402 1.03074 1.03513 1.01309 1.00411 1.00531 1.00055 1.00038 1.00093 1.00457 0.997125 0.999019 1.00716 1.02208 1.04262 1.04174 1.05229 1.0596 1.10504 1.08032 1.14856 1.1562 1.13873 1.16458 1.18107 1.22096 1.21259 1.27729 1.27814 1.2687 1.31631 1.34059 1.44833 1.41302 1.45509 1.45535 1.5249 1.52056 1.61795 1.63562 1.63566 1.63371 1.66972 1.70306 1.78805 1.83512 1.79288 1.82229 1.84177 1.98335 1.98863 2.08355 1.91428 1.99618 2.08539 2.16094 2.22501 
2.35173 2.37144 2.23022 2.24569 2.09616 2.24373 2.19791 2.00033 1.93342 2.07726 2.09667 1.97433 1.78436 1.87051 1.95453 1.91813 1.7188 1.71768 1.7988 1.58146 1.58247 1.54126 1.55436 1.4857 1.52819 1.40352 1.46519 1.38631 1.37107 1.31669 1.29965 1.34233 1.26883 1.18932 1.16424 1.24235 1.15911 1.09937 1.13101 1.11103 1.06896 1.07743 1.03833 1.02951 1.03634 1.01242 1.02166 1.01905 0.999933 1.00365 1.00012 0.996331 1.00618 1.00265 1.00993 1.02931 1.01728 1.02924 1.03453 1.0774 1.06496 1.05881 1.1278 1.09205 1.12233 1.14386 1.14378 1.16358 1.24273 1.22646 1.27613 1.29161 1.25813 1.35062 1.37132 1.42437 1.46051 1.51727 1.54408 1.52811 1.51968 1.62719 1.65376 1.63688 1.64395 1.67542 1.76327 1.76712 1.8003 1.81208 1.9162 1.89286 1.94044 2.01769 1.93801 2.03558 2.10787 2.23296 2.09595 2.11852 
2.21135 2.1158 2.42153 2.2411 2.19281 2.15452 2.03414 2.02065 2.01138 1.98984 1.90377 1.93695 1.79617 1.87636 1.89327 1.82098 1.54742 1.64144 1.65016 1.72684 1.71027 1.46043 1.54111 1.47579 1.40063 1.54516 1.43353 1.3592 1.33617 1.31297 1.32285 1.30657 1.28729 1.21012 1.18963 1.14214 1.15885 1.10499 1.10968 1.1329 1.06436 1.08439 1.04044 1.05205 1.0324 1.0211 1.00987 1.00737 0.99914 1.00109 0.999593 0.99918 1.00071 1.01488 1.01932 1.01911 1.01827 1.0415 1.03592 1.06652 1.06767 1.08147 1.08642 1.1195 1.15039 1.13987 1.16998 1.19054 1.22682 1.24195 1.24341 1.26487 1.32589 1.39567 1.388 1.42032 1.38233 1.46865 1.46239 1.57587 1.53258 1.5635 1.62654 1.65606 1.66994 1.74721 1.70941 1.76203 1.82282 1.86699 1.91455 1.98696 1.88539 1.94872 2.07467 1.99033 2.14033 2.14252 2.16297 2.20122 
2.27414 2.22794 2.02856 2.25599 1.98393 2.09894 2.17526 1.98819 2.02102 1.84925 1.92467 1.93612 1.90123 1.8269 1.66228 1.76773 1.73568 1.6333 1.58624 1.57223 1.4877 1.51328 1.51324 1.4562 1.48175 1.48082 1.34283 1.38906 1.39791 1.38375 1.28195 1.22664 1.21074 1.19787 1.22121 1.14136 1.15222 1.18412 1.12264 1.10089 1.05087 1.08789 1.05703 1.03217 1.02686 1.01242 1.01544 1.01117 1.0051 1.00058 1.00046 0.997713 0.999468 1.00984 1.00364 1.01524 1.01329 1.02733 1.05264 1.06922 1.02466 1.10124 1.10436 1.12269 1.13882 1.15891 1.14649 1.24444 1.22346 1.23286 1.21366 1.29145 1.28077 1.35894 1.40829 1.40581 1.42944 1.52059 1.4731 1.56297 1.57307 1.56929 1.62433 1.60906 1.61567 1.7455 1.68453 1.77221 1.73791 1.79866 1.9272 1.89178 1.91369 1.93803 2.02708 2.09694 2.08676 2.07434 2.13535 2.19915 
2.39157 2.20632 2.16847 2.15913 2.11836 2.13846 1.99097 2.0169 2.00183 2.1214 2.0416 1.88195 1.75394 1.89177 1.74426 1.71177 1.85345 1.76514 1.62539 1.58746 1.52865 1.45886 1.48832 1.5173 1.44128 1.44172 1.35657 1.35271 1.34609 1.27821 1.33471 1.26351 1.18128 1.20971 1.18116 1.15237 1.11097 1.15768 1.10889 1.11248 1.07492 1.05212 1.03898 1.04378 1.02834 1.02154 1.01771 1.00418 1.00243 0.999576 0.999292 0.999171 1.00722 0.999727 1.02883 1.02418 1.02155 1.03863 1.05461 1.07076 1.09189 1.08933 1.10031 1.10463 1.15127 1.17681 1.20806 1.21068 1.23674 1.23512 1.26584 1.29585 1.36184 1.37845 1.39913 1.38515 1.43133 1.52963 1.48765 1.5113 1.54907 1.58251 1.53669 1.60164 1.64249 1.70888 1.7096 1.75907 1.84441 1.78024 1.87183 1.90128 1.94191 1.94163 2.01751 2.16182 2.1521 2.08685 2.17343 2.11528 
2.51332 2.13568 2.23191 2.22836 2.12014 1.88648 1.97398 1.91512 2.04244 1.86098 1.89647 1.97856 1.856 1.78654 1.85089 1.75623 1.71121 1.73121 1.63492 1.58809 1.60748 1.52696 1.56425 1.42861 1.41222 1.45777 1.38677 1.35637 1.35401 1.29966 1.23292 1.34979 1.2269 1.21973 1.1858 1.15172 1.09958 1.1257 1.10293 1.08526 1.09145 1.08121 1.05274 1.04251 1.03241 1.03197 1.01612 1.00753 1.00186 1.00179 0.999504 0.997809 1.00368 1.00482 1.01796 1.02688 1.02477 1.03633 1.0557 1.04645 1.0459 1.10434 1.09905 1.152 1.13916 1.14978 1.1646 1.1625 1.21707 1.23541 1.2919 1.31025 1.32654 1.31121 1.37824 1.37733 1.46329 1.51578 1.48712 1.49943 1.51559 1.64434 1.61989 1.68813 1.7171 1.657 1.74891 1.77645 1.82647 1.81486 1.90147 1.82332 1.98646 2.04153 2.06807 1.99687 2.15393 2.18215 2.05774 2.19399 
2.26804 2.33975 2.31968 2.17809 2.07539 1.97447 2.20777 2.00071 1.92237 1.84607 1.8763 1.75361 1.82008 1.83334 1.80366 1.77115 1.86443 1.69039 1.6658 1.5853 1.56609 1.47376 1.45009 1.4828 1.41557 1.32336 1.36649 1.39704 1.34045 1.28265 1.27685 1.20126 1.2344 1.19868 1.16238 1.18593 1.10967 1.14037 1.11122 1.10314 1.08634 1.07643 1.03455 1.00941 1.02947 1.01305 1.01437 1.00297 1.00467 0.999375 0.999264 1.00338 1.00044 1.01022 1.00555 1.01999 1.03369 1.04452 1.04277 1.05314 1.07952 1.1215 1.11599 1.1203 1.1325 1.14124 1.17748 1.21362 1.21726 1.22245 1.26419 1.35486 1.30373 1.39003 1.41385 1.37974 1.36825 1.46833 1.49194 1.53998 1.58833 1.58083 1.58461 1.71094 1.65514 1.78562 1.7353 1.78956 1.81879 1.8444 1.83546 1.98933 1.91063 1.99689 2.02044 2.0644 2.06138 2.11972 2.19756 2.20825 
2.40777 2.21324 2.18176 2.11111 1.99819 1.9918 1.91991 1.89219 1.84017 2.01434 1.8728 1.90638 1.74163 1.83431 1.77921 1.62246 1.59257 1.6529 1.59262 1.59803 1.51713 1.50024 1.39106 1.45997 1.41429 1.37978 1.40569 1.40854 1.32215 1.33321 1.20615 1.24964 1.22149 1.18265 1.20485 1.1435 1.12524 1.08998 1.08434 1.08507 1.04239 1.03359 1.06358 1.04435 1.01113 1.01481 1.01559 1.00907 0.999556 1.0008 1.00026 1.00033 1.00426 1.01597 1.01534 1.02064 1.02782 1.03856 1.04665 1.08277 1.05523 1.10581 1.11133 1.08203 1.14988 1.15092 1.19391 1.13606 1.20525 1.21277 1.25193 1.33922 1.34307 1.32626 1.4153 1.42083 1.46657 1.50338 1.48961 1.5281 1.57955 1.58974 1.56194 1.58965 1.70735 1.70417 1.75504 1.72224 1.78323 1.81765 1.91907 1.94511 1.96892 1.97953 1.95235 2.09575 2.18166 2.12542 2.28857 2.25148 
2.25828 2.23048 1.9944 2.01855 1.98824 2.00562 2.19625 2.09269 1.77565 1.78443 1.90338 1.70943 1.71685 1.64914 1.80417 1.70864 1.67701 1.65706 1.60383 1.55697 1.48512 1.57163 1.52828 1.47991 1.34528 1.38362 1.36236 1.28757 1.31856 1.22525 1.2395 1.25954 1.2076 1.19722 1.23234 1.10221 1.14336 1.10535 1.09466 1.0755 1.07007 1.06629 1.04735 1.03284 1.022 1.0255 1.01892 1.00752 1.00192 1.00224 1.00119 0.999937 1.00619 1.00348 1.01961 1.0232 1.04275 1.0533 1.05397 1.06536 1.09248 1.09109 1.09554 1.12247 1.14645 1.15788 1.19725 1.17188 1.26657 1.25702 1.3122 1.32474 1.37426 1.37322 1.39593 1.46181 1.40064 1.46595 1.51632 1.55968 1.51689 1.64913 1.62645 1.64501 1.68399 1.69971 1.76713 1.78755 1.82518 1.83267 1.90455 1.93988 1.94588 2.03161 2.00677 2.04546 2.20192 2.08885 2.13553 2.2962 
2.12762 2.14113 2.20708 2.07718 2.12395 1.91624 2.02554 2.17785 1.99271 1.67472 1.94357 1.91657 1.6826 1.78553 1.68435 1.71912 1.67615 1.59922 1.62139 1.59678 1.54845 1.46268 1.48855 1.41457 1.41972 1.41024 1.28483 1.29421 1.26073 1.23869 1.25804 1.25235 1.16726 1.17806 1.13812 1.14431 1.1021 1.14045 1.09579 1.08446 1.06562 1.05826 1.03191 1.02214 1.00926 1.02625 1.00993 0.997583 1.00289 1.00013 0.999987 1.00277 1.008 1.00846 1.0233 1.02428 1.02477 1.02345 1.04146 1.06149 1.08845 1.11731 1.10115 1.17191 1.14941 1.20379 1.19434 1.25829 1.27299 1.25358 1.27198 1.34448 1.36287 1.31618 1.39809 1.3713 1.4734 1.43918 1.50009 1.56806 1.5395 1.63333 1.67311 1.64545 1.72408 1.75876 1.84021 1.80567 1.77516 1.84709 1.96537 1.88411 1.95074 2.06334 2.05712 2.01535 2.07705 2.22988 2.2409 2.28465 
2.3888 2.15937 2.32974 2.04521 1.96788 2.06271 2.06516 1.98042 1.9149 1.77128 1.86485 1.74764 1.79759 1.70206 1.61066 1.66929 1.59467 1.64396 1.60373 1.54415 1.5697 1.46157 1.41778 1.43671 1.41474 1.41336 1.33498 1.297 1.23485 1.29503 1.29058 1.22735 1.22091 1.17741 1.13292 1.16266 1.1123 1.09087 1.08368 1.06431 1.02756 1.0529 1.03346 1.05167 1.02242 1.00654 1.01541 1.00828 1.00053 0.999753 1.00113 1.00192 1.01006 1.0126 1.02542 1.0146 1.04385 1.03446 1.05551 1.06737 1.08911 1.10366 1.12375 1.15726 1.1911 1.18838 1.2249 1.25835 1.23034 1.2247 1.31811 1.3261 1.30339 1.36612 1.36822 1.46038 1.42918 1.51072 1.50388 1.57847 1.55356 1.58572 1.68334 1.65891 1.74081 1.78736 1.76591 1.88137 1.70557 1.90133 1.98238 1.88934 1.98518 2.0316 2.04925 2.00199 2.20486 2.18551 2.22001 2.17797 
2.34459 2.21684 2.175 2.04429 1.95183 2.03917 1.99577 2.00322 1.85018 1.81148 1.81033 1.9401 1.77546 1.76908 1.66269 1.7485 1.63015 1.57245 1.57913 1.47445 1.51408 1.50312 1.38931 1.46522 1.45096 1.37612 1.37508 1.31207 1.2614 1.27516 1.23282 1.21186 1.18144 1.13328 1.18784 1.1543 1.11322 1.1094 1.10356 1.06537 1.07551 1.06647 1.03004 1.02581 1.01629 1.01855 1.00055 1.00465 1.00115 0.999797 0.999614 1.00079 1.00793 1.00479 1.01784 1.02812 1.05155 1.05207 1.05761 1.0717 1.09805 1.11521 1.10796 1.13474 1.13864 1.15701 1.22221 1.23202 1.25089 1.25946 1.27047 1.32183 1.34371 1.38442 1.44077 1.41909 1.43954 1.5035 1.4626 1.48894 1.5399 1.6124 1.67414 1.62257 1.74378 1.78307 1.82784 1.78573 1.86096 1.83713 1.91042 1.92024 2.02177 1.97265 2.09894 2.11936 2.2086 2.24649 2.20321 2.21247 
2.12856 2.18518 2.03963 2.14527 2.07966 2.14753 2.17099 1.91357 1.77349 1.8449 1.7865 1.84057 1.76757 1.71065 1.61998 1.58824 1.64955 1.52808 1.49239 1.49777 1.45856 1.40531 1.48232 1.37527 1.42588 1.36175 1.36252 1.33953 1.28377 1.23694 1.18852 1.21213 1.23277 1.16642 1.13391 1.08246 1.13412 1.12395 1.1003 1.03965 1.06636 1.05287 1.03731 1.01788 1.01924 1.00812 1.00567 1.00018 0.997806 1.00122 1.00065 1.00441 1.00634 1.00813 1.0143 1.02613 1.02664 1.05228 1.05748 1.08391 1.09818 1.10482 1.11462 1.1163 1.14893 1.16555 1.21556 1.25538 1.27139 1.23003 1.31748 1.33148 1.35155 1.37887 1.37452 1.44264 1.49695 1.52484 1.53734 1.54362 1.65282 1.65382 1.64596 1.67766 1.6707 1.68994 1.78437 1.78704 1.90008 1.85396 1.9553 2.02068 1.91833 1.9624 2.06602 2.07035 2.1589 2.18123 2.32535 2.27056 
2.2328 2.0454 1.98514 1.7511 2.18311 1.97533 1.97658 1.97969 1.98778 1.76185 1.82803 1.6806 1.74859 1.7366 1.58849 1.76311 1.67743 1.61793 1.60995 1.59688 1.42837 1.30747 1.47396 1.34232 1.40963 1.3399 1.34919 1.30611 1.2492 1.24477 1.22075 1.21893 1.18265 1.1951 1.12234 1.12487 1.1037 1.11731 1.05918 1.07987 1.05726 1.03305 1.03485 1.01217 1.02196 1.01207 1.01426 0.99842 0.998731 0.998989 1.00026 1.00346 1.0044 1.00947 1.02219 1.03564 1.04623 1.0523 1.0563 1.07606 1.09137 1.11681 1.09133 1.14634 1.14369 1.21106 1.18559 1.25305 1.26783 1.30985 1.29751 1.31173 1.35736 1.41678 1.38107 1.42465 1.43349 1.49204 1.53195 1.55757 1.59321 1.61494 1.57888 1.66958 1.73121 1.81594 1.78843 1.81903 1.85416 1.93128 1.98456 1.94266 1.99499 2.03138 2.07182 2.14388 2.15742 2.08539 2.14196 2.27891 
2.25396 1.93889 2.19595 1.96295 1.96184 2.03381 1.95128 2.06198 1.8763 1.78441 1.60698 1.71153 1.67624 1.67214 1.60094 1.60874 1.65716 1.54533 1.53775 1.53246 1.46907 1.39437 1.38289 1.36603 1.37061 1.39227 1.2567 1.24751 1.27883 1.30779 1.22443 1.15152 1.20993 1.1491 1.15712 1.10446 1.04778 1.08422 1.09046 1.06748 1.04289 1.04147 1.01048 1.03084 1.02436 1.01735 0.996893 1.00343 0.996814 0.998684 1.00064 1.00446 1.00642 1.0239 1.02985 1.02882 1.03991 1.04465 1.06318 1.07191 1.0688 1.08928 1.11861 1.13011 1.15939 1.21283 1.23635 1.27402 1.24995 1.29164 1.32608 1.31659 1.35435 1.39275 1.42661 1.45976 1.49026 1.49695 1.52021 1.59864 1.65717 1.61383 1.63785 1.66827 1.75845 1.74177 1.78256 1.83966 1.83115 1.8851 1.92376 1.87323 1.97245 1.98418 2.06428 2.06403 2.10807 2.15079 2.25212 2.32496 
2.20619 2.0537 2.08797 2.14527 2.08377 1.87485 1.86137 2.04531 1.96956 1.75982 1.76936 1.62602 1.71374 1.65333 1.64797 1.58875 1.58327 1.61011 1.55105 1.40215 1.48219 1.3429 1.33156 1.36826 1.30977 1.40979 1.29429 1.27111 1.29049 1.19368 1.26714 1.19664 1.16192 1.17785 1.15785 1.09156 1.11243 1.09862 1.09758 1.07955 1.05503 1.05801 1.02398 1.0228 1.01558 1.01283 1.00827 1.00182 0.998247 0.999183 1.0004 1.00117 1.00275 1.01033 1.02263 1.04308 1.03957 1.04365 1.06543 1.09218 1.07687 1.11522 1.12585 1.13235 1.17406 1.18923 1.19455 1.25017 1.2632 1.2786 1.30294 1.33905 1.3716 1.38108 1.40345 1.43683 1.47112 1.52412 1.55192 1.58322 1.62127 1.62365 1.7058 1.63315 1.77573 1.77327 1.778 1.81436 1.82433 1.93187 1.84547 1.98964 1.97597 2.00112 2.07523 2.08439 2.10298 2.1295 2.25205 2.21312 
2.00056 1.96353 2.06353 1.93743 1.8627 1.85619 1.76576 1.8446 1.79291 1.77574 1.68549 1.7536 1.68423 1.62401 1.58562 1.61853 1.60734 1.57104 1.42744 1.44286 1.43764 1.48842 1.48974 1.34978 1.3236 1.34209 1.33898 1.32514 1.31997 1.20518 1.25535 1.20996 1.14367 1.1164 1.14144 1.10114 1.08016 1.09058 1.06509 1.06783 1.06138 1.02894 1.01319 1.02558 1.01971 1.00927 1.00963 0.992722 0.998016 0.999339 1.00041 1.00466 1.01066 1.02057 1.03087 1.02861 1.0537 1.06629 1.06927 1.06537 1.08793 1.09326 1.15486 1.12074 1.15434 1.19061 1.22492 1.18518 1.27522 1.23928 1.30321 1.36772 1.33708 1.39393 1.36628 1.46923 1.47182 1.4894 1.53016 1.5936 1.62385 1.6204 1.70325 1.69332 1.71005 1.77994 1.80913 1.81257 1.91316 1.95744 1.94831 1.92601 2.03015 2.00981 2.00967 2.04367 2.22439 2.15878 2.20964 2.2196 
2.04914 1.90665 2.04927 1.90921 1.95016 1.95283 1.89985 1.77545 1.85288 1.89122 1.78523 1.76101 1.62689 1.74762 1.5702 1.60738 1.55289 1.6177 1.50058 1.46969 1.44297 1.4181 1.36506 1.38406 1.23114 1.25446 1.28157 1.2094 1.23386 1.21083 1.19965 1.2018 1.20033 1.1139 1.14089 1.13627 1.09628 1.11031 1.03308 1.05468 1.02395 1.04537 1.03907 1.03462 1.00424 1.01104 1.00452 1.003 1.00068 1.0013 1.00066 1.00602 0.999226 1.02023 1.01667 1.03525 1.02866 1.06221 1.06834 1.09599 1.08905 1.12382 1.13896 1.1646 1.2082 1.19535 1.20517 1.20494 1.26343 1.31519 1.29931 1.3619 1.32613 1.37999 1.31812 1.46243 1.55316 1.48113 1.56989 1.59716 1.60841 1.63074 1.65442 1.68145 1.77815 1.74056 1.80168 1.83814 1.85116 1.83861 1.87294 2.04853 1.97709 2.08529 2.0795 2.07405 2.17529 2.2645 2.35796 2.29177 
2.15812 2.04479 1.93196 1.88212 1.97235 1.78895 1.88442 1.85034 1.70151 1.82298 1.75881 1.74952 1.71811 1.74606 1.42324 1.52054 1.5398 1.60489 1.4862 1.43298 1.42397 1.39327 1.37491 1.33387 1.32921 1.32792 1.26825 1.19777 1.30039 1.17597 1.16859 1.16984 1.13876 1.18304 1.13392 1.13168 1.07436 1.05224 1.07381 1.04138 1.06491 1.04183 0.995674 1.00401 0.999448 1.00341 1.00567 1.00398 1.00321 0.998345 1.00119 1.00489 1.0082 1.0173 1.01674 1.05131 1.04205 1.06193 1.07015 1.08441 1.09599 1.09613 1.13402 1.13375 1.17125 1.22159 1.19601 1.26914 1.25058 1.29416 1.30874 1.30711 1.39807 1.38876 1.42691 1.48355 1.46373 1.44595 1.59536 1.54561 1.57219 1.67173 1.73727 1.70653 1.72436 1.84039 1.86593 1.85832 1.8507 1.91525 1.91903 2.02766 2.01318 2.0569 2.08291 2.08583 2.17092 2.25263 2.24429 2.28915 
1.95767 1.92164 2.03178 1.9346 1.92024 1.88081 1.74841 1.69086 1.78478 1.71501 1.75637 1.62433 1.61528 1.59377 1.56226 1.61698 1.51489 1.50383 1.53538 1.44421 1.35273 1.41278 1.41285 1.3745 1.40115 1.27892 1.25627 1.25062 1.21148 1.19967 1.18255 1.20154 1.21947 1.13498 1.13346 1.06411 1.0852 1.05986 1.05839 1.04143 1.05256 1.00717 1.00142 1.02275 1.00185 1.0024 0.995588 0.995557 0.997682 0.999243 1.00177 1.00165 1.01316 1.01596 1.02771 1.02865 1.0465 1.05753 1.06759 1.07822 1.12558 1.12915 1.16156 1.13398 1.16714 1.19085 1.19539 1.24404 1.27605 1.26612 1.32148 1.32174 1.39338 1.41963 1.35239 1.46301 1.4924 1.46596 1.55032 1.53216 1.63545 1.64779 1.69227 1.75198 1.74759 1.7887 1.77525 1.82132 1.89698 1.93654 1.97852 1.97131 2.01694 2.09638 2.01855 2.15361 2.09927 2.10525 2.22694 2.25447 
2.08449 1.88084 2.08555 2.00938 1.97398 2.02156 1.78204 1.74928 1.70756 1.69243 1.70241 1.68887 1.68972 1.61276 1.53348 1.48292 1.53727 1.49159 1.51064 1.3781 1.51295 1.38743 1.36219 1.34455 1.27258 1.25878 1.2832 1.3061 1.21037 1.21335 1.22574 1.15261 1.14591 1.11788 1.15515 1.1191 1.09815 1.05907 1.06888 1.02454 1.04581 1.02791 1.01599 1.01759 1.01528 0.99905 1.00409 0.992349 0.997024 0.998469 1.0017 1.00596 1.00858 1.01749 1.01781 1.03636 1.05443 1.06198 1.08065 1.09531 1.10374 1.10592 1.15451 1.14773 1.17562 1.16917 1.23742 1.25239 1.30131 1.27771 1.3434 1.35349 1.40317 1.44721 1.45965 1.46842 1.5032 1.48736 1.57785 1.61389 1.62465 1.59913 1.7017 1.76195 1.7198 1.82729 1.82955 1.88393 1.90637 1.92967 1.93228 1.97264 2.02136 1.97204 2.12152 2.12619 2.15965 2.22628 2.27387 2.23532 
2.04487 2.00398 1.9217 1.87598 1.74102 1.90248 1.79572 1.80506 1.8124 1.77205 1.72812 1.65998 1.72457 1.58905 1.61802 1.51652 1.60607 1.59627 1.57532 1.40669 1.41774 1.38603 1.34962 1.34945 1.365 1.33104 1.23185 1.21995 1.18176 1.21974 1.11309 1.14363 1.10126 1.13785 1.10597 1.06085 1.08863 1.02612 1.04935 1.05188 1.01528 1.02844 0.99831 1.0176 1.00532 1.00342 1.00218 0.994626 1.00054 0.998634 1.0021 1.00498 1.00854 1.0212 1.02452 1.02978 1.04891 1.03827 1.06515 1.09146 1.12022 1.12493 1.15398 1.15688 1.18648 1.18258 1.2293 1.29954 1.27062 1.36475 1.35177 1.34166 1.37837 1.41618 1.43674 1.45302 1.49493 1.5705 1.54208 1.62012 1.64287 1.61906 1.67746 1.74252 1.76654 1.76036 1.81959 1.83158 1.90791 1.99732 1.91718 1.97092 2.03943 2.07058 2.12916 2.12619 2.23071 2.24238 2.24192 2.24174 
1.95795 1.91055 1.94234 2.00679 1.96519 1.7105 1.88348 1.77648 1.7844 1.6539 1.8089 1.62603 1.54904 1.62563 1.56014 1.5576 1.52376 1.42197 1.44563 1.40878 1.39921 1.35879 1.39502 1.27721 1.28251 1.24843 1.21292 1.23916 1.17409 1.18691 1.1982 1.14596 1.11891 1.12456 1.15298 1.10652 1.10135 1.09541 1.06094 1.0371 1.02347 1.0323 1.01554 1.01935 1.01433 1.00244 0.998833 1.00606 0.996746 0.998642 1.0012 1.00879 1.00544 1.01348 1.0174 1.02341 1.03849 1.08353 1.07578 1.09546 1.12617 1.12506 1.12973 1.1386 1.18271 1.22346 1.22785 1.28146 1.27742 1.29046 1.33531 1.40251 1.36218 1.43394 1.44463 1.51888 1.4852 1.54145 1.56916 1.6138 1.62715 1.69377 1.71426 1.74172 1.69574 1.80029 1.79704 1.80592 1.83687 1.93323 2.03112 2.04869 2.03551 2.06166 2.05393 2.09486 2.2262 2.22194 2.32984 2.32669 
1.8553 1.90858 2.01519 1.80455 1.86925 1.82988 1.83067 1.71869 1.74818 1.62176 1.71269 1.68076 1.70956 1.70698 1.54838 1.51546 1.53939 1.49927 1.51447 1.42229 1.3853 1.34697 1.37245 1.27575 1.2583 1.33845 1.32803 1.20054 1.24181 1.1673 1.1844 1.16632 1.16567 1.10808 1.10785 1.06229 1.06696 1.04082 1.0289 1.04461 1.04447 1.03191 1.017 0.998463 1.00136 0.99762 0.994556 0.994098 0.9954 0.998356 1.00202 1.00515 1.01158 1.01912 1.03224 1.04493 1.05446 1.06986 1.08354 1.09904 1.12108 1.12793 1.14326 1.18342 1.18095 1.19853 1.22096 1.24182 1.2889 1.30901 1.33597 1.37382 1.35281 1.42932 1.40509 1.45659 1.496 1.53964 1.50446 1.57789 1.65838 1.68438 1.77871 1.73502 1.77732 1.76995 1.83069 1.81789 1.81599 1.94995 1.91616 2.04379 2.0443 2.09842 2.11842 2.12054 2.14147 2.1989 2.23963 2.27229 
2.07064 2.00074 1.90133 1.79676 1.76316 1.92152 1.7155 1.89229 1.74376 1.78289 1.60466 1.60865 1.59509 1.56741 1.47816 1.56317 1.56935 1.4774 1.4863 1.32328 1.37772 1.35529 1.43479 1.26707 1.33094 1.31469 1.21071 1.21815 1.21613 1.27024 1.13892 1.1556 1.12551 1.14183 1.12867 1.07184 1.07886 1.0629 1.07862 1.02121 1.03819 1.00173 1.01804 0.995585 1.00574 0.989763 0.999865 0.993748 0.999187 0.998521 1.00148 1.00656 1.009 1.02799 1.02544 1.05005 1.05573 1.07466 1.06243 1.10352 1.11909 1.14151 1.11551 1.16764 1.15548 1.21853 1.2239 1.23229 1.2871 1.26088 1.32494 1.35952 1.39099 1.40202 1.43715 1.45356 1.50182 1.53405 1.57974 1.57635 1.64718 1.66158 1.68657 1.69468 1.78555 1.8087 1.83839 1.88479 1.91905 1.99314 1.96094 2.10867 2.04981 2.1315 2.10033 2.21875 2.06695 2.23713 2.16252 2.28558 
1.78772 1.84174 2.05799 1.90029 1.7009 1.66208 1.70783 1.66769 1.69441 1.67979 1.73271 1.69521 1.45924 1.66788 1.68901 1.49454 1.61873 1.50088 1.39559 1.44052 1.36596 1.30829 1.28533 1.29801 1.31589 1.35265 1.21647 1.26221 1.20142 1.18299 1.13983 1.16743 1.09224 1.10956 1.11654 1.07648 1.0615 1.0415 1.04935 1.04949 1.01409 1.0192 1.00625 1.00698 0.99868 1.00044 0.992162 0.993908 0.996835 0.997844 1.00181 1.00664 1.01696 1.0231 1.0376 1.0448 1.06239 1.05779 1.0813 1.08025 1.11262 1.11496 1.12616 1.18809 1.16343 1.22175 1.23388 1.24891 1.29612 1.31717 1.36022 1.32095 1.38135 1.38847 1.41268 1.44336 1.49625 1.5527 1.59247 1.61129 1.64876 1.60431 1.73661 1.6722 1.77526 1.79321 1.90936 1.88923 1.87718 1.95274 2.04195 1.99261 2.06738 2.08487 2.05923 2.16119 2.19965 2.21725 2.22748 2.26113 
1.82658 1.76696 1.88278 1.75208 1.78073 1.78094 1.7171 1.75985 1.85616 1.63949 1.63712 1.68675 1.6246 1.52724 1.59272 1.4434 1.50814 1.4218 1.39007 1.32356 1.37387 1.41762 1.1899 1.29012 1.29721 1.20545 1.32449 1.21795 1.18782 1.18522 1.17833 1.14406 1.15349 1.15161 1.06182 1.13223 1.0622 1.07411 1.04125 1.03288 1.02431 1.00916 1.01629 1.00223 0.991171 0.983421 0.995651 0.987671 0.994707 0.999362 1.00164 1.00842 1.00887 1.02472 1.03285 1.03136 1.06158 1.0821 1.08838 1.08882 1.10242 1.15068 1.16693 1.18869 1.1738 1.25585 1.2501 1.23905 1.26786 1.29292 1.32568 1.35238 1.41613 1.41949 1.46132 1.50281 1.4804 1.56128 1.61823 1.61847 1.64537 1.66642 1.7042 1.73783 1.75602 1.75451 1.84041 1.87353 1.91249 1.91722 1.93719 2.08295 2.0741 2.08632 2.14026 2.10325 2.20108 2.18113 2.29618 2.29614 
1.76646 1.95505 1.95505 1.8624 1.63909 1.73675 1.82298 1.68385 1.58949 1.66895 1.84904 1.56257 1.63731 1.52656 1.53349 1.55227 1.37008 1.45204 1.48604 1.43674 1.33804 1.40191 1.36439 1.30424 1.28881 1.1762 1.27432 1.27407 1.18057 1.18993 1.16242 1.13358 1.13423 1.13119 1.04822 1.07346 1.05016 1.0592 1.03145 1.05155 1.04335 1.00695 1.00039 1.00199 1.00328 0.99512 0.98939 1.00114 0.997161 0.997494 1.00246 1.0037 1.01492 1.02232 1.03683 1.0368 1.06458 1.06635 1.07577 1.08862 1.09051 1.12186 1.14915 1.17182 1.18512 1.21131 1.25345 1.22367 1.29959 1.29588 1.37005 1.33749 1.39475 1.40053 1.42828 1.46301 1.54166 1.56669 1.53705 1.62216 1.63875 1.67442 1.723 1.75889 1.79364 1.89009 1.85274 1.8476 1.92642 2.03334 1.95926 2.01631 2.08048 2.05695 2.14367 2.08959 2.20568 2.22095 2.3226 2.35363 
1.82447 1.84512 1.7685 1.95955 1.76174 1.69262 1.77433 1.68296 1.67896 1.66754 1.59046 1.59228 1.40861 1.55258 1.61023 1.55489 1.38614 1.47245 1.35445 1.3659 1.25659 1.36575 1.30462 1.29378 1.22838 1.26523 1.21764 1.26505 1.21672 1.17656 1.20905 1.09405 1.11685 1.1027 1.05746 1.04498 1.11865 1.05997 1.07412 1.05906 1.00947 0.986101 1.01358 1.01167 0.990179 1.00357 0.991615 0.994649 0.990905 0.998486 1.00227 1.0056 1.01019 1.01151 1.02916 1.04038 1.05436 1.06517 1.06669 1.0814 1.11003 1.13435 1.14457 1.17687 1.19325 1.24095 1.23927 1.25091 1.33707 1.34419 1.35972 1.38198 1.43334 1.46608 1.41786 1.46762 1.47415 1.50622 1.57678 1.61744 1.64641 1.71647 1.69041 1.66338 1.76578 1.7633 1.83908 1.84578 1.89001 2.01316 2.02584 2.01182 2.14575 2.02687 2.16534 2.21489 2.164 2.14727 2.25126 2.28158 
1.80053 1.82547 1.84155 1.84897 1.82481 1.85589 1.78552 1.64641 1.61429 1.57822 1.59776 1.53984 1.58135 1.6631 1.51055 1.54881 1.45495 1.46992 1.41074 1.35183 1.41062 1.28588 1.39371 1.37615 1.30811 1.22997 1.22341 1.28377 1.21271 1.16752 1.10032 1.15979 1.1329 1.13058 1.08163 1.08611 1.06481 1.05506 1.04301 1.03419 1.02374 1.01773 1.01735 0.988718 0.989939 0.99194 0.99756 0.995911 0.996853 0.998676 1.00168 1.00805 1.01777 1.02243 1.03516 1.05391 1.0624 1.06907 1.08257 1.09013 1.11234 1.14982 1.14494 1.16468 1.21727 1.2366 1.26591 1.25336 1.25345 1.3264 1.36249 1.3669 1.38924 1.44814 1.46887 1.52055 1.54621 1.54608 1.5434 1.61638 1.67319 1.66455 1.74572 1.76118 1.77476 1.794 1.87037 1.91192 1.87582 1.9842 1.97631 1.99539 2.09063 1.9811 2.07922 2.20602 2.23105 2.29546 2.27633 2.273 
2.07909 1.97239 1.72477 1.95149 1.69292 1.75908 1.78496 1.62684 1.60729 1.63221 1.68975 1.43972 1.53901 1.56324 1.44507 1.42684 1.39288 1.41704 1.44963 1.44152 1.41413 1.42325 1.25124 1.29912 1.22613 1.23766 1.26309 1.17885 1.1144 1.21106 1.13255 1.10232 1.10228 1.07539 1.0912 1.07319 1.12515 1.05204 1.00995 1.01754 1.03614 1.00938 0.994878 0.995306 1.00677 0.997333 0.99705 0.993011 0.996115 0.999949 1.0018 1.00828 1.01673 1.02204 1.03186 1.04209 1.0679 1.07276 1.09971 1.10772 1.14113 1.11485 1.14961 1.16774 1.20794 1.21937 1.22847 1.25472 1.30414 1.2902 1.35779 1.34362 1.41805 1.42957 1.47339 1.54969 1.51975 1.52639 1.55032 1.65592 1.69061 1.66159 1.72893 1.7822 1.82476 1.78678 1.81701 1.85649 1.96648 1.9426 2.01367 2.02571 2.05966 2.04853 2.22199 2.21035 2.22454 2.2679 2.34193 2.28102 
1.81715 1.85564 1.88328 1.81471 1.85031 1.96386 1.74455 1.82212 1.64261 1.63194 1.44781 1.52758 1.48885 1.62087 1.35647 1.49514 1.31689 1.43771 1.3112 1.37163 1.381 1.28556 1.32521 1.39263 1.33796 1.27912 1.28883 1.24106 1.19684 1.18239 1.17291 1.14538 1.08671 1.10454 1.10009 1.0461 1.06494 1.0268 1.04746 1.0312 1.03108 1.01645 0.99775 0.999909 0.989896 0.990005 0.983331 0.99219 0.994884 0.997235 1.00242 1.00632 1.01884 1.02638 1.03516 1.04273 1.06187 1.05713 1.09418 1.10503 1.11016 1.12724 1.1738 1.1823 1.20802 1.24861 1.19831 1.2472 1.27222 1.31108 1.36285 1.39389 1.41692 1.40589 1.48775 1.50605 1.53869 1.52281 1.56511 1.6116 1.59973 1.74535 1.69359 1.68334 1.77643 1.77584 1.86778 1.91064 1.90733 1.96419 1.97286 2.01077 2.05554 2.0933 2.14572 2.11796 2.17701 2.18735 2.28832 2.20222 
1.70807 2.01902 1.93592 1.72753 1.70709 1.66277 1.62687 1.72742 1.59042 1.63524 1.52776 1.64977 1.52691 1.52234 1.42645 1.47848 1.45873 1.37362 1.44298 1.39208 1.39536 1.37412 1.31675 1.36279 1.28898 1.23426 1.22905 1.22036 1.16134 1.20057 1.1631 1.1556 1.08318 1.13348 1.08032 1.05062 1.0429 1.04344 1.04313 1.03744 1.00489 1.03487 1.00836 0.993587 0.994272 0.99688 0.998095 0.995383 0.995525 0.997692 1.00175 1.0088 1.01885 1.02789 1.03846 1.05597 1.0712 1.0652 1.09624 1.08831 1.13894 1.11415 1.16005 1.1646 1.18533 1.23372 1.27713 1.26427 1.32253 1.35191 1.34552 1.38505 1.41514 1.46526 1.52232 1.50781 1.52385 1.53204 1.64781 1.62845 1.65318 1.69593 1.72532 1.73699 1.78244 1.80261 1.87703 1.8451 1.93925 1.8988 1.98538 2.0505 1.95557 2.09062 2.11963 2.1414 2.16483 2.18657 2.24861 2.2593 
1.75632 1.80545 1.85907 1.74608 1.8886 1.68292 1.75811 1.82098 1.69942 1.50856 1.60002 1.56515 1.57422 1.46775 1.49583 1.46374 1.43764 1.42682 1.45013 1.31909 1.48038 1.33556 1.34529 1.27442 1.28811 1.181 1.24503 1.23316 1.14284 1.18026 1.1081 1.11031 1.13034 1.12059 1.06535 1.07745 1.06245 1.04895 1.05018 1.0325 1.0258 1.01919 1.01256 1.01115 0.988944 1.00239 0.993837 0.997188 0.994217 0.997634 1.00279 1.00956 1.01574 1.0259 1.04019 1.05507 1.05095 1.07934 1.07863 1.12862 1.11804 1.14558 1.18486 1.1823 1.18176 1.23363 1.26196 1.26872 1.27997 1.33017 1.34997 1.36632 1.40057 1.46005 1.46821 1.50805 1.47427 1.61036 1.63904 1.62307 1.65206 1.63581 1.69417 1.77732 1.78119 1.83356 1.85449 1.85833 1.90984 1.94409 1.99515 1.99925 2.03146 2.07541 2.20357 2.20978 2.176 2.17795 2.27907 2.27989 
1.91768 1.76649 1.92424 1.77245 1.72588 1.74949 1.75301 1.62818 1.6809 1.62111 1.61495 1.63598 1.5437 1.45041 1.57859 1.57361 1.43807 1.39859 1.45998 1.41219 1.3474 1.37085 1.19968 1.22889 1.35809 1.2806 1.26678 1.18819 1.11407 1.13927 1.11913 1.1519 1.14677 1.06 1.12379 1.10039 1.03161 1.01549 1.05569 1.00326 0.997816 1.00095 0.977598 0.993906 0.993302 0.986291 0.995808 0.991502 0.996632 0.99864 1.00315 1.00673 1.01144 1.02619 1.04293 1.04149 1.06331 1.0704 1.07821 1.12342 1.123 1.12207 1.14898 1.18253 1.22519 1.25021 1.24865 1.2757 1.28487 1.35851 1.32548 1.41673 1.3913 1.45007 1.45622 1.44598 1.51488 1.55518 1.58278 1.64818 1.65762 1.70181 1.72738 1.75237 1.77206 1.91574 1.90197 1.88142 1.98128 1.94319 2.03056 2.02998 2.08751 2.08086 2.13188 2.25323 2.23789 2.29041 2.26409 2.28732 
1.93626 1.78604 1.87309 1.60408 1.60044 1.69935 1.68992 1.61319 1.56315 1.70072 1.51366 1.66568 1.55056 1.49624 1.48482 1.4593 1.4959 1.44393 1.41802 1.32326 1.35374 1.35611 1.26616 1.24246 1.19638 1.1858 1.21129 1.19518 1.14091 1.12578 1.16923 1.14049 1.15371 1.1133 1.05942 1.08671 1.04578 1.04126 1.02185 1.00006 1.01691 1.00441 0.998594 0.996259 1.00285 0.988674 0.983753 0.993372 0.998011 0.997642 1.00183 1.0085 1.01904 1.01849 1.04046 1.03119 1.06659 1.06698 1.09114 1.11288 1.12544 1.13811 1.15359 1.17627 1.21073 1.20881 1.26176 1.27047 1.31011 1.35836 1.34215 1.39295 1.44558 1.43713 1.53513 1.52218 1.52878 1.57303 1.56277 1.65583 1.64403 1.68223 1.71125 1.73417 1.83396 1.89203 1.90498 1.87258 1.93732 1.92707 1.95434 2.07697 2.06239 2.05394 2.20392 2.19304 2.19137 2.2301 2.34857 2.35818 
1.8332 1.78975 1.77507 1.79041 1.74412 1.80346 1.75226 1.69674 1.67084 1.53561 1.69727 1.55706 1.37212 1.5594 1.58418 1.36661 1.45114 1.37119 1.35299 1.35343 1.36744 1.38529 1.2641 1.23646 1.3262 1.20834 1.21426 1.13361 1.16741 1.1278 1.15015 1.16647 1.08729 1.07142 1.09504 1.05681 1.05848 1.03363 1.01608 1.00582 1.01558 1.00931 0.984179 0.999904 0.996668 0.985261 0.992269 0.996112 0.993675 0.997166 1.00309 1.00763 1.01647 1.02512 1.03559 1.05525 1.0595 1.0646 1.10599 1.09499 1.11758 1.13784 1.17946 1.1965 1.19799 1.2478 1.23555 1.26234 1.29715 1.29255 1.34677 1.40156 1.42769 1.4297 1.47431 1.5021 1.52594 1.56982 1.61749 1.59291 1.67735 1.66886 1.7107 1.78607 1.81508 1.79913 1.86309 1.9057 1.9654 1.95643 1.99981 2.01855 2.05531 2.16194 2.10833 2.13726 2.23201 2.23049 2.24232 2.31655 
1.87657 1.74243 1.79636 1.95637 1.60156 1.65793 1.71259 1.78976 1.70316 1.53458 1.7237 1.65744 1.48365 1.45723 1.40681 1.5177 1.41737 1.42272 1.4814 1.3554 1.29925 1.4046 1.20016 1.25415 1.19033 1.17427 1.207 1.18413 1.13723 1.19518 1.12274 1.12335 1.12232 1.08495 1.07976 1.0484 1.07038 1.03103 1.03623 1.00269 1.01252 1.00706 0.986346 0.981881 0.989224 1.01405 0.984799 0.990472 0.992362 0.997802 1.00119 1.01173 1.01785 1.02774 1.0378 1.04897 1.05487 1.07117 1.08126 1.10556 1.1019 1.14123 1.17069 1.20654 1.21496 1.20596 1.28256 1.21492 1.31507 1.33189 1.34553 1.38457 1.41623 1.44485 1.44054 1.51722 1.50585 1.56065 1.62886 1.58933 1.68252 1.68625 1.7015 1.68024 1.78499 1.82908 1.82731 1.92184 1.88121 1.95681 2.03932 2.03579 2.00908 2.07313 2.10752 2.0984 2.15026 2.21706 2.27534 2.3716 
1.81405 1.84431 1.84013 1.67081 1.75371 1.6924 1.64893 1.72154 1.67808 1.61369 1.52655 1.52864 1.49521 1.58089 1.57554 1.54994 1.43931 1.61636 1.43779 1.32384 1.32672 1.3185 1.33753 1.24848 1.2793 1.16491 1.21188 1.14074 1.21499 1.14361 1.07034 1.10884 1.08539 1.08288 1.06544 1.01849 1.07012 1.01726 1.02944 1.0186 1.01069 1.00281 0.986848 0.988065 0.994545 0.998147 0.989869 0.99357 0.991327 0.998089 1.00294 1.00973 1.01132 1.03366 1.0345 1.04362 1.06846 1.07287 1.094 1.1067 1.11619 1.14089 1.14327 1.19739 1.2097 1.22685 1.25051 1.26848 1.29708 1.31776 1.36621 1.37273 1.42143 1.43175 1.46254 1.52213 1.56503 1.57293 1.64549 1.6397 1.64568 1.71556 1.73681 1.72683 1.76571 1.8954 1.82921 1.91981 1.97245 1.97226 2.08743 2.04668 2.05908 2.10993 2.21194 2.17892 2.257 2.26777 2.3361 2.3249 
1.82001 2.00929 1.78821 1.67096 1.80897 1.70759 1.60676 1.48222 1.64844 1.67813 1.6149 1.56727 1.50095 1.52981 1.46621 1.49936 1.34602 1.34929 1.31834 1.41963 1.40881 1.28643 1.19352 1.18492 1.28251 1.18193 1.23953 1.18323 1.16473 1.08929 1.14209 1.10732 1.10072 1.0929 1.06426 1.03757 1.03997 1.037 1.03062 1.00372 1.02489 0.984633 1.00495 0.989918 1.00695 0.996491 0.99203 0.992958 0.994133 0.996926 1.00411 1.01042 1.01713 1.01484 1.02209 1.04147 1.06796 1.08126 1.0924 1.10973 1.1363 1.1653 1.18408 1.18165 1.206 1.24402 1.2711 1.26584 1.24881 1.30736 1.37916 1.39197 1.43228 1.46758 1.46738 1.53154 1.55354 1.59158 1.51893 1.60908 1.6973 1.66168 1.73411 1.78246 1.76688 1.79462 1.83375 1.89288 1.98207 1.8981 2.03782 2.0548 2.01813 2.10665 2.1628 2.23493 2.2288 2.26682 2.35192 2.32941 
1.83048 1.73401 1.62164 1.70235 1.90389 1.7187 1.66942 1.68754 1.80196 1.60284 1.52323 1.45497 1.52731 1.4355 1.4734 1.47704 1.4883 1.41097 1.39129 1.37325 1.42102 1.30218 1.31018 1.22721 1.23133 1.28276 1.17785 1.17054 1.15493 1.15015 1.13916 1.06112 1.09364 1.126 1.07443 1.11106 1.06547 1.03631 1.05874 1.0139 1.00137 0.999884 1.0088 0.982725 0.977192 0.983557 1.00242 0.991057 0.992744 0.997329 1.00222 1.00558 1.01846 1.03054 1.04014 1.05346 1.07027 1.08302 1.10004 1.09798 1.12552 1.14511 1.18627 1.19174 1.19671 1.25985 1.23885 1.29122 1.31846 1.35492 1.37912 1.38713 1.45465 1.49437 1.41199 1.46663 1.50106 1.57193 1.6097 1.60502 1.68896 1.6978 1.7101 1.76127 1.77199 1.8306 1.86388 1.89924 1.91159 1.99591 1.99756 2.02803 2.10584 2.15404 2.20937 2.18858 2.21388 2.28155 2.30263 2.34944 
2.05215 1.79585 1.92739 1.70703 1.56281 1.66047 1.73762 1.65672 1.71749 1.5351 1.54031 1.5356 1.46625 1.46045 1.47384 1.41387 1.39415 1.38348 1.39823 1.3867 1.28148 1.3458 1.33947 1.21965 1.23271 1.25758 1.20936 1.19694 1.15867 1.15745 1.11556 1.13222 1.08156 1.07809 1.06972 1.03525 1.06498 1.05038 1.03072 1.02174 1.01869 1.00388 1.01134 0.99454 1.01066 0.994102 0.985442 0.994414 0.990062 0.996455 1.00236 1.01017 1.01436 1.02508 1.03613 1.05972 1.0552 1.07315 1.09189 1.11105 1.11142 1.16486 1.15181 1.21681 1.20352 1.21143 1.24865 1.32461 1.31762 1.3276 1.40134 1.39669 1.4082 1.46723 1.46054 1.49351 1.61012 1.56025 1.54814 1.58511 1.6778 1.72356 1.70291 1.80938 1.80706 1.82064 1.90847 1.87619 1.95626 2.04092 2.04882 2.02586 2.09045 2.06217 2.19128 2.12128 2.22257 2.31188 2.30733 2.37591 
1.73774 1.81123 1.81039 1.60208 1.67185 1.7087 1.8418 1.49316 1.58191 1.62876 1.65061 1.49422 1.36587 1.61743 1.48212 1.41513 1.37854 1.41088 1.35445 1.36697 1.2401 1.31085 1.22441 1.18569 1.23547 1.2021 1.24991 1.16586 1.10646 1.12599 1.14401 1.10966 1.1201 1.09889 1.10008 1.07732 1.02621 1.01999 1.01858 1.01052 1.03903 1.00131 0.994718 1.00917 0.986957 0.991159 0.995979 0.984075 0.994442 0.997841 1.00345 1.00782 1.01706 1.02834 1.03979 1.0537 1.05866 1.09106 1.08833 1.10214 1.12009 1.13832 1.16247 1.19381 1.21847 1.24837 1.237 1.28565 1.31414 1.31802 1.34222 1.38323 1.42588 1.46535 1.43543 1.5405 1.50068 1.58577 1.64183 1.63095 1.6538 1.70354 1.72173 1.79422 1.8103 1.80362 1.83844 1.90847 1.95565 1.93225 2.03261 2.01672 2.06653 2.12593 2.114 2.25827 2.23995 2.34402 2.31608 2.29664 
1.74083 1.77217 1.68904 1.62131 1.89449 1.55112 1.62335 1.57822 1.65208 1.52847 1.50725 1.53647 1.55717 1.56876 1.44176 1.49479 1.41525 1.27078 1.35164 1.34946 1.38371 1.30154 1.26556 1.2762 1.20704 1.19225 1.16617 1.11895 1.18658 1.10815 1.14924 1.12173 1.1286 1.08598 1.08103 1.08694 1.0245 1.03111 1.02255 1.01565 1.01409 1.00909 1.00261 0.974773 1.00107 0.98883 0.977662 0.986097 0.990667 0.997683 1.00216 1.01151 1.01984 1.02209 1.04233 1.05818 1.07224 1.07155 1.09422 1.10553 1.13345 1.15598 1.17159 1.18104 1.22275 1.20759 1.28525 1.28392 1.32335 1.36319 1.31495 1.36938 1.42218 1.47253 1.47409 1.49736 1.5913 1.54591 1.58637 1.64801 1.63884 1.7146 1.74933 1.71511 1.80188 1.81127 1.83123 1.94292 1.94765 2.00787 1.96942 2.08284 2.08215 2.17282 2.14385 2.17968 2.23684 2.28831 2.31565 2.33667 
1.99226 1.85992 1.74118 1.72426 1.73365 1.62734 1.5437 1.67924 1.58159 1.59852 1.49653 1.54112 1.43888 1.45363 1.35994 1.40807 1.43765 1.2942 1.4268 1.40662 1.28498 1.21088 1.29455 1.20829 1.1804 1.24435 1.21277 1.20529 1.17924 1.15745 1.11994 1.08981 1.06428 1.10662 1.08683 1.07927 1.00056 1.02773 1.01925 1.02575 1.0204 1.01295 0.989346 1.00654 0.989174 0.986853 0.989353 0.995957 0.994959 0.997414 1.00275 1.0073 1.01053 1.01872 1.04028 1.05034 1.0495 1.07103 1.09194 1.10034 1.13677 1.15717 1.17661 1.16229 1.21184 1.24799 1.23866 1.26826 1.34629 1.33805 1.33229 1.36207 1.41603 1.47144 1.45446 1.49653 1.56055 1.59323 1.59865 1.62305 1.68663 1.67902 1.71672 1.79504 1.81881 1.81574 1.94657 1.93804 1.94433 2.00318 1.99619 1.98964 2.05995 2.16713 2.13037 2.18287 2.26918 2.23347 2.33309 2.31053 
1.88802 1.73006 1.7295 1.79274 1.78962 1.66335 1.52357 1.57629 1.57736 1.82357 1.67848 1.51612 1.48274 1.57228 1.29741 1.44793 1.44438 1.42484 1.38044 1.34886 1.31664 1.36759 1.31193 1.26128 1.27301 1.20161 1.14885 1.15004 1.17647 1.07335 1.11792 1.10341 1.07142 1.12033 1.07694 1.04595 0.997372 1.06758 1.04336 1.05382 0.983663 1.01198 0.994866 0.999137 0.993107 0.993779 0.99329 0.986796 0.991195 0.996937 1.00258 1.01147 1.0213 1.02651 1.0294 1.05659 1.05913 1.06355 1.0932 1.11089 1.13339 1.14318 1.15941 1.20015 1.22783 1.2393 1.23971 1.25196 1.29103 1.31489 1.34887 1.37943 1.45701 1.43229 1.49815 1.53754 1.52107 1.57055 1.62761 1.63555 1.66973 1.70354 1.75916 1.74719 1.77725 1.84373 1.84489 1.9136 1.91459 2.02176 1.97961 2.11888 2.16649 2.16346 2.13825 2.23747 2.23065 2.26571 2.38715 2.34972 
1.7414 1.86871 1.75086 1.78177 1.7333 1.58417 1.64514 1.68684 1.67427 1.57669 1.51499 1.57321 1.51072 1.45322 1.50217 1.42434 1.33082 1.44722 1.3443 1.33432 1.33531 1.36129 1.25374 1.30257 1.25138 1.25179 1.21262 1.17212 1.12649 1.14412 1.08794 1.0591 1.10088 1.07911 1.06595 1.09441 1.04618 1.06666 1.03649 1.00588 0.986943 0.999059 0.982651 0.987173 0.986005 0.991816 0.981719 0.991331 0.989862 0.998298 1.00291 1.00959 1.01826 1.02689 1.05143 1.05398 1.0531 1.07023 1.09951 1.11791 1.11963 1.14574 1.15841 1.19582 1.19468 1.24471 1.27964 1.27104 1.35847 1.36027 1.34108 1.36751 1.37528 1.40506 1.47528 1.50039 1.47787 1.59438 1.5617 1.64757 1.68033 1.72595 1.69465 1.7498 1.76385 1.84901 1.86462 1.91573 1.89876 1.96427 2.01877 2.02612 2.05181 2.07769 2.24607 2.153 2.25663 2.30394 2.34933 2.32358 
1.81264 1.69814 1.70875 1.77732 1.66291 1.66832 1.82555 1.66178 1.61175 1.60427 1.68505 1.42507 1.48976 1.47403 1.47138 1.41513 1.45621 1.31478 1.44321 1.32966 1.28736 1.26765 1.30951 1.28165 1.18971 1.1906 1.20285 1.19613 1.1344 1.12654 1.0988 1.12787 1.08873 1.13057 1.12908 1.05362 1.03403 1.01666 1.04433 1.02403 1.00645 1.00555 0.990862 0.980921 0.982046 0.985261 0.982966 0.990343 0.993494 0.998436 1.00292 1.00974 1.01197 1.02871 1.036 1.04642 1.06716 1.08419 1.09895 1.11961 1.14411 1.15065 1.15458 1.19985 1.22088 1.19841 1.26652 1.31432 1.30414 1.37259 1.31994 1.38614 1.42567 1.45037 1.50738 1.49769 1.49019 1.56241 1.61697 1.63249 1.69852 1.7021 1.73649 1.68411 1.759 1.91473 1.84777 1.92105 1.94165 1.96298 2.00642 2.02555 2.12473 2.10689 2.20973 2.20976 2.21524 2.21852 2.29226 2.28824 
1.65269 1.8887 1.73899 1.85532 1.66915 1.68833 1.5347 1.65528 1.5621 1.71027 1.43406 1.67141 1.4749 1.6158 1.52258 1.42497 1.35404 1.30887 1.32333 1.33279 1.28769 1.27282 1.30664 1.18391 1.25577 1.17833 1.1882 1.20483 1.12693 1.113 1.16738 1.05883 1.10509 1.0633 1.07784 1.09545 1.02055 1.02798 1.01458 1.00689 0.98761 1.00045 0.998994 1.00427 0.996233 0.988982 0.992679 0.990153 0.995757 0.996356 1.00209 1.01181 1.01517 1.02453 1.03782 1.03122 1.05692 1.07164 1.07947 1.09567 1.11798 1.14913 1.16723 1.18333 1.22483 1.21668 1.24323 1.23152 1.29229 1.33259 1.37318 1.40466 1.43289 1.48009 1.4523 1.52812 1.49916 1.57177 1.57075 1.64344 1.63904 1.7589 1.73569 1.81627 1.78368 1.85743 1.86884 1.89461 1.88429 1.9984 2.07728 2.01829 2.08864 2.11974 2.21847 2.25321 2.26864 2.26215 2.27957 2.39623 
1.7635 1.82777 1.66775 1.84434 1.67296 1.5551 1.58205 1.6689 1.57951 1.62327 1.51184 1.52439 1.59824 1.54207 1.40021 1.41873 1.44312 1.39543 1.3315 1.33539 1.29676 1.28209 1.28492 1.23746 1.17881 1.19441 1.09869 1.14151 1.09486 1.15871 1.12783 1.11004 1.10523 1.06557 1.04426 1.08105 1.00809 1.01928 1.02057 1.01855 1.00576 0.977098 0.996211 1.00045 0.995249 0.984459 0.995715 0.997146 0.992442 0.997174 1.00354 1.01066 1.01587 1.02614 1.04785 1.06569 1.05531 1.08445 1.09905 1.10203 1.13597 1.15922 1.1593 1.18855 1.19664 1.21963 1.2888 1.28691 1.27548 1.3205 1.39747 1.35826 1.42054 1.4665 1.4875 1.56443 1.55714 1.54791 1.58913 1.65441 1.6356 1.73937 1.68594 1.76085 1.73867 1.82903 1.90118 1.9166 1.95387 1.9797 2.03386 2.07676 2.10187 2.16494 2.18224 2.18774 2.28125 2.26142 2.27802 2.37986 
1.73365 1.81076 1.89711 1.72231 1.64549 1.6049 1.74145 1.61818 1.50976 1.66971 1.52223 1.56048 1.52192 1.41285 1.39615 1.4819 1.39247 1.36158 1.40498 1.27753 1.25617 1.25999 1.23549 1.17669 1.22066 1.20233 1.15624 1.16099 1.14738 1.13581 1.11987 1.13804 1.04663 1.09767 1.12046 1.05072 1.0352 1.05872 1.01295 1.00366 1.00551 1.00234 1.01363 0.989591 1.01457 0.992342 0.991431 0.991977 0.991962 0.996447 1.00275 1.00885 1.01789 1.02619 1.02969 1.04674 1.07259 1.08295 1.09694 1.09953 1.13623 1.15183 1.17463 1.19138 1.21247 1.2498 1.24615 1.22974 1.32109 1.33848 1.40297 1.40547 1.40908 1.4607 1.4368 1.45981 1.55688 1.56533 1.61769 1.64135 1.67535 1.75464 1.73575 1.7736 1.75299 1.83045 1.91427 1.895 1.98854 2.00717 2.03525 2.12265 2.11981 2.11995 2.19557 2.1955 2.3202 2.29795 2.36195 2.33616 
1.92974 1.65053 1.6978 1.60306 1.75224 1.56497 1.63747 1.68523 1.58973 1.56139 1.51301 1.41995 1.49256 1.45558 1.44117 1.33821 1.41567 1.40618 1.3819 1.29261 1.37444 1.30804 1.33451 1.17523 1.21119 1.18244 1.20196 1.15757 1.15258 1.14765 1.10278 1.12798 1.07759 1.07124 1.04248 1.06108 1.04937 1.04211 1.01034 1.00458 0.992858 0.991986 0.979458 0.976957 0.987747 0.982496 0.988685 0.987176 0.992662 0.998364 1.00311 1.00865 1.0192 1.02915 1.03803 1.05346 1.06266 1.07574 1.09395 1.11169 1.11792 1.16986 1.20085 1.19643 1.20344 1.2407 1.2472 1.32099 1.29246 1.32592 1.36768 1.39458 1.4489 1.39689 1.43725 1.50702 1.53137 1.55578 1.56153 1.64704 1.67143 1.69066 1.772 1.77223 1.86085 1.83375 1.89548 1.89286 1.97641 1.97363 1.99744 2.11377 2.04295 2.07355 2.22304 2.12069 2.27572 2.20654 2.30528 2.23755 
