-2 -1.9596 -1.91919 -1.87879 -1.83838 -1.79798 -1.75758 -1.71717 -1.67677 -1.63636 -1.59596 -1.55556 -1.51515 -1.47475 -1.43434 -1.39394 -1.35354 -1.31313 -1.27273 -1.23232 -1.19192 -1.15152 -1.11111 -1.07071 -1.0303 -0.989899 -0.949495 -0.909091 -0.868687 -0.828283 -0.787879 -0.747475 -0.707071 -0.666667 -0.626263 -0.585859 -0.545455 -0.505051 -0.464646 -0.424242 -0.383838 -0.343434 -0.30303 -0.262626 -0.222222 -0.181818 -0.141414 -0.10101 -0.0606061 -0.020202 0.020202 0.0606061 0.10101 0.141414 0.181818 0.222222 0.262626 0.30303 0.343434 0.383838 0.424242 0.464646 0.505051 0.545455 0.585859 0.626263 0.666667 0.707071 0.747475 0.787879 0.828283 0.868687 0.909091 0.949495 0.989899 1.0303 1.07071 1.11111 1.15152 1.19192 1.23232 1.27273 1.31313 1.35354 1.39394 1.43434 1.47475 1.51515 1.55556 1.59596 1.63636 1.67677 1.71717 1.75758 1.79798 1.83838 1.87879 1.91919 1.9596 2 
0.93263 0.93535 0.938017 0.94063 0.943188 0.945691 0.948139 0.950532 0.952869 0.955149 0.957374 0.959543 0.961655 0.96371 0.965708 0.96765 0.969534 0.971361 0.973131 0.974843 0.976498 0.978096 0.979637 0.98112 0.982546 0.983914 0.985225 0.986479 0.987677 0.988817 0.9899 0.990927 0.991897 0.992812 0.99367 0.994472 0.995218 0.99591 0.996546 0.997127 0.997654 0.998126 0.998545 0.99891 0.999221 0.99948 0.999686 0.99984 0.999943 0.999994 0.999994 0.999943 0.999843 0.999692 0.999493 0.999245 0.998949 0.998604 0.998213 0.997775 0.997291 0.99676 0.996185 0.995565 0.994901 0.994193 0.993442 0.992649 0.991814 0.990937 0.99002 0.989062 0.988065 0.987028 0.985953 0.98484 0.98369 0.982503 0.98128 0.980022 0.978728 0.977401 0.976039 0.974644 0.973217 0.971758 0.970267 0.968746 0.967195 0.965614 0.964004 0.962366 0.9607 0.959007 0.957287 0.955541 0.95377 0.951974 0.950154 0.94831 
1.05353 1.04563 1.04649 1.04568 1.04852 1.0389 1.04697 1.03514 1.02958 1.04292 1.03334 1.03571 1.03191 1.02612 1.03593 1.03341 1.01923 1.01475 1.01667 1.02661 1.02061 1.02203 1.01683 1.01786 1.01856 1.01929 1.01259 1.00623 1.01596 1.0096 1.01496 1.01162 1.00966 1.01205 1.01047 1.00277 1.00997 1.00658 1.00256 1.00242 1.00353 1.0012 1.00132 1.00005 1.00062 1.00234 1.001 1.00087 1.00024 1.00017 0.999771 0.999716 0.99953 0.999489 0.997583 0.997708 0.999885 1.00006 1.00023 0.996487 0.999192 1.00059 0.998275 0.996017 0.999593 1.00276 1.00077 0.999445 1.00275 0.999161 1.00413 1.00881 1.00555 1.00673 1.00595 1.00221 1.00122 1.00061 0.999813 1.00547 1.01213 1.00667 1.01498 1.01237 1.00489 1.00851 1.01355 1.01182 1.01 1.00909 1.0091 1.01255 1.01684 1.02337 1.02677 1.00422 1.03628 1.02178 1.02174 1.02779 
1.05024 1.04363 1.04724 1.05562 1.04301 1.04792 1.04385 1.03997 1.04229 1.04676 1.04299 1.03299 1.03047 1.04469 1.01565 1.01868 1.02636 1.02848 1.00974 1.02887 1.01452 1.0143 1.02121 1.01672 1.00906 1.01922 1.01215 1.0111 1.00828 1.00787 1.01017 1.01581 1.01489 1.00695 1.01208 1.00949 1.00492 1.0101 1.00423 1.00717 1.00733 1.00398 1.00512 1.00154 1.00254 1.0018 1.00188 1.00099 1.00059 1.00006 0.999804 0.999705 0.99939 0.999764 0.999072 1.00027 0.997896 1.00082 0.998771 0.999814 1.00149 0.999647 0.998039 1.00151 1.00163 0.999001 1.00007 0.999565 1.00349 0.996938 1.0014 1.00326 1.00615 1.00738 1.00386 1.00143 1.00299 1.00433 1.0125 1.00209 0.998215 1.012 1.00678 1.00742 1.01612 1.01133 1.01218 1.00983 1.00895 1.00654 1.01992 1.0188 1.02596 1.01739 1.02243 1.02118 1.02708 1.00871 1.02664 1.02554 
1.05078 1.04745 1.0377 1.03973 1.04286 1.04017 1.04338 1.0335 1.03958 1.03532 1.03248 1.03779 1.03048 1.02906 1.02613 1.0284 1.03535 1.02581 1.03026 1.02759 1.02365 1.01624 1.01925 1.01077 1.01014 1.0277 1.0193 1.01416 1.01253 1.00937 1.00879 1.01555 1.01031 1.01208 1.00302 1.00591 1.00595 1.0075 1.00522 1.0012 1.00252 1.00462 1.00463 1.0023 1.00104 1.00152 1.00117 1.00096 1.00073 1.00021 0.999915 0.999596 0.999171 0.998644 0.999484 0.999716 0.99568 0.999782 0.999218 0.99942 0.9975 0.998929 0.998909 0.993305 0.997069 1.00206 1.00127 0.997545 0.997841 1.00161 1.00222 0.997595 1.00409 1.00355 1.00755 1.00572 1.00431 1.00937 1.0008 1.00154 1.00541 1.0041 1.01001 1.0116 1.00489 1.00561 1.01456 1.00879 1.0114 1.00705 1.00896 1.01939 1.02302 1.01125 1.0247 1.01789 1.02869 1.02055 1.02315 1.03732 
1.03631 1.05002 1.05302 1.05439 1.04824 1.05414 1.03582 1.03377 1.0411 1.03719 1.03214 1.03556 1.02286 1.02837 1.02791 1.02992 1.03252 1.03146 1.01776 1.02395 1.02788 1.01714 1.01402 1.01768 1.01864 1.01205 1.00627 1.01058 1.01718 1.01158 1.01164 1.00937 1.01381 1.01382 1.00616 1.01066 1.00841 1.00707 1.00778 1.00144 1.00412 1.0022 1.00168 1.00046 1.00314 1.00229 1.00141 1.00031 0.999885 1.00014 0.999941 0.999746 0.999511 0.998871 0.998978 1.00083 0.998327 0.999505 1.00293 0.998847 1.00179 0.997915 1.00065 1.00309 0.999321 0.997497 1.00308 1.00104 0.997798 1.00342 1.01016 0.995419 1.0071 0.998738 1.00479 1.0042 1.005 1.0122 0.997876 1.01068 0.998905 1.00353 0.998884 1.01654 1.01486 1.01228 1.01806 1.01067 0.998164 1.00871 1.02828 1.01836 1.01159 1.02486 1.01345 1.02793 1.0261 1.01279 1.02866 1.03887 
1.046 1.04425 1.03907 1.04145 1.04312 1.04465 1.03489 1.04949 1.04352 1.03264 1.02762 1.03129 1.03316 1.03589 1.02202 1.03201 1.0319 1.03084 1.02664 1.02249 1.0271 1.01212 1.02851 1.01804 1.02275 1.01294 1.01297 1.00979 1.01842 1.00837 1.01839 1.01364 1.01104 1.00725 1.00596 1.00631 1.00639 1.00676 1.00511 1.00315 1.004 1.00358 1.00395 0.999632 1.00011 1.00231 1.00047 1.00014 1.0004 1.00031 0.99999 0.999582 0.999044 0.99937 0.998884 0.998196 0.99835 1.00036 1.00067 0.999394 0.996617 0.999128 1.00047 0.998895 0.998524 0.999874 0.997685 1.00626 0.999561 0.995383 1.00046 1.00165 0.999685 1.00634 1.00553 1.00268 1.0013 1.00989 0.999446 1.00825 1.01803 1.02004 1.00732 1.00765 1.00909 1.02465 1.00847 1.01936 1.01287 1.01271 1.01989 1.01226 1.01151 1.02873 1.01558 1.01294 1.02791 1.04926 1.01134 1.03377 
1.04418 1.04732 1.05375 1.05494 1.05603 1.04614 1.04283 1.04954 1.04047 1.04064 1.0373 1.03744 1.03481 1.02146 1.02552 1.03452 1.02077 1.02603 1.02855 1.01549 1.02778 1.02242 1.01641 1.01371 1.01066 1.02402 1.01975 1.00635 1.01354 1.01303 1.01503 1.0114 1.01311 1.00568 1.00532 1.00522 1.00842 1.00273 1.00617 1.00548 1.00539 1.00169 1.004 1.00292 1.00283 1.00153 1.00084 1.00042 1.00014 1.00013 0.999846 0.999664 0.999642 0.998348 0.999341 0.998785 0.998304 0.998927 0.997831 0.996817 0.996491 0.996346 1.00242 0.99775 0.997 1.00258 0.998474 1.001 0.996218 1.00405 0.996352 1.00563 0.998454 1.00047 1.00786 1.00716 1.0045 1.00341 1.00943 1.01225 0.997028 1.00802 1.00381 1.01618 1.01121 1.01041 1.01042 1.00338 1.01841 1.01816 1.02052 1.00433 1.01746 1.02553 1.01811 1.0113 1.02038 1.01267 1.03573 1.02475 
1.0558 1.05055 1.05558 1.05477 1.04641 1.049 1.03698 1.04465 1.03563 1.03275 1.03159 1.03829 1.02724 1.03975 1.0405 1.02884 1.03161 1.02518 1.02437 1.03059 1.02725 1.02768 1.02255 1.01345 1.01748 1.01346 1.0116 1.01017 1.00646 1.01504 1.01189 1.01211 1.00928 1.00845 1.00989 1.00899 1.00372 1.00429 1.00833 1.00501 1.00574 1.00378 1.00503 1.00294 1.00202 1.00118 1.0013 1.00042 1.00018 1.00009 0.9999 0.999522 0.998718 0.998921 0.999142 0.998987 0.99894 0.998466 0.999172 1.00088 0.999121 0.99566 0.997676 0.999216 0.996497 0.998913 0.997182 1.0026 0.998433 0.999164 1.00455 0.999567 1.00451 1.0052 1.00742 1.00653 1.00447 0.996842 1.00176 1.00824 1.00176 0.999066 1.00634 1.00053 0.998337 1.01922 1.00513 1.01286 1.01799 1.01008 1.00214 1.02578 1.01707 1.0223 1.02694 1.01728 1.01471 1.02803 1.01061 1.03186 
1.05939 1.0541 1.04065 1.06644 1.05251 1.03414 1.03937 1.03413 1.03433 1.04477 1.0218 1.04438 1.03207 1.03404 1.0331 1.04592 1.0246 1.03417 1.01895 1.01794 1.02476 1.02189 1.01993 1.01389 1.02145 1.01896 1.01489 1.01357 1.00675 1.01548 1.01355 1.01214 1.01055 1.01525 1.00944 1.0089 1.00417 1.00369 1.00851 1.00718 1.00321 1.00315 1.00496 1.00228 1.00215 1.00115 1.00132 1.00014 1.00064 1.00012 0.999832 0.999994 1.00002 0.999472 0.999849 0.999285 1.00039 0.997841 0.999254 0.998906 0.996606 1.00125 0.996614 0.998353 1.00143 1.00093 1.00014 1.00146 0.9991 0.997929 0.997431 1.00712 1.00248 0.998548 1.00299 1.00146 1.00159 0.997893 1.01264 1.00845 1.00934 1.01122 1.02207 1.0105 1.01804 1.01207 1.02404 1.01585 1.01059 1.01603 1.00817 1.00695 1.00733 1.0078 1.01387 1.01344 1.02727 1.01716 1.02943 1.02745 
1.06278 1.0497 1.03955 1.04398 1.04375 1.03862 1.04029 1.0422 1.0361 1.03146 1.03824 1.04051 1.03344 1.03294 1.01833 1.03551 1.03451 1.02775 1.02795 1.01656 1.02341 1.02828 1.02819 1.01753 1.01082 1.01269 1.02366 1.01415 1.01424 1.0135 1.01097 1.00479 1.00848 1.01177 1.00667 1.01065 1.00857 1.00158 1.00353 1.0081 1.00259 1.00432 1.00327 1.00407 1.00165 1.0013 1.00042 1.00087 1.00015 1.0001 0.999794 0.999956 0.998921 0.999474 0.998942 0.998441 1.00002 1.00103 0.999155 0.999937 0.99859 1.00019 1.00072 0.994019 0.999451 0.999734 0.997565 0.999478 0.996133 1.00269 1.00356 1.00169 1.00732 0.999025 0.998778 1.00422 1.00428 1.01916 1.00047 1.00487 1.00111 1.01163 1.00937 1.00217 1.01583 0.998091 1.01627 1.01341 1.01537 1.01028 1.01841 1.00645 1.01823 1.01808 1.01524 1.0238 1.01593 1.03153 1.04451 1.03019 
1.04523 1.05129 1.02736 1.05168 1.05025 1.04677 1.03599 1.04836 1.05052 1.05062 1.03818 1.04332 1.04355 1.04274 1.03255 1.02557 1.035 1.02785 1.02015 1.02405 1.03568 1.02963 1.02158 1.02046 1.00982 1.01656 1.01254 1.01427 1.01843 1.01744 1.01994 1.01217 1.00831 1.00762 1.00699 1.00863 1.0072 1.00892 1.00512 1.00326 1.0034 1.00425 1.00224 1.00109 1.00216 1.00133 1.00174 1.00107 1.00042 1.00006 0.999787 0.999978 0.999767 0.997854 0.999076 0.998406 0.998896 0.997037 0.998858 0.997772 0.997175 0.997667 0.99534 0.997371 1.00142 0.997773 1.00135 0.998381 1.0038 0.997389 1.00006 1.00101 0.999008 0.995794 1.003 1.00697 1.00539 0.999386 1.00352 1.00113 1.00305 1.00688 1.01136 1.01308 1.00691 1.01744 1.00845 1.01845 1.01111 1.01008 1.02102 1.00159 1.01645 1.00753 1.00461 1.02291 1.0386 1.02957 1.03218 1.02525 
1.04784 1.04384 1.06368 1.03677 1.04634 1.04003 1.03811 1.04725 1.039 1.03268 1.02267 1.02953 1.04068 1.0361 1.02666 1.03136 1.02768 1.03114 1.02715 1.02493 1.02322 1.01072 1.02078 1.01697 1.01978 1.01858 1.01601 1.01884 1.00819 1.01774 1.01082 1.00619 1.01135 1.00812 1.00319 1.01035 1.00352 1.00599 1.00913 1.00635 1.00677 1.0039 1.00479 1.00405 1.00169 1.00173 1.0014 1.0009 1.00029 1.00024 0.999794 0.999751 0.99889 0.998534 0.998508 0.998295 0.998524 0.999002 1.00021 0.999125 0.999159 0.993913 0.998339 0.998867 0.999875 0.998019 0.999024 1.00184 1.00175 0.997254 1.00145 1.00195 1.00016 1.00507 1.00152 1.00155 1.00812 1.00755 1.00487 1.00428 0.999139 1.00093 1.00475 1.00996 1.00318 1.0194 1.00407 1.01498 1.01211 1.00888 1.01691 1.02454 1.0207 1.01448 1.03213 0.995209 1.00717 1.0171 1.02364 1.01887 
1.0558 1.03819 1.04979 1.03362 1.05497 1.03441 1.03694 1.02901 1.04922 1.02887 1.04019 1.01953 1.03476 1.03429 1.036 1.03429 1.03145 1.02322 1.0252 1.02323 1.01808 1.02036 1.0201 1.02279 1.00898 1.0162 1.01104 1.01691 1.01547 1.01771 1.01368 1.00805 1.00694 1.00059 1.00798 1.00475 1.00734 1.0051 1.00526 1.00651 1.006 1.00293 1.00556 1.00347 1.00233 1.00262 1.00115 1.00043 1.00051 1.00031 0.999673 0.999397 0.999128 0.999271 0.997566 0.997875 0.999401 0.99736 0.998375 0.998626 0.998623 0.999554 0.995909 1.00223 0.996785 1.00288 0.998386 0.998267 0.997659 1.00445 1.00347 0.994483 0.997992 1.00854 1.00767 1.00526 1.00615 1.00617 0.996824 1.02186 1.00662 1.01411 1.00626 1.01791 1.01011 1.02277 1.00847 1.00823 1.01543 1.01109 1.02315 0.998063 1.02009 1.00998 1.02309 1.01399 1.01123 1.0149 1.02333 1.02573 
1.05328 1.04438 1.05862 1.04165 1.04167 1.03983 1.05657 1.0361 1.04826 1.02832 1.02985 1.04472 1.03226 1.04324 1.02782 1.02799 1.0312 1.02126 1.01843 1.02307 1.02639 1.02558 1.02654 1.01789 1.01038 1.02331 1.01129 1.02157 1.01206 1.01129 1.00737 1.00915 1.01102 1.01048 1.00751 1.00852 1.00562 1.00713 1.00381 1.00265 1.0036 1.0047 1.00371 1.00247 1.00272 1.00119 1.00248 1.00032 1.00008 1.00022 0.999797 0.999566 0.999714 0.997633 1.00007 0.999097 0.997208 1.00095 0.995506 1.00059 1.00042 0.999951 0.995819 1.00355 1.00092 1.00387 0.99711 0.997506 1.00181 1.00113 1.0018 1.00386 1.01291 1.00276 1.00201 1.00144 1.00328 1.00591 1.01559 1.00913 1.0044 1.01016 1.01135 1.00683 1.00742 1.0099 1.01471 1.0056 1.01441 1.00816 0.999861 1.0088 1.01375 1.01588 1.01168 1.02257 1.02283 1.02421 1.02441 1.02987 
1.05348 1.06785 1.05691 1.05482 1.04979 1.05247 1.04498 1.04281 1.04726 1.04036 1.04278 1.03716 1.03836 1.03379 1.02686 1.0228 1.02288 1.02447 1.02747 1.04177 1.02644 1.01559 1.0283 1.00775 1.01838 1.02312 1.01602 1.01616 1.01077 1.01181 1.01231 1.01041 1.00891 1.00983 1.00785 1.01312 1.00775 1.00938 1.00569 1.00176 1.00079 1.0034 1.00411 1.00105 1.00256 1.00177 1.00107 1.0006 1.00077 0.999922 0.999837 0.999424 0.999566 0.999506 1.00093 0.998326 0.998219 0.997446 0.997759 0.998092 0.998709 0.997419 0.997295 1.00255 1.00085 0.998767 0.995831 0.998867 0.995367 0.997822 1.00102 1.00162 0.997382 0.998371 1.0051 1.00037 1.00268 1.00284 1.00865 1.01477 1.01019 1.0097 1.00259 1.00154 0.9996 1.00812 0.998348 1.00788 1.01164 1.01097 1.01428 1.02182 1.02627 1.0274 1.03288 1.03179 1.0071 1.04323 1.03788 1.03789 
1.06269 1.04598 1.06687 1.06274 1.04242 1.04961 1.03965 1.03874 1.04326 1.03709 1.03897 1.04976 1.03025 1.01868 1.02888 1.03 1.02642 1.02837 1.02843 1.02289 1.02634 1.01951 1.01343 1.0213 1.0161 1.018 1.0203 1.01958 1.00779 1.00802 1.01154 1.0152 1.00776 1.00732 1.0086 1.00432 1.0077 1.00643 1.00647 1.00433 1.00339 1.00293 1.00244 1.00207 1.00219 1.00221 1.00156 1.00087 1.00055 1.0001 0.999769 0.999937 0.999654 0.999901 0.99873 0.999112 0.998461 0.998129 0.995144 0.998802 0.999584 1.00167 0.997441 1.00017 0.998054 0.996126 0.998635 0.999347 0.996044 1.00337 1.00428 0.998668 0.997788 0.997054 1.00903 0.99939 1.01611 1.00151 0.995226 1.01009 1.00864 1.00659 1.00471 0.996214 1.00354 1.01791 1.0136 1.01683 1.0051 1.01862 1.02031 1.01302 1.0309 1.01097 1.02114 1.01627 1.02303 1.02335 1.0346 1.01217 
1.06539 1.0637 1.0554 1.05221 1.04882 1.04439 1.04026 1.04086 1.04662 1.03453 1.03215 1.03319 1.03452 1.03591 1.03956 1.03041 1.02781 1.02589 1.02827 1.03764 1.02799 1.02416 1.02045 1.0227 1.02028 1.01807 1.02067 1.01245 1.01338 1.01799 1.01299 1.01261 1.01054 1.01493 1.00796 1.00851 1.01027 1.00903 1.00638 1.00586 1.00434 1.00278 1.0047 1.00315 1.00226 0.999576 1.00135 1.00098 1.00054 1.00027 0.999736 0.999801 0.998778 0.998103 0.998354 0.997389 0.99931 0.998202 0.998498 1.00031 0.993446 0.997996 1.00324 1.00332 0.999647 0.993958 1.00224 1.00215 0.996765 1.00281 1.00402 1.00267 0.99649 1.00198 0.998921 1.0008 0.994302 0.998953 0.994486 1.01202 1.00687 1.00596 1.00754 1.00457 1.00051 1.00992 1.00645 1.00719 1.01299 1.00951 1.01731 1.01102 1.01885 1.0151 1.0127 1.01855 1.02108 1.02225 1.02259 1.0238 
1.04617 1.05517 1.04344 1.05081 1.06243 1.02929 1.0352 1.04992 1.05509 1.03803 1.03761 1.04136 1.03744 1.02662 1.02222 1.03084 1.0323 1.02153 1.02546 1.03432 1.03007 1.02327 1.02196 1.01569 1.017 1.01988 1.02092 1.01473 1.01537 1.01429 1.0112 1.01026 1.00796 1.0113 1.00873 1.00638 1.00944 1.00252 1.00711 1.00645 1.00378 1.00313 1.00329 1.00269 1.00265 1.00139 1.00141 1.00016 1.00056 1.00038 0.99986 0.999645 0.998371 0.998994 1.0002 0.99818 0.999424 0.999589 0.998775 0.998506 0.99987 0.99577 0.994502 0.998217 0.997697 0.998304 1.00105 0.998878 1.00077 1.00009 1.00978 0.999866 1.00132 0.996424 1.00411 1.00585 0.994938 1.01124 1.00228 0.994545 1.00003 0.99846 1.01019 1.00617 1.0143 1.00512 1.0145 0.999627 0.99755 1.01306 1.00901 1.01598 1.00957 1.02555 1.01827 1.02949 1.01677 1.02362 1.03684 1.02302 
1.05799 1.05917 1.07061 1.04488 1.0546 1.02499 1.0337 1.05672 1.04177 1.03386 1.04365 1.03771 1.02909 1.03486 1.02921 1.03647 1.02994 1.02035 1.03317 1.02635 1.01506 1.02897 1.02078 1.01982 1.0193 1.01942 1.02216 1.01636 1.01354 1.01919 1.00924 1.00972 1.0143 1.01167 1.00811 1.00512 1.00727 1.01128 1.00689 1.0064 1.00514 1.00297 1.0037 1.00311 1.00295 1.00207 1.00142 1.00121 1.00048 1.00011 0.999796 0.999582 0.998779 0.999991 0.998446 0.999156 1.00123 0.998116 1.00073 0.99705 0.998063 0.996435 0.995759 0.998538 1.00099 0.99576 0.996544 1.0039 1.00512 0.994357 1.00058 0.998472 1.00884 1.00221 1.0082 1.00241 1.00972 0.997368 1.00599 1.00553 0.997044 1.01075 1.01295 1.00963 1.01546 1.00917 1.00821 1.00789 1.01282 1.01049 1.02507 1.02364 1.0105 1.02599 1.01115 1.02298 1.01761 1.01587 1.00849 1.02381 
1.05088 1.05077 1.05179 1.05128 1.04639 1.04963 1.03438 1.04639 1.04651 1.03977 1.04501 1.04138 1.03952 1.0329 1.02596 1.02086 1.0274 1.02151 1.02258 1.02886 1.03554 1.02121 1.03389 1.02086 1.01652 1.01697 1.01551 1.02218 1.01472 1.01207 1.01254 1.01218 1.00846 1.01037 1.01111 1.0081 1.00297 1.00646 1.0044 1.00313 1.00112 1.00522 1.00147 1.00368 1.00123 1.00132 1.00215 1.00053 1.00106 1.00026 0.999738 0.999782 0.998696 0.999249 0.998203 0.997715 0.997896 0.997501 0.998203 0.995838 0.999181 1.00023 1.0002 0.997033 1.00352 0.995606 0.999039 0.99615 1.00297 0.99771 0.997014 0.995242 1.0009 0.996031 0.99819 1.00002 1.00385 1.0057 1.00461 1.00332 0.992041 1.00596 1.00888 1.00428 1.0121 1.01276 1.01547 1.0065 1.01676 1.03012 1.0101 1.02004 1.02294 1.00632 1.01902 1.01463 1.00595 1.01791 1.01171 1.02136 
1.05039 1.0485 1.05895 1.05516 1.05169 1.0418 1.04238 1.0412 1.03682 1.03831 1.03245 1.04164 1.04127 1.03156 1.03674 1.03666 1.02925 1.03148 1.01492 1.02482 1.01941 1.01946 1.02297 1.01937 1.01086 1.0123 1.02364 1.02084 1.01923 1.01821 1.01162 1.01523 1.01316 1.00971 1.00828 1.00777 1.00607 1.00749 1.00885 1.00571 1.00334 1.00289 1.00547 1.0034 1.00414 1.00154 1.00162 1.00173 1.0004 1.00032 0.999998 0.999612 0.998767 0.997885 1.00032 0.997758 0.999083 0.997801 0.99672 1.00172 1.00065 0.9979 1.002 1.0026 0.999651 0.997861 0.998544 1.00109 0.999404 1.00374 1.00265 0.994642 0.996208 1.00405 1.00437 1.0007 0.997058 0.999912 1.01223 1.00988 1.00841 1.00418 1.01322 1.00756 1.01184 1.0149 1.02314 1.01575 1.0038 1.02169 1.01156 1.01499 1.00216 1.01509 1.01955 1.00842 1.02199 1.00295 1.02917 1.01838 
1.06759 1.04565 1.05095 1.06336 1.05613 1.0495 1.03838 1.03786 1.04381 1.0326 1.041 1.0349 1.04612 1.02371 1.03209 1.03002 1.03523 1.02609 1.03333 1.02082 1.02181 1.02992 1.01848 1.01237 1.03267 1.02792 1.0288 1.02149 1.0135 1.01747 1.00806 1.01374 1.01638 1.01179 1.01137 1.00214 1.01117 1.00349 1.00968 1.00662 1.00407 1.00438 1.0012 1.00377 1.00315 1.00228 1.00154 1.00092 1.0009 1.00008 0.999897 0.999432 0.999687 1.00002 0.99883 0.999787 0.997578 0.999807 0.999827 1.00003 0.999227 0.996238 0.996799 0.994784 0.995928 0.999222 0.996412 1.00006 1.00235 1.00423 0.998306 0.995401 1.0004 0.999581 1.00357 1.00173 1.00043 1.0041 1.00172 1.00029 1.0011 1.01017 1.00572 1.00196 1.00827 1.00223 1.00135 1.00514 1.01435 1.00794 1.02025 1.0135 1.01722 1.0026 1.01699 1.02031 1.0062 1.01756 1.01138 1.0344 
1.05454 1.05774 1.06568 1.04989 1.04331 1.03736 1.04515 1.02907 1.0459 1.03674 1.03734 1.03549 1.04243 1.04573 1.03075 1.03522 1.02002 1.03775 1.02745 1.03343 1.02097 1.0261 1.02222 1.02468 1.02321 1.02248 1.01671 1.02066 1.01822 1.01205 1.01398 1.01159 1.01414 1.01075 1.01202 1.00954 1.00741 1.00564 1.00482 1.00578 1.00261 1.00241 1.0018 1.00203 1.00107 1.00034 1.00176 1.00084 1.00045 1.00016 0.999731 0.999067 0.998711 0.999801 1.00031 0.997735 0.997109 0.997895 1.00116 0.999178 0.997709 1.0009 0.996281 0.995719 0.996982 0.997257 0.999838 0.998267 0.992927 1.00412 1.00026 1.00148 1.00113 1.00373 1.00346 1.00121 0.998059 1.00306 1.00085 1.00772 1.00313 1.01068 1.01428 0.999078 1.00872 1.0122 0.998917 1.01304 1.00542 1.0148 1.02156 1.01619 0.99876 1.01138 1.02223 1.03414 1.02301 1.0253 1.02018 1.02281 
1.07285 1.06205 1.05615 1.05173 1.05467 1.04416 1.0404 1.04884 1.04859 1.02713 1.03675 1.03212 1.03563 1.02895 1.03967 1.02393 1.0362 1.01786 1.01725 1.02736 1.02417 1.01786 1.02377 1.02299 1.02383 1.01231 1.02527 1.01378 1.00999 1.00992 1.01798 1.01318 1.00896 1.0093 1.00938 1.0133 1.01321 1.00561 1.00583 1.00645 1.00886 1.00188 1.00416 1.00353 0.999481 1.00211 1.0022 1.0005 1.00038 1.00019 0.9998 0.999426 1.00008 0.999316 0.998444 0.997176 0.998783 0.99842 0.998469 0.998349 0.998352 1.00155 0.994874 0.999534 0.993042 0.996355 0.99759 0.999262 0.998032 0.998435 0.998495 0.995213 1.00144 0.999395 1.00683 1.00136 1.00129 0.999684 1.00417 1.01112 1.00662 1.00073 1.01439 1.00541 1.01474 1.02094 1.00369 1.00596 1.00593 1.01369 1.00492 1.02255 1.01097 1.02463 1.0237 1.01182 1.0267 1.01588 1.02555 1.00609 
1.04896 1.06521 1.07185 1.0508 1.06926 1.0556 1.0456 1.05348 1.03568 1.04482 1.03531 1.03849 1.0413 1.02199 1.02725 1.03833 1.03736 1.03174 1.02284 1.02842 1.02298 1.02823 1.02271 1.02173 1.02345 1.01692 1.01668 1.0166 1.01339 1.01366 1.02145 1.01438 1.00734 1.01685 1.01202 1.01376 1.00576 1.00598 1.00517 1.00559 1.00561 1.00336 1.00252 1.00215 1.00292 1.00208 1.00117 1.00032 1.00088 1.00018 0.999914 0.999315 0.99909 0.999347 0.998452 0.996276 0.998554 0.998046 0.999424 0.99967 1.00056 0.997508 0.998103 0.999713 1.00043 0.997952 1.00007 1.00512 1.00399 0.994801 0.998941 1.00291 1.00138 0.996187 1.00135 0.995799 1.00359 1.01086 1.00397 1.00043 1.00402 1.00697 1.00709 1.00675 1.0018 1.0117 1.01016 1.00349 1.00233 1.02054 1.01342 1.01477 1.01073 1.0248 1.01535 1.01191 1.01071 1.02301 1.00667 1.02286 
1.06837 1.0535 1.05159 1.04837 1.04046 1.06101 1.04464 1.05134 1.03477 1.04628 1.04568 1.03492 1.03593 1.03494 1.03518 1.03246 1.03051 1.03355 1.02079 1.02579 1.01562 1.02169 1.02514 1.01964 1.0208 1.02041 1.01961 1.01259 1.00877 1.01197 1.0112 1.00785 1.00847 1.00808 1.01054 1.0042 1.01302 1.00666 1.00838 1.0057 1.00484 1.00398 1.00335 1.00243 1.00441 1.00084 1.00145 1.00094 1.00037 1.00033 0.999901 0.999519 0.9989 0.999967 0.998859 0.997519 0.995914 0.999845 0.998459 0.998275 0.999248 1.00094 0.998155 0.998783 0.999446 1.00523 0.998287 1.00113 0.995541 0.995842 1.00235 1.00117 1.00295 1.00187 0.99599 0.994914 1.0067 0.995242 1.00247 1.0069 1.00129 1.0005 1.0082 0.99605 1.00572 1.00635 1.00441 1.00171 1.00586 1.00237 1.01594 1.0187 1.00934 0.995063 1.01305 1.01675 1.02501 1.02487 1.0218 1.02536 
1.06234 1.03868 1.05516 1.05853 1.05088 1.04734 1.05305 1.03098 1.03663 1.03602 1.03301 1.03119 1.0456 1.03095 1.02251 1.04111 1.0334 1.02107 1.02313 1.02395 1.02272 1.02506 1.02424 1.02492 1.02501 1.01845 1.02576 1.01617 1.01764 1.01885 1.0145 1.01937 1.01267 1.00761 1.00334 1.00769 1.00906 1.00536 1.00441 1.00408 1.00543 1.00304 1.00321 1.00177 1.00292 1.00209 1.00097 1.00149 1.00077 1.00035 0.999768 0.999579 0.99905 0.998507 0.998702 0.997257 0.998735 0.996394 0.997837 0.997908 0.998191 1.00104 0.993881 0.997544 0.995308 0.997027 1.00088 0.997334 0.994969 0.997359 0.995483 0.996848 0.995938 1.00308 0.992364 0.994653 0.996193 1.00482 1.00549 1.00843 0.99692 1.00631 1.00678 1.00753 1.02159 1.023 0.995399 0.999804 1.01592 1.00433 1.00852 1.00574 1.01552 1.02408 1.0107 1.01944 1.0408 1.02436 1.01724 1.02381 
1.05861 1.05931 1.04692 1.0499 1.06518 1.04412 1.04532 1.0285 1.05194 1.03204 1.04645 1.04357 1.04125 1.0383 1.03943 1.03721 1.03497 1.02979 1.03513 1.02037 1.02503 1.02533 1.02653 1.02027 1.01515 1.02105 1.01588 1.01302 1.02104 1.01364 1.01819 1.00928 1.01255 1.01392 1.00925 1.01039 1.00418 1.00626 1.00867 1.00615 1.00519 1.00189 1.00571 1.00226 1.00288 1.00213 1.00207 0.999588 1.0005 1.00001 0.999786 0.999228 0.999626 0.999183 0.999555 0.999636 0.998136 0.996845 0.995857 0.992801 0.995687 1.00108 0.99516 0.994784 0.992708 1.00072 1.00017 0.999856 0.99685 0.996453 1.00079 0.999283 0.998578 0.997321 0.999851 1.00218 0.999614 1.00476 1.007 0.993988 1.00993 1.00271 1.00308 1.00306 0.999522 1.0076 1.0069 1.0093 1.01859 1.0153 1.01074 1.01531 1.02124 1.00302 1.0125 1.00103 1.01399 1.02202 1.03177 1.02265 
1.06067 1.05958 1.0652 1.05442 1.04581 1.05203 1.04601 1.04376 1.04153 1.05017 1.0422 1.03542 1.03684 1.02525 1.03609 1.02939 1.02843 1.03598 1.02864 1.01711 1.02809 1.02279 1.01725 1.0197 1.0199 1.0162 1.01893 1.02141 1.01172 1.01191 1.02098 1.01354 1.01668 1.00882 1.01221 1.0163 1.00926 1.00941 1.00529 1.00961 1.00774 1.00384 1.00444 1.00387 1.00198 1.00334 1.00258 1.00124 1.00044 1.00033 0.999795 0.999642 0.999174 0.999055 0.997904 0.998203 0.999431 0.9987 0.995469 0.999506 0.999712 0.996395 0.999741 0.999837 0.996272 1.00042 0.999453 0.994412 0.996816 1.00153 0.999121 0.996651 1.00814 0.996267 1.00126 1.00312 1.014 1.00366 1.00261 0.992358 0.999476 1.00436 1.00565 1.00517 1.00952 1.01133 1.00899 1.0042 1.01659 1.0071 1.01364 1.01787 1.01854 1.02677 1.03132 1.03364 1.02082 1.01882 1.01627 1.01573 
1.07056 1.05269 1.05541 1.06695 1.04628 1.0597 1.05124 1.04348 1.04933 1.04628 1.04395 1.04333 1.0302 1.03759 1.028 1.02941 1.02989 1.03448 1.02686 1.02503 1.02396 1.02891 1.02378 1.01644 1.02223 1.01555 1.02483 1.01089 1.01117 1.01409 1.00555 1.01494 1.01181 1.01506 1.01337 1.00895 1.00895 1.00988 1.00662 1.00625 1.00251 1.0043 1.00132 1.00216 1.00083 1.00292 1.002 1.00171 1.00036 1.00019 0.999867 0.999443 0.99897 0.998589 0.99889 0.997615 0.999113 0.998023 0.997242 0.999067 0.998484 0.996181 0.997868 0.998353 0.998602 1.00057 0.996409 0.996362 1.00373 0.999547 1.00576 1.00123 1.00542 0.996347 1.00115 1.00384 0.996653 1.01628 1.00906 1.00548 0.996855 1.00368 0.998884 1.01382 1.01485 1.01334 1.01599 1.01257 1.02204 1.00369 1.01525 1.01951 1.00896 1.02389 1.01677 1.0042 1.01123 1.02622 1.0305 1.03357 
1.0515 1.0598 1.06772 1.05808 1.05025 1.03826 1.04061 1.04929 1.05262 1.06072 1.03587 1.03132 1.02743 1.02155 1.0298 1.03357 1.02353 1.03186 1.03963 1.0303 1.02699 1.03025 1.02237 1.01836 1.01545 1.01709 1.02383 1.02203 1.01043 1.0103 1.01421 1.01278 1.01257 1.01199 1.00888 1.00822 1.01285 1.00649 1.00776 1.00773 1.00137 1.00608 1.00313 1.00542 1.00365 1.00071 1.00187 1.00144 1.00053 1.00018 0.99973 0.999108 0.998783 0.999954 0.998192 0.998552 0.998705 0.996846 0.99853 0.998229 0.996844 0.99719 0.997659 0.997414 1.00296 0.99486 0.99801 1.00406 1.00228 1.0011 0.999891 1.00322 1.00096 0.999632 0.999553 0.99502 0.998465 0.995669 1.00002 1.00401 0.996985 0.999757 0.996019 1.00853 1.01565 1.01499 1.00192 1.01996 1.02425 1.00335 1.01493 1.01823 1.02657 1.00851 1.0211 1.01191 1.0245 1.02315 1.02107 1.0319 
1.06561 1.04843 1.05362 1.05453 1.0538 1.05199 1.0445 1.03969 1.04488 1.03794 1.04281 1.03625 1.04433 1.03393 1.02664 1.03583 1.03758 1.0382 1.02562 1.03456 1.02483 1.02169 1.02684 1.03127 1.02039 1.02292 1.02115 1.01532 1.01238 1.01954 1.01057 1.01053 1.01881 1.01266 1.01408 1.00984 1.00747 1.0066 1.00776 1.00453 1.00623 1.00693 1.00358 1.00096 1.00177 1.0028 1.00086 1.00206 1.00046 1.00017 0.999806 0.999159 0.99945 0.999654 0.999508 0.998427 0.999675 0.999488 0.998683 0.998715 0.99784 0.999841 1.00082 0.994902 1.00302 1.00238 0.999112 0.998186 1.00117 1.00016 0.997203 0.993562 1.00443 1.00161 0.998902 1.00222 1.00548 1.00723 1.00394 1.00479 0.997892 1.01665 1.00565 1.00403 1.01529 1.01302 1.00135 1.00899 1.00965 1.01454 1.00471 0.995687 1.00664 0.998728 1.02094 1.0146 1.02553 1.02369 1.0304 1.01335 
1.06084 1.04781 1.0578 1.05395 1.04988 1.05907 1.06228 1.0499 1.02879 1.05245 1.03848 1.03211 1.02943 1.0306 1.02301 1.03227 1.03164 1.03374 1.03381 1.02603 1.01838 1.02875 1.01852 1.01333 1.02989 1.02495 1.02364 1.01458 1.01782 1.01271 1.00714 1.00802 1.00968 1.01413 1.00789 1.01318 1.00699 1.00694 1.00727 1.00554 1.00547 1.00555 1.00251 1.00525 1.00323 1.00386 1.00207 1.00088 1.00073 1.00028 0.999899 0.999454 0.998546 0.998997 0.998319 0.998632 0.998397 0.997072 0.997576 0.9984 1.00044 0.995166 0.996102 0.9952 0.993314 0.994408 1.00163 1.00229 1.00116 0.999184 0.999861 0.998154 1.00181 1.00282 1.00299 1.00121 1.00151 1.01288 1.00129 0.995542 0.995523 1.01051 0.991595 1.00441 1.00808 1.00376 1.00293 1.01276 1.00464 1.00803 1.01299 1.01014 1.01792 1.00323 1.01423 1.02004 1.01586 1.01547 1.03699 1.02377 
1.06049 1.06436 1.03817 1.05696 1.04892 1.0584 1.04672 1.03501 1.04807 1.06107 1.04824 1.03694 1.04217 1.04649 1.0431 1.04394 1.03906 1.02996 1.02803 1.03717 1.01985 1.02584 1.01949 1.02302 1.01423 1.01353 1.02073 1.02128 1.01559 1.01815 1.01533 1.01576 1.013 1.01094 1.01253 1.01038 1.00837 1.00407 1.00832 1.00911 1.007 1.00906 1.00331 1.00243 1.00243 1.00254 1.00232 1.00136 1.00066 1.00022 0.999931 0.999579 0.999147 0.998792 0.998618 0.998246 0.999955 0.999939 0.997768 0.995405 0.998865 0.99994 0.998129 0.997677 1.00155 0.997116 0.994173 0.996728 1.00041 0.999249 0.995762 0.998191 0.995328 1.00463 1.00423 1.00673 1.00086 1.0009 0.997406 1.00264 1.01479 1.00097 1.01102 1.00961 1.013 1.0195 0.996099 1.00729 0.999094 0.998709 1.02507 1.03341 1.01042 1.01302 1.01932 1.0068 1.02166 1.01947 1.00636 1.0179 
1.04995 1.03372 1.05892 1.05401 1.0449 1.06435 1.04874 1.06425 1.04721 1.03991 1.04968 1.03317 1.03311 1.04423 1.04083 1.02878 1.04025 1.02773 1.02339 1.02302 1.02795 1.02668 1.02452 1.02249 1.02295 1.02164 1.0206 1.01387 1.0125 1.01856 1.01629 1.01135 1.01252 1.0065 1.01607 1.00779 1.01213 1.01021 1.00626 1.00814 1.0046 1.00296 1.00431 1.0022 1.00225 1.00142 1.00126 1.00134 1.00072 1.00023 0.999559 0.99974 0.999216 0.998791 0.999177 0.998988 0.998374 0.997837 0.999182 1.00021 0.995889 1.00052 0.998515 0.997296 0.999586 0.992378 1.0005 1.00051 0.999646 0.998096 1.00118 0.997296 0.99666 1.00752 1.00696 0.996646 1.01176 1.00116 1.00167 1.00293 1.00664 1.00821 1.00251 1.01237 1.00351 1.00495 1.00283 1.01198 1.01049 1.00591 0.999034 1.01736 0.994587 1.0204 1.01509 1.00714 1.0207 1.02006 1.02246 1.03534 
1.07471 1.06443 1.06924 1.05857 1.06581 1.05009 1.05065 1.05182 1.05031 1.03519 1.04135 1.03547 1.04726 1.03729 1.03644 1.04034 1.03226 1.03621 1.03342 1.0288 1.02872 1.02234 1.03069 1.0186 1.01954 1.02972 1.02041 1.02529 1.01841 1.01363 1.01776 1.01914 1.01658 1.01081 1.00796 1.00929 1.00629 1.00986 1.00732 1.00714 1.00294 1.00463 1.00422 1.00379 1.00211 1.00123 1.002 1.00115 1.00082 1.00015 0.999828 0.999454 0.999292 0.99899 0.997939 0.997251 0.998728 0.99874 0.994746 0.99976 0.996738 0.998972 0.993509 0.997472 0.995645 0.999605 0.994729 0.993136 0.997756 0.998517 1.00244 0.992817 0.999278 0.997951 0.997384 1.00226 1.00136 1.00292 1.00195 1.00426 1.00404 1.00474 1.00592 1.01083 1.00642 0.998294 1.00094 1.01423 1.0226 1.00833 1.02331 0.993433 1.02766 1.00953 1.01834 1.0198 1.02726 1.01679 1.02657 1.00827 
1.05658 1.06454 1.05678 1.03659 1.05601 1.07283 1.05418 1.03277 1.04119 1.04719 1.03849 1.04305 1.04589 1.02925 1.02858 1.04121 1.03601 1.03502 1.03057 1.02802 1.0327 1.01948 1.02609 1.02546 1.02341 1.01918 1.01595 1.01405 1.01637 1.01162 1.01582 1.01388 1.01913 1.0131 1.01268 1.01227 1.01004 1.00288 1.00554 1.00603 1.00672 1.00397 1.0045 1.00364 1.00282 1.00293 1.00191 1.00134 1.00059 1.0001 0.999618 0.999533 0.999624 0.997135 0.998929 0.997467 0.99745 0.996306 0.998326 0.996444 0.995876 0.996699 0.996291 0.998665 0.994596 1.00058 0.99801 0.998438 0.998223 0.997263 0.997724 1.0022 0.998589 0.998291 1.00433 1.00284 1.0059 0.998023 1.00307 1.00634 1.00902 1.00469 1.00717 1.01282 1.00359 1.0042 1.00796 1.00957 1.01417 1.006 1.01339 1.02337 1.00061 1.00931 0.997949 1.00276 1.00704 1.01978 1.00779 1.02681 
1.06599 1.05593 1.06409 1.0473 1.04398 1.06275 1.04108 1.05414 1.05031 1.05871 1.04444 1.04494 1.03933 1.05518 1.03896 1.03802 1.02884 1.03443 1.03008 1.02704 1.03678 1.0254 1.023 1.02237 1.02109 1.02288 1.0147 1.01753 1.02811 1.0151 1.01391 1.01559 1.00841 1.01583 1.01223 1.00753 1.00818 1.00972 1.00382 1.00593 1.00795 1.00532 1.00591 1.00332 1.00343 1.00206 1.00171 1.00109 1.00078 1.0002 0.999737 0.998718 0.998396 1.00025 0.999299 0.99848 0.996421 0.997687 0.998957 0.995834 0.999169 0.999191 0.996601 1.00079 0.996072 0.992449 1.00211 0.996917 0.996497 0.997845 1.00208 0.997951 0.991322 0.998401 0.99001 0.998469 1.00012 0.998101 0.999552 0.999336 0.999772 1.00392 1.01398 1.00071 1.00461 1.00863 1.01049 1.01211 0.99519 1.00871 1.02024 1.00443 1.00401 1.01362 1.0143 1.02138 1.00491 1.01549 1.02403 1.01917 
1.05849 1.066 1.05292 1.06121 1.03862 1.05642 1.05312 1.0573 1.06604 1.04916 1.04852 1.03794 1.04317 1.0409 1.0356 1.04488 1.03642 1.03085 1.03297 1.03792 1.01883 1.02886 1.0228 1.02928 1.0186 1.01637 1.02415 1.02009 1.01156 1.01334 1.01409 1.01573 1.01313 1.01075 1.01266 1.01347 1.00814 1.00848 1.00607 1.00895 1.00319 1.00309 1.00472 1.00485 1.00377 1.00214 1.00188 1.00221 1.00066 1.00024 0.99969 0.999318 0.998866 0.999037 0.998111 0.996624 0.998412 0.995722 0.996759 0.997678 0.995275 0.992128 0.996427 0.997328 0.997108 0.995457 0.993861 0.995928 0.995219 0.996599 0.99601 0.999631 1.00003 0.994637 0.999646 0.999095 0.99169 1.00041 0.997093 0.997868 0.996055 1.00012 0.998137 1.00753 0.998603 1.01284 1.00319 1.00596 1.00419 1.01718 1.01882 1.02655 1.01266 1.00867 1.01282 1.01759 1.01683 1.02459 1.02124 1.01839 
1.05133 1.06179 1.06613 1.05915 1.03289 1.05652 1.04898 1.05535 1.03937 1.0486 1.03849 1.03072 1.03984 1.047 1.04175 1.03543 1.02271 1.02836 1.02787 1.01707 1.02276 1.03444 1.03036 1.0272 1.0204 1.02508 1.01656 1.01849 1.01873 1.01399 1.01558 1.01482 1.01443 1.01036 1.00731 1.01002 1.00451 1.00854 1.00681 1.00717 1.00496 1.00627 1.00474 1.00264 1.00233 1.00284 1.00222 1.00112 1.00065 1.00009 0.999824 0.999552 0.999114 0.99879 0.997625 0.998959 0.996557 0.99641 0.997264 0.999948 0.994806 1.0051 0.99738 0.99779 0.994939 1.00132 0.996352 1.00101 0.995122 1.00344 0.999075 0.999305 1.00418 1.00121 1.00419 0.999551 0.999872 1.00272 1.00989 0.993484 1.00636 0.996196 1.00456 1.00119 1.00726 1.01456 1.00855 1.01565 1.01443 1.02067 1.0174 1.00888 1.00772 1.01278 1.02085 1.00356 1.01001 1.01888 1.02057 1.01772 
1.06123 1.06887 1.05974 1.04869 1.06209 1.05445 1.07028 1.03582 1.03631 1.05841 1.04309 1.04218 1.02419 1.03342 1.02374 1.0303 1.03701 1.02835 1.03457 1.02454 1.02777 1.02338 1.03293 1.01903 1.02492 1.01399 1.01725 1.01674 1.01631 1.01863 1.01885 1.01453 1.00882 1.0087 1.01021 1.01134 1.00911 1.00568 1.00662 1.00484 1.00418 1.00473 0.999456 1.0039 1.00358 1.00237 1.0014 1.00093 1.00049 1.0003 0.9997 0.999195 0.999211 0.999626 0.997489 0.996566 0.996209 0.998545 0.99894 0.995855 0.997329 0.999981 0.996353 0.996216 0.995931 0.998323 0.998064 0.998049 0.993795 0.993427 1.00387 0.998928 0.997314 1.00489 0.998635 1.00293 0.990024 0.99778 1.00922 1.00963 1.00731 1.00807 1.00659 1.00096 1.00661 1.00781 1.00917 1.01256 1.01268 1.00688 1.01701 1.01049 1.0132 1.02915 1.01268 1.0186 1.01329 1.01778 1.03092 1.02132 
1.05877 1.07432 1.05257 1.05342 1.0468 1.0518 1.04214 1.05035 1.05389 1.03957 1.04043 1.05079 1.04446 1.03288 1.03607 1.03581 1.03299 1.02913 1.03268 1.02522 1.02079 1.0276 1.03105 1.02801 1.02249 1.02443 1.01947 1.02249 1.01154 1.01746 1.01504 1.01145 1.0127 1.01166 1.01144 1.00954 1.00929 1.01201 1.00667 1.00484 1.00484 1.00501 1.00406 1.00491 1.00348 1.00395 1.00115 1.0015 1.00149 1.0001 0.999581 0.999533 0.999099 0.999995 0.998047 0.997716 0.997654 0.997436 0.999659 0.997116 1.0008 0.997082 0.998856 0.999513 0.992266 0.994417 0.998164 0.995853 0.997146 0.994377 0.99552 0.99723 0.995329 0.994956 0.998314 0.993313 0.999644 1.00381 1.00878 1.00531 0.995844 1.00496 1.00521 1.01164 1.00962 1.0075 1.01653 1.01567 1.02008 1.01442 1.00544 1.00008 1.02781 1.00942 1.0205 1.02239 1.02037 1.01784 1.03185 1.02356 
1.06764 1.048 1.06167 1.07248 1.05648 1.04767 1.05219 1.03146 1.03504 1.03794 1.04223 1.05193 1.04347 1.02896 1.03617 1.03624 1.02957 1.04656 1.02373 1.03928 1.02572 1.03302 1.02642 1.0294 1.02654 1.02377 1.02303 1.0191 1.02005 1.00897 1.01472 1.01391 1.01981 1.013 1.01028 1.01356 1.00322 1.00933 1.00777 1.00558 1.00762 1.0071 1.00457 1.00211 1.00415 1.00195 1.00272 1.00121 1.00013 1.00018 0.999815 0.9991 0.999025 0.997421 0.998778 0.999688 0.996578 0.998924 0.997813 0.995594 0.996426 0.999065 1.00023 0.995058 0.999296 0.998689 0.998493 1.00049 1.00137 0.995765 0.996229 0.996138 1.00269 1.00095 1.00123 1.00033 1.00043 1.00023 0.997314 1.00347 0.993751 0.996179 0.999725 1.01023 1.00718 0.998957 1.00408 1.01355 1.0208 1.0019 1.02339 1.0157 1.01158 1.00925 1.012 1.02857 1.03646 1.01185 1.03458 1.0307 
1.05814 1.06305 1.07734 1.05279 1.05336 1.05704 1.05387 1.03584 1.05846 1.03507 1.04683 1.04303 1.04262 1.03488 1.03308 1.03042 1.04308 1.03056 1.02162 1.02774 1.02266 1.02523 1.02652 1.01307 1.01728 1.02474 1.01664 1.01825 1.02021 1.01449 1.02305 1.01561 1.0121 1.00992 1.01363 1.01207 1.01182 1.00524 1.00634 1.00589 1.00743 1.00333 1.00416 1.00551 1.00166 1.00195 1.00146 1.00052 1.00068 1.00039 0.999899 0.999446 0.998456 0.998678 0.998424 0.998647 0.996935 0.997041 0.999045 0.997057 0.993517 0.997848 1.00162 0.995841 0.99663 0.996068 0.996481 0.994972 0.994681 0.998856 1.00424 0.996689 0.995181 1.00029 0.996113 0.998963 0.999087 0.991906 0.994662 1.01171 1.00269 1.01303 1.0054 1.00312 1.00196 1.01642 1.01604 1.01656 0.997975 1.00892 0.992851 1.00903 1.01683 1.00766 1.0191 1.02597 1.0089 1.0138 1.01908 0.998912 
1.03889 1.08627 1.04331 1.06732 1.04375 1.04836 1.05039 1.04854 1.04641 1.05041 1.03358 1.04353 1.02713 1.03315 1.03275 1.03864 1.03594 1.03255 1.03822 1.03727 1.02568 1.02732 1.02994 1.02979 1.02225 1.01982 1.01587 1.02018 1.02019 1.01666 1.01749 1.01643 1.01121 1.0209 1.00854 1.01099 1.00387 1.0094 1.0093 1.00037 1.0072 1.00909 1.00536 1.00432 1.00378 1.00226 1.00213 1.00165 1.00097 1.00018 0.999788 0.999154 0.998914 0.998191 0.998079 0.996407 0.997588 0.998622 0.996812 0.99932 0.998046 1.0014 0.993338 0.994331 0.996488 0.996966 0.999946 0.998712 0.994587 0.994462 0.994554 1.00751 0.997236 0.992719 1.00147 1.00098 1.00117 0.993742 0.998146 0.996847 1.00518 1.00346 1.00725 1.00867 1.00425 1.01098 1.00488 1.00067 1.02316 0.999309 1.01044 1.01075 1.01236 1.0072 1.01239 1.0162 1.00594 1.01953 1.02806 1.00975 
1.07278 1.05252 1.06305 1.05712 1.06529 1.03556 1.05254 1.04611 1.06476 1.05218 1.05566 1.03624 1.03499 1.05228 1.03147 1.04244 1.03714 1.04093 1.02492 1.03314 1.02009 1.0298 1.02423 1.02528 1.02644 1.02825 1.01947 1.02189 1.01355 1.01717 1.00916 1.0144 1.01144 1.01276 1.01614 1.00533 1.00806 1.00864 1.00678 1.00841 1.00533 1.00434 1.00396 1.00487 1.00471 1.00306 1.00164 1.00169 1.00069 1.00027 0.999831 0.999435 0.998044 0.997843 0.999903 1.00022 0.997094 0.997552 1.00118 0.996871 0.998419 0.997532 0.995292 0.994513 0.995638 0.998084 0.996611 0.991923 0.99957 0.989939 0.999082 0.993662 1.00456 1.00605 1.00612 0.996637 1.00183 0.991198 1.00849 1.00767 0.998377 1.0061 0.999905 1.00067 1.00952 0.989936 0.994343 0.994027 1.00032 1.0082 0.996814 1.00731 1.00856 0.999367 1.00399 1.01178 1.02572 1.00876 1.02794 1.02022 
1.05692 1.07109 1.09543 1.06042 1.05358 1.05281 1.04683 1.04778 1.04492 1.03248 1.03929 1.05562 1.03775 1.03131 1.0291 1.03388 1.03214 1.03981 1.035 1.03889 1.02849 1.02909 1.03351 1.02332 1.01924 1.01632 1.02383 1.01848 1.0216 1.0155 1.01685 1.01238 1.01786 1.0082 1.00938 1.00707 1.00867 1.00851 1.00778 1.00915 1.00382 1.00138 1.00466 1.00326 1.00303 1.00205 1.00231 1.00184 1.00104 1.00027 0.99977 0.999607 0.998783 0.998796 0.999236 0.998945 0.997856 0.997529 0.996584 0.993989 0.99723 0.998703 0.990766 0.994276 0.993256 0.995322 0.994395 0.997551 1.00289 0.994897 1.00024 0.99583 1.00209 0.998661 1.01039 0.998605 0.996748 0.993156 0.997354 0.991711 0.997571 0.992566 1.00188 0.997896 1.0039 1.00909 1.00296 1.00706 1.01761 1.00935 1.02632 1.02014 0.994894 1.02207 1.02821 1.01684 1.02598 1.01254 1.02727 1.01957 
1.06153 1.04996 1.07043 1.05519 1.04691 1.04947 1.05541 1.04963 1.06175 1.03982 1.05113 1.04667 1.047 1.03295 1.03706 1.03796 1.03201 1.03032 1.03544 1.02853 1.02833 1.02097 1.02584 1.02502 1.03139 1.02072 1.02477 1.02092 1.01359 1.01263 1.01141 1.01779 1.01347 1.01218 1.01453 1.01298 1.01147 1.00794 1.00502 1.00451 1.00881 1.00338 1.00236 1.00479 1.00232 1.00329 1.00152 1.00096 1.00083 1.00031 0.999863 0.999154 0.999496 0.998656 0.998299 0.998407 0.997414 0.996246 0.996489 0.994667 0.99739 0.997376 0.996701 0.99561 0.998183 0.995078 1.00049 0.996179 0.997676 1.00043 0.994531 1.00318 0.993229 1.00384 0.997013 1.00329 1.00568 0.999577 1.00491 1.0106 0.992228 1.00005 0.995783 0.994762 1.01429 0.995399 1.01505 1.00568 1.01757 1.0022 1.00673 1.02054 1.00865 1.01097 1.01624 1.0002 1.0196 1.02238 1.02501 1.01796 
1.06693 1.05412 1.05615 1.05174 1.05534 1.05842 1.05876 1.04879 1.05659 1.04291 1.0359 1.03769 1.04668 1.03478 1.03387 1.04476 1.03356 1.03175 1.04265 1.02421 1.03213 1.04297 1.02258 1.026 1.02006 1.0226 1.0275 1.01906 1.01679 1.01977 1.01191 1.01714 1.01571 1.01775 1.01279 1.01116 1.01306 1.01021 1.00819 1.00823 1.00748 1.00467 1.00407 1.00247 1.00206 1.00354 1.00089 1.00139 1.00073 1.00031 0.999654 0.999546 0.999075 0.998577 0.997572 0.99765 0.99879 0.997057 0.996068 0.996738 0.997866 0.998528 0.999677 0.995968 0.995649 0.99682 0.99435 1.00077 0.995438 0.993967 1.00388 0.998894 0.99517 0.995663 1.00612 1.0084 0.998965 0.996592 0.999111 1.00017 1.00281 1.0038 0.999111 0.988458 1.00104 1.00702 1.00964 1.00606 1.01119 0.998969 1.00657 1.02408 1.00965 1.02771 1.0184 1.00372 1.0098 1.00252 1.01855 1.02764 
1.06251 1.06056 1.06641 1.05427 1.063 1.04303 1.04922 1.0452 1.03518 1.04546 1.05717 1.03481 1.05568 1.03027 1.03721 1.04384 1.03654 1.03805 1.04098 1.04136 1.02854 1.02472 1.02307 1.02421 1.02512 1.02541 1.01462 1.02388 1.01937 1.00795 1.02096 1.01457 1.01209 1.01767 1.01369 1.0098 1.00806 1.01012 1.00926 1.00717 1.00841 1.00577 1.00236 1.00309 1.00287 1.00215 1.00122 1.00117 1.00096 1.0002 0.999713 0.999217 0.998452 0.998682 0.996901 0.998167 0.997028 0.996939 0.996237 1.00069 0.99551 1.00068 0.997744 0.99876 0.999858 0.997719 0.990517 0.997054 1.00039 0.998242 1.00075 0.999386 0.995971 1.00158 0.995618 0.998978 1.00438 1.00682 0.999581 0.998002 0.995523 0.997872 0.994809 1.00797 1.00462 0.99369 1.0143 0.993256 1.00567 1.00791 1.01158 1.02028 1.02804 1.00534 1.0205 1.01529 1.01985 1.01145 1.01322 1.00332 
1.05539 1.05309 1.06523 1.08018 1.05735 1.05825 1.06194 1.04863 1.0507 1.04071 1.04568 1.04915 1.04208 1.04375 1.04259 1.03061 1.03969 1.03676 1.03101 1.03241 1.0294 1.03024 1.03239 1.01956 1.02584 1.02275 1.02362 1.02401 1.0208 1.01383 1.01247 1.01759 1.01587 1.01595 1.01382 1.00928 1.00983 1.00875 1.00514 1.00449 1.00695 1.00461 1.00511 1.00443 1.00419 1.00182 1.00186 1.00226 1.00079 1.00021 0.999763 0.999173 0.998978 0.998629 0.998386 0.998836 0.998781 0.997888 0.997264 0.997542 0.995895 0.994891 0.997971 0.995064 0.99761 0.997031 1.00131 0.993382 0.994829 1.00407 0.995393 0.998128 1.00171 1.00182 0.995823 0.996128 1.00447 0.997689 1.0003 0.996705 0.995584 1.0047 1.00475 0.992026 1.01045 1.00655 1.00328 0.994143 1.01269 1.00798 1.00654 1.01674 1.01722 1.01013 1.02543 1.00219 1.00421 1.01449 1.01297 1.01332 
1.06757 1.07097 1.07043 1.05186 1.06074 1.05306 1.04843 1.04514 1.04758 1.05567 1.04484 1.03742 1.0432 1.04247 1.04279 1.03616 1.03302 1.0321 1.02859 1.03217 1.03248 1.03368 1.02649 1.02706 1.01587 1.02651 1.0155 1.01938 1.01375 1.01501 1.01699 1.0202 1.01102 1.01345 1.01195 1.00648 1.0072 1.00468 1.00664 1.00792 1.00548 1.00634 1.00707 1.00264 1.00401 1.00272 1.00189 1.00205 1.00051 1.00013 0.999824 0.999478 0.999119 0.997836 0.998296 0.996918 0.997883 0.997155 0.999062 0.996774 0.996428 0.998106 1.00049 0.996617 0.993951 1.00088 0.995468 0.999314 0.998536 0.991977 0.992855 1.00002 0.988264 0.995794 0.999583 0.999371 1.0021 0.99957 0.996591 0.9993 1.0089 1.00818 1.00014 1.00181 1.01117 1.00471 1.00829 1.00601 1.0048 1.00479 1.0092 1.00421 1.01683 1.00577 1.02257 0.995481 1.01374 1.0293 1.01241 1.02815 
1.08183 1.0529 1.06392 1.06695 1.07304 1.06214 1.05041 1.0525 1.04994 1.05397 1.04595 1.05111 1.03058 1.0468 1.04363 1.039 1.02126 1.03107 1.03211 1.03666 1.0209 1.02817 1.02381 1.02603 1.02271 1.01925 1.02128 1.02659 1.01575 1.01247 1.01645 1.01534 1.01328 1.01644 1.01318 1.0098 1.01145 1.00818 1.00578 1.00721 1.00874 1.00471 1.00432 1.0058 1.00311 1.00187 1.00226 1.00223 1.00121 1.00024 0.999754 0.999653 0.998566 0.999357 0.997897 0.998806 0.998261 0.998589 0.997778 0.995489 0.994767 0.99684 0.995571 0.993378 0.997099 0.99614 0.997568 0.993662 0.994846 0.996094 0.993889 1.00026 0.999108 0.986543 0.997539 0.994787 1.01256 0.998618 0.9953 1.00681 0.996116 1.00515 0.999602 1.00261 1.00916 1.01379 0.99934 0.995326 1.0144 1.0002 1.00454 1.00904 1.02046 1.02098 1.00257 1.00294 1.00195 1.00156 1.01873 1.02151 
1.0667 1.05825 1.06939 1.05133 1.05655 1.06374 1.06156 1.06655 1.04662 1.0534 1.04447 1.03317 1.04596 1.0451 1.04193 1.04571 1.04151 1.03231 1.04162 1.03689 1.03057 1.01929 1.02465 1.02751 1.02698 1.02067 1.02663 1.0197 1.01676 1.01624 1.01628 1.01695 1.0134 1.01684 1.01436 1.01213 1.01248 1.01333 1.00601 1.0068 1.00492 1.00462 1.0048 1.00546 1.00144 1.0026 1.00177 1.00171 1.00082 1.00022 0.999792 0.999222 0.999283 0.998757 0.997718 0.997796 0.997556 0.997641 0.995785 0.999537 0.999296 0.994941 0.997602 0.992555 0.993892 0.990569 0.999652 0.998741 0.993795 0.991938 1.0053 0.993732 0.990825 1.00082 1.00082 1.00714 0.996951 0.994764 1.00374 1.00056 1.00522 1.00463 1.00497 1.00108 1.00889 1.00589 0.999673 1.01215 1.00883 1.00344 1.01569 1.00021 1.01266 1.0136 1.00111 1.0235 1.01972 1.01864 1.01171 1.02073 
1.07156 1.06482 1.06682 1.06377 1.06358 1.07335 1.06936 1.05263 1.05487 1.05492 1.04101 1.04583 1.03386 1.0478 1.04301 1.03696 1.03538 1.04308 1.03361 1.02728 1.03948 1.03037 1.02872 1.03284 1.02894 1.01822 1.02085 1.02486 1.02347 1.01893 1.01872 1.01603 1.01637 1.00702 1.00815 1.01454 1.0135 1.00829 1.01023 1.00712 1.00612 1.00657 1.0042 1.0047 1.00143 1.00288 1.00083 1.00146 1.00064 1.00044 0.999736 0.999312 0.998352 0.998848 0.997143 0.99808 0.997329 0.996263 0.993179 0.997475 0.996831 0.99621 0.994672 0.992566 0.996628 0.994025 1.00044 0.99512 0.997312 0.997298 0.999136 1.00134 1.00105 1.00298 1.00336 0.999435 1.01152 0.996135 0.990737 0.997933 1.00509 1.00164 1.00214 1.0021 1.00195 1.01859 0.998979 1.00909 0.999414 1.01229 1.01449 1.01202 1.00408 1.0032 1.0081 1.0091 1.01566 1.00816 1.00628 1.01761 
1.06464 1.06828 1.05509 1.07956 1.0547 1.05677 1.06263 1.05065 1.04973 1.04243 1.04677 1.03959 1.04215 1.04694 1.04971 1.04505 1.03352 1.03956 1.04105 1.02432 1.02966 1.02528 1.03116 1.02158 1.02417 1.01925 1.02203 1.02699 1.02055 1.01157 1.01399 1.01543 1.01152 1.01954 1.01556 1.01327 1.00955 1.01032 1.00663 1.00552 1.00583 1.00595 1.00467 1.00491 1.00142 1.00066 1.00247 1.00144 1.00074 1.0002 0.99954 0.999915 0.998421 0.998849 0.99861 0.998255 0.99745 0.997351 0.995131 0.998522 0.995811 0.995374 0.997611 1.00125 0.992414 0.993966 0.993706 0.994395 0.995863 0.997733 0.9889 1.00223 0.997834 0.992246 0.994348 0.994599 0.998103 0.999007 0.999712 1.00034 0.998079 1.00166 1.00471 1.00409 1.00295 1.00685 1.00535 0.998579 1.01328 1.01279 1.01216 1.0124 0.998755 1.00962 1.00498 1.00347 1.00665 1.02987 1.01421 1.02529 
1.0685 1.07259 1.05832 1.0613 1.07047 1.05247 1.05626 1.06584 1.0555 1.04415 1.05794 1.05285 1.0383 1.04141 1.03666 1.0384 1.03814 1.03707 1.03898 1.03244 1.03937 1.02488 1.02449 1.02185 1.0198 1.02275 1.01947 1.02114 1.02175 1.02101 1.01572 1.02037 1.01079 1.01318 1.01273 1.00992 1.01005 1.00792 1.01029 1.00674 1.00405 1.00343 1.0039 1.00462 1.00183 1.0032 1.00223 1.00223 1.00099 1.00006 0.999802 0.998723 0.999343 0.998689 0.998402 0.999251 0.997661 0.997233 0.998585 0.997298 0.996175 0.995923 0.996083 1.00415 0.997749 0.995086 0.995566 0.988034 0.996486 0.994605 0.993158 1.00009 0.999458 0.993302 1.00427 1.00237 1.0006 1.01175 0.998132 0.996437 1.00076 1.00074 1.00037 1.00645 1.00489 1.01006 1.00843 1.00543 1.00577 0.998714 1.0163 1.00993 1.02834 1.00104 1.01573 1.01634 1.01174 1.01696 1.0283 1.02892 
1.07194 1.07071 1.05028 1.0533 1.05926 1.06205 1.071 1.05906 1.05043 1.0454 1.05718 1.04857 1.05569 1.03683 1.03554 1.04213 1.03058 1.02912 1.04062 1.03033 1.03091 1.02543 1.03228 1.02347 1.02405 1.01814 1.0244 1.02472 1.01754 1.01452 1.01438 1.01324 1.01622 1.01693 1.01036 1.01145 1.00942 1.01001 1.011 1.00714 1.00431 1.00679 1.00556 1.00561 1.00242 1.00378 1.00088 1.00147 1.00107 1.0003 0.999932 0.999599 0.999165 0.998319 0.997223 0.997491 0.996134 0.998725 0.996321 0.998964 0.998219 0.99801 0.998817 0.990196 0.995924 0.993962 1.00218 0.999119 0.998977 0.995499 0.994728 0.999127 0.985736 1.00185 0.992686 0.9956 1.00244 1.00108 1.00127 0.995465 1.00433 1.00583 1.00758 1.00892 1.00111 0.998863 1.00246 0.992819 1.00021 1.01139 1.01252 1.01624 1.02131 1.01833 1.03282 1.03491 1.02442 1.01539 1.02244 1.03176 
1.07855 1.06364 1.0701 1.06935 1.06797 1.05157 1.06338 1.06034 1.0551 1.04754 1.03937 1.04132 1.03658 1.04564 1.04608 1.04818 1.04409 1.03689 1.04051 1.04086 1.02916 1.02145 1.02823 1.02246 1.02997 1.02087 1.02328 1.02376 1.02465 1.01575 1.01622 1.01559 1.01304 1.01533 1.01079 1.01135 1.00855 1.00992 1.00902 1.00767 1.00545 1.00754 1.00406 1.00394 1.0039 1.00216 1.00259 1.00203 1.00131 1.00036 0.999758 0.999568 0.998641 0.999482 0.998165 0.997176 0.99522 0.995663 0.998485 0.998189 0.993944 0.996937 0.993518 0.996346 1.00352 0.99712 0.996399 0.997328 1.00028 0.999771 0.997248 1.00206 1.00348 1.00755 0.999728 0.999872 1.00026 1.00902 1.00773 1.00039 0.999833 1.00339 1.00702 1.00446 1.00707 1.00515 1.01275 0.999994 1.01864 1.0185 1.009 1.01547 1.01436 0.998369 1.00082 1.0261 1.01876 1.01677 1.01585 1.00233 
1.08127 1.05753 1.08022 1.05945 1.0728 1.06018 1.04737 1.05477 1.05965 1.054 1.04454 1.05366 1.03928 1.03484 1.04224 1.03886 1.03877 1.03931 1.03155 1.03948 1.03408 1.02954 1.0308 1.03245 1.02979 1.02456 1.01854 1.01556 1.016 1.01223 1.01759 1.01864 1.01269 1.01945 1.00429 1.01227 1.00873 1.00864 1.0104 1.00607 1.00496 1.00801 1.0031 1.00534 1.00477 1.00357 1.0033 1.00177 1.00133 1.00025 0.999923 0.999039 0.998404 0.998394 0.998396 0.998371 0.995213 0.99733 0.994746 0.998044 0.995445 0.994422 0.997794 0.995468 0.995416 0.994782 0.995452 0.999227 0.997964 0.998306 0.994138 0.99586 0.994109 1.00058 0.99659 0.997861 0.999953 0.994961 0.99599 0.998868 0.998564 0.996594 1.00433 0.998202 1.00616 0.99813 1.00288 1.00984 1.00636 0.99943 1.02156 1.00732 1.01328 1.00508 1.02853 1.0057 1.01032 0.995896 1.01801 1.03158 
1.06945 1.06078 1.05958 1.05834 1.05718 1.06247 1.05165 1.05121 1.04508 1.04803 1.04107 1.05561 1.04609 1.0464 1.05165 1.03013 1.04192 1.03053 1.03518 1.02363 1.0372 1.02676 1.02685 1.01888 1.0279 1.02645 1.02041 1.01987 1.02359 1.01637 1.0198 1.01889 1.01104 1.0048 1.01172 1.01284 1.00647 1.00988 1.00674 1.00782 1.00463 1.00749 1.0068 1.00618 1.00538 1.002 1.00237 1.00078 1.00094 1.00036 0.999589 0.999028 0.998835 0.998716 0.999802 0.99813 0.996589 0.998623 0.995438 0.995082 0.998172 0.995923 1.00187 0.996465 0.99564 0.996586 1.00089 0.997243 0.992303 0.996599 0.988583 0.990901 0.999413 0.996347 0.992438 0.993813 0.997694 1.01104 0.997075 0.997771 0.998377 1.0032 0.994119 1.01068 0.999029 1.00853 1.00088 1.01425 1.00499 1.00782 1.01295 0.991454 1.01939 1.00215 1.02257 1.0165 1.03242 1.02202 1.01968 1.01529 
1.06397 1.08178 1.05254 1.0533 1.06496 1.06103 1.0565 1.05101 1.05873 1.05181 1.03441 1.0405 1.04783 1.04583 1.0384 1.04121 1.03676 1.03198 1.02965 1.03198 1.02459 1.03297 1.01836 1.0308 1.0193 1.02632 1.01998 1.01581 1.02355 1.02047 1.01203 1.0148 1.01149 1.01318 1.01062 1.01054 1.00713 1.00812 1.01127 1.01039 1.00808 1.00549 1.00523 1.00548 1.00238 1.00117 1.00275 1.00171 1.00032 1.00035 0.999807 0.999626 0.998689 0.999051 0.998686 0.999128 0.999908 0.997569 0.993615 1.00031 0.99703 1.00008 0.993372 0.994261 1.00085 0.988557 0.999156 0.996019 0.993787 0.999628 0.999286 1.00045 0.998036 0.99369 0.996981 0.990891 1.00211 0.998467 1.00592 1.00246 0.999011 1.00123 1.0069 1.0105 1.01091 1.00564 1.01322 0.999801 1.006 1.00688 1.00131 1.00296 1.01823 1.02406 1.00325 1.0068 1.01437 1.00493 1.00974 1.01468 
1.08065 1.05514 1.08227 1.07941 1.05601 1.06117 1.0552 1.05103 1.05188 1.04897 1.0428 1.05317 1.04995 1.05253 1.03892 1.03355 1.0346 1.03381 1.03683 1.02502 1.03615 1.01733 1.03414 1.02792 1.02018 1.01277 1.01928 1.02111 1.02281 1.0197 1.02142 1.01588 1.01542 1.01679 1.01472 1.01214 1.01188 1.01035 1.00675 1.00721 1.0085 1.00663 1.00343 1.00396 1.00345 1.00269 1.00147 1.00174 1.00109 1.00037 0.999792 0.999579 0.998636 0.998837 0.997929 0.998538 0.997595 0.996886 0.995839 0.994251 0.996339 0.99414 0.99895 0.995335 0.998588 0.998462 0.994852 0.996099 0.99582 1.00169 1.00122 1.0044 1.00258 0.994456 1.00333 0.990819 1.00156 0.993308 1.00269 1.00324 1.00091 1.00067 1.00357 0.998328 1.00123 1.00198 1.00268 0.999827 1.01325 1.0059 1.00572 1.01023 1.00316 1.00057 1.0033 0.99881 1.01592 1.01786 1.01585 1.0182 
1.07804 1.06411 1.06352 1.06074 1.06114 1.0745 1.04771 1.06307 1.06387 1.04214 1.04366 1.04974 1.04426 1.04291 1.04791 1.04348 1.03824 1.0369 1.04157 1.02821 1.02875 1.03357 1.02798 1.01496 1.01748 1.02119 1.02041 1.02964 1.02102 1.02194 1.02132 1.01716 1.01492 1.01263 1.01111 1.00977 1.01182 1.01099 1.00838 1.00777 1.00505 1.00849 1.00626 1.00436 1.00405 1.00285 1.00108 1.00121 1.0009 1.00036 0.999682 0.999582 0.998806 0.99831 0.997093 0.998088 0.998327 0.995795 0.995089 0.995744 0.992921 0.996311 1.00108 0.997004 0.995589 0.995012 1.00049 0.993188 0.995028 1.00059 0.997278 0.996287 0.990836 0.993719 1.00094 0.995164 1.00558 0.996233 1.00211 0.98984 1.00053 1.00593 1.00656 1.0129 1.00133 0.98791 0.995891 1.01047 1.00425 1.00893 1.0086 1.01257 0.995047 1.00943 1.01012 1.01956 1.01869 1.00004 1.01465 1.02716 
1.0766 1.07348 1.05495 1.05889 1.06724 1.05401 1.05513 1.0644 1.06469 1.03866 1.05543 1.05562 1.04285 1.0453 1.02756 1.03863 1.0417 1.04357 1.03766 1.03228 1.03542 1.03037 1.02753 1.03139 1.02515 1.0248 1.02278 1.01985 1.017 1.01278 1.01382 1.00892 1.01744 1.00808 1.01517 1.00977 1.00849 1.01088 1.00772 1.00845 1.00462 1.00439 1.00578 1.00447 1.00351 1.00394 1.00201 1.00167 1.00085 1.00037 0.999715 0.999391 0.998291 0.997885 0.997306 0.997237 0.997376 0.993645 0.9964 0.998446 0.996998 0.996062 1.00005 0.998844 0.995356 0.992828 1.00161 0.996516 0.993223 0.997406 0.997437 0.993263 1.00004 1.00797 1.00694 0.99745 0.991041 0.994574 1.00624 0.998734 0.999537 0.999066 0.994355 0.993291 0.995028 1.00095 1.00452 1.00318 0.995576 1.01156 1.00375 1.00602 1.00494 1.0133 1.01411 1.01168 1.01605 1.01808 1.00569 1.01703 
1.07281 1.0759 1.06845 1.06666 1.05531 1.05899 1.06057 1.04494 1.04879 1.05131 1.05565 1.04721 1.05617 1.05382 1.04888 1.03333 1.03751 1.04039 1.03982 1.03715 1.03272 1.03645 1.02551 1.03052 1.02622 1.02229 1.02128 1.02109 1.01464 1.02095 1.01382 1.02217 1.01136 1.01217 1.01114 1.01436 1.00809 1.00703 1.00664 1.00852 1.00434 1.00667 1.00285 1.00464 1.00412 1.0022 1.00159 1.00147 1.00101 1.00027 0.999693 0.999053 0.998937 0.998385 0.997695 0.997318 0.996232 0.99807 0.998824 0.995396 0.994043 0.999544 0.994077 0.997787 0.995561 0.997031 0.997562 1.00077 0.991002 0.990167 0.99219 1.00206 0.995914 0.997767 0.990567 0.992928 0.999061 1.00397 0.99512 0.997352 0.999979 1.00149 0.999186 0.99279 0.997649 1.00018 1.00483 1.00203 0.998735 1.00718 1.00246 1.01681 1.00756 1.00286 1.0033 1.0267 1.01747 1.00738 1.01937 1.01474 
1.07556 1.07962 1.08371 1.06679 1.0631 1.07554 1.06146 1.05165 1.07328 1.03841 1.06464 1.04384 1.04985 1.04415 1.03677 1.04298 1.0372 1.04071 1.0273 1.03643 1.03335 1.02021 1.0325 1.03901 1.02874 1.02911 1.01881 1.02805 1.01961 1.0204 1.01611 1.01756 1.01386 1.01593 1.01285 1.0116 1.00919 1.00909 1.00672 1.00748 1.00708 1.00529 1.00335 1.00463 1.00348 1.0034 1.00285 1.00094 1.00023 1.00057 0.999675 0.999306 0.999543 0.997154 0.998271 0.995869 0.99547 0.996138 0.993959 0.996738 0.99723 0.990956 0.997474 0.996872 0.996129 0.995164 0.99502 0.993439 0.985575 0.995631 1.00302 0.992357 0.991717 1.00095 0.993604 1.0001 0.996097 0.992829 0.994328 1.00193 1.00559 1.00406 1.00682 0.998907 1.01136 0.996978 1.01281 1.00684 1.01467 1.00033 1.01207 1.00745 1.01243 1.0001 1.00371 1.01976 1.00955 1.00976 1.02938 1.02078 
1.06007 1.07928 1.06096 1.05741 1.06707 1.07634 1.06235 1.0479 1.05484 1.04746 1.04999 1.05918 1.05785 1.05226 1.0476 1.04536 1.03352 1.04365 1.03189 1.03278 1.03369 1.02549 1.02736 1.02072 1.02215 1.02345 1.0247 1.02283 1.02339 1.01954 1.01909 1.01559 1.01177 1.01592 1.01217 1.01514 1.01475 1.01346 1.00575 1.01088 1.00592 1.00413 1.00591 1.00355 1.00395 1.00242 1.00146 1.00131 1.0012 1.00028 0.999809 0.9992 0.999505 0.998174 0.996996 0.998085 0.996557 0.996933 0.995997 0.995459 0.995692 0.998489 0.991532 0.995806 0.991003 0.993668 0.997088 0.994503 0.991859 0.990684 0.992765 0.998574 0.999481 1.00279 0.997744 0.997441 0.989164 0.996515 0.995916 0.99758 0.99438 0.997008 0.997834 1.006 0.996192 1.00536 1.00004 0.994941 1.00525 1.01701 1.01156 1.00773 1.00161 1.00979 0.98673 1.01059 1.00337 1.01534 1.01177 1.02804 
1.07448 1.06791 1.06108 1.05245 1.07191 1.05439 1.06779 1.04874 1.05335 1.05047 1.0543 1.03967 1.04704 1.05282 1.0507 1.0413 1.04031 1.03668 1.02953 1.02967 1.02647 1.04022 1.0264 1.02101 1.02842 1.02728 1.02345 1.02022 1.0254 1.01458 1.01713 1.01842 1.01679 1.01652 1.0153 1.0143 1.01262 1.01006 1.00843 1.00604 1.00793 1.00545 1.00704 1.00392 1.00242 1.00239 1.0031 1.00175 1.00116 1.00013 0.999693 0.999107 0.996958 0.999073 0.999614 0.998458 0.995529 0.999034 0.997454 0.997924 0.99822 0.998096 0.996242 0.992445 0.994654 0.99397 0.994347 0.998335 0.995375 0.995248 0.99854 1.00199 0.992372 0.988147 0.990444 0.996188 0.998993 0.989598 1.00807 0.994232 0.99979 1.0037 0.997267 1.01371 1.00049 0.989599 0.999499 1.00788 0.998693 1.00165 1.00452 1.00005 1.01258 1.01498 1.00698 1.00796 1.02499 1.00484 1.02001 1.01187 
1.07792 1.08084 1.07585 1.0516 1.06745 1.05429 1.05588 1.05165 1.05045 1.0588 1.05293 1.04462 1.03901 1.05481 1.03809 1.05257 1.03855 1.03356 1.04611 1.03465 1.02896 1.03447 1.03649 1.02205 1.02814 1.02469 1.02562 1.02094 1.01698 1.01803 1.0152 1.02387 1.01313 1.01536 1.01266 1.00961 1.01167 1.01084 1.00396 1.00933 1.00527 1.00491 1.00562 1.00188 1.00396 1.00303 1.00195 1.00186 1.0008 1.00029 0.999675 0.999585 0.998841 0.9991 0.997526 0.997955 0.995619 0.994433 0.994354 0.996192 0.999238 0.998537 0.999022 0.992416 1.00303 0.993907 0.996523 0.991689 0.994507 0.996415 0.999972 0.997715 0.996829 0.990855 1.00041 0.993518 0.994895 0.998764 1.00507 0.99396 0.999348 0.988123 1.00225 0.997495 1.00524 1.00358 0.999416 1.00503 0.998839 1.0019 1.01873 1.01414 1.00269 1.03127 1.00117 1.001 1.01 1.02213 1.01861 1.00024 
1.08303 1.06917 1.07469 1.06539 1.05723 1.05074 1.05089 1.053 1.04767 1.06096 1.04739 1.05652 1.04175 1.0496 1.04912 1.04168 1.04157 1.04438 1.03762 1.032 1.03286 1.02696 1.02471 1.03199 1.01854 1.01633 1.02282 1.03253 1.02083 1.01339 1.01734 1.01559 1.01893 1.01671 1.0124 1.01238 1.01315 1.00699 1.00867 1.00422 1.00793 1.00531 1.00565 1.00415 1.00468 1.00266 1.00232 1.0015 1.00106 1.00036 0.999762 0.999061 0.998844 0.998763 0.997916 0.99603 0.998563 0.998393 0.997363 0.998441 0.994647 0.995733 0.993354 0.992743 0.992546 0.997271 0.998102 0.998873 1.00183 0.996394 0.991141 0.993711 0.996411 0.999922 1.00118 1.00112 0.997021 0.992304 1.00053 1.00023 1.0004 0.995176 0.995017 0.997251 1.00497 1.01587 0.996203 1.0122 0.995055 1.00203 0.993689 1.00605 1.0098 1.00297 1.01092 1.00158 1.02288 1.00074 1.01753 1.00854 
1.07015 1.06495 1.06181 1.05435 1.05326 1.06262 1.03215 1.05987 1.04826 1.03626 1.05594 1.04712 1.03856 1.05437 1.02506 1.04567 1.04488 1.04232 1.03228 1.03423 1.04004 1.03225 1.02045 1.02747 1.01858 1.02857 1.0196 1.01914 1.02715 1.02376 1.02031 1.02141 1.01547 1.01125 1.0133 1.0108 1.01104 1.01102 1.00567 1.00488 1.00571 1.00911 1.00462 1.00536 1.00434 1.00369 1.00103 1.00086 1.00064 1.00035 0.999722 0.999309 0.998486 0.999545 0.997954 0.997963 0.997798 0.998503 0.999572 0.996419 0.997017 0.994031 0.998689 0.996358 0.995216 0.996221 0.994894 1.00027 0.992978 0.993844 0.996757 0.992667 0.998216 0.988647 0.997156 1.00027 1.00654 1.00162 1.00325 0.996864 0.992669 1.00131 0.998893 1.00415 1.00616 1.0049 0.996772 1.00551 1.01617 1.01544 1.01018 1.00518 1.02919 1.02063 1.00382 1.00716 1.0154 1.01185 1.00793 1.02401 
1.07981 1.06035 1.07924 1.06854 1.05891 1.06512 1.05923 1.05493 1.05115 1.05397 1.06055 1.06002 1.04089 1.05073 1.03246 1.02579 1.03843 1.03359 1.05113 1.03147 1.03209 1.02639 1.02454 1.03254 1.0213 1.03078 1.02693 1.02264 1.02019 1.02347 1.01633 1.02185 1.01583 1.01175 1.01603 1.01219 1.01212 1.01265 1.00993 1.00895 1.00599 1.00558 1.00641 1.00671 1.00519 1.00251 1.00191 1.00156 1.00051 1.00043 0.999825 0.998916 0.998504 0.996606 0.999339 0.997847 0.998529 0.995733 0.993834 0.994525 0.996658 0.998039 0.993063 0.998295 0.997749 0.994714 0.99772 0.997025 1.00144 0.993979 0.996826 0.992833 1.00395 0.993512 0.984525 1.00222 1.00106 1.00182 1.00068 0.9917 0.994699 1.00176 0.988674 0.988105 1.0046 1.01558 1.00672 0.99938 1.00231 0.991694 1.00671 1.01589 1.01088 1.00493 1.01522 1.01006 1.0096 1.0142 1.0031 1.01531 
1.07777 1.06922 1.06741 1.07415 1.06293 1.06061 1.06909 1.06006 1.05279 1.05636 1.06471 1.06198 1.03898 1.057 1.04376 1.04109 1.04569 1.04491 1.04118 1.03544 1.03682 1.03463 1.03064 1.02564 1.02898 1.02841 1.02533 1.02638 1.02427 1.01744 1.01865 1.01892 1.01464 1.02077 1.01114 1.01598 1.01294 1.01263 1.00608 1.00852 1.00337 1.01077 1.00456 1.00686 1.00381 1.00246 1.00119 1.00132 1.00083 1.00037 0.999583 0.998837 0.998914 0.997162 0.999688 0.997782 0.997387 0.995833 0.995867 0.994446 0.998165 0.997047 0.996755 0.995711 0.996893 0.998992 0.993403 0.999645 0.996147 0.997166 0.999295 0.999069 0.999841 0.994406 0.997942 0.995057 0.999845 0.987853 0.996619 0.99322 0.996723 0.995522 0.992985 1.00104 1.00177 1.00763 1.00377 1.01401 1.01621 1.00387 1.00835 1.00655 1.01745 1.00895 1.01301 1.00205 1.01302 1.01819 1.02336 1.03033 
1.06873 1.07332 1.06325 1.07835 1.06613 1.07136 1.04385 1.06087 1.05365 1.05203 1.05429 1.0528 1.04367 1.04883 1.03708 1.03988 1.04289 1.03378 1.03187 1.03208 1.03825 1.0338 1.03644 1.02437 1.02505 1.02303 1.0232 1.02356 1.02337 1.0201 1.01811 1.01993 1.01408 1.0199 1.01275 1.01085 1.01102 1.01484 1.01447 1.0104 1.00437 1.00774 1.00455 1.00466 1.00591 1.00336 1.00223 1.00213 1.00082 1.00035 0.999639 0.999585 0.997442 0.99771 0.996811 0.996714 0.995544 0.994437 0.993358 0.995573 0.994327 0.996898 0.996059 0.997712 0.993949 0.995691 0.9955 0.995933 1.00118 0.99345 0.995588 0.996838 0.996896 0.993983 0.995061 0.991221 0.996018 0.994665 1.00345 0.999039 0.998838 1.00335 1.00107 1.00121 0.994177 1.01335 1.00643 0.997843 1.00812 1.00795 1.00709 0.992546 0.99628 1.00145 1.00963 0.99863 1.01772 1.01212 1.01332 1.01032 
1.07786 1.07522 1.07128 1.05559 1.06677 1.06216 1.06577 1.05076 1.06385 1.04398 1.05141 1.04721 1.04723 1.03575 1.03677 1.04853 1.03356 1.03346 1.03628 1.02903 1.03612 1.03101 1.03025 1.02843 1.02678 1.02852 1.02606 1.02086 1.01669 1.01608 1.01649 1.01432 1.02387 1.00967 1.01929 1.00615 1.01265 1.01109 1.00544 1.00642 1.00695 1.00656 1.00421 1.00495 1.00332 1.00344 1.00279 1.00194 1.00093 1.00027 0.999682 0.999187 0.998834 0.997214 0.99829 0.995913 0.997987 0.998569 0.994781 0.995721 0.996329 0.993323 0.996897 0.995599 0.995286 0.990965 0.994275 0.995276 0.991367 0.999833 0.996916 0.991153 0.994741 0.999898 0.991764 1.0011 0.999036 0.986581 0.983653 1.00344 1.00509 0.994035 0.990271 0.992811 1.00376 1.00345 0.999083 1.01879 1.01923 1.0177 1.01048 1.01049 1.00756 1.00725 1.02108 1.00887 1.00658 1.00358 1.00795 1.01507 
1.07405 1.08852 1.05798 1.06183 1.05013 1.07136 1.0553 1.05621 1.06046 1.05199 1.05058 1.03629 1.04804 1.04588 1.0433 1.0318 1.04251 1.03084 1.04216 1.03636 1.03151 1.02789 1.03094 1.02136 1.02982 1.02774 1.02619 1.02077 1.02215 1.02142 1.02139 1.01554 1.01762 1.01158 1.00809 1.01328 1.00758 1.0095 1.00815 1.00763 1.00633 1.00748 1.00605 1.00275 1.003 1.00296 1.00227 1.00081 1.0015 1.0003 0.999802 0.999634 0.997631 0.998823 0.998479 0.996166 0.996943 0.995975 0.997501 0.996984 0.997618 0.995281 0.994039 0.995821 0.993315 0.992919 0.995071 0.995161 0.990248 0.996734 0.997913 0.999236 0.99833 1.00072 0.99185 0.992294 0.992853 0.992036 0.992354 1.00149 1.00549 1.00736 1.00104 1.00886 1.00443 1.00385 0.993018 1.00296 0.999052 1.00029 0.998489 0.998291 1.0115 1.00943 0.999503 1.01125 1.02874 1.02322 1.0225 1.02489 
1.09752 1.07845 1.06037 1.06131 1.06876 1.05314 1.05619 1.06672 1.05094 1.06757 1.048 1.04022 1.04614 1.05183 1.04209 1.04562 1.04735 1.03703 1.03699 1.03568 1.03047 1.02721 1.03526 1.02594 1.01664 1.02878 1.02414 1.02438 1.02734 1.02129 1.01797 1.01408 1.0145 1.01417 1.01635 1.00817 1.012 1.00957 1.00836 1.00914 1.0079 1.0071 1.00422 1.00453 1.00146 1.00253 1.00195 1.00129 1.00101 1.00035 0.999788 0.998804 0.997741 0.998426 0.997171 0.996211 0.999304 0.999894 0.993936 0.997126 0.993519 0.994412 1.00052 0.995893 0.999581 0.989759 0.996359 0.995172 1.00006 0.998645 0.997844 0.997556 0.997246 0.995353 1.00188 0.99619 0.986471 0.995884 1.00381 1.00096 0.996729 0.992013 0.997976 1.00906 1.00123 0.995216 0.995815 1.00915 0.994429 1.00395 1.00484 0.994012 1.00556 1.00654 1.00909 1.00456 1.0212 1.01313 1.026 1.00833 
1.06473 1.07305 1.0805 1.06184 1.05642 1.05899 1.05619 1.06885 1.05365 1.05576 1.04427 1.05786 1.04781 1.0449 1.0456 1.04396 1.03676 1.04288 1.03715 1.03898 1.03547 1.03203 1.04268 1.0343 1.02273 1.02944 1.02804 1.03094 1.02039 1.02174 1.01717 1.0197 1.02022 1.01699 1.0115 1.01634 1.00935 1.00431 1.00995 1.006 1.00637 1.00749 1.00593 1.00561 1.00421 1.00327 1.00176 1.00172 1.00045 1.00037 0.999557 0.998919 0.998584 0.997911 0.998609 0.998741 0.99761 0.996458 0.998136 0.999501 0.997444 0.994286 0.998356 0.996269 0.992891 0.997334 0.995623 0.995178 0.997787 0.995997 0.991141 1.00096 0.994493 0.988937 0.990247 0.994295 0.994977 0.996318 0.999163 0.986921 0.99584 0.996923 0.997371 1.00249 1.01016 0.995396 1.0152 1.00556 1.01272 1.00714 0.998596 1.01411 1.0125 1.00468 0.999575 1.01168 1.00756 1.00502 1.01494 1.03276 
1.07 1.06885 1.05792 1.06356 1.06419 1.06661 1.05014 1.0495 1.04938 1.05661 1.04962 1.04301 1.05097 1.04787 1.04541 1.04501 1.03591 1.04763 1.02483 1.0333 1.03562 1.03138 1.0276 1.02784 1.02243 1.02496 1.03687 1.02855 1.01878 1.02293 1.02061 1.02249 1.0205 1.01432 1.01423 1.00983 1.01157 1.01415 1.00972 1.00944 1.00582 1.00577 1.00615 1.00585 1.0029 1.00344 1.0021 1.00185 1.00074 1.00034 0.999687 0.999445 0.998792 0.998851 0.998912 0.995956 0.997919 0.997828 0.994246 0.993944 0.994178 0.995283 0.993291 0.99479 0.991055 0.993061 0.997094 0.998524 0.99738 0.996125 1.0016 0.997519 0.995836 0.997347 1.00089 0.996449 0.995342 0.998185 0.990593 0.994473 0.997042 0.99815 0.995556 1.00029 1.00232 0.99371 1.00885 1.0019 1.00073 1.00323 0.990019 1.01494 1.01181 1.0112 1.01004 1.00331 1.01734 1.02533 1.0013 1.02007 
1.07704 1.06577 1.07096 1.05413 1.05226 1.07462 1.06385 1.06709 1.05362 1.05272 1.05028 1.05504 1.04931 1.03143 1.05927 1.0501 1.04327 1.02603 1.04237 1.03103 1.0315 1.02975 1.03121 1.03128 1.02245 1.01893 1.02188 1.0166 1.02309 1.02254 1.00885 1.0196 1.01398 1.02001 1.01157 1.01615 1.00908 1.01075 1.00906 1.00628 1.00888 1.00537 1.00491 1.00574 1.00405 1.00341 1.00235 1.00159 1.00116 1.00026 0.999773 0.999148 0.999468 0.997865 0.997673 0.996655 0.997601 0.997989 0.996697 0.997043 0.994853 0.993674 0.99376 0.998607 0.993444 0.997423 0.990438 0.997368 0.99121 0.997487 0.995315 0.99105 0.999277 0.997034 0.995309 0.99712 0.998642 0.999929 0.999265 1.00093 1.00733 0.989487 1.00535 1.004 0.997311 1.00339 1.01356 1.00153 1.00429 1.00327 1.00076 1.00821 1.01019 1.0071 1.02378 1.01027 1.00999 1.00459 1.00513 1.01454 
1.06737 1.07865 1.07582 1.07681 1.07095 1.05535 1.06167 1.05542 1.05579 1.05109 1.05193 1.0461 1.06443 1.03745 1.05235 1.03798 1.0373 1.03356 1.03226 1.044 1.03518 1.03065 1.03472 1.02416 1.03199 1.02289 1.0245 1.02595 1.02972 1.01562 1.0177 1.01564 1.01321 1.01008 1.01275 1.0105 1.01329 1.01367 1.00791 1.00872 1.00772 1.0052 1.00716 1.00557 1.00423 1.00335 1.00319 1.00206 1.00105 1.0002 0.999659 0.999094 0.999579 0.997563 0.997185 0.996728 0.997013 0.998115 0.997333 0.994489 0.997538 0.998738 0.995292 0.998564 1.00005 1.00073 0.996488 0.995372 0.996384 0.993713 0.996493 0.993186 0.998656 0.997164 0.991919 0.997084 1.0031 0.990772 0.993983 0.999011 0.988127 1.0083 0.998704 1.00378 1.00597 0.997464 1.00749 1.00158 1.00629 1.00556 1.00026 1.01029 0.987318 1.00172 1.01961 1.01567 1.01921 1.02636 1.00831 1.00352 
1.0717 1.07422 1.05905 1.07876 1.06538 1.04995 1.05684 1.03838 1.06481 1.05406 1.05717 1.04448 1.0565 1.05377 1.04224 1.03387 1.03308 1.03226 1.02671 1.03498 1.03241 1.03517 1.03655 1.02402 1.02361 1.02327 1.01972 1.02436 1.02947 1.02227 1.0226 1.01921 1.01654 1.01517 1.00912 1.01338 1.00988 1.01399 1.00613 1.00672 1.00561 1.00899 1.00816 1.00627 1.00487 1.00281 1.0025 1.00155 1.00078 1.00036 0.999648 0.999082 0.999326 0.998976 0.997235 0.996983 0.997034 0.99557 0.996432 0.996027 0.996294 0.992797 0.996786 0.994013 0.991133 0.995621 0.999861 0.990053 0.988596 0.996438 0.988439 0.99975 0.992224 0.990991 0.994162 1.00172 0.999306 0.99753 0.999228 0.991744 0.997228 1.00048 0.995452 0.990487 1.00944 1.00225 1.00723 0.99274 0.995468 0.999267 1.01413 1.00771 1.01521 1.00877 1.0072 1.01743 1.01656 1.01639 1.02262 1.01413 
1.06052 1.06028 1.07124 1.07473 1.04723 1.05245 1.05704 1.06496 1.05976 1.05632 1.05747 1.05876 1.04522 1.04751 1.0511 1.0461 1.03591 1.03713 1.02497 1.0333 1.03745 1.02975 1.03745 1.02923 1.02598 1.02514 1.02035 1.01915 1.01952 1.01613 1.01974 1.01043 1.01476 1.01645 1.01893 1.01541 1.01043 1.01187 1.00943 1.00968 1.00647 1.00618 1.00515 1.00514 1.00311 1.00368 1.00271 1.00204 1.00159 1.00023 0.999665 0.999546 0.998184 0.997307 0.997609 0.996627 0.995627 0.996432 0.997261 0.994207 0.995042 0.995296 0.995027 0.993828 0.994456 0.990515 1.00021 0.992507 0.993736 0.994921 0.993904 0.993358 0.99737 0.994749 0.990351 0.990079 0.992815 0.992311 1.00039 0.994644 0.995714 1.00629 0.999536 0.998303 0.999311 1.00302 1.00556 1.00941 1.00693 1.00621 1.0029 1.00595 0.999681 1.01426 0.998824 1.00783 1.0118 1.01723 1.0345 1.02971 
1.085 1.0671 1.08879 1.08083 1.07267 1.07568 1.04115 1.06693 1.05505 1.06116 1.05201 1.05477 1.04612 1.04966 1.04729 1.04182 1.04848 1.04487 1.0327 1.03871 1.0321 1.03646 1.03714 1.02253 1.03468 1.02432 1.01959 1.02753 1.02063 1.02254 1.02204 1.01791 1.01391 1.01678 1.01723 1.01555 1.01164 1.01062 1.00467 1.00933 1.00564 1.00651 1.00545 1.00487 1.00309 1.00204 1.0025 1.00266 1.00078 1.00029 0.999713 0.999326 0.997786 0.998099 0.996521 0.995541 0.996514 0.994658 0.994973 0.99325 0.996547 0.997463 0.996024 1.00025 0.999095 0.996221 0.992775 0.991346 0.989672 0.996295 0.992546 0.988234 0.99368 0.998901 1.00354 0.999606 0.995829 1.00124 0.987952 1.00472 0.998621 0.990318 0.993069 0.98437 0.992554 0.999659 1.00488 0.990299 1.00437 1.00199 1.00979 1.0103 1.02796 1.01263 1.01104 1.00087 1.01399 1.01959 1.01211 1.01858 
1.08408 1.06981 1.07543 1.05363 1.06097 1.05503 1.05096 1.05608 1.06574 1.05494 1.04396 1.05336 1.04066 1.04554 1.05193 1.0322 1.03374 1.03997 1.03113 1.039 1.04034 1.04081 1.02786 1.03442 1.0294 1.02647 1.01797 1.02718 1.02703 1.0192 1.0238 1.02108 1.02015 1.01907 1.01427 1.01507 1.01275 1.01164 1.00985 1.01121 1.00663 1.00652 1.00777 1.00175 1.00466 1.00235 1.00296 1.00174 1.0012 1.00034 0.999692 0.998802 0.999004 0.996951 0.998576 0.997229 0.995007 0.995834 0.994845 0.99538 0.996082 0.996909 0.995815 0.994839 0.995771 0.996225 0.993144 0.99861 1.00071 0.995099 0.994923 0.993115 0.995621 0.99551 0.988542 1.00038 0.99637 0.994954 1.00064 0.998056 1.00021 0.993517 0.997787 0.998367 0.987825 0.997377 0.993281 1.00543 0.996855 0.997823 1.00383 0.999101 1.00555 1.00599 0.996914 1.0021 1.00974 1.01131 1.01865 0.994932 
1.07407 1.05664 1.07024 1.08541 1.06426 1.06055 1.06245 1.06429 1.0554 1.0507 1.05402 1.05476 1.04689 1.04505 1.06479 1.04374 1.04082 1.04476 1.04728 1.03298 1.02969 1.02823 1.0344 1.03002 1.02954 1.02801 1.01774 1.01884 1.02558 1.02281 1.01822 1.0129 1.01807 1.0168 1.01446 1.01435 1.01108 1.01018 1.01145 1.00569 1.00777 1.00724 1.00506 1.00461 1.00586 1.00325 1.0023 1.00187 1.00042 1.00037 0.999565 0.998717 0.99873 0.997037 0.996834 0.998756 0.995377 0.996287 0.993887 0.995141 0.995239 0.995541 0.997187 0.994071 0.995361 0.993587 0.995421 0.998353 0.997545 0.988704 0.994938 0.998725 0.996637 1.00019 0.999015 0.995627 0.994273 0.995046 1.00588 0.995676 1.0016 1.0029 1.00093 0.989199 0.998659 0.99813 0.99605 0.992536 1.00145 0.989866 1.01454 1.00787 0.997914 1.00192 1.02903 1.01985 0.998727 1.00642 1.02074 1.00224 
1.06618 1.07038 1.0645 1.07107 1.05817 1.05391 1.0564 1.06406 1.06056 1.05639 1.05451 1.05666 1.06267 1.04337 1.0375 1.05466 1.0444 1.03598 1.03865 1.03779 1.03676 1.03111 1.0288 1.04186 1.02219 1.02572 1.03288 1.02236 1.02137 1.01708 1.01922 1.01889 1.01318 1.01368 1.01498 1.01091 1.01259 1.01 1.01022 1.00708 1.00463 1.00867 1.00414 1.00499 1.00354 1.00359 1.00107 1.00082 1.00075 1.00038 0.999649 0.999151 0.998971 0.998878 0.997095 0.997673 0.995309 0.995099 0.99648 0.996514 0.992908 0.995831 0.995066 0.995174 0.994502 0.996369 1.00027 0.996728 0.995262 0.996183 0.997874 0.991143 0.996896 0.994536 0.987965 0.995683 0.993072 0.99174 0.995208 0.998811 0.996792 1.00742 1.00088 1.00292 0.989263 0.996991 0.997917 0.997153 1.01025 0.995176 1.00676 0.999842 1.00424 1.00185 1.01657 1.00347 0.995311 1.01131 1.00663 1.01437 
1.08136 1.08318 1.08279 1.08589 1.06638 1.07062 1.04621 1.05113 1.06069 1.05278 1.05344 1.0542 1.05893 1.04271 1.04407 1.04095 1.04471 1.04285 1.03752 1.02894 1.02955 1.02761 1.03234 1.02917 1.03261 1.02917 1.03029 1.03005 1.02952 1.03009 1.02235 1.01292 1.01558 1.01544 1.01208 1.01405 1.01391 1.01026 1.01277 1.00723 1.00655 1.00398 1.00648 1.00355 1.00244 1.00431 1.00276 1.00236 1.00104 1.00021 0.999747 0.998925 0.998284 0.997395 0.997816 0.996371 0.995992 0.997268 0.996504 0.994947 0.992603 0.992895 0.99296 0.99464 0.997879 0.993826 0.997779 0.9983 0.996008 1.00114 0.992303 0.992142 0.99429 0.990331 1.00337 0.994829 1.00635 1.00747 0.996052 0.998133 0.997675 0.992186 0.994459 1.00386 1.0088 0.990988 1.01542 1.00913 1.00099 1.00331 1.01456 0.999323 1.00361 1.01034 1.00212 1.00908 1.00818 0.988864 1.01556 1.02916 
1.06412 1.04857 1.06701 1.07798 1.05764 1.06281 1.0682 1.05371 1.05213 1.06495 1.05108 1.05114 1.04779 1.05249 1.0498 1.04686 1.04858 1.03546 1.03485 1.0364 1.03267 1.03334 1.03127 1.03122 1.03006 1.03326 1.01455 1.02341 1.01749 1.02263 1.02312 1.01487 1.01452 1.01058 1.01607 1.01263 1.01164 1.01072 1.00972 1.01048 1.00833 1.00862 1.00498 1.00697 1.00485 1.00372 1.00211 1.00132 1.00127 1.00037 0.999799 0.999189 0.99841 0.997331 0.997724 0.996589 0.997474 0.994827 0.994016 0.994141 0.991507 0.99038 0.99273 0.995956 0.995413 0.994481 0.998995 0.996219 0.994117 0.998347 1.00024 0.991771 1.00052 0.998714 0.995948 0.988585 1.00069 0.992867 1.0086 1.00182 0.995905 1.00401 0.992417 1.00261 1.01544 1.00302 0.99807 0.996062 1.00341 0.993778 0.997029 1.00945 1.02263 0.992369 1.02049 1.02352 1.021 1.00898 1.01974 1.00561 
1.06924 1.06484 1.08236 1.07057 1.07704 1.07901 1.04761 1.05232 1.03841 1.04644 1.05056 1.06231 1.05893 1.0541 1.04 1.04255 1.04984 1.04153 1.04639 1.03591 1.03699 1.04015 1.02833 1.03887 1.02692 1.02463 1.0219 1.02561 1.01889 1.02767 1.02116 1.01899 1.01449 1.01639 1.01511 1.01178 1.01055 1.01339 1.00958 1.00227 1.00887 1.00549 1.00416 1.00722 1.00336 1.00384 1.00163 1.00211 1.0007 1.00031 0.99971 0.999019 0.997755 0.997884 0.99826 0.996603 0.996882 0.99839 0.993769 0.99567 0.997364 0.995215 0.993252 0.991793 0.992547 0.993154 0.992756 1.00156 0.993778 0.998718 0.992175 0.999199 0.994153 1.00119 0.995173 0.988835 1.00477 0.998277 0.992978 0.998763 0.995413 1.00401 0.989392 0.993927 0.99841 1.01703 1.00175 1.00588 1.00707 1.0131 0.997604 1.01276 0.99891 0.998768 1.00724 1.00023 1.00645 1.01414 0.998632 1.00473 
1.07848 1.06542 1.06991 1.07116 1.06739 1.06869 1.06505 1.04229 1.05776 1.06339 1.06118 1.04518 1.04091 1.04347 1.05107 1.04239 1.03591 1.05016 1.04149 1.03945 1.03995 1.02844 1.03825 1.03978 1.02323 1.028 1.02344 1.01554 1.02782 1.02313 1.01659 1.01808 1.0218 1.01357 1.01268 1.01087 1.01237 1.01205 1.00778 1.0093 1.0106 1.00756 1.0061 1.00389 1.00274 1.00393 1.0031 1.00215 1.00076 1.0003 0.999733 0.999121 0.998675 0.997733 0.99691 0.995746 0.996497 0.995608 0.995028 0.995752 0.99593 0.995911 0.997341 0.992209 0.996336 0.990281 0.999005 0.992461 1.00002 1.0017 0.991782 0.996623 0.992597 0.996667 0.991435 0.994697 0.992637 0.996783 0.99695 0.987807 1.00952 0.993204 1.00493 0.995114 1.00788 1.00491 0.991283 0.990812 1.00712 0.990754 1.01327 1.01142 1.01143 1.0006 1.00931 1.01205 1.01849 1.01095 1.00644 1.0107 
1.07592 1.07934 1.05603 1.07141 1.05603 1.07122 1.07086 1.05172 1.04664 1.05578 1.04632 1.0556 1.04613 1.05198 1.04745 1.04678 1.05163 1.04206 1.04094 1.03477 1.03808 1.03174 1.03389 1.03107 1.03353 1.01972 1.02805 1.02634 1.0253 1.02328 1.02417 1.01633 1.01824 1.01549 1.01313 1.01099 1.01424 1.01045 1.01228 1.00732 1.00902 1.00615 1.00528 1.00623 1.00439 1.00294 1.002 1.00268 1.0012 1.00036 0.999792 0.999135 0.999154 0.998526 0.997852 0.998786 0.997071 0.996572 0.994517 0.993819 0.993001 0.993092 0.991001 0.991805 0.990723 0.993126 0.996308 0.998656 0.99541 0.998777 0.992915 0.994765 0.998081 0.996614 0.993605 0.992151 0.991517 0.994894 0.993568 0.995872 1.00283 0.98221 1.00283 0.995535 0.999945 1.00377 0.995475 1.00022 0.997585 1.00046 1.00369 1.0089 1.00092 1.00505 1.01466 1.00671 1.01097 0.993148 1.01703 1.02586 
1.06083 1.07798 1.0669 1.08115 1.08332 1.06022 1.05126 1.06012 1.06198 1.0606 1.05394 1.06315 1.05699 1.04085 1.05569 1.05337 1.04044 1.03268 1.04449 1.03667 1.03494 1.03238 1.03032 1.02814 1.02997 1.03183 1.0273 1.02525 1.0217 1.02363 1.01988 1.0167 1.0191 1.0187 1.00953 1.00978 1.01542 1.00843 1.01134 1.01106 1.00804 1.00551 1.00435 1.00523 1.00395 1.00388 1.00268 1.0027 1.00098 1.0003 0.999752 0.998973 0.999173 0.996663 0.996614 0.99749 0.997215 0.998044 0.99392 0.996878 0.997782 0.992248 0.991661 0.992927 0.995213 0.994564 0.994508 0.990614 0.9925 0.996306 0.996433 1.00246 0.997483 0.999058 0.986911 0.99966 0.992937 0.999465 0.9979 0.989047 1.00262 0.994864 0.997295 0.995336 0.999759 0.996634 1.00349 0.99003 1.00436 1.00714 1.01816 1.01919 1.01297 0.998533 0.998135 1.00109 0.980618 0.998271 1.0242 1.01222 
1.06932 1.083 1.0686 1.06951 1.06628 1.05844 1.05995 1.07465 1.05615 1.05661 1.06666 1.05391 1.05019 1.04009 1.04653 1.04359 1.04186 1.03937 1.04257 1.03983 1.03401 1.02789 1.02684 1.02707 1.02485 1.02238 1.0316 1.01866 1.03173 1.02424 1.02489 1.02395 1.01358 1.01927 1.01262 1.01555 1.01187 1.01002 1.01279 1.01072 1.00924 1.00672 1.0036 1.00617 1.00365 1.00281 1.00377 1.00137 1.00126 1.00031 0.999756 0.999235 0.99898 0.997037 0.99698 0.996489 0.997979 0.99592 0.995884 0.995529 0.992403 0.995423 0.990189 0.991631 0.996618 0.995471 0.988619 0.992679 0.993007 0.990167 0.992055 0.992235 0.994447 0.997694 1.00172 0.993717 0.995261 1.00544 0.999027 0.991667 0.992541 1.00448 0.989704 1.00077 1.01628 1.00669 0.991201 1.01186 0.999852 0.98795 0.998381 1.00366 1.00964 1.00308 1.00045 1.01538 1.01083 1.013 1.01612 1.02194 
1.07548 1.06713 1.08044 1.06992 1.06069 1.07131 1.06542 1.07423 1.06364 1.05848 1.05999 1.06822 1.0489 1.05345 1.04372 1.04334 1.04801 1.03499 1.03686 1.04358 1.03087 1.03198 1.04252 1.02611 1.02501 1.02625 1.02109 1.02343 1.0286 1.02363 1.01292 1.01778 1.01568 1.01358 1.01494 1.01909 1.01519 1.01208 1.00991 1.00863 1.00986 1.00947 1.00661 1.0062 1.00393 1.00386 1.00295 1.00114 1.00119 1.00027 0.999802 0.998905 0.998763 0.997735 0.997399 0.996909 0.995914 0.996891 0.994159 0.995162 0.996779 0.994053 0.995177 0.989815 0.995493 0.991627 0.994584 0.991094 0.995071 0.997016 0.990997 0.993629 1.00324 0.995563 0.994503 0.992213 1.00254 1.00228 0.994258 0.992224 1.00648 1.00313 0.998241 0.998305 0.990368 1.01064 0.990228 1.00156 1.00473 1.00608 0.992482 1.01706 1.0122 0.999771 1.01529 1.01577 0.996348 1.00335 0.998669 0.996818 
1.07889 1.08018 1.08196 1.07104 1.07474 1.06662 1.06546 1.06256 1.06112 1.07489 1.06142 1.05679 1.0524 1.04586 1.04031 1.04717 1.03355 1.03356 1.04858 1.02525 1.04428 1.0373 1.03488 1.02911 1.02265 1.02937 1.01991 1.0308 1.02707 1.02185 1.02323 1.0197 1.01869 1.01145 1.00929 1.01128 1.01479 1.01033 1.01094 1.00644 1.01051 1.00757 1.00722 1.00638 1.0046 1.00531 1.00296 1.00237 1.00082 1.00043 0.999707 0.999246 0.997845 0.999076 0.998518 0.997156 0.99568 0.995421 0.996236 0.994348 0.996554 0.994737 0.998179 0.990251 0.995133 0.991422 1.00051 0.995785 0.991495 0.993517 0.9897 0.993825 0.987473 0.989591 0.987024 0.990891 0.994287 0.997484 1.00333 0.993289 1.00289 1.0004 0.998288 1.00334 0.992897 1.00509 1.0032 0.986195 1.01692 1.00748 1.00125 1.01046 1.00911 1.00012 1.01308 0.998356 1.00696 1.01322 1.00139 1.01155 
1.06754 1.07169 1.074 1.09421 1.05325 1.05803 1.0592 1.05659 1.05831 1.06432 1.05547 1.05479 1.05127 1.05402 1.03794 1.04233 1.04553 1.04109 1.03843 1.03802 1.03293 1.03995 1.0317 1.03854 1.03103 1.03006 1.02407 1.02341 1.02397 1.02535 1.02448 1.02187 1.01739 1.01769 1.01691 1.00925 1.01266 1.01228 1.01013 1.0109 1.0094 1.01108 1.00675 1.00555 1.00519 1.00388 1.0024 1.00156 1.00156 1.00025 0.999655 0.998674 0.998604 0.997024 0.996689 0.99792 0.997036 0.99573 0.996564 0.99883 0.996541 0.994793 0.992751 0.995685 0.99669 0.995323 0.995566 0.993325 0.995219 0.998019 0.995142 0.98849 0.991683 0.996143 0.996455 0.990515 0.996057 0.993195 0.989665 0.995197 1.00908 1.00379 1.00925 0.994057 1.00369 0.992771 0.999597 0.985555 1.0007 1.02301 0.987225 1.00968 1.01019 1.01485 0.996769 0.99475 1.0044 1.02621 1.01523 1.00267 
1.08913 1.06961 1.07675 1.06677 1.06836 1.05756 1.0646 1.06536 1.05984 1.06871 1.0543 1.04383 1.06111 1.05325 1.05899 1.03623 1.0444 1.03706 1.04873 1.03898 1.03416 1.0338 1.03626 1.0308 1.03065 1.03156 1.02194 1.02326 1.02564 1.01679 1.01792 1.01931 1.01447 1.01916 1.01367 1.01028 1.01124 1.01231 1.00896 1.00659 1.00955 1.00379 1.00504 1.00552 1.00479 1.00392 1.00204 1.00287 1.00098 1.00038 0.99959 0.999369 0.999008 0.998442 0.99835 0.996103 0.997875 0.996301 0.994518 0.99546 0.995962 0.993213 0.996096 0.992806 0.995912 0.992767 0.994243 0.995739 0.99285 0.990985 0.995285 0.992154 0.992778 0.990778 0.992985 0.993589 0.989542 0.997957 0.99042 0.994078 0.990513 1.00434 1.00289 1.00085 0.999661 0.978906 0.99054 0.995129 0.993159 0.996034 1.00736 1.00863 1.00718 1.00456 1.00172 1.01296 1.02655 1.00498 1.00752 1.01187 
1.08416 1.07553 1.06714 1.05584 1.06162 1.06938 1.04579 1.06189 1.05369 1.06874 1.04885 1.05952 1.05367 1.04298 1.0509 1.04662 1.04075 1.0379 1.03471 1.04561 1.04173 1.02791 1.03218 1.03287 1.03153 1.02562 1.02283 1.0284 1.01482 1.02028 1.02382 1.01649 1.02124 1.01242 1.01047 1.0118 1.0099 1.01552 1.00964 1.00845 1.01166 1.00521 1.00473 1.00627 1.00466 1.00407 1.00284 1.00177 1.00104 1.00036 0.999741 0.999028 0.999319 0.997814 0.99804 0.997444 0.994409 0.996596 0.997715 0.995604 0.995577 0.991574 0.992875 0.992757 0.995431 0.997121 0.990925 0.993623 0.992702 0.991082 0.997299 0.990126 0.990904 0.992222 0.995805 0.99837 0.98785 0.997157 0.99626 0.991963 0.997632 0.996129 0.987208 0.987026 0.996822 1.0015 1.00139 0.992293 0.995012 1.00289 1.00878 1.02266 1.00262 1.00813 1.00625 0.999542 1.00072 1.00985 1.00946 1.00845 
1.07976 1.08685 1.07037 1.07 1.064 1.07275 1.07025 1.06031 1.05097 1.05494 1.06931 1.04775 1.06165 1.05402 1.04556 1.03694 1.05537 1.04384 1.0346 1.04483 1.02367 1.02911 1.03595 1.02838 1.02828 1.03015 1.02096 1.02542 1.02065 1.02741 1.02287 1.02511 1.02058 1.01737 1.01391 1.01483 1.01147 1.00782 1.01143 1.00842 1.01025 1.00709 1.00575 1.00457 1.00451 1.00347 1.0025 1.00199 1.00099 1.00049 0.999718 0.999156 0.998899 0.997591 0.9979 0.998641 0.997291 0.994393 0.996484 0.993915 0.994988 0.993791 0.995861 0.997955 0.996691 0.992613 0.99107 0.991037 0.990453 0.992189 0.98828 0.998406 0.997889 0.98778 0.993201 0.993332 0.99181 0.99395 0.998696 0.994721 1.00251 0.99369 1.00838 0.995046 0.981707 0.987997 0.993982 1.01369 1.01397 1.00965 0.997993 1.00995 1.00432 1.00773 1.01145 1.01768 1.01585 1.02233 1.01709 1.02073 
