-2 -1.9596 -1.91919 -1.87879 -1.83838 -1.79798 -1.75758 -1.71717 -1.67677 -1.63636 -1.59596 -1.55556 -1.51515 -1.47475 -1.43434 -1.39394 -1.35354 -1.31313 -1.27273 -1.23232 -1.19192 -1.15152 -1.11111 -1.07071 -1.0303 -0.989899 -0.949495 -0.909091 -0.868687 -0.828283 -0.787879 -0.747475 -0.707071 -0.666667 -0.626263 -0.585859 -0.545455 -0.505051 -0.464646 -0.424242 -0.383838 -0.343434 -0.30303 -0.262626 -0.222222 -0.181818 -0.141414 -0.10101 -0.0606061 -0.020202 0.020202 0.0606061 0.10101 0.141414 0.181818 0.222222 0.262626 0.30303 0.343434 0.383838 0.424242 0.464646 0.505051 0.545455 0.585859 0.626263 0.666667 0.707071 0.747475 0.787879 0.828283 0.868687 0.909091 0.949495 0.989899 1.0303 1.07071 1.11111 1.15152 1.19192 1.23232 1.27273 1.31313 1.35354 1.39394 1.43434 1.47475 1.51515 1.55556 1.59596 1.63636 1.67677 1.71717 1.75758 1.79798 1.83838 1.87879 1.91919 1.9596 2 
0.379615 0.392996 0.406692 0.420698 0.435008 0.449612 0.464501 0.479664 0.495088 0.510758 0.526658 0.542768 0.55907 0.575542 0.592158 0.608894 0.625723 0.642613 0.659535 0.676456 0.69334 0.710151 0.726853 0.743407 0.759772 0.775909 0.791776 0.807332 0.822535 0.837344 0.851717 0.865616 0.879 0.891831 0.904074 0.915694 0.926658 0.936937 0.946502 0.955331 0.963401 0.970693 0.977193 0.982887 0.987769 0.991832 0.995073 0.997496 0.999102 0.999901 0.999901 0.999117 0.997562 0.995256 0.992217 0.988468 0.984031 0.978931 0.973195 0.966849 0.959921 0.952439 0.944432 0.935928 0.926957 0.917547 0.907726 0.897524 0.886967 0.876084 0.864899 0.85344 0.841732 0.829798 0.817663 0.805349 0.792878 0.780271 0.767548 0.754729 0.741831 0.728874 0.715873 0.702845 0.689804 0.676766 0.663744 0.650752 0.637801 0.624903 0.61207 0.599312 0.586638 0.574058 0.561581 0.549214 0.536965 0.524841 0.512849 0.500995 
1.9319 1.89331 1.78595 1.90329 1.80198 1.82606 1.73995 1.67368 1.66579 1.68506 1.58541 1.67791 1.6082 1.5288 1.51198 1.5228 1.51303 1.4952 1.42204 1.45826 1.41672 1.41155 1.37602 1.33512 1.31502 1.30768 1.26995 1.28141 1.20261 1.19355 1.17859 1.18773 1.17325 1.15211 1.14615 1.1153 1.1104 1.10854 1.0749 1.09158 1.06728 1.05342 1.05066 1.03902 1.02032 1.02003 1.01734 1.01397 1.00956 1.00132 0.999266 0.996203 0.995675 0.995606 0.986304 0.996663 0.995422 1.00502 1.00622 1.01525 1.0018 1.00989 1.00665 1.0436 1.03835 1.04744 1.0271 1.07957 1.05134 1.08383 1.06694 1.123 1.146 1.08612 1.18451 1.14126 1.18725 1.19004 1.23229 1.26701 1.2862 1.22868 1.2364 1.29994 1.27456 1.28971 1.4074 1.33479 1.45717 1.38861 1.45876 1.42145 1.35745 1.47899 1.50026 1.57593 1.56914 1.58784 1.64679 1.61363 
1.94034 1.85667 1.88735 1.90395 1.83368 1.84305 1.74797 1.7379 1.78175 1.71314 1.60192 1.58452 1.61915 1.52771 1.50602 1.54524 1.50723 1.50088 1.43028 1.38923 1.38866 1.3438 1.3666 1.31406 1.33138 1.28985 1.25804 1.23412 1.25013 1.25168 1.19258 1.17984 1.14312 1.13146 1.10232 1.11352 1.11941 1.10055 1.09184 1.08305 1.05904 1.04528 1.03518 1.02971 1.03087 1.02253 1.01683 1.00786 1.00705 1.00216 0.998659 0.996893 0.993287 0.997383 0.999905 1.0008 0.985258 1.00088 1.00977 1.00393 1.02143 0.987291 1.03768 1.01519 1.04171 1.02887 1.086 1.10049 1.09903 1.09208 1.13686 1.17656 1.15639 1.17773 1.13206 1.15561 1.14661 1.2084 1.17787 1.26704 1.22157 1.27445 1.28414 1.37509 1.37044 1.38424 1.35131 1.37415 1.46139 1.3272 1.34264 1.45317 1.46463 1.4758 1.54468 1.48356 1.57092 1.55115 1.62062 1.72166 
1.86407 1.95179 1.84275 1.81094 1.78344 1.7956 1.71571 1.76063 1.74091 1.66558 1.69025 1.58973 1.56231 1.5671 1.53951 1.4868 1.50096 1.47245 1.47916 1.45592 1.38104 1.346 1.37985 1.33144 1.32139 1.24892 1.28135 1.24347 1.21055 1.22364 1.17955 1.18161 1.15109 1.16887 1.12057 1.12853 1.11367 1.11056 1.07934 1.08549 1.06817 1.07928 1.04419 1.03323 1.02467 1.01238 1.01979 1.00771 1.00605 1.00097 0.998525 0.998463 0.998765 0.998337 0.993332 1.00118 1.00787 0.995267 1.0164 1.01237 0.992202 1.02213 1.03006 1.02472 1.02645 1.05968 1.04165 1.06526 1.08976 1.07915 1.10079 1.11241 1.15188 1.13066 1.1472 1.1537 1.20325 1.19025 1.19662 1.16928 1.15939 1.29825 1.24697 1.34717 1.31322 1.35856 1.31613 1.32696 1.39463 1.29895 1.35639 1.45633 1.54057 1.53873 1.47135 1.52099 1.73481 1.58011 1.6733 1.6823 
2.0064 2.01386 1.88978 1.87952 1.79407 1.83111 1.76708 1.7665 1.69433 1.66648 1.67499 1.6624 1.61553 1.61524 1.55646 1.50162 1.49536 1.46279 1.46812 1.43086 1.40654 1.37901 1.36096 1.27971 1.26878 1.25946 1.27664 1.26903 1.26045 1.22983 1.21397 1.18999 1.15424 1.14806 1.1483 1.10591 1.09053 1.10643 1.08105 1.07201 1.06898 1.04895 1.04827 1.03268 1.02237 1.02293 1.01302 1.01312 1.00618 1.00008 0.998175 0.996376 0.994659 0.996768 0.995981 0.985816 0.9989 0.995034 1.01667 1.01106 1.0158 1.01497 1.02432 1.01726 1.03822 1.02932 1.0563 1.034 1.0848 1.10096 1.10392 1.09013 1.12942 1.13512 1.10261 1.18008 1.16296 1.16509 1.17913 1.23924 1.26296 1.23236 1.25968 1.25666 1.33649 1.33662 1.44158 1.38784 1.42496 1.4217 1.39078 1.48072 1.34686 1.54258 1.45733 1.59451 1.51373 1.67067 1.63223 1.64771 
1.92583 1.91239 1.9331 1.8898 1.89463 1.79197 1.74682 1.70442 1.69667 1.71605 1.64706 1.65522 1.58937 1.5615 1.49719 1.51129 1.46774 1.47915 1.4555 1.44532 1.44996 1.39955 1.34628 1.33348 1.33228 1.28493 1.32443 1.23955 1.22556 1.2283 1.18263 1.19593 1.18174 1.14588 1.16323 1.13066 1.11441 1.13188 1.08942 1.08419 1.04666 1.06517 1.05389 1.02441 1.03144 1.02236 1.01549 1.00508 1.00428 1.00085 0.997603 0.998452 0.993616 0.997661 0.993524 0.994282 1.00229 1.0033 1.00816 1.00879 1.02094 1.01043 1.01991 1.04658 1.04886 1.05684 1.05013 1.07859 1.04364 1.09583 1.1059 1.15422 1.10945 1.1485 1.14864 1.16886 1.1701 1.22318 1.18866 1.23778 1.29421 1.2572 1.28738 1.27406 1.31757 1.3885 1.38132 1.36512 1.45909 1.50311 1.49936 1.55071 1.51286 1.42485 1.47656 1.55041 1.5327 1.55916 1.63567 1.69087 
1.90969 1.93592 1.89405 1.83906 1.84136 1.73355 1.78895 1.68746 1.67652 1.55178 1.71036 1.61567 1.63154 1.52591 1.57235 1.48408 1.47721 1.48971 1.47112 1.42793 1.40351 1.37735 1.31683 1.37744 1.30325 1.30765 1.30085 1.25621 1.25686 1.21394 1.17892 1.18081 1.16705 1.15878 1.15383 1.12345 1.10951 1.10147 1.10021 1.05784 1.05867 1.06224 1.04819 1.03345 1.03228 1.02113 1.01309 1.00806 1.00388 1.00157 0.998442 0.997161 0.993835 0.991906 0.997101 0.996986 1.01054 1.00771 0.999652 1.00066 1.00943 1.00842 1.01436 1.04115 1.01907 1.02589 1.04304 1.03309 1.05255 1.11346 1.07374 1.12126 1.10816 1.16009 1.19683 1.17554 1.19567 1.22645 1.23409 1.23179 1.2238 1.26028 1.28858 1.32788 1.25355 1.36277 1.33492 1.35125 1.35758 1.36617 1.4433 1.41179 1.45481 1.52753 1.55844 1.58097 1.48335 1.57729 1.64021 1.66615 
1.91095 1.94319 1.91811 1.85694 1.76483 1.91624 1.77753 1.80809 1.69478 1.67551 1.64948 1.58398 1.62324 1.58952 1.57807 1.52597 1.51303 1.54212 1.50371 1.45596 1.37764 1.37309 1.38109 1.36685 1.3267 1.32115 1.25353 1.24944 1.24671 1.23417 1.20407 1.1814 1.19425 1.16248 1.13981 1.1212 1.09772 1.09579 1.08886 1.07022 1.06723 1.056 1.04219 1.0416 1.03322 1.02392 1.01548 1.01048 1.00724 1.00119 0.997728 0.996453 0.989428 1.00268 0.985328 0.9967 1.00008 0.997592 1.01099 1.00558 1.01882 1.0187 1.03007 1.01611 1.03984 1.07453 1.06496 1.07981 1.09618 1.08366 1.09556 1.10653 1.12844 1.13279 1.13857 1.1358 1.17514 1.15806 1.17276 1.25483 1.22412 1.25856 1.26282 1.34423 1.3186 1.32833 1.33209 1.40226 1.44716 1.46204 1.4343 1.47337 1.47976 1.49327 1.49683 1.58677 1.55357 1.71371 1.55949 1.63235 
2.00472 1.90312 1.85438 1.82374 1.92342 1.82815 1.78302 1.6684 1.72152 1.58975 1.63463 1.65499 1.54161 1.57678 1.5634 1.52961 1.53771 1.43373 1.41674 1.40984 1.3879 1.34384 1.37719 1.38089 1.29567 1.28755 1.25647 1.26903 1.24569 1.20822 1.17246 1.17353 1.18305 1.13916 1.12906 1.10895 1.09292 1.10495 1.0694 1.08375 1.07329 1.0504 1.05516 1.03683 1.03082 1.02404 1.01122 1.01568 1.00715 1.00187 0.997694 0.995936 0.995953 0.990751 0.998724 0.980804 0.99842 0.990641 0.99826 1.0009 1.01229 1.02657 1.06255 1.05611 1.00596 1.05524 1.03829 1.07164 1.10017 1.11043 1.05985 1.11014 1.09033 1.11784 1.16203 1.16218 1.13789 1.15634 1.19325 1.20049 1.24197 1.25056 1.28027 1.3486 1.3022 1.27596 1.31479 1.27098 1.3751 1.38766 1.4642 1.44486 1.4926 1.52917 1.43988 1.5412 1.55016 1.56388 1.63077 1.55889 
1.97562 1.9492 1.8307 1.80465 1.82081 1.7917 1.7657 1.72433 1.65658 1.69204 1.5977 1.65186 1.64382 1.60708 1.53448 1.5089 1.52037 1.44973 1.47751 1.39929 1.38909 1.42049 1.38034 1.31473 1.36594 1.33158 1.27698 1.2017 1.24262 1.19039 1.19018 1.1689 1.16127 1.18258 1.13666 1.12378 1.09925 1.09123 1.08213 1.08606 1.07323 1.0509 1.04443 1.03006 1.01707 1.01637 1.01457 1.01049 1.00468 1.00265 0.999494 0.99552 0.99276 0.99749 0.993319 0.988866 1.00176 0.991744 0.997369 1.01272 1.02507 1.01104 1.02003 1.04755 1.02876 1.04307 1.01414 1.06886 1.06141 1.05319 1.13674 1.03362 1.13843 1.12855 1.12315 1.24134 1.20597 1.19418 1.23 1.21626 1.21128 1.27732 1.30699 1.23944 1.28276 1.34255 1.38942 1.3451 1.33419 1.35802 1.50437 1.47119 1.37038 1.5339 1.4442 1.41742 1.49572 1.72831 1.72506 1.64579 
1.95321 1.90284 1.88182 1.83399 1.81975 1.76596 1.71796 1.76853 1.68501 1.68985 1.63869 1.61528 1.59352 1.56652 1.53379 1.52417 1.51975 1.46128 1.44662 1.44787 1.40307 1.35097 1.33412 1.28812 1.3683 1.28266 1.2588 1.28034 1.24969 1.23252 1.20638 1.18956 1.17054 1.12737 1.11838 1.12747 1.11721 1.08716 1.09583 1.07877 1.07877 1.04917 1.04826 1.03724 1.02688 1.03206 1.01668 1.01021 1.00825 1.00133 0.998727 0.993973 0.994113 0.998595 0.9969 0.995526 0.993118 0.99472 0.981011 0.994314 1.00873 1.01502 1.01009 0.996511 1.01102 1.04933 1.04234 1.05738 1.10806 1.07401 1.0621 1.11082 1.0942 1.15749 1.19529 1.13651 1.1763 1.20689 1.23887 1.21567 1.20136 1.26219 1.2831 1.30461 1.3659 1.33507 1.31878 1.39502 1.37901 1.47832 1.46749 1.54475 1.49106 1.44964 1.5201 1.56041 1.56363 1.55396 1.50569 1.60041 
2.02366 1.9072 1.8822 1.77009 1.82419 1.7057 1.76167 1.6945 1.73168 1.58996 1.64918 1.56756 1.62415 1.57592 1.56837 1.53057 1.45948 1.50271 1.46086 1.41505 1.40738 1.41552 1.37476 1.32128 1.33657 1.27065 1.28395 1.27937 1.21191 1.22765 1.2532 1.18178 1.19174 1.13543 1.13792 1.12482 1.13929 1.10792 1.07857 1.05981 1.06508 1.05097 1.05471 1.03838 1.02159 1.02363 1.01504 1.00772 1.00385 1.00243 0.998448 0.995739 0.999819 0.995415 0.990698 0.991787 0.982184 0.996169 0.994766 1.00179 1.01624 1.0061 1.01842 1.00757 1.05733 1.01154 1.0375 1.06911 1.06204 1.09033 1.1287 1.06984 1.1093 1.14795 1.10444 1.17633 1.23682 1.16193 1.20255 1.19965 1.21128 1.3271 1.28507 1.2704 1.26002 1.41134 1.37824 1.40151 1.41441 1.38986 1.45306 1.42852 1.55282 1.41925 1.54177 1.58062 1.55532 1.59276 1.61971 1.56339 
1.893 1.89875 1.83429 1.80515 1.82601 1.79813 1.74358 1.77533 1.71831 1.67533 1.65972 1.52884 1.55028 1.55569 1.56082 1.48542 1.47074 1.42201 1.45041 1.43401 1.41269 1.36836 1.35147 1.30425 1.27605 1.26138 1.28106 1.29281 1.2433 1.21906 1.18254 1.2034 1.19324 1.12683 1.12269 1.11906 1.09822 1.10082 1.10279 1.09028 1.05425 1.05875 1.04746 1.04073 1.03036 1.01952 1.01862 1.0104 1.00597 1.00159 0.998175 0.99587 0.99491 0.98867 0.997937 0.990177 1.00701 0.992189 1.00915 1.0032 1.00689 1.02223 1.00816 1.02802 1.02822 1.06091 1.05913 1.03221 1.07363 1.04907 1.09171 1.10712 1.07845 1.09941 1.09688 1.16067 1.1962 1.14933 1.21241 1.20943 1.25678 1.27255 1.26809 1.35285 1.3687 1.3564 1.41437 1.40151 1.37781 1.47415 1.47268 1.41983 1.41651 1.55431 1.54687 1.52271 1.61981 1.54336 1.66917 1.69095 
1.95822 1.8542 1.87253 1.83472 1.86707 1.7832 1.83381 1.68534 1.76518 1.63787 1.68556 1.60352 1.68316 1.61554 1.59253 1.56071 1.47354 1.49614 1.48546 1.47344 1.46042 1.40666 1.35313 1.32178 1.36951 1.29851 1.28469 1.27234 1.23502 1.22518 1.18724 1.1955 1.16829 1.15333 1.11259 1.13605 1.10532 1.09882 1.09923 1.08442 1.0548 1.05734 1.03721 1.0418 1.02956 1.02408 1.00853 1.01345 1.00643 1.00272 0.998151 0.99759 0.995026 0.996147 0.991891 0.998095 0.998848 1.01282 1.00281 1.00624 1.01162 1.00469 1.03027 1.02176 1.05199 1.06054 1.03576 1.05623 1.05638 1.0655 1.10434 1.1148 1.1195 1.13939 1.17657 1.15197 1.17103 1.16421 1.21682 1.19472 1.23206 1.2185 1.33234 1.36292 1.24472 1.31722 1.2935 1.27105 1.36644 1.49193 1.49084 1.50168 1.40422 1.50532 1.60876 1.56276 1.55164 1.52952 1.62231 1.5459 
1.93498 1.95102 1.90422 1.93404 1.75963 1.83893 1.85424 1.70604 1.64255 1.6732 1.69472 1.62491 1.60508 1.49011 1.54271 1.52643 1.50072 1.41144 1.45039 1.42828 1.42592 1.3914 1.35092 1.31921 1.26896 1.32812 1.28025 1.26467 1.24671 1.22974 1.19207 1.15047 1.16893 1.18484 1.14918 1.10236 1.12735 1.08202 1.11 1.05074 1.0676 1.05428 1.0538 1.03132 1.02641 1.02425 1.01596 1.01022 1.0041 1.00167 0.998347 0.997339 0.993357 0.995717 0.991342 0.991914 0.988787 0.986455 0.998573 1.0158 1.00726 1.02054 1.01872 1.01704 1.06654 1.03017 1.05957 1.01913 1.05125 1.04273 1.08433 1.13157 1.08889 1.14839 1.1309 1.16501 1.21357 1.20203 1.19218 1.19329 1.22412 1.24457 1.22415 1.34868 1.33546 1.28683 1.44532 1.32244 1.41039 1.41086 1.41563 1.45492 1.42807 1.53228 1.39686 1.58054 1.48549 1.55067 1.5448 1.65429 
2.00067 1.99462 1.89448 1.83936 1.84504 1.83554 1.79365 1.68603 1.69582 1.68219 1.65253 1.59269 1.59567 1.47715 1.56494 1.50817 1.45674 1.43956 1.44106 1.43602 1.42087 1.38123 1.33979 1.34501 1.33618 1.28448 1.28452 1.23153 1.21737 1.25617 1.17145 1.21491 1.17831 1.1742 1.14204 1.12104 1.09583 1.09475 1.08383 1.0923 1.05764 1.04805 1.04464 1.04606 1.01654 1.01645 1.01638 1.01035 1.00466 1.00175 0.999073 0.994937 0.990743 0.996974 0.993054 0.992624 0.993285 1.00554 0.978452 1.01198 1.02617 1.02624 1.02516 1.02265 1.02972 1.07151 1.02769 1.06206 1.05888 1.08442 1.1005 1.08747 1.08297 1.14691 1.08156 1.14218 1.18862 1.17963 1.19572 1.23151 1.25379 1.25542 1.30853 1.26463 1.31859 1.38721 1.28448 1.35369 1.38123 1.3438 1.37849 1.37206 1.47275 1.55017 1.50634 1.52813 1.49045 1.5836 1.55641 1.66693 
1.90259 1.84964 1.899 1.92007 1.88233 1.80784 1.75301 1.73762 1.76264 1.70466 1.61451 1.63843 1.58715 1.51838 1.55622 1.48235 1.50304 1.51726 1.46466 1.43024 1.38641 1.3558 1.39396 1.32896 1.30086 1.32009 1.32304 1.27117 1.23375 1.22927 1.22483 1.19798 1.16325 1.16679 1.15386 1.11527 1.11721 1.08159 1.09076 1.07478 1.07037 1.03817 1.0553 1.05375 1.03651 1.02988 1.0162 1.00836 1.00162 1.0023 0.999025 0.994895 0.992055 0.993234 1.0005 0.996835 0.993729 1.00432 1.00578 1.01947 1.00916 0.999529 1.03086 1.00868 1.02572 1.03441 1.04608 1.07798 1.05335 1.08499 1.0696 1.05316 1.12634 1.10534 1.11548 1.1732 1.14421 1.2003 1.27064 1.17421 1.23029 1.26528 1.33196 1.31119 1.31843 1.31448 1.3196 1.29722 1.41276 1.39111 1.36684 1.40896 1.50451 1.43252 1.51594 1.48787 1.53779 1.56725 1.65505 1.52858 
1.97374 1.88947 1.88627 1.83972 1.75747 1.83814 1.81932 1.77496 1.75342 1.69619 1.67376 1.61383 1.57959 1.6542 1.54736 1.52767 1.48083 1.42814 1.48335 1.46256 1.41069 1.41121 1.3808 1.38095 1.29126 1.26946 1.32202 1.27047 1.28118 1.2657 1.22407 1.1821 1.17305 1.15954 1.1391 1.07698 1.1165 1.10547 1.10272 1.07489 1.05979 1.05907 1.06331 1.03002 1.02725 1.01755 1.00981 1.01119 1.0068 1.00145 0.997647 0.997679 0.997163 1.00034 0.990802 0.993228 0.999614 0.978402 1.00178 0.992182 1.00548 1.00707 1.03919 1.04014 0.990827 1.07511 1.06548 1.08821 1.07359 1.08695 1.07954 1.11828 1.10382 1.17617 1.13072 1.10558 1.13948 1.20807 1.23581 1.26206 1.24465 1.23008 1.19233 1.25211 1.34374 1.31281 1.40036 1.28067 1.31477 1.35403 1.52472 1.46551 1.54592 1.53605 1.54326 1.50747 1.52102 1.58463 1.62111 1.70187 
1.98846 1.88755 1.91765 1.77292 1.85993 1.78708 1.76414 1.78661 1.69036 1.64982 1.66599 1.61546 1.5822 1.47857 1.57445 1.51278 1.58406 1.51078 1.48083 1.45371 1.41946 1.37623 1.3975 1.32263 1.35275 1.30223 1.28663 1.21809 1.20952 1.28168 1.22804 1.18443 1.16485 1.16494 1.14546 1.14274 1.11755 1.0943 1.07463 1.0727 1.05763 1.06458 1.0415 1.03805 1.03614 1.02403 1.01504 1.01307 1.00521 1.00231 0.99898 0.994639 0.989919 0.99595 0.989415 0.993126 0.990219 0.999113 1.01079 1.00519 1.00883 1.02402 1.02731 1.02597 1.04244 1.04448 1.05976 1.05603 1.08883 1.09327 1.09863 1.08712 1.1053 1.1279 1.13905 1.13124 1.16126 1.19647 1.25556 1.22677 1.2157 1.25974 1.21696 1.30756 1.27501 1.29718 1.41641 1.31799 1.41206 1.37072 1.35078 1.46367 1.37901 1.4275 1.52714 1.43494 1.50404 1.54959 1.51563 1.69923 
2.0091 1.93091 1.88137 1.89748 1.71767 1.8341 1.72567 1.78467 1.74608 1.71678 1.66976 1.5312 1.61618 1.59023 1.60782 1.56932 1.55393 1.45343 1.48563 1.46815 1.4287 1.38577 1.36816 1.39548 1.35914 1.30581 1.30847 1.30848 1.20261 1.21221 1.19297 1.19068 1.18903 1.16335 1.11585 1.14524 1.12276 1.09927 1.09321 1.06403 1.07594 1.0479 1.05557 1.02908 1.02467 1.02611 1.01634 1.01834 1.00954 1.00194 0.997794 0.995721 0.997136 0.993679 0.990047 0.995264 0.995815 0.997441 1.00146 1.0163 1.00767 1.0048 1.04526 0.988496 1.01795 1.02282 1.04105 1.04585 1.06355 1.09279 1.08394 1.16095 1.07576 1.12854 1.12867 1.16653 1.13927 1.18609 1.1749 1.24095 1.30017 1.20428 1.3084 1.309 1.28019 1.23751 1.36161 1.36903 1.42469 1.41284 1.4597 1.44614 1.50245 1.4956 1.57853 1.4759 1.53911 1.53555 1.51171 1.55682 
1.93549 1.97047 1.96456 1.86766 1.83398 1.79325 1.75577 1.73801 1.72555 1.71699 1.68829 1.56656 1.64044 1.50966 1.53865 1.50731 1.46919 1.44536 1.46921 1.41644 1.34961 1.42697 1.37685 1.33506 1.31231 1.24787 1.29101 1.27331 1.26378 1.19744 1.19267 1.18922 1.1809 1.14769 1.15442 1.11974 1.13397 1.09904 1.08331 1.09495 1.08909 1.05957 1.04958 1.04634 1.03034 1.01916 1.01935 1.01051 1.00449 1.00247 0.998092 0.996816 0.995782 0.990417 0.994012 1.00157 1.00274 1.00526 1.00707 0.991333 1.0171 1.00656 1.02333 1.05115 1.0419 1.05272 1.04719 1.0835 1.02942 1.05928 1.06871 1.09165 1.11853 1.15572 1.14808 1.12407 1.17882 1.19299 1.21786 1.18259 1.24268 1.25906 1.2984 1.2995 1.37221 1.32799 1.25087 1.32592 1.33139 1.34681 1.41914 1.45801 1.55181 1.46649 1.33474 1.5991 1.60619 1.64425 1.57299 1.5704 
1.91095 1.96239 1.86035 1.87019 1.83615 1.87422 1.81117 1.77353 1.74032 1.73511 1.69095 1.68615 1.62177 1.60135 1.55513 1.50777 1.514 1.45321 1.44077 1.48817 1.3786 1.37493 1.27733 1.36467 1.35866 1.33024 1.25276 1.29397 1.23093 1.23538 1.21767 1.18211 1.20374 1.14851 1.12301 1.12792 1.11884 1.09013 1.08876 1.09351 1.07834 1.05807 1.05016 1.05315 1.03032 1.02755 1.02028 1.00953 1.00665 1.00177 0.998311 0.993872 0.99636 0.990139 0.997071 0.997212 0.994244 1.00152 0.99966 0.998446 1.00749 1.02182 1.0177 1.04521 1.03384 1.03725 1.03009 1.01913 1.04575 1.03949 1.09538 1.06259 1.13494 1.11594 1.12897 1.11376 1.18936 1.14857 1.15933 1.18593 1.23209 1.23358 1.28301 1.29711 1.32576 1.33347 1.36192 1.31859 1.39973 1.35223 1.2951 1.41305 1.52368 1.45694 1.44877 1.53516 1.56383 1.55773 1.63398 1.62056 
1.99005 1.94362 1.8312 1.92873 1.80072 1.76871 1.82512 1.75581 1.75888 1.73712 1.65207 1.60689 1.59875 1.60495 1.56064 1.55422 1.52332 1.49027 1.4628 1.39785 1.39958 1.40307 1.30791 1.36133 1.34376 1.28109 1.27401 1.26538 1.25754 1.22299 1.21186 1.19302 1.19402 1.16142 1.16092 1.13139 1.13152 1.12808 1.08869 1.08493 1.07504 1.04275 1.04948 1.03895 1.02798 1.02065 1.0168 1.00843 1.00335 1.00177 0.998584 0.994806 0.994799 0.993345 0.985713 0.988088 0.984814 0.997084 0.990409 0.995556 0.998408 1.01106 1.01971 1.00731 1.05998 1.06856 1.05069 1.0552 1.06151 1.0563 1.0777 1.13266 1.10158 1.116 1.12373 1.13358 1.17548 1.20054 1.21798 1.18007 1.24737 1.20329 1.25842 1.27385 1.32952 1.31016 1.30254 1.31511 1.35415 1.35582 1.42518 1.34063 1.37801 1.41856 1.52556 1.56682 1.5329 1.56757 1.54976 1.57118 
1.96566 1.97111 1.86794 1.87216 1.90508 1.8351 1.76096 1.75677 1.71813 1.65616 1.62384 1.6198 1.61334 1.55762 1.59573 1.48613 1.52785 1.47493 1.47601 1.46485 1.42193 1.44276 1.38016 1.3394 1.32895 1.26765 1.3 1.2555 1.25124 1.21409 1.21537 1.19088 1.16342 1.16105 1.14588 1.11266 1.11436 1.10513 1.07068 1.07653 1.08284 1.06303 1.05023 1.03548 1.02406 1.03054 1.02035 1.01567 1.00844 1.00235 0.998535 0.997304 0.991237 0.992229 0.994156 0.984979 0.991242 1.01049 1.00545 0.988415 1.00672 1.02343 1.01374 0.998471 1.02986 1.04493 1.06923 1.05226 1.09761 1.11517 1.06585 1.10696 1.1116 1.12037 1.11229 1.1724 1.15999 1.18173 1.23669 1.22312 1.24225 1.32255 1.26025 1.24455 1.3595 1.31844 1.39448 1.32943 1.34445 1.44493 1.42282 1.38713 1.46421 1.43069 1.43334 1.53769 1.52367 1.53191 1.67225 1.67473 
2.01599 1.93987 1.90266 1.84632 1.83915 1.84447 1.85877 1.80713 1.65658 1.70355 1.68695 1.6547 1.67434 1.53051 1.53444 1.53302 1.4957 1.55934 1.48228 1.43801 1.47848 1.33987 1.38077 1.30428 1.36904 1.29606 1.30002 1.27358 1.25754 1.23888 1.18573 1.18417 1.17437 1.17767 1.1368 1.15321 1.11564 1.08656 1.08762 1.09387 1.07372 1.05874 1.04652 1.05124 1.03865 1.02375 1.01372 1.01083 1.00705 1.00139 0.997362 0.997226 0.992502 0.996233 0.986978 0.982617 0.983358 0.995364 1.01465 0.997721 1.01876 1.01374 1.00793 1.01769 1.0562 1.01952 1.05907 1.02246 1.02875 1.06158 1.10117 1.11166 1.08335 1.06894 1.19353 1.11194 1.22904 1.15774 1.19582 1.22617 1.195 1.25783 1.2327 1.21566 1.28355 1.4033 1.27363 1.37578 1.38739 1.40263 1.38929 1.47729 1.29479 1.52572 1.47293 1.50883 1.51734 1.54253 1.60104 1.65685 
1.97316 1.95965 1.94553 1.88065 1.90781 1.78024 1.79168 1.77265 1.74985 1.68424 1.69689 1.64004 1.62275 1.63473 1.5706 1.53758 1.51878 1.4387 1.45229 1.4345 1.44025 1.3933 1.35184 1.32475 1.33496 1.2946 1.32773 1.27402 1.2706 1.21898 1.25113 1.20257 1.18512 1.17424 1.16465 1.12864 1.11329 1.11236 1.09557 1.07877 1.07071 1.06032 1.04627 1.03729 1.0194 1.02508 1.01465 1.01271 1.00522 1.00318 0.998598 0.995222 0.992531 0.990316 0.999651 1.0002 0.997722 0.998106 1.00277 0.996879 1.01983 1.00581 1.0063 1.01163 1.01792 1.05101 1.02292 1.04327 1.08073 1.02409 1.06295 1.07477 1.09501 1.07919 1.13429 1.17148 1.14757 1.19705 1.19665 1.21477 1.17085 1.28645 1.22772 1.27403 1.25833 1.34812 1.31604 1.39705 1.41222 1.29779 1.47144 1.44257 1.32408 1.46237 1.48775 1.57349 1.47144 1.60399 1.61986 1.62013 
1.9976 1.95925 1.88112 1.85654 1.88373 1.7155 1.79807 1.74339 1.7056 1.7262 1.66286 1.69387 1.72615 1.61389 1.57477 1.52926 1.43713 1.50876 1.44608 1.48217 1.4136 1.36568 1.41145 1.37952 1.34308 1.29353 1.27652 1.25255 1.2915 1.23212 1.25189 1.1711 1.18388 1.17998 1.16152 1.13802 1.1061 1.09745 1.09267 1.07076 1.06988 1.04488 1.04521 1.03864 1.02832 1.02766 1.02706 1.00747 1.00768 1.00237 0.99702 0.993698 0.991966 0.991296 0.985336 0.999996 0.989601 0.984984 1.00823 1.01835 1.00806 1.00749 1.01126 1.02664 1.05151 1.02107 1.03295 1.02833 1.06872 1.03855 1.1156 1.0984 1.04303 1.15629 1.14574 1.09455 1.20546 1.1549 1.19755 1.24675 1.23636 1.24193 1.25011 1.32718 1.21872 1.28456 1.31744 1.33563 1.40478 1.37497 1.40869 1.51296 1.39516 1.4912 1.5706 1.48618 1.60793 1.5617 1.5355 1.60506 
2.02838 1.91929 1.86133 1.93261 1.80531 1.89824 1.79687 1.74964 1.68698 1.69923 1.6552 1.68548 1.62111 1.60581 1.56837 1.50253 1.5674 1.4739 1.46228 1.45199 1.45214 1.39185 1.36051 1.30805 1.33831 1.29307 1.30223 1.27439 1.26676 1.23496 1.19727 1.17465 1.14604 1.15878 1.14915 1.12936 1.10503 1.10032 1.1108 1.09096 1.07704 1.04821 1.04545 1.0473 1.03122 1.02746 1.0209 1.01195 1.00973 1.00232 0.99848 0.994841 0.995404 0.986995 0.980628 0.996663 0.998713 1.00071 0.98721 0.995707 0.993892 1.02659 1.00648 1.03795 1.00977 1.03715 1.04291 1.05429 1.04756 1.07399 1.07454 1.05393 1.1654 1.15071 1.09707 1.14773 1.19474 1.20283 1.27059 1.20507 1.17818 1.18684 1.32402 1.29051 1.28548 1.27636 1.29815 1.36086 1.41128 1.41874 1.43327 1.4302 1.48286 1.47055 1.48404 1.52305 1.49072 1.4708 1.65644 1.66851 
1.92345 1.89202 1.8823 1.94082 1.88191 1.84607 1.80269 1.71279 1.65554 1.74632 1.69423 1.67418 1.54548 1.52668 1.64027 1.60125 1.54567 1.46705 1.48225 1.39159 1.39062 1.41017 1.34276 1.36758 1.3279 1.35949 1.31922 1.24899 1.24398 1.25765 1.23558 1.1814 1.14912 1.18892 1.13768 1.13301 1.10817 1.09197 1.07849 1.07885 1.06105 1.0614 1.04634 1.04652 1.04118 1.02978 1.01729 1.01249 1.00831 1.00193 0.998721 0.993068 0.992383 0.992628 0.989293 0.984503 0.987375 0.973295 1.00568 1.00558 1.02413 0.98991 1.00959 1.03288 1.01893 1.02154 1.03914 1.03209 1.02614 1.09001 1.04356 1.07059 1.09982 1.12425 1.16609 1.21678 1.11925 1.17109 1.21515 1.19351 1.22854 1.23817 1.33097 1.22809 1.29368 1.24973 1.29913 1.29237 1.41678 1.35619 1.37027 1.42328 1.4049 1.43568 1.45973 1.59424 1.59952 1.59585 1.6067 1.67529 
1.98838 2.01836 1.82374 1.88956 1.88689 1.87128 1.76765 1.74099 1.71455 1.64977 1.71998 1.69968 1.58789 1.56167 1.56609 1.50742 1.51965 1.53801 1.45682 1.42752 1.42543 1.41776 1.42545 1.3754 1.29496 1.32937 1.31086 1.27687 1.26812 1.22005 1.19684 1.14337 1.18292 1.14616 1.13549 1.15099 1.10995 1.1052 1.06954 1.07555 1.07295 1.06349 1.04137 1.04335 1.03107 1.02402 1.02065 1.01246 1.00749 1.00137 0.997544 0.995977 0.994699 0.995607 0.990659 0.982991 0.998575 0.986379 0.99516 1.01092 1.02117 1.00367 1.02424 1.02374 1.00573 1.05914 1.03061 1.06015 1.0421 1.0629 1.12152 1.09258 1.0606 1.10562 1.12905 1.10477 1.13453 1.19209 1.18143 1.1551 1.14529 1.25047 1.23833 1.34293 1.29485 1.27419 1.26394 1.36964 1.35803 1.40934 1.37712 1.42048 1.55133 1.46203 1.45205 1.51684 1.58644 1.54376 1.59208 1.59998 
2.02759 1.8878 1.96499 1.85479 1.87709 1.79007 1.74171 1.80412 1.79284 1.71156 1.68234 1.62995 1.6191 1.66548 1.5804 1.56604 1.4745 1.46292 1.48621 1.4411 1.35676 1.34819 1.3876 1.30683 1.3378 1.287 1.28482 1.30573 1.21737 1.25234 1.21249 1.17263 1.19547 1.17044 1.14928 1.11526 1.12117 1.10962 1.1008 1.08479 1.07724 1.04248 1.05892 1.03349 1.03868 1.02588 1.02004 1.01017 1.00611 1.00168 0.997042 0.996155 0.995454 0.992129 0.996144 0.996547 0.997218 0.994114 0.978632 0.979909 0.999696 0.992414 0.99411 1.00907 1.0147 1.01356 1.04459 1.0613 1.0552 1.06952 1.0976 1.07313 1.13342 1.11418 1.10337 1.1533 1.14895 1.18654 1.17846 1.15943 1.18999 1.22904 1.30164 1.31184 1.29899 1.30805 1.29971 1.36358 1.35112 1.33325 1.45739 1.41903 1.44152 1.52158 1.37414 1.41716 1.53631 1.49557 1.56929 1.59777 
1.94978 1.95657 1.85777 1.84939 1.86399 1.73578 1.76441 1.81059 1.7025 1.70706 1.63893 1.5506 1.61647 1.57427 1.5623 1.51809 1.52558 1.47653 1.45736 1.44059 1.43372 1.3778 1.40454 1.37003 1.36276 1.30784 1.29008 1.26966 1.23179 1.25111 1.20811 1.2016 1.2135 1.17446 1.15388 1.14681 1.1002 1.11341 1.09505 1.07394 1.0747 1.06432 1.05181 1.04044 1.03947 1.02565 1.01672 1.00939 1.00502 1.00182 0.997437 0.993533 0.994382 0.994789 0.991068 0.993626 1.002 1.00321 1.01075 1.00629 1.008 1.01545 1.01096 1.02903 1.05388 1.02868 1.07776 1.07819 1.04583 1.08111 1.11386 1.12582 1.08382 1.13773 1.11103 1.10921 1.1701 1.22112 1.19401 1.18715 1.23561 1.19706 1.26254 1.32044 1.26447 1.27675 1.28789 1.38624 1.3126 1.34154 1.40171 1.38102 1.42657 1.43164 1.51357 1.5432 1.53588 1.47477 1.47611 1.54203 
1.9936 1.95176 1.94565 1.85608 1.86285 1.88426 1.7961 1.76782 1.74223 1.71348 1.66552 1.6692 1.58675 1.60315 1.56111 1.58843 1.54157 1.53148 1.40985 1.40329 1.44571 1.45426 1.37504 1.38752 1.33998 1.33476 1.29776 1.25255 1.27171 1.22004 1.21065 1.22616 1.21846 1.20364 1.13663 1.14393 1.13774 1.09087 1.11158 1.0944 1.07845 1.07203 1.05448 1.05076 1.02335 1.02736 1.01742 1.01642 1.00627 1.00129 0.998379 0.995906 0.993365 0.990276 0.995286 0.984119 0.989219 1.00341 1.00585 1.01498 0.997125 1.00621 1.02615 1.0389 1.05326 1.04578 1.02344 1.01925 1.00741 1.05572 1.07496 1.09283 1.1451 1.11565 1.13189 1.11498 1.13326 1.19443 1.21672 1.1551 1.20592 1.22445 1.21176 1.23099 1.24874 1.26951 1.31238 1.29567 1.33677 1.37672 1.37622 1.48318 1.47765 1.45678 1.52431 1.555 1.59152 1.54924 1.46792 1.63336 
1.97245 1.96848 1.83436 1.93439 1.87914 1.84552 1.86959 1.70614 1.73373 1.70852 1.67201 1.63194 1.59763 1.57607 1.6341 1.53626 1.4972 1.50087 1.48671 1.4363 1.43001 1.41994 1.38879 1.38078 1.32504 1.28252 1.31309 1.27759 1.28117 1.19844 1.24638 1.20625 1.2073 1.13475 1.14304 1.13768 1.10382 1.11707 1.10443 1.07209 1.07113 1.05859 1.05829 1.03098 1.036 1.02254 1.01715 1.01119 1.00689 1.00222 0.998909 0.995733 0.997651 0.989605 0.995307 0.991898 0.98991 0.982464 0.992116 1.0092 0.997237 1.00369 0.991236 1.01625 1.04598 1.02866 1.06454 1.02417 1.06993 1.02336 1.08429 1.06236 1.1094 1.12808 1.14302 1.12973 1.12757 1.17011 1.21638 1.27035 1.20623 1.25892 1.25664 1.24186 1.22992 1.33983 1.34196 1.35209 1.29787 1.2831 1.40226 1.40186 1.45295 1.47777 1.46139 1.46335 1.46151 1.57491 1.5171 1.54216 
1.87379 1.9223 1.9172 1.91539 1.8243 1.81933 1.7657 1.79893 1.75209 1.71331 1.62899 1.65838 1.59921 1.59952 1.58426 1.54258 1.55074 1.43566 1.42648 1.48619 1.40058 1.3946 1.35908 1.36923 1.34625 1.31712 1.28997 1.27999 1.26343 1.22159 1.24192 1.20842 1.16408 1.15745 1.15679 1.14021 1.1255 1.10445 1.08238 1.05807 1.07932 1.05104 1.0473 1.05587 1.0353 1.02989 1.01716 1.01158 1.00461 1.00186 0.998515 0.993068 0.993416 0.989433 0.985939 1.00236 0.988077 0.993476 0.981381 1.00018 1.00688 1.00555 1.01857 1.01747 1.01221 1.02754 1.02762 1.07148 1.06149 1.07263 1.07102 1.09215 1.10992 1.06701 1.09019 1.18705 1.15674 1.15372 1.21037 1.18353 1.22424 1.2343 1.27728 1.2579 1.27924 1.33258 1.31305 1.39824 1.31735 1.41836 1.40128 1.3855 1.42269 1.5184 1.4411 1.4509 1.56336 1.58483 1.57712 1.59126 
2.05015 1.9501 1.83843 1.86798 1.86953 1.82052 1.80346 1.75571 1.76114 1.74384 1.68665 1.70701 1.63248 1.57777 1.6155 1.52143 1.53582 1.5067 1.46803 1.44335 1.39246 1.39681 1.38186 1.36972 1.30789 1.29922 1.31746 1.30171 1.29346 1.23221 1.2385 1.17896 1.19305 1.17335 1.15856 1.12847 1.13965 1.10334 1.07465 1.07695 1.05348 1.04732 1.05646 1.0486 1.03206 1.04001 1.01489 1.00949 1.00598 1.00218 0.998094 0.995359 0.993457 0.993275 0.987631 0.99236 0.986967 0.99842 1.0033 1.00784 1.00242 1.02371 1.00578 1.02592 1.03604 1.03034 1.05544 1.0311 1.05885 1.07569 1.04858 1.0582 1.12946 1.06163 1.15853 1.17128 1.15442 1.21922 1.15745 1.1955 1.25399 1.18594 1.28474 1.25344 1.26778 1.26299 1.3384 1.33087 1.36001 1.36833 1.40325 1.42777 1.36543 1.49629 1.4686 1.51667 1.37444 1.55813 1.63664 1.5889 
1.92026 1.91476 1.88514 1.89062 1.90473 1.89072 1.82445 1.77995 1.73317 1.75754 1.63563 1.70035 1.66355 1.58894 1.58749 1.5432 1.49801 1.48455 1.46512 1.45972 1.43251 1.4585 1.39705 1.3859 1.29366 1.3533 1.28374 1.27589 1.21951 1.2445 1.27087 1.19333 1.18997 1.18018 1.13196 1.15142 1.1175 1.11917 1.08917 1.08651 1.08131 1.04533 1.05425 1.03657 1.03167 1.02667 1.0209 1.01626 1.00465 1.00175 0.99916 0.995181 0.994344 0.989655 0.986008 0.997223 0.985734 0.99049 1.00523 0.973712 1.00576 1.00494 1.02786 1.02211 1.04561 1.02087 1.03944 1.03788 1.05965 1.09991 1.05154 1.07913 1.08711 1.12874 1.13876 1.13227 1.14326 1.18312 1.14811 1.19578 1.22076 1.19198 1.28221 1.24747 1.27563 1.18377 1.34336 1.32603 1.29925 1.41762 1.42162 1.42623 1.49998 1.47806 1.50784 1.46165 1.53569 1.55095 1.64273 1.61705 
1.98026 1.93897 1.86932 1.86426 1.83623 1.78507 1.8407 1.78151 1.76415 1.7411 1.68398 1.65256 1.65646 1.52749 1.56944 1.50448 1.5379 1.49215 1.47148 1.44644 1.4282 1.40188 1.39562 1.34222 1.32256 1.35938 1.26817 1.32177 1.23477 1.222 1.21838 1.19857 1.19042 1.1545 1.1524 1.12562 1.13831 1.09457 1.09757 1.09965 1.0695 1.05333 1.05515 1.03942 1.02689 1.02831 1.01948 1.01547 1.00815 1.00176 0.998349 0.994293 0.992781 0.989802 0.989802 0.9955 0.999221 0.974567 0.986411 0.993454 0.995474 0.993708 1.01302 1.03279 1.03371 1.0052 1.04313 1.04084 1.04701 1.04654 1.06204 1.10499 1.07187 1.13281 1.115 1.13155 1.12116 1.14779 1.18683 1.18132 1.20704 1.23862 1.23608 1.3205 1.21797 1.24933 1.27513 1.31085 1.32467 1.30788 1.3964 1.32078 1.45204 1.43594 1.4732 1.41761 1.38279 1.51315 1.56578 1.58432 
1.95358 1.92077 1.9521 1.88512 1.89133 1.81821 1.76344 1.71915 1.74843 1.77475 1.71864 1.72014 1.68424 1.60759 1.63425 1.52484 1.50985 1.50825 1.4946 1.44269 1.43375 1.3746 1.43786 1.38673 1.32426 1.35485 1.3049 1.29655 1.24886 1.23808 1.22701 1.17715 1.2022 1.17052 1.14703 1.14962 1.08995 1.10801 1.07408 1.07275 1.06419 1.05776 1.05685 1.03642 1.03934 1.02902 1.02292 1.01364 1.00686 1.00167 0.99828 0.998892 0.993518 0.992154 0.993555 0.989206 1.00261 0.982351 0.988704 0.962954 0.998031 1.02323 0.984226 1.00502 1.02196 1.04705 1.02088 1.01906 1.0408 1.07449 1.03845 1.08404 1.02883 1.10106 1.14767 1.14297 1.14905 1.13683 1.17029 1.15946 1.21446 1.23208 1.21556 1.22411 1.22623 1.29985 1.31869 1.36781 1.36563 1.34334 1.41747 1.39829 1.43642 1.42543 1.40479 1.51259 1.61263 1.45677 1.6463 1.60297 
1.98282 2.04292 1.98475 1.8567 1.89376 1.88646 1.87974 1.82426 1.72537 1.67367 1.73908 1.64224 1.71332 1.58135 1.62302 1.60377 1.614 1.47113 1.52845 1.45402 1.40152 1.46447 1.3954 1.39623 1.30851 1.33401 1.30714 1.28792 1.23384 1.26561 1.18522 1.21556 1.19968 1.1659 1.15434 1.15162 1.12838 1.11164 1.09284 1.08533 1.09643 1.08181 1.04257 1.03147 1.04069 1.02049 1.0169 1.01283 1.00553 1.00186 0.998252 0.996643 0.991947 0.988726 0.986541 0.984177 0.996445 0.980159 0.988782 0.995626 0.989601 1.02712 1.0156 1.00808 1.00044 1.01859 1.04191 1.04477 1.02434 1.06144 1.07433 1.0859 1.11157 1.134 1.11762 1.10093 1.17852 1.15764 1.18308 1.18986 1.1787 1.22009 1.19483 1.2356 1.24646 1.33797 1.29011 1.28545 1.34382 1.35043 1.34483 1.35505 1.36767 1.40842 1.38506 1.44828 1.48475 1.58661 1.53647 1.57354 
1.96995 1.9141 1.92946 1.90291 1.77319 1.77077 1.78167 1.78613 1.77422 1.76546 1.8011 1.70272 1.64165 1.55356 1.58432 1.52005 1.54292 1.4548 1.50089 1.47814 1.42193 1.43463 1.38933 1.35844 1.32416 1.31653 1.32636 1.26013 1.24023 1.23929 1.21396 1.19589 1.19912 1.15753 1.18124 1.15029 1.14803 1.09536 1.11153 1.07927 1.06951 1.05831 1.04756 1.04093 1.03512 1.02711 1.0218 1.01568 1.00805 1.00359 0.998226 0.998589 0.990077 0.984062 0.997011 0.98644 0.986824 0.99439 1.00649 0.997273 1.00722 1.00785 1.00333 0.989461 1.0265 1.00614 1.02296 1.01457 1.03045 1.06773 1.10546 1.09638 1.09623 1.12845 1.12161 1.1446 1.14441 1.15687 1.17903 1.22318 1.21734 1.21868 1.1967 1.2756 1.31681 1.28472 1.36764 1.32964 1.32203 1.32056 1.4119 1.45282 1.35936 1.43077 1.46616 1.53479 1.49038 1.56526 1.60348 1.52716 
1.91576 2.0063 1.90234 1.95993 1.81333 1.82514 1.90474 1.77034 1.66552 1.73134 1.70308 1.66891 1.65827 1.62235 1.63736 1.58629 1.56557 1.50426 1.46712 1.41277 1.4499 1.37445 1.37259 1.34145 1.28533 1.31632 1.31078 1.27652 1.26889 1.25234 1.24945 1.19482 1.21023 1.14747 1.14938 1.14186 1.10987 1.10744 1.10475 1.08245 1.07272 1.06189 1.06455 1.04224 1.03263 1.02652 1.02161 1.01334 1.00428 1.00245 0.998068 0.993955 0.992264 0.987899 0.993023 0.98409 0.984929 0.988868 1.00506 0.99008 1.0007 0.994686 1.02378 0.996955 1.01046 1.04995 1.06748 1.03866 1.08909 1.03092 1.07566 1.11542 1.09974 1.05188 1.11405 1.15815 1.16916 1.17307 1.16593 1.17362 1.23022 1.13057 1.24411 1.23261 1.25402 1.291 1.36831 1.37315 1.34113 1.4058 1.43092 1.40101 1.45002 1.47089 1.45583 1.55329 1.42209 1.51302 1.5299 1.60341 
2.00022 1.95229 1.87246 1.86284 1.78884 1.85524 1.79109 1.81143 1.73912 1.71036 1.71131 1.69846 1.63556 1.62412 1.55403 1.58684 1.51878 1.50155 1.46361 1.44103 1.42817 1.40627 1.36088 1.36624 1.35871 1.27646 1.33407 1.27465 1.27615 1.25144 1.2303 1.2095 1.1868 1.17453 1.1467 1.15514 1.13535 1.11982 1.10988 1.09865 1.07013 1.06232 1.06959 1.04669 1.03776 1.02801 1.0179 1.0126 1.00678 1.00162 0.998782 0.996858 0.992164 0.994445 0.99028 0.994062 0.98663 0.983334 1.00209 0.971004 0.993334 1.02115 0.982612 0.998833 1.00795 1.01189 1.06326 1.04228 1.04785 1.04073 1.06047 1.08485 1.09182 1.12781 1.13729 1.0986 1.15 1.16265 1.20552 1.15173 1.21137 1.23885 1.21341 1.25362 1.2235 1.25013 1.31942 1.33212 1.47466 1.31582 1.40728 1.3587 1.35819 1.41426 1.48844 1.58541 1.46074 1.52274 1.65042 1.57427 
2.00742 2.00848 1.91338 1.90678 1.87333 1.88144 1.77043 1.8459 1.83341 1.73793 1.72937 1.68554 1.68314 1.61357 1.5706 1.54223 1.50376 1.53749 1.47734 1.40219 1.45767 1.37771 1.40529 1.34352 1.3058 1.33739 1.3193 1.30029 1.26036 1.23016 1.20649 1.2309 1.18873 1.16489 1.16961 1.15082 1.10118 1.10091 1.10087 1.11676 1.05685 1.06262 1.05048 1.05443 1.03224 1.02845 1.02122 1.00954 1.00711 1.0029 0.998274 0.993247 0.995496 0.991977 0.986642 0.984679 0.994323 0.995819 0.98757 0.986246 0.984742 1.01145 1.00928 1.0134 1.00449 1.02231 1.0199 1.04445 1.06284 1.04894 1.0641 1.10178 1.08812 1.11023 1.15321 1.10941 1.12337 1.16344 1.12462 1.18051 1.19833 1.25406 1.23012 1.20742 1.27729 1.33622 1.32971 1.36146 1.3235 1.38707 1.38141 1.39197 1.48714 1.43939 1.47804 1.48823 1.55323 1.49735 1.5739 1.5551 
1.99947 1.91603 1.97566 1.88032 1.86148 1.84224 1.82208 1.80067 1.78777 1.72646 1.68899 1.70623 1.67786 1.65883 1.59585 1.55347 1.5561 1.4831 1.48863 1.46245 1.45948 1.36919 1.43096 1.36099 1.35634 1.30567 1.31382 1.27332 1.26114 1.22625 1.23766 1.24321 1.21822 1.20073 1.17472 1.12928 1.1028 1.10158 1.08329 1.06966 1.08329 1.05767 1.05234 1.03301 1.03991 1.0269 1.01996 1.01424 1.00587 1.00199 0.998236 0.994216 0.996698 0.993244 0.989925 0.986856 0.98621 0.994834 1.00335 0.993093 0.985012 0.985036 0.979267 1.02062 1.03714 1.02167 1.03196 1.0303 1.01963 1.0485 1.06505 1.09951 1.08945 1.07611 1.1566 1.14218 1.12475 1.15403 1.20221 1.19204 1.27386 1.20342 1.22008 1.26699 1.19999 1.24964 1.30047 1.35872 1.35625 1.32761 1.44818 1.40744 1.46017 1.40558 1.43689 1.46372 1.53446 1.61366 1.52724 1.67309 
2.02371 1.91808 1.91271 1.93644 1.8712 1.83342 1.72696 1.80931 1.76322 1.7098 1.67507 1.66432 1.59989 1.66024 1.60939 1.52811 1.53205 1.54762 1.45596 1.48101 1.42227 1.4165 1.39408 1.40741 1.35314 1.30839 1.3103 1.31615 1.25456 1.21246 1.23496 1.20367 1.1982 1.14754 1.16406 1.13367 1.13385 1.11927 1.0787 1.07642 1.06154 1.05978 1.04628 1.04331 1.02348 1.01883 1.02419 1.00887 1.00774 1.00299 0.998074 0.995477 0.988496 0.989913 0.984175 0.989189 0.9901 0.997008 0.987363 1.01977 1.01045 0.998982 1.02174 1.01134 1.01733 1.04209 1.02841 1.0678 1.09043 1.06113 1.08604 1.07976 1.1085 1.05669 1.12015 1.15845 1.1559 1.13511 1.11132 1.3169 1.24179 1.2378 1.24424 1.24186 1.3057 1.28522 1.31811 1.33411 1.35187 1.33196 1.35862 1.42935 1.49653 1.36168 1.51023 1.37909 1.46721 1.38763 1.57264 1.55347 
1.942 1.88511 1.96569 1.84973 1.84975 1.88657 1.80397 1.79047 1.77299 1.71909 1.80282 1.64934 1.603 1.60139 1.6085 1.48771 1.5307 1.51684 1.52297 1.5023 1.41291 1.39767 1.33293 1.33836 1.3531 1.30996 1.2937 1.29834 1.26514 1.25919 1.17023 1.19906 1.17315 1.16655 1.1423 1.15691 1.13009 1.13039 1.11379 1.08564 1.05487 1.06071 1.04282 1.04599 1.03554 1.02441 1.01598 1.01366 1.00895 1.00283 0.998019 0.996037 0.990463 0.99385 0.994319 0.983751 0.993209 0.988466 0.981237 0.998482 0.982851 1.02495 1.00531 1.02061 1.03001 1.04914 1.00181 1.02635 1.06943 1.08625 1.06496 1.09367 1.07095 1.08445 1.04289 1.10547 1.11999 1.19908 1.11197 1.19005 1.22832 1.11831 1.19421 1.2639 1.26199 1.24851 1.40465 1.32235 1.30345 1.32278 1.38954 1.32622 1.44231 1.53363 1.3647 1.47002 1.55598 1.3866 1.53801 1.52594 
2.01377 1.922 1.9555 1.87023 1.84819 1.92672 1.77221 1.73339 1.71569 1.7566 1.69596 1.65996 1.66432 1.66603 1.55033 1.5324 1.52221 1.51135 1.50824 1.42413 1.44572 1.40231 1.39833 1.35729 1.35032 1.35323 1.36154 1.28817 1.23579 1.2556 1.23851 1.25928 1.18503 1.13963 1.15389 1.14876 1.12485 1.11798 1.09933 1.06442 1.061 1.06162 1.05035 1.04925 1.0395 1.0176 1.02373 1.01065 1.00644 1.00239 0.997125 0.994187 0.991488 0.988014 0.99384 0.983852 0.972635 0.985358 1.00146 0.992542 0.983846 1.00744 1.00242 0.994427 1.05019 1.02486 1.03925 1.01905 1.06284 1.04744 1.03723 1.09749 1.07328 1.14683 1.10744 1.1631 1.11209 1.12418 1.16234 1.1974 1.26231 1.19707 1.26696 1.2473 1.29135 1.26365 1.23836 1.37291 1.246 1.39912 1.36205 1.40232 1.45276 1.44189 1.44289 1.49528 1.34872 1.47606 1.55655 1.63028 
2.04131 1.91457 1.97485 1.80134 1.87154 1.86971 1.79041 1.78488 1.77337 1.71614 1.77872 1.69457 1.63122 1.55916 1.60838 1.57706 1.58 1.53058 1.49159 1.45631 1.48111 1.4008 1.40185 1.37726 1.34462 1.33246 1.29889 1.30573 1.24901 1.24094 1.21393 1.17462 1.18136 1.17661 1.15087 1.16216 1.13257 1.11905 1.12337 1.08655 1.06651 1.07223 1.05914 1.05387 1.03361 1.02054 1.01961 1.01216 1.00618 1.00233 0.997977 0.993318 0.99129 0.990341 0.990292 0.992301 0.997663 0.990377 0.987175 1.00865 0.984017 1.01447 1.03564 1.00687 1.02187 1.02338 1.06535 1.02164 1.05881 1.03487 1.02547 1.09256 1.11586 1.08187 1.17551 1.11538 1.07727 1.15839 1.15533 1.18297 1.17124 1.24393 1.21801 1.25368 1.27204 1.34039 1.34769 1.31264 1.33974 1.32974 1.4606 1.28163 1.3971 1.48631 1.47637 1.44947 1.50873 1.4634 1.53164 1.55261 
1.95235 2.02129 1.90189 1.90659 1.84044 1.9565 1.74476 1.76139 1.7523 1.75985 1.71529 1.66064 1.63496 1.6119 1.57937 1.53462 1.54606 1.49858 1.45633 1.45866 1.46217 1.41148 1.376 1.41919 1.37408 1.28378 1.32199 1.32853 1.27708 1.25854 1.23893 1.20953 1.21373 1.13581 1.16922 1.15155 1.10325 1.11396 1.07851 1.08342 1.07018 1.06336 1.05654 1.03818 1.02727 1.02263 1.01789 1.01366 1.0059 1.00314 0.998266 0.994764 0.993128 0.987989 0.98661 0.993235 0.990691 0.98784 0.983035 0.999129 0.974436 1.01294 1.0009 1.01691 1.02509 1.03283 1.03194 1.06035 1.08971 1.05919 1.04888 1.06961 1.09389 1.08057 1.11491 1.12944 1.14093 1.1448 1.17663 1.09799 1.24943 1.1635 1.18722 1.26996 1.23778 1.26397 1.24597 1.31869 1.32192 1.38658 1.38239 1.39416 1.42942 1.41643 1.45125 1.54976 1.49767 1.57217 1.53997 1.471 
2.0529 2.00574 1.95615 1.84969 1.9252 1.91958 1.86066 1.80499 1.80896 1.73648 1.66857 1.65545 1.5808 1.61644 1.60023 1.55365 1.56074 1.54264 1.52739 1.52427 1.47792 1.36701 1.42462 1.34039 1.35542 1.32349 1.24684 1.28802 1.27119 1.26472 1.22017 1.20636 1.1863 1.16999 1.15214 1.15685 1.1374 1.10643 1.10988 1.08393 1.06582 1.05951 1.05938 1.04995 1.03409 1.02961 1.01658 1.01162 1.00697 1.0023 0.998505 0.995032 0.986399 0.985612 0.990087 0.985653 0.989739 0.979731 1.00724 0.980655 0.995905 1.00076 1.00504 1.02102 1.0015 1.02532 1.00207 1.03894 1.04487 1.06885 1.05849 1.07397 1.08341 1.07083 1.14419 1.05857 1.13462 1.13531 1.15759 1.19965 1.22841 1.21237 1.17486 1.2483 1.22638 1.24 1.37212 1.30386 1.32473 1.34915 1.29151 1.41173 1.34628 1.34868 1.46172 1.52848 1.52627 1.60632 1.62727 1.60327 
2.01765 2.00454 1.90234 1.84598 1.815 1.84718 1.81825 1.84204 1.75077 1.6535 1.71872 1.70035 1.61855 1.69178 1.59917 1.57025 1.55615 1.53251 1.46791 1.48974 1.43597 1.38579 1.36387 1.37994 1.34757 1.34826 1.31737 1.29886 1.25345 1.26961 1.22281 1.22821 1.17694 1.18066 1.14451 1.15031 1.13583 1.10951 1.1005 1.08419 1.0709 1.07155 1.05185 1.05453 1.03488 1.0185 1.01714 1.01367 1.00897 1.00225 0.997979 0.994276 0.990674 0.983895 0.988304 0.995809 0.994613 0.99662 0.98484 0.992101 0.989371 1.00901 1.00122 1.02097 1.01947 1.0286 1.00745 1.05104 1.06057 1.05355 1.06254 1.04866 1.05916 1.08948 1.11977 1.11286 1.15726 1.12701 1.17651 1.16286 1.17902 1.17154 1.22129 1.34543 1.24308 1.21435 1.29767 1.28637 1.28791 1.34114 1.31815 1.29275 1.41411 1.45024 1.43397 1.39624 1.51704 1.51473 1.53976 1.5849 
2.07362 1.94933 1.95838 1.89158 1.89623 1.83442 1.7769 1.73944 1.7599 1.77278 1.66654 1.6902 1.69684 1.60187 1.62409 1.47356 1.52177 1.49769 1.50663 1.49067 1.4444 1.42481 1.39615 1.34273 1.38747 1.31582 1.29553 1.29966 1.26002 1.27778 1.24224 1.21277 1.19453 1.16525 1.15686 1.1585 1.12438 1.10082 1.0914 1.09596 1.08668 1.06453 1.05362 1.04637 1.03931 1.0245 1.02447 1.01624 1.00878 1.00239 0.996824 0.993616 0.991625 0.985546 0.990119 0.984953 0.99223 0.970921 0.986052 0.985794 0.994891 0.994539 1.0093 1.01731 0.990562 1.02944 1.01962 1.03582 1.01796 1.07576 1.03809 1.04209 1.04883 1.08883 1.10114 1.06211 1.20694 1.16986 1.14651 1.1321 1.20672 1.27677 1.21529 1.1964 1.17151 1.37353 1.19644 1.34346 1.31649 1.33474 1.35948 1.3968 1.37112 1.37631 1.43354 1.48544 1.4827 1.48454 1.48505 1.54252 
1.98647 2.0318 1.92702 1.9453 1.88993 1.84919 1.79878 1.74713 1.80189 1.76259 1.65708 1.65241 1.67809 1.65322 1.54144 1.59747 1.52114 1.54466 1.48179 1.47479 1.36375 1.39641 1.42471 1.41376 1.31752 1.33014 1.28926 1.29031 1.2862 1.22364 1.24826 1.19323 1.16757 1.1696 1.15442 1.14027 1.15042 1.10657 1.11186 1.0896 1.07401 1.06417 1.07462 1.03823 1.05139 1.02647 1.01974 1.01511 1.0062 1.00177 0.998118 0.991486 0.990334 0.985309 0.993801 0.993888 0.982438 0.991194 1.00083 0.990841 0.995297 0.983841 1.00524 0.993776 1.00522 1.02732 1.02773 1.02825 1.02966 1.06641 1.03369 1.0468 1.0598 1.16352 1.122 1.07272 1.14778 1.15449 1.19724 1.1777 1.20698 1.23889 1.26292 1.18296 1.2442 1.29092 1.36913 1.27967 1.37149 1.35081 1.35712 1.3692 1.47175 1.3356 1.4776 1.52036 1.56584 1.50981 1.57187 1.59826 
2.00227 1.90605 1.96059 1.92438 1.95555 1.89547 1.80081 1.83906 1.76435 1.78477 1.74001 1.67975 1.62072 1.61113 1.56064 1.57234 1.51651 1.53011 1.45886 1.45431 1.37904 1.41545 1.40869 1.39088 1.37033 1.25182 1.33499 1.2595 1.27938 1.2582 1.19406 1.21443 1.18976 1.18136 1.1798 1.12866 1.13947 1.12958 1.10213 1.07505 1.06717 1.0624 1.06044 1.04548 1.031 1.03091 1.01482 1.01211 1.01028 1.0024 0.998088 0.993955 0.992422 0.985859 0.98242 0.990265 0.979722 0.978266 0.981057 0.993458 1.01001 0.992796 0.975801 0.986693 0.998928 1.03148 1.03905 1.04711 1.04097 1.07879 1.08063 1.05896 1.06104 1.09179 1.05665 1.10285 1.186 1.17569 1.15333 1.20183 1.24088 1.21355 1.26981 1.23645 1.2687 1.23243 1.29069 1.31143 1.30958 1.29873 1.27202 1.37364 1.44927 1.35866 1.42041 1.46571 1.58163 1.5673 1.5201 1.56318 
2.03595 1.94927 2.00157 1.89058 1.83152 1.85334 1.87867 1.84465 1.79474 1.68 1.72202 1.74062 1.6212 1.62384 1.58663 1.61678 1.50246 1.55006 1.44666 1.44542 1.50698 1.38677 1.37933 1.37998 1.36234 1.31001 1.33454 1.32078 1.26685 1.2431 1.23112 1.18692 1.17721 1.18959 1.16958 1.18297 1.12131 1.12985 1.10311 1.11256 1.05973 1.07306 1.05477 1.0399 1.03098 1.0244 1.01727 1.01567 1.00963 1.00217 0.997783 0.99292 0.991498 0.987353 0.980819 0.99475 0.966964 1.00131 1.0125 0.996206 0.994622 1.00432 1.02075 0.990942 1.03946 1.00782 1.02189 1.04592 1.01422 1.00807 1.00835 1.04291 1.08757 1.1137 1.0769 1.07443 1.1021 1.17865 1.13551 1.14537 1.15345 1.19361 1.15769 1.22127 1.21491 1.23284 1.26668 1.26698 1.24459 1.31451 1.38355 1.40106 1.37105 1.3757 1.41997 1.53615 1.52719 1.47133 1.52109 1.51966 
1.95057 1.90502 1.93254 1.97032 1.88636 1.88489 1.84334 1.75534 1.76225 1.75018 1.67491 1.68607 1.60856 1.71324 1.60133 1.59529 1.48701 1.52693 1.48951 1.46494 1.46494 1.43844 1.3959 1.40718 1.34066 1.35561 1.34151 1.28908 1.28006 1.27278 1.1981 1.21257 1.1878 1.1806 1.1947 1.12882 1.13403 1.13107 1.08516 1.09054 1.0642 1.05153 1.0619 1.04904 1.04283 1.03466 1.01794 1.00848 1.00739 1.0027 0.997455 0.994306 0.990107 0.992699 0.983103 0.980792 0.986662 0.988192 0.993676 0.999437 0.988921 0.99185 1.00241 1.03233 1.02215 1.02974 1.00491 1.0376 1.03085 1.08916 1.06417 1.09324 1.10044 1.08502 1.11375 1.11205 1.11201 1.13892 1.19513 1.19777 1.1936 1.23163 1.15348 1.20178 1.22483 1.26509 1.26818 1.27436 1.33808 1.36128 1.39468 1.44359 1.40153 1.40436 1.50556 1.45729 1.54306 1.53527 1.49219 1.61148 
1.9716 1.93421 1.97382 1.97556 1.91761 1.83971 1.84936 1.86341 1.74691 1.66604 1.7199 1.64897 1.61389 1.63261 1.57282 1.61607 1.58903 1.49601 1.49457 1.50198 1.42046 1.42232 1.38375 1.40036 1.33697 1.36026 1.26138 1.31277 1.30028 1.26178 1.20868 1.20693 1.19202 1.17388 1.16303 1.15804 1.14059 1.14751 1.11781 1.08059 1.06256 1.07016 1.05788 1.05057 1.05341 1.02762 1.01618 1.01362 1.00818 1.00212 0.997617 0.994556 0.986903 0.983224 0.987752 0.985752 0.977489 0.994947 0.978093 0.98908 0.983968 0.98661 0.988953 0.988233 1.03036 1.01872 1.06751 1.05032 1.03521 1.04831 1.08022 1.0797 1.07225 1.12547 1.10637 1.14398 1.14042 1.15884 1.16165 1.19585 1.19955 1.21741 1.22932 1.21734 1.24029 1.30709 1.33965 1.30232 1.39465 1.30374 1.36055 1.42088 1.36347 1.36434 1.51912 1.46803 1.46868 1.45415 1.58131 1.60447 
1.98435 1.8705 2.01747 1.88618 1.90701 1.91385 1.86331 1.84312 1.78127 1.78468 1.79571 1.71602 1.63526 1.59342 1.58992 1.59518 1.52279 1.51173 1.49543 1.41823 1.43654 1.39466 1.35189 1.37422 1.33223 1.37417 1.27996 1.30243 1.24296 1.23723 1.22545 1.21581 1.18532 1.14737 1.15237 1.14902 1.13739 1.1158 1.10774 1.10108 1.07636 1.06322 1.0621 1.04415 1.02655 1.02794 1.0179 1.01264 1.00558 1.00298 0.997611 0.995097 0.988794 0.990569 0.988048 0.975754 0.988954 0.984952 0.997468 0.979398 0.999584 0.978103 1.00142 0.989394 1.0128 1.01092 1.00685 1.05092 1.03152 1.07151 1.07626 1.03771 1.08827 1.09764 1.12565 1.09132 1.11906 1.16934 1.14708 1.13063 1.18147 1.21677 1.24537 1.1919 1.29383 1.2355 1.17085 1.31358 1.30999 1.34614 1.39661 1.40567 1.37633 1.40911 1.34109 1.53902 1.44366 1.61557 1.62265 1.60484 
2.04984 1.96892 1.95017 1.97643 1.93774 1.91154 1.91635 1.77697 1.75972 1.80502 1.70886 1.698 1.62557 1.60107 1.64548 1.60815 1.55726 1.54912 1.46291 1.51521 1.41999 1.43693 1.39753 1.42954 1.40007 1.35516 1.29713 1.29433 1.25797 1.25763 1.2417 1.20144 1.20626 1.18296 1.1824 1.13222 1.11951 1.11384 1.11284 1.101 1.07322 1.06137 1.06362 1.04499 1.04403 1.01913 1.02387 1.0152 1.00954 1.00223 0.997821 0.992724 0.990206 0.993158 0.986377 0.98339 0.988363 1.00111 0.977258 0.987058 1.00349 0.981288 1.00851 1.00492 1.01007 1.02983 0.988481 1.04074 1.04885 1.03174 1.05905 1.06316 1.09822 1.10116 1.1122 1.12883 1.14926 1.13376 1.12267 1.22468 1.16672 1.20983 1.23556 1.23164 1.25091 1.32116 1.31985 1.25453 1.35586 1.3229 1.40432 1.35215 1.28277 1.41692 1.45469 1.4535 1.51862 1.47455 1.51919 1.57797 
2.01544 2.00261 1.9803 1.92581 1.88157 1.9022 1.77546 1.75454 1.71125 1.68711 1.7109 1.66486 1.61787 1.65149 1.5711 1.61628 1.53582 1.5495 1.51886 1.45444 1.46366 1.41859 1.38154 1.39787 1.39916 1.35524 1.32303 1.2954 1.26129 1.24482 1.20244 1.23631 1.18725 1.17308 1.17922 1.13981 1.0859 1.12811 1.08699 1.09768 1.0764 1.06532 1.0677 1.05144 1.03375 1.02552 1.02035 1.01854 1.00623 1.00321 0.997787 0.992884 0.995514 0.986328 0.988732 0.981692 0.985508 0.992772 0.979666 0.983394 0.987142 1.00958 0.991285 1.003 1.00645 1.02061 1.02545 1.02242 1.04108 1.00249 1.07519 1.05266 1.09084 1.10776 1.12034 1.09536 1.12842 1.12317 1.12766 1.16969 1.09165 1.23807 1.17881 1.27814 1.16942 1.27612 1.25161 1.3525 1.33838 1.35443 1.32135 1.34583 1.43243 1.43605 1.51436 1.45984 1.54435 1.5031 1.53808 1.47314 
1.96214 2.02129 2.01897 1.91039 1.94427 1.83893 1.78478 1.7742 1.78776 1.74585 1.7163 1.70312 1.64777 1.60331 1.63072 1.59534 1.54934 1.49704 1.43591 1.40364 1.47649 1.4516 1.41476 1.37841 1.33216 1.35295 1.26168 1.31134 1.27844 1.2468 1.21436 1.19551 1.17955 1.18306 1.18927 1.12497 1.14521 1.10748 1.09286 1.08205 1.06407 1.04842 1.05941 1.04313 1.05102 1.02882 1.01934 1.01528 1.00402 1.00304 0.998038 0.993133 0.989558 0.98652 0.986725 0.987864 0.989307 0.980949 0.987632 1.00664 1.0089 0.999827 0.999962 1.00347 1.02518 1.02331 1.01853 1.04334 1.0434 1.05721 1.07803 1.09351 1.04205 1.09105 1.09349 1.12255 1.12105 1.10269 1.14687 1.14275 1.17995 1.23753 1.20431 1.28378 1.27934 1.27628 1.29185 1.30683 1.33813 1.32302 1.43079 1.39512 1.32495 1.40917 1.42455 1.49872 1.44688 1.42103 1.57348 1.55061 
2.032 1.92641 1.90974 1.86457 1.84044 1.86526 1.88428 1.80511 1.75907 1.73352 1.70747 1.64966 1.65211 1.65776 1.62809 1.56266 1.5686 1.51984 1.49301 1.46062 1.4164 1.40221 1.39545 1.33757 1.33428 1.38151 1.33443 1.31972 1.28279 1.26311 1.23862 1.19424 1.19169 1.18686 1.18608 1.16446 1.14074 1.10655 1.09175 1.08878 1.07783 1.05726 1.0497 1.05302 1.03878 1.02937 1.02053 1.01471 1.00736 1.00199 0.998013 0.993003 0.992552 0.982764 0.992037 0.983027 0.994367 0.980332 0.998896 0.996809 0.98223 0.992365 1.0034 1.00137 1.01047 0.999626 1.01155 1.02844 1.04562 1.02248 1.06079 1.08215 1.09405 1.13457 1.11471 1.11285 1.15536 1.15414 1.11503 1.24017 1.23061 1.14964 1.23593 1.26065 1.16587 1.22656 1.29907 1.30658 1.31518 1.3032 1.27356 1.44402 1.39868 1.43268 1.39723 1.37486 1.57768 1.53055 1.61237 1.54753 
2.12211 1.97214 2.01596 1.89822 1.93907 1.79205 1.76305 1.87372 1.74571 1.77694 1.71921 1.67952 1.64962 1.62075 1.59961 1.5505 1.53665 1.47437 1.48137 1.45296 1.44902 1.43302 1.40101 1.35176 1.36236 1.3198 1.3353 1.32567 1.29132 1.24898 1.21499 1.20348 1.22821 1.18846 1.1747 1.15645 1.12146 1.1182 1.11768 1.08703 1.07587 1.05436 1.05758 1.05069 1.03783 1.03173 1.02035 1.01073 1.00672 1.002 0.997499 0.995953 0.988994 0.996278 0.984336 0.996236 0.983643 0.977011 0.984067 0.978259 0.99472 0.999281 0.980952 0.985646 1 1.0057 1.00082 1.01355 1.06447 1.01128 1.04294 1.04523 1.09689 1.06813 1.09892 1.12792 1.1623 1.18347 1.17516 1.20376 1.20168 1.22445 1.25081 1.24407 1.29 1.27346 1.26973 1.36785 1.34274 1.35181 1.43469 1.36894 1.36056 1.32604 1.3737 1.50746 1.46648 1.45272 1.54759 1.52381 
2.02193 2.08757 2.0365 1.93487 1.90079 1.86938 1.83892 1.82848 1.80689 1.73326 1.72537 1.65058 1.64621 1.69477 1.57697 1.56226 1.53231 1.50773 1.51547 1.51996 1.42913 1.44321 1.43926 1.33722 1.35511 1.34518 1.33095 1.30227 1.27708 1.27573 1.25258 1.20724 1.18306 1.17878 1.18682 1.13846 1.13879 1.13407 1.10366 1.1003 1.08107 1.05599 1.06411 1.0445 1.04267 1.0221 1.02111 1.01259 1.00991 1.00189 0.997218 0.990796 0.990881 0.985798 0.982615 0.988301 0.977231 0.984725 0.991218 0.983019 0.980236 1.00621 1.00784 0.986288 1.00608 0.999972 1.03827 1.06697 1.03421 1.03128 1.05532 1.06913 1.08942 1.09289 1.07874 1.1074 1.09842 1.16868 1.0876 1.18493 1.17756 1.17758 1.28188 1.247 1.25581 1.2042 1.30361 1.34594 1.32142 1.34622 1.40954 1.39697 1.41138 1.42681 1.48078 1.48581 1.49709 1.47688 1.49058 1.59277 
2.07376 1.96618 1.90711 1.96996 1.89802 1.84305 1.85545 1.81567 1.82175 1.76914 1.70526 1.65019 1.66252 1.69532 1.62738 1.55017 1.55315 1.59304 1.49985 1.5193 1.42776 1.42448 1.43115 1.38545 1.33146 1.32318 1.30224 1.28765 1.25183 1.28103 1.22998 1.21632 1.21203 1.14844 1.18782 1.14856 1.14491 1.11278 1.1115 1.09431 1.08453 1.07285 1.05795 1.04641 1.03742 1.02511 1.01539 1.01214 1.0096 1.00274 0.99762 0.995406 0.98914 0.982027 0.985857 0.991716 0.979373 0.98155 0.991703 0.970743 1.00197 0.989977 1.01882 0.984988 1.01863 1.04609 1.00648 1.00787 1.03475 1.0335 1.04226 1.0657 1.03531 1.11396 1.12024 1.14672 1.13083 1.12765 1.1744 1.17801 1.17686 1.23335 1.23804 1.24299 1.19509 1.22657 1.25523 1.24472 1.30374 1.35106 1.38967 1.38344 1.39953 1.38018 1.48518 1.43818 1.44227 1.48974 1.47814 1.60284 
1.96951 1.91175 2.0027 1.97115 1.89672 1.88727 1.87062 1.85589 1.80218 1.78982 1.7684 1.67844 1.66764 1.68567 1.58467 1.59691 1.62192 1.55264 1.50721 1.51667 1.51245 1.4391 1.40088 1.37383 1.36797 1.35494 1.3237 1.30074 1.28493 1.22494 1.23416 1.22873 1.2052 1.18301 1.15134 1.14767 1.15825 1.11299 1.09775 1.1025 1.08124 1.05411 1.06455 1.04579 1.03799 1.02563 1.02257 1.01461 1.00708 1.00278 0.997704 0.994091 0.989756 0.989509 0.988886 0.978319 0.987471 0.983491 0.98871 0.989565 0.992496 0.979497 1.00043 0.985012 1.02967 1.006 0.998181 1.0168 1.02161 1.05768 1.05018 1.1046 1.08378 1.08761 1.04288 1.15673 1.11274 1.14505 1.10743 1.07613 1.14557 1.07343 1.28071 1.16411 1.25574 1.19832 1.28847 1.23832 1.30397 1.32673 1.34333 1.39689 1.39554 1.44385 1.42384 1.51144 1.37429 1.53739 1.46268 1.49566 
2.01971 1.86905 1.97302 1.95035 1.85863 1.88266 1.87649 1.80943 1.76499 1.75587 1.63204 1.70823 1.64345 1.62937 1.57442 1.48861 1.5322 1.58234 1.52194 1.40754 1.48161 1.45476 1.46591 1.31263 1.3755 1.40513 1.31179 1.29112 1.20329 1.22528 1.2243 1.22578 1.20842 1.20568 1.18923 1.15361 1.14252 1.12709 1.12555 1.08904 1.0653 1.06847 1.05588 1.04378 1.04133 1.02575 1.01986 1.01112 1.00633 1.00314 0.997538 0.99436 0.986787 0.989039 0.985347 0.967022 0.977314 0.98282 0.9737 0.992645 1.0123 0.983975 0.993544 0.989213 0.996967 0.995247 1.02985 1.00962 1.05738 1.10266 1.06227 1.05871 1.07619 1.08335 1.08795 1.08606 1.10905 1.14788 1.12348 1.10107 1.16769 1.18403 1.24987 1.24618 1.24972 1.22044 1.2973 1.27882 1.33442 1.28464 1.36843 1.36915 1.32763 1.46229 1.41248 1.41363 1.45169 1.54992 1.51185 1.55374 
2.02465 1.993 1.97483 1.89608 1.92015 1.87107 1.87235 1.84791 1.82333 1.69756 1.7199 1.65546 1.64009 1.62936 1.61051 1.54953 1.59241 1.5945 1.51573 1.47734 1.45898 1.38341 1.44281 1.37849 1.39513 1.34441 1.31664 1.3157 1.25754 1.28756 1.23416 1.20419 1.19671 1.19554 1.20984 1.15804 1.14915 1.11829 1.12155 1.08122 1.06414 1.05944 1.0437 1.05221 1.03285 1.02895 1.02901 1.01279 1.00768 1.00215 0.997744 0.993805 0.991596 0.991785 0.988181 0.98248 0.974875 0.978266 0.988063 0.976245 1.00147 0.994206 0.999289 0.982269 1.00941 1.03144 1.03632 1.03844 1.06905 1.00457 1.04669 1.0794 1.02601 1.0491 1.12257 1.12751 1.12042 1.10403 1.15645 1.173 1.21427 1.22027 1.19525 1.23558 1.21305 1.26476 1.24804 1.28458 1.33169 1.30684 1.36299 1.36326 1.44111 1.43629 1.46042 1.43945 1.40979 1.5074 1.57781 1.57718 
2.09508 2.00449 1.94264 1.91201 1.89354 1.95587 1.81463 1.80825 1.8532 1.7363 1.75861 1.74482 1.61527 1.66387 1.60963 1.56852 1.57266 1.54143 1.47937 1.47431 1.42411 1.45571 1.41169 1.36207 1.41115 1.34723 1.29955 1.30181 1.25115 1.23594 1.24037 1.20218 1.17249 1.16409 1.1636 1.15622 1.14006 1.12887 1.11615 1.08236 1.08709 1.07875 1.06586 1.04168 1.03996 1.02737 1.02734 1.01613 1.00809 1.00156 0.997534 0.993777 0.989649 0.98704 0.987581 0.982268 0.986824 0.985028 0.978326 0.97995 0.98848 0.978402 0.970398 1.00788 1.01242 1.02507 1.00492 1.00879 1.01895 1.05324 1.05379 1.07061 1.07924 1.0697 1.10647 1.11922 1.1365 1.14254 1.09644 1.16262 1.13353 1.21836 1.15286 1.16518 1.20679 1.20976 1.26361 1.29125 1.29957 1.43154 1.37352 1.40407 1.32836 1.43663 1.50415 1.39381 1.49387 1.49434 1.56012 1.62657 
2.04919 1.99838 1.91507 1.94706 1.92938 1.87555 1.77328 1.82868 1.76349 1.79213 1.72983 1.64294 1.68083 1.66809 1.62364 1.57886 1.57397 1.52885 1.55036 1.50616 1.46766 1.39958 1.40906 1.36508 1.33339 1.34247 1.34075 1.27722 1.28084 1.27591 1.21931 1.19303 1.18903 1.19238 1.16839 1.14176 1.14239 1.10978 1.11733 1.08404 1.08465 1.07303 1.05481 1.04721 1.04393 1.0246 1.0234 1.01163 1.00556 1.00359 0.997307 0.99305 0.988564 0.992144 0.990375 0.987002 0.977179 0.978986 0.986177 0.987558 1.01062 0.988119 0.996439 1.0171 1.00243 1.02523 1.00975 1.01553 1.01517 1.03322 1.06756 1.10172 1.07924 1.11603 1.09291 1.0895 1.10926 1.12833 1.16265 1.12158 1.1867 1.16445 1.24096 1.21545 1.19259 1.21931 1.33045 1.29559 1.40728 1.35936 1.34701 1.35848 1.41135 1.35059 1.39537 1.44928 1.45077 1.44931 1.40609 1.4522 
1.96087 1.97692 1.95306 1.85313 1.88966 1.83714 1.7798 1.81508 1.76208 1.69721 1.74798 1.77246 1.64123 1.6527 1.63461 1.60218 1.59338 1.51928 1.50235 1.5015 1.48657 1.38609 1.43448 1.39296 1.33625 1.30427 1.32479 1.27946 1.23716 1.23602 1.21597 1.22784 1.20721 1.20528 1.16319 1.14436 1.15413 1.12294 1.11249 1.09369 1.08664 1.04405 1.05594 1.04687 1.03641 1.03091 1.02536 1.01743 1.00716 1.00309 0.997056 0.995144 0.988247 0.985571 0.985622 0.981431 0.983604 0.979704 0.983726 0.991674 0.986912 0.998369 0.991954 1.02423 1.00124 1.00651 1.0194 1.00783 1.01963 1.05622 1.03114 1.0488 1.05833 1.08625 1.06295 1.12347 1.15062 1.10894 1.19877 1.20803 1.21169 1.19188 1.21576 1.17023 1.29159 1.333 1.21143 1.29885 1.32967 1.3924 1.374 1.35112 1.48999 1.49653 1.42058 1.44522 1.42891 1.49961 1.51269 1.56318 
2.04939 1.94678 2.00411 1.94871 1.87868 1.85179 1.90483 1.87614 1.74833 1.71173 1.76003 1.70388 1.64382 1.58684 1.62062 1.53068 1.53718 1.50937 1.50671 1.49479 1.43748 1.47273 1.38075 1.39717 1.34028 1.2954 1.31179 1.26262 1.28152 1.23831 1.25009 1.17381 1.1834 1.17647 1.1722 1.17034 1.12617 1.11097 1.10072 1.10034 1.08828 1.06474 1.06695 1.04501 1.03592 1.03167 1.01729 1.0143 1.00472 1.00264 0.997188 0.993194 0.988554 0.986237 0.981972 0.984568 0.98385 0.976183 0.994451 0.984089 0.984409 0.988635 0.999838 1.00093 1.02595 1.01364 1.03672 1.0409 1.0586 1.00653 1.06073 1.02196 1.10378 1.05438 1.09766 1.0985 1.09822 1.17384 1.17877 1.14593 1.12971 1.20801 1.22256 1.20739 1.26161 1.27177 1.2439 1.38192 1.28971 1.30522 1.34367 1.35874 1.34318 1.41134 1.41961 1.48121 1.47276 1.5304 1.53997 1.58262 
1.92454 1.977 2.00483 1.90702 1.88742 1.87693 1.88518 1.80539 1.80725 1.67452 1.7421 1.69433 1.69731 1.66824 1.61152 1.5301 1.58874 1.51112 1.52397 1.48909 1.4581 1.429 1.35106 1.3443 1.38762 1.33362 1.31663 1.30858 1.2647 1.27114 1.2443 1.21283 1.21988 1.17072 1.16561 1.16891 1.14634 1.1072 1.10927 1.09026 1.07284 1.05139 1.04528 1.05341 1.03876 1.03865 1.02481 1.0181 1.00726 1.00259 0.997483 0.993854 0.992155 0.983476 0.99174 0.985525 0.991845 1.00243 0.984353 0.977197 0.99205 0.983493 0.984743 1.01817 1.01323 0.993572 1.02838 1.03641 1.03156 1.00914 1.06469 1.07854 1.09638 1.07378 1.07797 1.07626 1.12136 1.12394 1.13425 1.16969 1.17325 1.18248 1.16976 1.22475 1.16347 1.25988 1.32448 1.32303 1.2705 1.28285 1.38428 1.41991 1.40666 1.37862 1.47346 1.42448 1.45418 1.4248 1.44764 1.45663 
2.01299 2.03058 2.00571 1.98578 1.78861 1.87644 1.82346 1.81537 1.74674 1.79415 1.71199 1.708 1.66189 1.61505 1.64551 1.59303 1.55195 1.53237 1.52284 1.45972 1.45583 1.36599 1.3902 1.38951 1.31273 1.33633 1.32313 1.34874 1.31198 1.24475 1.24646 1.20666 1.21065 1.20623 1.15603 1.15496 1.14099 1.10369 1.11249 1.06183 1.08252 1.07168 1.0646 1.04059 1.04855 1.02332 1.02273 1.01632 1.00769 1.00267 0.997552 0.993847 0.987494 0.986091 0.98697 0.984967 0.981732 0.975005 0.982718 1.00275 0.992883 1.00522 1.01433 1.01139 1.01089 1.02489 1.04687 1.05555 1.03445 1.02991 1.03643 1.04787 1.08386 1.09495 1.06488 1.06746 1.12452 1.1327 1.17321 1.15273 1.16097 1.17626 1.21022 1.23755 1.2673 1.23066 1.30147 1.22411 1.27039 1.26429 1.47473 1.33797 1.4032 1.362 1.42517 1.50088 1.55467 1.50489 1.5888 1.54017 
1.95207 1.96119 1.89229 1.98787 1.9017 1.81178 1.84522 1.8285 1.78599 1.69786 1.75745 1.71472 1.69953 1.70629 1.62471 1.55389 1.56783 1.51383 1.53781 1.52987 1.46307 1.40611 1.41355 1.44905 1.36161 1.30151 1.30288 1.30359 1.25106 1.2891 1.23013 1.20865 1.17977 1.16178 1.15778 1.13131 1.15281 1.13008 1.09794 1.07517 1.07693 1.05659 1.06072 1.04504 1.04357 1.02792 1.02239 1.01603 1.00821 1.00297 0.996591 0.994104 0.996072 0.984536 0.992698 0.982077 0.989866 0.983518 0.995034 0.982078 0.991374 0.988718 1.00043 0.986239 0.989968 0.999792 1.0283 0.992307 1.0326 1.05247 1.05946 1.09497 1.07197 1.03667 1.10551 1.09739 1.08243 1.09243 1.17188 1.12461 1.17424 1.18071 1.19248 1.17991 1.25098 1.25689 1.25201 1.2656 1.27203 1.28234 1.3241 1.36903 1.3698 1.44757 1.3975 1.40454 1.48308 1.55642 1.50612 1.65857 
2.05441 1.8883 1.93704 1.94148 1.9505 1.86097 1.86507 1.86168 1.7154 1.71387 1.75018 1.66234 1.64686 1.63727 1.60628 1.56978 1.53268 1.47751 1.47392 1.4108 1.49534 1.39092 1.39026 1.34971 1.3603 1.30194 1.3609 1.32318 1.29176 1.25225 1.25196 1.22017 1.16715 1.18377 1.18263 1.16256 1.14221 1.12913 1.11025 1.08087 1.09182 1.08162 1.03919 1.04299 1.03499 1.03076 1.01985 1.01343 1.01155 1.00298 0.997437 0.994032 0.984112 0.983865 0.98244 0.988579 0.990156 0.978817 0.997423 0.981611 0.998472 1.00358 0.995027 1.01261 1.01929 1.02899 1.00937 1.02614 1.05331 1.03102 1.05402 1.06604 1.06175 1.10552 1.04308 1.10214 1.13305 1.06569 1.13629 1.17256 1.21474 1.26119 1.21862 1.21137 1.23842 1.19311 1.20406 1.30044 1.3101 1.31121 1.28019 1.37601 1.45747 1.32758 1.42163 1.46957 1.4328 1.48866 1.48449 1.61033 
2.03837 2.03517 1.97433 1.92405 1.9503 1.85134 1.8568 1.83512 1.81158 1.81585 1.75518 1.6443 1.6751 1.64011 1.64252 1.61718 1.56272 1.58553 1.474 1.49206 1.48148 1.3932 1.41643 1.37382 1.35317 1.34105 1.3064 1.25264 1.24979 1.26733 1.29675 1.23574 1.19431 1.15418 1.18029 1.13144 1.11353 1.11207 1.108 1.10065 1.07303 1.07717 1.06411 1.05525 1.04133 1.03401 1.02154 1.01535 1.00676 1.00198 0.997212 0.990855 0.987302 0.989756 0.983643 0.975547 0.976418 0.979888 0.982998 0.978608 0.981132 0.994389 0.99022 0.985811 1.03382 0.982329 1.01511 1.00059 1.01535 1.04065 1.06372 1.07027 1.07666 1.09013 1.0327 1.15025 1.13327 1.18589 1.1254 1.15569 1.24772 1.16459 1.18314 1.26556 1.27425 1.21643 1.27497 1.27733 1.29645 1.40548 1.30131 1.37289 1.36416 1.3249 1.45072 1.41988 1.51032 1.51446 1.51437 1.46808 
2.06534 1.97006 1.99713 1.9309 1.87553 1.94056 1.821 1.84512 1.77251 1.79029 1.74728 1.71816 1.73848 1.68166 1.56171 1.60123 1.58518 1.56277 1.53778 1.4893 1.45539 1.44 1.41573 1.37495 1.36959 1.34471 1.32375 1.28889 1.27444 1.23496 1.23664 1.22373 1.21147 1.15807 1.1662 1.13524 1.12114 1.11984 1.10153 1.09328 1.07772 1.06497 1.05348 1.0466 1.04078 1.03032 1.01611 1.01686 1.00814 1.00211 0.997995 0.994198 0.988556 0.983143 0.985478 0.979957 0.976414 0.980245 0.988198 0.988477 0.992667 1.0021 0.99069 0.984106 1.02001 1.01005 1.022 1.01556 1.04407 1.03332 1.01346 1.11171 1.05982 1.05161 1.09154 1.09274 1.13904 1.20076 1.14585 1.21109 1.18828 1.13207 1.19712 1.21891 1.23325 1.18874 1.30047 1.39179 1.33103 1.38458 1.26581 1.40292 1.44575 1.37012 1.44129 1.43304 1.42567 1.49989 1.66532 1.60712 
2.07397 1.90899 2.00471 1.91655 1.85711 1.91757 1.81746 1.85285 1.77619 1.70899 1.7454 1.72877 1.6862 1.6509 1.65446 1.64245 1.51458 1.54334 1.47542 1.50729 1.50727 1.45605 1.39488 1.38623 1.3836 1.34125 1.32256 1.30991 1.2787 1.23496 1.22553 1.23982 1.21646 1.18006 1.18234 1.15385 1.13628 1.12938 1.10658 1.07403 1.09922 1.06588 1.06205 1.05453 1.05381 1.02731 1.0256 1.01253 1.00931 1.00277 0.997176 0.989445 0.990465 0.989145 0.993911 0.985519 0.991091 0.978207 0.993677 0.99889 0.98486 0.978833 0.98715 1.0026 1.00631 0.979364 0.970735 1.04632 1.04751 1.08385 1.0406 1.07729 1.0341 1.05829 1.1124 1.10821 1.1479 1.09469 1.17982 1.14824 1.25583 1.20683 1.21908 1.18984 1.26425 1.22929 1.3429 1.25562 1.24246 1.35373 1.30165 1.37738 1.34359 1.462 1.38057 1.36727 1.51428 1.50687 1.55529 1.48793 
2.00483 1.93588 2.01445 1.93919 1.90208 1.84305 1.77286 1.7921 1.77751 1.79856 1.67586 1.77497 1.67036 1.68473 1.62338 1.62473 1.56788 1.5295 1.50092 1.46449 1.44481 1.39366 1.39444 1.40787 1.40046 1.32784 1.34335 1.30955 1.2938 1.26204 1.21694 1.20988 1.18901 1.19968 1.17699 1.14804 1.14737 1.12182 1.07502 1.09185 1.09318 1.07276 1.06585 1.06707 1.04276 1.02848 1.0185 1.01783 1.00686 1.00296 0.997394 0.989832 0.987513 0.984481 0.989169 0.9788 0.986249 0.976973 0.985476 0.97483 0.977978 1.00628 1.01019 0.977525 0.990979 1.00661 1.01232 1.0391 1.0622 1.06335 1.00826 0.99254 1.12326 1.04345 1.05112 1.19504 1.1122 1.12885 1.16586 1.14475 1.19785 1.16695 1.20774 1.24475 1.14315 1.22036 1.24134 1.32374 1.33261 1.35611 1.37922 1.42448 1.44849 1.32389 1.42049 1.45532 1.43878 1.52699 1.5213 1.49522 
2.04486 1.95413 1.94527 1.91675 1.93162 1.85098 1.75686 1.90991 1.78494 1.7238 1.70848 1.67907 1.74757 1.65721 1.62189 1.60506 1.56015 1.51946 1.5176 1.53737 1.43738 1.43418 1.38025 1.40119 1.35794 1.34043 1.31077 1.30599 1.28245 1.29049 1.21842 1.22291 1.22605 1.17027 1.18664 1.16894 1.1386 1.12536 1.10909 1.09821 1.06859 1.05741 1.05555 1.04943 1.03647 1.02762 1.02093 1.01199 1.00912 1.00144 0.998122 0.991629 0.993257 0.981159 0.983308 0.984187 0.982735 0.973684 0.980807 0.987301 0.989376 0.999729 0.989402 0.98689 0.997045 1.02937 1.00663 1.04013 1.02959 1.01296 1.03827 1.05484 1.03792 1.03638 1.11403 1.11942 1.1302 1.15435 1.13462 1.18967 1.23591 1.21559 1.24147 1.23336 1.216 1.24859 1.26428 1.31849 1.22821 1.25277 1.34204 1.44342 1.36719 1.45264 1.46246 1.34699 1.49333 1.59578 1.47813 1.62927 
2.07669 1.98056 1.99592 1.92647 1.96056 1.80904 1.8337 1.82667 1.81572 1.70954 1.78718 1.70029 1.6561 1.65872 1.62088 1.62997 1.56272 1.53993 1.46662 1.45251 1.4969 1.42665 1.4543 1.40375 1.39083 1.34105 1.28617 1.2807 1.28995 1.2895 1.27767 1.22111 1.21902 1.20198 1.18828 1.15473 1.13345 1.1184 1.10352 1.07937 1.10346 1.07306 1.05715 1.05293 1.04408 1.02397 1.02262 1.0113 1.00664 1.00346 0.997936 0.99085 0.990146 0.986672 0.993645 0.984766 0.989636 0.976524 0.988468 0.998736 0.977028 0.978652 1.01386 1.00424 1.00769 1.02479 1.02479 1.00495 1.01732 1.04716 1.03555 1.06698 1.07623 1.09681 1.04801 1.07869 1.09536 1.14279 1.10531 1.19064 1.21263 1.18335 1.23965 1.25065 1.26963 1.24122 1.29824 1.32235 1.29276 1.3443 1.32135 1.36328 1.36472 1.34112 1.50432 1.44685 1.48048 1.52083 1.44015 1.43142 
2.01541 1.96758 1.91045 1.92171 1.89202 1.89868 1.88145 1.84996 1.78277 1.77107 1.7364 1.65692 1.73589 1.62936 1.62145 1.56949 1.55152 1.50872 1.47784 1.51344 1.42861 1.40941 1.44999 1.36166 1.33753 1.34589 1.27541 1.3214 1.27733 1.28267 1.25126 1.21466 1.19745 1.18273 1.20379 1.12901 1.15065 1.10122 1.09992 1.10478 1.07772 1.08201 1.05943 1.04734 1.04483 1.02806 1.027 1.01398 1.00861 1.00403 0.997501 0.99292 0.988606 0.987595 0.981005 0.996974 0.984647 0.9819 0.979451 0.985334 0.994059 1.00689 0.989997 0.985522 1.01622 1.01073 1.01546 1.02441 1.04529 1.07041 1.04713 1.02321 1.09432 1.09421 1.13672 1.08435 1.14527 1.11879 1.107 1.08371 1.10302 1.14756 1.19754 1.24957 1.24394 1.23355 1.25749 1.3457 1.34918 1.33011 1.35948 1.3192 1.39288 1.37692 1.428 1.43393 1.50551 1.4267 1.52493 1.49851 
2.10007 1.99865 2.01942 2.05107 1.94533 1.83741 1.918 1.76899 1.7966 1.76631 1.76041 1.71342 1.64018 1.70076 1.59922 1.62616 1.53215 1.52796 1.51934 1.49373 1.50636 1.41338 1.45089 1.4062 1.35191 1.3606 1.312 1.30181 1.26011 1.24116 1.30166 1.19858 1.19293 1.18209 1.18533 1.13492 1.11844 1.13338 1.11007 1.09596 1.08908 1.06313 1.05853 1.05651 1.04634 1.03039 1.0194 1.01036 1.00871 1.00304 0.997135 0.994121 0.990107 0.986329 0.993014 0.97711 0.974831 0.993611 0.990723 0.978906 0.960251 0.998751 0.980948 0.99679 0.99957 1.04741 1.02313 1.05184 1.04499 1.06447 1.05122 1.07434 1.08243 1.08382 1.13177 1.10345 1.10864 1.14363 1.10576 1.14756 1.12785 1.19747 1.1785 1.16352 1.189 1.27017 1.25011 1.28537 1.31973 1.27971 1.38261 1.3366 1.40669 1.45661 1.40241 1.56583 1.49112 1.41166 1.45141 1.47464 
2.09021 2.01137 1.95544 1.87601 1.92661 1.83784 1.80566 1.84378 1.76603 1.74585 1.74837 1.74679 1.7016 1.66376 1.62474 1.61848 1.52201 1.50562 1.47194 1.49846 1.47698 1.43705 1.45132 1.42161 1.39436 1.36413 1.30142 1.30439 1.26402 1.25494 1.23495 1.24056 1.19212 1.15852 1.17081 1.1533 1.15704 1.13659 1.10848 1.0923 1.0848 1.06927 1.06021 1.04423 1.04209 1.03436 1.02911 1.01223 1.00776 1.0029 0.997192 0.995685 0.989708 0.990705 0.985529 0.97387 0.985162 0.989965 0.985556 0.995365 0.990821 0.974507 1.01145 0.99413 0.999249 1.01108 1.00726 1.00242 1.04647 1.02688 1.0712 1.05775 1.05651 1.11035 1.10801 1.08101 1.09663 1.14888 1.15117 1.16723 1.19035 1.18779 1.21496 1.25388 1.17964 1.28423 1.18492 1.26142 1.24159 1.28459 1.33322 1.37329 1.42426 1.34635 1.35579 1.38856 1.46174 1.54294 1.47981 1.465 
2.03131 2.08493 1.94163 1.97715 1.96151 1.8306 1.83457 1.79114 1.73808 1.70364 1.81111 1.70822 1.69849 1.57897 1.59193 1.56872 1.62645 1.47558 1.51201 1.49379 1.51051 1.42892 1.38693 1.42127 1.40445 1.34511 1.36487 1.27402 1.25413 1.22714 1.22606 1.21846 1.21446 1.1556 1.16035 1.14538 1.14293 1.10232 1.10905 1.08685 1.07843 1.07347 1.07133 1.04275 1.04657 1.03988 1.02624 1.01825 1.00608 1.00212 0.997671 0.993669 0.988506 0.983027 0.989069 0.992249 0.989461 0.980056 0.982503 0.992182 0.98264 0.992566 0.994807 0.983019 1.00435 0.99774 1.00261 1.07113 1.03844 1.05134 1.0393 1.0276 1.08893 1.06312 1.0708 1.13914 1.10484 1.07885 1.13655 1.14874 1.20339 1.15591 1.21848 1.22369 1.26176 1.2569 1.21855 1.32933 1.35275 1.34901 1.45627 1.35813 1.40853 1.40539 1.41511 1.43386 1.45511 1.59907 1.55025 1.50109 
2.04117 2.06247 1.95399 1.99636 1.92574 1.94501 1.85189 1.87998 1.82872 1.77171 1.74736 1.70876 1.68463 1.57485 1.61665 1.62267 1.5576 1.5304 1.46227 1.49283 1.4615 1.45519 1.40383 1.40492 1.3837 1.3031 1.34123 1.28115 1.28834 1.25863 1.22523 1.2385 1.20625 1.181 1.16002 1.13225 1.13407 1.13599 1.11783 1.09232 1.06681 1.07283 1.05431 1.04376 1.03852 1.02614 1.02838 1.01737 1.0104 1.00342 0.997192 0.992789 0.994989 0.987873 0.983075 0.983602 0.988462 0.994444 0.979485 0.986341 0.985188 0.990243 1.00905 1.00067 1.01597 1.01012 1.03048 1.02995 1.02362 1.05345 1.06345 1.09528 1.0332 1.08474 1.0902 1.07333 1.10526 1.15916 1.17761 1.13602 1.1899 1.17976 1.17056 1.20998 1.25643 1.21482 1.23049 1.25205 1.30919 1.30021 1.38672 1.36394 1.38332 1.39712 1.3737 1.45785 1.33239 1.45943 1.52319 1.56018 
2.01964 2.06568 1.99718 1.85708 1.88647 1.87793 1.83917 1.72165 1.71801 1.76315 1.80837 1.70098 1.73239 1.60536 1.59531 1.62059 1.51704 1.55015 1.49929 1.47905 1.48292 1.48459 1.42504 1.4133 1.35913 1.31081 1.34011 1.33922 1.30531 1.27939 1.2243 1.24343 1.22159 1.18661 1.17183 1.14637 1.15076 1.12684 1.12261 1.08998 1.09478 1.07258 1.05452 1.05365 1.044 1.03088 1.02797 1.01682 1.00568 1.00304 0.997666 0.992611 0.993426 0.979746 0.982175 0.966958 0.992107 0.976849 0.983259 0.992888 0.991874 1.00077 0.999286 1.01725 1.00356 1.0092 1.03266 1.00729 0.979493 1.02945 1.05204 1.05639 1.03803 1.08502 1.11142 1.10477 1.1538 1.10644 1.16696 1.15478 1.19935 1.14719 1.23705 1.21787 1.12421 1.26396 1.26568 1.29008 1.30169 1.31213 1.44342 1.38349 1.35475 1.37657 1.46509 1.46489 1.51268 1.43336 1.47323 1.53224 
2.04145 2.01598 1.90974 1.93546 1.86224 1.80617 1.83958 1.8433 1.72556 1.78845 1.68907 1.70747 1.60321 1.65297 1.6021 1.62347 1.53674 1.56169 1.46474 1.53509 1.47608 1.44409 1.42372 1.4003 1.37648 1.34239 1.29778 1.28141 1.24339 1.23701 1.25083 1.23037 1.21755 1.17837 1.16244 1.16811 1.13733 1.10334 1.08696 1.10382 1.07717 1.06487 1.06283 1.04728 1.03941 1.02858 1.01881 1.01632 1.00928 1.003 0.997641 0.99267 0.990693 0.981013 0.982749 0.981654 0.988466 0.979526 0.971231 0.985595 0.974999 0.964192 0.987543 1.01056 0.98992 0.9992 0.995416 1.01153 1.05147 1.01124 1.08388 1.05452 1.04964 1.12993 1.0452 1.12539 1.11622 1.14089 1.06178 1.16984 1.15597 1.23135 1.18834 1.21702 1.2378 1.31273 1.33036 1.25378 1.3341 1.30908 1.30799 1.45932 1.39431 1.41126 1.40746 1.48202 1.51889 1.5356 1.4007 1.59225 
2.02893 1.9981 1.97641 1.959 1.9077 1.87495 1.86625 1.89587 1.72094 1.77612 1.73257 1.71738 1.70587 1.62184 1.57881 1.62506 1.57826 1.54002 1.53177 1.50817 1.47936 1.47218 1.45266 1.39541 1.33867 1.32163 1.36831 1.31748 1.28868 1.2555 1.25342 1.23741 1.22933 1.19135 1.14879 1.16417 1.12513 1.11901 1.10328 1.09417 1.08723 1.0817 1.07156 1.06049 1.03967 1.03676 1.02357 1.01723 1.01062 1.00234 0.998191 0.99358 0.985948 0.98016 0.989334 0.988077 0.979479 0.978948 0.984256 0.983181 0.986643 0.989114 0.979022 1.01896 1.00804 0.997433 1.03209 1.02829 1.02854 1.01052 1.02284 1.05425 1.10699 1.08037 1.11625 1.12246 1.05853 1.10554 1.11463 1.2239 1.18345 1.1779 1.18482 1.23197 1.20718 1.23083 1.34154 1.30538 1.37107 1.34476 1.31617 1.29284 1.39264 1.35325 1.3841 1.36105 1.39792 1.42595 1.46212 1.56367 
2.07718 2.02904 2.01922 1.8724 1.85711 1.86558 1.82673 1.76986 1.76527 1.79821 1.72341 1.7245 1.70267 1.64168 1.67681 1.60963 1.5125 1.5495 1.48076 1.54217 1.46557 1.43618 1.45208 1.39574 1.34901 1.38304 1.31486 1.31179 1.2804 1.27386 1.27715 1.21796 1.20575 1.14351 1.18113 1.12885 1.14651 1.09691 1.1277 1.09232 1.08883 1.07505 1.06132 1.0517 1.03701 1.03852 1.0258 1.01326 1.01065 1.00186 0.998365 0.993497 0.991736 0.986702 0.988731 0.974545 0.975764 0.977482 0.986401 0.997416 1.00466 1.00278 0.98816 0.99413 0.99609 1.00775 1.01546 0.995085 1.04638 1.05967 1.04705 1.05591 1.1062 1.08918 1.06925 1.09415 1.07822 1.08683 1.19708 1.14588 1.15632 1.24257 1.24317 1.18863 1.17598 1.27305 1.2631 1.2529 1.38491 1.29682 1.35862 1.32355 1.35786 1.43844 1.39495 1.42448 1.47163 1.40714 1.58797 1.56889 
2.0526 1.93057 1.96343 1.90766 2.0149 1.88076 1.88802 1.88527 1.82241 1.7834 1.74829 1.65798 1.72606 1.66953 1.60936 1.54533 1.57821 1.47751 1.57662 1.45879 1.4125 1.44725 1.43037 1.38753 1.3731 1.39849 1.29776 1.27749 1.27819 1.27363 1.27995 1.22844 1.21757 1.18354 1.17282 1.15146 1.14673 1.12556 1.10412 1.099 1.07064 1.08366 1.06096 1.04887 1.03547 1.03183 1.02656 1.01684 1.00848 1.00211 0.99776 0.994609 0.994908 0.985652 0.982603 0.982529 0.976105 0.983999 0.994495 0.987804 0.967294 0.992067 1.00387 1.03753 1.01902 0.993081 1.03489 1.0212 1.04168 1.05321 1.06233 1.07386 1.05655 1.08212 1.13992 1.14237 1.14547 1.08549 1.16039 1.1532 1.18631 1.13243 1.23922 1.21959 1.18251 1.20131 1.24234 1.23723 1.32395 1.33208 1.29561 1.43379 1.41698 1.41872 1.45082 1.34418 1.38841 1.41952 1.56691 1.52295 
2.0335 2.07489 2.01952 1.93747 2.0045 1.88863 1.8265 1.80539 1.75454 1.79064 1.76042 1.66563 1.73067 1.65917 1.6269 1.58511 1.59768 1.5055 1.52305 1.4928 1.45904 1.43914 1.37376 1.40335 1.38047 1.34569 1.33453 1.29726 1.28391 1.2617 1.22453 1.20154 1.21089 1.17394 1.16931 1.11518 1.14145 1.1405 1.08986 1.09602 1.09143 1.07245 1.0627 1.04415 1.04048 1.02572 1.01843 1.01762 1.01078 1.0022 0.997135 0.993217 0.990722 0.983279 0.988304 0.98103 0.990937 0.990593 0.972659 0.992333 0.99327 0.97827 1.00811 1.01278 0.99222 0.99653 1.02662 1.03189 1.04508 1.04845 1.07315 1.07693 1.09236 1.07064 1.14604 1.11578 1.09001 1.10315 1.10966 1.14793 1.18825 1.23381 1.23453 1.22766 1.20975 1.23758 1.25715 1.34184 1.32665 1.33362 1.36286 1.37707 1.30224 1.34964 1.4094 1.4621 1.44572 1.50433 1.48275 1.43205 
1.98613 2.01611 1.93305 1.86876 1.88529 1.84186 1.84373 1.83339 1.78993 1.75617 1.70161 1.72145 1.67249 1.62669 1.65979 1.56697 1.58246 1.57156 1.55032 1.47627 1.45352 1.4627 1.41338 1.42243 1.38207 1.34914 1.36079 1.30991 1.26207 1.26987 1.24639 1.22299 1.20027 1.20743 1.17329 1.16461 1.14359 1.11247 1.12666 1.08579 1.06855 1.06253 1.06178 1.04247 1.046 1.02661 1.02256 1.01669 1.00838 1.00263 0.99663 0.993669 0.991665 0.982719 0.979292 0.99245 0.988205 0.999701 0.974149 0.98282 0.96512 0.994621 1.0093 1.01031 0.992159 0.992755 1.02054 1.02893 1.02824 1.02892 1.04504 1.06027 1.01063 1.06497 1.10366 1.11113 1.17304 1.10336 1.14099 1.13237 1.21453 1.14874 1.19492 1.2187 1.17494 1.23855 1.32423 1.31536 1.28305 1.37868 1.34881 1.35176 1.34804 1.43371 1.49532 1.47488 1.50431 1.49283 1.59055 1.58168 
1.93398 2.0629 1.98954 1.93275 1.91165 1.91236 1.88909 1.76119 1.74429 1.75929 1.7735 1.74962 1.69343 1.63467 1.63742 1.58421 1.58507 1.59347 1.52526 1.52091 1.45863 1.43101 1.44025 1.40384 1.35794 1.34511 1.3041 1.2986 1.29483 1.27777 1.24701 1.22981 1.23968 1.17231 1.18053 1.15135 1.14774 1.13745 1.12236 1.11052 1.09834 1.08205 1.06657 1.05391 1.03442 1.02766 1.02318 1.01503 1.01011 1.00333 0.99778 0.994448 0.986211 0.987742 0.975487 0.980827 0.976553 0.988469 0.977248 0.974223 0.987304 1.0089 0.995944 0.995177 0.997626 1.00101 1.00979 1.02 1.04273 1.03381 1.07705 1.09933 1.05846 1.088 1.07042 1.06423 1.09811 1.13564 1.1312 1.14765 1.15987 1.19098 1.18403 1.24363 1.22755 1.22124 1.31207 1.32319 1.27068 1.38473 1.35956 1.44863 1.36602 1.37734 1.44474 1.42645 1.43637 1.4476 1.49317 1.5954 
2.02636 2.00497 1.90598 1.99612 1.91032 1.86727 1.85624 1.83542 1.78044 1.73134 1.70543 1.72815 1.74659 1.64264 1.57691 1.59095 1.59551 1.49717 1.52148 1.48285 1.49313 1.43299 1.39951 1.45834 1.30988 1.35515 1.29563 1.30314 1.2607 1.27419 1.25045 1.17057 1.20737 1.14909 1.14945 1.14227 1.12419 1.10107 1.11344 1.10623 1.10597 1.07981 1.05979 1.05511 1.03994 1.03617 1.02615 1.01753 1.00872 1.0031 0.997669 0.995234 0.990772 0.984708 0.990545 0.983102 0.984306 0.982854 0.975128 0.995049 0.99232 1.00008 0.998772 1.00789 1.01354 1.00982 0.992607 1.05476 1.01988 1.028 1.02142 1.02753 1.03878 1.13318 1.11364 1.12337 1.13872 1.18257 1.09416 1.12417 1.17637 1.14138 1.24838 1.28165 1.32053 1.23524 1.25871 1.1959 1.25832 1.38798 1.32722 1.42592 1.43692 1.29417 1.32391 1.40688 1.45503 1.47578 1.49828 1.43613 
2.04301 1.98111 1.97164 1.90744 1.89509 1.87986 1.78539 1.81096 1.74363 1.76195 1.76504 1.74649 1.69962 1.62258 1.67562 1.57777 1.51492 1.49446 1.52044 1.48246 1.41906 1.42928 1.39109 1.38973 1.39455 1.36878 1.32115 1.28293 1.29439 1.28821 1.21527 1.21805 1.23242 1.19503 1.20004 1.16857 1.12777 1.11642 1.10088 1.10511 1.06467 1.07403 1.06996 1.04922 1.04741 1.02863 1.01773 1.015 1.00935 1.00268 0.997649 0.990397 0.992408 0.983699 0.985296 0.976593 0.971722 0.9842 0.972398 0.963652 0.984027 0.993211 0.994284 1.01323 0.986489 1.00089 1.01603 1.04886 1.05365 0.999294 1.07005 1.04986 1.06922 1.07396 1.12538 1.07656 1.14601 1.14484 1.12304 1.19856 1.17379 1.18475 1.16849 1.21011 1.20896 1.2733 1.23561 1.32117 1.2806 1.3433 1.33994 1.30891 1.43463 1.38886 1.40463 1.4712 1.54066 1.40809 1.48827 1.47795 
1.9879 2.02488 1.91909 1.93516 1.9001 1.83643 1.71543 1.79034 1.79161 1.80905 1.68665 1.6903 1.69112 1.66097 1.64145 1.56659 1.59589 1.56611 1.51493 1.50652 1.44031 1.48597 1.41276 1.40199 1.39153 1.38729 1.3416 1.31579 1.25627 1.25135 1.23145 1.21436 1.20725 1.17045 1.16777 1.17067 1.135 1.12761 1.11108 1.08414 1.08692 1.0764 1.06466 1.04424 1.04135 1.03527 1.02599 1.01488 1.00725 1.00363 0.997904 0.992378 0.989589 0.988933 0.991697 0.97796 0.9785 0.976329 0.984336 0.974778 0.986265 0.987275 0.993416 1.0018 1.00188 1.00155 1.01136 1.02338 1.00434 1.01598 1.04368 1.07606 1.07287 1.08621 1.10433 1.11012 1.1 1.1201 1.12849 1.16735 1.15569 1.22658 1.1753 1.23729 1.25722 1.21322 1.2623 1.31357 1.18432 1.38995 1.28067 1.33471 1.41557 1.3567 1.46315 1.38235 1.51308 1.486 1.61468 1.51294 
2.01555 1.97059 2.042 1.91876 1.92783 1.89569 1.88229 1.81327 1.81065 1.80373 1.67921 1.68769 1.66101 1.65043 1.61946 1.61935 1.60318 1.54569 1.53752 1.53699 1.42543 1.41866 1.41131 1.4383 1.39884 1.37194 1.30299 1.29789 1.29926 1.25159 1.24252 1.22555 1.21867 1.17453 1.17612 1.12726 1.1423 1.12354 1.10754 1.09463 1.08904 1.08303 1.06455 1.04307 1.03449 1.02487 1.02893 1.0174 1.01225 1.00228 0.997584 0.991271 0.987778 0.986762 0.983266 0.981082 0.982696 0.99511 0.985557 0.992682 0.976979 0.989978 1.00343 0.994484 1.01244 1.04906 1.024 1.01902 1.05162 1.05844 1.03699 1.06959 1.09704 1.05589 1.09243 1.10416 1.08863 1.10664 1.11304 1.15183 1.11859 1.16168 1.2624 1.25551 1.26916 1.1536 1.24479 1.31674 1.23599 1.27867 1.35866 1.37166 1.3739 1.43233 1.40656 1.40039 1.46334 1.50501 1.37454 1.59326 
2.01506 2.05485 2.0075 1.96167 1.85195 1.92367 1.86349 1.882 1.78523 1.66613 1.70823 1.71466 1.65066 1.63688 1.65822 1.56757 1.57368 1.51129 1.49543 1.49067 1.47287 1.41564 1.43974 1.38426 1.33827 1.35291 1.33157 1.3303 1.25217 1.24963 1.25206 1.2367 1.21286 1.19134 1.17735 1.16091 1.13508 1.1197 1.12474 1.08554 1.06984 1.07918 1.07015 1.05188 1.04388 1.02975 1.02439 1.01796 1.00714 1.00159 0.997192 0.994235 0.988427 0.98757 0.981779 0.972196 0.975236 0.983009 0.993823 0.988113 0.991722 0.986726 0.985487 1.00015 0.992143 1.00185 0.989401 1.04255 1.0006 1.02418 1.02106 1.02289 1.08696 1.08342 1.05491 1.09344 1.0899 1.18195 1.09174 1.19154 1.19306 1.17985 1.24561 1.152 1.22279 1.30235 1.30154 1.25494 1.24234 1.31084 1.32187 1.38436 1.3834 1.44526 1.38541 1.44189 1.39733 1.46737 1.46764 1.44627 
