2.83345 2.72495 2.6981 2.67666 2.64623 2.59752 2.53291 2.48054 2.43222 2.39187 2.36179 2.32522 2.24315 2.22609 2.17344 2.14742 2.11643 2.07527 2.01734 2.00457 1.96345 1.9105 1.85623 1.83551 1.77824 1.74989 1.70754 1.64661 1.62879 1.57936 1.54677 1.53903 1.47169 1.43718 1.40951 1.37242 1.34368 1.32034 1.26806 1.24676 1.21153 1.19143 1.15903 1.13692 1.10858 1.08312 1.06625 1.04855 1.03033 1.01384 1 0.98667 0.979097 0.970847 0.961537 0.954493 0.952922 0.950335 0.947111 0.960092 0.945767 0.938076 0.951943 0.966482 0.963458 0.98551 1.0001 0.9792 1.00591 1.01982 1.02128 1.02423 1.05942 1.06293 1.05844 1.06991 1.09923 1.1199 1.11058 1.15765 1.18619 1.19266 1.18349 1.26197 1.20728 1.26257 1.23483 1.26763 1.3004 1.28912 1.31603 1.30306 1.40896 1.30905 1.31371 1.34216 1.49096 1.40506 1.50217 1.49558 1.45272 
2.80573 2.78083 2.75569 2.67318 2.59079 2.57716 2.53488 2.55746 2.42153 2.41293 2.33749 2.32939 2.28906 2.24895 2.20941 2.14973 2.11728 2.05623 2.0305 1.98711 1.92611 1.90682 1.85751 1.84351 1.77849 1.72116 1.71083 1.65079 1.63109 1.58439 1.55344 1.51735 1.4787 1.44979 1.40449 1.37838 1.3429 1.30233 1.27731 1.25125 1.21092 1.18132 1.15248 1.1297 1.10968 1.09094 1.06509 1.04861 1.02826 1.0134 1 0.987795 0.977816 0.971947 0.965546 0.956168 0.946557 0.94382 0.956837 0.954216 0.96043 0.957068 0.945222 0.967152 0.972397 0.973367 0.979495 1.00389 1.01076 0.992012 1.01271 1.06751 1.03458 1.06793 1.07618 1.07028 1.08224 1.12824 1.11308 1.15028 1.17048 1.1964 1.21187 1.20831 1.22802 1.21362 1.22445 1.24094 1.25342 1.28466 1.36462 1.28471 1.35072 1.28555 1.4065 1.43463 1.43388 1.38283 1.53467 1.43861 1.45429 
2.7429 2.72286 2.68996 2.57303 2.60183 2.55252 2.55398 2.5698 2.42486 2.41724 2.33274 2.3631 2.31078 2.1974 2.22807 2.18778 2.11979 2.04389 2.06352 1.97018 1.95214 1.93116 1.907 1.81436 1.79544 1.734 1.68878 1.66762 1.65695 1.58636 1.55278 1.53947 1.46639 1.45288 1.40811 1.35784 1.34354 1.31959 1.26443 1.25228 1.21697 1.18875 1.15468 1.13171 1.11377 1.08467 1.06479 1.04733 1.02832 1.01312 1 0.987797 0.980021 0.973055 0.962798 0.953054 0.955086 0.942914 0.948725 0.94428 0.953505 0.947604 0.964069 0.97083 0.970407 0.981714 0.997069 1.00293 1.02083 1.02396 1.01215 1.04187 1.05703 1.06328 1.07786 1.06719 1.12394 1.11865 1.14344 1.1415 1.16719 1.17832 1.22933 1.21836 1.20023 1.28397 1.25207 1.23878 1.2726 1.32363 1.34636 1.29624 1.36461 1.37868 1.34364 1.40844 1.39926 1.39726 1.423 1.45879 1.50119 
2.78017 2.77631 2.70712 2.64718 2.63327 2.5132 2.53178 2.49413 2.55424 2.40007 2.35401 2.31649 2.38875 2.22789 2.21286 2.1609 2.12004 2.07687 2.02551 1.98888 1.95992 1.9162 1.85777 1.82791 1.77628 1.73459 1.72201 1.65466 1.62293 1.56654 1.53907 1.53956 1.47271 1.44357 1.41434 1.36851 1.344 1.30224 1.25796 1.23489 1.19358 1.18921 1.15938 1.13496 1.11048 1.08426 1.06503 1.04957 1.03065 1.01453 1 0.988818 0.97823 0.964224 0.96034 0.958497 0.957557 0.952739 0.948971 0.949689 0.957774 0.956929 0.957431 0.959382 0.976683 0.979555 1.00306 1.00276 1.02514 1.01925 1.03721 1.03817 1.04294 1.1004 1.06143 1.0972 1.1072 1.10214 1.12687 1.13584 1.18617 1.22799 1.21751 1.22086 1.24923 1.22142 1.165 1.27228 1.25966 1.31946 1.34774 1.3365 1.36662 1.34786 1.39661 1.35447 1.45516 1.45285 1.4466 1.46035 1.54709 
2.79472 2.72845 2.65145 2.65877 2.59257 2.559 2.47235 2.50272 2.40648 2.4137 2.34913 2.2885 2.3196 2.22316 2.18349 2.1712 2.08335 2.00588 2.04999 1.97291 1.92627 1.90964 1.87562 1.82784 1.78146 1.74866 1.75987 1.68664 1.62818 1.58951 1.55606 1.52704 1.46786 1.45269 1.41091 1.37126 1.34312 1.31642 1.27146 1.23498 1.21674 1.18407 1.15613 1.12971 1.11583 1.08468 1.06719 1.04459 1.02897 1.0134 1 0.987759 0.978259 0.968015 0.958698 0.955815 0.956933 0.945945 0.949015 0.959981 0.957945 0.952878 0.969397 0.951993 0.971457 0.983604 0.989987 0.984722 1.01959 1.00609 1.03378 1.05658 1.05698 1.07247 1.07266 1.06747 1.10757 1.13711 1.10961 1.14984 1.14939 1.17097 1.18906 1.18558 1.19958 1.26227 1.23952 1.2605 1.28045 1.3027 1.31298 1.28145 1.30121 1.31473 1.37052 1.33705 1.4895 1.36274 1.45598 1.46484 1.54496 
2.71577 2.73696 2.72134 2.66457 2.59921 2.57768 2.52958 2.42538 2.45614 2.40473 2.29885 2.28859 2.25256 2.27507 2.20051 2.19118 2.10309 2.08958 2.05195 2.00256 1.93445 1.89991 1.87799 1.87595 1.77374 1.74453 1.68628 1.64017 1.62239 1.58455 1.58437 1.50541 1.48549 1.44251 1.41741 1.36935 1.3323 1.29073 1.27953 1.24761 1.21309 1.17751 1.15086 1.13024 1.10847 1.08818 1.06454 1.04532 1.03019 1.01421 1 0.988135 0.976264 0.971465 0.963875 0.955265 0.960987 0.944666 0.950507 0.963253 0.954609 0.952259 0.950017 0.972218 0.973181 0.981565 0.988887 1.00194 0.989696 1.00599 1.00634 1.04871 1.05734 1.07471 1.04334 1.09349 1.10903 1.12772 1.145 1.1361 1.16883 1.2044 1.22948 1.18107 1.23239 1.26291 1.27301 1.33926 1.25409 1.24389 1.31329 1.29938 1.38 1.34659 1.44333 1.3783 1.36921 1.39806 1.41575 1.4407 1.47368 
2.7851 2.74913 2.68904 2.66933 2.56636 2.62311 2.51427 2.50443 2.42308 2.43493 2.41068 2.34374 2.28492 2.2721 2.18752 2.14165 2.12502 2.03371 2.03542 2.00387 1.97081 1.91934 1.86936 1.81241 1.77365 1.75423 1.69123 1.6669 1.64167 1.57674 1.56092 1.52266 1.48996 1.42011 1.41419 1.36636 1.34744 1.29509 1.26606 1.2393 1.20941 1.18722 1.15938 1.12301 1.10642 1.08214 1.06259 1.04613 1.03137 1.01479 1 0.988333 0.978429 0.971481 0.963959 0.963225 0.951567 0.945765 0.951861 0.956729 0.954755 0.96153 0.954805 0.970728 0.963835 0.975936 1.00765 0.996304 1.00999 1.03186 1.02023 1.05861 1.04931 1.0739 1.08059 1.07596 1.11653 1.13862 1.1287 1.17912 1.19867 1.21499 1.21583 1.20689 1.20616 1.23107 1.29702 1.29775 1.30807 1.35558 1.37566 1.43016 1.34049 1.403 1.36913 1.43901 1.43852 1.40552 1.4791 1.51007 1.49258 
2.79919 2.78404 2.7262 2.62175 2.59235 2.60509 2.52711 2.43238 2.45351 2.43852 2.34318 2.26016 2.29084 2.25052 2.17488 2.13878 2.11261 2.03079 2.01575 1.9997 1.92724 1.90219 1.86992 1.81021 1.77794 1.75326 1.69945 1.67143 1.62633 1.6047 1.54065 1.49949 1.47017 1.43821 1.40985 1.37951 1.34523 1.30709 1.27677 1.24018 1.22222 1.18918 1.16321 1.13916 1.10767 1.08534 1.06259 1.04707 1.03012 1.01374 1 0.987652 0.977651 0.96749 0.963722 0.954002 0.947629 0.949004 0.950356 0.94665 0.967555 0.955467 0.971963 0.968082 0.97125 0.987812 0.965855 0.987812 1.01127 0.997744 0.993316 1.03423 1.03032 1.06446 1.08517 1.09867 1.10765 1.14278 1.10401 1.09681 1.11587 1.21461 1.2013 1.23121 1.20433 1.2565 1.23684 1.31744 1.30001 1.26563 1.3173 1.35249 1.35823 1.38822 1.47067 1.39985 1.47977 1.46672 1.43798 1.51117 1.46676 
2.7743 2.72744 2.68721 2.65887 2.57898 2.57114 2.51268 2.52425 2.48039 2.40487 2.38625 2.34537 2.2839 2.22284 2.20986 2.14386 2.13753 2.10756 2.00674 1.98481 1.94807 1.87511 1.86358 1.81585 1.75158 1.7567 1.68062 1.65661 1.63759 1.58953 1.54815 1.51915 1.48389 1.43108 1.42758 1.38357 1.33935 1.29878 1.27519 1.24722 1.21901 1.18647 1.15951 1.1324 1.10891 1.08454 1.0652 1.04398 1.02635 1.01474 1 0.988999 0.979496 0.970894 0.959623 0.956842 0.952501 0.95061 0.95862 0.953882 0.952987 0.95239 0.954976 0.984812 0.994076 0.987255 1.00208 1.00907 1.01672 1.01201 1.03199 1.02956 1.06119 1.06071 1.08753 1.11717 1.08143 1.11328 1.10806 1.15249 1.17618 1.1868 1.19722 1.21629 1.21425 1.2591 1.23289 1.33241 1.2616 1.31833 1.33488 1.37242 1.38198 1.41268 1.44975 1.42474 1.41223 1.45389 1.4714 1.47734 1.46888 
2.76493 2.75506 2.74808 2.67819 2.64862 2.57061 2.57256 2.45746 2.51188 2.4175 2.41671 2.27974 2.31334 2.21522 2.19528 2.14689 2.06993 2.10754 1.97312 1.99002 1.9315 1.8999 1.87846 1.82573 1.77798 1.72888 1.6839 1.64404 1.64753 1.60523 1.57935 1.505 1.469 1.44723 1.39823 1.36488 1.33013 1.30402 1.26794 1.24191 1.20992 1.18745 1.1532 1.12701 1.10179 1.08443 1.06497 1.04645 1.03047 1.01269 1 0.987369 0.977549 0.972238 0.959974 0.956919 0.955138 0.946283 0.958942 0.956164 0.948913 0.954277 0.958874 0.973523 0.977518 0.985537 0.976137 1.00455 1.00113 1.00733 1.03263 1.06149 1.04958 1.03405 1.10271 1.09787 1.13951 1.15109 1.12035 1.16794 1.20488 1.17905 1.16765 1.18626 1.26447 1.24824 1.2528 1.20644 1.33006 1.28211 1.34691 1.3578 1.33798 1.39496 1.38924 1.40755 1.41708 1.4866 1.49983 1.44808 1.57078 
2.7688 2.76796 2.72407 2.70068 2.60739 2.63327 2.48965 2.4928 2.46904 2.37811 2.36237 2.31833 2.30808 2.28163 2.18522 2.16207 2.13312 2.05645 1.98425 2.02606 1.91222 1.88842 1.87216 1.81767 1.77569 1.75249 1.71405 1.66805 1.62801 1.61145 1.5524 1.50479 1.48026 1.44599 1.40387 1.37341 1.33117 1.29264 1.26709 1.24262 1.21035 1.18758 1.15557 1.12935 1.11239 1.08454 1.06111 1.04944 1.0291 1.01402 1 0.988489 0.978892 0.96734 0.957678 0.95846 0.956273 0.958577 0.946904 0.957093 0.945539 0.960439 0.961671 0.976666 0.986233 0.982979 0.994651 1.00791 0.998161 0.998441 1.02852 0.998503 1.06777 1.05972 1.05713 1.13226 1.11816 1.11937 1.12345 1.16553 1.18459 1.19688 1.25645 1.23954 1.21713 1.25628 1.28721 1.29372 1.33461 1.34527 1.33951 1.3466 1.33725 1.40322 1.42067 1.40337 1.53205 1.43949 1.46924 1.495 1.50329 
2.77832 2.81032 2.69057 2.63503 2.63122 2.57144 2.50762 2.45845 2.43698 2.4363 2.3787 2.32192 2.26982 2.22081 2.23563 2.13516 2.10303 2.05204 2.03323 1.97877 1.93959 1.885 1.88769 1.79159 1.81912 1.72082 1.69733 1.66182 1.63566 1.60877 1.5618 1.51755 1.46357 1.44766 1.39579 1.3757 1.34157 1.30451 1.28333 1.23752 1.20882 1.17821 1.15604 1.13794 1.10929 1.08795 1.06442 1.04431 1.02921 1.01361 1 0.988347 0.976916 0.968999 0.961942 0.961725 0.957884 0.942323 0.952061 0.957499 0.962963 0.954222 0.963812 0.987717 0.990717 0.970564 0.989829 0.989836 1.01166 1.00785 1.02549 1.0655 1.06138 1.06641 1.09213 1.08552 1.1115 1.12359 1.12409 1.16861 1.15875 1.18324 1.21397 1.26399 1.24455 1.24978 1.28412 1.32981 1.33194 1.3551 1.39215 1.31647 1.33356 1.39087 1.38479 1.39911 1.43547 1.46498 1.49891 1.49978 1.55984 
2.75469 2.74628 2.70758 2.59139 2.66151 2.61478 2.54559 2.43597 2.5 2.41692 2.38285 2.31575 2.28127 2.2784 2.20143 2.20131 2.11549 2.05282 2.01792 1.98466 1.90034 1.9031 1.8696 1.83468 1.8023 1.73147 1.68815 1.63663 1.61134 1.56638 1.56883 1.47993 1.47786 1.42925 1.40711 1.35921 1.35358 1.3234 1.2726 1.2347 1.20809 1.18481 1.15435 1.13874 1.10405 1.08186 1.06343 1.04846 1.03002 1.01275 1 0.987201 0.979067 0.966558 0.963879 0.959852 0.948189 0.950805 0.942965 0.96071 0.955862 0.969368 0.961202 0.962086 0.961109 0.992432 0.967176 1.00084 1.02451 1.02189 1.04539 1.02385 1.06612 1.09558 1.09366 1.10362 1.09395 1.09703 1.15225 1.12998 1.21087 1.19506 1.20926 1.23791 1.25862 1.25878 1.28299 1.27576 1.2856 1.30461 1.30779 1.38809 1.3963 1.3957 1.34171 1.42779 1.44712 1.45496 1.40657 1.48156 1.54605 
2.77828 2.70986 2.69501 2.6886 2.66659 2.57532 2.53865 2.47399 2.40669 2.4277 2.31233 2.31478 2.24461 2.25927 2.16764 2.14957 2.07841 2.07435 2.0278 2.03689 1.94363 1.89473 1.85794 1.81094 1.78272 1.75628 1.72405 1.64953 1.60718 1.59315 1.54529 1.54193 1.47696 1.44403 1.40773 1.3594 1.33405 1.29976 1.27477 1.24979 1.21849 1.18293 1.15376 1.13331 1.11116 1.0935 1.06915 1.04448 1.0281 1.01327 1 0.988086 0.97825 0.967122 0.960972 0.963216 0.957138 0.957139 0.941864 0.954066 0.956106 0.980281 0.956655 0.96458 0.953838 0.981178 0.998017 0.979566 1.0007 1.0188 1.03142 1.06278 1.06563 1.10812 1.09408 1.10155 1.08289 1.11466 1.11534 1.14895 1.20631 1.2007 1.23648 1.21097 1.24309 1.26373 1.31502 1.23817 1.25806 1.36431 1.34893 1.44791 1.38255 1.39772 1.38565 1.50128 1.37398 1.50557 1.51534 1.49359 1.52848 
2.75574 2.73926 2.69947 2.63155 2.64236 2.53764 2.52294 2.45974 2.3877 2.42829 2.37108 2.40132 2.3244 2.24424 2.19607 2.12107 2.1027 2.03987 1.99912 1.98479 1.94593 1.90793 1.87472 1.83733 1.79095 1.72304 1.68575 1.66484 1.64167 1.57689 1.53447 1.52253 1.46931 1.4297 1.40397 1.36285 1.3423 1.29262 1.26837 1.23782 1.22361 1.19488 1.15808 1.13494 1.11164 1.08359 1.06408 1.04506 1.02867 1.01381 1 0.989229 0.97672 0.968356 0.961966 0.957385 0.957894 0.949675 0.955165 0.956045 0.950085 0.956713 0.970832 0.965288 0.967298 0.989562 0.981193 1.00567 0.992979 1.0128 1.0526 1.02775 1.04804 1.0685 1.08175 1.1208 1.08272 1.11706 1.16632 1.18144 1.2248 1.18518 1.22609 1.22571 1.21769 1.24894 1.2696 1.30422 1.30649 1.37561 1.33082 1.3547 1.39248 1.31524 1.36453 1.41497 1.40553 1.52052 1.44494 1.47568 1.50327 
2.80142 2.81107 2.74107 2.68617 2.63247 2.57638 2.54384 2.49817 2.44341 2.40291 2.40888 2.32542 2.23742 2.27478 2.2043 2.11762 2.15729 2.07062 2.04317 1.98857 1.91182 1.91102 1.86804 1.85264 1.75053 1.75466 1.68981 1.64777 1.61839 1.59651 1.55211 1.49658 1.47855 1.44842 1.40348 1.36872 1.31977 1.31376 1.27387 1.25362 1.20148 1.18781 1.16477 1.13904 1.11221 1.08938 1.0651 1.04732 1.02989 1.0132 1 0.988089 0.978728 0.969363 0.963588 0.961998 0.953098 0.952305 0.942933 0.951381 0.961163 0.95985 0.95782 0.961699 0.987693 1.00832 0.980671 0.993308 1.01171 1.02184 1.02167 1.05662 1.03075 1.09445 1.10733 1.13436 1.10157 1.15077 1.15452 1.14803 1.17963 1.15766 1.17902 1.23026 1.23388 1.25114 1.23636 1.27438 1.26149 1.33429 1.30817 1.35046 1.41176 1.44963 1.42639 1.45334 1.36794 1.43643 1.45952 1.50271 1.5143 
2.84531 2.72527 2.73197 2.68602 2.67814 2.59705 2.53549 2.50379 2.4319 2.38552 2.35803 2.30413 2.25614 2.22112 2.23326 2.14802 2.0916 2.08705 2.01481 1.97789 1.94604 1.8825 1.85486 1.82246 1.79391 1.75126 1.69214 1.65367 1.6308 1.59348 1.56657 1.52179 1.4743 1.44801 1.40824 1.36499 1.33093 1.30127 1.27234 1.24479 1.20577 1.18499 1.15219 1.13203 1.11086 1.08738 1.06549 1.04686 1.02945 1.01403 1 0.988541 0.977001 0.971742 0.963233 0.959907 0.960331 0.94591 0.946309 0.954577 0.950368 0.950486 0.963741 0.959504 0.972397 0.978212 1.00016 1.00055 1.02361 1.01599 1.04635 1.09808 1.05613 1.11877 1.08114 1.11925 1.0873 1.13616 1.17229 1.16932 1.20701 1.18321 1.22706 1.27305 1.25967 1.23898 1.24343 1.29438 1.29071 1.38151 1.35449 1.36339 1.366 1.40833 1.3827 1.38054 1.39719 1.47493 1.53227 1.52446 1.48209 
2.79835 2.74572 2.69723 2.60629 2.59101 2.53078 2.51168 2.42793 2.425 2.40978 2.35791 2.28532 2.25578 2.25416 2.17407 2.13446 2.12158 2.08033 1.99705 1.99603 1.9371 1.93396 1.84613 1.83077 1.76196 1.72737 1.68797 1.66885 1.62384 1.60232 1.56595 1.51584 1.46399 1.45271 1.38312 1.38071 1.33385 1.28964 1.2595 1.24234 1.20632 1.17993 1.16029 1.13608 1.11051 1.08753 1.06416 1.0455 1.0292 1.01301 1 0.988872 0.978143 0.971632 0.963347 0.958209 0.951262 0.960167 0.956989 0.957967 0.960605 0.968503 0.972391 0.981458 0.980833 0.997739 0.982692 1.00314 1.01104 1.02868 1.03811 1.03881 1.07514 1.1101 1.10543 1.10355 1.13169 1.13682 1.10831 1.16218 1.17166 1.19443 1.24698 1.23464 1.22495 1.27612 1.28681 1.35651 1.3302 1.35033 1.35239 1.36656 1.3356 1.39621 1.42916 1.41426 1.46692 1.47979 1.43081 1.43094 1.52799 
2.75626 2.75594 2.72623 2.70947 2.62231 2.58681 2.4901 2.44309 2.48879 2.42664 2.35825 2.34447 2.30889 2.25277 2.16115 2.18335 2.09042 2.02072 2.0197 1.96056 1.95387 1.89502 1.85973 1.79494 1.77248 1.727 1.71331 1.67254 1.64101 1.57962 1.5472 1.50391 1.47156 1.42131 1.39431 1.37906 1.33095 1.29795 1.28188 1.24164 1.20588 1.18632 1.15597 1.13187 1.10084 1.0904 1.06432 1.04512 1.03041 1.01319 1 0.987843 0.976687 0.967118 0.964616 0.96225 0.955467 0.953701 0.949252 0.970094 0.960941 0.962109 0.967264 0.983952 0.993149 0.986719 0.979908 0.9913 1.01613 1.02541 1.04858 1.04788 1.09209 1.06571 1.09525 1.13129 1.12711 1.13271 1.14947 1.13448 1.18372 1.19336 1.24623 1.20979 1.24414 1.34952 1.25479 1.28322 1.30891 1.31537 1.31111 1.34748 1.34688 1.38082 1.43325 1.43286 1.45384 1.47447 1.53081 1.47232 1.54392 
2.78498 2.68502 2.6869 2.68231 2.59258 2.59902 2.51595 2.49025 2.3969 2.38094 2.37504 2.31456 2.29332 2.19089 2.18514 2.12518 2.12951 2.0643 1.98048 2.02191 1.94823 1.91519 1.88835 1.81706 1.76497 1.74839 1.71526 1.63939 1.59701 1.56696 1.54463 1.49865 1.46199 1.45237 1.40102 1.38212 1.32718 1.30963 1.26828 1.24703 1.22133 1.17894 1.15582 1.13089 1.10546 1.08545 1.06393 1.04218 1.02885 1.01322 1 0.988265 0.977181 0.966859 0.96309 0.959025 0.958469 0.951729 0.955724 0.953773 0.9632 0.961724 0.961161 0.966078 0.990422 0.986802 0.991578 1.00568 1.04023 1.02351 1.0117 1.04592 1.05046 1.06475 1.09688 1.08647 1.1408 1.13362 1.12643 1.19974 1.22117 1.20195 1.22252 1.26528 1.2428 1.27392 1.30629 1.26752 1.28575 1.35893 1.36592 1.34517 1.34001 1.43556 1.49082 1.36528 1.39643 1.50689 1.50176 1.48972 1.53005 
2.76297 2.7663 2.66414 2.63875 2.57677 2.51739 2.53544 2.42856 2.43519 2.36688 2.36877 2.305 2.3046 2.22163 2.14528 2.17286 2.06181 2.03107 2.00732 2.00652 1.97551 1.87212 1.85966 1.81558 1.75252 1.72601 1.71213 1.66853 1.61175 1.56721 1.54383 1.49769 1.4678 1.42938 1.40319 1.34785 1.32836 1.28161 1.28015 1.24121 1.2106 1.18037 1.15851 1.12862 1.10412 1.08433 1.06615 1.04571 1.02909 1.01503 1 0.987441 0.977075 0.970342 0.966318 0.961316 0.950634 0.949049 0.953021 0.95319 0.956784 0.958643 0.958234 0.970159 0.982138 0.983157 1.00197 1.01994 1.02753 1.0379 1.05846 1.06414 1.07922 1.06483 1.08131 1.14173 1.15296 1.15535 1.15954 1.12653 1.20026 1.1971 1.21704 1.24987 1.27093 1.29221 1.28544 1.29339 1.3171 1.33348 1.3704 1.34061 1.35042 1.41143 1.44905 1.51162 1.40767 1.45274 1.47377 1.55841 1.4326 
2.77664 2.76958 2.62018 2.61962 2.57892 2.52975 2.49838 2.46789 2.41232 2.38066 2.38539 2.28965 2.2513 2.24227 2.21022 2.12657 2.09874 2.04608 2.00049 2.00958 1.97265 1.89781 1.83336 1.78606 1.78675 1.73784 1.71203 1.65095 1.60476 1.57991 1.56522 1.52302 1.4767 1.4314 1.40155 1.36911 1.35121 1.30064 1.26371 1.24039 1.21466 1.17702 1.14646 1.13439 1.11211 1.08756 1.06671 1.04769 1.03015 1.01294 1 0.988066 0.978951 0.970196 0.964518 0.961358 0.960887 0.946541 0.959965 0.951785 0.954371 0.952708 0.962324 0.970141 0.987988 0.988538 0.998887 0.997501 1.04023 1.05512 1.05834 1.05388 1.09314 1.07397 1.13192 1.10187 1.10814 1.15629 1.19519 1.15302 1.16609 1.18073 1.22062 1.20329 1.29811 1.27246 1.28411 1.32528 1.29365 1.35917 1.33885 1.33412 1.40226 1.44197 1.41237 1.45903 1.51892 1.47931 1.48943 1.48706 1.55176 
2.79132 2.65711 2.72762 2.69457 2.5936 2.47308 2.58682 2.54708 2.42801 2.41089 2.38829 2.32465 2.30357 2.2216 2.20465 2.18572 2.11128 2.03036 2.00587 2.01743 1.98697 1.88349 1.87325 1.81719 1.77697 1.71838 1.69964 1.67144 1.60234 1.57268 1.5519 1.51489 1.46484 1.42192 1.39076 1.35073 1.32682 1.29078 1.26244 1.23347 1.20714 1.18136 1.15145 1.1287 1.11287 1.07772 1.06626 1.04846 1.02873 1.01311 1 0.987292 0.977028 0.972281 0.96579 0.958386 0.954957 0.957761 0.95698 0.955251 0.959989 0.967034 0.969625 0.992296 0.992357 1.00829 0.999687 1.01047 1.01509 1.0288 1.03959 1.06801 1.08198 1.10238 1.08465 1.12688 1.14895 1.13955 1.11378 1.18305 1.18603 1.21633 1.20989 1.26793 1.238 1.27817 1.29086 1.34219 1.32006 1.30366 1.38308 1.41009 1.39104 1.41497 1.4194 1.4581 1.44838 1.48774 1.48167 1.42103 1.52662 
2.73699 2.74646 2.66017 2.68159 2.55869 2.59675 2.53601 2.4338 2.45004 2.37056 2.35012 2.28051 2.2455 2.19819 2.23543 2.13843 2.09406 2.06312 2.00256 1.97144 1.93327 1.87992 1.88149 1.83918 1.76523 1.74482 1.71165 1.64133 1.6027 1.58887 1.55303 1.51911 1.4684 1.44448 1.39543 1.37374 1.33848 1.28354 1.26154 1.24562 1.21139 1.17967 1.15895 1.1271 1.10374 1.07935 1.05961 1.0432 1.02621 1.01325 1 0.988768 0.981739 0.973106 0.965784 0.961439 0.958559 0.9531 0.954524 0.954362 0.966959 0.96984 0.96891 0.984913 1.01367 0.997783 1.00881 1.02397 1.01785 1.05362 1.04098 1.06486 1.0642 1.07504 1.12112 1.14497 1.12525 1.18748 1.18094 1.17867 1.15475 1.23043 1.2344 1.20714 1.26547 1.22994 1.33494 1.37768 1.31974 1.33964 1.372 1.35738 1.44452 1.37715 1.44237 1.52737 1.41751 1.49238 1.54455 1.52423 1.51586 
2.7854 2.73373 2.7051 2.69142 2.57926 2.54987 2.46357 2.47695 2.44891 2.39094 2.38095 2.29712 2.24177 2.2205 2.15034 2.14979 2.11636 2.07338 2.0064 1.9675 1.9301 1.89134 1.84063 1.82753 1.79259 1.69568 1.68316 1.64191 1.62072 1.56361 1.54114 1.49068 1.46711 1.42513 1.38777 1.3511 1.33902 1.2887 1.26816 1.23576 1.21425 1.17834 1.15208 1.13272 1.10184 1.08441 1.06077 1.0459 1.02792 1.0123 1 0.988496 0.98138 0.970901 0.967935 0.962377 0.960301 0.960014 0.951655 0.96363 0.955984 0.957005 0.984806 0.973401 0.976535 0.9746 1.02023 1.02176 1.00874 1.029 1.04312 1.07199 1.08233 1.07681 1.14595 1.11863 1.13023 1.14329 1.18471 1.15394 1.19401 1.22265 1.24894 1.2504 1.26011 1.30596 1.31438 1.34982 1.33606 1.41116 1.38864 1.40279 1.36718 1.45286 1.40045 1.50494 1.42145 1.44408 1.48725 1.50948 1.54139 
2.77862 2.71025 2.66143 2.60301 2.62632 2.58729 2.5329 2.45834 2.42312 2.38003 2.345 2.30523 2.27089 2.22988 2.17253 2.12898 2.09239 2.05996 2.06089 1.95023 1.9592 1.89041 1.8461 1.83149 1.76527 1.72412 1.68861 1.642 1.60251 1.56808 1.54188 1.51557 1.48612 1.41845 1.39906 1.35246 1.31961 1.29942 1.24921 1.24039 1.20512 1.17726 1.15151 1.13464 1.10148 1.08032 1.06544 1.04576 1.02889 1.01259 1 0.988872 0.977955 0.972125 0.964127 0.961964 0.958574 0.957678 0.952175 0.969186 0.960307 0.964504 0.961228 0.970868 0.990822 0.990996 1.0373 1.01316 1.05045 1.01484 1.04258 1.05912 1.08595 1.10931 1.1207 1.12649 1.1569 1.14039 1.17889 1.19463 1.21439 1.25552 1.26764 1.26561 1.27797 1.30053 1.33066 1.29394 1.34507 1.38775 1.38489 1.3532 1.39762 1.45889 1.41731 1.47221 1.44501 1.55258 1.56772 1.57185 1.51156 
2.81706 2.70422 2.66636 2.60235 2.5516 2.52385 2.51516 2.47159 2.35541 2.37929 2.40209 2.26848 2.26794 2.18689 2.18724 2.13819 2.08943 2.03575 2.01019 1.98597 1.94286 1.89286 1.85683 1.7972 1.78349 1.73035 1.67266 1.67805 1.60141 1.57858 1.53829 1.49951 1.47465 1.44783 1.40713 1.35489 1.32666 1.29863 1.2639 1.23682 1.20944 1.17527 1.14985 1.12865 1.10848 1.08509 1.06453 1.04302 1.02811 1.01374 1 0.989827 0.981553 0.97328 0.96838 0.961369 0.962216 0.960367 0.955218 0.959285 0.977632 0.971008 0.97321 1.00661 0.994784 1.00745 1.00782 1.02575 1.04627 1.04398 1.06347 1.05863 1.08541 1.09498 1.12995 1.10188 1.14072 1.15921 1.19191 1.19921 1.20563 1.25485 1.24122 1.24391 1.27761 1.28688 1.33179 1.2977 1.31083 1.36917 1.34566 1.38504 1.38659 1.4326 1.49533 1.49177 1.47462 1.56024 1.54393 1.57285 1.50535 
2.76092 2.70951 2.6328 2.63498 2.58529 2.59814 2.46632 2.47615 2.41508 2.36242 2.31525 2.34844 2.25402 2.242 2.15519 2.11404 2.06242 2.0819 2.05218 1.99651 1.94202 1.92325 1.83669 1.8067 1.77307 1.71393 1.68657 1.66516 1.60758 1.56582 1.54058 1.48948 1.4589 1.43745 1.40153 1.35026 1.32126 1.29104 1.27244 1.22987 1.20819 1.17944 1.15154 1.12586 1.09901 1.08432 1.05947 1.04587 1.02823 1.01221 1 0.988461 0.980834 0.971801 0.960508 0.959502 0.957878 0.960723 0.966555 0.968497 0.958455 0.9694 0.990853 0.991567 0.995859 1.006 1.02486 1.0327 1.03009 1.06603 1.06283 1.04641 1.08196 1.12362 1.10375 1.17421 1.16825 1.16772 1.16258 1.20732 1.23907 1.18947 1.23926 1.24769 1.26795 1.30444 1.33647 1.30737 1.33648 1.3737 1.40002 1.3976 1.41851 1.4169 1.50099 1.44037 1.52394 1.54827 1.48157 1.57887 1.60691 
2.69586 2.78202 2.70008 2.64256 2.58387 2.58391 2.43387 2.45278 2.4169 2.4129 2.32011 2.27495 2.2458 2.24037 2.21005 2.12458 2.09577 2.02935 2.0107 1.96029 1.94503 1.87469 1.83829 1.80298 1.78276 1.70635 1.6488 1.63928 1.64262 1.55488 1.55095 1.50395 1.45994 1.41904 1.38432 1.35587 1.32441 1.30127 1.28065 1.23228 1.20846 1.16503 1.15295 1.12327 1.10122 1.07846 1.06474 1.04434 1.02779 1.01366 1 0.989538 0.980119 0.97411 0.964355 0.955473 0.963021 0.96161 0.965621 0.955588 0.976115 0.965409 0.969733 0.975286 0.997486 1.00022 1.00381 1.01464 1.05168 1.05138 1.09701 1.06657 1.10335 1.13992 1.12105 1.16201 1.21117 1.15648 1.20252 1.20534 1.19502 1.3227 1.2699 1.29047 1.28448 1.33096 1.41676 1.38365 1.42604 1.37372 1.42338 1.45806 1.40686 1.4605 1.48992 1.50848 1.48545 1.54325 1.60616 1.54952 1.55963 
2.79006 2.69758 2.64023 2.63608 2.62736 2.54945 2.47314 2.4396 2.45571 2.39041 2.29501 2.26353 2.28561 2.20956 2.14698 2.15101 2.04154 2.04509 1.99573 1.96659 1.93061 1.87071 1.82131 1.78159 1.75831 1.7029 1.67884 1.63659 1.58835 1.56734 1.5262 1.48334 1.47762 1.4091 1.39586 1.35711 1.32525 1.30636 1.25191 1.23007 1.21167 1.17483 1.139 1.11354 1.09677 1.08206 1.05674 1.04413 1.02562 1.01299 1 0.989013 0.981889 0.973842 0.972248 0.963736 0.95788 0.966526 0.964304 0.974114 0.979609 0.967003 0.977907 1.00149 0.996775 1.00564 1.00486 1.03173 1.04797 1.07148 1.07781 1.08027 1.11217 1.10391 1.11441 1.15607 1.18511 1.19357 1.20597 1.17784 1.20968 1.25526 1.26576 1.27702 1.3101 1.29182 1.29101 1.27509 1.40266 1.41342 1.43866 1.41545 1.45854 1.40536 1.49313 1.48904 1.53232 1.49558 1.53705 1.53315 1.58704 
2.70892 2.71832 2.70672 2.61496 2.57956 2.54154 2.51183 2.45797 2.41973 2.3718 2.29415 2.28098 2.27117 2.17662 2.18344 2.12334 2.0935 2.03317 2.04546 1.96932 1.90428 1.82403 1.83395 1.77505 1.7545 1.68558 1.69817 1.65144 1.60523 1.55296 1.5408 1.49934 1.46117 1.42635 1.40067 1.35684 1.32411 1.29282 1.25635 1.21735 1.19521 1.1737 1.15544 1.12194 1.10261 1.08082 1.06462 1.04434 1.02759 1.01302 1 0.990633 0.982074 0.971241 0.972519 0.967417 0.965781 0.966592 0.964883 0.959972 0.969418 0.982142 0.984823 0.996726 1.01045 1.01036 1.01877 1.03769 1.03331 1.02404 1.04017 1.06837 1.09274 1.12258 1.15826 1.15751 1.17798 1.15918 1.22962 1.24908 1.2459 1.26302 1.31678 1.29673 1.32046 1.34442 1.3429 1.3957 1.4037 1.4291 1.41748 1.41938 1.47177 1.44801 1.46176 1.53722 1.50414 1.52285 1.5525 1.55006 1.58982 
2.74951 2.75485 2.67467 2.6239 2.60383 2.51409 2.52676 2.47979 2.37687 2.37498 2.34472 2.26009 2.23262 2.18706 2.16374 2.10966 2.07112 2.01937 1.98535 1.94982 1.93394 1.88209 1.82242 1.83971 1.76086 1.72065 1.67698 1.63862 1.62794 1.54853 1.50643 1.47077 1.4595 1.41735 1.40287 1.35112 1.32459 1.30369 1.25952 1.23214 1.19943 1.17643 1.1429 1.11941 1.09315 1.07427 1.0554 1.04336 1.02716 1.01152 1 0.990385 0.982355 0.975816 0.968597 0.969098 0.96477 0.964331 0.965536 0.964261 0.97932 0.986303 0.993056 0.988476 1.01252 1.00627 1.02902 1.03429 1.05463 1.08297 1.08612 1.07953 1.10234 1.1206 1.12635 1.14748 1.17619 1.16419 1.17591 1.24184 1.24541 1.26344 1.30453 1.27177 1.29965 1.36182 1.44487 1.33921 1.42594 1.39926 1.42243 1.37363 1.46616 1.47222 1.474 1.55407 1.45305 1.59887 1.59553 1.605 1.65665 
2.73938 2.70485 2.68583 2.6141 2.56439 2.48994 2.46131 2.439 2.44156 2.37603 2.30997 2.2958 2.2606 2.21216 2.17391 2.1139 2.0732 2.00879 2.01341 1.95971 1.91554 1.85438 1.8372 1.78109 1.76022 1.72306 1.69843 1.64063 1.58711 1.56251 1.54103 1.49317 1.47448 1.41078 1.39013 1.35382 1.30558 1.30037 1.25309 1.2314 1.20699 1.18195 1.15433 1.12308 1.09863 1.0801 1.05836 1.04125 1.02348 1.01254 1 0.990733 0.980433 0.9745 0.970694 0.968712 0.959173 0.971877 0.965335 0.973497 0.973444 0.978198 0.986651 0.992936 1.00261 1.00414 1.03604 1.03075 1.0608 1.06083 1.09191 1.07832 1.10849 1.11756 1.12187 1.15332 1.13408 1.20711 1.21579 1.21689 1.27399 1.2911 1.31644 1.25159 1.34209 1.31384 1.36309 1.41891 1.36993 1.43461 1.40592 1.43912 1.52201 1.4969 1.52222 1.49913 1.5637 1.56268 1.62561 1.58987 1.59449 
2.68684 2.70766 2.62772 2.6642 2.56899 2.54484 2.50485 2.40058 2.39272 2.37235 2.35727 2.2909 2.28946 2.189 2.16272 2.12829 2.04406 2.04297 1.99 1.95 1.88163 1.86272 1.85174 1.79302 1.75246 1.73807 1.65318 1.64799 1.60324 1.56846 1.53139 1.49579 1.45601 1.4073 1.37808 1.34676 1.32453 1.28319 1.25531 1.21853 1.20167 1.15979 1.14243 1.12057 1.09106 1.07813 1.05517 1.04052 1.0261 1.01218 1 0.989118 0.981599 0.97586 0.977054 0.968647 0.966433 0.957744 0.968113 0.967937 0.983646 0.975946 0.992904 1.00775 0.991785 1.02656 1.03565 1.04135 1.06521 1.08092 1.09246 1.09662 1.1249 1.14972 1.14834 1.20984 1.19463 1.16996 1.24544 1.24439 1.28151 1.26893 1.35673 1.30607 1.30957 1.36746 1.39058 1.40156 1.46879 1.43034 1.42417 1.39664 1.53646 1.51471 1.50304 1.50156 1.64107 1.56201 1.55959 1.61993 1.69765 
2.69751 2.68887 2.67307 2.5712 2.52357 2.54116 2.48766 2.45061 2.38021 2.3515 2.32772 2.24158 2.27574 2.19347 2.16333 2.11531 2.07467 2.03936 1.97732 1.95816 1.87211 1.86661 1.84423 1.78484 1.74713 1.71571 1.6611 1.62443 1.59426 1.55603 1.51556 1.48371 1.43447 1.41734 1.37526 1.35212 1.32642 1.2899 1.25253 1.21101 1.19337 1.17086 1.14442 1.12077 1.1029 1.07955 1.05779 1.04166 1.0251 1.01232 1 0.990215 0.984064 0.979045 0.971011 0.968191 0.964304 0.972531 0.966354 0.97521 0.986885 0.998047 0.991709 0.988145 1.02418 1.00537 1.01672 1.04111 1.07981 1.08012 1.10463 1.09513 1.11578 1.12274 1.15072 1.16039 1.186 1.23317 1.25753 1.2313 1.3053 1.27833 1.35287 1.31794 1.33843 1.35712 1.40632 1.43135 1.45186 1.43728 1.4676 1.4996 1.49322 1.537 1.48896 1.5142 1.60504 1.55886 1.65155 1.65586 1.66643 
2.6562 2.68134 2.69462 2.60803 2.58738 2.52029 2.51072 2.39821 2.35854 2.34519 2.2884 2.32719 2.25097 2.18489 2.17043 2.10094 2.08082 2.03555 1.94423 1.95856 1.89631 1.88282 1.84955 1.78791 1.74302 1.69581 1.65382 1.62735 1.59551 1.53921 1.53646 1.48108 1.43737 1.41291 1.36289 1.33292 1.29235 1.2726 1.252 1.22805 1.18698 1.15806 1.14699 1.11353 1.10253 1.07904 1.05668 1.04117 1.02407 1.01168 1 0.990343 0.979921 0.977378 0.973395 0.96809 0.964329 0.967038 0.969833 0.980871 0.978723 0.973056 0.997374 0.996013 1.02119 1.0327 1.05071 1.05379 1.0735 1.09788 1.08041 1.10634 1.12977 1.13076 1.18948 1.15779 1.19353 1.19412 1.24869 1.24953 1.27137 1.2817 1.30885 1.36082 1.32439 1.39479 1.42155 1.37155 1.416 1.42759 1.43884 1.48758 1.52503 1.4817 1.57393 1.57634 1.63029 1.59075 1.67018 1.69139 1.66575 
2.77104 2.63402 2.62384 2.57246 2.54518 2.55875 2.51195 2.41449 2.41838 2.34899 2.32855 2.28164 2.26398 2.21087 2.11895 2.09422 2.05789 2.04256 1.97125 1.93803 1.90657 1.87286 1.8442 1.77981 1.72763 1.71919 1.65909 1.63448 1.60142 1.53756 1.51863 1.49085 1.42588 1.41581 1.37239 1.34597 1.3073 1.2779 1.24594 1.21892 1.1959 1.16293 1.13866 1.116 1.10094 1.07986 1.05284 1.03977 1.02094 1.01217 1 0.990247 0.985045 0.980944 0.970359 0.972952 0.96234 0.976987 0.977819 0.973296 0.978981 0.984462 1.00985 1.01144 1.01382 1.03061 1.03718 1.06003 1.07411 1.0833 1.129 1.09847 1.15093 1.15177 1.17886 1.17856 1.22486 1.21009 1.2543 1.23088 1.28104 1.30131 1.28607 1.30802 1.31898 1.43207 1.34795 1.40758 1.41731 1.40084 1.4717 1.49846 1.52415 1.55322 1.51136 1.50471 1.60737 1.64484 1.54693 1.72901 1.65237 
2.66668 2.61737 2.65625 2.62132 2.57113 2.47431 2.44993 2.42092 2.36842 2.40633 2.32476 2.28812 2.23855 2.17037 2.16127 2.10221 2.03815 2.0483 2.01702 1.94578 1.90894 1.85108 1.78943 1.78497 1.73934 1.70782 1.69658 1.62551 1.60472 1.56505 1.5232 1.4834 1.4134 1.4036 1.37275 1.33998 1.31564 1.27814 1.24785 1.22903 1.20545 1.16087 1.14467 1.11889 1.09919 1.07363 1.05697 1.04063 1.02671 1.01174 1 0.990134 0.981302 0.976244 0.970877 0.968478 0.967997 0.979822 0.971506 0.988318 0.99238 1.00734 0.996857 1.00707 1.0219 1.03175 1.07126 1.07399 1.07337 1.08999 1.08395 1.15936 1.15999 1.16501 1.14971 1.19736 1.21506 1.255 1.21253 1.28729 1.31882 1.29596 1.34419 1.34207 1.36093 1.45541 1.47018 1.40404 1.42416 1.42995 1.50566 1.49089 1.52079 1.48811 1.62578 1.57377 1.60437 1.63611 1.68284 1.60983 1.67333 
2.73675 2.6962 2.56866 2.56402 2.52644 2.47762 2.44896 2.38648 2.43225 2.38064 2.32163 2.27837 2.20611 2.19417 2.15051 2.0765 2.03561 2.00948 1.99985 1.90843 1.89022 1.86377 1.77055 1.77454 1.73929 1.69782 1.64612 1.62755 1.58463 1.52985 1.51431 1.46105 1.43614 1.42374 1.3798 1.33627 1.29795 1.26841 1.23918 1.22356 1.1952 1.15503 1.13616 1.11104 1.0961 1.06758 1.05552 1.03678 1.02175 1.01158 1 0.991341 0.984014 0.978516 0.977795 0.967401 0.978399 0.972055 0.973756 0.987501 0.985605 0.983841 1.00415 1.0201 1.04838 1.04938 1.06288 1.10249 1.09065 1.094 1.10862 1.13632 1.15421 1.15999 1.23633 1.18605 1.24676 1.26138 1.26807 1.26706 1.24542 1.27921 1.30876 1.32764 1.37773 1.44393 1.45307 1.45185 1.47367 1.48344 1.52196 1.52513 1.52581 1.62598 1.57038 1.63955 1.59818 1.78932 1.75772 1.74296 1.70566 
2.70288 2.67813 2.6726 2.64566 2.54956 2.47645 2.47494 2.40154 2.40348 2.39921 2.28166 2.25706 2.18653 2.17074 2.12651 2.08016 2.04078 1.98378 1.96292 1.91699 1.85792 1.86335 1.82776 1.77974 1.73324 1.69104 1.62509 1.61861 1.5771 1.55305 1.48553 1.45497 1.42263 1.40776 1.37221 1.3353 1.30327 1.2745 1.2378 1.20678 1.18731 1.1499 1.14033 1.11192 1.09295 1.07335 1.05531 1.03675 1.02198 1.01055 1 0.99127 0.985025 0.980229 0.975946 0.979254 0.983245 0.981527 0.97976 0.975398 1.00133 1.00527 0.997572 1.01973 1.04538 1.03316 1.06529 1.07428 1.07336 1.09967 1.1478 1.1068 1.17795 1.17333 1.20424 1.24062 1.22916 1.24281 1.33341 1.30045 1.27959 1.31986 1.35927 1.38059 1.40074 1.37862 1.45199 1.46612 1.45457 1.50189 1.50231 1.58802 1.55827 1.61326 1.64698 1.65404 1.54597 1.67299 1.71506 1.67327 1.7242 
2.6978 2.64365 2.57814 2.54701 2.5401 2.53884 2.42305 2.39566 2.37522 2.32464 2.27859 2.27465 2.21563 2.12412 2.15927 2.07028 2.02761 2.00253 2.01196 1.93405 1.92013 1.83769 1.8067 1.80757 1.72598 1.69299 1.65229 1.60282 1.59202 1.52135 1.52136 1.48277 1.44418 1.39233 1.37663 1.32984 1.29694 1.27051 1.2524 1.21501 1.19476 1.15883 1.1323 1.1052 1.08391 1.072 1.05134 1.03777 1.02031 1.01118 1 0.992382 0.982493 0.976461 0.976282 0.975741 0.975909 0.975111 0.986031 0.990362 0.990418 1.01414 1.00789 1.03533 1.04394 1.04211 1.06543 1.08581 1.07843 1.12354 1.14381 1.15381 1.1344 1.1754 1.19701 1.23413 1.23232 1.2087 1.26757 1.30146 1.28722 1.35025 1.38405 1.34343 1.38974 1.42142 1.38539 1.50408 1.57009 1.51563 1.5225 1.53517 1.64167 1.56695 1.69021 1.64676 1.67845 1.68928 1.68624 1.64203 1.73213 
2.71942 2.71318 2.59941 2.59306 2.55111 2.46111 2.4409 2.42967 2.3659 2.37148 2.32582 2.23586 2.19584 2.18702 2.12351 2.11681 2.03866 2.04267 1.97327 1.91673 1.86738 1.89679 1.8201 1.77481 1.71675 1.67442 1.64819 1.59629 1.58705 1.53951 1.51175 1.47329 1.42679 1.40744 1.36474 1.3327 1.29741 1.26898 1.24466 1.22782 1.1864 1.16306 1.13471 1.11081 1.08632 1.07137 1.05413 1.03425 1.02291 1.01053 1 0.992755 0.983695 0.986121 0.979877 0.976206 0.983221 0.979458 0.989647 0.996255 1.00094 0.997984 0.999015 1.02899 1.04049 1.04124 1.05251 1.07905 1.09301 1.10833 1.16309 1.15892 1.18125 1.19779 1.23746 1.24215 1.27715 1.25005 1.2543 1.31256 1.35019 1.33504 1.38478 1.40766 1.44106 1.44741 1.47361 1.46451 1.46467 1.50323 1.54332 1.61665 1.66958 1.57397 1.64892 1.68972 1.72121 1.74071 1.74632 1.67188 1.76611 
2.77195 2.67792 2.54228 2.55113 2.53904 2.45256 2.43951 2.4635 2.347 2.30429 2.25722 2.27769 2.2159 2.15773 2.09859 2.09553 2.04031 1.99215 1.96373 1.94638 1.85253 1.86394 1.80675 1.75762 1.73213 1.69383 1.6522 1.62468 1.59629 1.53504 1.48422 1.49704 1.43029 1.39268 1.39039 1.32688 1.31337 1.25789 1.24047 1.20607 1.18077 1.1534 1.12587 1.10691 1.09018 1.06977 1.05328 1.03361 1.02083 1.0098 1 0.991426 0.984188 0.98304 0.981078 0.974963 0.981811 0.987982 0.992285 1.00623 0.98816 1.00895 1.02071 1.03027 1.05361 1.03754 1.06126 1.081 1.09772 1.11926 1.14104 1.13993 1.17776 1.17047 1.20101 1.19564 1.24031 1.25565 1.29871 1.29218 1.3239 1.30289 1.38311 1.41471 1.45771 1.44575 1.43865 1.45224 1.43726 1.52012 1.5536 1.56058 1.61966 1.64722 1.65386 1.70529 1.71427 1.81143 1.71089 1.7745 1.68683 
2.68525 2.60804 2.61855 2.50389 2.50258 2.48352 2.42773 2.41097 2.37722 2.30725 2.28753 2.27535 2.2102 2.19522 2.11211 2.12949 2.05573 2.01032 1.95185 1.90338 1.87303 1.84304 1.80256 1.75944 1.71904 1.69643 1.67153 1.59593 1.5747 1.52355 1.49924 1.46695 1.42511 1.39067 1.33748 1.32571 1.29955 1.27015 1.24661 1.20397 1.185 1.15709 1.12718 1.11102 1.08814 1.06864 1.04924 1.03632 1.02246 1.01029 1 0.992397 0.98477 0.981548 0.982206 0.979317 0.972123 0.982091 0.993232 0.997274 1.00308 1.01144 1.01893 1.03722 1.04641 1.05773 1.06306 1.08656 1.08861 1.12499 1.15199 1.19177 1.17708 1.18494 1.20271 1.21764 1.26349 1.27233 1.34231 1.29675 1.33749 1.35633 1.39859 1.40257 1.37329 1.43417 1.52474 1.53317 1.48844 1.49412 1.56388 1.59502 1.62414 1.65856 1.73682 1.77121 1.74771 1.79895 1.81669 1.76779 1.81268 
2.66857 2.65438 2.52918 2.58995 2.52365 2.50613 2.46795 2.40651 2.37007 2.38249 2.26715 2.25643 2.21627 2.17647 2.10278 2.08409 2.03102 2.01069 1.96976 1.92607 1.90851 1.84834 1.79156 1.77274 1.69175 1.68235 1.64905 1.5954 1.56092 1.53895 1.47543 1.46099 1.43301 1.39219 1.34896 1.3126 1.30032 1.26115 1.23792 1.20039 1.18137 1.15412 1.13 1.09897 1.08548 1.06926 1.05396 1.03309 1.01964 1.00963 1 0.992389 0.984842 0.981141 0.984614 0.983817 0.984014 0.987517 0.995272 0.993579 1.00029 1.01603 1.02728 1.04361 1.06003 1.07879 1.07577 1.10283 1.11484 1.15571 1.16276 1.18105 1.17723 1.19477 1.20253 1.24773 1.26062 1.27766 1.30125 1.3414 1.36111 1.38859 1.42596 1.37615 1.43679 1.47768 1.41182 1.51305 1.53527 1.62866 1.56652 1.5982 1.66458 1.66922 1.59125 1.64313 1.73395 1.7501 1.81488 1.85076 1.82668 
2.63734 2.62646 2.59289 2.56549 2.52348 2.52544 2.4519 2.41834 2.36737 2.31566 2.26135 2.21948 2.18698 2.18357 2.11006 2.07619 2.05264 2.01058 1.94796 1.94839 1.88493 1.84401 1.76003 1.7682 1.70246 1.6716 1.61757 1.58691 1.56029 1.52752 1.48639 1.47137 1.42995 1.40225 1.34593 1.31217 1.3051 1.25373 1.23278 1.20608 1.17311 1.13991 1.11902 1.10654 1.08374 1.06256 1.04579 1.03615 1.02146 1.00905 1 0.992262 0.988716 0.980343 0.985044 0.982284 0.978694 0.981316 0.997202 0.99806 1.00148 1.00995 1.02846 1.03649 1.05623 1.07014 1.09341 1.09355 1.13141 1.12736 1.16305 1.16714 1.2006 1.22981 1.20002 1.22518 1.28963 1.27311 1.33061 1.35594 1.37627 1.36273 1.43448 1.37779 1.44462 1.47035 1.53038 1.53653 1.57174 1.55162 1.59351 1.62084 1.61092 1.73744 1.7736 1.62311 1.72958 1.70552 1.81203 1.71672 1.83687 
2.6297 2.66536 2.63419 2.5819 2.53408 2.51225 2.44975 2.36537 2.37464 2.31463 2.27456 2.25268 2.16434 2.12733 2.1129 2.05257 2.02043 1.98873 1.95795 1.90191 1.90921 1.82473 1.8132 1.73929 1.72848 1.68772 1.63833 1.61072 1.55632 1.50729 1.48752 1.45327 1.41752 1.37648 1.35604 1.31794 1.28944 1.26678 1.2308 1.19245 1.18473 1.14818 1.12563 1.11109 1.07902 1.06669 1.05207 1.03674 1.02168 1.00964 1 0.992409 0.98783 0.986226 0.981455 0.989129 0.982227 0.984374 1.00579 0.995837 1.00437 1.03387 1.0405 1.05121 1.05677 1.05042 1.09358 1.10046 1.14437 1.13962 1.15247 1.18036 1.19726 1.22443 1.21495 1.2578 1.30087 1.28165 1.31154 1.33638 1.38594 1.41962 1.40044 1.41881 1.44654 1.457 1.49853 1.5356 1.51247 1.56221 1.52898 1.62595 1.61059 1.6854 1.69743 1.79596 1.71843 1.77554 1.8704 1.77125 1.81597 
2.61705 2.63742 2.61342 2.58546 2.55523 2.51086 2.39217 2.34966 2.38482 2.29409 2.27628 2.19325 2.20426 2.11006 2.077 2.07871 2.04893 1.99309 1.97751 1.90754 1.86555 1.81771 1.7853 1.77022 1.72446 1.68822 1.67235 1.56636 1.53999 1.54149 1.4833 1.43487 1.3976 1.38472 1.33789 1.32555 1.29168 1.25156 1.22514 1.20166 1.17974 1.14724 1.1252 1.10052 1.08414 1.06627 1.04814 1.03608 1.01961 1.00916 1 0.992648 0.986709 0.985152 0.981678 0.97654 0.986344 0.991875 0.997471 0.996242 1.01591 1.01179 1.02991 1.05288 1.05966 1.08657 1.07366 1.10655 1.12255 1.15016 1.1472 1.17423 1.18647 1.186 1.2319 1.24908 1.2924 1.32166 1.31227 1.38075 1.38178 1.41549 1.43194 1.43428 1.48477 1.45684 1.51756 1.52023 1.57179 1.58793 1.62428 1.70097 1.72593 1.65307 1.70679 1.71938 1.84028 1.71687 1.75331 1.80729 1.90026 
2.73631 2.68771 2.59235 2.56064 2.52376 2.46255 2.41155 2.3256 2.33664 2.32848 2.30021 2.23346 2.15949 2.1845 2.06998 2.00004 2.0563 1.96398 1.95867 1.89128 1.84362 1.82191 1.79872 1.72104 1.69573 1.65994 1.60757 1.60394 1.55744 1.5088 1.47953 1.45036 1.44665 1.38092 1.35787 1.3152 1.29233 1.26684 1.2202 1.20066 1.17109 1.14793 1.12378 1.11144 1.08677 1.0666 1.04638 1.03407 1.02158 1.009 1 0.993474 0.990255 0.986643 0.984183 0.982892 0.993875 0.987826 0.987152 1.00022 1.02225 1.02917 1.03553 1.04896 1.06426 1.07083 1.09339 1.10859 1.12622 1.15287 1.14845 1.18005 1.21577 1.21637 1.23642 1.28903 1.29831 1.30583 1.28593 1.38396 1.3847 1.40604 1.46696 1.45902 1.50066 1.56024 1.53421 1.58959 1.58521 1.62985 1.6288 1.67659 1.75422 1.62155 1.68489 1.73484 1.798 1.7993 1.7425 1.76466 1.77876 
2.71155 2.60489 2.57081 2.52333 2.5281 2.41846 2.40947 2.3389 2.34811 2.27422 2.21124 2.18931 2.19353 2.17772 2.0808 2.06393 2.01975 1.9676 1.94953 1.89551 1.84306 1.79945 1.77768 1.73552 1.69353 1.7048 1.62547 1.59638 1.55902 1.51945 1.47311 1.43707 1.40453 1.37146 1.35957 1.33281 1.27345 1.26293 1.22653 1.20087 1.16705 1.15177 1.12663 1.10471 1.07974 1.06155 1.04702 1.02956 1.01964 1.01065 1 0.99345 0.989149 0.983872 0.986142 0.990144 0.988635 0.995666 1.00431 1.01671 1.00935 1.025 1.03625 1.04577 1.06658 1.08358 1.09134 1.10139 1.14741 1.12705 1.17053 1.23499 1.21983 1.22477 1.25155 1.30881 1.30321 1.31069 1.32679 1.34769 1.37539 1.40843 1.44498 1.5014 1.43036 1.47761 1.56098 1.62569 1.57141 1.57684 1.65642 1.6886 1.70107 1.66024 1.75013 1.77944 1.83645 1.76624 1.84589 1.85886 1.91985 
2.68306 2.63211 2.61412 2.52239 2.45248 2.45196 2.41774 2.31635 2.32878 2.33077 2.21331 2.22704 2.15474 2.15761 2.07616 2.02591 2.00755 2.00802 1.93157 1.86641 1.83299 1.81266 1.76243 1.75046 1.69293 1.66538 1.61832 1.57347 1.55819 1.53004 1.48737 1.44239 1.38497 1.38717 1.33311 1.30545 1.27733 1.2462 1.21576 1.18489 1.16491 1.14463 1.12866 1.10009 1.07644 1.06177 1.04344 1.03039 1.01771 1.0084 1 0.994029 0.989023 0.988558 0.980387 0.987392 0.999643 0.985249 1.00505 1.01103 1.01975 1.03781 1.04324 1.05736 1.05439 1.07652 1.08766 1.11981 1.14895 1.16338 1.18719 1.20888 1.22333 1.23671 1.28342 1.30422 1.34103 1.28156 1.33314 1.34576 1.38648 1.46063 1.46236 1.5011 1.52092 1.51846 1.51966 1.54925 1.66473 1.6848 1.65232 1.66632 1.78266 1.84049 1.76348 1.74167 1.8522 1.86569 1.9189 1.91551 1.92124 
2.69687 2.64762 2.60071 2.5349 2.51649 2.49367 2.41808 2.36095 2.29585 2.2929 2.31473 2.23851 2.17649 2.11824 2.10606 2.07962 2.00256 1.97623 1.93031 1.89368 1.87867 1.78566 1.78285 1.73451 1.70458 1.65551 1.63411 1.58646 1.54154 1.50382 1.49559 1.44145 1.41098 1.36855 1.35428 1.29882 1.28582 1.25533 1.21491 1.18913 1.18674 1.13699 1.13077 1.09677 1.0808 1.06031 1.04742 1.03461 1.01641 1.00897 1 0.993944 0.987849 0.987727 0.988673 0.992798 0.995921 0.99389 1.00115 1.01441 1.02505 1.02443 1.04954 1.03945 1.0663 1.07492 1.11593 1.10628 1.15406 1.16272 1.19277 1.18578 1.25466 1.25339 1.27466 1.26053 1.33077 1.35462 1.37957 1.33952 1.40314 1.41677 1.43154 1.47636 1.48911 1.52446 1.58314 1.57628 1.588 1.56667 1.73774 1.6644 1.75429 1.73008 1.80503 1.77244 1.91359 1.82772 1.89593 1.86571 1.87751 
2.6503 2.60909 2.54591 2.55441 2.48502 2.45549 2.42253 2.41324 2.37146 2.27974 2.26289 2.19002 2.17604 2.12005 2.11902 2.06266 2.01164 1.98068 1.93076 1.88662 1.85896 1.81879 1.77593 1.72734 1.69924 1.68813 1.6188 1.58385 1.56194 1.50865 1.49029 1.45515 1.40911 1.37388 1.35101 1.31702 1.29789 1.23483 1.21026 1.18418 1.15947 1.14964 1.12594 1.10624 1.08067 1.06054 1.05098 1.02792 1.01827 1.009 1 0.994419 0.987356 0.988868 0.990044 0.995432 0.992084 1.00381 1.00632 1.00127 1.03362 1.03248 1.05327 1.06527 1.07318 1.09073 1.10752 1.15727 1.15106 1.16568 1.16179 1.22792 1.22184 1.25521 1.21287 1.27245 1.32616 1.35562 1.39014 1.39738 1.40033 1.47556 1.48581 1.50647 1.4837 1.56361 1.5972 1.55964 1.59313 1.63232 1.64861 1.72209 1.71741 1.74141 1.7435 1.80697 1.79942 1.82119 1.87891 1.94998 1.91786 
2.67988 2.63387 2.55134 2.49258 2.49738 2.48995 2.46868 2.34093 2.39298 2.28857 2.2368 2.22118 2.21739 2.17641 2.06834 2.07584 1.99637 1.97194 1.95187 1.87872 1.83293 1.8358 1.77221 1.72397 1.68772 1.68353 1.64119 1.58955 1.55086 1.51356 1.45724 1.45154 1.39872 1.38179 1.34027 1.29343 1.2807 1.24384 1.23237 1.20058 1.16877 1.13888 1.12399 1.0916 1.07615 1.06063 1.04599 1.03115 1.01797 1.00831 1 0.993379 0.990495 0.987164 0.984881 0.990474 0.996886 0.997508 1.00865 1.00711 1.01853 1.02684 1.05292 1.0716 1.07738 1.0744 1.10379 1.11436 1.16199 1.12524 1.14199 1.23076 1.2433 1.29236 1.2578 1.31508 1.3249 1.34925 1.38789 1.39093 1.49036 1.43948 1.4759 1.529 1.498 1.56716 1.61182 1.52929 1.66171 1.62858 1.62975 1.57714 1.74774 1.81126 1.85501 1.79018 1.83711 1.93587 1.87595 1.97196 1.86283 
2.7023 2.60653 2.5487 2.54315 2.53581 2.43103 2.43791 2.35871 2.30485 2.24208 2.20725 2.21562 2.14702 2.10303 2.06917 2.01946 2.03558 1.97403 1.93816 1.89518 1.83586 1.83241 1.79058 1.7364 1.70433 1.65777 1.60418 1.60159 1.55443 1.50835 1.4728 1.41749 1.42507 1.37285 1.34414 1.31968 1.26016 1.24764 1.22292 1.19151 1.16332 1.1385 1.12205 1.09937 1.07524 1.05913 1.04761 1.02886 1.01731 1.0076 1 0.994441 0.989326 0.98517 0.986949 0.983859 0.998077 0.987474 1.01503 1.00791 1.02274 1.03452 1.04938 1.06718 1.09346 1.08534 1.10193 1.11392 1.13685 1.16678 1.20154 1.20546 1.21436 1.28435 1.29585 1.29383 1.26013 1.38664 1.3562 1.43419 1.42437 1.48155 1.53409 1.51381 1.51999 1.5705 1.60896 1.64974 1.63196 1.62395 1.6975 1.66952 1.78752 1.7964 1.80783 1.7398 1.8749 1.85855 1.87121 1.94806 2.01113 
2.61399 2.60701 2.57785 2.5835 2.51751 2.46645 2.38924 2.388 2.33578 2.26413 2.25822 2.22568 2.16244 2.09748 2.09254 2.03803 2.00601 1.96182 1.89702 1.90149 1.85247 1.79695 1.78521 1.74294 1.69022 1.67484 1.63226 1.55977 1.52822 1.50909 1.50407 1.44959 1.4088 1.38778 1.35538 1.3127 1.27406 1.25275 1.21241 1.20433 1.15182 1.1398 1.12098 1.09643 1.07529 1.05909 1.0438 1.02736 1.01882 1.00796 1 0.99448 0.989226 0.988385 0.986305 0.990182 0.994058 0.985415 1.00976 1.01998 1.02308 1.02256 1.05983 1.06598 1.09475 1.09486 1.10813 1.12971 1.14436 1.18223 1.19061 1.21383 1.21297 1.25399 1.28663 1.30257 1.35254 1.36039 1.40098 1.37759 1.40199 1.50454 1.44795 1.54649 1.54128 1.59286 1.60087 1.62757 1.60542 1.68478 1.71878 1.72429 1.81794 1.77761 1.75446 1.91239 1.84277 1.85322 1.91689 1.92891 1.93511 
2.70765 2.6425 2.59539 2.56136 2.47365 2.48179 2.38592 2.40597 2.33027 2.2656 2.21164 2.2168 2.17742 2.09824 2.08701 2.10738 2.00851 1.98651 1.95399 1.87065 1.84546 1.79484 1.79868 1.7221 1.70823 1.64994 1.6165 1.59912 1.54425 1.51901 1.4612 1.45763 1.40344 1.36277 1.34947 1.30846 1.28889 1.25027 1.22409 1.20601 1.15811 1.13462 1.11465 1.08706 1.07502 1.05965 1.04376 1.03172 1.01801 1.00808 1 0.994446 0.989514 0.991627 0.982349 0.990454 0.997244 0.992626 1.01074 1.01699 1.02527 1.0353 1.04524 1.06365 1.0845 1.11257 1.11657 1.13555 1.16098 1.19382 1.21905 1.21253 1.22316 1.27481 1.2534 1.27795 1.3324 1.33778 1.41397 1.4513 1.39069 1.43449 1.4922 1.48073 1.54703 1.56716 1.59094 1.58518 1.57388 1.67251 1.73531 1.72908 1.71868 1.71073 1.81368 1.84644 1.77481 1.96464 1.8428 1.97934 1.92803 
2.64827 2.54717 2.60675 2.52709 2.51011 2.46052 2.42992 2.33593 2.29859 2.26894 2.25698 2.20105 2.17545 2.09859 2.06747 2.02707 2.0041 1.96037 1.90178 1.89118 1.87806 1.80203 1.7632 1.75174 1.72123 1.66786 1.63393 1.57706 1.56098 1.52208 1.48295 1.43104 1.41194 1.37115 1.33674 1.29444 1.27645 1.24148 1.20887 1.20274 1.15865 1.14229 1.1141 1.09719 1.07919 1.06132 1.04619 1.03087 1.01876 1.00782 1 0.994272 0.989465 0.989739 0.992339 0.990737 0.996687 1.00595 1.0215 1.01813 1.03853 1.04269 1.056 1.06521 1.12148 1.10585 1.1055 1.16034 1.1409 1.17184 1.19711 1.20531 1.25991 1.30619 1.28973 1.28558 1.31549 1.37637 1.37757 1.41941 1.4209 1.47678 1.44797 1.45688 1.55814 1.60875 1.54224 1.68864 1.65941 1.70937 1.703 1.73914 1.67053 1.79324 1.82711 1.80107 1.84412 1.95146 1.91831 1.91007 1.94367 
2.64582 2.60859 2.58282 2.48714 2.52309 2.44211 2.4084 2.38372 2.3521 2.2932 2.24425 2.23016 2.15012 2.12012 2.10067 2.04325 2.01477 1.9621 1.91962 1.8806 1.84701 1.78212 1.76627 1.76426 1.71849 1.6278 1.59819 1.58034 1.52726 1.52117 1.46678 1.45305 1.39656 1.37082 1.31474 1.30414 1.26637 1.2424 1.21462 1.19185 1.17082 1.13735 1.11564 1.08738 1.07884 1.05963 1.03984 1.03079 1.01544 1.00786 1 0.996393 0.990018 0.988352 0.990277 0.998245 0.995586 1.00884 1.00899 1.01227 1.03428 1.04246 1.0586 1.06657 1.11065 1.11676 1.10509 1.15525 1.16727 1.16278 1.22373 1.23626 1.25621 1.29232 1.3123 1.28587 1.35088 1.38871 1.3937 1.44754 1.44851 1.44007 1.47371 1.48717 1.55666 1.56102 1.59057 1.61292 1.60026 1.71916 1.70124 1.70597 1.7734 1.81349 1.92583 1.91032 1.91213 1.88683 1.87174 1.93596 2.06457 
2.65943 2.64356 2.58873 2.47015 2.53181 2.43255 2.39138 2.39255 2.2801 2.27207 2.21466 2.19778 2.13871 2.10533 2.0683 2.04942 2.02555 1.96919 1.92853 1.88183 1.86189 1.82411 1.82347 1.74307 1.70115 1.6336 1.61381 1.59844 1.55747 1.51323 1.46852 1.43108 1.40954 1.3532 1.34431 1.29462 1.26582 1.25797 1.22794 1.18485 1.16979 1.14679 1.124 1.10191 1.07469 1.05773 1.04483 1.02837 1.01625 1.00701 1 0.995029 0.989835 0.98419 0.989183 0.992435 0.994928 0.996921 1.0078 1.0168 1.03005 1.03933 1.04778 1.08879 1.09056 1.10531 1.12328 1.12804 1.15806 1.18553 1.21441 1.22308 1.22086 1.26831 1.28789 1.32803 1.3326 1.40563 1.42005 1.42971 1.43701 1.49214 1.49771 1.52374 1.52277 1.53016 1.66373 1.66669 1.63217 1.6941 1.6819 1.70024 1.70144 1.79379 1.85262 1.79313 1.87817 1.92919 1.93252 1.90656 2.04859 
2.6786 2.60258 2.57814 2.55445 2.47375 2.43219 2.37499 2.35486 2.3311 2.30013 2.25301 2.19297 2.14834 2.1206 2.11229 2.06197 1.95857 1.98854 1.90582 1.9202 1.82228 1.80313 1.75502 1.70268 1.69691 1.6318 1.61112 1.60797 1.51413 1.50672 1.49671 1.44844 1.40386 1.35927 1.31873 1.29809 1.27962 1.23861 1.21308 1.18864 1.17108 1.14177 1.12506 1.09649 1.07521 1.05855 1.04352 1.0275 1.01912 1.00853 1 0.994962 0.991067 0.98986 0.98675 0.997709 0.997551 0.997254 1.00754 1.01555 1.04442 1.04284 1.0434 1.06736 1.09974 1.09209 1.10955 1.12459 1.14059 1.21121 1.20716 1.2576 1.21797 1.24105 1.31604 1.30153 1.33811 1.33317 1.41198 1.46162 1.48449 1.46766 1.55116 1.52963 1.58435 1.57023 1.58052 1.63658 1.65897 1.62226 1.6731 1.76637 1.78329 1.75411 1.84595 1.89076 1.86623 1.92283 1.97113 2.00127 1.93987 
2.6404 2.63733 2.59267 2.48827 2.52597 2.44811 2.37748 2.36433 2.31742 2.27521 2.21464 2.2084 2.17535 2.09986 2.06329 2.02689 2.03555 1.95031 1.93324 1.88134 1.856 1.80296 1.77157 1.70246 1.72332 1.65415 1.61463 1.57839 1.52613 1.5026 1.48164 1.42809 1.38755 1.36811 1.34989 1.30417 1.27253 1.24991 1.20098 1.19663 1.15851 1.13559 1.12097 1.09623 1.07409 1.05746 1.04161 1.02777 1.01668 1.00916 1 0.994103 0.988804 0.992192 0.993293 0.990916 0.997676 1.00668 1.01388 1.01254 1.02472 1.05156 1.04848 1.07192 1.08878 1.09462 1.12701 1.13784 1.15814 1.17827 1.19497 1.2285 1.2495 1.25375 1.30723 1.33826 1.32932 1.38696 1.38634 1.43555 1.5017 1.48769 1.51825 1.53241 1.56848 1.62442 1.59062 1.59148 1.65754 1.67468 1.74637 1.72101 1.73135 1.79102 1.86949 1.84949 1.80379 1.91265 2.00256 1.96245 1.93387 
2.69232 2.6144 2.56823 2.5612 2.44225 2.46419 2.45966 2.41423 2.32559 2.2457 2.2167 2.17069 2.18058 2.11351 2.07466 2.02647 1.9886 1.94106 1.92978 1.85952 1.8554 1.7955 1.74488 1.74123 1.69069 1.64015 1.62602 1.59031 1.52667 1.51367 1.4669 1.44155 1.39576 1.36412 1.33252 1.31328 1.26737 1.23951 1.20464 1.17977 1.15717 1.12971 1.11421 1.10047 1.07628 1.05403 1.04481 1.02621 1.01658 1.00701 1 0.994272 0.990851 0.985554 0.991823 0.988928 1.0034 1.01242 1.00779 1.00598 1.03501 1.05089 1.06069 1.06708 1.08641 1.12709 1.12141 1.14714 1.18325 1.18927 1.17987 1.21226 1.25092 1.29637 1.3263 1.32645 1.37071 1.34989 1.39341 1.41565 1.42142 1.48959 1.50583 1.56875 1.56017 1.57744 1.5997 1.66598 1.64697 1.70626 1.73533 1.80641 1.77544 1.80218 1.89246 1.91976 1.94772 1.915 1.95174 1.93589 2.02156 
2.63314 2.58781 2.59883 2.56576 2.5061 2.44119 2.35725 2.36874 2.31422 2.25282 2.25716 2.20556 2.15578 2.11367 2.06972 2.03189 1.99734 1.96636 1.912 1.8979 1.82676 1.80701 1.74611 1.71275 1.67933 1.64613 1.6048 1.58546 1.54583 1.51382 1.47243 1.4134 1.38869 1.37233 1.3461 1.28783 1.29656 1.24447 1.21752 1.19334 1.15905 1.14184 1.10378 1.09598 1.07803 1.06097 1.03968 1.02689 1.0181 1.00792 1 0.994304 0.992612 0.988764 0.991972 0.993674 0.995298 1.0038 1.01119 1.01348 1.02904 1.06318 1.04159 1.05963 1.10073 1.10038 1.13126 1.1577 1.16485 1.20502 1.20826 1.23478 1.26602 1.27508 1.3255 1.33631 1.37029 1.37781 1.41929 1.45588 1.42659 1.48011 1.49755 1.53642 1.54576 1.57621 1.61865 1.63547 1.6636 1.76526 1.69959 1.68074 1.77331 1.77355 1.79572 1.8705 1.8664 1.8503 1.87266 1.9768 2.04436 
2.64534 2.6053 2.5482 2.42366 2.4815 2.40503 2.47126 2.36683 2.35055 2.29294 2.23595 2.14831 2.16318 2.11751 2.0894 2.01142 1.9792 1.92273 1.93517 1.85099 1.83915 1.8132 1.75329 1.72601 1.70988 1.6373 1.60952 1.58103 1.53886 1.49704 1.4582 1.43735 1.39939 1.35958 1.32966 1.30464 1.25601 1.23255 1.20732 1.18699 1.15526 1.14228 1.10097 1.09046 1.07755 1.05687 1.03916 1.0286 1.01609 1.00819 1 0.995162 0.991641 0.988299 0.99306 0.991107 1.00351 0.999478 1.01018 1.03229 1.03781 1.05156 1.06117 1.0755 1.09252 1.11685 1.1415 1.18385 1.17319 1.19667 1.21383 1.22494 1.25657 1.2903 1.29497 1.31882 1.37763 1.41096 1.38989 1.47251 1.42213 1.48815 1.53209 1.49104 1.53857 1.59893 1.61505 1.68748 1.66172 1.64291 1.67765 1.72472 1.80638 1.84182 1.8785 1.90665 1.8399 1.95134 2.00244 2.02972 2.06345 
2.70513 2.58403 2.54098 2.56624 2.48433 2.43303 2.42067 2.35224 2.37151 2.27661 2.24944 2.17839 2.1682 2.10424 2.03772 2.03376 2.02417 1.97217 1.93815 1.87836 1.86136 1.80408 1.75344 1.7461 1.687 1.63356 1.5882 1.57074 1.52513 1.51539 1.47598 1.43908 1.40045 1.37159 1.32329 1.30401 1.26671 1.239 1.21688 1.18916 1.1595 1.1382 1.11658 1.09929 1.07718 1.05094 1.04611 1.02864 1.01603 1.00599 1 0.995583 0.991571 0.993081 0.98594 0.992199 0.997002 1.00309 1.01389 1.01764 1.04378 1.05059 1.05346 1.0781 1.08178 1.10531 1.12984 1.1798 1.16128 1.1669 1.20709 1.25686 1.23998 1.29171 1.33951 1.33533 1.38996 1.36973 1.40244 1.4313 1.42666 1.46677 1.52336 1.53404 1.53391 1.53884 1.63507 1.62326 1.73997 1.68476 1.76335 1.8158 1.71487 1.80158 1.82314 1.90137 1.89998 1.88218 1.99669 2.01433 2.01952 
2.6555 2.56551 2.53859 2.52523 2.44431 2.43042 2.3195 2.33561 2.36793 2.27995 2.21371 2.18618 2.13165 2.09853 2.05635 2.01243 2.00944 1.9408 1.90531 1.86171 1.84074 1.78033 1.80688 1.70333 1.68492 1.64023 1.62256 1.56606 1.53459 1.50991 1.47183 1.44382 1.39634 1.35975 1.32277 1.29972 1.27652 1.22605 1.22296 1.19247 1.15612 1.1362 1.11223 1.08283 1.08004 1.05802 1.03832 1.02991 1.0169 1.00575 1 0.993797 0.990035 0.990706 0.989584 0.998418 0.997498 1.0085 1.01829 1.02715 1.032 1.03965 1.06012 1.07601 1.07393 1.09855 1.13158 1.16092 1.15876 1.16793 1.22676 1.24766 1.22515 1.27554 1.28143 1.3619 1.34857 1.38353 1.40269 1.4517 1.43224 1.42881 1.53876 1.57349 1.55559 1.55057 1.62128 1.64603 1.70133 1.68276 1.6651 1.70092 1.75894 1.85476 1.83014 1.86788 1.93952 1.89311 1.9739 1.99717 2.02596 
2.64677 2.56618 2.52586 2.52169 2.46904 2.43558 2.40609 2.35045 2.32876 2.24086 2.22893 2.15404 2.12057 2.07909 2.09062 2.04169 1.99497 1.95893 1.91705 1.8638 1.85626 1.77807 1.75397 1.71508 1.68654 1.63583 1.61508 1.58625 1.55519 1.51713 1.45373 1.43306 1.39538 1.36577 1.33391 1.30149 1.27102 1.2456 1.22249 1.18083 1.16961 1.13016 1.12432 1.09897 1.07265 1.05869 1.04334 1.02797 1.01592 1.00661 1 0.996243 0.991797 0.987585 0.990741 0.994639 0.998898 1.00971 1.02361 1.01879 1.03325 1.05652 1.06025 1.09676 1.0705 1.13434 1.14223 1.15873 1.17184 1.19334 1.20751 1.25454 1.237 1.31542 1.27979 1.2761 1.33965 1.38993 1.39868 1.46189 1.44313 1.5106 1.50295 1.51333 1.57575 1.51765 1.65554 1.69251 1.68472 1.72288 1.76671 1.73119 1.77098 1.80835 1.9075 1.80852 1.87005 1.90196 1.92937 2.05683 2.03798 
2.642 2.63901 2.62633 2.49753 2.46302 2.44439 2.4405 2.35559 2.32331 2.24674 2.21459 2.21526 2.15316 2.09936 2.12743 2.04533 2.00117 1.95995 1.92868 1.92779 1.83289 1.82824 1.77725 1.72301 1.68551 1.63512 1.62362 1.56662 1.5316 1.48117 1.49571 1.42657 1.41439 1.35289 1.33792 1.31101 1.25545 1.24061 1.20909 1.19534 1.16907 1.13637 1.11124 1.09753 1.07714 1.05486 1.04832 1.03225 1.01629 1.00705 1 0.995375 0.991238 0.988184 0.99216 0.998686 1.00317 0.999671 1.01653 1.00758 1.04159 1.04082 1.05356 1.084 1.07815 1.10469 1.1253 1.13826 1.16588 1.19929 1.19985 1.23564 1.25131 1.26222 1.32701 1.34987 1.30857 1.40496 1.39592 1.42667 1.50619 1.4669 1.5539 1.52169 1.50352 1.56989 1.65298 1.65199 1.66094 1.72481 1.67593 1.73676 1.80716 1.70344 1.8318 1.90644 1.90639 2.00818 1.9178 1.88801 1.9288 
2.61704 2.5712 2.56629 2.47676 2.43253 2.45501 2.40292 2.32701 2.31225 2.27698 2.22711 2.22875 2.13457 2.14019 2.07989 2.02063 1.97346 1.94081 1.94304 1.88127 1.85664 1.77938 1.7692 1.70761 1.65086 1.65185 1.61039 1.55426 1.52919 1.52436 1.44931 1.42574 1.41503 1.36473 1.32712 1.30751 1.26185 1.24247 1.21586 1.186 1.15402 1.13544 1.112 1.0931 1.07043 1.05542 1.04149 1.02948 1.01655 1.00637 1 0.994837 0.989067 0.992066 0.98945 0.997162 0.995737 1.00703 1.01687 1.03135 1.02821 1.05301 1.04145 1.06969 1.08673 1.12831 1.12678 1.1689 1.18712 1.18035 1.2376 1.21977 1.26052 1.30151 1.29266 1.31672 1.37398 1.35591 1.41682 1.43573 1.46279 1.47182 1.49062 1.5442 1.55169 1.58261 1.64524 1.68041 1.69798 1.65822 1.75931 1.74561 1.76493 1.77843 1.76626 1.84668 2.00112 1.94008 1.9847 1.99008 2.07465 
2.63253 2.60998 2.55888 2.54658 2.51906 2.42159 2.39325 2.35578 2.32769 2.2453 2.2667 2.24196 2.1185 2.16322 2.06838 2.02716 1.99332 1.91596 1.89896 1.87235 1.8446 1.79215 1.73904 1.70296 1.68386 1.65124 1.59009 1.58179 1.5259 1.49276 1.46405 1.43117 1.38975 1.36136 1.33209 1.29009 1.26414 1.23516 1.20577 1.17664 1.16054 1.14083 1.12594 1.08867 1.07321 1.05534 1.04297 1.02583 1.01695 1.00791 1 0.996219 0.988728 0.99164 0.990653 0.993561 1.00288 1.00722 1.02052 1.03377 1.03446 1.04236 1.06946 1.08687 1.08178 1.09937 1.13235 1.15156 1.14377 1.18308 1.19624 1.22571 1.28965 1.25682 1.27799 1.37875 1.33426 1.3561 1.46045 1.46103 1.4679 1.51803 1.46806 1.50664 1.55049 1.56291 1.61395 1.6037 1.69051 1.75072 1.68489 1.73397 1.7558 1.86607 1.7959 1.8277 1.94117 2.01191 2.01642 1.93321 2.06623 
2.6336 2.60389 2.54871 2.50592 2.46026 2.42139 2.43815 2.40933 2.31165 2.29345 2.22578 2.14928 2.14365 2.11555 2.10921 2.04368 2.00925 1.93865 1.93884 1.85736 1.86141 1.8149 1.76476 1.74188 1.68898 1.63348 1.58731 1.58407 1.53139 1.48402 1.47119 1.40489 1.40373 1.35253 1.33303 1.29407 1.28006 1.24327 1.21249 1.19071 1.15577 1.14719 1.10481 1.09359 1.0659 1.05629 1.04435 1.03182 1.01867 1.00773 1 0.995104 0.993156 0.993097 0.989347 0.994087 0.996343 1.00035 1.00783 1.03443 1.03167 1.05644 1.06037 1.07039 1.0887 1.10843 1.12392 1.14352 1.16641 1.16294 1.19178 1.21669 1.24436 1.25952 1.28711 1.33226 1.32485 1.41276 1.45917 1.42867 1.44886 1.46292 1.5313 1.54204 1.55339 1.60679 1.59995 1.63934 1.66648 1.66565 1.72164 1.81994 1.80934 1.77871 1.77118 1.98748 1.90802 1.92083 1.92871 1.98453 1.95707 
2.59933 2.61211 2.57124 2.5099 2.5172 2.43224 2.42738 2.33789 2.33636 2.30022 2.24443 2.18763 2.14822 2.11892 2.08951 2.01279 1.96305 1.93682 1.93255 1.84833 1.83781 1.75988 1.75222 1.72162 1.69983 1.63615 1.56746 1.5691 1.53274 1.50045 1.45839 1.43447 1.37571 1.34827 1.34044 1.29121 1.274 1.22998 1.22232 1.1989 1.15708 1.13974 1.11586 1.09235 1.07834 1.05484 1.04754 1.02406 1.0149 1.00728 1 0.993981 0.993534 0.99189 0.992051 0.995938 1.00669 1.00092 1.00754 1.02008 1.02675 1.04223 1.04913 1.0921 1.11438 1.10911 1.13204 1.12008 1.18519 1.16886 1.21138 1.21229 1.26641 1.28723 1.35752 1.3191 1.36798 1.38161 1.39589 1.40622 1.46205 1.50373 1.47585 1.50407 1.59756 1.60762 1.61249 1.65211 1.64787 1.74989 1.70837 1.80997 1.74847 1.79519 1.92739 1.86725 1.84814 1.95567 1.89382 2.02443 1.97728 
2.62019 2.59685 2.57545 2.49063 2.53057 2.44665 2.36665 2.3125 2.34347 2.27229 2.23346 2.2108 2.16988 2.13525 2.07409 2.04141 1.94954 1.98128 1.91051 1.82879 1.81618 1.82435 1.75186 1.68973 1.68679 1.6733 1.63557 1.56281 1.54005 1.48395 1.4643 1.43429 1.39529 1.37891 1.32962 1.2967 1.26657 1.24272 1.22353 1.17872 1.1494 1.14093 1.09542 1.09475 1.06892 1.06007 1.0381 1.03075 1.01589 1.00741 1 0.994252 0.990746 0.992289 0.989035 0.991565 1.00028 1.00075 1.01053 1.02568 1.04089 1.03187 1.05778 1.0613 1.0949 1.10912 1.12723 1.15587 1.15494 1.1843 1.21234 1.25074 1.2683 1.28484 1.28313 1.35381 1.33892 1.38206 1.39066 1.42923 1.44995 1.56374 1.5025 1.51241 1.56519 1.5966 1.5785 1.6657 1.74698 1.65716 1.80102 1.74224 1.79122 1.7954 1.88648 1.86738 1.8344 1.91937 1.90346 1.95893 1.98286 
2.61789 2.56642 2.49448 2.48424 2.46537 2.42367 2.42062 2.36146 2.30297 2.22909 2.25833 2.18415 2.15086 2.12126 2.08224 2.01482 1.98832 1.94802 1.91189 1.87684 1.862 1.81558 1.74331 1.74681 1.70996 1.63348 1.61121 1.54682 1.54442 1.48261 1.4595 1.42973 1.40648 1.36732 1.32523 1.30919 1.25753 1.24679 1.21919 1.19314 1.15926 1.13659 1.10179 1.09018 1.07081 1.05345 1.03953 1.02506 1.01748 1.00677 1 0.995102 0.990669 0.990339 0.993396 0.995945 0.999841 1.00323 1.01457 1.02346 1.05162 1.05066 1.07149 1.07745 1.10278 1.1179 1.14392 1.12592 1.16237 1.18716 1.20927 1.22534 1.25236 1.27259 1.32694 1.31879 1.35898 1.40594 1.39294 1.39727 1.46871 1.54318 1.46887 1.54975 1.53084 1.58814 1.64913 1.65322 1.69623 1.66672 1.78084 1.70034 1.8051 1.80443 1.91207 1.91455 1.94366 1.95164 1.95641 1.92696 2.06379 
2.66193 2.60765 2.53824 2.50254 2.50159 2.44945 2.38197 2.37554 2.30193 2.29963 2.22721 2.18062 2.11782 2.09544 2.0687 2.0116 2.00912 1.93058 1.94213 1.92154 1.82754 1.82053 1.74874 1.71065 1.69586 1.67606 1.61498 1.57204 1.53445 1.48091 1.47519 1.44032 1.37934 1.35465 1.33881 1.29167 1.27576 1.22929 1.20068 1.19014 1.17379 1.13457 1.1153 1.08148 1.07523 1.05831 1.04505 1.0314 1.01758 1.00738 1 0.99509 0.990526 0.987649 0.993788 0.993046 1.00242 1.00514 1.01489 1.02651 1.03112 1.06715 1.06114 1.07524 1.08781 1.12183 1.14315 1.16038 1.15569 1.18014 1.20889 1.19655 1.26519 1.29324 1.27705 1.34599 1.42716 1.37967 1.42409 1.42506 1.51356 1.46078 1.5292 1.56832 1.5833 1.57275 1.69646 1.72651 1.75528 1.7108 1.70752 1.72523 1.80449 1.77864 1.83786 1.88083 1.9007 1.94341 1.93303 1.94481 2.0558 
2.6444 2.64418 2.5093 2.56603 2.44541 2.4553 2.3983 2.35583 2.34131 2.22853 2.22454 2.19876 2.15208 2.13793 2.03923 2.02863 2.04083 1.96773 1.91958 1.85904 1.79559 1.79476 1.77213 1.74324 1.67632 1.63976 1.58424 1.57436 1.53178 1.50405 1.4552 1.4294 1.39663 1.36093 1.32295 1.29596 1.2709 1.2422 1.21061 1.18992 1.16208 1.13959 1.12125 1.09186 1.06815 1.0558 1.04665 1.02484 1.01638 1.00732 1 0.995809 0.991125 0.991864 0.993381 0.995599 0.99553 1.00559 1.01758 1.01799 1.03418 1.05073 1.0606 1.07404 1.10171 1.12108 1.13529 1.15383 1.1505 1.18151 1.19587 1.22384 1.25244 1.2866 1.33588 1.26185 1.34492 1.37975 1.3583 1.44886 1.44347 1.5066 1.52133 1.53478 1.57372 1.62209 1.58197 1.77841 1.686 1.71644 1.7127 1.80899 1.78507 1.86209 1.83202 1.86719 1.83 1.83173 1.9206 2.03375 1.96257 
2.67562 2.57734 2.57744 2.46828 2.45793 2.36455 2.40394 2.30695 2.30324 2.28781 2.25446 2.24634 2.16575 2.12132 2.09843 2.01906 1.98956 1.97965 1.92514 1.86101 1.84054 1.81108 1.77635 1.69576 1.70881 1.62337 1.60248 1.56765 1.52323 1.50639 1.46822 1.41305 1.38882 1.36626 1.33406 1.29494 1.25673 1.24661 1.21142 1.18537 1.15404 1.1287 1.11287 1.09132 1.07401 1.05872 1.04222 1.02884 1.01685 1.00721 1 0.995555 0.991506 0.987544 0.984941 0.988788 1.00044 1.00394 1.01894 1.02226 1.02826 1.05479 1.07081 1.07977 1.10906 1.13522 1.14546 1.16343 1.19014 1.18608 1.23543 1.21542 1.25012 1.25913 1.29711 1.30691 1.37889 1.36711 1.41429 1.45412 1.51146 1.50003 1.55722 1.54373 1.57616 1.5648 1.60219 1.63254 1.75285 1.69956 1.76659 1.7175 1.87398 1.84339 1.79875 1.93195 1.95025 1.96879 1.89272 2.00725 1.94682 
2.6655 2.57758 2.5174 2.51673 2.46786 2.4353 2.392 2.39729 2.27829 2.20026 2.22229 2.20692 2.17372 2.11437 2.07003 2.03806 1.969 1.96749 1.94264 1.84989 1.85723 1.80305 1.75481 1.70523 1.68293 1.61885 1.59967 1.56374 1.54494 1.50744 1.47383 1.42856 1.38819 1.36 1.33024 1.30072 1.27271 1.23494 1.21678 1.18423 1.14739 1.14087 1.11289 1.08569 1.07577 1.05189 1.04234 1.02919 1.01652 1.00836 1 0.995844 0.992688 0.989252 0.989995 0.995739 1.00574 0.998754 1.00375 1.02768 1.04395 1.04907 1.04899 1.08237 1.0687 1.10539 1.11936 1.14343 1.20548 1.2133 1.20339 1.26105 1.28035 1.28859 1.27556 1.29567 1.39603 1.39372 1.41985 1.4472 1.43509 1.55174 1.48444 1.54211 1.54615 1.60818 1.57714 1.65432 1.66789 1.71722 1.73851 1.77954 1.81466 1.85808 1.79371 1.91598 1.93596 1.91992 1.99859 2.03963 2.03818 
2.63288 2.60435 2.54639 2.50916 2.43331 2.47619 2.41763 2.30485 2.32303 2.24206 2.25179 2.21574 2.18239 2.15109 2.0767 2.035 2.00446 1.98578 1.92916 1.8454 1.84656 1.79012 1.73979 1.71925 1.66387 1.64763 1.60476 1.58834 1.52912 1.49611 1.49463 1.43239 1.3962 1.3769 1.34147 1.29739 1.27905 1.22569 1.199 1.18199 1.15729 1.14849 1.11586 1.09338 1.07838 1.05804 1.04003 1.03434 1.01579 1.007 1 0.994482 0.993118 0.986291 0.988729 0.993499 0.99933 1.00962 1.01736 1.01511 1.03279 1.04422 1.05241 1.05724 1.094 1.12337 1.12424 1.14422 1.16315 1.2073 1.22599 1.22592 1.25115 1.27933 1.34854 1.31594 1.33256 1.39803 1.42686 1.42042 1.49766 1.4971 1.51503 1.46658 1.60514 1.52906 1.60988 1.62851 1.76496 1.67471 1.67598 1.72349 1.83715 1.7607 1.77945 1.85843 1.92796 1.98837 1.92679 1.8929 2.1187 
2.62224 2.57969 2.57896 2.55612 2.47514 2.45072 2.42626 2.29103 2.32126 2.29899 2.25826 2.17885 2.14527 2.11962 2.05894 2.01226 1.99151 1.96853 1.90935 1.8698 1.85598 1.75727 1.77146 1.73766 1.65895 1.64108 1.605 1.571 1.54841 1.51057 1.46446 1.43109 1.41323 1.36762 1.31625 1.28369 1.27988 1.25697 1.20806 1.19011 1.1481 1.13059 1.11361 1.08934 1.07342 1.05678 1.04077 1.02673 1.01673 1.00738 1 0.994399 0.992309 0.989748 0.993768 0.989017 1.00115 1.0006 1.01009 1.03095 1.03656 1.05087 1.06552 1.07767 1.0935 1.1127 1.13669 1.13668 1.15752 1.1879 1.21268 1.24205 1.27938 1.27297 1.29395 1.33264 1.37625 1.3806 1.45249 1.42153 1.44964 1.49432 1.51736 1.46893 1.59788 1.56084 1.62078 1.59745 1.6926 1.72417 1.66422 1.72227 1.74298 1.7958 1.84514 1.86175 1.89235 2.01738 1.87854 1.97156 2.03369 
2.63159 2.62485 2.57999 2.49575 2.49857 2.44466 2.39477 2.35313 2.31895 2.29058 2.24015 2.22782 2.16534 2.07906 2.094 2.04696 1.98356 1.95162 1.8784 1.88701 1.84227 1.80558 1.78614 1.72028 1.67836 1.65847 1.5892 1.55772 1.55403 1.49531 1.49084 1.43965 1.38773 1.36075 1.32773 1.31137 1.28472 1.2462 1.19683 1.19624 1.15732 1.14173 1.10956 1.08605 1.06481 1.05753 1.04029 1.02368 1.01769 1.00781 1 0.99604 0.991764 0.990285 0.995617 0.99239 0.992022 1.00775 1.00477 1.02372 1.04001 1.04157 1.05924 1.06784 1.08184 1.09621 1.12859 1.16328 1.14353 1.18353 1.20753 1.22956 1.27177 1.28214 1.28811 1.35016 1.34768 1.41406 1.37707 1.40744 1.41719 1.46508 1.47235 1.53649 1.57426 1.61783 1.66223 1.61773 1.64316 1.75568 1.70965 1.76544 1.73403 1.80524 1.79501 1.87322 1.88958 1.89829 1.99415 2.00472 2.11694 
2.6721 2.60497 2.58834 2.55406 2.43858 2.46291 2.40727 2.39057 2.30932 2.21413 2.20682 2.18418 2.13011 2.11455 2.0822 2.02574 1.97881 1.91352 1.9046 1.89478 1.80489 1.79679 1.73574 1.71569 1.66573 1.65177 1.62257 1.61128 1.53343 1.48971 1.45547 1.40568 1.38971 1.3602 1.32606 1.3076 1.27799 1.23239 1.21227 1.18613 1.15898 1.12512 1.11906 1.09727 1.07009 1.06228 1.04256 1.02787 1.01668 1.00702 1 0.993577 0.990056 0.992066 0.990791 0.99327 1.00034 0.995731 1.01967 1.0249 1.03862 1.05104 1.05942 1.05383 1.09537 1.09376 1.10882 1.13603 1.16145 1.20593 1.1943 1.23873 1.27603 1.32209 1.29089 1.36949 1.38776 1.36069 1.44869 1.44223 1.46787 1.47607 1.4865 1.55813 1.51305 1.66164 1.62662 1.64056 1.69046 1.69819 1.70405 1.78576 1.83727 1.83752 1.84516 1.80617 1.91576 1.88492 2.02033 2.02305 1.94875 
2.58469 2.59285 2.57367 2.57935 2.44556 2.45758 2.35764 2.37544 2.30266 2.29202 2.27672 2.18756 2.18461 2.0976 2.01396 2.02512 1.98544 1.96296 1.95037 1.89026 1.83363 1.77929 1.77144 1.73319 1.67883 1.63904 1.61911 1.56951 1.52419 1.50758 1.44833 1.41002 1.37413 1.37601 1.33093 1.29067 1.26536 1.22616 1.2139 1.17649 1.16177 1.12958 1.12073 1.08841 1.07264 1.05307 1.03905 1.03015 1.01636 1.00775 1 0.99398 0.990888 0.991259 0.992936 0.997457 0.997508 1.00471 1.01205 1.02737 1.04129 1.03909 1.068 1.07083 1.10336 1.09781 1.14748 1.16798 1.144 1.19667 1.23704 1.2465 1.25398 1.31534 1.29755 1.33769 1.37402 1.37096 1.45323 1.44956 1.50703 1.47444 1.51924 1.58964 1.5278 1.57189 1.5981 1.64443 1.64154 1.67023 1.65026 1.75416 1.76001 1.77455 1.86986 1.89216 1.98707 1.915 1.96847 1.99979 2.05568 
2.65568 2.57633 2.52544 2.5331 2.46824 2.44134 2.33004 2.31579 2.30553 2.26813 2.23008 2.18701 2.20326 2.11126 2.04176 1.99923 2.0205 1.9505 1.92458 1.86818 1.83706 1.76941 1.75075 1.72246 1.66875 1.63824 1.62018 1.5574 1.51798 1.4915 1.45855 1.43718 1.38791 1.36914 1.31369 1.28635 1.26761 1.23978 1.21858 1.18703 1.14844 1.14158 1.11419 1.09102 1.07394 1.06364 1.04269 1.02787 1.01699 1.00802 1 0.993833 0.989975 0.989038 0.990978 0.998608 0.994274 1.00768 1.00935 1.02268 1.0375 1.06915 1.05571 1.05119 1.08548 1.11617 1.12882 1.15816 1.18991 1.17215 1.20669 1.25071 1.25509 1.28914 1.30014 1.38095 1.38298 1.36925 1.41198 1.44507 1.49831 1.47064 1.55719 1.56525 1.5924 1.62139 1.54655 1.63719 1.70482 1.70382 1.72356 1.76852 1.7892 1.82723 1.86744 1.91097 1.88435 1.99999 1.94259 2.05824 1.98592 
2.61647 2.6144 2.5656 2.47629 2.44518 2.42217 2.43149 2.35443 2.33214 2.27207 2.20171 2.19803 2.13034 2.07324 2.05493 2.04043 1.99134 1.9484 1.92214 1.87902 1.81933 1.79988 1.74594 1.72322 1.6892 1.66458 1.59936 1.55628 1.52979 1.48636 1.46833 1.43106 1.42053 1.35224 1.31858 1.28591 1.2585 1.24826 1.2187 1.18058 1.16698 1.12786 1.11708 1.09988 1.07473 1.05836 1.04143 1.03166 1.01571 1.00721 1 0.996148 0.991988 0.989304 0.989401 0.994772 1.00048 1.00825 1.01459 1.04008 1.03808 1.0404 1.07624 1.07081 1.11059 1.11005 1.11674 1.14859 1.16447 1.1797 1.22092 1.26567 1.25425 1.2663 1.321 1.31434 1.37358 1.37442 1.38858 1.44308 1.4868 1.40691 1.47525 1.54625 1.48011 1.56151 1.63748 1.60602 1.69511 1.68874 1.73383 1.75762 1.85082 1.85366 1.81248 1.82072 1.88054 1.91551 1.92459 1.96032 2.03077 
2.64442 2.58006 2.5108 2.56188 2.46363 2.49714 2.36237 2.37227 2.29143 2.26257 2.18455 2.20082 2.13933 2.13073 2.08713 2.03715 2.02246 1.94293 1.89021 1.86022 1.84416 1.82345 1.71995 1.72454 1.68683 1.63734 1.60621 1.57698 1.52792 1.51838 1.43915 1.42697 1.39078 1.35865 1.32196 1.29842 1.26753 1.23879 1.19451 1.18734 1.16378 1.14935 1.11471 1.0954 1.07426 1.05783 1.04023 1.02672 1.01702 1.00656 1 0.994885 0.992895 0.990333 0.99624 0.991577 1.00096 1.01384 1.01033 1.02416 1.02166 1.03544 1.06702 1.06574 1.08538 1.11963 1.13562 1.16632 1.17902 1.20812 1.19424 1.21746 1.25007 1.29135 1.33492 1.30618 1.35647 1.35395 1.43534 1.45484 1.47384 1.45527 1.49259 1.50674 1.54893 1.58379 1.66482 1.67477 1.60258 1.72088 1.68765 1.81165 1.83913 1.822 2.00814 1.86682 1.98906 2.0137 1.88085 2.00896 2.04629 
2.6368 2.62234 2.53353 2.55049 2.48571 2.41552 2.4186 2.34928 2.31182 2.25593 2.21162 2.16083 2.16399 2.12744 2.05126 2.03632 1.99937 1.97516 1.9338 1.89172 1.82809 1.79919 1.75449 1.70956 1.69322 1.66032 1.58652 1.56781 1.54723 1.49975 1.46973 1.43645 1.38684 1.35939 1.33821 1.30927 1.2696 1.23949 1.22634 1.18229 1.14936 1.12408 1.12143 1.09467 1.07518 1.05912 1.03786 1.02752 1.01555 1.00692 1 0.994395 0.993981 0.992162 0.991972 0.995124 1.0039 1.01094 1.02149 1.02452 1.03436 1.06506 1.0677 1.08536 1.10791 1.10794 1.1249 1.14573 1.14493 1.2354 1.22028 1.2484 1.28526 1.27722 1.30646 1.36159 1.34301 1.3907 1.4547 1.46865 1.4632 1.50107 1.49112 1.48558 1.54759 1.60973 1.61623 1.62082 1.6462 1.70221 1.74883 1.76922 1.83021 1.76647 1.92057 1.90734 1.84579 1.96599 1.99381 1.9738 2.09556 
2.67778 2.54893 2.52196 2.49673 2.43717 2.40779 2.42507 2.33345 2.28042 2.2414 2.22513 2.22946 2.10333 2.0911 2.11852 2.0322 1.99875 1.99002 1.90563 1.89832 1.84291 1.77021 1.71732 1.71658 1.68476 1.64404 1.593 1.58359 1.52854 1.49429 1.45807 1.43512 1.4126 1.36385 1.33821 1.30752 1.25751 1.23465 1.22263 1.18254 1.17383 1.13653 1.11129 1.09073 1.07772 1.06136 1.04633 1.03122 1.01564 1.00684 1 0.995008 0.991009 0.98943 0.992012 1.00263 1.00097 0.999616 1.01459 1.02086 1.05238 1.03681 1.06495 1.06152 1.08252 1.12582 1.11035 1.15813 1.17711 1.20401 1.22747 1.2076 1.2826 1.31385 1.31231 1.32069 1.38525 1.36973 1.38512 1.46954 1.47237 1.46203 1.53816 1.54976 1.49671 1.60971 1.59301 1.55936 1.60583 1.71425 1.72018 1.68282 1.77853 1.85394 1.84391 1.82324 1.8802 1.89405 1.94826 1.98275 1.90406 
2.626 2.58702 2.55573 2.50043 2.45793 2.43416 2.39183 2.35864 2.30778 2.28506 2.22741 2.16292 2.15529 2.09191 2.05821 2.04698 1.97468 1.94 1.8739 1.87768 1.79806 1.79573 1.75401 1.72676 1.6761 1.6275 1.60466 1.55236 1.53073 1.51821 1.44449 1.43312 1.39174 1.35972 1.32282 1.29487 1.2705 1.24167 1.21111 1.19305 1.15559 1.13415 1.11972 1.10093 1.08215 1.05494 1.04192 1.03055 1.01816 1.0085 1 0.994123 0.991487 0.990881 0.992358 0.993231 1.00021 1.0024 1.00908 1.01305 1.04387 1.04874 1.05649 1.08982 1.09479 1.11023 1.1177 1.14461 1.17417 1.19572 1.18181 1.26339 1.2796 1.28285 1.28655 1.31041 1.34087 1.42574 1.4012 1.42727 1.46228 1.48467 1.48027 1.59034 1.54698 1.63124 1.61177 1.59567 1.75731 1.69914 1.66106 1.78919 1.76693 1.8 1.85648 1.83415 1.79051 1.90416 1.90121 1.93259 1.90404 
2.62019 2.59141 2.54768 2.59463 2.4604 2.42381 2.40197 2.30799 2.24983 2.29089 2.20294 2.1727 2.14911 2.07409 2.0767 2.03933 2.01252 1.94827 1.89567 1.84849 1.80937 1.81588 1.76457 1.71036 1.65853 1.65035 1.62594 1.58973 1.53305 1.4951 1.45426 1.41416 1.39598 1.37586 1.32736 1.2841 1.28002 1.24454 1.20995 1.18051 1.15838 1.13075 1.11409 1.09193 1.07493 1.06213 1.04366 1.02734 1.01509 1.00633 1 0.995102 0.991093 0.988609 0.99224 0.98802 0.998054 1.01003 1.02995 1.01725 1.04045 1.03608 1.05522 1.09973 1.06763 1.10328 1.13669 1.16463 1.2158 1.18993 1.20671 1.22698 1.22038 1.30735 1.30543 1.29797 1.38078 1.35614 1.42155 1.42858 1.412 1.4684 1.47061 1.6063 1.60063 1.58057 1.58311 1.61944 1.60213 1.66404 1.65408 1.7694 1.82343 1.84971 1.80631 1.92168 1.87412 1.88876 1.91621 1.96932 2.04123 
2.67243 2.61528 2.53228 2.55847 2.50169 2.44297 2.35737 2.36672 2.32216 2.26143 2.24911 2.20238 2.15842 2.1219 2.06948 2.02286 1.99504 1.94253 1.9064 1.89542 1.80149 1.79793 1.77283 1.7305 1.69552 1.6236 1.614 1.55999 1.52562 1.49789 1.44796 1.43096 1.40264 1.35285 1.33211 1.29299 1.28415 1.24502 1.2153 1.17863 1.15906 1.14244 1.10383 1.10057 1.06797 1.05327 1.04217 1.02421 1.0158 1.00759 1 0.994995 0.98913 0.991366 0.990925 0.997 0.98779 1.00979 1.01411 1.01555 1.04567 1.04837 1.06842 1.07587 1.10117 1.10743 1.12382 1.1534 1.16302 1.18298 1.20198 1.25647 1.25812 1.27625 1.30944 1.34425 1.38915 1.37525 1.38566 1.47503 1.4397 1.48108 1.54141 1.55414 1.56731 1.60369 1.59922 1.59464 1.63371 1.7011 1.69106 1.72191 1.83257 1.84605 1.88959 1.96821 1.91773 1.89458 1.9418 1.93819 2.05534 
2.59156 2.65038 2.58611 2.50467 2.49782 2.46027 2.39635 2.3415 2.33168 2.27139 2.20443 2.15356 2.17524 2.10084 2.07041 2.04517 1.9851 1.96206 1.88844 1.856 1.83426 1.81318 1.76939 1.71633 1.70318 1.65516 1.58473 1.55737 1.52135 1.50938 1.45465 1.40589 1.40241 1.37099 1.34753 1.31035 1.26928 1.23812 1.20343 1.18083 1.16107 1.13612 1.11811 1.10274 1.07371 1.05549 1.04561 1.02817 1.01699 1.0066 1 0.993476 0.993327 0.99369 0.989728 0.994613 1.00132 1.00483 1.01538 1.02028 1.04011 1.04607 1.07542 1.10019 1.08938 1.11897 1.14751 1.15747 1.19432 1.17972 1.20467 1.24914 1.23119 1.28489 1.26347 1.36671 1.34914 1.40964 1.40269 1.40964 1.43523 1.49774 1.49182 1.57208 1.53028 1.61675 1.63432 1.64134 1.66446 1.64603 1.75366 1.66867 1.75886 1.81906 1.74655 1.92146 1.90104 1.89085 2.00108 1.90358 1.97876 
2.56631 2.63496 2.57843 2.45922 2.49684 2.47002 2.34169 2.35799 2.29912 2.30971 2.23195 2.144 2.14515 2.11217 2.0516 2.00963 2.00019 1.96313 1.93346 1.86752 1.81443 1.78406 1.73528 1.71735 1.69403 1.6461 1.61774 1.56135 1.54585 1.48301 1.4646 1.42331 1.38212 1.36123 1.33245 1.27614 1.25358 1.22701 1.21773 1.18759 1.14824 1.13945 1.11277 1.09299 1.07037 1.05252 1.04001 1.02497 1.0147 1.00712 1 0.994975 0.9914 0.994275 0.9926 0.994588 0.997123 1.00045 1.01813 1.0246 1.03734 1.05041 1.06505 1.04768 1.07403 1.11676 1.12356 1.14907 1.16276 1.17448 1.22432 1.26376 1.25168 1.31658 1.32093 1.33506 1.36717 1.38357 1.41698 1.41705 1.46447 1.45754 1.52907 1.47121 1.58282 1.52779 1.61076 1.62624 1.65695 1.69986 1.75355 1.73767 1.8013 1.81459 1.81959 1.87295 1.88902 1.91047 1.92957 1.99533 2.01208 
2.62504 2.60155 2.60677 2.46331 2.54777 2.46286 2.37144 2.32013 2.2983 2.23003 2.19847 2.17292 2.17336 2.07785 2.04826 1.96936 1.98172 1.93725 1.86102 1.879 1.81523 1.79456 1.7381 1.72241 1.65823 1.64428 1.60506 1.58804 1.53142 1.48602 1.47677 1.41678 1.40143 1.35831 1.32812 1.30233 1.26649 1.23948 1.20245 1.17875 1.15419 1.13935 1.10674 1.07898 1.07347 1.05314 1.04528 1.02783 1.01624 1.00805 1 0.994683 0.993184 0.989739 0.9868 0.993128 1.00307 1.00616 1.00071 1.01706 1.04165 1.05035 1.05641 1.1027 1.07927 1.11224 1.14008 1.1495 1.17448 1.21017 1.20757 1.23363 1.27179 1.27789 1.27709 1.38298 1.38557 1.36935 1.39037 1.42112 1.4611 1.50833 1.50635 1.53185 1.58888 1.6011 1.60994 1.64764 1.69508 1.63041 1.72194 1.75187 1.81385 1.82853 1.77854 1.80928 1.91738 1.86462 1.96075 1.9616 2.02215 
2.58212 2.63107 2.56473 2.51972 2.46242 2.4018 2.36338 2.32657 2.2766 2.294 2.1973 2.19624 2.21499 2.08262 2.07243 2.05561 1.98405 1.93224 1.89601 1.91382 1.82506 1.81441 1.77922 1.71542 1.63832 1.64733 1.61252 1.56677 1.55715 1.49898 1.44546 1.42652 1.40243 1.37051 1.31734 1.30238 1.26221 1.2361 1.18782 1.18398 1.1611 1.13383 1.11063 1.09452 1.07389 1.05937 1.03937 1.02993 1.01598 1.00697 1 0.994773 0.990632 0.991746 0.985787 0.994685 1.00019 1.00186 1.01583 1.0257 1.01999 1.03618 1.05175 1.08211 1.09862 1.10055 1.14379 1.16809 1.17556 1.19427 1.19422 1.24251 1.23806 1.27093 1.28164 1.3285 1.37597 1.39252 1.39947 1.47363 1.50158 1.41855 1.56216 1.50492 1.48538 1.58492 1.62569 1.64768 1.68696 1.73093 1.70444 1.69219 1.76453 1.80943 1.83343 1.87099 1.86257 1.97618 2.01715 1.93489 2.04597 
2.67568 2.58536 2.59762 2.48404 2.46692 2.43327 2.40474 2.36695 2.28947 2.26585 2.24549 2.19259 2.15549 2.13057 2.0954 2.0209 1.98769 1.95324 1.89972 1.88311 1.84326 1.79764 1.74088 1.7271 1.68578 1.65107 1.60137 1.5684 1.55203 1.50234 1.47408 1.43329 1.40065 1.35118 1.3472 1.28357 1.26486 1.24127 1.23166 1.18815 1.15938 1.14024 1.11877 1.08635 1.06507 1.05047 1.03872 1.02761 1.0173 1.00665 1 0.995028 0.991543 0.993079 0.99132 0.989998 0.99798 0.992229 1.01542 1.02691 1.0319 1.03867 1.06862 1.07089 1.09041 1.11565 1.12685 1.14319 1.16723 1.20047 1.21145 1.23005 1.29586 1.27725 1.27977 1.31294 1.34942 1.40298 1.41774 1.4054 1.49131 1.46333 1.48868 1.55661 1.59902 1.64089 1.68199 1.65488 1.68236 1.63262 1.67681 1.76857 1.80383 1.85564 1.82257 1.81292 1.85124 1.87613 2.00688 2.00391 1.94833 
2.63217 2.60255 2.56373 2.43386 2.45709 2.42774 2.41695 2.35506 2.2854 2.28559 2.26266 2.18815 2.124 2.13924 2.08311 1.99076 2.00465 1.95607 1.92864 1.84437 1.84284 1.79738 1.78797 1.72832 1.67653 1.64114 1.61969 1.5646 1.50651 1.49157 1.44366 1.43951 1.41387 1.3393 1.31126 1.30906 1.25816 1.23912 1.20318 1.18414 1.16524 1.14282 1.10331 1.09045 1.07062 1.04996 1.0433 1.02671 1.01575 1.00598 1 0.995043 0.991088 0.991566 0.991092 0.991762 1.00356 0.999279 1.01709 1.0274 1.04248 1.03864 1.05923 1.07942 1.07844 1.11508 1.12469 1.14617 1.18516 1.18964 1.2176 1.21024 1.29537 1.30875 1.30866 1.29886 1.36417 1.381 1.39696 1.43077 1.40888 1.49938 1.52217 1.53667 1.57545 1.54897 1.65521 1.57102 1.61342 1.69294 1.75867 1.73691 1.77787 1.79642 1.8394 1.90094 1.87774 1.98701 1.92434 2.03652 1.99487 
2.6516 2.57958 2.56084 2.50261 2.43374 2.45419 2.37747 2.28931 2.33421 2.31528 2.24498 2.19031 2.13879 2.12819 2.05874 2.01726 1.97466 1.99776 1.86704 1.86532 1.85039 1.78892 1.74748 1.72854 1.67869 1.65144 1.61264 1.58028 1.53736 1.47132 1.45699 1.43581 1.39369 1.34173 1.33303 1.29042 1.27721 1.25307 1.214 1.19094 1.16297 1.13211 1.11002 1.09491 1.07006 1.05998 1.04482 1.02749 1.01487 1.00596 1 0.995002 0.991334 0.988667 0.995696 0.991239 1.00197 1.00803 1.01329 1.01965 1.03723 1.05587 1.06872 1.0723 1.09904 1.1105 1.12801 1.16237 1.15897 1.18792 1.20788 1.22099 1.21751 1.28297 1.31885 1.32319 1.34459 1.39541 1.45291 1.40871 1.42114 1.48119 1.5243 1.5269 1.5913 1.6335 1.6634 1.61016 1.7078 1.72473 1.75442 1.71687 1.77341 1.74845 1.88498 1.83668 1.91951 1.89404 1.98397 1.95302 1.9324 
2.6323 2.55852 2.55964 2.53567 2.49409 2.48533 2.39053 2.35571 2.29172 2.30533 2.25938 2.15597 2.14627 2.13249 2.07705 2.07689 2.00163 1.96281 1.91047 1.84657 1.82209 1.8046 1.74427 1.71942 1.6812 1.64797 1.62518 1.53117 1.51144 1.4989 1.46046 1.42953 1.41374 1.35986 1.32991 1.3053 1.25727 1.2437 1.20873 1.17897 1.15158 1.13649 1.10799 1.09029 1.07543 1.05747 1.04039 1.02666 1.01762 1.00835 1 0.993806 0.991459 0.988991 0.992116 0.991459 1.00464 0.999837 1.01209 1.00891 1.02351 1.04046 1.07528 1.08065 1.07864 1.10714 1.11362 1.15014 1.15463 1.19085 1.20341 1.22403 1.28021 1.27496 1.29859 1.27824 1.36839 1.39255 1.38506 1.45588 1.53298 1.48303 1.49456 1.56027 1.58123 1.58372 1.61623 1.65494 1.71356 1.71321 1.69709 1.79489 1.79425 1.7642 1.82058 1.85947 1.93445 1.89635 1.92391 1.96951 2.05305 
2.63954 2.56678 2.51501 2.51508 2.47538 2.45126 2.38558 2.33533 2.28159 2.25367 2.23389 2.22055 2.17812 2.13199 2.01589 2.02154 1.97971 1.96276 1.9623 1.84368 1.85395 1.79318 1.76897 1.72111 1.64629 1.64066 1.59658 1.57214 1.54057 1.50816 1.47657 1.43576 1.41014 1.37326 1.32532 1.29689 1.264 1.24057 1.20598 1.18595 1.15213 1.13567 1.12616 1.09948 1.0728 1.05707 1.04175 1.02883 1.01841 1.00724 1 0.995021 0.994023 0.988234 0.989426 0.990151 0.998628 1.00774 1.01353 1.01718 1.02858 1.04788 1.05728 1.07691 1.08917 1.10852 1.14047 1.14612 1.17154 1.20046 1.19782 1.20585 1.24042 1.29241 1.28696 1.31617 1.35376 1.4005 1.44868 1.40736 1.43948 1.5207 1.47088 1.5624 1.51212 1.58253 1.67417 1.69793 1.70467 1.67117 1.73573 1.6966 1.81144 1.77094 1.84451 1.79999 1.88499 1.98977 1.85979 1.99354 2.11319 
