3.9493 3.86232 3.97277 3.68906 3.656 3.69038 3.59672 3.6187 3.53201 3.27595 3.44119 3.20811 3.11221 3.02973 3.09149 2.92973 3.01754 2.84226 2.82786 2.81098 2.7045 2.57328 2.42935 2.3606 2.30695 2.2139 2.10293 2.15153 2.0323 1.90992 1.83754 1.79976 1.75838 1.6578 1.58971 1.56078 1.47109 1.42901 1.3407 1.31049 1.23489 1.22106 1.18044 1.10794 1.07933 1.04708 1.0372 1.0287 1.00909 1.00325 1 1.00773 1.01649 1.03274 1.05295 1.09298 1.10314 1.13742 1.19874 1.20326 1.26625 1.40638 1.39901 1.49287 1.48369 1.69502 1.55607 1.69791 1.72085 1.96312 1.85273 2.06486 2.10758 2.10761 2.10003 2.16981 2.36535 2.46929 2.54146 2.52896 2.55763 2.70029 2.9509 2.87186 2.97359 3.17224 3.14989 3.0983 3.01567 3.37927 3.10789 3.17363 3.35278 3.3902 3.48864 3.57988 3.50526 3.54689 3.89717 3.57146 3.76088 
3.84538 3.87611 3.85916 3.74811 3.75626 3.55413 3.54692 3.54344 3.53974 3.38745 3.32976 3.30829 3.26329 3.12501 3.1488 3.01614 2.9126 2.86625 2.74557 2.68464 2.57775 2.58587 2.49869 2.37469 2.35594 2.20893 2.14751 2.11276 1.99625 1.96444 1.88418 1.80601 1.7397 1.68635 1.61535 1.51508 1.47574 1.41647 1.35339 1.29827 1.25826 1.22956 1.1525 1.11691 1.08937 1.06529 1.04595 1.01529 1.00965 0.999837 1 1.00712 1.01188 1.03404 1.06079 1.099 1.09547 1.16368 1.17703 1.23525 1.29045 1.34686 1.36936 1.48433 1.44576 1.51935 1.56097 1.74556 1.72741 1.99512 1.89282 2.13485 2.10398 2.13536 2.256 2.37233 2.3656 2.30626 2.51192 2.55457 2.63618 2.83592 2.67792 3.13369 2.87361 2.95836 2.83732 3.10721 3.05693 3.10811 3.33466 3.23726 3.33075 3.32538 3.34488 3.50508 3.58296 3.51676 3.6578 3.61305 3.61902 
3.88107 3.8762 3.80574 3.75908 3.76265 3.60054 3.58948 3.57571 3.54249 3.4928 3.34541 3.38679 3.26508 3.21124 3.05416 2.97368 2.99419 2.92786 2.83047 2.84329 2.63185 2.52294 2.50764 2.4573 2.31008 2.24693 2.16513 2.08327 2.03558 1.87478 1.83187 1.77648 1.69924 1.69832 1.57178 1.53808 1.49477 1.41481 1.35217 1.31209 1.26708 1.17803 1.15895 1.11179 1.07213 1.05577 1.04634 1.0206 1.01089 1.00239 1 1.00314 1.01733 1.01994 1.05121 1.07794 1.12241 1.1545 1.1873 1.19478 1.28511 1.35482 1.336 1.42481 1.4507 1.54215 1.67135 1.67012 1.80716 1.88698 1.96866 1.97271 2.13024 2.09956 2.25881 2.24795 2.34207 2.43392 2.39841 2.41801 2.52764 2.6173 2.7454 2.93819 2.80841 2.92056 2.9924 3.11835 3.10782 3.30268 3.1302 3.51271 3.45118 3.22068 3.5625 3.42635 3.65801 3.7152 3.62624 3.76486 3.85358 
3.92931 3.82416 3.71128 3.74875 3.84184 3.69458 3.61114 3.58284 3.53683 3.40771 3.40978 3.32577 3.22218 3.02979 3.08453 2.95856 2.97461 2.88656 2.81072 2.67705 2.58269 2.57039 2.48823 2.36949 2.32912 2.2448 2.11227 2.09244 1.99807 1.91573 1.852 1.81521 1.71435 1.66076 1.61365 1.56563 1.4978 1.40016 1.34726 1.31313 1.22944 1.2002 1.16187 1.13804 1.1001 1.05847 1.03908 1.02704 1.00613 1.00238 1 1.00376 1.01693 1.02845 1.05252 1.07403 1.11268 1.15713 1.17855 1.23181 1.21952 1.34236 1.42587 1.54317 1.4583 1.57464 1.60819 1.6669 1.89698 1.80218 1.91065 1.95293 1.96913 2.07566 2.15367 2.23351 2.51608 2.33868 2.43805 2.64826 2.73197 2.72876 2.9132 2.98196 2.89519 3.10897 2.96267 3.12968 2.98979 3.13311 3.21465 3.33561 3.25503 3.38032 3.34818 3.54355 3.40585 3.61024 3.62274 3.73175 3.62292 
3.97987 3.8645 3.83861 3.70014 3.6891 3.71876 3.71667 3.42433 3.50403 3.28703 3.37691 3.27424 3.12807 3.227 3.09595 3.08176 2.99346 2.95394 2.77717 2.72976 2.57397 2.50989 2.43806 2.38922 2.35793 2.20079 2.21076 2.06498 2.04342 1.97205 1.84107 1.79686 1.74176 1.69178 1.61483 1.51109 1.46972 1.38855 1.35437 1.33633 1.24479 1.19864 1.14793 1.13064 1.07713 1.06934 1.02917 1.02626 1.00787 1.00411 1 1.00783 1.0182 1.02301 1.05159 1.0834 1.10891 1.13248 1.21164 1.21588 1.26639 1.36784 1.3894 1.41254 1.51829 1.6399 1.63577 1.64435 1.9494 1.77505 1.89981 1.86008 2.00365 2.1729 2.24659 2.24454 2.33231 2.4022 2.5081 2.47806 2.81802 2.88 2.75144 3.03508 3.08109 3.13555 3.12637 3.02314 3.133 3.22198 3.30895 3.31986 3.36837 3.48892 3.44695 3.29372 3.37568 3.49594 3.69937 3.83729 3.71638 
3.84964 3.7193 3.80049 3.80181 3.70746 3.7114 3.54724 3.56132 3.54529 3.40923 3.41736 3.26017 3.12557 3.1309 3.06821 3.11106 3.00113 2.76928 2.8841 2.69495 2.6318 2.53289 2.47646 2.36564 2.33187 2.23616 2.10448 2.05131 2.01982 1.96428 1.86627 1.81108 1.75655 1.6742 1.62039 1.54366 1.43958 1.45795 1.33614 1.30632 1.22443 1.20723 1.14769 1.1311 1.09401 1.05291 1.03621 1.02045 1.00724 1.00229 1 1.0056 1.01753 1.03262 1.06155 1.07355 1.11493 1.15267 1.18314 1.21142 1.27873 1.32565 1.43526 1.43403 1.47367 1.56925 1.59782 1.62546 1.86829 1.87159 1.96369 2.11275 2.20933 2.04263 2.42006 2.26331 2.58402 2.34414 2.54582 2.62653 2.72019 2.55344 2.71499 2.94956 2.96034 3.13355 3.18959 2.98737 3.0919 2.97106 3.2363 3.27095 3.16437 3.28937 3.55706 3.47823 3.45398 3.68368 3.56927 3.65741 3.68981 
3.96791 3.93267 3.78584 3.72135 3.64432 3.56501 3.64825 3.40113 3.51741 3.36834 3.4628 3.34148 3.21903 3.26841 3.04252 2.94954 2.98006 2.84055 2.72073 2.65783 2.61443 2.56023 2.448 2.31642 2.33588 2.20711 2.15064 2.05379 2.01057 1.94184 1.85469 1.83521 1.75824 1.65359 1.58608 1.5496 1.46052 1.39914 1.34451 1.2826 1.29435 1.21455 1.17638 1.11792 1.09203 1.06192 1.03322 1.01759 1.01473 1.00231 1 1.00327 1.01269 1.03574 1.04964 1.07319 1.10532 1.1673 1.15682 1.23405 1.25577 1.31477 1.43044 1.42793 1.52379 1.60017 1.74354 1.7875 1.71459 1.92289 1.90756 2.09376 2.00073 2.27147 2.0605 2.24683 2.37475 2.37878 2.59323 2.488 2.76094 2.95418 2.83583 2.96272 3.08103 2.94532 3.15331 3.09139 3.02746 3.23594 3.20204 3.27491 3.21448 3.50003 3.36702 3.63342 3.43405 3.55647 3.68858 3.6056 3.72745 
3.75484 3.79521 3.77108 3.77771 3.65555 3.61744 3.74132 3.64806 3.45962 3.4709 3.3363 3.28402 3.15976 3.10571 3.07968 2.98435 2.89615 2.87915 2.83169 2.77423 2.56091 2.47643 2.54464 2.4103 2.32704 2.23081 2.14567 2.11843 2.06847 1.85545 1.8571 1.78324 1.72219 1.66155 1.57825 1.54687 1.49264 1.40858 1.33829 1.28335 1.26897 1.22224 1.18155 1.14556 1.08536 1.05846 1.03136 1.02103 1.00242 0.99603 1 1.00349 1.0132 1.0297 1.04304 1.06175 1.11684 1.15966 1.16891 1.22561 1.28439 1.32792 1.31764 1.4501 1.49734 1.63984 1.69119 1.7285 1.76623 1.81971 2.04397 1.9476 2.23037 2.15996 2.22078 2.39773 2.38098 2.41561 2.50671 2.67027 2.64651 2.64256 2.84246 2.71007 2.93126 2.98735 2.96134 2.74264 3.00344 3.1788 3.31653 3.30499 3.52579 3.39437 3.35011 3.57129 3.43394 3.47975 3.54945 3.68564 3.58837 
3.90947 3.87775 3.79944 3.72496 3.63402 3.65902 3.61857 3.59627 3.51173 3.52033 3.46058 3.29147 3.23875 3.11583 3.11163 2.94103 3.00362 2.78054 2.78063 2.77088 2.59987 2.58354 2.45356 2.40137 2.24862 2.21653 2.20327 2.10646 2.05801 1.93952 1.90895 1.78211 1.6843 1.702 1.59227 1.47034 1.46778 1.42105 1.37745 1.29944 1.24448 1.20685 1.18997 1.13047 1.09589 1.04627 1.03592 1.02829 1.00931 1.00166 1 1.00335 1.01357 1.0359 1.04123 1.08285 1.11572 1.16074 1.21778 1.25937 1.29379 1.35983 1.38596 1.46016 1.52409 1.56477 1.66709 1.67397 1.68055 1.83612 1.96045 1.99126 2.0092 2.138 2.30406 2.34274 2.40312 2.39468 2.47268 2.56232 2.48628 2.63342 2.82878 2.91222 2.99554 3.05375 3.14322 3.01286 3.27248 3.21434 3.31357 3.26879 3.32359 3.3891 3.38564 3.63519 3.47714 3.5866 3.73396 3.60811 3.71223 
3.9571 3.73084 3.84917 3.84509 3.66739 3.71728 3.62056 3.56483 3.58112 3.40298 3.44445 3.30421 3.22066 3.17309 3.02471 3.01344 2.95852 2.86553 2.81777 2.64773 2.61833 2.52312 2.46783 2.41497 2.37718 2.27263 2.21494 2.0517 2.0077 1.88704 1.8386 1.85765 1.74441 1.66256 1.62449 1.57259 1.48182 1.38092 1.34112 1.30132 1.27154 1.20729 1.14671 1.12673 1.10034 1.0609 1.04657 1.02255 1.01474 1.00364 1 1.00706 1.0126 1.02854 1.03935 1.06924 1.10651 1.14107 1.18676 1.25679 1.27378 1.32459 1.38516 1.43941 1.52906 1.56685 1.72288 1.67623 1.74665 1.87018 1.97029 1.96872 2.21012 2.15572 2.30009 2.33017 2.33746 2.52974 2.41618 2.70785 2.69661 2.92184 2.72714 2.79854 3.01142 2.79354 2.94501 3.07655 3.13581 3.19953 3.26908 3.24055 3.2366 3.37321 3.66942 3.48507 3.47938 3.48405 3.57651 3.68235 3.77844 
3.99275 3.99938 3.76183 3.68066 3.70956 3.62106 3.61378 3.63916 3.48635 3.46179 3.42155 3.36866 3.25016 3.16968 3.14657 3.10268 2.95222 2.92697 2.8417 2.76463 2.66203 2.50751 2.49388 2.43652 2.36897 2.23483 2.19962 2.10577 2.04126 1.97511 1.87891 1.81729 1.74105 1.66027 1.59414 1.54107 1.46775 1.39363 1.3271 1.28502 1.24353 1.1946 1.18195 1.12583 1.08783 1.06404 1.03677 1.0182 1.00769 1.00316 1 1.00273 1.01156 1.03183 1.05031 1.07473 1.08769 1.12096 1.17905 1.23598 1.28472 1.3491 1.41979 1.45129 1.5173 1.56167 1.56993 1.68355 1.81682 1.92407 1.97034 1.95516 1.99297 2.28016 2.15976 2.23503 2.44888 2.3444 2.39307 2.65593 2.74186 2.92293 2.71754 2.83323 2.80879 3.03753 3.13732 3.11609 3.09818 3.44271 3.36003 3.29061 3.40576 3.41183 3.48037 3.58961 3.69162 3.56793 3.63079 3.58219 3.82334 
3.96828 3.89914 3.70461 3.75802 3.76223 3.72301 3.64531 3.60681 3.52308 3.49229 3.37562 3.2683 3.19891 3.203 3.14479 3.09778 2.93044 2.85601 2.79613 2.60896 2.62044 2.54547 2.45891 2.41724 2.32718 2.22879 2.1523 2.0597 2.02348 1.93875 1.84833 1.81395 1.72614 1.68891 1.6227 1.51064 1.48147 1.40369 1.35093 1.30395 1.24762 1.22346 1.15843 1.13499 1.08968 1.06897 1.05487 1.02816 1.00812 1.00068 1 1.00463 1.01866 1.03905 1.03852 1.07019 1.13278 1.13527 1.21747 1.26581 1.28524 1.33204 1.39951 1.45498 1.52508 1.53153 1.56852 1.67807 1.81076 1.83122 1.87521 2.03198 2.0177 2.25589 2.20784 2.27089 2.35469 2.48317 2.45531 2.66853 2.68605 2.63085 2.73114 2.82539 2.86215 2.91282 2.93462 3.12702 3.08867 3.11929 3.27972 3.3259 3.32442 3.28901 3.45852 3.46648 3.56898 3.5859 3.61002 3.73881 3.72425 
3.95014 3.86317 3.77724 3.79038 3.61634 3.72556 3.64273 3.46181 3.45319 3.42464 3.19194 3.25174 3.15344 3.21838 2.98727 3.01935 3.00929 2.85789 2.75708 2.72757 2.51273 2.56662 2.40817 2.37703 2.33652 2.19732 2.09648 2.12092 2.05693 1.90514 1.84335 1.80935 1.73348 1.65041 1.60793 1.53162 1.46831 1.43216 1.36527 1.28036 1.26296 1.22083 1.16826 1.12813 1.08102 1.06005 1.03502 1.02704 1.00889 0.999815 1 1.00349 1.01097 1.03253 1.03718 1.07731 1.11583 1.12561 1.21687 1.25068 1.2952 1.33524 1.37991 1.43653 1.50537 1.65916 1.66587 1.67745 1.74044 1.90367 1.95044 2.10489 2.06684 2.18652 2.18116 2.28676 2.46271 2.54376 2.60717 2.611 2.72851 2.86133 2.77378 2.81637 3.0164 2.91741 2.98127 3.1931 3.20006 3.28569 3.25828 3.25973 3.32362 3.30802 3.5615 3.52133 3.67432 3.52046 3.62314 3.68144 3.6085 
3.82297 3.81921 3.88951 3.74499 3.69062 3.66371 3.65677 3.50127 3.56828 3.50313 3.26814 3.32337 3.21088 3.12387 3.16161 3.06144 3.04944 2.82816 2.79415 2.57632 2.59454 2.5571 2.48012 2.4015 2.30676 2.25274 2.18023 2.06805 2.00682 1.91156 1.89164 1.81007 1.73777 1.64025 1.62096 1.5451 1.44663 1.43762 1.37133 1.30765 1.26754 1.22299 1.15713 1.13582 1.09062 1.06256 1.04366 1.02742 1.0082 1.0026 1 1.00036 1.01165 1.03373 1.05043 1.08397 1.10226 1.15048 1.19884 1.2718 1.30166 1.35444 1.39861 1.45329 1.48518 1.49834 1.60318 1.74722 1.78273 1.87074 1.86132 1.88406 2.11755 2.10363 2.24142 2.33753 2.29529 2.57708 2.48018 2.51975 2.5593 2.71309 2.79197 2.78725 2.93335 2.89244 2.99409 2.97428 3.05656 3.156 3.278 3.35935 3.34031 3.40496 3.43818 3.55779 3.47848 3.62743 3.59428 3.74274 3.78592 
3.87173 3.89507 3.86304 3.85179 3.84955 3.7236 3.65628 3.46098 3.49628 3.4462 3.3227 3.15891 3.23215 3.15771 3.02058 3.04037 2.85526 2.90877 2.73802 2.65394 2.64844 2.55293 2.46885 2.39685 2.30211 2.26123 2.12262 2.11141 1.99019 1.93294 1.82253 1.79414 1.75 1.68083 1.60498 1.55459 1.5145 1.39802 1.37559 1.27455 1.2732 1.21545 1.15041 1.14879 1.08594 1.07905 1.02886 1.01321 1.00676 1.0018 1 1.00399 1.01102 1.03167 1.04898 1.08975 1.1025 1.15373 1.18836 1.24473 1.27431 1.33472 1.37937 1.4381 1.4876 1.54568 1.6219 1.76513 1.78229 1.85127 2.01219 2.03238 2.09468 2.11746 2.18535 2.4405 2.32994 2.45323 2.61811 2.53408 2.78226 2.65424 2.88863 2.8345 2.86503 2.9057 3.02192 3.11202 3.1855 3.2498 3.24669 3.24764 3.20461 3.43673 3.36722 3.39612 3.40988 3.5231 3.5431 3.65244 3.76748 
3.92299 3.95926 3.81517 3.71928 3.73202 3.53898 3.57461 3.50802 3.63995 3.44694 3.39721 3.30945 3.19279 3.20411 3.1114 3.05783 3.00288 2.91341 2.82967 2.71825 2.60568 2.55509 2.47852 2.38506 2.31541 2.19987 2.18459 2.12052 1.99352 1.92942 1.86419 1.81375 1.70667 1.62866 1.60013 1.51042 1.49726 1.44197 1.38891 1.31294 1.26736 1.20415 1.16657 1.1196 1.11496 1.07638 1.04618 1.01904 1.00488 0.998683 1 1.00701 1.01804 1.03675 1.05658 1.07151 1.10447 1.14204 1.20359 1.22857 1.2925 1.30714 1.36103 1.46681 1.49363 1.5588 1.62918 1.67757 1.76394 1.88588 1.973 1.9962 2.02099 2.31901 2.18374 2.34227 2.32441 2.3765 2.51797 2.57805 2.62165 2.71035 2.87242 2.87924 2.89232 2.94624 3.03909 2.95564 3.16205 3.21688 3.16748 3.41352 3.42796 3.4598 3.42066 3.49144 3.55184 3.55343 3.64842 3.64389 3.80685 
3.96543 3.92235 3.85825 3.72845 3.74173 3.61275 3.71018 3.5344 3.38249 3.45053 3.32869 3.20202 3.20474 3.19845 3.14782 2.95009 2.91672 2.8026 2.68023 2.6819 2.56016 2.53936 2.33526 2.38214 2.32201 2.13999 2.15361 2.14045 2.0202 1.93688 1.84706 1.80016 1.78608 1.65403 1.58499 1.55986 1.50048 1.4046 1.33933 1.31529 1.24214 1.1928 1.18416 1.12279 1.10198 1.06002 1.0478 1.01523 1.00701 1.00178 1 1.00491 1.01224 1.02913 1.04448 1.07228 1.10029 1.14736 1.17267 1.22607 1.28249 1.37817 1.3464 1.44074 1.48473 1.56796 1.63035 1.73185 1.75081 1.82029 1.89952 2.08027 2.11014 2.13109 2.17187 2.36281 2.3546 2.32418 2.56363 2.58562 2.55803 2.76643 2.68715 3.08074 2.91806 2.94639 2.9835 3.24462 3.2687 3.1607 3.08851 3.32844 3.32964 3.40039 3.58829 3.45542 3.55073 3.46526 3.63934 3.66825 3.76956 
3.85017 3.90304 3.79472 3.82098 3.71496 3.6504 3.63148 3.47684 3.55858 3.44408 3.37642 3.3673 3.17256 3.19692 3.03961 2.99432 3.01418 2.84702 2.74402 2.7013 2.67493 2.57934 2.55017 2.4014 2.26692 2.24739 2.13453 2.11726 2.02142 1.93898 1.83031 1.80136 1.73586 1.67507 1.62174 1.54724 1.48388 1.41822 1.35775 1.32023 1.25279 1.2041 1.17978 1.14114 1.09592 1.06669 1.04097 1.02586 1.01607 1.00295 1 1.00519 1.01367 1.03334 1.05792 1.08682 1.09913 1.1375 1.20237 1.21892 1.29447 1.35435 1.40052 1.43774 1.55909 1.54341 1.67405 1.68326 1.80068 1.91676 1.88555 1.99737 1.99495 2.14646 2.14177 2.29771 2.36578 2.48982 2.59279 2.67358 2.72552 2.67902 2.79964 2.84707 2.78962 3.06382 2.99402 3.10302 3.0895 3.11489 3.21595 3.20266 3.24396 3.42017 3.37466 3.2957 3.44804 3.58142 3.54531 3.67026 3.75249 
3.93729 3.89649 3.76019 3.69839 3.74467 3.6827 3.59347 3.62748 3.44867 3.37452 3.36827 3.27684 3.20019 3.13524 3.08281 2.97088 2.93688 2.96632 2.72355 2.66665 2.56501 2.51286 2.52577 2.38723 2.28843 2.25297 2.18981 2.13497 2.03954 1.95309 1.92841 1.81086 1.71641 1.71249 1.61611 1.54466 1.47469 1.39118 1.38598 1.31407 1.25464 1.21332 1.14915 1.1146 1.08236 1.05909 1.03854 1.01891 1.01217 0.999826 1 1.00491 1.01583 1.03133 1.04976 1.07359 1.09664 1.16511 1.15519 1.24246 1.26717 1.33694 1.3812 1.42142 1.50352 1.52559 1.64855 1.7214 1.73596 1.81427 1.8919 1.95532 2.00883 2.1607 2.16466 2.23675 2.32292 2.35936 2.52781 2.54433 2.77037 2.62151 2.82441 2.89812 2.89793 2.93271 2.97682 2.97669 3.18981 3.09112 3.16578 3.37422 3.2511 3.47155 3.45201 3.44294 3.57973 3.52928 3.63559 3.64347 3.73279 
3.97716 3.86485 3.80848 3.79231 3.689 3.66952 3.61463 3.59744 3.45639 3.38732 3.30629 3.28743 3.283 3.15984 3.14959 2.98603 2.93812 2.87532 2.74468 2.64651 2.63641 2.50275 2.53331 2.34532 2.32353 2.24495 2.1091 2.11017 2.03414 1.94518 1.85887 1.86019 1.77874 1.69261 1.61512 1.54401 1.47746 1.44082 1.37487 1.29415 1.26445 1.21582 1.17669 1.13582 1.08946 1.06956 1.04299 1.02048 1.00912 1.00003 1 1.00302 1.01013 1.02939 1.04186 1.06669 1.11132 1.14483 1.19915 1.24989 1.27798 1.35612 1.37878 1.45648 1.4867 1.543 1.63958 1.71782 1.82101 1.80864 1.93968 2.06989 2.00369 2.13171 2.26733 2.28845 2.28344 2.38547 2.51369 2.61418 2.70072 2.7631 2.76223 2.84697 2.88983 3.01644 2.93387 3.001 3.10366 3.18407 3.15961 3.33187 3.37235 3.36741 3.4566 3.50449 3.47749 3.61527 3.56234 3.7234 3.68308 
3.85348 3.9414 3.79722 3.9023 3.78246 3.64484 3.60923 3.57472 3.43539 3.40044 3.42561 3.26324 3.1875 3.17659 3.19076 2.99638 2.91209 2.84248 2.80391 2.7023 2.6382 2.50643 2.47115 2.36776 2.28432 2.25094 2.26947 2.07565 2.04756 1.93517 1.88047 1.7983 1.73865 1.69221 1.58178 1.52969 1.47666 1.41316 1.36623 1.31112 1.264 1.21163 1.17583 1.1178 1.10782 1.0671 1.0388 1.02306 1.00961 1.00168 1 1.00351 1.00548 1.02548 1.04096 1.06053 1.0931 1.12737 1.191 1.22082 1.25912 1.32404 1.34241 1.42 1.55205 1.54307 1.64854 1.6379 1.78936 1.76537 1.94302 1.99139 2.12598 2.11967 2.21587 2.29507 2.28249 2.44841 2.43335 2.47445 2.66615 2.70148 2.71226 2.71526 2.88483 3.02891 3.03371 3.09407 3.12456 3.13362 3.27183 3.36348 3.46566 3.33787 3.37801 3.46282 3.58503 3.60421 3.63014 3.70384 3.66608 
4.00968 3.76474 3.91642 3.77192 3.63892 3.69481 3.63768 3.6288 3.54769 3.56594 3.36839 3.24301 3.2731 3.19184 3.07951 2.98506 2.89286 2.87808 2.74157 2.65848 2.65276 2.59029 2.47846 2.42266 2.28959 2.30261 2.13548 2.10435 2.00456 1.98996 1.95814 1.77453 1.75606 1.66906 1.6225 1.5449 1.49137 1.39951 1.348 1.31427 1.26109 1.20209 1.16153 1.1286 1.09653 1.07079 1.03403 1.02426 1.00817 1.00293 1 1.00348 1.01623 1.03141 1.03363 1.07912 1.11169 1.16335 1.16275 1.22172 1.28291 1.32372 1.35382 1.42981 1.49362 1.5845 1.59276 1.64107 1.75768 1.85642 1.87074 2.00308 2.01433 2.16672 2.15769 2.26468 2.30665 2.47491 2.5191 2.60029 2.64378 2.76367 2.77943 2.86795 2.90384 2.90636 2.77892 3.1077 3.08955 3.19617 3.23273 3.29267 3.27808 3.44094 3.41665 3.4351 3.5333 3.58622 3.55958 3.5865 3.84784 
3.91123 3.7278 3.78291 3.81078 3.78547 3.57756 3.61177 3.53994 3.53214 3.3388 3.30152 3.34099 3.15769 3.10666 3.05669 2.97453 2.93543 2.92939 2.82517 2.77166 2.67231 2.59033 2.43021 2.42232 2.36189 2.1758 2.16803 2.03196 2.03607 1.95395 1.90888 1.78867 1.71658 1.66982 1.61497 1.5444 1.48622 1.42574 1.37889 1.32277 1.27204 1.21728 1.16066 1.12022 1.09291 1.06444 1.03678 1.02481 1.00853 0.999523 1 1.00267 1.01664 1.02963 1.03734 1.08261 1.10785 1.14061 1.17409 1.22941 1.24898 1.32951 1.39796 1.44861 1.49356 1.56147 1.68053 1.6688 1.80953 1.83889 1.9503 1.9362 1.99698 2.1426 2.12402 2.34222 2.31702 2.38471 2.44181 2.56146 2.67021 2.69665 2.74691 2.81505 2.87801 2.92329 3.06859 3.11554 3.17743 3.23098 3.16614 3.30045 3.38216 3.33713 3.43214 3.41223 3.46382 3.53924 3.61392 3.63258 3.75403 
3.93226 3.82986 3.83706 3.82112 3.65278 3.61553 3.57262 3.46708 3.54848 3.44406 3.35821 3.22848 3.25097 3.20585 3.13132 2.97172 2.97893 2.82954 2.77403 2.69477 2.56665 2.48912 2.47654 2.41463 2.32026 2.23559 2.1742 2.06646 1.95925 1.96471 1.85867 1.84324 1.73931 1.64628 1.62271 1.52799 1.47384 1.41238 1.36689 1.30381 1.23827 1.21657 1.16409 1.11693 1.09909 1.06385 1.05304 1.02014 1.00846 1.00248 1 1.00802 1.01357 1.03131 1.05217 1.0704 1.0981 1.12958 1.18129 1.20938 1.24894 1.33298 1.41792 1.42254 1.53792 1.57299 1.58776 1.69024 1.75313 1.84573 1.8833 1.9923 2.12602 2.08405 2.21821 2.2937 2.30831 2.351 2.45416 2.50563 2.64411 2.61903 2.7585 2.75781 2.925 2.95625 3.03973 3.1754 3.06115 3.08543 3.1742 3.19071 3.24682 3.38126 3.4577 3.487 3.50861 3.54563 3.53607 3.63086 3.73737 
3.93715 3.89565 3.93199 3.72148 3.77974 3.69659 3.60025 3.53873 3.49106 3.44416 3.4265 3.21005 3.24148 3.21929 3.1522 3.08205 2.91553 2.81697 2.773 2.69558 2.6862 2.57416 2.44039 2.40498 2.2913 2.27232 2.17677 2.08242 2.02852 1.91441 1.92952 1.76327 1.72162 1.67854 1.61189 1.52759 1.45985 1.39895 1.37463 1.33022 1.26223 1.20179 1.17434 1.103 1.08843 1.08317 1.04325 1.01869 1.00999 1.00388 1 1.0017 1.00933 1.03513 1.04335 1.07782 1.11562 1.12494 1.17583 1.24885 1.25055 1.30905 1.36925 1.43504 1.49955 1.60374 1.67237 1.68846 1.71452 1.80427 1.89286 1.93854 1.99301 2.04213 2.12046 2.35003 2.33288 2.44674 2.56793 2.5879 2.65054 2.63907 2.74079 2.87746 2.83848 2.98004 3.00765 2.99235 3.08567 3.1348 3.27262 3.24741 3.32157 3.47409 3.40968 3.48376 3.50055 3.50665 3.59905 3.70794 3.71723 
3.96571 3.85147 3.83826 3.73278 3.66783 3.63009 3.64282 3.53454 3.53166 3.4816 3.40266 3.26767 3.2696 3.17035 2.9897 2.96151 2.84182 2.92188 2.7682 2.65901 2.57717 2.47454 2.44089 2.34902 2.31565 2.27692 2.18204 2.1025 1.98172 1.91876 1.9056 1.83981 1.71858 1.70811 1.63344 1.5365 1.45127 1.42987 1.35039 1.28172 1.26611 1.23916 1.18596 1.15028 1.09955 1.06661 1.04553 1.02225 1.01299 1.00043 1 1.00047 1.01443 1.02623 1.05035 1.07773 1.10388 1.14446 1.16075 1.22315 1.2882 1.27545 1.40981 1.43187 1.45823 1.51977 1.5913 1.69945 1.74627 1.82916 1.88411 1.86189 2.0442 2.05445 2.15681 2.26022 2.30675 2.39457 2.5172 2.58189 2.62787 2.7473 2.7009 2.78457 2.87589 2.96137 2.91471 3.08119 3.1213 3.12526 3.21182 3.28578 3.24667 3.36205 3.33411 3.55246 3.51767 3.52359 3.66332 3.65064 3.75392 
3.92279 3.82049 3.78764 3.82478 3.70507 3.72264 3.55033 3.52314 3.46278 3.42095 3.47896 3.43293 3.20637 3.11848 2.95114 2.96804 2.97804 2.87467 2.78449 2.74664 2.59744 2.5559 2.52116 2.45526 2.33818 2.16651 2.10985 2.09847 2.0485 1.96829 1.90147 1.82568 1.78956 1.68821 1.60261 1.58547 1.48065 1.43093 1.33939 1.30046 1.24515 1.22238 1.15045 1.11022 1.08067 1.05804 1.03944 1.01914 1.00666 1.00233 1 1.00405 1.01323 1.02627 1.05418 1.06733 1.09279 1.13802 1.16476 1.23446 1.28601 1.31138 1.38385 1.45578 1.48318 1.54192 1.61914 1.67185 1.74104 1.82133 1.8376 1.95275 2.01126 2.17716 2.14306 2.20336 2.34624 2.34654 2.42507 2.44466 2.58529 2.61098 2.72923 2.71248 2.92642 2.87828 2.9923 2.98807 3.10999 3.13773 3.19365 3.24011 3.26072 3.31182 3.43706 3.35584 3.47399 3.67572 3.53603 3.67491 3.76023 
3.88632 3.94968 3.9215 3.80399 3.81209 3.6278 3.69664 3.54451 3.4592 3.48345 3.38495 3.3543 3.29738 3.20987 3.11397 2.98702 2.95774 2.90977 2.76084 2.78202 2.65797 2.56916 2.4853 2.37152 2.32084 2.25486 2.1813 2.03053 2.01767 1.93988 1.86806 1.74658 1.74866 1.68379 1.61317 1.5563 1.47709 1.43624 1.36211 1.30022 1.24967 1.21614 1.16668 1.11944 1.09671 1.05612 1.05614 1.01968 1.01078 1.00106 1 1.0016 1.00789 1.02176 1.04449 1.07072 1.11174 1.13078 1.15308 1.19658 1.28581 1.31035 1.33646 1.44656 1.47966 1.50894 1.60615 1.68459 1.70412 1.81564 1.91604 2.00775 1.97219 2.15221 2.17871 2.28173 2.26326 2.4336 2.44988 2.57934 2.67411 2.7118 2.6977 2.7728 2.74295 2.92092 2.93369 3.04856 3.08331 3.13817 3.26297 3.24364 3.28698 3.34128 3.43887 3.44828 3.54063 3.57362 3.51904 3.65242 3.65745 
3.92078 3.91714 3.86638 3.74339 3.70179 3.65174 3.55934 3.5913 3.48851 3.44035 3.33634 3.34446 3.30133 3.08917 3.06997 3.03609 2.94565 2.82529 2.80466 2.73363 2.63764 2.57185 2.45894 2.35484 2.33464 2.27227 2.15975 2.08737 2.05368 1.94195 1.90389 1.80293 1.69357 1.69685 1.63834 1.53914 1.46733 1.43459 1.37909 1.32337 1.26676 1.23274 1.16925 1.13798 1.08757 1.06827 1.0507 1.0229 1.01369 1.0013 1 1.00333 1.01551 1.02761 1.03741 1.06351 1.11808 1.1349 1.17654 1.22067 1.28129 1.32453 1.37349 1.40584 1.4849 1.56373 1.62987 1.69933 1.75454 1.7971 1.91152 1.92926 2.00321 2.05699 2.17385 2.23362 2.3225 2.41184 2.48296 2.54583 2.55752 2.63299 2.73452 2.69553 2.90471 2.88262 2.9902 3.04288 3.06535 3.16202 3.11566 3.28741 3.27053 3.35616 3.43854 3.38499 3.38024 3.55222 3.59048 3.6101 3.75495 
3.97966 3.89767 3.81506 3.74136 3.6549 3.73729 3.56962 3.50571 3.53254 3.47615 3.37933 3.27766 3.22117 3.13448 3.06669 2.92877 2.87162 2.85614 2.76439 2.66815 2.67488 2.49237 2.47306 2.45448 2.29763 2.23285 2.18835 2.05227 2.00375 1.92989 1.9048 1.80233 1.7504 1.68797 1.62022 1.57495 1.47094 1.40934 1.39148 1.30975 1.26239 1.19527 1.15834 1.13669 1.1008 1.07907 1.04166 1.02411 1.01309 1.00047 1 1.0034 1.01209 1.02458 1.04267 1.07726 1.09488 1.13058 1.17911 1.21538 1.24318 1.29553 1.38296 1.4015 1.52049 1.4842 1.59611 1.64723 1.7109 1.80769 1.92045 1.89965 2.01099 2.08181 2.19055 2.21685 2.23859 2.37499 2.43486 2.52456 2.5751 2.68544 2.69355 2.80156 2.7958 2.85779 3.08287 3.01174 3.00023 3.05318 3.1645 3.14351 3.30489 3.41278 3.37202 3.44804 3.54328 3.59005 3.56108 3.58603 3.62579 
3.83366 3.79124 3.80945 3.75046 3.69415 3.58968 3.6656 3.57813 3.54774 3.50652 3.36085 3.18616 3.21844 3.12439 3.08911 2.99667 3.00076 2.82504 2.80317 2.75234 2.61769 2.57486 2.45536 2.39749 2.32237 2.23655 2.23192 2.0879 2.03522 1.97719 1.87513 1.81602 1.75613 1.68572 1.61062 1.53337 1.4838 1.44885 1.36164 1.3213 1.24995 1.22435 1.18618 1.12439 1.10483 1.06592 1.04352 1.02849 1.01149 1.0048 1 1.00387 1.01004 1.0251 1.04184 1.07336 1.08694 1.11196 1.16458 1.22039 1.28052 1.30754 1.35906 1.40838 1.46571 1.568 1.61687 1.66559 1.73639 1.7909 1.92158 1.94767 1.92184 2.14491 2.21145 2.24032 2.30782 2.38357 2.42495 2.54146 2.60563 2.72398 2.72222 2.76283 2.89815 2.9167 2.95903 3.01056 3.00377 3.07792 3.07138 3.19523 3.28907 3.35512 3.44936 3.43174 3.51418 3.56673 3.5963 3.60331 3.65041 
3.89666 3.89697 3.83297 3.79187 3.71391 3.67531 3.67119 3.48715 3.58938 3.46824 3.36364 3.30829 3.25752 3.12179 3.08801 3.03002 2.89439 2.8221 2.75452 2.71423 2.63205 2.49957 2.42962 2.32304 2.29149 2.28205 2.1883 2.09347 2.02952 1.95729 1.84823 1.87885 1.70342 1.65721 1.59769 1.51291 1.48514 1.392 1.37176 1.31464 1.26993 1.20692 1.17829 1.1276 1.08895 1.07373 1.04365 1.02059 1.00982 1.0029 1 1.00354 1.0123 1.02247 1.0459 1.07763 1.09176 1.12052 1.1816 1.1982 1.26775 1.31055 1.38194 1.39971 1.45593 1.55964 1.56857 1.64137 1.72332 1.79751 1.85574 1.99482 2.00385 2.07107 2.13358 2.26478 2.37024 2.33074 2.3728 2.55174 2.57452 2.64317 2.69442 2.75878 2.79529 2.9782 2.94408 2.93047 3.00036 3.13868 3.11429 3.18766 3.28476 3.31612 3.3551 3.36882 3.48473 3.57194 3.60911 3.51416 3.68846 
3.78114 3.85708 3.83492 3.8177 3.72676 3.55461 3.61156 3.61164 3.54249 3.47422 3.38119 3.27964 3.22854 3.1164 3.04109 2.97833 2.86328 2.82098 2.8214 2.66637 2.62699 2.54232 2.53549 2.4443 2.33993 2.26217 2.1704 2.11717 2.04414 1.90847 1.8593 1.82187 1.72597 1.70755 1.62833 1.51905 1.46503 1.42214 1.34392 1.29919 1.24927 1.21586 1.17324 1.13033 1.11339 1.06579 1.04505 1.02571 1.01295 1.00263 1 1.00233 1.00977 1.02226 1.0462 1.06072 1.10406 1.12822 1.17721 1.20372 1.28282 1.30989 1.37494 1.40497 1.48616 1.54115 1.60982 1.6716 1.71543 1.78344 1.87023 1.95657 2.01641 2.08207 2.17361 2.2261 2.34276 2.37894 2.49318 2.50038 2.5534 2.64091 2.76714 2.80818 2.83489 2.87973 2.96721 3.05874 3.04193 3.19638 3.16349 3.23023 3.27964 3.28164 3.38547 3.30093 3.48812 3.44948 3.59609 3.61151 3.72663 
3.8544 3.90169 3.82172 3.73957 3.60192 3.7347 3.66354 3.53809 3.43194 3.40217 3.43752 3.26555 3.25375 3.05171 3.04371 2.98611 2.92772 2.82845 2.74955 2.71715 2.60539 2.47106 2.47784 2.42637 2.24889 2.24622 2.16663 2.12286 1.99196 2.00095 1.86644 1.78356 1.75138 1.62947 1.62456 1.57761 1.47618 1.41771 1.35436 1.32165 1.26258 1.21011 1.1705 1.1323 1.08917 1.07616 1.0429 1.02116 1.00785 1.00289 1 1.00281 1.00746 1.02416 1.03725 1.06765 1.10729 1.14043 1.16162 1.22153 1.22741 1.2936 1.34943 1.43075 1.49343 1.50279 1.5737 1.64726 1.69823 1.80536 1.88372 1.89705 2.02246 2.06323 2.19594 2.24161 2.23811 2.35382 2.47836 2.546 2.52302 2.65777 2.79089 2.74264 2.86515 2.85879 2.89729 3.01896 3.10335 3.10522 3.15678 3.26938 3.23869 3.25887 3.40009 3.4108 3.40023 3.53357 3.55739 3.56418 3.59921 
3.83082 3.84456 3.74817 3.74553 3.71537 3.67493 3.69017 3.57332 3.51949 3.38687 3.40246 3.3081 3.25235 3.07905 3.07272 2.93618 2.91775 2.80464 2.67955 2.66558 2.62005 2.55657 2.39962 2.41882 2.31477 2.21068 2.1981 2.06726 2.00765 1.95136 1.85605 1.81743 1.705 1.66025 1.59581 1.55159 1.50128 1.41029 1.3695 1.31608 1.27987 1.22456 1.16148 1.12899 1.10291 1.07869 1.0369 1.02326 1.01488 1.00454 1 1.00264 1.01233 1.02742 1.03567 1.0664 1.10204 1.12822 1.14434 1.2038 1.26315 1.27793 1.35042 1.40735 1.45159 1.54041 1.58074 1.65296 1.65748 1.78422 1.88057 1.97481 1.98638 2.07203 2.10457 2.20043 2.31823 2.37963 2.4557 2.5553 2.59496 2.66264 2.63 2.75196 2.81055 2.86838 2.91719 2.94849 3.06359 3.06646 3.0605 3.12032 3.23587 3.2654 3.39526 3.54072 3.38969 3.51218 3.47284 3.59093 3.62517 
3.9101 3.70215 3.92255 3.74905 3.91623 3.63259 3.68544 3.59923 3.43999 3.33746 3.32984 3.30897 3.27004 3.15717 3.05965 3.05934 2.90455 2.82593 2.78718 2.60488 2.66486 2.56499 2.45097 2.39649 2.29821 2.27201 2.15211 2.08754 1.99083 1.95138 1.83097 1.78916 1.77088 1.65358 1.60099 1.51257 1.47288 1.40596 1.38557 1.32529 1.26923 1.22227 1.19277 1.14116 1.10628 1.06635 1.04994 1.02473 1.01023 1.00298 1 1.00316 1.00474 1.01865 1.04365 1.06154 1.08379 1.12287 1.17392 1.21147 1.27862 1.31932 1.32957 1.42331 1.48888 1.54501 1.60334 1.62586 1.70942 1.75161 1.8686 1.85683 1.98662 2.07047 2.10461 2.20006 2.28749 2.32068 2.42206 2.47251 2.57951 2.67416 2.71754 2.70163 2.74033 2.93561 2.98947 2.98247 3.07791 3.02217 3.1904 3.15848 3.25273 3.26965 3.33337 3.32963 3.48201 3.52796 3.51744 3.61103 3.57497 
3.95185 3.90841 3.82793 3.77683 3.6987 3.65653 3.55962 3.50057 3.44847 3.42358 3.44689 3.34873 3.30133 3.18566 3.03063 3.01168 2.89307 2.96096 2.72877 2.78352 2.65575 2.5443 2.47496 2.31027 2.32595 2.31367 2.18481 2.14837 1.98177 1.90241 1.89763 1.80393 1.74095 1.64671 1.62175 1.54592 1.46292 1.41176 1.38691 1.32479 1.24719 1.22002 1.1851 1.13781 1.10437 1.08285 1.05082 1.02883 1.0144 1.0048 1 1.00277 1.01047 1.02826 1.04744 1.06435 1.08706 1.11126 1.17201 1.21284 1.2429 1.29784 1.34692 1.40162 1.45653 1.53857 1.59512 1.64486 1.784 1.80498 1.83189 1.9029 1.97638 2.02263 2.10318 2.19584 2.24196 2.33482 2.3648 2.49099 2.51042 2.60716 2.6741 2.79714 2.72438 2.96696 2.87747 3.01704 2.98323 3.17952 3.20432 3.23146 3.24637 3.34756 3.3889 3.41606 3.476 3.5366 3.52993 3.57654 3.57672 
3.89522 3.83026 3.84334 3.75079 3.69117 3.64666 3.66944 3.51513 3.54289 3.45414 3.43491 3.27836 3.29469 3.15813 3.08991 2.97774 2.88923 2.94617 2.776 2.68632 2.55141 2.5408 2.39723 2.34198 2.29757 2.24751 2.18826 2.09703 2.0198 1.91958 1.89644 1.8233 1.80789 1.63161 1.59343 1.53796 1.45151 1.44174 1.37614 1.31542 1.29448 1.22246 1.17069 1.13332 1.08917 1.07451 1.04181 1.02061 1.01414 1.00276 1 1.00001 1.00634 1.03285 1.04055 1.0634 1.08373 1.13844 1.17819 1.19002 1.23823 1.27732 1.3206 1.39553 1.44725 1.50675 1.57523 1.6649 1.68269 1.77631 1.83512 1.91617 1.97529 2.08631 2.12301 2.18754 2.25803 2.36314 2.45198 2.42429 2.54491 2.61889 2.64198 2.80478 2.75498 2.80888 2.91539 2.94484 2.95715 3.0467 3.11408 3.19884 3.26383 3.25254 3.25786 3.40385 3.38818 3.47505 3.54472 3.591 3.68098 
3.80783 3.90359 3.87255 3.78366 3.77555 3.79917 3.71585 3.51185 3.57489 3.40217 3.50184 3.31005 3.27748 3.16547 3.12702 3.02337 3.00977 2.81674 2.81392 2.69445 2.59925 2.52685 2.46754 2.41017 2.33739 2.22471 2.20568 2.0463 1.99505 1.91825 1.8692 1.81331 1.71868 1.67293 1.63997 1.55386 1.4891 1.45546 1.35663 1.31032 1.2788 1.22071 1.1953 1.14083 1.10453 1.06967 1.05409 1.0267 1.01369 1.00218 1 1.0027 1.00931 1.01636 1.04593 1.06949 1.09917 1.10025 1.16107 1.19166 1.25213 1.31416 1.35319 1.38777 1.48495 1.53275 1.55992 1.63195 1.71323 1.72346 1.84907 1.88286 1.94133 2.09486 2.05997 2.22587 2.31749 2.31906 2.42484 2.53314 2.57625 2.64722 2.60646 2.7411 2.692 2.87625 2.93421 2.95423 2.99299 3.08756 3.07337 3.19239 3.21275 3.28193 3.31052 3.40576 3.44355 3.38114 3.52913 3.61209 3.60119 
3.90598 3.77507 3.8371 3.68509 3.64122 3.58522 3.59021 3.57614 3.45244 3.47842 3.34041 3.30809 3.26673 3.12434 3.06755 3.01095 2.91094 2.92101 2.80168 2.67009 2.67769 2.64319 2.51694 2.37295 2.34885 2.26085 2.13606 2.10922 2.00737 1.91003 1.89452 1.85262 1.74135 1.68483 1.58659 1.52424 1.47788 1.45203 1.39228 1.31712 1.26262 1.21015 1.19858 1.15304 1.11167 1.08891 1.04415 1.02643 1.01257 1.00464 1 1.00105 1.00736 1.01789 1.03744 1.07258 1.09647 1.13082 1.16079 1.20052 1.24323 1.31708 1.3378 1.38962 1.46553 1.49907 1.57941 1.62672 1.67989 1.69434 1.87064 1.87063 1.96934 2.00166 2.12639 2.1715 2.26528 2.33671 2.44316 2.44206 2.55484 2.53062 2.69515 2.69225 2.84972 2.94401 2.87589 2.92917 3.04659 3.09569 3.12371 3.19652 3.20185 3.2885 3.36695 3.27418 3.49183 3.47805 3.52478 3.529 3.60459 
3.89104 3.82063 3.82733 3.85162 3.6527 3.69974 3.57997 3.53487 3.51028 3.43443 3.36932 3.35809 3.25833 3.19632 3.1302 2.9191 3.05782 2.91268 2.7765 2.711 2.63721 2.52968 2.47548 2.39453 2.34054 2.27379 2.16763 2.10719 2.0178 1.98072 1.84706 1.82797 1.73186 1.69466 1.64343 1.54461 1.5019 1.39896 1.37394 1.32175 1.25868 1.21627 1.16777 1.13864 1.10499 1.06536 1.04349 1.02862 1.01247 1.00361 1 1.00171 1.0139 1.01923 1.04279 1.06486 1.09207 1.11806 1.14321 1.1952 1.23402 1.27916 1.32392 1.41543 1.45451 1.54289 1.57012 1.66656 1.67673 1.75155 1.81028 1.81834 1.97491 2.03642 2.18369 2.1635 2.25717 2.34171 2.33692 2.43656 2.47596 2.66836 2.67011 2.73821 2.80815 2.82599 2.88697 2.86669 2.95719 3.09581 3.10192 3.19695 3.24004 3.22817 3.28577 3.37649 3.47874 3.43454 3.46394 3.55706 3.61056 
3.89104 3.79117 3.68764 3.81179 3.74762 3.68123 3.49213 3.58362 3.49412 3.47073 3.46665 3.31173 3.26096 3.13507 3.00339 2.95285 2.9634 2.8409 2.752 2.69858 2.68783 2.53393 2.44783 2.41365 2.2561 2.17553 2.14884 2.09093 1.99528 1.96909 1.88327 1.77672 1.73354 1.64267 1.63899 1.51694 1.49645 1.40601 1.38088 1.3332 1.2934 1.2096 1.18985 1.14886 1.09865 1.07842 1.04701 1.02686 1.00831 1.00676 1 1.00069 1.0112 1.02063 1.035 1.05638 1.09 1.1208 1.17226 1.19802 1.25647 1.27565 1.36492 1.40661 1.43024 1.50818 1.58468 1.64913 1.69946 1.80129 1.82447 1.91018 1.96089 1.9662 2.05503 2.149 2.25221 2.28018 2.42204 2.44955 2.58033 2.59668 2.56385 2.72532 2.71604 2.7492 2.92061 2.90969 3.06904 3.01752 3.07107 3.20927 3.26636 3.32856 3.35298 3.41189 3.44584 3.56799 3.54383 3.5862 3.56772 
3.92689 3.94775 3.76819 3.81315 3.71572 3.66653 3.69862 3.53237 3.59652 3.45824 3.43409 3.27573 3.24454 3.21337 3.07922 3.10302 2.92802 2.89421 2.65971 2.73634 2.63623 2.53488 2.47002 2.36566 2.38815 2.22802 2.16131 2.03721 2.07374 1.98374 1.90408 1.84084 1.74467 1.63803 1.61677 1.51542 1.47559 1.4255 1.35304 1.34853 1.24685 1.22889 1.16139 1.12636 1.08666 1.0696 1.05387 1.02899 1.01444 1.00526 1 1.00161 1.00742 1.01532 1.04071 1.05238 1.08124 1.122 1.15495 1.16532 1.22358 1.27511 1.33108 1.40735 1.42796 1.52304 1.52029 1.58643 1.66484 1.75474 1.80941 1.92209 1.94238 1.98465 2.13406 2.16205 2.28013 2.30886 2.40037 2.44937 2.45411 2.51057 2.65397 2.68495 2.73345 2.79321 2.86047 2.91802 2.98485 3.04101 3.10669 3.11083 3.13339 3.25971 3.26328 3.29771 3.32345 3.51522 3.54446 3.59074 3.56246 
3.82584 3.86801 3.73201 3.70415 3.73377 3.6432 3.6106 3.50365 3.58021 3.43957 3.32461 3.34241 3.16478 3.11668 3.16467 2.94038 2.91267 2.87207 2.78323 2.72927 2.59746 2.50484 2.44183 2.43874 2.30534 2.20296 2.15166 2.10292 1.98975 1.91417 1.85739 1.79497 1.75321 1.71394 1.61327 1.54886 1.47378 1.45061 1.38446 1.32253 1.2731 1.20217 1.19345 1.12219 1.1132 1.07049 1.04787 1.03234 1.01562 1.00604 1 1.00279 1.01179 1.01736 1.03604 1.06371 1.08716 1.11633 1.16435 1.19546 1.25005 1.27129 1.32649 1.38665 1.45043 1.48723 1.56045 1.58082 1.69222 1.71823 1.80801 1.92197 1.9516 1.99827 2.09981 2.09766 2.22048 2.29202 2.33165 2.38566 2.55612 2.58442 2.58816 2.68444 2.77978 2.75047 2.92017 3.00597 2.92095 3.03124 3.107 3.09997 3.18491 3.26192 3.19245 3.36208 3.37584 3.46394 3.5536 3.49232 3.62138 
3.89818 3.7854 3.92327 3.77775 3.77193 3.67833 3.57001 3.55045 3.57257 3.45946 3.49523 3.33977 3.23026 3.18653 3.0672 3.0421 2.96884 2.90287 2.74846 2.72222 2.59196 2.46092 2.43114 2.4318 2.32977 2.1773 2.17105 2.11172 1.98523 1.93784 1.89866 1.77435 1.74803 1.67647 1.65265 1.53734 1.50087 1.41746 1.34047 1.32007 1.28212 1.22052 1.18167 1.13507 1.10609 1.07606 1.0494 1.02913 1.01231 1.0065 1 1.00039 1.01227 1.00789 1.03502 1.0709 1.07783 1.12787 1.14794 1.19363 1.23106 1.25145 1.33602 1.39418 1.4297 1.50562 1.55539 1.63254 1.68422 1.79259 1.8027 1.87362 1.96623 2.01509 2.10523 2.23571 2.25136 2.31479 2.33354 2.38631 2.47563 2.55061 2.59311 2.70749 2.71479 2.79578 2.8283 2.81944 3.00667 3.02594 3.0668 3.07861 3.18463 3.25758 3.25791 3.34315 3.4013 3.45199 3.49213 3.60629 3.60289 
3.91743 3.96568 3.7815 3.78437 3.72164 3.56514 3.54318 3.51985 3.41582 3.41438 3.38604 3.27961 3.2436 3.16973 3.04502 3.03678 2.9698 2.91173 2.79174 2.62077 2.67666 2.61024 2.44607 2.37319 2.29062 2.20566 2.13782 2.07281 2.03156 1.94029 1.83912 1.82043 1.7523 1.70514 1.6028 1.52994 1.4591 1.43242 1.37431 1.30225 1.25836 1.23902 1.19875 1.1552 1.12467 1.08507 1.05421 1.02834 1.01778 1.00411 1 0.999709 1.00805 1.02368 1.03098 1.04667 1.07806 1.1068 1.14084 1.18839 1.2423 1.29484 1.35241 1.37402 1.4417 1.46988 1.54135 1.60464 1.67905 1.71598 1.76802 1.86692 1.88025 2.00148 2.07647 2.10254 2.25796 2.35266 2.34315 2.37438 2.44942 2.57346 2.61103 2.65821 2.706 2.75588 2.86674 2.90094 2.98549 3.0037 2.9892 3.03463 3.27274 3.1341 3.32229 3.37525 3.30807 3.4411 3.50117 3.54395 3.54139 
3.81744 3.85082 3.73692 3.69603 3.75372 3.5289 3.69813 3.56418 3.45685 3.43313 3.32061 3.38229 3.25686 3.23899 3.06001 2.97006 2.90698 2.80561 2.74621 2.66988 2.59174 2.60903 2.3621 2.38078 2.33797 2.24975 2.1818 2.08724 2.01835 1.91436 1.84403 1.8233 1.71792 1.66705 1.62411 1.5464 1.49117 1.43457 1.37186 1.3132 1.26591 1.20718 1.18167 1.13989 1.10905 1.07834 1.0536 1.02833 1.01742 1.00749 1 1.00074 1.0061 1.01523 1.03434 1.06093 1.08183 1.10637 1.16751 1.19386 1.2338 1.27301 1.30451 1.38095 1.39703 1.48634 1.52314 1.61558 1.66259 1.6951 1.80953 1.84017 1.90884 1.94253 2.07658 2.16371 2.20821 2.28018 2.33773 2.36546 2.49642 2.53074 2.6124 2.6066 2.71185 2.77152 2.93183 2.84671 2.91373 3.04072 3.01443 3.13156 3.1336 3.22212 3.28912 3.37624 3.31986 3.43854 3.47828 3.4987 3.51581 
3.87531 3.74316 3.68309 3.66889 3.68574 3.70825 3.62602 3.50859 3.49007 3.37938 3.38321 3.32314 3.26197 3.18989 3.0721 2.90337 3.07286 2.86909 2.83112 2.7137 2.61305 2.56436 2.44185 2.38366 2.30195 2.23811 2.17908 2.07591 2.08174 1.97579 1.89987 1.78388 1.73385 1.6479 1.63302 1.53314 1.50301 1.4388 1.36423 1.30102 1.29451 1.21414 1.18195 1.14876 1.12275 1.07532 1.06366 1.03217 1.01586 1.00334 1 0.999901 1.00259 1.01538 1.03483 1.04747 1.07562 1.10604 1.14027 1.18721 1.21673 1.24024 1.30919 1.34284 1.4192 1.47727 1.52246 1.58796 1.68565 1.71243 1.81056 1.85498 1.89227 1.92961 2.04104 2.08888 2.24268 2.25358 2.32108 2.36511 2.46882 2.56092 2.57813 2.65469 2.69484 2.71748 2.76559 2.8822 2.95844 3.00014 3.04062 3.07945 3.15041 3.17253 3.36043 3.28198 3.37155 3.37169 3.44997 3.53989 3.57124 
3.92809 3.83163 3.74167 3.82465 3.60693 3.59755 3.54425 3.63628 3.49009 3.39251 3.27226 3.25645 3.24314 3.09557 3.10525 2.99589 2.91041 2.82397 2.84405 2.67695 2.54567 2.58659 2.44166 2.44349 2.34131 2.24987 2.16234 2.06579 2.0159 1.89869 1.83353 1.82835 1.77239 1.66966 1.59411 1.5594 1.48784 1.44904 1.36529 1.34401 1.26059 1.24003 1.18094 1.15115 1.10648 1.09044 1.04665 1.03239 1.01872 1.00284 1 1.00046 1.00307 1.01379 1.03348 1.04515 1.08161 1.09847 1.12875 1.16343 1.20068 1.26587 1.33418 1.35248 1.42279 1.48318 1.53101 1.58113 1.65356 1.71809 1.81935 1.86269 1.89745 2.00018 2.01246 2.13452 2.09675 2.25558 2.39587 2.33059 2.43201 2.49298 2.46996 2.69093 2.6805 2.79134 2.71991 2.87989 2.97781 3.00817 3.07452 3.0835 3.10868 3.20813 3.20562 3.35659 3.39684 3.41518 3.45091 3.45662 3.50671 
3.84985 3.8389 3.85728 3.71299 3.75973 3.67553 3.65724 3.46678 3.45241 3.39109 3.4029 3.26706 3.22688 3.15671 3.05668 2.96489 2.89232 2.84813 2.79606 2.72752 2.57602 2.50483 2.49123 2.39552 2.31653 2.23766 2.11034 2.09563 2.01903 1.94663 1.90702 1.8411 1.72631 1.66455 1.57236 1.58758 1.46331 1.4615 1.36709 1.33543 1.27219 1.22863 1.18477 1.15802 1.10099 1.08156 1.06019 1.02795 1.01468 1.00556 1 1.00077 1.0058 1.00636 1.02971 1.05303 1.07949 1.10278 1.14122 1.15131 1.19743 1.25781 1.31072 1.3644 1.40662 1.45613 1.50983 1.55971 1.65755 1.69386 1.79821 1.80136 1.91156 1.99098 1.99506 2.00693 2.12723 2.23099 2.3058 2.31752 2.42954 2.43965 2.53703 2.59013 2.65223 2.73669 2.77491 2.86293 2.97534 2.91613 2.89709 3.10626 3.16055 3.16609 3.25147 3.31395 3.27965 3.41401 3.27664 3.49698 3.54163 
3.7919 3.76264 3.91597 3.75612 3.68983 3.53525 3.54786 3.43419 3.46297 3.54633 3.36506 3.21138 3.25147 3.19471 3.10847 3.06835 2.95041 2.91874 2.71113 2.75765 2.54039 2.58116 2.43794 2.42939 2.34585 2.19915 2.15785 2.0978 2.02295 1.92679 1.95898 1.84063 1.73156 1.6685 1.61282 1.57544 1.4863 1.41777 1.3858 1.34445 1.30128 1.2249 1.16452 1.15663 1.11773 1.08131 1.0531 1.03295 1.01709 1.00536 1 0.999496 1.00149 1.00832 1.03309 1.05353 1.08297 1.12024 1.13733 1.14876 1.22623 1.26884 1.294 1.33716 1.41653 1.45536 1.495 1.57884 1.61983 1.64644 1.73906 1.81103 1.90896 1.94408 2.00493 2.09854 2.15575 2.19688 2.28156 2.29014 2.4423 2.45898 2.53046 2.65628 2.66293 2.76378 2.75362 2.89221 2.92246 2.94116 3.00254 3.07334 3.08662 3.1133 3.17425 3.30721 3.35256 3.32228 3.47888 3.47665 3.52899 
3.9321 3.86769 3.8244 3.63707 3.69129 3.51986 3.55482 3.63979 3.49949 3.31838 3.2818 3.18649 3.19413 3.10197 3.13521 2.96554 2.91928 2.84788 2.73497 2.73497 2.60664 2.51189 2.47749 2.38572 2.33456 2.17511 2.16679 2.07456 2.02677 2.00709 1.88535 1.79732 1.67503 1.69819 1.60875 1.57009 1.52454 1.43942 1.3702 1.33756 1.2418 1.20958 1.19662 1.14343 1.12334 1.0722 1.05291 1.03536 1.01557 1.00573 1 0.998983 1.00431 1.01744 1.02905 1.04598 1.07515 1.10336 1.116 1.14575 1.21745 1.25148 1.30746 1.34632 1.39421 1.43703 1.47629 1.59069 1.62334 1.66701 1.73628 1.8306 1.87205 1.91387 2.05329 2.09959 2.13944 2.25645 2.29377 2.38574 2.32326 2.4686 2.50435 2.56019 2.60192 2.72555 2.74981 2.8491 2.88694 2.84326 3.00988 3.02735 3.11867 3.14171 3.26688 3.2394 3.2972 3.31684 3.42918 3.5214 3.49575 
3.94709 3.86065 3.81806 3.67668 3.63414 3.56104 3.65823 3.51157 3.42433 3.42315 3.29014 3.24968 3.17636 3.1548 3.05361 2.94968 2.81206 2.80368 2.7615 2.6635 2.66246 2.55893 2.42599 2.32399 2.28575 2.24129 2.13196 2.06452 1.98805 1.92515 1.81904 1.77885 1.77175 1.65888 1.61439 1.5376 1.50058 1.42311 1.39524 1.35518 1.26644 1.23231 1.18382 1.13752 1.11151 1.08138 1.04971 1.03292 1.01932 1.0057 1 1.00183 1.00333 1.01785 1.02264 1.04344 1.076 1.10126 1.11666 1.16787 1.21408 1.24017 1.30016 1.35805 1.38073 1.45611 1.51381 1.55702 1.62494 1.72688 1.77745 1.74688 1.84664 1.96775 1.98281 2.09804 2.16031 2.18615 2.27897 2.31703 2.44826 2.485 2.48137 2.62737 2.68519 2.72723 2.83051 2.85775 2.84411 2.9894 2.99143 3.04919 3.03326 3.15624 3.18996 3.2948 3.31691 3.42387 3.3898 3.49162 3.50821 
3.85706 3.79681 3.75945 3.82079 3.70839 3.63061 3.634 3.47449 3.38365 3.39667 3.33953 3.22116 3.24588 3.10379 3.09586 3.02653 2.83659 2.81767 2.76169 2.67381 2.56354 2.49207 2.48843 2.37574 2.33655 2.26239 2.23159 2.06166 2.01321 1.96994 1.87939 1.81722 1.76151 1.67543 1.64182 1.55939 1.4819 1.47449 1.37957 1.31964 1.27819 1.22719 1.17975 1.14686 1.11913 1.08206 1.04704 1.0256 1.01771 1.00793 1 0.998219 1.00457 1.01277 1.03657 1.04625 1.06141 1.10417 1.12244 1.15371 1.21678 1.25604 1.3095 1.32509 1.38781 1.45344 1.46117 1.55365 1.64428 1.66162 1.74365 1.78968 1.86748 1.9783 2.03245 2.03278 2.10589 2.18722 2.25462 2.34605 2.39436 2.3831 2.4705 2.55512 2.69806 2.66277 2.79017 2.78748 2.89962 2.91169 3.03555 3.02792 3.09834 3.26585 3.22711 3.21548 3.26808 3.33179 3.42731 3.43169 3.5468 
3.8732 3.8596 3.6447 3.77442 3.67429 3.76169 3.6427 3.5495 3.43178 3.43789 3.213 3.28254 3.28159 3.06777 3.02619 2.98791 2.90602 2.88531 2.71497 2.63631 2.71562 2.50552 2.42723 2.37938 2.3174 2.17826 2.19227 2.06648 2.01754 1.963 1.8434 1.75603 1.73519 1.68111 1.59461 1.5436 1.47513 1.43748 1.3645 1.33353 1.283 1.22227 1.18377 1.15333 1.11124 1.08982 1.05938 1.03669 1.01817 1.00599 1 0.999673 1.00255 1.01009 1.03269 1.04625 1.08017 1.09379 1.12144 1.17463 1.17278 1.27721 1.27496 1.36185 1.39412 1.47516 1.49301 1.53679 1.61175 1.65759 1.72085 1.77049 1.84413 1.94423 1.9668 2.03245 2.13925 2.18236 2.22585 2.31548 2.36875 2.42717 2.49426 2.59448 2.57197 2.73467 2.73795 2.89232 2.82491 2.89536 3.00647 3.00154 3.02375 3.17381 3.08981 3.24498 3.24011 3.28522 3.38424 3.45886 3.51326 
3.89052 3.75718 3.696 3.68603 3.83303 3.48306 3.57059 3.55927 3.31777 3.34559 3.35386 3.32002 3.06984 3.1246 3.06614 2.92589 2.86345 2.80943 2.70231 2.67655 2.61557 2.49491 2.43638 2.36875 2.20698 2.17008 2.15171 2.05237 2.01946 1.90253 1.91669 1.79093 1.76323 1.67314 1.62445 1.56562 1.48187 1.44498 1.38943 1.32251 1.27364 1.21447 1.17431 1.14639 1.10797 1.08253 1.0509 1.02944 1.01769 1.00713 1 0.996712 1.00836 1.00798 1.02755 1.04389 1.05534 1.10695 1.12275 1.14454 1.19117 1.22995 1.29078 1.34633 1.38347 1.44973 1.5207 1.57541 1.6319 1.68677 1.68218 1.74944 1.82421 1.85676 1.93463 2.04404 2.12887 2.19868 2.25519 2.34368 2.36411 2.45533 2.43996 2.54266 2.59473 2.66208 2.70042 2.79981 2.81213 2.81762 3.0075 2.99004 3.03125 3.16567 3.14826 3.21269 3.32944 3.3105 3.42756 3.44888 3.54229 
3.92074 3.85866 3.72933 3.72486 3.62382 3.61596 3.52187 3.40268 3.36352 3.37214 3.3107 3.29432 3.22501 3.24677 3.03034 2.97846 2.92123 2.72383 2.66795 2.72346 2.56779 2.5666 2.43326 2.36486 2.27657 2.19912 2.10565 2.09922 2.00776 1.94993 1.85706 1.77298 1.68047 1.64864 1.61592 1.55796 1.51209 1.42984 1.36508 1.32601 1.27336 1.20138 1.17201 1.15433 1.1084 1.08984 1.04909 1.03546 1.01995 1.00687 1 0.996769 0.999302 1.01086 1.03342 1.04697 1.0712 1.09467 1.14176 1.15736 1.18109 1.2518 1.29926 1.34678 1.38618 1.40826 1.45433 1.5376 1.6327 1.6603 1.71486 1.80361 1.90837 1.86614 1.99222 1.97857 2.06502 2.07263 2.2404 2.34042 2.35302 2.39704 2.429 2.49657 2.56637 2.62814 2.74561 2.74168 2.72494 2.86782 2.96031 3.00068 3.0763 3.03571 3.06651 3.18536 3.27612 3.31703 3.34415 3.38853 3.48949 
3.85438 3.65386 3.8059 3.5926 3.67849 3.52146 3.53136 3.42413 3.5282 3.46576 3.42011 3.23485 3.25653 3.03203 3.07068 3.00935 2.91137 2.79119 2.7945 2.66266 2.57502 2.43351 2.42947 2.41851 2.279 2.21192 2.15292 2.07856 1.9996 1.92953 1.87273 1.79009 1.72011 1.63009 1.63119 1.5334 1.48236 1.44277 1.3482 1.31423 1.26798 1.22419 1.16371 1.15677 1.10996 1.07346 1.05965 1.02935 1.01842 1.00692 1 0.999835 1.00547 1.01544 1.02072 1.04838 1.05676 1.08755 1.12939 1.16666 1.19971 1.21808 1.25917 1.32986 1.37006 1.43764 1.49455 1.55711 1.56421 1.67917 1.69277 1.76943 1.81054 1.86895 1.96301 2.01544 2.07924 2.12194 2.2012 2.27673 2.3016 2.38817 2.46826 2.48957 2.58132 2.63962 2.70282 2.76306 2.75783 2.88194 2.91529 3.03859 3.05696 3.09014 3.24308 3.24401 3.22487 3.32486 3.42455 3.46277 3.51627 
3.74003 3.66952 3.77613 3.63991 3.61048 3.63552 3.5561 3.52616 3.47688 3.24962 3.26218 3.15602 3.11541 3.19554 3.06049 2.81344 2.75021 2.82019 2.82554 2.6505 2.60643 2.5048 2.39495 2.30279 2.27536 2.1946 2.17558 2.02607 1.94352 1.91394 1.82192 1.82781 1.71344 1.67118 1.59782 1.513 1.48414 1.40957 1.35345 1.30621 1.26389 1.21307 1.18005 1.15594 1.1086 1.07953 1.05778 1.03545 1.01757 1.00664 1 0.999213 1.00478 1.00671 1.02411 1.03697 1.06705 1.09733 1.12162 1.14692 1.2015 1.24316 1.28367 1.33765 1.34646 1.42319 1.48005 1.52513 1.56257 1.63227 1.68863 1.77919 1.82284 1.86558 1.92516 2.0068 2.05742 2.132 2.14754 2.28083 2.31442 2.35946 2.43101 2.49398 2.49395 2.58651 2.70827 2.68444 2.7971 2.88903 2.94199 2.98299 3.03445 3.03354 3.13278 3.19731 3.18894 3.33318 3.43995 3.44314 3.42098 
3.70938 3.70375 3.64804 3.69977 3.6205 3.57675 3.64818 3.44455 3.24231 3.30837 3.25451 3.26851 3.24025 3.04242 2.98242 2.94758 2.84562 2.77924 2.70918 2.66058 2.58916 2.46421 2.47755 2.35373 2.26958 2.16113 2.09778 2.03693 2.00613 1.90355 1.87374 1.81004 1.7228 1.61322 1.58459 1.54206 1.45644 1.42938 1.36233 1.3234 1.26312 1.22869 1.19988 1.15756 1.11485 1.08977 1.05606 1.03462 1.0139 1.00541 1 0.999596 1.0033 1.0017 1.01499 1.04065 1.05806 1.09144 1.11612 1.15185 1.19045 1.23413 1.2504 1.30503 1.3833 1.4279 1.47047 1.51116 1.566 1.61731 1.70143 1.76639 1.83396 1.89443 1.93192 2.0039 2.05564 2.1106 2.17461 2.25458 2.31177 2.30368 2.39917 2.46808 2.54019 2.61076 2.61596 2.68773 2.83934 2.78621 2.91083 2.93107 3.00643 2.97369 3.16531 3.17287 3.25228 3.34316 3.35444 3.35832 3.50597 
3.76301 3.8345 3.69651 3.62797 3.51193 3.45877 3.62136 3.5141 3.39099 3.36923 3.26904 3.24228 3.0842 2.99961 3.09439 2.97038 2.87058 2.86711 2.67059 2.65398 2.51031 2.50226 2.40825 2.2934 2.28687 2.16059 2.09739 2.12293 2.00011 1.94031 1.86686 1.77243 1.70999 1.63806 1.63639 1.54327 1.46201 1.39448 1.4033 1.3219 1.26983 1.22819 1.21037 1.14088 1.11528 1.09132 1.05872 1.03725 1.01369 1.00503 1 0.996631 1.00524 1.00671 1.0236 1.03303 1.07168 1.08795 1.11454 1.14975 1.19665 1.24351 1.26859 1.29789 1.35277 1.40455 1.45762 1.52936 1.60018 1.64514 1.69983 1.75092 1.82972 1.81891 1.94469 1.99097 2.01198 2.15907 2.15621 2.24318 2.36616 2.34793 2.45652 2.47937 2.56949 2.57098 2.6167 2.74743 2.80547 2.84314 2.85191 2.99892 3.07785 3.07017 3.07607 3.15704 3.11114 3.33364 3.32672 3.33381 3.42724 
3.74689 3.75567 3.78151 3.58536 3.52959 3.54449 3.59903 3.39891 3.31771 3.27876 3.26322 3.15361 3.12501 3.04497 2.9463 2.95258 2.92006 2.76553 2.68089 2.71467 2.55819 2.49769 2.3695 2.35673 2.29689 2.13898 2.08855 2.04008 2.02983 1.90542 1.81399 1.78882 1.73072 1.67664 1.58107 1.53604 1.47824 1.45095 1.36347 1.29909 1.28271 1.22588 1.20344 1.14995 1.11505 1.07838 1.05145 1.03452 1.01793 1.00787 1 0.997099 1.00004 1.00262 1.03268 1.03359 1.06869 1.08431 1.11707 1.14421 1.19356 1.22994 1.25917 1.31932 1.33483 1.42485 1.46955 1.4808 1.60094 1.57524 1.66117 1.70509 1.82353 1.84988 1.92213 1.94315 2.02529 2.15763 2.15969 2.18001 2.28096 2.35824 2.43941 2.53582 2.5358 2.65071 2.66518 2.66628 2.78078 2.78878 2.92136 2.96363 2.97 3.03095 3.13144 3.13495 3.24592 3.22139 3.28264 3.43669 3.39775 
3.64218 3.66008 3.61072 3.63094 3.58563 3.46503 3.52834 3.47726 3.37237 3.2862 3.34318 3.15393 3.03853 3.05129 2.92106 2.92391 2.81301 2.76384 2.66083 2.58676 2.48813 2.4848 2.45738 2.38261 2.28338 2.20187 2.10512 2.03396 1.9417 1.90659 1.8354 1.74749 1.72525 1.63986 1.60412 1.54908 1.47063 1.44542 1.35253 1.3062 1.26087 1.20599 1.19022 1.14746 1.10237 1.07645 1.04968 1.03558 1.01949 1.00785 1 0.99918 1.00158 1.00796 1.03037 1.03907 1.06548 1.08234 1.10288 1.14498 1.18304 1.23654 1.27078 1.29407 1.37833 1.42578 1.46512 1.51876 1.55434 1.61469 1.63645 1.702 1.76812 1.88535 1.91823 1.91252 2.06623 2.10363 2.1821 2.21967 2.27206 2.31063 2.33665 2.46136 2.49534 2.55649 2.63546 2.71896 2.7095 2.75319 2.84721 2.94973 3.03157 3.01574 3.08979 3.1585 3.22299 3.2556 3.28203 3.38163 3.44171 
3.625 3.607 3.78688 3.72445 3.47509 3.53556 3.37633 3.30848 3.32891 3.28575 3.27174 3.15767 3.07823 3.01189 2.90808 2.90838 2.87482 2.73225 2.60914 2.60272 2.50513 2.45927 2.44945 2.28979 2.20315 2.06817 2.15805 2.05221 1.94756 1.94889 1.87294 1.79075 1.75882 1.65771 1.55342 1.52003 1.47257 1.4259 1.32844 1.29759 1.26656 1.21199 1.15897 1.14281 1.10921 1.07523 1.06235 1.03703 1.01656 1.00597 1 0.99891 1.00239 1.0053 1.02264 1.02992 1.05109 1.1005 1.10399 1.14326 1.18102 1.21796 1.26843 1.29197 1.36257 1.42727 1.46773 1.53909 1.53634 1.61065 1.69235 1.6961 1.77043 1.82686 1.95236 1.96846 2.04569 2.05563 2.10406 2.22696 2.28741 2.31663 2.40131 2.48425 2.46905 2.57777 2.62432 2.71903 2.71134 2.82376 2.91903 2.93115 2.98592 3.03236 3.06754 3.13791 3.16362 3.23909 3.29383 3.33355 3.37034 
3.62978 3.62643 3.64227 3.75302 3.58538 3.44689 3.38359 3.36715 3.32611 3.17774 3.20164 3.15482 3.10571 3.03187 2.99581 2.88179 2.86209 2.83332 2.62773 2.58786 2.54155 2.49308 2.44562 2.33696 2.2377 2.18194 2.06734 2.01839 1.92477 1.96948 1.82084 1.76974 1.72194 1.66713 1.56799 1.50432 1.49057 1.40697 1.37427 1.28418 1.26969 1.22484 1.17841 1.13168 1.11963 1.07901 1.05048 1.03367 1.02186 1.0069 1 0.996458 1.00228 1.01193 1.01879 1.0414 1.04472 1.08082 1.10819 1.13682 1.19528 1.22062 1.26815 1.29436 1.3238 1.3551 1.44238 1.49711 1.54895 1.59271 1.66136 1.75282 1.77836 1.86167 1.87647 1.9786 1.99826 2.10217 2.1795 2.17124 2.29711 2.28462 2.36038 2.46949 2.48386 2.56465 2.59216 2.68697 2.72791 2.81806 2.86961 2.9087 3.00119 3.01417 3.05444 3.07781 3.13123 3.16502 3.30994 3.35939 3.30504 
3.62144 3.54778 3.85083 3.50937 3.58274 3.52755 3.43914 3.4544 3.40144 3.3003 3.13527 3.05765 3.18778 3.03338 2.90027 2.92334 2.78694 2.70515 2.6743 2.71766 2.48478 2.47302 2.31559 2.35342 2.25925 2.23199 2.11702 2.03464 1.94485 1.89677 1.89184 1.77709 1.68905 1.60897 1.56743 1.5228 1.46719 1.41017 1.33514 1.31899 1.25363 1.20507 1.17473 1.15468 1.1024 1.07864 1.04626 1.02845 1.01883 1.00663 1 0.997298 0.998198 1.0105 1.01643 1.03364 1.06076 1.08269 1.10458 1.15451 1.18115 1.22567 1.23823 1.27506 1.3552 1.37287 1.42215 1.5101 1.54797 1.61272 1.61581 1.68802 1.72699 1.79011 1.84544 1.98249 2.04062 2.09141 2.09831 2.14366 2.23211 2.31016 2.41013 2.42989 2.4538 2.60636 2.62718 2.60876 2.73855 2.8205 2.76969 2.87017 2.91748 2.98607 3.14551 3.12742 3.16026 3.18213 3.34567 3.33937 3.34158 
3.75431 3.6176 3.65432 3.59605 3.51915 3.54293 3.55948 3.29742 3.36278 3.30402 3.1695 3.18615 2.97931 3.005 3.10961 2.9092 2.83025 2.64788 2.70373 2.56284 2.54915 2.38133 2.38233 2.3476 2.1783 2.22497 2.0861 2.02518 1.93796 1.88867 1.78663 1.75929 1.69301 1.62399 1.58384 1.55963 1.47473 1.41038 1.3591 1.31909 1.24704 1.22739 1.18319 1.1566 1.10492 1.07347 1.06076 1.04005 1.01737 1.00944 1 0.997026 1.00267 1.00588 1.02307 1.02658 1.05796 1.08355 1.11842 1.14628 1.14881 1.20344 1.24806 1.29579 1.33508 1.41656 1.46091 1.47699 1.56131 1.58035 1.63535 1.68448 1.77157 1.82655 1.88067 1.97071 2.05074 2.11778 2.12785 2.14128 2.23153 2.19385 2.38111 2.48868 2.51712 2.55206 2.63367 2.62776 2.67551 2.72198 2.78562 2.91754 2.92897 2.96329 3.03605 3.08756 3.14725 3.17822 3.32441 3.32769 3.36978 
3.5688 3.66326 3.61934 3.66277 3.51625 3.44884 3.4182 3.3925 3.38178 3.27059 3.1442 3.17816 3.05618 2.98787 2.90933 2.87734 2.73213 2.74717 2.67536 2.59244 2.42685 2.38446 2.40771 2.32211 2.28988 2.19856 2.08249 2.08255 1.88894 1.89184 1.82846 1.7415 1.74349 1.62932 1.57838 1.49832 1.46688 1.40173 1.35013 1.29828 1.252 1.21388 1.19039 1.15795 1.115 1.08116 1.05543 1.03611 1.02005 1.00608 1 0.998772 1.00251 1.01033 1.02498 1.0294 1.05499 1.0932 1.10575 1.11809 1.16369 1.20106 1.28138 1.2732 1.33006 1.41974 1.43792 1.50551 1.57975 1.57679 1.61036 1.68301 1.78065 1.83007 1.85224 1.99372 2.00796 2.13432 2.14282 2.16965 2.2189 2.30187 2.34311 2.42267 2.44872 2.48375 2.58024 2.63705 2.72232 2.70636 2.75068 2.88818 2.94625 2.96075 3.07935 3.14096 3.1836 3.20298 3.34057 3.41224 3.40566 
3.65372 3.63565 3.56452 3.6106 3.39029 3.34717 3.39768 3.35847 3.25977 3.1946 3.26979 3.15707 3.07553 2.96669 2.99671 2.8327 2.84032 2.66242 2.68581 2.50638 2.43304 2.43544 2.33115 2.38553 2.30714 2.14749 2.09866 2.00532 1.98 1.90446 1.84062 1.76804 1.72267 1.6579 1.58184 1.51468 1.44258 1.39753 1.35054 1.31257 1.26724 1.22288 1.17147 1.14725 1.10591 1.07527 1.04369 1.03919 1.01894 1.00736 1 0.998295 0.999735 1.00528 1.01714 1.03657 1.05924 1.08215 1.11522 1.14437 1.17058 1.19789 1.25518 1.26597 1.33391 1.34667 1.39601 1.51476 1.56611 1.59622 1.63583 1.67855 1.77966 1.82736 1.81744 1.94324 1.97571 2.09716 2.08365 2.19501 2.19007 2.30152 2.36861 2.36464 2.48252 2.56679 2.60176 2.67938 2.73725 2.74447 2.83485 2.89926 2.9489 2.97176 3.05486 3.12826 3.10636 3.19942 3.2679 3.22316 3.36517 
3.66509 3.51247 3.52305 3.5892 3.50129 3.40113 3.47432 3.36489 3.19961 3.21148 3.19788 3.10428 3.06505 2.98943 2.92254 2.79112 2.7691 2.64994 2.68302 2.55817 2.57599 2.42822 2.32689 2.30614 2.17624 2.16608 2.07291 2.03152 1.8878 1.85074 1.845 1.82055 1.69104 1.65433 1.56826 1.52986 1.43678 1.3916 1.34015 1.32463 1.27709 1.22085 1.14828 1.15264 1.10948 1.07883 1.05897 1.02922 1.01865 1.00519 1 0.9975 0.999481 1.0028 1.00978 1.03748 1.05333 1.0841 1.10765 1.13176 1.1741 1.21432 1.2288 1.29834 1.3295 1.38061 1.43372 1.50222 1.56048 1.60691 1.66718 1.69036 1.74122 1.79927 1.86001 1.9696 1.9885 2.08096 2.15381 2.13741 2.20731 2.24623 2.43159 2.39589 2.41329 2.55349 2.62903 2.59943 2.72685 2.74608 2.75744 2.88085 2.99789 2.84443 3.04796 3.05985 3.17704 3.17151 3.18782 3.35978 3.32883 
3.52497 3.51422 3.60338 3.43474 3.4142 3.41317 3.46936 3.34148 3.2304 3.37033 3.16967 3.11718 3.07176 3.00248 2.91513 2.86034 2.74366 2.66628 2.6551 2.48605 2.48375 2.46849 2.26412 2.29668 2.21097 2.16707 2.07566 2.03057 1.95111 1.92967 1.82318 1.72493 1.6574 1.61292 1.54876 1.53251 1.46761 1.41927 1.35603 1.29608 1.27088 1.21754 1.17017 1.13932 1.08763 1.07613 1.04374 1.03427 1.01996 1.00998 1 0.999031 1.00089 1.00585 1.01618 1.02961 1.0575 1.08237 1.10565 1.13384 1.16571 1.22836 1.24016 1.30353 1.31251 1.41358 1.42631 1.45522 1.55695 1.58572 1.66136 1.67425 1.75442 1.81141 1.84151 1.97059 1.96263 2.08325 2.12604 2.07151 2.20183 2.33146 2.36632 2.37475 2.52979 2.52173 2.62264 2.60007 2.69 2.73752 2.79705 2.88268 2.86857 2.94668 3.01067 3.06287 3.17992 3.17228 3.25925 3.21987 3.30327 
3.62316 3.74488 3.56771 3.50926 3.34657 3.43077 3.38381 3.29163 3.30284 3.32695 3.21314 3.10784 3.03746 2.92399 2.86507 2.84616 2.70455 2.66042 2.57607 2.52821 2.53438 2.45362 2.31007 2.38262 2.23214 2.10606 2.04938 1.97111 1.90398 1.86968 1.84491 1.71866 1.66888 1.64066 1.58995 1.51817 1.45489 1.43976 1.36231 1.30666 1.26677 1.21468 1.17766 1.14768 1.1092 1.07638 1.05519 1.02991 1.02007 1.00554 1 0.998117 0.99787 1.01029 1.02136 1.03404 1.06086 1.09133 1.11186 1.14962 1.17772 1.19638 1.23056 1.28902 1.34986 1.39168 1.435 1.48701 1.55402 1.63448 1.65252 1.66458 1.75081 1.80237 1.89607 1.90061 1.9316 2.02634 2.06741 2.21179 2.2218 2.29396 2.3657 2.45853 2.45388 2.53245 2.58154 2.64072 2.71055 2.66934 2.75565 2.83735 2.92133 2.91111 3.08175 3.06022 3.16813 3.18917 3.30054 3.24829 3.25511 
3.60051 3.70406 3.46871 3.44156 3.54392 3.34692 3.38224 3.37726 3.25494 3.30467 3.16303 3.12314 3.09572 2.92534 2.93835 2.70347 2.83583 2.78785 2.62795 2.57299 2.44261 2.44749 2.36807 2.37139 2.15716 2.13066 1.99981 1.91932 1.91032 1.88876 1.85165 1.79855 1.67779 1.66225 1.56449 1.51369 1.42663 1.38667 1.34039 1.30957 1.22362 1.21167 1.18802 1.1453 1.10441 1.07963 1.04915 1.04114 1.017 1.00669 1 0.997326 1.00505 1.00754 1.01049 1.03273 1.04416 1.08556 1.09893 1.12472 1.17491 1.21074 1.23703 1.26346 1.30856 1.37697 1.46061 1.51658 1.50918 1.56192 1.64023 1.64665 1.70316 1.82058 1.833 2.00183 2.00364 2.04189 2.10886 2.11246 2.19101 2.30025 2.39724 2.41166 2.43481 2.53185 2.52735 2.60855 2.63038 2.72833 2.76826 2.82748 2.84943 3.00948 2.9799 3.06018 3.16843 3.15562 3.27134 3.36912 3.27134 
3.62117 3.63079 3.65434 3.49468 3.42493 3.43949 3.33676 3.26173 3.22932 3.24049 3.11335 3.11368 3.01266 2.98793 2.98303 2.85101 2.71848 2.70956 2.63785 2.56848 2.42695 2.37918 2.38203 2.27697 2.23001 2.12307 2.0665 1.99047 1.95365 1.90807 1.84022 1.73431 1.68389 1.59004 1.5046 1.50192 1.43632 1.37778 1.3541 1.30084 1.26329 1.19269 1.16516 1.14445 1.09577 1.07596 1.05821 1.0368 1.01959 1.00767 1 0.996806 1.00031 1.00331 1.01746 1.02754 1.05666 1.0741 1.07731 1.12798 1.17303 1.18795 1.2431 1.25912 1.34377 1.37164 1.45913 1.50345 1.49363 1.58743 1.61103 1.68237 1.71009 1.81331 1.82157 1.85721 1.91983 2.07782 2.06013 2.11388 2.19123 2.24756 2.32335 2.41886 2.39081 2.56409 2.60262 2.61838 2.64602 2.69607 2.7999 2.83236 2.92516 3.00444 2.93839 3.08811 3.07685 3.20529 3.20252 3.21585 3.28396 
3.55764 3.55541 3.45251 3.56093 3.49777 3.3677 3.40151 3.32933 3.3906 3.30299 3.23445 3.00893 3.16983 2.95929 2.85211 2.81511 2.80261 2.6525 2.55343 2.56843 2.36067 2.34452 2.42434 2.26628 2.27605 2.12669 2.1195 2.03064 1.82845 1.88103 1.79968 1.75552 1.63514 1.61745 1.58245 1.51736 1.48832 1.41137 1.34944 1.28345 1.25499 1.21337 1.18224 1.14487 1.10865 1.07798 1.04939 1.03337 1.02092 1.00747 1 0.996789 0.997387 1.00066 1.00848 1.03046 1.05063 1.08342 1.11338 1.1314 1.16761 1.20796 1.24334 1.2659 1.31671 1.38069 1.43419 1.46942 1.52332 1.57916 1.64142 1.69229 1.73227 1.80049 1.86232 1.88715 1.99009 2.05633 2.09498 2.14709 2.18033 2.25322 2.38226 2.4346 2.48788 2.42591 2.55066 2.60329 2.6658 2.6872 2.79697 2.80775 2.87713 2.9374 3.04729 3.06012 3.08426 3.12954 3.1629 3.2163 3.29114 
3.59316 3.66513 3.5458 3.42514 3.4016 3.49466 3.44752 3.2435 3.19537 3.15835 3.11329 3.1025 3.08129 2.98875 2.91366 2.79854 2.69842 2.75817 2.67546 2.48841 2.50466 2.41235 2.31219 2.26891 2.19713 2.0876 2.06551 2.04838 1.98566 1.85774 1.77904 1.73694 1.6887 1.59467 1.56896 1.53192 1.4437 1.41726 1.35712 1.33212 1.25923 1.23411 1.17503 1.1231 1.10344 1.08817 1.05347 1.04006 1.02266 1.00729 1 0.99631 1.00066 1.00173 1.01214 1.02358 1.05009 1.07116 1.09557 1.16452 1.18314 1.20576 1.24271 1.26348 1.29676 1.36286 1.42566 1.50624 1.51638 1.56568 1.59243 1.7172 1.73577 1.78542 1.853 1.93062 1.94776 1.99214 2.04565 2.15506 2.18084 2.22738 2.36749 2.383 2.42936 2.5073 2.52217 2.58335 2.68341 2.70735 2.82009 2.81764 2.90639 2.99786 2.96897 3.01388 3.03492 3.10564 3.19818 3.27168 3.36497 
3.51118 3.5812 3.49358 3.48894 3.46771 3.43587 3.26497 3.34452 3.24197 3.22841 3.34872 3.04771 3.02767 2.96111 2.83196 2.91551 2.72826 2.71688 2.55081 2.51425 2.38268 2.41986 2.29579 2.30235 2.20831 2.17455 2.04783 2.03584 1.88547 1.83163 1.8085 1.74364 1.69489 1.57399 1.56794 1.52282 1.453 1.41245 1.30227 1.31727 1.2493 1.21275 1.17951 1.13839 1.10466 1.07295 1.05232 1.03377 1.01944 1.00334 1 0.997338 1.00079 1.00291 1.01576 1.03152 1.04554 1.06832 1.09697 1.14175 1.15312 1.212 1.21984 1.2822 1.30954 1.39128 1.39918 1.47003 1.53656 1.58294 1.62003 1.68847 1.72865 1.80023 1.87388 1.92315 2.00804 2.02559 2.08832 2.17467 2.17747 2.23357 2.35957 2.39363 2.42736 2.45883 2.50034 2.59757 2.60823 2.71078 2.77272 2.79819 2.85074 2.91003 3.01326 3.05576 3.0101 3.17438 3.22038 3.285 3.37294 
3.6221 3.49777 3.63302 3.50664 3.37994 3.59541 3.32311 3.37711 3.24708 3.28118 3.18703 3.1211 3.03747 2.93489 2.81615 2.84314 2.75229 2.70884 2.6526 2.55766 2.52722 2.4017 2.37189 2.26731 2.19394 2.10785 2.10047 1.99189 1.9487 1.83998 1.83772 1.7327 1.71236 1.59912 1.54476 1.4997 1.46195 1.39102 1.33928 1.29991 1.2388 1.22356 1.15827 1.13356 1.10985 1.08325 1.05187 1.02389 1.01748 1.00592 1 0.998514 1.00107 1.0001 1.01435 1.03677 1.04985 1.0661 1.12819 1.11599 1.14149 1.20437 1.25954 1.29156 1.33584 1.37003 1.47193 1.45822 1.52944 1.57828 1.63765 1.71329 1.69921 1.84542 1.85763 1.90387 1.99061 2.01316 2.1188 2.06956 2.22635 2.24784 2.30937 2.34679 2.47172 2.48695 2.56377 2.50962 2.6522 2.69533 2.75208 2.8447 2.91537 2.90243 2.94433 3.02141 3.09584 3.14954 3.19141 3.17812 3.24893 
3.49038 3.53557 3.47301 3.54422 3.38628 3.34595 3.3109 3.2444 3.12971 3.16078 3.05039 3.01917 3.01349 2.93956 2.90819 2.80036 2.8289 2.63503 2.63437 2.57161 2.50988 2.39742 2.34751 2.20556 2.1481 2.1305 2.04152 1.91883 1.87828 1.84342 1.79544 1.68724 1.69202 1.61675 1.58292 1.48384 1.4343 1.3868 1.38674 1.29391 1.2517 1.20725 1.17658 1.13393 1.09018 1.08379 1.04759 1.03979 1.01723 1.00663 1 0.997181 0.99641 1.00799 1.02091 1.0239 1.05766 1.07357 1.11775 1.14329 1.16412 1.17481 1.24026 1.27277 1.32364 1.38216 1.40166 1.44087 1.5297 1.54158 1.60778 1.6557 1.71486 1.75731 1.83373 1.86845 1.94751 1.95023 1.99737 2.14258 2.18234 2.24978 2.2655 2.32906 2.42771 2.47088 2.51359 2.64757 2.67165 2.70839 2.74918 2.80408 2.88216 2.94143 3.02167 3.07945 3.02089 3.11603 3.14753 3.29505 3.31862 
3.62678 3.57292 3.59003 3.44047 3.40231 3.31486 3.38465 3.23377 3.16159 3.30195 3.22462 2.98724 3.02136 2.90954 2.86799 2.73189 2.71976 2.65012 2.634 2.48151 2.52035 2.36127 2.36588 2.20383 2.1121 2.06065 2.05871 2.0015 1.87446 1.89877 1.82323 1.76185 1.64388 1.6404 1.55679 1.49844 1.43707 1.3983 1.33964 1.32166 1.25684 1.21328 1.18351 1.14147 1.10537 1.07961 1.05436 1.03612 1.01605 1.00665 1 0.998452 1.00245 1.00572 1.02568 1.02205 1.05715 1.07991 1.09739 1.13047 1.15931 1.18214 1.24085 1.29155 1.31137 1.38587 1.40119 1.43518 1.50731 1.55889 1.60667 1.66475 1.71192 1.786 1.83254 1.92727 1.96381 2.03413 2.05789 2.13467 2.20692 2.24218 2.33555 2.40685 2.43661 2.48278 2.55235 2.61993 2.60511 2.6547 2.71953 2.69808 2.90008 2.87479 3.01455 3.09156 3.03021 3.14428 3.21246 3.22515 3.38218 
3.58597 3.5772 3.5632 3.57442 3.41295 3.46142 3.38391 3.28412 3.2175 3.19296 3.16341 2.97312 3.12823 2.9145 2.94009 2.866 2.77533 2.6315 2.60829 2.52917 2.41708 2.42713 2.39077 2.31502 2.18813 2.08264 2.08208 2.01328 1.8731 1.86986 1.80213 1.72045 1.69409 1.58817 1.58234 1.5283 1.4283 1.40255 1.34408 1.31789 1.25905 1.21745 1.17304 1.17632 1.10602 1.08044 1.05335 1.03658 1.01421 1.00815 1 0.998453 1.00042 1.00784 1.018 1.02719 1.05475 1.08347 1.1049 1.13679 1.14819 1.22723 1.22806 1.28935 1.32738 1.35999 1.41916 1.44521 1.51589 1.58721 1.62814 1.61274 1.71029 1.74042 1.91977 1.89937 1.93246 2.03482 2.12025 2.12746 2.14291 2.12941 2.29733 2.396 2.39108 2.46579 2.54803 2.56249 2.64434 2.69666 2.79875 2.81394 2.86788 2.92749 2.94629 3.0538 3.10181 3.06436 3.1883 3.22434 3.31105 
3.61048 3.54755 3.54587 3.47777 3.55609 3.47595 3.23001 3.13683 3.2336 3.16871 3.09512 3.05122 3.05912 2.86081 2.88337 2.70233 2.76665 2.62591 2.61777 2.64695 2.38689 2.30713 2.2625 2.28063 2.19789 2.14056 2.04086 1.95075 1.9019 1.87314 1.78672 1.75579 1.65271 1.57942 1.58894 1.50794 1.43365 1.41353 1.35997 1.29593 1.26949 1.21367 1.17015 1.14457 1.10369 1.07216 1.0494 1.0413 1.01475 1.00854 1 0.997617 0.995349 1.00936 1.01456 1.03031 1.03568 1.07528 1.08525 1.1159 1.16971 1.19268 1.23184 1.26578 1.31338 1.37804 1.42428 1.49853 1.51375 1.53821 1.60602 1.65396 1.76443 1.83286 1.88756 1.84501 1.9012 2.05172 2.09854 2.07021 2.21796 2.25832 2.22293 2.33104 2.37527 2.48749 2.438 2.63352 2.67456 2.70834 2.77489 2.83484 2.8471 2.92939 2.97809 3.01644 3.06587 3.19151 3.17358 3.29085 3.29752 
3.55165 3.45252 3.56598 3.43694 3.37528 3.38121 3.21815 3.22412 3.34363 3.24818 3.12034 2.90384 2.9732 2.96987 2.8332 2.80222 2.71832 2.68261 2.62875 2.50383 2.45861 2.42637 2.27764 2.18157 2.18178 2.13243 2.01529 1.98984 1.85607 1.80315 1.75346 1.83042 1.68634 1.61944 1.56408 1.50557 1.44147 1.4193 1.3309 1.30821 1.23822 1.21342 1.17711 1.13023 1.12778 1.06347 1.05744 1.03262 1.00939 1.00544 1 0.995927 0.997068 1.00844 1.02171 1.03481 1.05813 1.06779 1.10152 1.12953 1.16736 1.18023 1.20549 1.3046 1.29578 1.32513 1.39631 1.43277 1.53025 1.56128 1.6031 1.6604 1.78119 1.76107 1.83802 1.88287 2.01266 2.04479 2.05513 2.09348 2.13769 2.18889 2.26152 2.35026 2.42239 2.45325 2.53315 2.60284 2.61538 2.63047 2.72893 2.86656 2.82061 2.94469 2.98389 3.00522 3.06083 3.10422 3.26007 3.20464 3.28393 
3.64324 3.44611 3.5918 3.47474 3.43252 3.2432 3.34228 3.30862 3.25155 3.24238 3.25562 3.09384 3.08932 2.96741 2.90162 2.80891 2.82799 2.72094 2.54889 2.54494 2.40227 2.33392 2.31485 2.2723 2.22164 2.15713 2.00942 1.97394 1.95239 1.86005 1.8323 1.73008 1.67669 1.62444 1.57238 1.50828 1.44551 1.37235 1.33176 1.29585 1.29114 1.21632 1.17166 1.16296 1.10715 1.0872 1.05853 1.03293 1.01979 1.00703 1 0.997477 0.999583 1.01026 1.0119 1.03602 1.06621 1.10067 1.08926 1.13636 1.1861 1.19412 1.2346 1.27749 1.28257 1.31978 1.41141 1.48237 1.49125 1.6008 1.59592 1.65069 1.71912 1.78196 1.7987 1.84621 1.95814 2.08429 2.0823 2.09588 2.19797 2.24323 2.3076 2.34523 2.46759 2.45945 2.56001 2.59549 2.66462 2.70704 2.67122 2.80033 2.7425 2.91728 2.9734 3.02714 3.087 3.11172 3.14077 3.30069 3.43328 
3.46997 3.46128 3.56006 3.42419 3.33622 3.31375 3.34864 3.39616 3.22862 3.15814 3.13607 3.08532 3.02556 2.91414 2.78451 2.83587 2.7104 2.67584 2.62091 2.5033 2.41429 2.33896 2.30086 2.27616 2.16937 2.15084 2.01073 1.97906 1.93517 1.86639 1.82595 1.73397 1.65144 1.5993 1.54034 1.4745 1.40534 1.38662 1.33355 1.28224 1.25654 1.20539 1.17798 1.12685 1.10988 1.06585 1.05065 1.04103 1.01525 1.00606 1 0.998188 1.00018 1.0071 1.02018 1.03517 1.04405 1.08612 1.08941 1.11875 1.17118 1.18491 1.22879 1.26856 1.29805 1.36208 1.39848 1.44804 1.49222 1.53109 1.58402 1.65882 1.7613 1.788 1.81906 1.85745 1.91919 1.98886 2.02342 2.15533 2.17266 2.16476 2.36809 2.32058 2.31166 2.4852 2.5224 2.61404 2.6694 2.70322 2.70749 2.86607 2.83428 2.83763 3.00226 2.99908 2.98166 3.09768 3.16916 3.29436 3.21589 
3.54338 3.58102 3.50973 3.37531 3.56268 3.34043 3.32908 3.24648 3.21815 3.09532 3.14732 3.00693 2.9196 2.86427 2.83213 2.8021 2.7118 2.77488 2.635 2.5338 2.48602 2.37742 2.32863 2.29501 2.22099 2.11174 2.00868 1.9668 1.96253 1.89863 1.74474 1.74263 1.65162 1.62796 1.54408 1.51693 1.44543 1.35605 1.34124 1.25492 1.26897 1.22765 1.16458 1.14167 1.10719 1.08123 1.05469 1.03877 1.01643 1.00774 1 0.996818 1.00236 1.00125 1.00652 1.0339 1.05264 1.07545 1.10875 1.1272 1.14603 1.2027 1.22789 1.28943 1.32843 1.34625 1.40443 1.45361 1.50335 1.54851 1.61356 1.67277 1.78331 1.74035 1.81616 1.89521 1.95323 2.03964 2.03262 2.09547 2.17234 2.17189 2.29634 2.36644 2.35636 2.40505 2.50199 2.64101 2.66934 2.63399 2.73466 2.74406 2.83712 2.83337 3.04788 3.041 3.11907 3.19979 3.07916 3.28059 3.20513 
3.49829 3.57387 3.46758 3.44915 3.37344 3.44427 3.34281 3.38335 3.28562 3.11688 3.11199 2.98791 3.05355 2.98644 3.01382 2.85657 2.66729 2.69035 2.52802 2.56834 2.50988 2.35802 2.32894 2.30011 2.14654 2.10609 2.08304 1.98583 1.88785 1.86116 1.79941 1.76466 1.67089 1.59346 1.52624 1.48085 1.45897 1.40332 1.35988 1.30647 1.24644 1.18689 1.1653 1.12118 1.09586 1.07216 1.0456 1.03024 1.01776 1.01004 1 0.999562 1.00215 1.00313 1.01415 1.04087 1.0556 1.0865 1.10793 1.13516 1.15374 1.19519 1.2306 1.29682 1.33963 1.36542 1.39847 1.43641 1.52024 1.58316 1.66047 1.63885 1.68958 1.7423 1.78868 1.85082 1.93732 1.97934 2.07441 2.13538 2.15223 2.23684 2.24847 2.29974 2.29977 2.5013 2.5237 2.58721 2.56078 2.68633 2.7453 2.81215 2.91185 2.8907 2.91095 2.9602 3.02324 3.10283 3.22825 3.2226 3.29919 
3.6097 3.4495 3.37633 3.35609 3.46387 3.27166 3.37839 3.31212 3.25577 3.26765 3.19608 3.09651 3.1168 2.85948 2.79628 2.7322 2.67969 2.66887 2.70253 2.64311 2.39033 2.36706 2.2599 2.27857 2.24553 2.1228 2.09863 2.03049 1.92764 1.89511 1.79489 1.71408 1.64732 1.62345 1.52886 1.50779 1.45011 1.39378 1.32567 1.29669 1.25722 1.21024 1.16986 1.13318 1.09771 1.08517 1.04932 1.02742 1.01663 1.00761 1 0.998784 0.997695 1.00606 1.01814 1.02875 1.05616 1.06769 1.10767 1.14629 1.15492 1.17518 1.25317 1.26908 1.32567 1.38201 1.38301 1.44829 1.51385 1.54775 1.60687 1.69229 1.69413 1.79445 1.78482 1.86617 1.91865 1.98941 2.04957 2.13473 2.16463 2.27284 2.30329 2.32104 2.38614 2.48898 2.53947 2.51201 2.57447 2.68028 2.77273 2.83515 2.885 2.85228 2.98366 2.9612 3.0099 3.11008 3.24314 3.21982 3.33024 
3.60047 3.57244 3.3135 3.46699 3.35052 3.48838 3.28351 3.24268 3.25901 3.16764 3.03729 3.06462 3.01529 2.86145 2.85925 2.83272 2.67906 2.68008 2.57535 2.52373 2.3444 2.37014 2.30649 2.2385 2.12972 2.02979 2.00104 1.96871 1.9335 1.8412 1.80272 1.7684 1.66872 1.61349 1.55593 1.48951 1.46658 1.41122 1.31536 1.26269 1.22486 1.20939 1.14461 1.13632 1.08803 1.07783 1.04947 1.02395 1.01684 1.00571 1 0.996955 1.00267 1.00429 1.01826 1.03588 1.0569 1.07888 1.10893 1.1321 1.14001 1.18472 1.23446 1.26442 1.27752 1.34797 1.40143 1.42953 1.51456 1.52757 1.60445 1.68636 1.71963 1.76871 1.87196 1.91302 1.95418 1.97612 2.04188 2.07088 2.15064 2.18816 2.3263 2.27442 2.37246 2.49824 2.51377 2.52746 2.60929 2.66792 2.78278 2.75587 2.86695 2.89822 2.93944 3.09506 3.05664 3.07857 3.23355 3.17401 3.28344 
3.62271 3.40212 3.61631 3.45604 3.33996 3.2828 3.35878 3.24727 3.28633 3.02712 3.01233 2.99714 2.81094 2.98196 2.86826 2.79533 2.67643 2.66796 2.63183 2.52582 2.46365 2.36588 2.29892 2.22964 2.14505 2.08913 2.05273 1.99948 1.90931 1.89976 1.77975 1.75799 1.68957 1.59517 1.57785 1.49018 1.43393 1.41255 1.32913 1.30544 1.24519 1.20897 1.15617 1.13123 1.09087 1.08343 1.04773 1.03836 1.0204 1.00602 1 0.996621 0.998376 1.00459 1.01442 1.03116 1.05127 1.07519 1.0842 1.13072 1.15424 1.20692 1.24183 1.27257 1.31697 1.35591 1.38602 1.47272 1.48175 1.52518 1.59913 1.63249 1.71938 1.76004 1.81209 1.86066 1.96 1.97423 2.09168 2.09811 2.16811 2.22734 2.28327 2.36638 2.38977 2.44932 2.43151 2.58878 2.59912 2.7155 2.70513 2.84214 2.84323 2.9283 2.91264 3.07386 3.02309 3.13174 3.1495 3.21057 3.29479 
3.54669 3.57077 3.59993 3.47122 3.41096 3.33133 3.28551 3.3431 3.25542 3.17321 3.07088 3.05216 3.05749 2.97355 2.78976 2.74531 2.69729 2.63516 2.6149 2.53625 2.43398 2.37441 2.30476 2.27535 2.14287 2.03093 2.03036 1.90922 1.87637 1.84175 1.77315 1.6424 1.67886 1.57018 1.56389 1.50486 1.42553 1.36058 1.32776 1.30267 1.2627 1.21513 1.14948 1.1332 1.11661 1.07283 1.05 1.03175 1.01543 1.00625 1 0.998814 0.999334 1.00977 1.01436 1.02975 1.03311 1.07522 1.08959 1.11309 1.16486 1.19525 1.2425 1.2671 1.29936 1.35416 1.40752 1.46728 1.49954 1.546 1.6003 1.67804 1.73378 1.7616 1.83008 1.8684 1.97604 1.98789 2.03956 2.15736 2.14222 2.18034 2.32053 2.35819 2.35681 2.46113 2.52099 2.55812 2.69178 2.69362 2.72803 2.82775 2.81403 2.87469 3.04087 2.99925 3.09284 3.08553 3.19902 3.29544 3.30623 
3.61283 3.49252 3.55366 3.42009 3.44187 3.22454 3.39308 3.29109 3.04682 3.21389 3.13322 3.04106 3.01341 2.859 2.8358 2.80443 2.65295 2.67348 2.62081 2.51637 2.42597 2.34868 2.27806 2.23954 2.19663 2.11081 2.05118 1.97024 1.87518 1.89766 1.82505 1.708 1.6642 1.58494 1.54834 1.49141 1.46973 1.40304 1.34128 1.30636 1.25839 1.19784 1.17887 1.14374 1.09855 1.07112 1.05204 1.03834 1.0179 1.00456 1 0.999685 1.00261 0.99952 1.01468 1.03634 1.03897 1.06509 1.10545 1.14152 1.16138 1.18579 1.24847 1.28647 1.31657 1.35049 1.37091 1.43192 1.49269 1.56743 1.62123 1.66116 1.72643 1.77523 1.79172 1.90132 1.92829 1.99143 2.06014 2.08745 2.15938 2.25211 2.32562 2.30465 2.45274 2.53133 2.42484 2.62163 2.57525 2.69957 2.70433 2.75185 2.85349 2.87626 2.913 3.03129 3.08039 3.09222 3.17914 3.28572 3.26612 
3.7245 3.54819 3.44119 3.39518 3.44018 3.3269 3.2567 3.26539 3.24911 3.17696 3.11583 3.19093 2.94087 2.90297 2.91375 2.78048 2.7498 2.67269 2.5873 2.54264 2.4445 2.30351 2.37084 2.34373 2.21902 2.12782 2.10375 1.97163 1.88401 1.89691 1.79531 1.74963 1.66974 1.62979 1.57138 1.46179 1.44709 1.3983 1.32979 1.3145 1.26367 1.18452 1.16906 1.15778 1.09532 1.09028 1.05853 1.04046 1.02316 1.00628 1 0.997408 1.0003 1.01134 1.01955 1.03613 1.04574 1.07714 1.10565 1.12571 1.17791 1.1768 1.22419 1.3029 1.30745 1.34911 1.4304 1.47171 1.51574 1.53998 1.58748 1.65853 1.71155 1.78085 1.85799 1.88975 1.90464 2.01493 2.06562 2.15173 2.0828 2.15474 2.25153 2.33764 2.40186 2.50204 2.45905 2.55071 2.63253 2.58076 2.73883 2.79181 2.80661 2.8835 2.95756 2.96416 3.04417 3.07135 3.22606 3.20503 3.27643 
3.49785 3.45815 3.30821 3.47221 3.29182 3.37285 3.4145 3.24079 3.18764 3.14637 3.19015 3.10118 3.11735 2.9352 2.88468 2.74875 2.76829 2.62236 2.58793 2.55394 2.46226 2.44071 2.25805 2.30437 2.24266 2.1049 2.04689 2.00756 1.93421 1.79396 1.77101 1.70328 1.67091 1.66195 1.5274 1.4482 1.44032 1.3829 1.29384 1.28346 1.26662 1.20856 1.17448 1.14129 1.09592 1.07699 1.05201 1.04098 1.01724 1.00727 1 0.998823 1.00117 1.00842 1.01738 1.03076 1.04998 1.08712 1.10959 1.13731 1.17602 1.19634 1.23544 1.28226 1.31055 1.35136 1.41309 1.46986 1.46752 1.58114 1.61257 1.70276 1.71899 1.77364 1.82488 1.8838 1.93284 2.00278 2.05581 2.06373 2.14511 2.20361 2.17937 2.38401 2.38146 2.50433 2.52373 2.54944 2.59553 2.68074 2.68108 2.7945 2.89455 2.89819 3.02543 3.02237 3.0476 3.06899 3.16528 3.18507 3.26921 
3.58362 3.40987 3.56681 3.45267 3.38775 3.33595 3.37323 3.17734 3.23488 3.19767 3.11808 2.98758 2.93378 2.92233 2.84052 2.66813 2.6885 2.66994 2.54144 2.44479 2.52978 2.36739 2.29181 2.19163 2.17219 2.11114 2.03521 1.92138 1.9229 1.82337 1.77706 1.77771 1.63883 1.586 1.546 1.52053 1.44222 1.40752 1.34225 1.27934 1.24981 1.19218 1.16385 1.15063 1.09587 1.0867 1.0552 1.03308 1.01872 1.00668 1 0.995297 1.00134 1.00428 1.02016 1.03759 1.04844 1.07935 1.10636 1.1235 1.15088 1.21132 1.23881 1.28297 1.29987 1.39842 1.4124 1.46939 1.48324 1.57989 1.60363 1.65776 1.7115 1.76565 1.78898 1.90405 1.90941 2.02055 2.02954 2.16204 2.21364 2.23772 2.2645 2.30513 2.36469 2.39943 2.58456 2.58378 2.65548 2.67656 2.7424 2.71062 2.85509 2.82459 2.96576 2.96926 3.08092 3.11689 3.1398 3.22511 3.34316 
3.56153 3.4965 3.5041 3.47202 3.29153 3.30737 3.26943 3.28523 3.2611 3.22849 3.17752 3.01096 2.958 2.86546 2.8353 2.76308 2.70649 2.55893 2.5678 2.48905 2.42016 2.37678 2.29453 2.32049 2.19184 2.1514 2.03997 2.01178 1.91845 1.83855 1.79737 1.73529 1.66862 1.64138 1.53876 1.51806 1.41335 1.41703 1.33338 1.30849 1.25308 1.21181 1.15886 1.1234 1.10572 1.06974 1.04573 1.03159 1.02097 1.00592 1 0.997113 0.999937 1.00244 1.01348 1.02591 1.05158 1.05732 1.101 1.12394 1.15517 1.16802 1.22832 1.26535 1.31704 1.33603 1.43186 1.45765 1.48458 1.52127 1.59286 1.62887 1.72188 1.77284 1.78813 1.8663 1.98741 1.98853 2.01841 2.07288 2.18499 2.26194 2.30473 2.29312 2.38605 2.43759 2.5425 2.52727 2.64975 2.62531 2.76204 2.81707 2.84163 2.81433 2.90626 3.07435 3.08168 3.15548 3.13943 3.1737 3.26501 
3.59254 3.5136 3.39507 3.47547 3.48271 3.32073 3.38429 3.17731 3.20751 3.26908 3.02522 3.09553 3.03428 3.00187 2.99437 2.84397 2.7454 2.65778 2.66008 2.57761 2.42762 2.45197 2.28148 2.25479 2.26501 2.06289 2.0691 2.03875 1.90163 1.89175 1.76413 1.73718 1.63822 1.62848 1.54918 1.48971 1.44782 1.37318 1.33833 1.26263 1.26718 1.21791 1.15429 1.13151 1.09964 1.08688 1.05226 1.03377 1.01778 1.00483 1 0.998019 0.998435 1.00761 1.02348 1.03108 1.04535 1.06351 1.09144 1.11888 1.13454 1.17842 1.2491 1.29416 1.30412 1.39613 1.36639 1.46042 1.49806 1.55771 1.58696 1.65051 1.71564 1.79177 1.86341 1.87735 1.91127 1.97711 2.03549 2.14895 2.17123 2.22454 2.26497 2.38523 2.36424 2.44028 2.51518 2.56961 2.62302 2.63325 2.7866 2.77496 2.83607 2.88452 2.95402 3.00929 3.05735 3.07541 3.18392 3.19592 3.31534 
3.56566 3.44562 3.49852 3.49936 3.46491 3.43478 3.35648 3.3103 3.1583 3.18176 3.20255 3.0847 3.01545 2.93663 2.81194 2.77416 2.74189 2.63062 2.54923 2.36553 2.46414 2.40885 2.37796 2.24599 2.21122 2.08881 2.04925 1.97151 1.94141 1.91381 1.7998 1.74998 1.63183 1.62259 1.53548 1.49422 1.46749 1.38745 1.3348 1.30433 1.26121 1.2126 1.18491 1.13796 1.08495 1.07729 1.053 1.03749 1.01518 1.00682 1 0.99658 0.999799 1.00216 1.01968 1.02804 1.05522 1.07975 1.11034 1.13736 1.12809 1.21056 1.23061 1.28268 1.27615 1.35684 1.42138 1.43347 1.54613 1.53206 1.59895 1.65907 1.72261 1.76764 1.80371 1.89293 1.93558 1.98105 2.03924 2.09602 2.12491 2.23277 2.30164 2.32451 2.43195 2.52114 2.62872 2.54162 2.58891 2.62215 2.76963 2.79664 2.83598 2.94023 2.95971 2.95213 3.07911 3.09003 3.20388 3.19164 3.14494 
3.66492 3.54205 3.47816 3.36245 3.33496 3.43315 3.41026 3.33604 3.27295 3.15802 3.06167 3.00196 3.06603 2.97813 2.93005 2.77767 2.73025 2.6683 2.53566 2.52538 2.50309 2.31936 2.4618 2.16126 2.23386 2.13448 2.09266 1.97346 1.90863 1.88747 1.81167 1.73322 1.68444 1.61987 1.5629 1.51244 1.43665 1.38236 1.37439 1.30806 1.25891 1.22027 1.16208 1.12931 1.09634 1.05914 1.05654 1.03226 1.01698 1.00643 1 0.998593 0.99565 1.00758 1.01596 1.04923 1.04639 1.07744 1.10833 1.11021 1.16638 1.21253 1.22911 1.266 1.28914 1.33415 1.40811 1.46184 1.55156 1.54125 1.57259 1.66378 1.71393 1.76761 1.85771 1.90354 1.93054 2.00304 2.08108 2.11558 2.21091 2.28084 2.2536 2.39626 2.40486 2.55983 2.52707 2.53674 2.55698 2.69565 2.76116 2.78806 2.83503 2.89063 2.94977 3.00318 2.98947 3.11304 3.17928 3.16105 3.2302 
3.5666 3.6975 3.40819 3.42144 3.38296 3.33728 3.19033 3.19076 3.17349 3.14736 3.12751 2.99529 3.01377 2.93211 2.84012 2.83637 2.66625 2.66328 2.60956 2.47466 2.47357 2.3126 2.27768 2.22577 2.1237 2.03962 2.08963 1.97297 1.99754 1.83357 1.76771 1.81695 1.71118 1.61695 1.53985 1.4948 1.44281 1.373 1.34167 1.28726 1.22732 1.17539 1.16632 1.12404 1.08755 1.08637 1.04592 1.03914 1.01631 1.00726 1 0.995583 0.999311 1.00733 1.0241 1.02627 1.05438 1.06954 1.0957 1.118 1.15626 1.19591 1.20071 1.28094 1.31843 1.35435 1.41961 1.4694 1.50412 1.54839 1.59568 1.6706 1.70894 1.77071 1.78683 1.88005 1.91768 1.98712 2.01196 2.08215 2.13863 2.25912 2.31518 2.36864 2.39637 2.43451 2.49142 2.59382 2.66402 2.72225 2.75933 2.70707 2.84299 2.84082 2.96711 2.93363 3.05857 3.10405 3.20551 3.23096 3.20328 
3.55175 3.61252 3.4481 3.28429 3.36543 3.16208 3.34226 3.23931 3.21051 3.14726 3.09705 2.98327 2.93626 2.94169 2.7625 2.71323 2.78854 2.55006 2.68394 2.45718 2.47283 2.34423 2.29276 2.2081 2.16514 2.16086 2.04201 1.96102 1.93752 1.85902 1.76614 1.72808 1.6898 1.61497 1.52784 1.5062 1.43164 1.38045 1.32356 1.27689 1.21797 1.21762 1.18091 1.15021 1.09896 1.07145 1.0487 1.03049 1.01913 1.00604 1 0.998086 1.00106 0.999057 1.00768 1.03728 1.04319 1.08404 1.09678 1.14365 1.16195 1.20885 1.24103 1.28568 1.29982 1.37488 1.37153 1.44876 1.4898 1.55023 1.58089 1.65109 1.71725 1.77543 1.77282 1.89169 1.89421 2.06211 2.08194 2.14454 2.18888 2.19171 2.27971 2.36672 2.4277 2.47745 2.48048 2.53742 2.6613 2.70232 2.73962 2.70112 2.76347 2.89618 3.00015 2.96286 3.08343 3.11819 3.25647 3.20897 3.25992 
