2.89376 2.84992 2.83115 2.72037 2.68558 2.72061 2.58554 2.56281 2.52453 2.46203 2.41717 2.35443 2.31899 2.2307 2.16516 2.16505 2.07167 2.06197 1.95875 1.94085 1.89828 1.82365 1.83725 1.76931 1.72875 1.68566 1.62787 1.56422 1.55506 1.50019 1.46371 1.4349 1.41131 1.3406 1.31151 1.26859 1.25525 1.23158 1.20324 1.1642 1.12801 1.11724 1.09192 1.08691 1.06099 1.04932 1.02678 1.02081 1.01235 1.00517 1 0.997927 0.999708 1.00003 1.00607 1.0141 1.02451 1.0187 1.04026 1.07292 1.0767 1.09355 1.11466 1.12675 1.16432 1.15575 1.19892 1.22681 1.24246 1.27514 1.32172 1.35779 1.36217 1.42139 1.47774 1.50801 1.47183 1.58007 1.59813 1.69509 1.68452 1.72659 1.73288 1.7887 1.92688 1.93258 1.96101 2.0012 2.05084 2.08578 2.15764 2.16435 2.28693 2.26333 2.36853 2.32492 2.43328 2.45214 2.49959 2.58598 2.69581 
2.92833 2.84967 2.73879 2.76327 2.68946 2.67459 2.60905 2.5279 2.50102 2.47116 2.36354 2.31459 2.2938 2.24681 2.21714 2.11934 2.09012 2.05439 1.97872 1.93965 1.88609 1.82941 1.79392 1.76293 1.71333 1.67337 1.58793 1.5821 1.53044 1.50901 1.45872 1.42555 1.39303 1.33154 1.31839 1.2891 1.26008 1.21906 1.17696 1.17455 1.14371 1.11464 1.09358 1.06611 1.06655 1.04277 1.02987 1.01801 1.01306 1.00327 1 0.997916 0.99645 0.995634 1.00419 1.0046 1.0189 1.02748 1.04563 1.05884 1.07865 1.09307 1.10953 1.12233 1.15286 1.19685 1.20409 1.24484 1.26662 1.29839 1.31407 1.35549 1.37875 1.42024 1.44181 1.54441 1.50835 1.56731 1.60044 1.61797 1.68671 1.72203 1.79241 1.83139 1.86514 1.95812 1.9445 1.99127 2.03195 2.05475 2.1174 2.22036 2.21559 2.25363 2.32822 2.38349 2.37294 2.49525 2.47006 2.55493 2.62132 
2.96734 2.86964 2.88615 2.7801 2.7171 2.68719 2.59989 2.58087 2.48744 2.40769 2.38918 2.32992 2.27398 2.25108 2.20033 2.16773 2.10612 2.04303 1.96165 1.95983 1.89306 1.82017 1.82504 1.77991 1.7356 1.66119 1.61048 1.57288 1.52179 1.48568 1.45649 1.4068 1.40226 1.35331 1.3196 1.27038 1.2523 1.22516 1.17434 1.1608 1.147 1.10705 1.0903 1.08375 1.05917 1.04228 1.0306 1.01901 1.01354 1.00542 1 0.997299 1.0006 0.997241 1.00967 1.00931 1.01925 1.04377 1.04526 1.04635 1.06407 1.08325 1.11152 1.1233 1.16144 1.17875 1.19972 1.26349 1.26765 1.31076 1.35444 1.34314 1.40943 1.44857 1.4654 1.50379 1.54159 1.55356 1.61562 1.67077 1.71841 1.76008 1.79465 1.84222 1.86567 1.93414 1.98413 2.004 2.08284 2.08158 2.15665 2.20885 2.26708 2.31811 2.25709 2.32962 2.41392 2.50592 2.51133 2.59845 2.54184 
2.91156 2.9082 2.84672 2.77459 2.69509 2.68518 2.59425 2.53223 2.51529 2.43717 2.37716 2.33132 2.29308 2.27339 2.1644 2.10167 2.05883 2.06263 1.988 1.92973 1.89569 1.86866 1.81408 1.75941 1.71548 1.68144 1.6196 1.57625 1.51299 1.49434 1.45116 1.41255 1.39913 1.33368 1.30717 1.29069 1.24951 1.21403 1.17994 1.15326 1.13703 1.11528 1.09732 1.06995 1.05995 1.04882 1.03101 1.01732 1.01101 1.00564 1 0.996179 0.99792 0.997993 1.00827 1.0245 1.00597 1.01426 1.04308 1.06048 1.08595 1.10231 1.11024 1.12793 1.16846 1.1797 1.20141 1.24065 1.27086 1.29319 1.34451 1.35643 1.40292 1.43782 1.47715 1.53877 1.54493 1.5775 1.60598 1.62713 1.67704 1.76697 1.77767 1.86945 1.84881 1.92195 1.97904 1.97806 2.01976 2.10258 2.08223 2.24376 2.23245 2.27699 2.33234 2.47761 2.39108 2.47475 2.50036 2.4823 2.71001 
2.96233 2.85953 2.75248 2.77828 2.75365 2.65155 2.63751 2.55663 2.45369 2.43712 2.37068 2.36617 2.29216 2.2716 2.16478 2.1043 2.12527 2.01221 1.98992 1.943 1.88688 1.85262 1.78113 1.77449 1.72124 1.64604 1.64963 1.56937 1.51778 1.48102 1.44903 1.39938 1.37718 1.33188 1.32146 1.27905 1.25348 1.22755 1.19009 1.17619 1.13199 1.1022 1.09593 1.0824 1.06107 1.03695 1.02395 1.02275 1.01076 1.005 1 0.997778 0.998665 1.003 0.999395 1.00428 1.01768 1.03212 1.04326 1.05644 1.07641 1.0897 1.11334 1.14415 1.17356 1.19314 1.23859 1.21582 1.29205 1.3094 1.2922 1.3558 1.40168 1.41702 1.4675 1.49569 1.53758 1.55422 1.57504 1.62453 1.72592 1.70334 1.8217 1.84175 1.91539 1.95719 1.93251 2.04136 2.06516 2.05244 2.13492 2.1085 2.18504 2.2809 2.28924 2.32982 2.3768 2.48586 2.55362 2.56242 2.64641 
2.92615 2.87049 2.80859 2.76564 2.67424 2.6634 2.59592 2.58427 2.46174 2.43145 2.40902 2.33086 2.30383 2.29319 2.18809 2.14265 2.06152 2.0364 2.00571 1.91565 1.90526 1.86139 1.78303 1.75133 1.69959 1.6791 1.61294 1.55394 1.51669 1.5019 1.47511 1.41629 1.37715 1.33737 1.32523 1.29913 1.24773 1.21055 1.19968 1.1598 1.14132 1.1119 1.09362 1.07569 1.05857 1.04427 1.03109 1.01857 1.00954 1.00359 1 0.996234 0.997101 0.997679 1.00665 1.01128 1.01449 1.02801 1.03842 1.04772 1.08658 1.08554 1.11425 1.13543 1.16204 1.20285 1.17898 1.22872 1.26226 1.301 1.33593 1.3617 1.38342 1.40597 1.4712 1.51771 1.53685 1.54239 1.61966 1.63815 1.73272 1.71997 1.79328 1.81947 1.97297 1.86913 1.93438 1.94565 2.02098 2.08083 2.11731 2.17705 2.21998 2.23916 2.33325 2.30744 2.42903 2.4931 2.52764 2.59693 2.61666 
2.93499 2.91698 2.80217 2.7117 2.73055 2.67462 2.58906 2.57476 2.48942 2.42378 2.33438 2.31627 2.26594 2.2718 2.18084 2.13177 2.12921 2.02892 2.01009 1.93332 1.88931 1.82399 1.80346 1.74648 1.70677 1.66788 1.62288 1.60991 1.5296 1.51238 1.47989 1.45117 1.38459 1.34169 1.3175 1.29484 1.24241 1.21196 1.18995 1.15346 1.13676 1.11152 1.08661 1.08044 1.05448 1.04481 1.03035 1.01915 1.00944 1.00463 1 0.996908 0.997461 0.997477 1.01023 1.00885 1.02088 1.02307 1.03871 1.06474 1.07855 1.09577 1.10256 1.13624 1.14379 1.18182 1.19806 1.26967 1.30303 1.26706 1.35014 1.35683 1.38833 1.41358 1.4832 1.48057 1.52251 1.61592 1.63196 1.66913 1.70556 1.77717 1.77702 1.77869 1.88688 1.89001 1.98743 2.00347 2.05758 2.0876 2.16893 2.10395 2.2181 2.3215 2.31144 2.32215 2.42473 2.54581 2.51272 2.53453 2.61747 
2.84356 2.8491 2.84592 2.73538 2.70183 2.71697 2.59297 2.51008 2.51529 2.4585 2.38789 2.39614 2.30254 2.23929 2.17231 2.11899 2.08168 2.06378 1.98766 1.94454 1.88457 1.86389 1.7829 1.74101 1.71729 1.67989 1.58693 1.5929 1.53446 1.48148 1.45241 1.41831 1.37863 1.33753 1.31264 1.27523 1.25746 1.2283 1.20599 1.15601 1.1454 1.11473 1.08771 1.06914 1.0654 1.04212 1.02842 1.01912 1.01037 1.00574 1 0.998028 1.00168 1.0002 1.00376 1.00794 1.02166 1.03136 1.03938 1.06645 1.08699 1.09268 1.10822 1.13784 1.13704 1.19048 1.20087 1.24356 1.27168 1.27053 1.31821 1.38334 1.34846 1.43797 1.46974 1.46042 1.51374 1.60655 1.62102 1.63248 1.66772 1.71118 1.7315 1.80945 1.84604 1.94784 2.00161 2.02236 2.11929 2.14101 2.15686 2.19118 2.15833 2.25669 2.2781 2.36309 2.40003 2.47862 2.49319 2.53317 2.63435 
2.96543 2.81157 2.80349 2.79985 2.69668 2.6753 2.63042 2.5278 2.52868 2.45377 2.3917 2.31447 2.29409 2.24969 2.19496 2.13086 2.07043 2.0382 2.00491 1.95281 1.87476 1.81571 1.813 1.74883 1.70784 1.68409 1.6455 1.56505 1.55452 1.48076 1.4764 1.42255 1.3868 1.34767 1.32893 1.28101 1.23757 1.21305 1.1952 1.16659 1.14032 1.1126 1.08914 1.08239 1.05837 1.05149 1.02856 1.02298 1.01489 1.00442 1 0.998179 0.997161 0.999091 0.997838 1.0141 1.02381 1.03442 1.04789 1.05126 1.06844 1.08569 1.12774 1.12723 1.16019 1.17926 1.20923 1.25414 1.2589 1.28155 1.33763 1.33912 1.42312 1.42743 1.47797 1.50462 1.52528 1.60527 1.55603 1.66095 1.69309 1.72542 1.75272 1.8002 1.82756 1.9377 1.93236 2.04027 2.0262 2.05202 2.12869 2.22794 2.19977 2.31731 2.32 2.41875 2.4243 2.50177 2.53323 2.55982 2.53572 
2.93594 2.89865 2.84107 2.7746 2.71913 2.6718 2.65108 2.57868 2.48609 2.5159 2.37242 2.37321 2.27853 2.2298 2.19307 2.16707 2.11441 2.00905 1.96745 1.91793 1.911 1.84964 1.79828 1.73817 1.72119 1.67623 1.62275 1.58038 1.5246 1.49568 1.46733 1.41713 1.39062 1.36212 1.301 1.26692 1.2461 1.21816 1.17587 1.18102 1.13676 1.11001 1.0957 1.07685 1.05976 1.03732 1.02688 1.01754 1.00854 1.00561 1 0.997031 0.997427 0.998906 1.00115 1.01366 1.02173 1.03748 1.04446 1.0675 1.06955 1.09057 1.10628 1.13403 1.15536 1.16789 1.20438 1.22964 1.30069 1.29258 1.3438 1.36073 1.39131 1.42606 1.5259 1.48259 1.58314 1.58217 1.64158 1.66084 1.74657 1.76162 1.81091 1.80677 1.87342 1.92334 1.92377 1.98518 1.99886 2.12485 2.05332 2.22511 2.23043 2.29494 2.28524 2.35231 2.45086 2.51741 2.49525 2.47848 2.5364 
2.8946 2.86308 2.82064 2.80144 2.70083 2.60528 2.5999 2.55189 2.4708 2.46644 2.3881 2.3161 2.2629 2.2444 2.1862 2.12787 2.09264 2.01559 2.0112 1.96371 1.90533 1.85873 1.78113 1.73695 1.70875 1.64379 1.6503 1.57669 1.52074 1.50128 1.43726 1.41575 1.39293 1.33649 1.30612 1.27756 1.23626 1.2215 1.19296 1.17091 1.1365 1.12264 1.09108 1.07017 1.05166 1.03737 1.03309 1.01815 1.01037 1.00416 1 0.995831 0.996565 0.998872 1.00445 1.00926 1.02277 1.02662 1.03499 1.06318 1.0648 1.06269 1.11722 1.14315 1.17523 1.16989 1.21654 1.21452 1.26381 1.27828 1.34556 1.32392 1.35347 1.41816 1.45852 1.4892 1.57047 1.52014 1.62271 1.70158 1.67906 1.72789 1.74741 1.79542 1.82597 1.85877 1.94319 1.97266 2.05628 2.1102 2.13869 2.16124 2.23883 2.26234 2.33512 2.37035 2.35763 2.48216 2.46508 2.51876 2.57671 
2.9749 2.87755 2.79277 2.74484 2.73207 2.65984 2.59454 2.54258 2.51335 2.4435 2.40239 2.35755 2.24588 2.22463 2.14524 2.13752 2.09366 2.05289 1.99683 1.94989 1.89337 1.84519 1.77541 1.71538 1.69443 1.64113 1.61531 1.55863 1.52651 1.52083 1.45457 1.40705 1.38364 1.34724 1.30615 1.27983 1.23858 1.20432 1.17874 1.1604 1.14051 1.1125 1.09783 1.07349 1.0555 1.04483 1.02984 1.02012 1.01122 1.00347 1 0.9977 0.998542 1.00308 1.00483 1.0157 1.0188 1.03861 1.0495 1.06816 1.07931 1.10459 1.12197 1.12879 1.18365 1.18154 1.21001 1.23708 1.27661 1.30082 1.3166 1.36257 1.41712 1.44725 1.45279 1.51608 1.56089 1.58617 1.6329 1.66905 1.73633 1.77841 1.81207 1.82211 1.87094 1.9562 1.90812 2.06545 1.9919 2.09722 2.12471 2.27145 2.24284 2.28403 2.31954 2.4292 2.4456 2.40964 2.57922 2.53232 2.53706 
2.9515 2.89865 2.78391 2.74855 2.74778 2.59272 2.5878 2.55661 2.47406 2.45768 2.42091 2.33119 2.26796 2.22014 2.18683 2.12851 2.07242 2.02642 1.97333 1.92989 1.86028 1.82324 1.7671 1.75428 1.71646 1.66511 1.59938 1.56882 1.51467 1.50043 1.45792 1.42385 1.37669 1.34275 1.32431 1.29148 1.24364 1.22509 1.20007 1.16244 1.14934 1.11201 1.08635 1.07911 1.06609 1.04166 1.02913 1.02287 1.01074 1.00367 1 0.998172 0.998225 1.00205 1.00206 1.00857 1.00769 1.02709 1.04632 1.06635 1.0697 1.08136 1.12709 1.12376 1.16181 1.17986 1.19868 1.21285 1.2832 1.27184 1.3396 1.35558 1.42062 1.41459 1.44559 1.4634 1.53325 1.60151 1.61974 1.63002 1.68592 1.82501 1.79256 1.79606 1.8048 1.95956 1.91109 2.03693 2.02055 2.08029 2.16924 2.18936 2.20413 2.16933 2.37477 2.32959 2.39322 2.4454 2.57178 2.63357 2.60591 
2.9635 2.86794 2.82767 2.72354 2.707 2.6268 2.60651 2.55326 2.45328 2.41734 2.38676 2.34172 2.32528 2.24491 2.20472 2.09007 2.10699 2.03919 2.00377 1.91749 1.89808 1.83929 1.79394 1.76615 1.69707 1.6539 1.63795 1.57756 1.54436 1.48423 1.46288 1.38929 1.37072 1.33425 1.31233 1.27854 1.25308 1.21303 1.1858 1.15713 1.13635 1.11826 1.08991 1.06903 1.05183 1.03991 1.03351 1.01965 1.01021 1.00625 1 0.998118 0.997436 1.00435 1.00809 1.01047 1.03548 1.03242 1.04984 1.06137 1.08076 1.10281 1.11565 1.1344 1.17861 1.18482 1.21045 1.22744 1.26533 1.2746 1.32686 1.39241 1.36871 1.44309 1.4798 1.49986 1.56522 1.60549 1.65482 1.69261 1.70677 1.76712 1.81069 1.79635 1.91959 1.94982 1.9653 1.93099 2.03887 2.15446 2.16243 2.08205 2.24107 2.31495 2.27458 2.33342 2.43293 2.47538 2.52535 2.62801 2.58032 
2.93729 2.85811 2.81398 2.74458 2.68274 2.65083 2.58705 2.53271 2.48341 2.46129 2.41992 2.32039 2.24835 2.22489 2.17496 2.13387 2.06676 2.05826 1.97579 1.8928 1.87418 1.84616 1.79079 1.72697 1.68415 1.65552 1.60467 1.58631 1.53538 1.47309 1.47549 1.41734 1.38733 1.34777 1.32452 1.25478 1.24421 1.23169 1.19757 1.16335 1.14717 1.12137 1.0917 1.08118 1.05943 1.04458 1.031 1.0192 1.01107 1.00422 1 0.998457 0.998642 0.995863 1.0055 1.01632 1.02043 1.01402 1.04555 1.06801 1.08702 1.07847 1.11794 1.12195 1.16952 1.19373 1.1917 1.26758 1.25389 1.28649 1.32984 1.36765 1.37938 1.43034 1.48116 1.51561 1.56001 1.57849 1.60873 1.64425 1.70912 1.71939 1.80007 1.83642 1.89341 1.86682 1.97656 2.04104 2.08341 2.10917 2.12742 2.17916 2.22983 2.26247 2.26343 2.28516 2.34672 2.45037 2.5856 2.53342 2.58618 
2.96596 2.86716 2.81474 2.78118 2.69463 2.69598 2.61248 2.50781 2.51516 2.41463 2.37694 2.30627 2.26596 2.21447 2.16103 2.13388 2.08769 2.00453 1.99617 1.93485 1.87909 1.85763 1.78042 1.74784 1.73765 1.65291 1.61263 1.58559 1.51765 1.49528 1.45014 1.40868 1.38399 1.34416 1.33077 1.25743 1.24169 1.21348 1.17978 1.15018 1.13363 1.11711 1.1023 1.07234 1.05703 1.03854 1.02928 1.02224 1.01129 1.00342 1 0.997113 0.997451 0.999431 1.00894 1.00858 1.01743 1.03739 1.03677 1.05422 1.08014 1.07978 1.10786 1.13056 1.15439 1.18683 1.20673 1.23353 1.24508 1.30142 1.33761 1.33981 1.38827 1.43714 1.44885 1.49285 1.59712 1.54008 1.57845 1.63096 1.73579 1.71114 1.72469 1.84999 1.89522 1.8944 1.94238 1.96479 2.08338 2.07982 2.126 2.14186 2.16671 2.27236 2.32456 2.33372 2.45922 2.43326 2.55989 2.57633 2.58312 
2.95568 2.82336 2.88535 2.75275 2.6766 2.6463 2.58331 2.56807 2.506 2.46862 2.40729 2.3217 2.26261 2.26822 2.19523 2.12459 2.10763 2.05284 1.96948 1.97506 1.89381 1.8547 1.79527 1.72783 1.71878 1.65969 1.59509 1.56692 1.50897 1.46445 1.44048 1.41748 1.38726 1.33693 1.30629 1.27832 1.25251 1.2168 1.20263 1.16539 1.1407 1.10872 1.09654 1.06893 1.05487 1.04253 1.03372 1.01687 1.01036 1.00446 1 0.997326 0.998618 1.00312 1.0049 1.00931 1.01809 1.0357 1.04318 1.04773 1.07292 1.09174 1.12079 1.15125 1.16266 1.1817 1.19694 1.26186 1.27679 1.30606 1.3322 1.38811 1.41955 1.43495 1.46237 1.49378 1.52039 1.55543 1.63876 1.66934 1.70427 1.72228 1.80291 1.8188 1.83668 1.87779 2.04503 2.06437 2.03796 2.07692 2.1294 2.21155 2.22025 2.33151 2.28384 2.22959 2.40772 2.47235 2.60598 2.52167 2.56755 
2.97688 2.88279 2.76965 2.79539 2.69773 2.62933 2.57805 2.54764 2.5019 2.47281 2.38474 2.2992 2.29875 2.26329 2.16359 2.12859 2.10284 1.99164 1.95071 1.9391 1.87614 1.83739 1.796 1.74469 1.6887 1.65403 1.60539 1.58468 1.52597 1.46124 1.44884 1.42415 1.37398 1.3355 1.31315 1.28017 1.24052 1.21057 1.17893 1.14434 1.13789 1.10952 1.09492 1.07037 1.06037 1.04648 1.03067 1.01731 1.0123 1.0036 1 0.997989 0.994744 0.998859 1.00351 1.01491 1.01174 1.03867 1.03231 1.03391 1.07078 1.08831 1.11463 1.14867 1.15442 1.17698 1.21511 1.23859 1.28133 1.29888 1.3407 1.37017 1.42022 1.44947 1.47893 1.46302 1.5397 1.56779 1.59349 1.69008 1.68184 1.77209 1.7827 1.86493 1.87539 1.94358 1.93253 2.01377 2.04164 2.09673 2.08885 2.28758 2.16275 2.36722 2.3698 2.37373 2.45307 2.56308 2.45456 2.64606 2.66886 
2.86696 2.89397 2.8126 2.72197 2.73048 2.64275 2.6039 2.52999 2.47589 2.41961 2.37831 2.3023 2.24324 2.26963 2.20885 2.11669 2.06398 2.02 2.02524 1.95033 1.87802 1.82519 1.7937 1.74488 1.68904 1.65912 1.60289 1.57381 1.53026 1.49031 1.44064 1.41982 1.37566 1.3379 1.31002 1.28393 1.24511 1.20025 1.18277 1.16659 1.12981 1.11767 1.09647 1.06754 1.06075 1.03701 1.0297 1.01768 1.01175 1.0056 1 0.998263 1.0009 0.998554 1.00272 1.01186 1.0213 1.03648 1.04462 1.05226 1.0835 1.10365 1.12479 1.12487 1.14568 1.19492 1.20915 1.23464 1.25196 1.27145 1.30155 1.37689 1.3795 1.44473 1.48308 1.50763 1.57183 1.55436 1.6186 1.64083 1.67999 1.72352 1.78421 1.84018 1.87439 1.93098 1.88456 1.94336 2.04569 2.09095 2.06952 2.15292 2.17561 2.27228 2.37249 2.34893 2.42949 2.39171 2.50867 2.46658 2.63392 
2.87895 2.88523 2.80212 2.75459 2.74209 2.63468 2.63827 2.54163 2.46708 2.41033 2.32112 2.33008 2.24544 2.20853 2.19542 2.1359 2.0912 2.02541 2.00814 1.89575 1.86256 1.83651 1.80295 1.75456 1.67944 1.68104 1.60908 1.5687 1.53131 1.51604 1.46416 1.41235 1.36976 1.32478 1.28217 1.26782 1.24788 1.19713 1.18169 1.15915 1.13305 1.1118 1.08158 1.07253 1.05791 1.03793 1.02879 1.01918 1.01205 1.00313 1 0.998054 0.997066 1.00448 1.00879 1.01582 1.01717 1.02838 1.04108 1.06723 1.06362 1.08446 1.12382 1.14165 1.1576 1.20022 1.21137 1.24083 1.29863 1.27086 1.33399 1.38351 1.38859 1.409 1.4766 1.50562 1.56538 1.55719 1.63614 1.67303 1.73323 1.81837 1.78681 1.81956 1.87892 1.87869 1.98029 2.01415 2.01684 2.10669 2.17275 2.172 2.21622 2.27643 2.30555 2.32721 2.38778 2.39318 2.53862 2.58023 2.53333 
2.89597 2.89018 2.83222 2.76328 2.74128 2.63417 2.59248 2.52254 2.49374 2.42966 2.3542 2.30574 2.24924 2.20734 2.18441 2.15785 2.06654 1.9868 1.95524 1.94343 1.89713 1.85052 1.77362 1.74028 1.68689 1.64484 1.63568 1.56859 1.518 1.5124 1.45054 1.42602 1.3743 1.3349 1.30259 1.26979 1.25303 1.21156 1.20192 1.15208 1.12783 1.11189 1.09027 1.07743 1.05648 1.04605 1.02909 1.01803 1.01062 1.00334 1 0.998168 0.998553 1.0037 0.999793 1.01805 1.01127 1.02651 1.04237 1.04934 1.07419 1.10242 1.11429 1.13978 1.14482 1.20287 1.20355 1.24042 1.24043 1.31254 1.35092 1.36466 1.43823 1.44244 1.50787 1.51336 1.52171 1.59342 1.61865 1.64893 1.68713 1.80723 1.81227 1.81263 1.86242 1.95908 2.01404 2.04851 2.09274 2.10069 2.1237 2.20901 2.22318 2.19369 2.3515 2.32221 2.41068 2.51463 2.54879 2.58554 2.66849 
2.9205 2.87426 2.82413 2.80041 2.69073 2.64398 2.60285 2.53694 2.52305 2.45374 2.37754 2.35914 2.30343 2.21711 2.17631 2.08973 2.08641 2.02832 2.01157 1.9285 1.89796 1.8562 1.80938 1.74989 1.7044 1.67747 1.60544 1.55378 1.55034 1.49599 1.45964 1.39592 1.38871 1.33653 1.32439 1.26003 1.26293 1.21518 1.18253 1.17032 1.13961 1.11067 1.09649 1.0683 1.06136 1.0404 1.02479 1.02078 1.01086 1.00385 1 0.999078 0.998037 1.00093 1.00581 1.01543 1.02238 1.02757 1.05075 1.07221 1.0712 1.09264 1.09823 1.14973 1.16548 1.1637 1.22221 1.2469 1.28641 1.30877 1.32107 1.3791 1.37373 1.41827 1.51092 1.47306 1.54486 1.60521 1.66502 1.65599 1.71134 1.75094 1.77387 1.82272 1.91048 1.91517 1.91525 2.04039 2.08526 2.12767 2.08909 2.15375 2.25248 2.25132 2.3564 2.31403 2.45584 2.47363 2.49714 2.55994 2.67467 
2.88227 2.84443 2.81017 2.7267 2.67969 2.66899 2.60952 2.51376 2.49964 2.45236 2.34854 2.31689 2.2543 2.23142 2.16542 2.12338 2.08788 2.02874 1.97088 1.92576 1.89698 1.85775 1.80406 1.7317 1.70227 1.65222 1.61377 1.55115 1.53692 1.51113 1.45735 1.41422 1.39081 1.3595 1.31623 1.26456 1.24853 1.21109 1.1878 1.15601 1.13037 1.11368 1.09104 1.06956 1.05069 1.03549 1.02933 1.01474 1.00926 1.00562 1 0.996129 1.00056 1.00318 1.01353 1.01342 1.01902 1.03451 1.05211 1.06676 1.06344 1.10326 1.11784 1.14843 1.16275 1.1847 1.21531 1.23741 1.23844 1.31872 1.3475 1.36563 1.43192 1.43678 1.46044 1.5422 1.59115 1.56363 1.60759 1.64733 1.65976 1.71474 1.79254 1.85426 1.92045 1.90386 2.03141 2.01876 2.05695 2.12552 2.16403 2.24038 2.22777 2.19542 2.35604 2.33799 2.38874 2.42896 2.55392 2.57574 2.54752 
2.90683 2.90903 2.76804 2.76434 2.71993 2.67179 2.60312 2.56927 2.49292 2.47883 2.35618 2.33451 2.28495 2.22657 2.17556 2.12257 2.07652 2.06516 2.00069 1.9501 1.87186 1.84579 1.80544 1.77353 1.67774 1.64974 1.6248 1.58183 1.53111 1.48677 1.47771 1.41027 1.36382 1.35495 1.28959 1.27971 1.24961 1.22219 1.19457 1.16669 1.12674 1.11116 1.09614 1.06532 1.05784 1.04259 1.02692 1.01892 1.00888 1.00385 1 0.99913 1.0032 1.00279 1.00683 1.00937 1.01787 1.0323 1.04102 1.07384 1.07208 1.09184 1.10662 1.13778 1.17824 1.16568 1.21029 1.21699 1.29374 1.31586 1.35049 1.37262 1.41212 1.44109 1.46112 1.52642 1.55237 1.5807 1.63321 1.63966 1.81736 1.75403 1.79817 1.85336 1.91448 1.91195 1.95797 1.93963 2.0627 2.11505 2.15948 2.19519 2.26681 2.35329 2.31576 2.46023 2.45794 2.53164 2.44608 2.49022 2.59757 
2.87366 2.8343 2.85531 2.73222 2.69874 2.65964 2.58727 2.51814 2.4785 2.40256 2.41494 2.32171 2.28229 2.24228 2.16046 2.14262 2.08864 2.04047 2.00418 1.94701 1.90671 1.84624 1.8015 1.71775 1.7011 1.63368 1.63058 1.56184 1.52895 1.47502 1.45247 1.39549 1.37336 1.34184 1.30967 1.25915 1.24043 1.23081 1.18214 1.14143 1.14637 1.11778 1.08934 1.06763 1.05665 1.04131 1.02922 1.01782 1.01107 1.00371 1 0.997282 0.997943 1.00305 1.01007 1.00874 1.02503 1.03056 1.03914 1.05938 1.07133 1.11318 1.11519 1.14384 1.16415 1.20066 1.22268 1.25824 1.27345 1.31501 1.32925 1.35385 1.41424 1.46226 1.45776 1.49608 1.51651 1.60494 1.59232 1.64353 1.71491 1.78702 1.83017 1.88462 1.88392 1.91167 1.87373 2.05361 2.03876 2.03757 2.13143 2.13719 2.23106 2.20984 2.28202 2.38886 2.42306 2.5738 2.48651 2.58913 2.6357 
2.94946 2.87485 2.83516 2.76513 2.6825 2.58914 2.57666 2.54239 2.4915 2.41469 2.32825 2.30207 2.29004 2.24408 2.18657 2.13767 2.06844 1.98239 1.97612 1.91874 1.86026 1.81893 1.7659 1.75276 1.69285 1.66587 1.6361 1.58289 1.52069 1.47427 1.46847 1.40619 1.38902 1.33592 1.29783 1.28786 1.24119 1.19963 1.18386 1.16164 1.15334 1.09928 1.07947 1.07933 1.05917 1.04278 1.02879 1.01838 1.00815 1.00402 1 0.998912 0.998981 1.00008 1.00545 1.01424 1.01477 1.04245 1.06241 1.07132 1.07011 1.10558 1.13076 1.16728 1.17308 1.19942 1.21696 1.25185 1.29398 1.29714 1.32577 1.36863 1.42247 1.42377 1.45391 1.47184 1.56041 1.594 1.58902 1.67715 1.74066 1.76475 1.78417 1.86045 1.89494 1.92835 1.98637 2.00444 2.06812 2.1099 2.1563 2.20881 2.27207 2.31661 2.2798 2.37311 2.36763 2.50093 2.56084 2.5971 2.6009 
2.88481 2.82256 2.84457 2.76223 2.67603 2.69027 2.5724 2.51746 2.39164 2.47947 2.39616 2.36735 2.24886 2.21697 2.18309 2.14358 2.08182 1.99168 1.98075 1.92537 1.89039 1.84778 1.79448 1.74641 1.71051 1.62571 1.58329 1.58358 1.54084 1.47936 1.45558 1.40726 1.38292 1.30562 1.30871 1.25363 1.24017 1.22262 1.18012 1.14917 1.13406 1.1098 1.08007 1.07227 1.05736 1.04064 1.03478 1.01907 1.00915 1.00618 1 0.997689 0.997654 0.998867 1.00902 1.0157 1.02433 1.03686 1.04466 1.05849 1.08618 1.11114 1.11791 1.13318 1.16725 1.17765 1.21893 1.23521 1.29603 1.36706 1.32592 1.37818 1.39887 1.45164 1.45772 1.53023 1.53786 1.57256 1.61351 1.67959 1.70892 1.78983 1.81286 1.81951 1.89858 1.8848 1.99077 2.01866 2.01787 2.10716 2.07615 2.23894 2.25237 2.27786 2.34472 2.35545 2.41951 2.48515 2.55172 2.57007 2.62132 
2.87642 2.88683 2.82874 2.72801 2.71884 2.62706 2.60662 2.49734 2.46925 2.40396 2.36619 2.34627 2.27029 2.19813 2.13763 2.1372 2.08071 2.01223 1.96522 1.92571 1.87667 1.81878 1.80506 1.73964 1.67977 1.65142 1.59749 1.53651 1.53971 1.48877 1.43699 1.40888 1.36123 1.31841 1.28984 1.27794 1.24904 1.20296 1.19092 1.16452 1.14461 1.10847 1.09258 1.07895 1.05517 1.03863 1.02355 1.02257 1.01074 1.00435 1 0.999096 1.00053 1.00269 1.0104 1.01062 1.02215 1.03577 1.05149 1.05941 1.07787 1.10162 1.11991 1.14595 1.15154 1.20111 1.21121 1.2388 1.25098 1.33017 1.35954 1.39953 1.42827 1.44491 1.45906 1.54797 1.54088 1.60199 1.62366 1.69046 1.74864 1.77024 1.80123 1.83006 1.82512 1.90022 1.90651 2.00179 2.08391 2.09641 2.18878 2.21433 2.26457 2.29253 2.30737 2.41102 2.47372 2.47354 2.55831 2.58534 2.6033 
2.89428 2.93204 2.77367 2.73009 2.76764 2.65358 2.57646 2.5247 2.48531 2.40456 2.36535 2.29446 2.27174 2.24084 2.18136 2.15559 2.06194 1.96958 1.96895 1.93644 1.84894 1.80077 1.79706 1.74624 1.68241 1.64338 1.62999 1.558 1.50745 1.4982 1.42012 1.41222 1.39193 1.34004 1.29498 1.26547 1.23417 1.21297 1.18119 1.15428 1.13193 1.10661 1.09535 1.08048 1.06133 1.0386 1.02357 1.01998 1.01013 1.0037 1 0.999632 0.999912 1.00444 1.00552 1.00989 1.0216 1.04052 1.04171 1.06502 1.09577 1.09084 1.13985 1.15731 1.15305 1.18931 1.22847 1.23751 1.27099 1.30963 1.33262 1.40782 1.4199 1.44943 1.53073 1.53618 1.53476 1.60277 1.64623 1.71535 1.69721 1.73425 1.78192 1.86102 1.88642 1.93697 1.9752 2.02504 2.10958 2.16069 2.18819 2.21647 2.21432 2.34 2.35727 2.33645 2.49364 2.55957 2.50532 2.58998 2.61664 
2.86386 2.79487 2.77581 2.7109 2.63555 2.63965 2.61646 2.53576 2.48622 2.48032 2.32661 2.29257 2.27772 2.29391 2.16876 2.11681 2.07981 2.00303 1.97923 1.95593 1.87592 1.79687 1.81164 1.71306 1.70702 1.63912 1.59209 1.55726 1.54061 1.48037 1.43852 1.3997 1.37502 1.33679 1.30848 1.26434 1.22689 1.19014 1.20199 1.14871 1.13741 1.10685 1.09389 1.0666 1.05188 1.03333 1.0262 1.01443 1.01025 1.0032 1 0.997365 0.997999 1.0021 1.00705 1.01408 1.01884 1.03183 1.0437 1.06345 1.06623 1.10673 1.10756 1.14508 1.17982 1.19093 1.22297 1.24909 1.2518 1.32097 1.34701 1.38012 1.40327 1.42052 1.49482 1.56631 1.52497 1.55198 1.62925 1.6786 1.7496 1.77619 1.81466 1.86567 1.89001 1.96567 2.00051 2.0076 2.04219 2.05076 2.15048 2.28369 2.31184 2.31454 2.31924 2.34881 2.38525 2.58099 2.57702 2.60656 2.63599 
2.90292 2.84667 2.81987 2.70853 2.69028 2.62157 2.57918 2.58023 2.47316 2.39282 2.39632 2.35489 2.26785 2.23365 2.19166 2.1147 2.03576 1.99045 1.95032 1.91232 1.88086 1.79776 1.76316 1.75048 1.69626 1.63192 1.61127 1.57326 1.52806 1.48816 1.427 1.41834 1.38552 1.33988 1.30249 1.25129 1.23948 1.2069 1.18327 1.1605 1.13332 1.10622 1.08982 1.07072 1.05112 1.03597 1.03096 1.01565 1.00894 1.004 1 0.998674 1.00034 1.00281 1.00763 1.00118 1.02827 1.03716 1.04399 1.08367 1.07927 1.12252 1.12365 1.14616 1.18149 1.20229 1.22292 1.22339 1.30172 1.34977 1.34421 1.39457 1.41352 1.43275 1.49747 1.55203 1.57779 1.5625 1.65101 1.70956 1.74346 1.77244 1.78873 1.86692 1.82947 1.87375 2.04181 1.97768 2.13879 2.1264 2.19704 2.25017 2.18746 2.31729 2.40851 2.43016 2.46602 2.43994 2.60495 2.55694 2.67285 
2.85749 2.8428 2.81906 2.7259 2.70751 2.58437 2.57887 2.54452 2.48767 2.42212 2.42234 2.34265 2.29384 2.18206 2.15566 2.09031 2.08261 1.9938 1.96196 1.92087 1.84351 1.83377 1.78242 1.71995 1.66962 1.65741 1.58257 1.53012 1.50334 1.47789 1.44464 1.40296 1.36756 1.34336 1.31029 1.27415 1.2316 1.20996 1.18474 1.14425 1.13378 1.10512 1.08717 1.07322 1.06034 1.03929 1.02325 1.01881 1.01153 1.0043 1 0.997806 0.998315 1.00321 1.00022 1.00657 1.01561 1.03967 1.04528 1.06728 1.08722 1.09424 1.12533 1.14618 1.17606 1.19046 1.23781 1.25622 1.30034 1.31452 1.3409 1.36987 1.41495 1.48145 1.5191 1.54984 1.58646 1.61674 1.65958 1.69794 1.73339 1.80715 1.81268 1.84648 1.92329 1.94218 1.9843 2.03079 2.1075 2.11042 2.20446 2.19036 2.23858 2.31745 2.34804 2.33934 2.39659 2.59739 2.60258 2.55788 2.71959 
2.8648 2.86446 2.81315 2.74669 2.72068 2.63486 2.61302 2.54148 2.46498 2.38768 2.3335 2.33364 2.28061 2.19886 2.14032 2.09173 2.04757 2.02677 1.97858 1.87863 1.85356 1.83859 1.79059 1.73409 1.66428 1.66227 1.59927 1.54402 1.50042 1.47096 1.45205 1.40351 1.35665 1.33329 1.29178 1.27616 1.21837 1.19971 1.17984 1.1543 1.12972 1.10156 1.09631 1.07027 1.05326 1.03329 1.02854 1.01981 1.00923 1.00414 1 0.997435 0.998991 1.00344 1.00924 1.02714 1.02326 1.03978 1.04348 1.07492 1.07696 1.0988 1.13645 1.15527 1.1555 1.18814 1.21554 1.24351 1.27468 1.30602 1.35878 1.39855 1.44449 1.46861 1.50801 1.51196 1.58263 1.5978 1.68649 1.65059 1.69952 1.76611 1.79737 1.88696 1.89237 1.97971 1.95999 2.01673 2.10843 2.18164 2.13339 2.22333 2.23659 2.30963 2.35821 2.35139 2.45944 2.51355 2.52812 2.62673 2.73284 
2.88892 2.83159 2.80133 2.71195 2.65645 2.56742 2.58428 2.50069 2.49574 2.38216 2.35311 2.2826 2.27622 2.22262 2.1619 2.13608 2.02959 1.99802 1.96222 1.91521 1.89142 1.77387 1.76356 1.75016 1.64694 1.66366 1.59634 1.57016 1.50234 1.48539 1.42401 1.40497 1.36462 1.32505 1.30056 1.25151 1.23771 1.20635 1.17617 1.15048 1.12001 1.11166 1.08715 1.07734 1.06284 1.04265 1.0285 1.01826 1.0092 1.00221 1 0.997194 1.00267 1.0017 1.00968 1.02019 1.02373 1.03925 1.05599 1.0744 1.0793 1.10778 1.1314 1.1426 1.17584 1.18264 1.22737 1.23888 1.28372 1.27373 1.34993 1.36542 1.41739 1.486 1.46598 1.51349 1.53572 1.61133 1.71291 1.71605 1.68107 1.80042 1.82597 1.8773 1.91486 2.0002 2.01101 2.04669 2.08594 2.15565 2.2729 2.21329 2.2645 2.32733 2.38753 2.33641 2.46961 2.53 2.63243 2.59661 2.60185 
2.87338 2.83813 2.73612 2.70486 2.65207 2.61592 2.55614 2.52783 2.41639 2.40191 2.37998 2.32394 2.25347 2.20611 2.16758 2.08578 2.0793 1.99758 1.97258 1.9285 1.87916 1.78048 1.78881 1.71099 1.70733 1.65306 1.60785 1.57365 1.5206 1.48524 1.44674 1.38083 1.36725 1.32616 1.30177 1.27561 1.244 1.21133 1.17439 1.14905 1.12238 1.11651 1.08619 1.07129 1.05397 1.03309 1.02817 1.01582 1.00719 1.00295 1 1.00012 1.00107 1.00766 1.00926 1.01635 1.02215 1.04675 1.06135 1.08297 1.08967 1.11061 1.12355 1.15521 1.19403 1.19044 1.237 1.24808 1.27167 1.31722 1.34882 1.392 1.43133 1.43732 1.50072 1.53138 1.58397 1.60305 1.64457 1.71652 1.72295 1.75267 1.78946 1.82687 1.89752 1.97164 1.99129 2.09036 2.13285 2.16518 2.24051 2.31655 2.30325 2.31452 2.44089 2.45083 2.51793 2.5344 2.70044 2.67413 2.65605 
2.88145 2.8428 2.82843 2.68852 2.64716 2.61395 2.54568 2.51746 2.47074 2.39281 2.3567 2.33731 2.2934 2.1949 2.12647 2.08609 2.0265 2.03061 1.93789 1.91872 1.87756 1.79005 1.78333 1.70336 1.67862 1.65772 1.58598 1.51944 1.53537 1.46716 1.4345 1.39117 1.37208 1.35082 1.27675 1.26596 1.22937 1.19395 1.18117 1.1496 1.12843 1.11714 1.07985 1.06681 1.04943 1.03164 1.02144 1.01544 1.00972 1.00213 1 0.999855 1.00056 1.0059 1.01007 1.02228 1.02794 1.05163 1.06022 1.06938 1.10159 1.12293 1.13899 1.16364 1.17102 1.19342 1.22083 1.24187 1.28356 1.34431 1.33458 1.40758 1.46164 1.45676 1.48495 1.55349 1.56685 1.61237 1.67582 1.67827 1.77486 1.79891 1.87685 1.86312 1.8976 1.93204 2.04639 2.06248 2.09733 2.10094 2.18044 2.26015 2.37763 2.31104 2.37682 2.44983 2.44012 2.50817 2.5986 2.65512 2.70024 
2.85019 2.79682 2.77555 2.66272 2.64637 2.5459 2.57909 2.50597 2.47271 2.41343 2.38947 2.28089 2.27539 2.18586 2.14338 2.10411 2.05806 1.9786 1.97091 1.93523 1.85327 1.8352 1.76932 1.71367 1.66571 1.60524 1.622 1.57205 1.5061 1.472 1.43498 1.39345 1.35512 1.34918 1.27592 1.26563 1.23518 1.19512 1.17878 1.14411 1.12618 1.10444 1.09033 1.05337 1.04559 1.03821 1.02709 1.01597 1.00697 1.00242 1 0.99772 1.00017 1.00931 1.01591 1.01533 1.0271 1.06351 1.04946 1.06244 1.09221 1.09658 1.13602 1.15383 1.16612 1.21637 1.23253 1.26724 1.29306 1.32012 1.38454 1.43705 1.40179 1.44836 1.5106 1.55946 1.57422 1.56474 1.69096 1.71932 1.68045 1.77586 1.82585 1.8916 1.83129 1.96505 2.03209 2.04129 2.11496 2.15978 2.22204 2.19946 2.25714 2.3602 2.43897 2.46133 2.41432 2.46073 2.50753 2.58168 2.68891 
2.83285 2.86225 2.76349 2.68802 2.64691 2.58382 2.61578 2.53356 2.447 2.37767 2.33202 2.26411 2.27309 2.18423 2.13312 2.0717 2.073 2.02861 1.94864 1.87712 1.88109 1.81214 1.78305 1.71431 1.66333 1.6354 1.59311 1.55409 1.50996 1.48554 1.42126 1.40727 1.35235 1.3173 1.28687 1.27526 1.23178 1.19666 1.17451 1.15554 1.12001 1.09322 1.08161 1.06913 1.0436 1.03336 1.02114 1.01368 1.00733 1.00422 1 0.999107 0.999453 1.00421 1.00615 1.01797 1.03053 1.03853 1.05602 1.07211 1.0872 1.12035 1.13307 1.15466 1.20001 1.22081 1.25163 1.26434 1.29143 1.30586 1.39258 1.41185 1.42416 1.47912 1.53847 1.53862 1.62253 1.67508 1.66994 1.70449 1.76803 1.82163 1.88819 1.89342 1.92049 1.97804 1.98311 2.02714 2.20116 2.18053 2.21552 2.18695 2.37853 2.35412 2.44621 2.40775 2.52469 2.53793 2.55972 2.73399 2.69071 
2.83933 2.8143 2.76457 2.7343 2.63659 2.57527 2.60684 2.534 2.44048 2.39084 2.3445 2.27457 2.23205 2.17516 2.15844 2.07219 2.08137 1.96344 1.95697 1.85947 1.79294 1.80637 1.76376 1.72401 1.65565 1.63966 1.60126 1.5436 1.5084 1.44714 1.43193 1.37947 1.35852 1.30593 1.30606 1.24063 1.2296 1.18947 1.17628 1.15165 1.13315 1.1054 1.07832 1.0629 1.04534 1.03459 1.02144 1.01967 1.00812 1.00182 1 0.999844 1.0019 1.00349 1.00979 1.01664 1.02425 1.03163 1.06329 1.06888 1.08613 1.1213 1.13547 1.1509 1.18235 1.2041 1.25929 1.2845 1.28428 1.32341 1.39011 1.39192 1.41135 1.46495 1.49767 1.53988 1.61921 1.62799 1.68426 1.70351 1.74784 1.80792 1.88227 1.99319 1.91125 1.96246 2.00768 2.1117 2.07966 2.14704 2.21592 2.28233 2.31618 2.3586 2.44115 2.40303 2.53709 2.49206 2.49564 2.57706 2.73665 
2.87252 2.81545 2.78094 2.74802 2.6234 2.58841 2.54467 2.44869 2.43968 2.36005 2.32923 2.2537 2.2457 2.18314 2.13937 2.07723 2.07328 2.01069 1.92598 1.87586 1.83299 1.83643 1.76778 1.72277 1.68396 1.60852 1.59385 1.55604 1.51507 1.42498 1.42143 1.3723 1.36172 1.29763 1.29283 1.26904 1.22515 1.20028 1.17316 1.14857 1.1273 1.10376 1.07717 1.06608 1.04564 1.03723 1.023 1.01384 1.00475 1.00241 1 0.998535 1.00148 1.00735 1.01334 1.01772 1.03107 1.03839 1.05574 1.07533 1.0875 1.10577 1.12504 1.15 1.18249 1.20049 1.2557 1.26806 1.30199 1.38157 1.35339 1.40163 1.39542 1.48103 1.53087 1.53935 1.57119 1.57731 1.6579 1.71877 1.73726 1.77925 1.83529 1.88215 1.93525 1.95932 1.99762 2.07025 2.1283 2.18818 2.21222 2.29293 2.3043 2.28477 2.39887 2.41496 2.57349 2.53591 2.65195 2.755 2.71579 
2.87728 2.80584 2.77022 2.65853 2.64023 2.63565 2.54325 2.48307 2.46476 2.38237 2.35075 2.2614 2.24274 2.19592 2.11466 2.09224 2.04684 2.011 1.93349 1.9089 1.82683 1.83681 1.7557 1.71163 1.65625 1.62891 1.57442 1.52297 1.51157 1.45708 1.40717 1.39878 1.34885 1.33807 1.28207 1.26551 1.2241 1.20212 1.17114 1.15758 1.12613 1.09595 1.08718 1.06739 1.04914 1.03878 1.02544 1.01498 1.00629 1.00428 1 0.998981 1.00161 1.00828 1.01011 1.01736 1.03607 1.03951 1.0576 1.06957 1.09083 1.09831 1.13612 1.15687 1.17299 1.20571 1.23384 1.28008 1.2748 1.37263 1.34698 1.41153 1.44239 1.4914 1.52363 1.57808 1.60752 1.60453 1.67929 1.73499 1.77122 1.81559 1.88721 1.95941 1.99158 2.00508 1.98295 2.06046 2.10956 2.13989 2.24418 2.31827 2.37199 2.30643 2.44056 2.5273 2.46702 2.63534 2.60291 2.7196 2.63314 
2.87866 2.84416 2.72376 2.74642 2.61414 2.62199 2.53058 2.48467 2.40446 2.3755 2.30244 2.31427 2.20517 2.16391 2.0945 2.07795 2.01625 1.96737 1.91593 1.88707 1.83019 1.78903 1.72645 1.72483 1.66823 1.64654 1.58978 1.52178 1.49008 1.48515 1.43651 1.39779 1.34678 1.30717 1.28481 1.24576 1.22817 1.18258 1.15553 1.14137 1.12938 1.09944 1.07496 1.05979 1.04244 1.03021 1.02033 1.01723 1.0088 1.00242 1 0.999449 1.00135 1.00857 1.00923 1.02027 1.0335 1.0342 1.06809 1.07437 1.08948 1.10975 1.12862 1.14343 1.18734 1.21053 1.26758 1.2733 1.30155 1.3484 1.38671 1.41412 1.46561 1.44725 1.5609 1.5583 1.64263 1.60186 1.71823 1.70768 1.80833 1.82374 1.85351 1.98673 1.94708 2.07474 2.06425 2.05449 2.16408 2.19772 2.20069 2.26465 2.35292 2.40216 2.35769 2.54474 2.57946 2.52707 2.64096 2.6603 2.79438 
2.93813 2.76422 2.77449 2.74036 2.65461 2.56081 2.51826 2.45662 2.40099 2.32918 2.29643 2.25631 2.23742 2.18364 2.11291 2.07554 2.07968 1.9669 1.94498 1.87845 1.84411 1.78746 1.73164 1.68222 1.67642 1.64058 1.58005 1.54114 1.48689 1.45148 1.42659 1.40194 1.33019 1.3156 1.28529 1.24685 1.22676 1.18933 1.17091 1.137 1.1244 1.10144 1.07177 1.05765 1.03813 1.02933 1.02391 1.01337 1.00746 1.00222 1 1.00005 0.999945 1.00728 1.01283 1.02132 1.03769 1.03483 1.05651 1.07721 1.09487 1.11074 1.12993 1.1661 1.19319 1.23341 1.2477 1.28708 1.28731 1.33499 1.37871 1.44087 1.47115 1.44576 1.50476 1.54115 1.61493 1.66335 1.66135 1.75146 1.78897 1.82186 1.75225 1.88433 1.97702 1.95305 2.07356 2.1107 2.20468 2.15415 2.15243 2.31295 2.3685 2.40967 2.40845 2.46435 2.50973 2.60171 2.56699 2.71993 2.70937 
2.83956 2.79323 2.77984 2.66537 2.62755 2.57547 2.51651 2.45897 2.41747 2.40207 2.29485 2.26642 2.21305 2.16855 2.13832 2.06064 2.01156 1.93895 1.92838 1.85329 1.84327 1.78282 1.75732 1.71542 1.66384 1.62462 1.59145 1.54941 1.49173 1.44841 1.4238 1.37905 1.357 1.32661 1.28045 1.23801 1.22351 1.20238 1.16639 1.13359 1.11289 1.10807 1.08587 1.06626 1.04229 1.02914 1.02225 1.00944 1.00453 1.00255 1 1.00019 1.00288 1.0132 1.01466 1.01943 1.03578 1.0556 1.06017 1.07449 1.10283 1.12263 1.12005 1.17063 1.19746 1.21567 1.26531 1.28098 1.30677 1.36758 1.38345 1.39295 1.44899 1.49305 1.51419 1.5618 1.60382 1.66155 1.65229 1.69416 1.8383 1.78406 1.89978 1.87769 1.97055 2.05528 2.04758 2.07007 2.14991 2.15517 2.17872 2.21915 2.34654 2.32095 2.48228 2.48398 2.51727 2.52853 2.63441 2.71929 2.68379 
2.88085 2.76339 2.76402 2.66061 2.64148 2.55702 2.4589 2.4479 2.45391 2.36234 2.36316 2.25825 2.22738 2.14663 2.1298 2.05931 2.02396 1.97843 1.91839 1.86552 1.83377 1.78652 1.76067 1.72203 1.66132 1.60236 1.57804 1.56841 1.47103 1.45726 1.4244 1.39562 1.35159 1.30855 1.26464 1.24852 1.22557 1.176 1.14755 1.14569 1.11024 1.09741 1.08607 1.05292 1.04955 1.03135 1.0195 1.01172 1.00548 1.00176 1 1.00102 1.00196 1.00653 1.01258 1.01927 1.03297 1.05035 1.07432 1.07006 1.09416 1.10222 1.11959 1.17189 1.2117 1.23125 1.28007 1.27831 1.28492 1.32494 1.38648 1.41454 1.45076 1.50452 1.55739 1.56964 1.61246 1.71985 1.6797 1.7411 1.77496 1.80408 1.85704 1.94429 1.94125 1.97179 2.06901 2.13661 2.11544 2.23351 2.27954 2.32116 2.38085 2.43421 2.40889 2.42822 2.49221 2.62234 2.74919 2.73015 2.77441 
2.79521 2.76312 2.72106 2.69219 2.62938 2.57199 2.5615 2.4447 2.42345 2.34221 2.31218 2.24029 2.20401 2.17183 2.11292 2.07321 2.00714 1.97665 1.94282 1.85871 1.81346 1.80017 1.72166 1.71065 1.66032 1.60883 1.57488 1.54891 1.47757 1.46556 1.42066 1.3477 1.34637 1.31452 1.28468 1.24354 1.22518 1.18035 1.15931 1.1382 1.11543 1.09709 1.07753 1.06433 1.05011 1.02617 1.01696 1.01043 1.00226 1.00167 1 0.999539 1.00333 1.00821 1.01453 1.03113 1.03248 1.0453 1.06681 1.08118 1.09041 1.11593 1.1485 1.15215 1.20201 1.21246 1.24259 1.2898 1.33526 1.36735 1.34436 1.40828 1.43001 1.47677 1.51535 1.57512 1.58385 1.6868 1.71633 1.7441 1.78133 1.84577 1.8861 1.91832 1.97423 2.039 1.98524 2.13332 2.13473 2.26281 2.21052 2.29681 2.40498 2.43747 2.47829 2.49452 2.55705 2.65128 2.61717 2.64885 2.78549 
2.78627 2.77873 2.70443 2.69114 2.65131 2.57925 2.49952 2.49547 2.42729 2.40475 2.30745 2.25253 2.21912 2.14529 2.12792 2.02341 1.98662 1.96428 1.90231 1.87291 1.82149 1.7912 1.69003 1.69505 1.65818 1.59904 1.56983 1.54946 1.48342 1.44817 1.39376 1.36797 1.3266 1.30179 1.29 1.23885 1.20063 1.18648 1.16875 1.13651 1.10315 1.10002 1.09292 1.05994 1.03674 1.0328 1.02254 1.01117 1.00674 1.00076 1 1.00024 1.00309 1.00489 1.01609 1.01658 1.02154 1.05661 1.0714 1.07993 1.09485 1.11569 1.15727 1.17935 1.19173 1.22412 1.24081 1.27126 1.33892 1.37161 1.38095 1.43823 1.4819 1.47998 1.55528 1.61638 1.58041 1.66382 1.68273 1.72063 1.80606 1.8464 1.86119 1.88702 2.01279 2.02378 2.05435 2.13425 2.17109 2.13913 2.34053 2.33388 2.3462 2.44379 2.4238 2.52583 2.58507 2.4959 2.62116 2.68463 2.73244 
2.90931 2.72372 2.71677 2.65248 2.66418 2.54929 2.50138 2.46804 2.43857 2.36809 2.34568 2.25948 2.21117 2.13125 2.11315 2.05525 1.9823 1.93878 1.93842 1.83864 1.80799 1.79024 1.74817 1.67495 1.64209 1.6351 1.55352 1.52028 1.50535 1.43219 1.41398 1.3575 1.32873 1.30093 1.26796 1.23222 1.22042 1.19029 1.15813 1.12044 1.11432 1.09978 1.06432 1.04425 1.03383 1.02817 1.01977 1.00627 1.00673 1.00097 1 0.999297 1.00323 1.01164 1.02024 1.02543 1.03619 1.05439 1.07255 1.07242 1.10797 1.12683 1.14565 1.16001 1.20131 1.24246 1.24594 1.28112 1.32012 1.34704 1.39517 1.43914 1.42612 1.47676 1.58327 1.5645 1.63625 1.74776 1.72673 1.76954 1.78293 1.84541 1.86302 1.91137 1.97078 2.00368 2.12912 2.09329 2.15582 2.21821 2.20309 2.31392 2.33749 2.4929 2.41235 2.51854 2.60012 2.63072 2.66184 2.69809 2.70565 
2.78857 2.78863 2.73315 2.62641 2.57878 2.61443 2.48114 2.48304 2.38884 2.39529 2.29223 2.21442 2.19004 2.18447 2.13873 2.08612 2.02392 1.91529 1.92369 1.85442 1.80754 1.78991 1.75534 1.6989 1.64202 1.6145 1.54998 1.50903 1.49708 1.44513 1.39081 1.37916 1.34798 1.30651 1.27949 1.25754 1.21247 1.1874 1.1584 1.13072 1.12566 1.08354 1.06883 1.05758 1.04622 1.02821 1.0188 1.00909 1.00682 1.00113 1 1.00037 1.00278 1.01056 1.01373 1.02247 1.03983 1.04436 1.06278 1.07766 1.09626 1.13019 1.15356 1.14977 1.19755 1.26586 1.27195 1.3143 1.30727 1.34315 1.4011 1.45349 1.47131 1.51064 1.54804 1.62641 1.61355 1.62682 1.7057 1.78391 1.78159 1.77313 1.86549 1.92874 2.01266 2.06452 2.04415 2.2153 2.1688 2.23373 2.28904 2.3142 2.38126 2.45545 2.46672 2.54156 2.46217 2.60083 2.71388 2.77319 2.82456 
2.79885 2.73488 2.69101 2.66851 2.60458 2.52341 2.45984 2.49199 2.37792 2.29942 2.31708 2.25587 2.19512 2.13912 2.09971 2.0522 2.02649 1.96257 1.89657 1.87546 1.81818 1.74329 1.74864 1.65875 1.65575 1.61019 1.54705 1.49865 1.47216 1.45039 1.39883 1.36199 1.35488 1.29882 1.27469 1.24333 1.2201 1.16283 1.16879 1.12562 1.11217 1.08964 1.07313 1.05852 1.04437 1.02743 1.01817 1.01474 1.00712 1.00171 1 1.00209 0.999405 1.0049 1.02129 1.02612 1.0424 1.05995 1.06909 1.09567 1.1141 1.13179 1.13199 1.18 1.20798 1.25168 1.24617 1.29995 1.32997 1.35883 1.41334 1.43183 1.42754 1.50396 1.5361 1.62322 1.66091 1.65569 1.73643 1.78198 1.7713 1.85065 1.87212 1.92186 1.97856 2.05353 2.12582 2.11175 2.14629 2.18844 2.25882 2.3499 2.46298 2.41646 2.54735 2.60257 2.62112 2.52257 2.6156 2.70419 2.81709 
2.8047 2.75081 2.67354 2.67563 2.58707 2.51306 2.47771 2.47359 2.38259 2.34547 2.27821 2.21921 2.18303 2.20782 2.05231 2.03315 2.04109 1.95549 1.8942 1.88309 1.82562 1.77037 1.74747 1.68652 1.65184 1.58164 1.54114 1.49587 1.4514 1.41503 1.39743 1.37285 1.35295 1.2957 1.27502 1.24485 1.19127 1.17656 1.16959 1.14398 1.09772 1.0897 1.07216 1.05287 1.04002 1.02964 1.02243 1.0117 1.00607 1.00196 1 1.00153 1.00651 1.00648 1.01774 1.01958 1.04521 1.06297 1.07881 1.09443 1.12057 1.12298 1.16044 1.17716 1.19891 1.23249 1.28382 1.27044 1.31203 1.36178 1.42949 1.44055 1.48231 1.53506 1.53016 1.58928 1.59154 1.66062 1.66396 1.79034 1.7805 1.8424 1.84329 1.96957 1.97696 2.06448 2.07862 2.15204 2.2044 2.26467 2.28289 2.34574 2.42148 2.46095 2.49261 2.6061 2.53655 2.65132 2.748 2.68737 2.72924 
2.81195 2.76201 2.75517 2.65061 2.54684 2.5227 2.48901 2.49717 2.39321 2.37546 2.31545 2.25252 2.22658 2.13902 2.03836 2.03195 1.97169 1.98574 1.91468 1.84455 1.8003 1.75208 1.72619 1.68265 1.62813 1.61391 1.56526 1.52775 1.47706 1.44317 1.39553 1.36025 1.33013 1.30943 1.26088 1.25474 1.20453 1.18995 1.1645 1.13803 1.10983 1.09471 1.05998 1.04625 1.04061 1.03057 1.01732 1.00756 1.00582 1.00167 1 1.00028 1.00367 1.01142 1.00915 1.03073 1.03422 1.05044 1.05637 1.08498 1.11165 1.12866 1.16232 1.17139 1.20874 1.24781 1.24403 1.30801 1.33336 1.37259 1.41344 1.44546 1.47942 1.50818 1.56852 1.63812 1.61152 1.67924 1.74138 1.78039 1.86425 1.85731 1.93806 1.93515 1.97131 2.06492 2.08154 2.1476 2.17017 2.2002 2.30892 2.37039 2.38427 2.50955 2.43963 2.53319 2.66734 2.76736 2.7891 2.75282 2.72806 
2.77075 2.77274 2.69126 2.60693 2.52568 2.51164 2.53234 2.49305 2.41392 2.33776 2.28157 2.18945 2.17519 2.13593 2.09708 2.01707 1.94506 1.94436 1.91626 1.82731 1.82669 1.7534 1.68387 1.67852 1.63955 1.56703 1.54941 1.54653 1.48365 1.43849 1.4112 1.35512 1.32786 1.30576 1.25118 1.24128 1.19857 1.15932 1.14745 1.12893 1.11452 1.09983 1.06824 1.04729 1.04142 1.02672 1.01854 1.01011 1.00306 1.00291 1 1.00009 1.00325 1.01223 1.0203 1.02722 1.05338 1.06019 1.07621 1.08505 1.1267 1.13368 1.15807 1.19636 1.20929 1.247 1.26236 1.289 1.34802 1.38251 1.37523 1.44275 1.49739 1.51274 1.5758 1.57205 1.61196 1.67507 1.76838 1.69027 1.86128 1.80554 1.90603 1.96929 2.03275 2.0646 2.03071 2.18364 2.16024 2.18101 2.27705 2.28985 2.44586 2.42564 2.40547 2.51128 2.54029 2.60929 2.60499 2.83465 2.82262 
2.81505 2.70621 2.69208 2.6338 2.53084 2.52644 2.45179 2.41903 2.36238 2.34579 2.27975 2.22816 2.18085 2.10148 2.07797 2.03419 1.98607 1.90742 1.90461 1.87341 1.8008 1.7676 1.7309 1.65575 1.63002 1.56767 1.52896 1.50022 1.48748 1.43966 1.41368 1.38548 1.31724 1.2913 1.2575 1.23551 1.2011 1.16009 1.14636 1.12321 1.11036 1.09923 1.06884 1.05588 1.04045 1.02452 1.01976 1.01021 1.00558 1.00065 1 1.00251 1.00786 1.01311 1.01605 1.032 1.04624 1.06122 1.07771 1.07868 1.10555 1.14495 1.167 1.18753 1.24299 1.23964 1.25797 1.29305 1.30372 1.40988 1.4229 1.45934 1.47115 1.54376 1.58636 1.55997 1.66085 1.66507 1.76533 1.84139 1.81468 1.87216 1.90319 1.93493 2.01637 2.03564 2.13199 2.16348 2.19103 2.22418 2.31497 2.34841 2.4399 2.49666 2.50074 2.57609 2.55883 2.59066 2.76755 2.70486 2.91659 
2.84179 2.70978 2.67136 2.67325 2.53753 2.48409 2.45664 2.45285 2.3851 2.32792 2.25385 2.26056 2.14713 2.14162 2.09367 2.02274 1.96438 1.9226 1.84789 1.8541 1.8033 1.80671 1.7006 1.66264 1.64725 1.56242 1.56606 1.52245 1.46675 1.4236 1.3871 1.34685 1.31497 1.28374 1.25643 1.23342 1.1953 1.17026 1.15596 1.13174 1.10936 1.08335 1.07355 1.05798 1.03337 1.02815 1.02177 1.00617 1.00248 0.99844 1 1.00264 1.00917 1.01152 1.01901 1.02891 1.03823 1.06565 1.08202 1.09473 1.11898 1.13343 1.16125 1.19369 1.21723 1.22842 1.26454 1.3132 1.31474 1.36137 1.43384 1.4195 1.50745 1.54501 1.58801 1.63336 1.61782 1.71634 1.74524 1.76017 1.76812 1.90008 1.93444 1.96767 1.97551 2.0288 2.16859 2.19451 2.21141 2.23918 2.31711 2.39679 2.41362 2.39659 2.4579 2.52122 2.62874 2.74332 2.68347 2.74104 2.75002 
2.76429 2.73297 2.74632 2.61273 2.59196 2.52192 2.54823 2.39558 2.37233 2.29704 2.27515 2.21884 2.21247 2.13176 2.04298 2.04445 1.97335 1.92693 1.8624 1.80359 1.77121 1.77099 1.69776 1.6852 1.59099 1.59757 1.54713 1.50946 1.46239 1.4308 1.39507 1.36701 1.29391 1.28159 1.26575 1.22319 1.19536 1.16256 1.14311 1.12481 1.09694 1.07873 1.06172 1.04912 1.03451 1.02036 1.01207 1.01333 1.00383 1.00025 1 1.00301 1.00393 1.01212 1.01193 1.02891 1.0394 1.06392 1.08218 1.08927 1.11252 1.13898 1.1675 1.19902 1.23338 1.25361 1.27789 1.31911 1.3535 1.37588 1.38899 1.42812 1.49107 1.53941 1.56284 1.59427 1.66557 1.62908 1.77455 1.75918 1.85665 1.80715 1.90771 1.95769 2.05029 2.04127 2.18342 2.18345 2.23439 2.21074 2.32876 2.38282 2.42914 2.49629 2.57963 2.47274 2.66623 2.66651 2.73082 2.79067 2.85339 
2.77511 2.75244 2.65633 2.59325 2.54268 2.53763 2.49034 2.41114 2.35876 2.34483 2.311 2.18164 2.2026 2.13413 2.05202 2.02377 1.9635 1.90962 1.83595 1.88113 1.77458 1.75697 1.73453 1.67018 1.62617 1.5821 1.52222 1.50579 1.44131 1.43417 1.39091 1.35637 1.32196 1.28915 1.25768 1.20077 1.20241 1.16725 1.15387 1.11431 1.10358 1.08761 1.06822 1.04922 1.03499 1.02061 1.01257 1.00767 1.00807 1.00038 1 1.00107 1.00814 1.01326 1.02399 1.03504 1.04958 1.06405 1.07414 1.08633 1.11264 1.14315 1.175 1.19859 1.21159 1.27704 1.29047 1.31791 1.35194 1.33091 1.3971 1.46113 1.46833 1.52305 1.53976 1.6025 1.6605 1.68731 1.7565 1.83264 1.85291 1.87167 1.92426 1.93357 2.06542 2.05607 2.1231 2.14806 2.27497 2.30997 2.29147 2.32761 2.35135 2.44325 2.58533 2.55822 2.59415 2.73126 2.83259 2.72619 2.85563 
2.80612 2.74723 2.6867 2.62142 2.56928 2.45903 2.46084 2.40206 2.38367 2.31549 2.26551 2.23919 2.1364 2.133 2.08275 2.0477 1.98783 1.95217 1.87306 1.80711 1.79258 1.7458 1.72266 1.65685 1.62309 1.5838 1.53668 1.50748 1.46804 1.43371 1.38744 1.34092 1.31955 1.26452 1.2519 1.24008 1.19976 1.1702 1.14168 1.12078 1.10158 1.07507 1.05447 1.0375 1.03525 1.02458 1.01492 1.01188 1.00273 1.00055 1 1.00122 1.00585 1.01236 1.01628 1.03372 1.04998 1.0641 1.07354 1.10088 1.1007 1.14329 1.1628 1.17099 1.21889 1.2697 1.26781 1.32175 1.3332 1.36666 1.47337 1.48261 1.51013 1.52863 1.61117 1.66255 1.62275 1.70039 1.72902 1.8038 1.88716 1.8873 1.88326 1.93864 2.02488 2.14185 2.12927 2.19925 2.23693 2.27603 2.34607 2.3715 2.39979 2.45888 2.57366 2.5998 2.57557 2.70952 2.70109 2.79395 2.87272 
2.73467 2.70971 2.60373 2.63088 2.5765 2.5136 2.45946 2.4378 2.3536 2.25506 2.29435 2.21855 2.16744 2.17305 2.06691 2.01927 1.94114 1.91633 1.87636 1.81447 1.81815 1.79329 1.70999 1.67254 1.61944 1.54282 1.53998 1.47465 1.47839 1.43092 1.38776 1.33759 1.29601 1.27379 1.23812 1.25355 1.1813 1.17178 1.13501 1.12728 1.09662 1.0749 1.06698 1.04187 1.02859 1.02329 1.01556 1.01262 1.00178 0.999623 1 1.00212 1.00191 1.01061 1.0254 1.0347 1.04258 1.07121 1.07072 1.10895 1.10864 1.12705 1.17445 1.2092 1.24219 1.22128 1.28249 1.32751 1.37634 1.38489 1.42883 1.50087 1.52432 1.5238 1.55712 1.61238 1.67133 1.73767 1.74993 1.77338 1.88521 1.86222 1.91177 1.97384 2.03023 2.07358 2.19612 2.24422 2.19196 2.20505 2.37049 2.38935 2.35796 2.50505 2.52952 2.69619 2.59936 2.64498 2.75313 2.75771 2.92666 
2.79328 2.74503 2.67542 2.56006 2.60149 2.51337 2.43298 2.41457 2.30899 2.30941 2.29233 2.18239 2.14742 2.16197 2.07165 2.015 1.97909 1.95374 1.85879 1.83101 1.78137 1.72966 1.68238 1.65354 1.61225 1.58024 1.5403 1.4827 1.4799 1.40979 1.40136 1.35142 1.30016 1.2829 1.23116 1.22203 1.18093 1.1646 1.14815 1.10974 1.08901 1.0734 1.06111 1.03984 1.03472 1.01822 1.01455 1.00747 1.00573 0.99941 1 1.00302 1.00737 1.01359 1.02504 1.03932 1.04081 1.05444 1.07071 1.09849 1.1292 1.1551 1.17075 1.17834 1.19922 1.25948 1.29302 1.30419 1.34289 1.37361 1.44578 1.45185 1.48196 1.54208 1.56603 1.59449 1.67889 1.6793 1.78825 1.82584 1.80963 1.8617 1.95798 2.00921 2.01337 2.08178 2.16008 2.18742 2.27814 2.21048 2.35823 2.40093 2.43363 2.49486 2.55781 2.60053 2.68218 2.63025 2.73076 2.76592 2.90084 
2.75277 2.69934 2.66602 2.69169 2.53854 2.52676 2.46586 2.41583 2.33749 2.34126 2.26046 2.20976 2.16789 2.12576 2.06662 2.01134 1.98584 1.91879 1.87222 1.83739 1.775 1.71586 1.70809 1.66201 1.59357 1.56777 1.51518 1.5227 1.43244 1.44171 1.39345 1.35073 1.32508 1.26719 1.26409 1.23108 1.19062 1.16181 1.14183 1.12293 1.09977 1.0801 1.05232 1.05263 1.03014 1.01895 1.01344 1.00247 1.00178 0.998448 1 1.00238 1.00722 1.01297 1.02235 1.03613 1.05285 1.06306 1.08067 1.10293 1.12659 1.14162 1.15958 1.19393 1.23673 1.24895 1.28004 1.30242 1.35237 1.38543 1.43708 1.44533 1.49569 1.50665 1.55072 1.58517 1.70611 1.73096 1.74996 1.80042 1.86428 1.9184 1.91106 2.05759 2.06742 2.11782 2.18906 2.22124 2.32158 2.33823 2.31302 2.40332 2.42797 2.53852 2.6325 2.61704 2.64382 2.80405 2.84249 2.82967 2.88075 
2.69724 2.68923 2.6209 2.59769 2.56902 2.5053 2.4648 2.34621 2.31541 2.33282 2.24545 2.19685 2.14951 2.14031 2.08404 1.98089 1.97012 1.91009 1.86985 1.82091 1.77835 1.73237 1.69295 1.66083 1.62554 1.58161 1.55435 1.50777 1.46086 1.40327 1.39609 1.36416 1.31753 1.31006 1.25404 1.20934 1.20087 1.17897 1.14386 1.11629 1.10032 1.06438 1.06314 1.04562 1.03107 1.02115 1.013 1.00881 0.999963 0.999252 1 1.00179 1.00811 1.01188 1.0242 1.03286 1.04141 1.05691 1.07307 1.09214 1.12549 1.14919 1.17629 1.20848 1.23075 1.24973 1.30508 1.33907 1.36961 1.37694 1.41961 1.45266 1.48783 1.50581 1.60811 1.64078 1.65525 1.75861 1.73197 1.85236 1.89883 1.90112 1.9219 1.95858 2.03479 2.09546 2.15563 2.19995 2.2839 2.31932 2.36223 2.43806 2.4572 2.45075 2.54564 2.6411 2.69512 2.7133 2.82496 2.79511 2.82342 
2.77313 2.71415 2.6072 2.57902 2.59479 2.54293 2.47145 2.40601 2.37533 2.30276 2.21326 2.20703 2.15432 2.12677 2.04409 1.99491 1.97526 1.93459 1.86341 1.81009 1.73 1.69449 1.70482 1.68926 1.59499 1.55739 1.52715 1.4909 1.44261 1.43434 1.37413 1.33399 1.30513 1.29252 1.24366 1.20357 1.18649 1.14763 1.12006 1.1148 1.09368 1.0811 1.05201 1.05176 1.0348 1.02161 1.01462 1.01025 1.00097 1.00009 1 1.00162 1.00934 1.01076 1.01716 1.0365 1.05596 1.05719 1.09734 1.11696 1.12448 1.14759 1.16736 1.19391 1.23658 1.24103 1.25905 1.32037 1.3242 1.41334 1.39086 1.49172 1.51135 1.53217 1.60193 1.65198 1.65048 1.78253 1.74133 1.76069 1.84686 1.95529 1.93175 2.0228 2.04712 2.11058 2.19681 2.20647 2.2412 2.33601 2.37443 2.46842 2.43847 2.51681 2.52489 2.54969 2.62492 2.73995 2.84727 2.76977 2.89275 
2.75168 2.66511 2.62307 2.68248 2.61339 2.48506 2.44154 2.37741 2.37307 2.29324 2.27532 2.22424 2.15049 2.09513 2.0543 2.00788 1.96114 1.9265 1.88179 1.86407 1.77856 1.7174 1.70163 1.65901 1.62283 1.57863 1.53246 1.49071 1.43876 1.39994 1.37114 1.34768 1.31742 1.26161 1.27211 1.20629 1.19976 1.16111 1.14356 1.11516 1.0903 1.07906 1.06254 1.03807 1.03274 1.02347 1.01472 1.00346 1.00438 0.999002 1 1.00202 1.00553 1.01494 1.01783 1.03229 1.05232 1.05938 1.08425 1.10734 1.13546 1.15907 1.17553 1.21265 1.2254 1.26111 1.32735 1.34299 1.35869 1.38673 1.46433 1.46364 1.47954 1.56841 1.63246 1.65139 1.68002 1.69968 1.75683 1.80033 1.82566 1.89616 1.94201 2.05378 2.10305 2.08913 2.13172 2.18659 2.28563 2.33419 2.35015 2.4017 2.47052 2.56253 2.62933 2.62162 2.52728 2.70958 2.73393 2.89873 2.87647 
2.78376 2.75576 2.63889 2.65168 2.47952 2.50426 2.38541 2.42222 2.33211 2.27339 2.19238 2.19902 2.15627 2.09816 2.04296 1.96299 1.96449 1.92892 1.85444 1.81373 1.7863 1.72861 1.68782 1.67729 1.58872 1.55512 1.51553 1.51012 1.43351 1.42695 1.3555 1.31708 1.29517 1.27629 1.25626 1.21064 1.17915 1.15005 1.14742 1.11163 1.09365 1.0726 1.05042 1.04707 1.0331 1.02241 1.00801 1.00667 1.00098 0.998976 1 1.00227 1.0091 1.01733 1.01809 1.03813 1.05197 1.05904 1.0896 1.12099 1.12273 1.12924 1.18352 1.1934 1.225 1.28556 1.298 1.32669 1.37329 1.36629 1.43471 1.45146 1.53099 1.54142 1.57402 1.65167 1.67909 1.73641 1.73315 1.77041 1.88628 1.93189 1.99134 1.96074 2.00581 2.08237 2.17256 2.2164 2.21793 2.21828 2.35149 2.2774 2.47232 2.48992 2.63355 2.65841 2.72878 2.8127 2.75746 2.81925 2.91585 
2.81946 2.65173 2.65664 2.6356 2.54404 2.47349 2.45336 2.42299 2.28563 2.30788 2.2168 2.22912 2.10481 2.09883 2.09195 2.00609 1.98326 1.87315 1.83287 1.79882 1.75006 1.73658 1.68517 1.64593 1.57828 1.54164 1.53374 1.46865 1.44573 1.417 1.38176 1.32821 1.29518 1.27463 1.23157 1.23195 1.17808 1.17171 1.13476 1.09539 1.0937 1.07706 1.05877 1.04733 1.03177 1.02039 1.01728 1.00443 0.99902 1.00053 1 1.00436 1.00385 1.01276 1.02486 1.03408 1.04677 1.06805 1.08764 1.09933 1.12237 1.15697 1.17158 1.20881 1.23023 1.27764 1.28519 1.3479 1.3789 1.37974 1.41598 1.47028 1.56571 1.52025 1.5573 1.65657 1.75188 1.75656 1.80401 1.81024 1.84161 1.96691 1.92619 2.06468 2.05258 2.17029 2.17343 2.21859 2.26869 2.35526 2.42261 2.3949 2.43337 2.55246 2.52576 2.60408 2.70133 2.68855 2.73208 2.82475 2.87322 
2.714 2.62811 2.66119 2.58457 2.57672 2.45574 2.40567 2.39274 2.33611 2.24845 2.23353 2.20611 2.14583 2.11399 2.01643 1.9919 1.92041 1.89948 1.87253 1.80451 1.75747 1.72306 1.70108 1.60419 1.60187 1.56361 1.50875 1.50227 1.44834 1.42333 1.37712 1.33782 1.3237 1.26077 1.25563 1.22071 1.2092 1.16492 1.15209 1.11755 1.07972 1.08635 1.05686 1.04744 1.02292 1.02355 1.01319 1.00588 0.999874 0.999807 1 1.00269 1.00638 1.01272 1.0233 1.03856 1.05106 1.06631 1.08563 1.10292 1.12647 1.14458 1.17449 1.20448 1.20837 1.26054 1.30121 1.32893 1.35825 1.42681 1.46728 1.4812 1.51733 1.52897 1.62245 1.60071 1.69587 1.75288 1.79256 1.81099 1.89666 1.95756 1.97297 2.04275 2.05486 2.09258 2.14141 2.25432 2.35575 2.34759 2.30566 2.40342 2.4043 2.53968 2.55087 2.61731 2.67756 2.66428 2.83193 2.79299 2.91323 
2.68635 2.63938 2.6381 2.59852 2.56645 2.51402 2.47596 2.34676 2.33902 2.32225 2.25602 2.16051 2.1551 2.05254 2.03809 1.99766 1.91266 1.93238 1.86869 1.81397 1.78008 1.72046 1.69415 1.64831 1.58657 1.55593 1.53799 1.48652 1.40924 1.42566 1.40055 1.34372 1.30086 1.27466 1.24453 1.22784 1.18349 1.16251 1.14435 1.11221 1.0885 1.08175 1.04784 1.04546 1.02601 1.02385 1.01038 1.00352 1.00028 0.999313 1 1.00298 1.00493 1.01557 1.03715 1.03606 1.04765 1.06615 1.07386 1.10361 1.15012 1.1315 1.1865 1.20911 1.22221 1.27809 1.29913 1.33674 1.36402 1.41352 1.42409 1.50734 1.5329 1.57861 1.56803 1.672 1.6994 1.71168 1.81584 1.80047 1.88628 1.95858 1.96253 2.02225 2.07493 2.10786 2.20073 2.29588 2.26809 2.2834 2.34795 2.43302 2.48091 2.5688 2.57922 2.68962 2.77605 2.82267 2.79345 2.87726 2.9074 
2.7335 2.67441 2.6083 2.58719 2.51927 2.47596 2.44131 2.37029 2.30475 2.24601 2.22704 2.17167 2.12389 2.08876 2.03543 2.01169 1.92919 1.89293 1.86956 1.834 1.75878 1.73333 1.71504 1.66242 1.60251 1.54763 1.51323 1.49871 1.45692 1.40307 1.35369 1.34634 1.30624 1.25557 1.26068 1.20407 1.19626 1.15522 1.12411 1.11268 1.09472 1.08796 1.07306 1.03962 1.02392 1.01694 1.01056 1.00434 1.00048 1.00036 1 1.00347 1.00561 1.01875 1.02608 1.03766 1.04854 1.07765 1.08425 1.10448 1.12099 1.15925 1.18625 1.20522 1.23579 1.27185 1.3027 1.31753 1.34101 1.39665 1.44027 1.51512 1.50889 1.5892 1.61233 1.60133 1.6756 1.71534 1.78322 1.82523 1.89619 1.96638 1.99107 2.03982 2.08824 2.03706 2.22169 2.25286 2.30782 2.33135 2.41577 2.49573 2.4166 2.49708 2.53931 2.63509 2.63187 2.69512 2.82728 2.82571 2.94697 
2.64531 2.66753 2.62144 2.60403 2.54552 2.48932 2.44129 2.37833 2.28916 2.23828 2.23008 2.19358 2.14955 2.08454 2.05364 2.06058 1.93172 1.8901 1.83132 1.80234 1.75028 1.71951 1.66631 1.65325 1.56528 1.56935 1.52536 1.49894 1.45166 1.42312 1.35349 1.34141 1.29895 1.26895 1.21515 1.22311 1.18585 1.15315 1.11799 1.10577 1.09935 1.06976 1.05076 1.03936 1.03592 1.02077 1.0127 1.00961 1.00095 0.998932 1 1.00255 1.00981 1.01703 1.02162 1.0248 1.05 1.07659 1.08629 1.10257 1.12806 1.15519 1.18976 1.20384 1.22856 1.24166 1.31038 1.32092 1.3684 1.38446 1.40086 1.49641 1.50432 1.52764 1.60452 1.66759 1.66968 1.76852 1.77797 1.8254 1.88607 1.95329 1.94283 2.05699 2.12836 2.14152 2.20011 2.16706 2.30522 2.33702 2.35615 2.42254 2.43986 2.62729 2.55812 2.62193 2.67811 2.83185 2.82286 2.85787 2.93942 
2.71536 2.68589 2.63486 2.54326 2.55611 2.51672 2.43806 2.38229 2.36098 2.24764 2.24959 2.18805 2.12156 2.06031 2.00611 2.02214 1.91184 1.89381 1.83368 1.8315 1.75619 1.74907 1.65286 1.6333 1.59334 1.54969 1.51301 1.46303 1.46704 1.42001 1.37256 1.33882 1.31556 1.26105 1.24141 1.22254 1.18714 1.14412 1.15445 1.12799 1.09381 1.07845 1.05483 1.03436 1.03977 1.01451 1.00924 1.00397 1.00077 0.998596 1 1.00293 1.0082 1.01863 1.02691 1.04428 1.05369 1.0688 1.0944 1.11755 1.11428 1.15762 1.19095 1.20352 1.23231 1.2636 1.28164 1.32659 1.35874 1.39487 1.4671 1.45897 1.51696 1.57787 1.64652 1.66264 1.6946 1.77656 1.8239 1.82135 1.89417 1.90942 2.01308 2.04952 2.02365 2.10315 2.17518 2.21051 2.24494 2.35413 2.37146 2.44757 2.49064 2.5657 2.57919 2.64165 2.77286 2.80097 2.94558 2.8672 2.99922 
2.72993 2.6106 2.57473 2.58011 2.46071 2.47867 2.38293 2.34621 2.3743 2.24233 2.25936 2.14942 2.16429 2.0534 2.05453 2.01512 1.95975 1.83794 1.84213 1.82865 1.764 1.7061 1.71166 1.66242 1.58793 1.49808 1.51854 1.47461 1.42979 1.40321 1.34961 1.33403 1.29149 1.26336 1.24511 1.20552 1.16673 1.14464 1.1357 1.09796 1.09378 1.07656 1.04555 1.03481 1.02114 1.01918 1.01159 1.00455 1.00473 1.00001 1 1.00366 1.00932 1.01468 1.0191 1.03797 1.05229 1.06031 1.08864 1.1032 1.12863 1.15652 1.17259 1.21824 1.22818 1.26783 1.29588 1.34752 1.38147 1.43226 1.44434 1.52076 1.52342 1.55273 1.60079 1.66149 1.71839 1.70533 1.7995 1.82851 1.87407 1.97226 2.0171 2.1361 2.06019 2.1434 2.22667 2.23316 2.25274 2.30721 2.44708 2.39501 2.44937 2.58071 2.53484 2.59344 2.64174 2.73509 2.77221 2.80639 2.99202 
2.72491 2.68481 2.62384 2.52613 2.55251 2.45756 2.37155 2.36565 2.34012 2.21833 2.23688 2.13137 2.09073 2.07648 2.05906 1.9664 1.95612 1.91533 1.8251 1.82051 1.75932 1.74091 1.66394 1.64955 1.60671 1.55822 1.51685 1.45839 1.42124 1.36939 1.3619 1.32154 1.31644 1.30396 1.21553 1.22292 1.17447 1.15628 1.14699 1.1008 1.08868 1.07585 1.04715 1.03549 1.02266 1.015 1.00617 1.0007 1.00032 0.998125 1 1.00348 1.0106 1.01743 1.0245 1.03576 1.04846 1.06684 1.09248 1.09042 1.11549 1.17579 1.1886 1.19975 1.26508 1.28655 1.28611 1.33847 1.37375 1.38562 1.44612 1.48794 1.5351 1.55842 1.61114 1.65961 1.65437 1.70927 1.79285 1.86186 1.88201 1.92288 2.03887 2.04685 2.07471 2.11089 2.18126 2.27873 2.2542 2.33437 2.4525 2.41257 2.5129 2.51471 2.59132 2.67198 2.69433 2.78184 2.78333 2.87842 2.97128 
2.68694 2.67363 2.61582 2.52613 2.52493 2.5025 2.40323 2.39173 2.29755 2.24835 2.21437 2.12296 2.11397 2.05056 2.05351 1.99802 1.96514 1.87031 1.85852 1.77141 1.74583 1.67497 1.69034 1.61621 1.59994 1.57881 1.50614 1.47423 1.44212 1.38314 1.37444 1.3388 1.30651 1.27084 1.2273 1.20573 1.18143 1.1533 1.13192 1.10694 1.0827 1.06812 1.05394 1.03986 1.02528 1.02653 1.01028 1.00493 0.999335 1.00065 1 1.00314 1.00939 1.01288 1.02281 1.03698 1.06012 1.07058 1.09358 1.10171 1.14281 1.15804 1.16326 1.19866 1.2287 1.29726 1.30788 1.32726 1.3601 1.43654 1.42703 1.47816 1.54123 1.58716 1.63939 1.65956 1.68911 1.73593 1.80969 1.83914 1.8584 1.9507 1.93721 2.02675 2.10239 2.08252 2.17304 2.23353 2.2766 2.30794 2.37535 2.50369 2.45264 2.54526 2.67674 2.67684 2.64436 2.83239 2.80991 2.86197 2.94083 
2.72315 2.68017 2.58173 2.60404 2.47435 2.46691 2.39678 2.39944 2.31192 2.247 2.18505 2.19113 2.07778 2.0688 2.0272 2.0016 2.00027 1.86299 1.84669 1.83135 1.75638 1.65413 1.66716 1.60969 1.59246 1.55329 1.51017 1.47808 1.45192 1.3905 1.34557 1.31598 1.29742 1.2783 1.22842 1.18843 1.18002 1.15416 1.1277 1.11265 1.07806 1.06554 1.05702 1.04951 1.02855 1.02159 1.01033 1.00499 1.00107 0.998517 1 1.00427 1.01079 1.01554 1.02644 1.04246 1.05124 1.06454 1.09154 1.1092 1.13559 1.15445 1.1865 1.20362 1.22945 1.26928 1.28922 1.3653 1.41164 1.4162 1.49028 1.49565 1.54548 1.55432 1.6033 1.64054 1.69068 1.72214 1.79232 1.82721 1.91118 1.95966 1.94836 2.01291 2.12402 2.17032 2.1882 2.23698 2.31764 2.30767 2.41585 2.43606 2.47856 2.57171 2.61559 2.62147 2.74196 2.80554 2.83211 2.82869 2.95374 
2.71818 2.69248 2.58466 2.56191 2.51536 2.41787 2.37897 2.38652 2.28446 2.2994 2.20316 2.17049 2.09886 2.0881 2.0584 1.98406 1.93857 1.86439 1.85223 1.82721 1.76842 1.68196 1.65379 1.64718 1.59256 1.56681 1.50236 1.47279 1.40757 1.4178 1.35053 1.32117 1.30986 1.2674 1.23931 1.21211 1.18672 1.17002 1.13094 1.1108 1.08805 1.06757 1.06646 1.04399 1.0191 1.01581 1.01022 1.00167 0.999751 0.998108 1 1.00447 1.00987 1.0202 1.0244 1.04084 1.04985 1.0727 1.08508 1.11579 1.13864 1.15444 1.18812 1.23768 1.23464 1.28159 1.3109 1.34983 1.36203 1.42664 1.42285 1.50517 1.53663 1.54347 1.65388 1.62263 1.71121 1.7443 1.81126 1.86851 1.89944 1.90565 1.97544 2.02821 1.99433 2.13042 2.21689 2.24736 2.30259 2.37095 2.37039 2.43623 2.49945 2.6195 2.69433 2.73063 2.72661 2.74778 2.86026 2.86984 2.95002 
2.74694 2.65768 2.62546 2.55691 2.43133 2.48432 2.3745 2.34312 2.30041 2.22607 2.20154 2.20761 2.10018 2.09506 2.01174 1.9506 1.8771 1.88132 1.83397 1.81947 1.74048 1.72077 1.65347 1.60456 1.59036 1.5851 1.46809 1.43276 1.39724 1.40192 1.362 1.34742 1.29879 1.28604 1.22394 1.20582 1.17788 1.15098 1.11645 1.10459 1.08361 1.07451 1.04358 1.0462 1.03495 1.02103 1.00407 0.999773 0.998008 0.99884 1 1.00435 1.00866 1.02006 1.02849 1.03584 1.06157 1.07221 1.0763 1.10988 1.13421 1.15185 1.20602 1.19671 1.23806 1.25752 1.29866 1.33617 1.37816 1.43229 1.45606 1.47919 1.57504 1.54954 1.62133 1.64559 1.68725 1.75885 1.75969 1.8113 1.89704 1.96559 2.00996 2.05176 2.08886 2.19287 2.10429 2.30359 2.2772 2.2775 2.45337 2.49419 2.55934 2.4583 2.59443 2.69334 2.64486 2.83453 2.89696 2.89542 2.98623 
2.65287 2.59805 2.56049 2.58905 2.54272 2.42619 2.4391 2.34318 2.3234 2.28369 2.19817 2.16435 2.13294 2.05514 2.04196 2.0046 1.88516 1.85576 1.85078 1.7913 1.7217 1.69747 1.63177 1.60097 1.57079 1.57492 1.51782 1.46166 1.43617 1.38466 1.37981 1.31416 1.25339 1.2647 1.2196 1.19417 1.19072 1.14271 1.13508 1.10654 1.07626 1.06853 1.04928 1.03377 1.01929 1.01783 1.00781 1.00651 1.00137 0.999627 1 1.00444 1.00837 1.0219 1.02208 1.04135 1.05076 1.07418 1.09384 1.10975 1.15548 1.14366 1.19592 1.22581 1.25215 1.31031 1.32191 1.32653 1.3971 1.40839 1.43014 1.4768 1.54186 1.55566 1.5154 1.71121 1.67235 1.78569 1.8292 1.84464 1.85598 1.96375 2.03053 2.05773 2.08224 2.14281 2.19605 2.24948 2.31813 2.38166 2.44399 2.53208 2.46265 2.62683 2.6215 2.64754 2.74983 2.77356 2.86308 2.88739 2.93152 
2.71399 2.63004 2.53901 2.51375 2.57912 2.4866 2.42175 2.36197 2.27189 2.2967 2.17534 2.19009 2.11216 2.08318 2.0072 1.98397 1.91842 1.89871 1.88961 1.77465 1.72123 1.70771 1.70748 1.63262 1.55997 1.52092 1.5107 1.47177 1.42278 1.40622 1.37358 1.34341 1.30014 1.26568 1.24324 1.20496 1.17047 1.16306 1.13084 1.10571 1.07754 1.06449 1.05156 1.03537 1.02508 1.01606 1.00628 1.00229 1.00187 0.996725 1 1.00197 1.01179 1.02123 1.02603 1.0436 1.05953 1.07035 1.09464 1.11732 1.13601 1.16513 1.18426 1.20302 1.23309 1.30681 1.32545 1.36119 1.3745 1.44733 1.46161 1.52064 1.51669 1.59483 1.62706 1.67908 1.72121 1.78475 1.80625 1.80752 1.85468 1.94601 1.9663 2.03241 2.0432 2.1193 2.16264 2.2523 2.30265 2.26955 2.46005 2.44187 2.56145 2.51001 2.69519 2.67511 2.77115 2.83428 2.91967 2.8566 2.89964 
2.71397 2.6673 2.57285 2.54721 2.52852 2.47971 2.43939 2.34439 2.38217 2.27221 2.1953 2.1447 2.06982 2.05529 2.03766 1.95229 1.94865 1.90323 1.83628 1.7946 1.7847 1.7229 1.65728 1.60893 1.58344 1.52664 1.51064 1.4648 1.41721 1.39797 1.36022 1.31969 1.30788 1.26817 1.22186 1.2158 1.18945 1.15935 1.11722 1.10409 1.07901 1.07569 1.0514 1.02825 1.02956 1.01096 1.01154 1.00555 0.998158 1.00011 1 1.00349 1.01145 1.01692 1.02675 1.04345 1.05612 1.0606 1.09125 1.12857 1.14068 1.16597 1.18583 1.25281 1.26839 1.29114 1.31121 1.35748 1.38076 1.40048 1.4603 1.49693 1.55636 1.5539 1.63704 1.6555 1.68076 1.76162 1.75876 1.91978 1.86425 1.89811 1.97653 2.02611 2.09233 2.16298 2.27181 2.22644 2.28599 2.41672 2.4393 2.45396 2.53945 2.57264 2.67844 2.78508 2.76916 2.76435 2.81306 2.95515 2.9844 
2.71736 2.66181 2.62952 2.60036 2.51537 2.4657 2.41238 2.35231 2.2756 2.27228 2.20606 2.14854 2.09501 2.08737 1.97314 1.98424 1.88976 1.84788 1.83485 1.78028 1.73282 1.72305 1.65463 1.65844 1.60478 1.52022 1.52459 1.46561 1.43473 1.36675 1.37764 1.32732 1.29306 1.25582 1.20738 1.19874 1.17412 1.14119 1.13286 1.10299 1.08291 1.05772 1.05451 1.03582 1.03127 1.01746 1.01348 1.00236 0.999226 0.997829 1 1.00341 1.00773 1.01364 1.02821 1.04522 1.05107 1.0662 1.09134 1.11048 1.14152 1.14697 1.20195 1.21057 1.22549 1.27334 1.32546 1.37226 1.39174 1.43572 1.48313 1.4757 1.53056 1.60564 1.64386 1.71107 1.6935 1.79062 1.82884 1.8361 1.95393 1.93454 1.98273 1.96381 2.09905 2.20144 2.21302 2.2996 2.32444 2.35674 2.41408 2.46833 2.59046 2.51704 2.66629 2.64605 2.66568 2.83128 2.90429 2.81394 2.94933 
2.6947 2.63031 2.57743 2.58404 2.41347 2.39716 2.40556 2.36745 2.28561 2.25487 2.21365 2.15234 2.14937 2.02491 2.01943 1.96504 1.96898 1.85019 1.8547 1.79134 1.73576 1.68833 1.63527 1.6485 1.59256 1.56704 1.48731 1.44448 1.42254 1.3896 1.36123 1.33733 1.28217 1.26815 1.23444 1.19722 1.19224 1.151 1.11378 1.07592 1.09985 1.05768 1.04929 1.03279 1.0251 1.01747 1.00768 1.00035 0.999448 0.998383 1 1.00474 1.01252 1.01739 1.03251 1.04576 1.0592 1.07276 1.08744 1.11279 1.1531 1.16501 1.16256 1.19901 1.25412 1.28323 1.2982 1.3301 1.39748 1.42347 1.50053 1.49454 1.52667 1.59283 1.64578 1.65324 1.68868 1.7575 1.84662 1.88756 1.91043 1.99012 1.98944 2.01864 2.09048 2.15062 2.20873 2.23515 2.28006 2.29575 2.34726 2.45414 2.63214 2.67546 2.60979 2.73412 2.77387 2.74829 2.9043 2.88677 2.98416 
2.68713 2.65332 2.58977 2.57956 2.54273 2.45623 2.40474 2.4017 2.30727 2.25518 2.19604 2.18049 2.16189 2.08964 1.99419 1.99018 1.90403 1.85578 1.83455 1.83332 1.76663 1.70699 1.69391 1.64858 1.58708 1.56051 1.51868 1.4616 1.42562 1.39595 1.3758 1.31636 1.3004 1.26325 1.20965 1.19231 1.16841 1.15397 1.13103 1.10023 1.09143 1.05829 1.04906 1.03216 1.02503 1.01878 1.01341 0.999836 0.999776 0.997557 1 1.00471 1.01038 1.01596 1.03087 1.04293 1.0621 1.06397 1.09139 1.12444 1.12134 1.17242 1.18008 1.20071 1.25902 1.29324 1.30133 1.34503 1.38397 1.41096 1.4508 1.49987 1.52384 1.54389 1.55665 1.65115 1.70989 1.73169 1.77814 1.86848 1.91386 1.98937 1.98685 2.04175 2.08807 2.16436 2.18811 2.21994 2.28133 2.37651 2.4045 2.4672 2.49906 2.42039 2.62291 2.65134 2.66988 2.76304 2.84738 2.85525 3.06631 
2.60679 2.63579 2.62573 2.5206 2.4483 2.47419 2.38524 2.33793 2.27873 2.26197 2.1859 2.14713 2.1358 2.04832 1.97363 1.97613 1.88892 1.86195 1.80805 1.81833 1.75484 1.67599 1.70635 1.59301 1.57515 1.52609 1.47681 1.427 1.43405 1.40939 1.34465 1.32612 1.28309 1.25725 1.22418 1.19432 1.17759 1.14245 1.11588 1.09989 1.07687 1.05595 1.04003 1.03566 1.02085 1.00893 1.01038 1.00006 0.996996 0.996531 1 1.00293 1.00676 1.01835 1.03033 1.03576 1.06282 1.07385 1.07599 1.11509 1.14286 1.14894 1.17926 1.23012 1.25554 1.2726 1.30584 1.35724 1.37059 1.40865 1.47592 1.50076 1.52699 1.61926 1.62589 1.68832 1.72069 1.7677 1.80699 1.85074 1.87385 1.98699 2.03857 2.05661 2.05488 2.15308 2.20105 2.17771 2.3763 2.34811 2.3661 2.42883 2.57188 2.51312 2.66698 2.62305 2.69428 2.81092 2.89846 2.86792 2.95376 
2.72297 2.69307 2.62735 2.50614 2.53777 2.42768 2.43267 2.31022 2.35213 2.21814 2.1753 2.17588 2.0891 2.03517 1.96585 1.96052 1.92947 1.85647 1.82773 1.80003 1.75466 1.65107 1.69473 1.59772 1.56252 1.52795 1.4964 1.46863 1.41685 1.40433 1.36228 1.3119 1.29169 1.25569 1.24087 1.19788 1.17194 1.14724 1.13642 1.1092 1.10503 1.05564 1.04914 1.04021 1.02716 1.01356 1.00789 1.00134 0.998644 0.998522 1 1.00411 1.00781 1.01761 1.02561 1.04103 1.0521 1.07963 1.09776 1.10059 1.14372 1.20165 1.1808 1.22186 1.25228 1.25722 1.31729 1.35071 1.3539 1.45732 1.46159 1.49861 1.55497 1.5297 1.63458 1.67614 1.67911 1.69781 1.88408 1.85062 1.94893 1.92963 1.99184 2.01178 2.14064 2.17655 2.17552 2.29617 2.30136 2.42626 2.41818 2.45539 2.49904 2.59804 2.66442 2.74813 2.7011 2.76507 2.67755 2.91547 3.05516 
2.68635 2.65359 2.59296 2.5606 2.49086 2.4987 2.41257 2.33045 2.25415 2.26683 2.15619 2.13665 2.12577 2.06163 2.00855 1.93965 1.91617 1.87447 1.80784 1.78284 1.70488 1.69863 1.67301 1.59057 1.54779 1.52346 1.49527 1.47414 1.43396 1.39349 1.39067 1.31891 1.30205 1.24726 1.21707 1.20895 1.16737 1.1542 1.11412 1.10867 1.08115 1.06273 1.04212 1.03561 1.0248 1.00997 1.01084 0.999133 0.999972 0.998844 1 1.00353 1.0109 1.02362 1.02959 1.04867 1.06045 1.05919 1.1012 1.10609 1.14226 1.17412 1.18388 1.25268 1.22996 1.26929 1.34696 1.34384 1.42114 1.4548 1.45593 1.47504 1.5467 1.59372 1.64213 1.69585 1.68628 1.77585 1.80731 1.79691 1.95286 1.95622 1.98061 1.98388 2.11495 2.19863 2.25205 2.23124 2.34182 2.3894 2.33335 2.44869 2.56158 2.59687 2.63222 2.74585 2.70342 2.816 2.85116 2.9704 2.98408 
2.63168 2.61281 2.55701 2.6359 2.46508 2.46382 2.37288 2.30571 2.30718 2.24501 2.16044 2.17011 2.12987 2.1139 2.01044 1.98367 1.88359 1.89856 1.83372 1.84655 1.75577 1.68084 1.67813 1.6177 1.56058 1.55334 1.52201 1.45028 1.40139 1.39194 1.35215 1.30501 1.2876 1.24479 1.22388 1.17785 1.16919 1.14687 1.11151 1.08607 1.06212 1.05397 1.04493 1.02783 1.02012 1.01362 1.00574 1.00435 0.999172 0.997404 1 1.00418 1.01315 1.02149 1.03808 1.04466 1.0636 1.07809 1.10463 1.11932 1.12983 1.17817 1.21734 1.24814 1.27659 1.29247 1.31623 1.33688 1.38174 1.441 1.42809 1.51872 1.51777 1.61507 1.65483 1.64568 1.72588 1.78853 1.8171 1.86957 1.92528 1.94982 2.00942 2.14381 2.12254 2.17026 2.20721 2.20165 2.29058 2.37119 2.37907 2.44836 2.51286 2.58002 2.71419 2.72883 2.72687 2.84151 2.81373 2.82075 2.95275 
2.67544 2.70812 2.63646 2.47401 2.43027 2.42671 2.38938 2.43443 2.24367 2.22332 2.19147 2.17844 2.10022 2.05434 2.02807 1.96862 1.90862 1.87074 1.84391 1.77736 1.70915 1.68658 1.68898 1.63108 1.55806 1.51775 1.5299 1.46868 1.38451 1.42724 1.32339 1.32075 1.27134 1.24587 1.22065 1.20205 1.18335 1.12609 1.12723 1.10169 1.07275 1.06092 1.04584 1.03626 1.02684 1.00617 1.00822 1.00273 0.999607 0.998873 1 1.00417 1.01151 1.01471 1.0237 1.04591 1.06395 1.07879 1.07449 1.10662 1.13905 1.17201 1.19312 1.21143 1.27297 1.29213 1.33643 1.34241 1.37755 1.40721 1.4462 1.49116 1.55084 1.55736 1.68236 1.65305 1.72525 1.82015 1.82715 1.9128 1.92946 1.93282 2.04452 2.1198 2.16391 2.20831 2.19281 2.31292 2.27549 2.36595 2.41735 2.43662 2.42466 2.58485 2.57878 2.72395 2.78837 2.90091 2.76709 2.91756 2.92229 
2.72712 2.60377 2.58815 2.52536 2.55562 2.47774 2.36437 2.36079 2.27357 2.23141 2.18998 2.10462 2.06704 2.06458 1.9859 1.90263 1.95342 1.85937 1.82239 1.80374 1.75514 1.70476 1.64384 1.66444 1.59485 1.55539 1.46238 1.44517 1.41855 1.39136 1.3485 1.30321 1.27084 1.26668 1.23826 1.21745 1.17298 1.14171 1.11284 1.1091 1.10056 1.06684 1.04248 1.03219 1.02165 1.00623 1.0053 1.00053 0.997659 0.997581 1 1.00403 1.01102 1.01858 1.03094 1.04778 1.06454 1.07822 1.091 1.11737 1.13555 1.16344 1.18173 1.22373 1.24792 1.28173 1.31477 1.3744 1.37105 1.43239 1.48287 1.5317 1.5153 1.5787 1.63003 1.67931 1.68894 1.74833 1.79372 1.90364 1.9522 1.92246 2.0014 2.0695 2.0851 2.19753 2.24322 2.25245 2.27635 2.44553 2.46525 2.45621 2.56727 2.54566 2.6734 2.73667 2.68782 2.7807 2.86636 2.87079 3.02099 
2.69833 2.68945 2.60022 2.4948 2.54272 2.45507 2.37931 2.39617 2.30212 2.22347 2.25303 2.12415 2.10408 2.0381 1.97805 1.94831 1.90109 1.89392 1.83777 1.79089 1.74006 1.69458 1.63694 1.63827 1.59805 1.50801 1.45737 1.46515 1.4238 1.38611 1.38871 1.31424 1.28497 1.2574 1.20752 1.20432 1.1672 1.14785 1.11544 1.11316 1.07305 1.04996 1.04123 1.03698 1.02937 1.00152 1.00293 1.00197 0.998267 0.997411 1 1.00285 1.00687 1.01909 1.03283 1.04508 1.06528 1.07046 1.11338 1.10854 1.12585 1.15788 1.19102 1.22825 1.25122 1.29802 1.36676 1.3653 1.37516 1.43035 1.48604 1.47455 1.57634 1.58048 1.59634 1.71654 1.70017 1.79054 1.81036 1.84642 1.83311 1.95303 2.02279 2.02308 2.11485 2.1426 2.18213 2.20484 2.35014 2.40394 2.38734 2.46935 2.5619 2.60218 2.64677 2.7197 2.66661 2.76622 2.88693 3.02072 3.01924 
2.66345 2.60351 2.58895 2.56953 2.42147 2.37086 2.37894 2.33708 2.22828 2.17427 2.2151 2.16571 2.13974 2.03869 2.04531 1.94496 1.9054 1.8737 1.85437 1.82418 1.73623 1.6952 1.66275 1.63152 1.51086 1.50776 1.47514 1.45234 1.41763 1.3838 1.35759 1.30431 1.27564 1.27543 1.22899 1.20674 1.17805 1.14551 1.1199 1.07934 1.09148 1.0621 1.04589 1.02685 1.01562 1.01992 1.00878 1.00172 0.99865 0.998983 1 1.00324 1.01037 1.01404 1.02959 1.04793 1.05407 1.07821 1.09666 1.14053 1.13905 1.15073 1.20756 1.22097 1.2216 1.26828 1.33926 1.33011 1.40528 1.4324 1.41882 1.54147 1.56263 1.61681 1.66466 1.69765 1.72039 1.77858 1.83213 1.86723 1.89831 1.96903 2.05027 2.08136 2.1046 2.14353 2.14859 2.31962 2.30211 2.39144 2.43709 2.49894 2.56405 2.54019 2.64807 2.75097 2.77246 2.87489 2.84798 2.93234 3.03863 
2.7313 2.65577 2.58064 2.53453 2.47821 2.39542 2.37028 2.34115 2.22857 2.28129 2.14183 2.15234 2.08318 2.08962 2.02415 1.92202 1.89393 1.87445 1.82648 1.76954 1.76264 1.71744 1.61674 1.59082 1.58078 1.5557 1.49968 1.47265 1.41027 1.35341 1.34762 1.3079 1.32907 1.26491 1.20093 1.19265 1.16645 1.12174 1.12748 1.10612 1.07772 1.04929 1.04359 1.0301 1.02748 1.01572 1.00929 0.999332 0.995769 0.997772 1 1.00353 1.01252 1.02002 1.03448 1.05046 1.07238 1.07727 1.1028 1.11477 1.11513 1.18557 1.18666 1.22292 1.27602 1.28204 1.34622 1.41071 1.3709 1.46171 1.47905 1.4722 1.54284 1.59375 1.66153 1.68056 1.7148 1.77258 1.9212 1.87947 1.92717 1.95262 2.09859 2.08014 2.13545 2.16303 2.21767 2.36967 2.37264 2.33102 2.47994 2.42499 2.48318 2.60681 2.69547 2.67219 2.75986 2.8944 2.90466 2.90263 3.0121 
2.61565 2.66074 2.55083 2.48742 2.4581 2.40725 2.32778 2.30291 2.28111 2.18909 2.18484 2.13536 2.05401 2.04115 2.02407 1.9477 1.93466 1.87761 1.85484 1.78824 1.72519 1.73224 1.67407 1.63722 1.60051 1.51755 1.4721 1.50573 1.40909 1.37873 1.33474 1.30802 1.28869 1.24545 1.22942 1.17226 1.1695 1.13508 1.13748 1.09611 1.06686 1.05854 1.0449 1.0364 1.02309 1.01345 1.00379 1.00023 0.998225 0.998066 1 1.00295 1.00954 1.01628 1.02676 1.04365 1.05316 1.07735 1.09664 1.11642 1.1319 1.13781 1.21459 1.23052 1.25227 1.28781 1.34225 1.37139 1.40895 1.38966 1.50739 1.52878 1.51753 1.63217 1.63832 1.66322 1.70458 1.79001 1.76428 1.84966 1.91741 1.90872 2.08106 2.04805 2.05304 2.11549 2.32255 2.30718 2.31207 2.51998 2.46625 2.58234 2.57481 2.55017 2.68489 2.73565 2.80125 2.80531 2.94474 2.94619 3.01838 
2.67439 2.59361 2.62172 2.51481 2.47899 2.4583 2.38572 2.28335 2.31803 2.19393 2.19309 2.14692 2.1335 2.07789 2.03066 1.96175 1.92466 1.83405 1.86336 1.79262 1.70639 1.72468 1.65272 1.57039 1.57426 1.5329 1.47537 1.4359 1.43363 1.37441 1.35462 1.32724 1.28581 1.23976 1.23678 1.18475 1.15255 1.14438 1.11624 1.10655 1.07711 1.07662 1.04987 1.04103 1.02891 1.01143 1.01534 1.00502 0.996907 0.998207 1 1.00479 1.01098 1.01866 1.02892 1.04434 1.06305 1.08133 1.09079 1.10867 1.13734 1.17398 1.2049 1.23179 1.27079 1.29088 1.32604 1.39418 1.40581 1.4195 1.42265 1.53474 1.55677 1.61429 1.66261 1.71529 1.72811 1.7753 1.84697 1.91523 1.91114 1.98582 1.94881 2.04829 2.06947 2.20513 2.22094 2.28574 2.33334 2.35745 2.44231 2.46892 2.60644 2.6176 2.73146 2.72645 2.73688 2.70573 2.95272 2.84863 2.97546 
2.61121 2.66047 2.55379 2.56244 2.45453 2.42248 2.27407 2.37565 2.30722 2.25249 2.21968 2.12606 2.11084 2.04742 2.03738 1.9149 1.8974 1.85721 1.81683 1.80371 1.71323 1.70874 1.67146 1.58645 1.57164 1.53447 1.50149 1.43787 1.39207 1.35783 1.35386 1.33956 1.29173 1.27347 1.22151 1.20395 1.1654 1.14201 1.12623 1.09097 1.08324 1.03328 1.04631 1.0322 1.03016 1.00824 1.00736 1.00327 0.996309 0.997453 1 1.00354 1.01328 1.02332 1.03792 1.05457 1.06022 1.07666 1.10375 1.11529 1.14708 1.1755 1.17582 1.25557 1.27363 1.29771 1.3053 1.318 1.39973 1.43343 1.47117 1.50068 1.57894 1.62696 1.61453 1.67769 1.72865 1.7477 1.83248 1.77974 1.97958 1.9233 2.05789 2.11097 2.11794 2.23834 2.15478 2.29816 2.30718 2.45904 2.44934 2.50546 2.48684 2.5154 2.6911 2.6684 2.75257 2.87689 2.85584 3.09354 2.98878 
2.67349 2.60594 2.56801 2.53428 2.53681 2.44693 2.38368 2.39979 2.31123 2.30162 2.14299 2.10241 2.07221 2.05474 1.91792 2.01707 1.90601 1.88808 1.85373 1.79686 1.73058 1.64519 1.67191 1.59587 1.56374 1.51983 1.47762 1.45698 1.39724 1.4135 1.34749 1.31993 1.28316 1.22633 1.22895 1.1994 1.17176 1.13946 1.13364 1.11647 1.07109 1.06456 1.04852 1.03235 1.02824 1.00839 1.00039 1.00175 0.996087 0.997217 1 1.00523 1.01006 1.02716 1.02593 1.04803 1.06536 1.08031 1.08054 1.11617 1.1426 1.16472 1.19133 1.2247 1.25692 1.31437 1.30921 1.33545 1.39474 1.40426 1.43553 1.53603 1.578 1.57099 1.65283 1.68881 1.78887 1.79558 1.78738 1.80682 1.93398 1.99726 2.03731 2.0776 2.11336 2.17792 2.17555 2.22306 2.27222 2.3331 2.43353 2.53764 2.59941 2.5429 2.66373 2.71812 2.76248 2.75438 2.859 2.95952 2.99697 
2.73943 2.53613 2.55644 2.5393 2.47641 2.4224 2.37877 2.30902 2.2747 2.21887 2.14847 2.08809 2.04032 2.0157 1.95281 1.92374 1.93784 1.94371 1.84518 1.7608 1.74615 1.68508 1.61965 1.6242 1.61495 1.5201 1.50923 1.42963 1.42006 1.37578 1.38336 1.32657 1.29185 1.25219 1.22364 1.18641 1.15753 1.13377 1.12636 1.0917 1.07323 1.06676 1.04614 1.03402 1.02475 1.01657 1.00652 0.999224 0.997855 0.99737 1 1.00368 1.0119 1.01558 1.03119 1.04763 1.06415 1.08226 1.09259 1.12413 1.12187 1.16408 1.19347 1.23632 1.26762 1.25329 1.33606 1.33779 1.38403 1.45491 1.42496 1.49901 1.60126 1.54946 1.65533 1.64727 1.73756 1.72707 1.87767 1.81653 1.9807 1.96655 2.00007 2.02606 2.18844 2.13346 2.23304 2.22118 2.29251 2.36935 2.40385 2.49895 2.70802 2.60272 2.62529 2.60479 2.7162 2.91945 2.8861 3.10998 2.96774 
2.66014 2.64949 2.57338 2.56958 2.53113 2.45175 2.32189 2.36172 2.23897 2.228 2.2122 2.10439 2.14084 2.00524 1.95967 1.9161 1.91887 1.86157 1.81498 1.76946 1.70519 1.68368 1.66158 1.63769 1.53767 1.51405 1.43573 1.46982 1.39976 1.3842 1.35019 1.32357 1.27769 1.24504 1.20362 1.19437 1.16362 1.13982 1.13637 1.10706 1.09423 1.06133 1.04866 1.02613 1.01838 1.02202 1.00719 1.00588 0.998704 0.998672 1 1.00511 1.00946 1.01765 1.0292 1.04804 1.05732 1.05439 1.10116 1.1108 1.11178 1.16964 1.1931 1.23853 1.25568 1.2754 1.32734 1.35266 1.39784 1.4141 1.46416 1.53622 1.58675 1.63347 1.60441 1.65866 1.78566 1.84437 1.81371 1.91072 1.91248 1.97595 2.11619 2.01695 2.21499 2.1336 2.29306 2.27644 2.35845 2.38683 2.46563 2.51707 2.47724 2.68562 2.57465 2.74001 2.84289 2.86355 2.96187 2.92106 2.88702 
2.70417 2.58434 2.55084 2.58957 2.47101 2.35722 2.35261 2.31396 2.25099 2.22571 2.24846 2.17719 2.05107 2.05405 2.00155 1.97095 1.92934 1.8279 1.79 1.80688 1.74668 1.66893 1.65509 1.66015 1.54319 1.54203 1.4937 1.49899 1.4168 1.37841 1.33845 1.29509 1.31259 1.26517 1.20258 1.18015 1.1697 1.13546 1.12792 1.11053 1.08105 1.05539 1.05332 1.03301 1.0266 1.01071 1.00434 1.00499 0.996406 0.996519 1 1.00392 1.00736 1.02463 1.02902 1.04061 1.05258 1.07471 1.09571 1.11421 1.13563 1.16162 1.21232 1.21429 1.24969 1.32006 1.30263 1.33827 1.39852 1.44745 1.49682 1.52873 1.53603 1.58541 1.65225 1.67835 1.72832 1.72615 1.87356 1.85435 1.84968 2.04778 2.01427 2.0844 2.08952 2.09828 2.20039 2.19975 2.39897 2.37318 2.4546 2.49005 2.58535 2.63087 2.59075 2.71031 2.78155 2.7802 2.86467 2.96244 2.96469 
2.70285 2.58484 2.58387 2.52666 2.51302 2.44993 2.37609 2.30804 2.25346 2.28111 2.17687 2.11974 2.13249 2.06949 2.04423 1.98249 1.92702 1.86324 1.81932 1.75082 1.70597 1.72074 1.66874 1.61511 1.5581 1.48447 1.4654 1.45997 1.43618 1.38154 1.34127 1.31878 1.29995 1.23553 1.24184 1.19203 1.14343 1.13383 1.11553 1.09084 1.06176 1.05612 1.04827 1.05004 1.02285 1.00646 1.00523 1.00383 0.996818 0.997511 1 1.00441 1.00902 1.02339 1.03431 1.0415 1.05419 1.08574 1.08991 1.12714 1.14165 1.16922 1.19599 1.23977 1.22849 1.29416 1.34879 1.35821 1.42118 1.42258 1.44365 1.5296 1.54315 1.60101 1.65032 1.68533 1.74928 1.83614 1.83852 1.81258 1.95749 1.92095 1.98744 2.09108 2.10849 2.1399 2.18831 2.23927 2.35242 2.40083 2.36462 2.50271 2.52181 2.60018 2.72837 2.63788 2.80643 2.82155 2.90096 2.93034 2.99131 
2.64141 2.59827 2.56292 2.5901 2.44832 2.47849 2.48839 2.37439 2.21125 2.25779 2.1812 2.09452 2.09532 2.02674 1.98688 1.91123 1.89883 1.859 1.80457 1.73288 1.7085 1.64615 1.62955 1.62463 1.5984 1.50459 1.50754 1.41932 1.41053 1.4057 1.34741 1.26825 1.25954 1.23329 1.196 1.21889 1.17417 1.13919 1.10791 1.11925 1.06919 1.06271 1.05481 1.03148 1.02402 1.00288 1.00084 1.00169 0.997231 0.997795 1 1.00644 1.00755 1.02486 1.03659 1.05055 1.05999 1.09375 1.11219 1.11302 1.14396 1.16972 1.17123 1.21839 1.24421 1.27268 1.30105 1.37146 1.37574 1.45344 1.42912 1.52098 1.52722 1.57947 1.63702 1.71512 1.72537 1.73955 1.83721 1.85498 1.93943 1.93696 1.98064 2.02234 2.12646 2.25069 2.21697 2.211 2.38957 2.48718 2.41714 2.50987 2.6093 2.625 2.68542 2.69038 2.84743 2.94984 2.79752 2.89427 2.95871 
