1.3774 1.40462 1.32139 1.37471 1.32889 1.30198 1.30816 1.25157 1.26841 1.23927 1.28261 1.23455 1.23506 1.19148 1.23101 1.2151 1.17298 1.16 1.18979 1.13909 1.14293 1.14558 1.10317 1.10972 1.09118 1.07746 1.07152 1.07243 1.06665 1.05292 1.0541 1.02283 1.02573 1.01351 1.0243 1.0222 1.00022 0.993807 0.996588 0.9872 0.984712 0.985219 0.979073 0.981184 0.984204 0.983446 0.986364 0.986199 0.989471 0.994484 1 1.00599 1.01227 1.02225 1.03078 1.03947 1.0524 1.06412 1.07421 1.09068 1.09824 1.11253 1.13792 1.15483 1.15845 1.18094 1.20312 1.21963 1.2355 1.26189 1.26127 1.30516 1.30669 1.32059 1.36761 1.38642 1.40239 1.41231 1.42691 1.46397 1.47025 1.50857 1.52636 1.56553 1.57292 1.59287 1.60787 1.64943 1.68725 1.69274 1.70538 1.74631 1.79745 1.80019 1.80666 1.8006 1.83527 1.93207 1.93516 1.94172 1.92062 
1.37253 1.32645 1.33048 1.27522 1.38393 1.30707 1.26365 1.37275 1.26227 1.28402 1.23717 1.24256 1.21796 1.19105 1.22528 1.20847 1.16609 1.13137 1.14671 1.17568 1.14719 1.13949 1.1344 1.09617 1.12076 1.08216 1.09758 1.08166 1.05913 1.05346 1.03608 1.0395 1.01877 1.01575 1.01305 1.00172 1.00593 0.995858 0.996659 0.9839 0.982003 0.985688 0.990187 0.97958 0.978793 0.984702 0.98491 0.98687 0.991016 0.994151 1 1.00555 1.01254 1.02166 1.03042 1.04037 1.05279 1.06257 1.07569 1.09133 1.10482 1.11374 1.13566 1.14754 1.17625 1.18571 1.19698 1.2249 1.23412 1.26448 1.2868 1.28904 1.324 1.33724 1.35415 1.37216 1.39265 1.4207 1.43071 1.45277 1.47939 1.50578 1.52469 1.54044 1.56014 1.63399 1.64244 1.66315 1.64977 1.67781 1.69846 1.73789 1.76501 1.80811 1.84544 1.79664 1.84717 1.86387 1.87444 1.93779 1.94831 
1.4107 1.29578 1.38281 1.37134 1.35992 1.33801 1.31486 1.28259 1.27545 1.23455 1.26569 1.23831 1.22983 1.21023 1.211 1.17494 1.14663 1.19167 1.18526 1.16909 1.11225 1.17105 1.10807 1.10484 1.0861 1.0911 1.05775 1.06102 1.05813 1.04248 1.05496 1.03903 1.04383 1.02521 1.02172 1.01639 0.997948 1.00016 0.995524 0.997153 0.987301 0.986361 0.98048 0.982975 0.985258 0.98175 0.982506 0.987838 0.992292 0.994079 1 1.0058 1.01313 1.0205 1.03103 1.03857 1.0501 1.05997 1.07473 1.087 1.10223 1.12012 1.1315 1.14265 1.16443 1.18028 1.19374 1.21951 1.22611 1.25187 1.26029 1.29889 1.30358 1.32806 1.35005 1.39123 1.41744 1.45604 1.43876 1.44852 1.48682 1.4895 1.5424 1.54038 1.58542 1.61144 1.61332 1.6371 1.67449 1.68813 1.71309 1.76213 1.76853 1.76111 1.78659 1.83053 1.88612 1.88076 1.89815 1.95459 1.96483 
1.37349 1.36099 1.40461 1.37888 1.31813 1.33024 1.32373 1.32355 1.32389 1.23809 1.26874 1.24696 1.26311 1.25179 1.18562 1.208 1.19941 1.17591 1.18854 1.16933 1.12451 1.16631 1.13575 1.11148 1.11469 1.08979 1.08588 1.07225 1.07804 1.07685 1.04708 1.04099 1.04811 1.02038 1.01913 1.02048 1.00179 1.00195 0.989101 0.986894 0.988349 0.979494 0.981738 0.981152 0.979988 0.982313 0.983138 0.985405 0.990128 0.993848 1 1.00667 1.01223 1.02171 1.02938 1.04165 1.04992 1.06759 1.07693 1.08468 1.10262 1.11993 1.13432 1.15088 1.16736 1.18237 1.19268 1.21706 1.23561 1.25811 1.27647 1.29467 1.29603 1.33506 1.36536 1.36313 1.38911 1.43567 1.4651 1.48231 1.47882 1.49209 1.52401 1.57864 1.577 1.61533 1.6499 1.63508 1.65726 1.73629 1.70623 1.76452 1.7822 1.79839 1.82583 1.8637 1.87215 1.89548 1.91643 1.93162 1.90729 
1.37241 1.39064 1.33643 1.39038 1.37016 1.35319 1.32528 1.25817 1.31397 1.30454 1.29137 1.21809 1.21912 1.23765 1.20151 1.21929 1.18058 1.19657 1.17031 1.13067 1.1422 1.12975 1.11661 1.11392 1.09481 1.08651 1.07328 1.09142 1.07537 1.08424 1.05006 1.04472 1.04078 1.03694 1.03059 1.00643 1.00979 0.997955 0.99256 0.989422 0.987201 0.994433 0.988773 0.982729 0.979216 0.982176 0.987154 0.988214 0.989255 0.994548 1 1.00627 1.01347 1.02056 1.02913 1.03775 1.0479 1.06175 1.0755 1.09129 1.10255 1.11851 1.13915 1.15595 1.1666 1.17747 1.20624 1.21839 1.24399 1.25827 1.28436 1.3094 1.33345 1.32572 1.36945 1.39596 1.41721 1.42413 1.43832 1.47021 1.48849 1.49869 1.52912 1.53466 1.57518 1.59152 1.64039 1.66342 1.66946 1.73114 1.71774 1.78279 1.77585 1.78899 1.80761 1.83679 1.87287 1.84083 1.91424 1.89945 1.94126 
1.41634 1.36989 1.32748 1.36228 1.34264 1.33205 1.33203 1.33285 1.31769 1.28871 1.2795 1.30031 1.22574 1.24031 1.19915 1.21114 1.19235 1.18563 1.17789 1.15282 1.171 1.14734 1.12799 1.13085 1.10406 1.10541 1.08815 1.06309 1.06136 1.07457 1.06174 1.03225 1.03232 1.01795 1.01306 1.01179 1.01736 0.988392 0.997321 0.995904 0.981189 0.987281 0.987964 0.98497 0.988041 0.983732 0.98358 0.989149 0.991251 0.995184 1 1.00621 1.01267 1.02027 1.03142 1.03899 1.05219 1.05863 1.07669 1.09097 1.10085 1.12052 1.13552 1.14667 1.16089 1.17923 1.19837 1.20518 1.23943 1.24534 1.2924 1.30997 1.31044 1.33271 1.35178 1.37762 1.39693 1.44957 1.45003 1.48018 1.49836 1.54339 1.52627 1.56517 1.57259 1.57814 1.6263 1.65457 1.68657 1.73285 1.67628 1.70457 1.76622 1.79987 1.78832 1.82061 1.89831 1.86228 1.87919 1.95242 1.92587 
1.43027 1.36658 1.38703 1.35363 1.37189 1.35783 1.28443 1.28947 1.28459 1.2913 1.25454 1.30541 1.28829 1.2407 1.24132 1.22406 1.20024 1.18213 1.1522 1.16298 1.15249 1.14676 1.14698 1.13696 1.10844 1.0986 1.08279 1.06514 1.07071 1.06199 1.05538 1.02497 1.0479 1.04253 1.02167 1.01713 0.993928 1.00312 1.00993 0.998522 0.993344 0.984819 0.978333 0.987096 0.983064 0.984202 0.984014 0.987614 0.989642 0.994878 1 1.00631 1.01309 1.02215 1.03057 1.04011 1.04883 1.06264 1.07682 1.08591 1.10837 1.11561 1.139 1.15499 1.16036 1.17733 1.21338 1.21638 1.24516 1.26442 1.27246 1.29545 1.31649 1.35514 1.35234 1.36571 1.39828 1.4213 1.45501 1.46453 1.50033 1.50789 1.56172 1.53159 1.5859 1.58733 1.63421 1.63499 1.66536 1.69828 1.71629 1.73749 1.75795 1.79648 1.79906 1.84183 1.89652 1.86068 1.90662 1.94239 1.97387 
1.38857 1.42361 1.34798 1.38705 1.35512 1.39165 1.35379 1.31344 1.33773 1.30341 1.25323 1.29057 1.25692 1.27359 1.24968 1.21211 1.21158 1.22812 1.18647 1.15896 1.18832 1.16556 1.13302 1.12662 1.12848 1.0803 1.10564 1.08205 1.06709 1.06525 1.03648 1.05168 1.02632 1.02952 1.03622 1.02407 1.00734 1.00207 0.999481 0.99818 0.98424 0.986769 0.985806 0.98412 0.982377 0.982338 0.987916 0.988172 0.992262 0.995019 1 1.00638 1.01415 1.02075 1.02882 1.03999 1.05205 1.06487 1.06787 1.08247 1.10232 1.11732 1.13458 1.14785 1.16536 1.18231 1.21734 1.21939 1.23962 1.25849 1.27574 1.29453 1.32858 1.34182 1.35412 1.37186 1.40635 1.43181 1.44926 1.46543 1.48973 1.51641 1.53776 1.54426 1.56883 1.62377 1.66229 1.66582 1.69662 1.72672 1.72753 1.74148 1.74428 1.80578 1.85651 1.81648 1.85559 1.86948 1.88787 1.93313 1.97524 
1.42893 1.37824 1.41317 1.33023 1.38951 1.35665 1.32267 1.30902 1.32142 1.33934 1.30754 1.30209 1.28164 1.24215 1.21363 1.22177 1.19806 1.23479 1.17195 1.16545 1.15387 1.13649 1.12814 1.12042 1.10192 1.1052 1.11448 1.08454 1.07438 1.08453 1.05149 1.03894 1.02557 1.03284 1.04011 1.00951 1.00925 1.00799 1.00366 0.995245 0.98923 0.987563 0.986701 0.981535 0.983149 0.981973 0.988465 0.987592 0.991252 0.994881 1 1.00639 1.01374 1.02109 1.03138 1.03953 1.04955 1.05919 1.07589 1.08848 1.10226 1.12093 1.1321 1.15086 1.16828 1.1858 1.20209 1.21723 1.23708 1.2645 1.28655 1.31506 1.31262 1.34019 1.36235 1.38848 1.4077 1.42919 1.43693 1.47855 1.50535 1.51276 1.52318 1.54589 1.59249 1.6041 1.61966 1.65141 1.69742 1.72878 1.74723 1.74539 1.75572 1.811 1.85368 1.8345 1.88005 1.90386 1.9187 1.91866 1.97658 
1.44371 1.38589 1.36616 1.39883 1.31884 1.38009 1.35777 1.33701 1.34081 1.31853 1.26352 1.29559 1.25585 1.25256 1.27713 1.21047 1.21525 1.19281 1.14912 1.17927 1.18369 1.16335 1.15178 1.13472 1.12333 1.09371 1.11036 1.09626 1.08603 1.05206 1.04889 1.06036 1.04123 1.03844 1.03138 1.0186 1.02152 1.00679 0.993873 0.993765 0.983259 0.985875 0.983466 0.989523 0.985745 0.981159 0.982971 0.988586 0.991478 0.994746 1 1.0065 1.01351 1.02054 1.03132 1.03949 1.05117 1.06744 1.07391 1.08486 1.10493 1.11914 1.12565 1.15913 1.16262 1.17914 1.20289 1.21763 1.24187 1.26146 1.28014 1.31148 1.31924 1.32982 1.36146 1.38084 1.3928 1.43472 1.4457 1.47427 1.4631 1.52096 1.53046 1.54621 1.59294 1.58322 1.6364 1.64451 1.69797 1.68613 1.73368 1.76098 1.78706 1.77466 1.78188 1.86832 1.84897 1.90534 1.93302 1.96347 1.97172 
1.40892 1.49862 1.40682 1.42397 1.38626 1.33922 1.37316 1.35184 1.3379 1.32311 1.29968 1.28623 1.23191 1.23695 1.22143 1.24689 1.23318 1.22262 1.2108 1.16176 1.1543 1.12797 1.16962 1.1318 1.11037 1.10283 1.09322 1.08071 1.06454 1.08746 1.05254 1.05429 1.04282 1.03457 1.04187 1.01354 1.02739 0.998151 1.00532 0.997171 0.994902 0.991125 0.985606 0.987706 0.983793 0.981225 0.989335 0.988011 0.991916 0.995933 1 1.00596 1.01331 1.01954 1.02961 1.04276 1.0478 1.06195 1.07259 1.09157 1.10135 1.11651 1.13237 1.15333 1.15992 1.17953 1.19958 1.2216 1.23645 1.26077 1.28258 1.30497 1.318 1.36024 1.34745 1.3945 1.41827 1.44593 1.44423 1.5044 1.47738 1.52818 1.543 1.56849 1.60794 1.63329 1.64547 1.63206 1.68485 1.70637 1.71874 1.74092 1.79847 1.80176 1.82541 1.8539 1.85613 1.8842 1.89139 1.9436 1.9789 
1.41939 1.38276 1.39016 1.38398 1.39455 1.35222 1.39548 1.33012 1.31588 1.2894 1.27944 1.31321 1.27715 1.25774 1.2247 1.19566 1.24525 1.218 1.19644 1.19154 1.16516 1.16799 1.14042 1.11376 1.13057 1.10477 1.10907 1.08408 1.09782 1.09223 1.07897 1.0485 1.02163 1.04233 1.04168 1.00877 1.02021 1.01238 1.00789 0.99461 0.990736 0.990675 0.985495 0.985717 0.988334 0.985925 0.985033 0.988478 0.990845 0.994287 1 1.00512 1.01382 1.02048 1.02886 1.042 1.05115 1.05905 1.07406 1.08949 1.09934 1.11354 1.13308 1.14908 1.16751 1.19174 1.18444 1.2204 1.23826 1.25693 1.27887 1.30743 1.31959 1.34463 1.35909 1.3794 1.40355 1.43993 1.44649 1.48393 1.48895 1.53208 1.54981 1.56188 1.58502 1.60262 1.62353 1.6553 1.68893 1.73838 1.74004 1.75212 1.75606 1.80126 1.82084 1.85886 1.82144 1.94242 1.91371 1.92872 1.97343 
1.44851 1.47191 1.40788 1.40245 1.37424 1.36783 1.36096 1.34129 1.32423 1.35712 1.28551 1.34062 1.27335 1.27868 1.267 1.24759 1.22879 1.21171 1.23237 1.15228 1.19571 1.18534 1.1446 1.15563 1.11148 1.12115 1.11657 1.11264 1.08033 1.07344 1.07799 1.05778 1.04209 1.03483 1.02733 1.02924 1.01695 1.00814 1.00661 0.99627 1.00143 0.987383 0.989771 0.9887 0.985868 0.98116 0.98836 0.989532 0.991243 0.995064 1 1.00567 1.01159 1.02002 1.02908 1.04241 1.04501 1.05996 1.07164 1.09069 1.09867 1.11622 1.1344 1.14431 1.16972 1.18149 1.20297 1.22151 1.23714 1.27559 1.27375 1.2979 1.32139 1.34307 1.35999 1.3717 1.39865 1.41675 1.45172 1.47549 1.48011 1.51989 1.53537 1.58089 1.59349 1.61718 1.62536 1.6444 1.695 1.71778 1.71764 1.75155 1.79527 1.8231 1.8183 1.85889 1.92456 1.94425 1.94727 1.96947 1.95832 
1.4437 1.48507 1.46997 1.36805 1.40688 1.39774 1.36389 1.39828 1.36434 1.31976 1.32292 1.28947 1.29541 1.28116 1.21455 1.21274 1.23948 1.22908 1.19575 1.22242 1.18422 1.17545 1.1802 1.1171 1.1427 1.10675 1.1311 1.09415 1.07328 1.06082 1.05129 1.06173 1.04761 1.02614 1.03401 1.02355 1.02179 1.01515 1.00653 1.006 0.988076 0.985217 0.992001 0.984661 0.98843 0.98275 0.986256 0.98817 0.990535 0.995084 1 1.00599 1.01217 1.02157 1.02671 1.03888 1.04891 1.06117 1.07659 1.08639 1.10469 1.10942 1.13014 1.14236 1.16357 1.1867 1.20086 1.21934 1.23682 1.26448 1.27925 1.28866 1.32204 1.34623 1.34719 1.39287 1.40437 1.42721 1.46104 1.48153 1.49932 1.52807 1.55184 1.58464 1.57739 1.6096 1.64657 1.67918 1.69415 1.69463 1.74736 1.74738 1.78915 1.8468 1.84092 1.84422 1.90439 1.89803 1.91611 2.00631 1.98935 
1.43588 1.49061 1.43498 1.43749 1.38101 1.32133 1.43653 1.35442 1.35926 1.33382 1.30045 1.31065 1.30082 1.28195 1.24936 1.23682 1.23052 1.23933 1.18421 1.17647 1.15481 1.14942 1.13013 1.14735 1.15428 1.11262 1.09843 1.10992 1.08821 1.085 1.07718 1.05818 1.0523 1.0482 1.03191 1.02822 1.01533 1.00083 1.00929 0.994372 0.998935 0.99307 0.991085 0.984701 0.983905 0.983543 0.991007 0.988678 0.990703 0.995336 1 1.0058 1.01337 1.02001 1.02964 1.03862 1.04995 1.06078 1.07749 1.09179 1.10235 1.1259 1.13726 1.15098 1.17209 1.18656 1.19906 1.22638 1.24241 1.26162 1.28254 1.29649 1.31417 1.36607 1.3544 1.40111 1.39168 1.41711 1.47659 1.47079 1.50103 1.52582 1.54854 1.5716 1.58569 1.60165 1.66778 1.64078 1.67861 1.70073 1.7336 1.76978 1.80593 1.81124 1.84246 1.8866 1.88483 1.88424 1.95092 1.9483 1.96485 
1.46978 1.48604 1.46348 1.38483 1.43325 1.38327 1.38374 1.36457 1.34046 1.353 1.3374 1.30961 1.30503 1.30306 1.29454 1.24515 1.25586 1.24026 1.18041 1.22156 1.195 1.14244 1.17084 1.1122 1.12873 1.14096 1.10429 1.09993 1.11032 1.07298 1.07836 1.0532 1.05135 1.04145 1.03546 1.02248 1.01661 1.0054 1.01875 1.00245 0.985234 0.992185 0.993238 0.989739 0.982434 0.984186 0.986938 0.989371 0.99043 0.995202 1 1.00615 1.0124 1.0216 1.03029 1.03865 1.05045 1.05997 1.079 1.09172 1.10838 1.11137 1.12662 1.1547 1.16624 1.19231 1.19818 1.22287 1.24216 1.25013 1.29154 1.29562 1.31363 1.34306 1.37282 1.391 1.39675 1.41911 1.47158 1.45858 1.4725 1.53303 1.5261 1.57482 1.58888 1.64569 1.63241 1.68415 1.69509 1.71562 1.75492 1.72697 1.78345 1.80105 1.85141 1.86608 1.90592 1.90958 1.92377 1.99945 2.03355 
1.52017 1.45394 1.42456 1.38381 1.38305 1.36747 1.41167 1.38483 1.37635 1.3461 1.31785 1.33129 1.24839 1.29199 1.29194 1.29315 1.18246 1.23067 1.2099 1.17891 1.21951 1.20454 1.17191 1.13978 1.16128 1.1155 1.11429 1.10622 1.0716 1.08701 1.05732 1.05211 1.06854 1.06587 1.04563 1.0244 1.01982 1.01704 1.02057 1.00513 0.986391 0.991791 0.990394 0.987865 0.982068 0.990111 0.985912 0.988311 0.990598 0.99544 1 1.00549 1.01273 1.02058 1.0293 1.03826 1.04671 1.06335 1.0774 1.08749 1.10324 1.11451 1.14376 1.15465 1.16609 1.18961 1.21453 1.22715 1.23536 1.25809 1.27627 1.30409 1.33478 1.35309 1.36918 1.41821 1.40627 1.44106 1.45339 1.45745 1.50709 1.54075 1.56195 1.55794 1.5862 1.60371 1.66017 1.67407 1.69842 1.73294 1.76729 1.77617 1.81353 1.81719 1.83652 1.86268 1.88797 1.89318 1.94592 1.99524 1.97229 
1.48178 1.49355 1.43912 1.47403 1.45304 1.42084 1.38911 1.39568 1.37579 1.35362 1.38616 1.29578 1.31431 1.29074 1.27137 1.29304 1.27591 1.21938 1.24649 1.22907 1.22509 1.17104 1.20567 1.16974 1.15786 1.12023 1.10937 1.09802 1.09642 1.08779 1.06851 1.05622 1.06623 1.05653 1.0311 1.03166 1.02686 1.02245 1.00478 1.02104 0.998099 0.999883 0.992849 0.988609 0.983645 0.989281 0.988905 0.988964 0.992984 0.995507 1 1.00603 1.01336 1.02068 1.02655 1.03698 1.05158 1.06291 1.07713 1.08423 1.10187 1.11132 1.12522 1.15405 1.16051 1.18089 1.20081 1.21742 1.23784 1.26927 1.27631 1.29006 1.33233 1.34575 1.3605 1.39313 1.40044 1.43128 1.4564 1.46575 1.50691 1.52824 1.55433 1.57972 1.58854 1.6192 1.65187 1.6777 1.69389 1.7149 1.73362 1.78209 1.82787 1.82798 1.85612 1.87827 1.89857 1.89012 1.92763 1.97239 2.01601 
1.52287 1.50107 1.48228 1.47127 1.45334 1.43394 1.45418 1.40567 1.38742 1.37041 1.34168 1.33121 1.32243 1.3017 1.26525 1.2631 1.24915 1.24827 1.2306 1.195 1.21284 1.16959 1.17398 1.14933 1.15805 1.14416 1.12537 1.12259 1.09315 1.09001 1.06443 1.07194 1.05694 1.04105 1.02975 1.02942 1.0304 1.02183 1.01727 1.00327 0.993292 0.993404 0.990322 0.987921 0.991726 0.991638 0.989496 0.989897 0.991252 0.995293 1 1.00608 1.0128 1.02054 1.02929 1.03846 1.052 1.06007 1.06845 1.08635 1.10284 1.12038 1.13355 1.15017 1.16177 1.18046 1.20278 1.22349 1.23565 1.27266 1.2789 1.29751 1.31458 1.34381 1.36887 1.39217 1.40952 1.43975 1.46093 1.48905 1.49999 1.54992 1.57095 1.59843 1.59506 1.62504 1.65172 1.67868 1.67016 1.7211 1.7736 1.76012 1.79456 1.82025 1.871 1.84497 1.86748 1.90921 1.98918 1.95522 2.02368 
1.54346 1.50536 1.49392 1.42172 1.46562 1.4414 1.3816 1.39246 1.36363 1.34189 1.32188 1.3202 1.32788 1.30713 1.29273 1.28711 1.26034 1.24742 1.27496 1.21666 1.1883 1.19707 1.17657 1.19279 1.13521 1.12778 1.11931 1.11492 1.10064 1.09423 1.07677 1.06316 1.05994 1.05681 1.05417 1.03073 1.02925 1.02081 1.00995 1.00142 0.998653 0.995486 0.986635 0.990241 0.989676 0.984803 0.986805 0.990893 0.99177 0.995198 1 1.00568 1.0112 1.02167 1.02622 1.03955 1.04904 1.06175 1.08239 1.08956 1.10292 1.12063 1.13342 1.14588 1.16424 1.18535 1.19668 1.21978 1.25655 1.28608 1.27392 1.31938 1.31864 1.35125 1.36651 1.39481 1.41428 1.43862 1.44845 1.49085 1.51184 1.52263 1.53482 1.59735 1.6042 1.64178 1.67069 1.63631 1.68801 1.75736 1.72952 1.83494 1.76543 1.81513 1.84855 1.90568 1.91062 1.90826 1.94053 2.02335 1.99495 
1.49223 1.44728 1.51473 1.47307 1.45435 1.42965 1.38073 1.42669 1.43265 1.3728 1.36369 1.31604 1.34495 1.30768 1.2923 1.30229 1.25495 1.27395 1.27443 1.23799 1.22839 1.20305 1.17905 1.16915 1.13789 1.14909 1.12984 1.12244 1.10044 1.08627 1.07714 1.03968 1.05948 1.0686 1.0456 1.03478 1.02703 1.01796 1.00853 1.01511 0.994971 1.00148 0.989193 0.99505 0.986613 0.991618 0.988977 0.989754 0.99271 0.996244 1 1.00541 1.01157 1.01958 1.02926 1.03645 1.05239 1.05685 1.07679 1.08922 1.09471 1.12069 1.1368 1.15422 1.18339 1.17294 1.20656 1.21929 1.25049 1.28151 1.29813 1.31013 1.32543 1.33529 1.37686 1.39447 1.41152 1.42862 1.47159 1.50116 1.52628 1.52329 1.57283 1.5604 1.62132 1.65102 1.6795 1.68189 1.7138 1.75611 1.75385 1.79739 1.78909 1.83921 1.86237 1.87707 1.90405 1.92841 1.96174 1.9542 2.02138 
1.48448 1.45663 1.48252 1.511 1.43988 1.39853 1.37274 1.39576 1.33616 1.41313 1.37452 1.39318 1.3291 1.32149 1.28699 1.32962 1.28457 1.25266 1.23881 1.18428 1.23522 1.16202 1.17405 1.17523 1.16087 1.1527 1.13532 1.11803 1.11614 1.11572 1.06886 1.06726 1.06623 1.06296 1.03528 1.03055 1.03954 1.01673 1.01625 1.00929 0.996181 0.993932 0.993671 0.992798 0.995637 0.987859 0.98718 0.990018 0.991904 0.996415 1 1.00482 1.01124 1.0206 1.03002 1.0416 1.04994 1.05921 1.07227 1.09201 1.10246 1.12141 1.13774 1.14771 1.17161 1.19051 1.19705 1.23301 1.23924 1.25304 1.29646 1.29418 1.3015 1.34985 1.36506 1.38711 1.42007 1.4399 1.44425 1.48331 1.50321 1.54433 1.55507 1.58837 1.61726 1.60921 1.68018 1.6863 1.71933 1.7416 1.76921 1.79353 1.81241 1.83839 1.85165 1.90297 1.92795 1.95725 1.98164 1.99787 2.03369 
1.49355 1.48699 1.50457 1.46501 1.47346 1.40827 1.42908 1.47468 1.3993 1.41182 1.37321 1.36188 1.36212 1.35521 1.34878 1.31368 1.2904 1.3002 1.25028 1.2116 1.21241 1.19014 1.18585 1.17147 1.17818 1.14887 1.14852 1.11736 1.11539 1.10937 1.09862 1.05756 1.07375 1.05008 1.04983 1.04248 1.04289 1.02275 1.02179 1.00987 1.00774 1.00703 0.993952 0.990621 0.993387 0.987786 0.992677 0.988369 0.99248 0.995957 1 1.0048 1.0121 1.01799 1.02977 1.03483 1.05137 1.05686 1.07123 1.08826 1.10521 1.11799 1.13118 1.14208 1.16233 1.18525 1.20776 1.22786 1.24636 1.26347 1.28569 1.30881 1.32962 1.3313 1.37359 1.37852 1.42204 1.46319 1.42838 1.48359 1.52604 1.5308 1.55533 1.5642 1.58982 1.64734 1.67305 1.68184 1.70448 1.75948 1.77697 1.79946 1.81599 1.84917 1.8823 1.8592 1.88777 1.94329 1.94102 1.99669 2.02494 
1.57731 1.52232 1.46433 1.4727 1.50085 1.45442 1.4587 1.43127 1.41625 1.44745 1.35361 1.3835 1.33036 1.32631 1.38714 1.32175 1.27558 1.28152 1.24032 1.24765 1.22805 1.20487 1.15799 1.1876 1.16164 1.15219 1.14345 1.14435 1.10683 1.11531 1.08411 1.08659 1.05583 1.05839 1.05493 1.04203 1.02722 1.03023 1.00865 1.00829 0.998801 0.998749 0.999717 0.995638 0.989566 0.9905 0.990441 0.989508 0.992108 0.995366 1 1.00559 1.01389 1.0209 1.02719 1.03688 1.04855 1.06272 1.07167 1.09093 1.10209 1.12485 1.13453 1.1518 1.159 1.18279 1.20273 1.22272 1.25466 1.26551 1.30113 1.30276 1.32913 1.34763 1.37589 1.39667 1.43373 1.45771 1.46333 1.49054 1.50321 1.57771 1.56481 1.59418 1.62068 1.65146 1.65411 1.69824 1.72746 1.76371 1.77136 1.8192 1.79757 1.85497 1.87791 1.91604 1.88272 1.9747 1.97949 2.01116 2.00979 
1.5517 1.52584 1.46341 1.48077 1.43521 1.4731 1.4262 1.49599 1.40723 1.38523 1.3948 1.32809 1.3118 1.33616 1.29056 1.28011 1.2815 1.29917 1.28383 1.28915 1.25684 1.20852 1.22469 1.1823 1.1688 1.13615 1.1259 1.13245 1.10542 1.10039 1.10797 1.08311 1.06881 1.07051 1.04445 1.03581 1.03528 1.02497 1.01786 1.00878 1.00927 0.998831 0.999432 0.989075 0.993849 0.989379 0.989785 0.990551 0.99302 0.996283 1 1.00514 1.01204 1.01982 1.02698 1.03816 1.04757 1.05736 1.06911 1.09172 1.10121 1.11843 1.1329 1.14357 1.16892 1.19008 1.20505 1.22517 1.25423 1.2726 1.28017 1.32162 1.337 1.35651 1.37388 1.40749 1.40542 1.42399 1.47345 1.50482 1.50901 1.53986 1.57125 1.61434 1.64038 1.65522 1.69515 1.70578 1.67272 1.75383 1.7584 1.79983 1.85353 1.82926 1.85253 1.89277 1.91969 1.96051 2.00727 2.02869 2.00984 
1.54974 1.53452 1.56408 1.47503 1.53041 1.49119 1.44665 1.44551 1.36021 1.45171 1.39763 1.38598 1.3552 1.3698 1.33212 1.33514 1.31052 1.32729 1.27137 1.24735 1.26554 1.22414 1.22126 1.18011 1.16395 1.16885 1.14777 1.14577 1.12944 1.09497 1.09928 1.09792 1.07957 1.06306 1.04847 1.03376 1.03178 1.03524 1.01695 1.0128 1.00081 1.00354 1.00288 0.992685 0.990152 0.992811 0.988756 0.991683 0.992057 0.995718 1 1.00535 1.01036 1.01926 1.02492 1.0379 1.04529 1.06267 1.0753 1.08901 1.10907 1.12694 1.12779 1.14631 1.17394 1.19371 1.20441 1.21659 1.2453 1.27119 1.28447 1.29565 1.33284 1.33686 1.38454 1.38131 1.41833 1.44767 1.46845 1.50362 1.51812 1.51764 1.5645 1.60617 1.5982 1.63931 1.6656 1.68831 1.70689 1.73846 1.79786 1.77637 1.80908 1.87955 1.86256 1.88344 1.9085 1.99517 2.02121 2.02243 2.03413 
1.49931 1.5196 1.51023 1.47414 1.50655 1.4842 1.46333 1.43903 1.3879 1.40678 1.41003 1.37931 1.41196 1.3383 1.38045 1.2919 1.31908 1.26154 1.26936 1.27166 1.22184 1.23952 1.23462 1.21488 1.19587 1.13603 1.15833 1.127 1.13679 1.10038 1.09591 1.0872 1.08141 1.09412 1.04509 1.04508 1.04709 1.03812 1.00209 1.01276 1.00637 1.0047 0.996046 0.995573 0.994322 0.99358 0.99246 0.991523 0.99142 0.995879 1 1.00489 1.01301 1.01984 1.02775 1.03818 1.05228 1.05396 1.07045 1.0888 1.09447 1.12055 1.12714 1.15134 1.17536 1.19087 1.20839 1.21984 1.24557 1.28023 1.28509 1.28432 1.32827 1.35784 1.39084 1.39549 1.42446 1.45718 1.47002 1.48724 1.51323 1.56503 1.56772 1.60714 1.62432 1.65278 1.65831 1.71957 1.71947 1.74878 1.80683 1.80295 1.83596 1.85138 1.89775 1.86751 1.93183 1.9783 1.99976 2.01841 2.05101 
1.56203 1.56756 1.54945 1.56983 1.54011 1.46364 1.46351 1.45942 1.4022 1.47108 1.39443 1.41744 1.36606 1.37399 1.33349 1.36484 1.29768 1.28309 1.29617 1.2405 1.28571 1.25006 1.19658 1.21043 1.17652 1.17325 1.17041 1.14865 1.12241 1.10915 1.09425 1.08832 1.08347 1.05602 1.06486 1.04635 1.03964 1.03775 1.01099 1.01066 1.00829 1.00221 1.00102 0.993706 0.993136 0.988545 0.992098 0.989897 0.991938 0.995779 1 1.00439 1.01029 1.01812 1.02693 1.03811 1.04624 1.05944 1.07168 1.09254 1.0954 1.11609 1.13328 1.14625 1.16391 1.19709 1.20363 1.22283 1.24424 1.28056 1.30566 1.3214 1.34163 1.36607 1.36649 1.39314 1.41433 1.4519 1.4891 1.51736 1.52438 1.56167 1.56769 1.62927 1.62921 1.6336 1.67631 1.70175 1.76047 1.74946 1.79705 1.80971 1.8206 1.87985 1.90518 1.91304 1.94675 1.98448 2.01089 2.02567 2.05748 
1.58417 1.62639 1.56799 1.60849 1.5263 1.54114 1.52316 1.43962 1.50083 1.45609 1.38175 1.42048 1.40014 1.38531 1.40222 1.36555 1.28486 1.2832 1.28143 1.25612 1.26919 1.21774 1.20866 1.22423 1.19096 1.17431 1.14737 1.15085 1.12761 1.12276 1.09266 1.11402 1.09533 1.06257 1.06076 1.05105 1.03471 1.03129 1.02438 1.01509 1.02264 1.00902 0.991417 0.999934 0.991278 0.99145 0.990978 0.99266 0.993223 0.995158 1 1.00553 1.01184 1.01823 1.03029 1.03903 1.04864 1.05557 1.071 1.09338 1.10419 1.12145 1.13126 1.14898 1.16687 1.18579 1.22259 1.22465 1.2474 1.26176 1.28477 1.30833 1.32941 1.35682 1.3783 1.4216 1.43036 1.47943 1.47558 1.51534 1.53052 1.57569 1.5523 1.59896 1.65291 1.67143 1.68168 1.72364 1.71473 1.78348 1.77111 1.77579 1.84635 1.9019 1.90406 1.92285 1.93878 1.99603 2.02265 2.01641 2.02262 
1.63592 1.58468 1.62581 1.53443 1.57159 1.45028 1.50757 1.50506 1.41646 1.42426 1.43418 1.42424 1.37371 1.38045 1.33917 1.30639 1.33975 1.33119 1.28875 1.24054 1.23234 1.22687 1.21161 1.18733 1.14927 1.20825 1.13463 1.1677 1.15028 1.13803 1.10915 1.10077 1.07276 1.08443 1.06043 1.05037 1.03166 1.04053 1.02961 1.0191 1.00513 1.0051 1.0061 0.998315 0.988579 0.992859 0.994202 0.992982 0.993569 0.996377 1 1.00604 1.0118 1.02011 1.02592 1.03681 1.04711 1.06048 1.07485 1.09056 1.09592 1.10906 1.13877 1.15817 1.15013 1.19518 1.22156 1.22558 1.24575 1.27178 1.29002 1.31879 1.34909 1.34543 1.38273 1.40457 1.45628 1.46188 1.47248 1.48961 1.52566 1.55452 1.57742 1.62319 1.62864 1.66222 1.68747 1.70742 1.72359 1.78333 1.79196 1.78818 1.84413 1.86793 1.90632 1.91082 1.92524 1.96918 2.03235 2.02025 2.10704 
1.63106 1.57927 1.6055 1.58739 1.58542 1.5435 1.55244 1.49093 1.48807 1.48852 1.44512 1.44057 1.39773 1.36482 1.35457 1.37333 1.33806 1.37309 1.30623 1.31799 1.2826 1.25144 1.25863 1.20495 1.18144 1.1618 1.17595 1.15264 1.11527 1.13624 1.12504 1.09883 1.09748 1.06548 1.05992 1.04173 1.03505 1.02596 1.03286 1.01298 1.01253 1.00592 1.00175 1.00089 0.996839 0.991944 0.992415 0.990217 0.993432 0.995565 1 1.00513 1.01177 1.0179 1.02737 1.03619 1.04784 1.05589 1.07509 1.0801 1.10636 1.1131 1.13492 1.15203 1.1701 1.18953 1.20793 1.24326 1.24563 1.28031 1.2961 1.30558 1.33309 1.34624 1.38964 1.406 1.4386 1.44271 1.48674 1.49574 1.53015 1.55724 1.59811 1.62137 1.61076 1.64822 1.68234 1.70145 1.75063 1.76346 1.78272 1.76846 1.85972 1.85142 1.91005 1.95327 1.94356 1.96211 1.99906 2.04744 2.05818 
1.64773 1.59207 1.58683 1.55908 1.54492 1.53272 1.48881 1.47959 1.48255 1.49639 1.43661 1.41837 1.36486 1.37171 1.34959 1.35256 1.29689 1.30963 1.30932 1.26607 1.30495 1.24915 1.21271 1.2078 1.19683 1.19706 1.18597 1.15696 1.12464 1.13688 1.10669 1.11883 1.08045 1.09164 1.06251 1.04588 1.04891 1.0418 1.01979 1.01909 1.01638 1.00111 1.00809 0.993511 0.996057 0.992325 0.994076 0.994309 0.993538 0.996052 1 1.00454 1.01019 1.01825 1.02992 1.03635 1.04725 1.06523 1.07202 1.09004 1.09677 1.11898 1.13247 1.14986 1.16748 1.1835 1.2139 1.22513 1.23353 1.27344 1.29325 1.31169 1.34711 1.36923 1.37978 1.41339 1.42275 1.46025 1.47813 1.49927 1.54158 1.55537 1.57077 1.60604 1.61828 1.66735 1.67556 1.70237 1.76646 1.7553 1.76628 1.81077 1.84387 1.8985 1.90498 1.91572 1.9438 1.98369 2.03992 2.04662 2.05955 
1.65922 1.57619 1.57435 1.62543 1.56733 1.47384 1.52128 1.52394 1.48479 1.43752 1.46039 1.39549 1.35703 1.38219 1.31733 1.37333 1.36131 1.33853 1.32459 1.3191 1.28607 1.23419 1.24142 1.21817 1.22485 1.18377 1.15617 1.16349 1.15056 1.13071 1.13081 1.10095 1.08814 1.06275 1.07135 1.05644 1.04054 1.04132 1.02089 1.03247 1.00884 1.00451 1.00501 1.00051 0.996469 0.989211 0.992127 0.992537 0.993313 0.996473 1 1.00504 1.01151 1.01851 1.02812 1.03366 1.04785 1.05891 1.0718 1.08621 1.09899 1.11909 1.13809 1.15121 1.17106 1.18995 1.21901 1.23109 1.24962 1.28208 1.29453 1.31772 1.34078 1.38519 1.3997 1.41042 1.43661 1.45776 1.47485 1.49855 1.53239 1.57216 1.57764 1.59526 1.63005 1.6704 1.67146 1.69321 1.74859 1.78524 1.78612 1.7997 1.84654 1.88234 1.91459 1.94099 1.98791 1.97158 2.00983 2.0791 2.0608 
1.73137 1.70998 1.56764 1.59674 1.59845 1.50293 1.51279 1.54422 1.48666 1.44258 1.43359 1.4189 1.4158 1.38474 1.36577 1.34035 1.35486 1.35182 1.26771 1.30588 1.24539 1.24735 1.2116 1.21855 1.20725 1.19753 1.19113 1.15603 1.14555 1.14173 1.12069 1.10478 1.0903 1.06663 1.0779 1.07564 1.04278 1.04003 1.02374 1.02347 1.0138 1.01108 1.00481 0.998069 0.999341 0.993384 0.99111 0.992638 0.993026 0.99586 1 1.00553 1.00939 1.01826 1.02609 1.04198 1.04774 1.05442 1.07022 1.08485 1.09931 1.11475 1.14155 1.14565 1.17414 1.19186 1.2162 1.22485 1.25519 1.28021 1.30709 1.30531 1.36101 1.35598 1.38964 1.42479 1.42954 1.45406 1.47369 1.50454 1.52205 1.55259 1.58133 1.61269 1.63952 1.67048 1.66638 1.71164 1.75113 1.79625 1.81085 1.86716 1.85928 1.92506 1.929 1.94686 1.93685 1.9892 2.03146 2.06434 2.06053 
1.63966 1.63838 1.66393 1.57923 1.58228 1.55216 1.54724 1.50895 1.49264 1.52217 1.49339 1.42779 1.40528 1.43912 1.40404 1.37785 1.37034 1.35083 1.30233 1.287 1.29289 1.21975 1.25073 1.20575 1.24244 1.20498 1.18727 1.15325 1.13318 1.17316 1.11468 1.12499 1.09927 1.07514 1.06642 1.05712 1.03921 1.05146 1.03883 1.02231 1.01833 1.00806 1.01102 0.996678 1.00055 0.993088 0.994724 0.99266 0.993751 0.997228 1 1.00517 1.01314 1.02029 1.02884 1.03577 1.05362 1.0597 1.06689 1.09112 1.10369 1.11845 1.13048 1.1511 1.18054 1.1956 1.21305 1.23403 1.26666 1.27172 1.29764 1.3381 1.34927 1.36678 1.3877 1.43021 1.4335 1.45193 1.49078 1.50805 1.52194 1.5511 1.59044 1.62368 1.66225 1.6793 1.71479 1.72408 1.76547 1.75889 1.81042 1.84603 1.87331 1.88332 1.92971 1.95019 1.9472 2.02139 2.03998 2.04088 2.13332 
1.59881 1.65546 1.59965 1.61442 1.60569 1.54114 1.53288 1.51834 1.43955 1.52149 1.4512 1.47742 1.4145 1.45877 1.38745 1.35776 1.35989 1.29562 1.34027 1.2904 1.28952 1.25856 1.26821 1.22554 1.2224 1.1756 1.16617 1.13933 1.12882 1.13823 1.10328 1.08822 1.10857 1.09513 1.06729 1.0677 1.06386 1.03767 1.03303 1.02512 1.01373 0.999932 1.00494 0.992794 0.997842 0.994031 0.996316 0.992897 0.992948 0.996364 1 1.00494 1.01167 1.01788 1.02856 1.03391 1.04832 1.05867 1.07621 1.08501 1.10601 1.11526 1.13671 1.1737 1.16882 1.1949 1.1991 1.22916 1.25546 1.28115 1.30175 1.31248 1.34824 1.37386 1.38546 1.42536 1.44855 1.49077 1.49983 1.52141 1.52542 1.55167 1.59309 1.63624 1.66722 1.66486 1.682 1.70463 1.76494 1.80542 1.8189 1.84206 1.86784 1.9085 1.9284 1.96056 1.95741 1.99026 2.04436 2.04429 2.10285 
1.65876 1.647 1.63832 1.56682 1.58113 1.55844 1.50669 1.52992 1.49227 1.46234 1.48374 1.48736 1.41241 1.43999 1.41594 1.37614 1.35512 1.34695 1.34279 1.298 1.24812 1.24037 1.27794 1.26075 1.21683 1.17857 1.18628 1.17754 1.17129 1.14663 1.11841 1.11432 1.09087 1.09401 1.06194 1.0486 1.05307 1.04269 1.03758 1.02953 1.02111 1.0185 1.00621 0.996181 0.992325 0.989835 0.993193 0.993764 0.993355 0.995438 1 1.00461 1.011 1.01514 1.02916 1.03599 1.05066 1.05942 1.07226 1.09771 1.10455 1.12065 1.13537 1.14916 1.16782 1.20201 1.21988 1.22699 1.26131 1.28915 1.29131 1.33202 1.34312 1.36349 1.38385 1.41508 1.44231 1.45792 1.47919 1.52699 1.55234 1.56765 1.60918 1.6316 1.67291 1.66374 1.70082 1.74832 1.74962 1.77769 1.79225 1.83327 1.86425 1.89913 1.94438 1.94212 1.97375 2.01395 2.03133 2.07957 2.10636 
1.68432 1.74847 1.61961 1.64041 1.65545 1.55794 1.58231 1.54494 1.5407 1.53022 1.4798 1.43173 1.44502 1.39896 1.40693 1.3998 1.42553 1.33467 1.34231 1.27811 1.29046 1.28264 1.29427 1.24914 1.23543 1.23365 1.19579 1.14963 1.17134 1.15367 1.14914 1.12697 1.11062 1.08714 1.09458 1.06899 1.04956 1.04663 1.05117 1.02212 1.01386 1.01891 1.00668 1.00081 0.995992 0.994115 0.989006 0.990919 0.994668 0.996608 1 1.00487 1.01146 1.01734 1.02734 1.03532 1.04778 1.0603 1.06971 1.08682 1.10775 1.12135 1.13161 1.15404 1.18022 1.18943 1.19847 1.24266 1.25311 1.28137 1.29499 1.32726 1.36307 1.36831 1.40252 1.43534 1.44935 1.47385 1.49359 1.53329 1.57576 1.59302 1.6019 1.60896 1.64735 1.67158 1.70116 1.72066 1.77046 1.7806 1.79762 1.8438 1.88942 1.88701 1.91586 1.94082 1.96698 2.02736 2.04882 2.06047 2.07726 
1.70526 1.72005 1.60013 1.66122 1.60704 1.60233 1.611 1.49765 1.54702 1.52574 1.4739 1.44803 1.46712 1.43023 1.42755 1.37995 1.35265 1.33392 1.33291 1.29089 1.28626 1.28548 1.25864 1.26651 1.2339 1.20928 1.20351 1.19086 1.16522 1.18614 1.14302 1.10829 1.09898 1.0979 1.08559 1.05651 1.0518 1.05409 1.03914 1.03197 1.01962 1.00621 0.998331 1.00095 1.00219 0.996598 0.994297 0.991505 0.991888 0.996824 1 1.00506 1.01134 1.01717 1.02871 1.03727 1.05244 1.05681 1.07551 1.0919 1.10711 1.12071 1.14224 1.1569 1.18129 1.18777 1.217 1.24253 1.25069 1.26536 1.30151 1.3188 1.35445 1.37244 1.37824 1.40807 1.43365 1.46715 1.47986 1.51124 1.54774 1.60251 1.60402 1.61017 1.68297 1.6848 1.74808 1.72232 1.79245 1.77092 1.8204 1.84648 1.88446 1.92618 1.94413 1.98539 1.9884 2.02297 2.01883 2.08468 2.08129 
1.61016 1.7502 1.6734 1.65617 1.58934 1.59407 1.58508 1.55363 1.53426 1.52827 1.49827 1.43406 1.39028 1.45423 1.43809 1.4157 1.35361 1.37768 1.31626 1.30724 1.29596 1.2883 1.26692 1.23996 1.2303 1.19245 1.19173 1.18903 1.14516 1.16067 1.15513 1.10474 1.09367 1.11039 1.0787 1.07349 1.05112 1.04375 1.03024 1.03419 1.01569 1.01549 1.00069 0.998979 0.995298 0.989708 0.99099 0.993797 0.995002 0.995951 1 1.00463 1.0128 1.01813 1.02894 1.03543 1.04536 1.05911 1.07054 1.09432 1.10808 1.11142 1.13815 1.15082 1.17487 1.19682 1.21925 1.24788 1.25709 1.27481 1.3046 1.34435 1.36722 1.36677 1.39513 1.41369 1.45031 1.47935 1.51466 1.5443 1.53409 1.5951 1.64073 1.63397 1.66323 1.69269 1.74154 1.757 1.76555 1.78718 1.83111 1.85041 1.88297 1.93651 1.94448 1.95248 2.00175 2.03632 2.03426 2.09902 2.18447 
1.68393 1.74381 1.64236 1.65458 1.61736 1.59871 1.58743 1.54235 1.54774 1.53817 1.49596 1.49112 1.49692 1.41504 1.39788 1.43128 1.38751 1.40198 1.33007 1.3379 1.3213 1.26926 1.24771 1.2377 1.22406 1.21324 1.17714 1.17054 1.18557 1.14583 1.12757 1.14949 1.10043 1.07275 1.07823 1.06588 1.05829 1.03657 1.03941 1.02996 1.02321 1.01488 1.01497 1.00312 0.996127 0.993765 0.992725 0.994421 0.996002 0.9973 1 1.00481 1.01103 1.01814 1.0275 1.04026 1.04442 1.0607 1.07168 1.08616 1.09868 1.11868 1.14082 1.15918 1.16932 1.19648 1.22335 1.24975 1.26029 1.27618 1.29979 1.3229 1.36278 1.37416 1.41035 1.4257 1.44881 1.48476 1.47983 1.51942 1.56563 1.58493 1.59133 1.64111 1.65571 1.68995 1.72753 1.74155 1.79338 1.81493 1.85617 1.82896 1.8884 1.91605 1.92032 1.97852 2.00298 2.03396 2.03854 2.0847 2.14926 
1.6911 1.70556 1.67637 1.71228 1.67704 1.63155 1.57053 1.61944 1.57224 1.51717 1.51742 1.48814 1.40033 1.42234 1.44665 1.43402 1.40007 1.32672 1.34272 1.36843 1.3186 1.29648 1.28274 1.27723 1.26643 1.25038 1.20342 1.17055 1.15705 1.13016 1.12633 1.11998 1.11479 1.0991 1.07507 1.07451 1.04532 1.04642 1.03989 1.02888 1.0208 1.01128 1.00034 1.00047 1.00285 0.993601 0.992654 0.996223 0.993041 0.99594 1 1.00503 1.01063 1.01787 1.02236 1.03481 1.04656 1.06297 1.07067 1.08784 1.104 1.11984 1.13447 1.14804 1.17344 1.19253 1.22236 1.22548 1.262 1.29125 1.30862 1.31567 1.37228 1.3654 1.40337 1.43499 1.46905 1.5012 1.52479 1.52068 1.56312 1.60602 1.6028 1.6414 1.67999 1.6896 1.6873 1.77012 1.78089 1.77881 1.80866 1.85879 1.9055 1.92428 1.95605 2.00223 2.00863 2.04741 2.04928 2.14049 2.12497 
1.66614 1.69972 1.68331 1.66764 1.63143 1.63798 1.60441 1.57754 1.53513 1.48649 1.50115 1.46042 1.46388 1.4411 1.41804 1.42918 1.40473 1.38405 1.33164 1.30935 1.29554 1.29879 1.28288 1.24838 1.23436 1.22444 1.21845 1.18549 1.19061 1.15288 1.13755 1.12838 1.11551 1.10391 1.09136 1.07072 1.0531 1.04954 1.04034 1.02167 1.02902 1.01757 1.01278 1.00184 0.997832 0.9956 0.994463 0.993253 0.99544 0.996454 1 1.00512 1.01193 1.0187 1.02626 1.03529 1.05309 1.06125 1.07256 1.08599 1.09907 1.12007 1.13999 1.15325 1.17244 1.19803 1.20882 1.25084 1.25698 1.27597 1.31775 1.31568 1.35501 1.39702 1.42766 1.44547 1.44158 1.46827 1.50795 1.54092 1.55766 1.60209 1.60618 1.63748 1.67594 1.67571 1.73432 1.74708 1.76172 1.84356 1.83049 1.87047 1.90424 1.91727 1.96996 2.01889 2.0446 2.01995 2.09436 2.12713 2.1623 
1.74529 1.77499 1.70949 1.69337 1.59177 1.61347 1.66163 1.56055 1.5654 1.55918 1.48773 1.48651 1.53255 1.43551 1.43555 1.40797 1.41441 1.37595 1.3292 1.33597 1.33881 1.30542 1.26776 1.28416 1.26159 1.21755 1.22222 1.18297 1.189 1.16301 1.1617 1.12803 1.10783 1.09625 1.05384 1.07398 1.05504 1.05369 1.04337 1.03386 1.01973 1.01899 1.00241 1.00236 1.00216 0.995697 0.994368 0.995474 0.993383 0.996637 1 1.00453 1.01185 1.01974 1.02531 1.03426 1.05684 1.06148 1.07194 1.09466 1.10491 1.13132 1.14137 1.15301 1.18168 1.18838 1.21326 1.24234 1.256 1.28242 1.29891 1.32511 1.36503 1.3856 1.39714 1.42897 1.47147 1.50606 1.50888 1.52415 1.5538 1.58566 1.62984 1.63643 1.68513 1.7018 1.76112 1.75514 1.80552 1.81463 1.86241 1.87353 1.87895 1.90866 1.97285 1.98266 2.07051 2.0902 2.08392 2.12848 2.14222 
1.75692 1.65784 1.77889 1.66673 1.66531 1.56138 1.6085 1.60826 1.54524 1.5104 1.53689 1.51783 1.45743 1.45885 1.43916 1.40841 1.38622 1.38134 1.35782 1.31445 1.32384 1.30482 1.29184 1.29612 1.21598 1.26844 1.19083 1.19147 1.18689 1.16551 1.14688 1.11701 1.10798 1.10244 1.07563 1.07096 1.06509 1.05979 1.04425 1.03205 1.01997 1.01096 1.01374 1.00565 1.00233 0.994659 0.994876 0.993096 0.995065 0.996304 1 1.00476 1.0113 1.01721 1.02702 1.0399 1.04828 1.05948 1.07491 1.08798 1.09924 1.11332 1.13658 1.15861 1.17088 1.19478 1.22085 1.23052 1.25958 1.28251 1.31402 1.33962 1.34507 1.40054 1.39872 1.45236 1.47248 1.50021 1.49839 1.55613 1.56101 1.59706 1.6154 1.63918 1.66683 1.67706 1.7403 1.74691 1.81879 1.84526 1.82177 1.92081 1.88487 1.94222 1.97653 1.97417 2.02475 2.12092 2.08436 2.09992 2.14026 
1.78836 1.71782 1.77034 1.72628 1.62318 1.67907 1.65146 1.57248 1.61471 1.56833 1.53793 1.5266 1.50313 1.47385 1.40944 1.41959 1.44466 1.41266 1.3597 1.34236 1.32182 1.3505 1.30014 1.25991 1.27427 1.24538 1.22578 1.21067 1.17785 1.16525 1.15455 1.13738 1.11391 1.08579 1.10003 1.06725 1.05572 1.04347 1.05766 1.03384 1.03097 1.01771 1.00924 1.00726 1.00607 0.996393 0.994101 0.99268 0.996269 0.99718 1 1.00521 1.01165 1.01929 1.02804 1.03432 1.04547 1.06137 1.08593 1.09129 1.107 1.12253 1.13856 1.16025 1.17267 1.19663 1.21917 1.24344 1.24338 1.29489 1.31399 1.33169 1.35708 1.38289 1.40806 1.44687 1.46122 1.48438 1.51247 1.56589 1.56229 1.58634 1.60937 1.63849 1.67155 1.71415 1.76356 1.79133 1.79841 1.82676 1.84365 1.90434 1.94497 1.94273 1.97271 2.01076 2.01632 2.08583 2.085 2.12365 2.17104 
1.78832 1.76673 1.74796 1.71077 1.62171 1.59298 1.60971 1.63226 1.59788 1.52531 1.60844 1.49667 1.483 1.44392 1.40573 1.42356 1.36987 1.40027 1.35088 1.34834 1.34239 1.34737 1.26872 1.28442 1.23655 1.24346 1.21015 1.20134 1.20269 1.16874 1.15384 1.13885 1.10895 1.10426 1.0774 1.07088 1.0572 1.05113 1.05334 1.04538 1.0149 1.00732 1.01323 1.00669 1.00231 0.994706 0.991426 0.995867 0.994407 0.997503 1 1.00421 1.01263 1.01795 1.03024 1.03576 1.04458 1.05976 1.07669 1.09112 1.09871 1.13083 1.14127 1.15754 1.18011 1.19892 1.21215 1.23653 1.26468 1.28095 1.31337 1.34635 1.34088 1.38136 1.41805 1.43491 1.47507 1.48786 1.53145 1.56345 1.56377 1.60417 1.61984 1.68587 1.67203 1.70678 1.74898 1.78928 1.80071 1.85654 1.84309 1.89673 1.92837 1.96964 1.95432 2.02323 2.03388 2.04677 2.13312 2.18622 2.18151 
1.77137 1.80656 1.72705 1.72636 1.71829 1.65252 1.58598 1.6242 1.58741 1.53737 1.5304 1.50749 1.52931 1.48355 1.46789 1.48283 1.46478 1.38813 1.37615 1.36855 1.34835 1.32994 1.27229 1.27419 1.25462 1.25618 1.22513 1.21877 1.1707 1.1639 1.17819 1.13822 1.10892 1.08783 1.10273 1.07994 1.06724 1.04537 1.04925 1.0367 1.02699 1.02011 1.0113 1.00666 0.998394 0.992661 0.99836 0.994452 0.992615 0.996518 1 1.00404 1.00963 1.01929 1.02283 1.03474 1.04354 1.06495 1.07872 1.08608 1.10979 1.12443 1.14239 1.16049 1.19298 1.21261 1.22281 1.24158 1.2803 1.2893 1.31013 1.31105 1.36528 1.37578 1.41571 1.44479 1.47564 1.50094 1.53999 1.55444 1.57755 1.61895 1.61244 1.66962 1.69177 1.69425 1.73588 1.76681 1.79454 1.82803 1.86351 1.88154 1.90893 1.98925 2.01191 2.03092 2.06568 2.05451 2.1138 2.13393 2.16811 
1.79389 1.76084 1.72444 1.70855 1.66259 1.62084 1.63009 1.63083 1.59733 1.49975 1.53365 1.53056 1.53409 1.48238 1.47372 1.44713 1.43497 1.41837 1.38299 1.34961 1.36718 1.34432 1.30398 1.3172 1.23135 1.26778 1.20812 1.21822 1.17452 1.18972 1.15635 1.13778 1.13005 1.13429 1.0912 1.07192 1.06342 1.05742 1.04956 1.03692 1.02501 1.01936 1.01112 1.00976 1.00277 0.994044 0.991289 0.995487 0.994809 0.997275 1 1.00548 1.00816 1.01675 1.02604 1.03739 1.05131 1.06256 1.06933 1.08763 1.10831 1.12066 1.14287 1.1557 1.1869 1.20534 1.22974 1.23751 1.2747 1.29478 1.31506 1.33696 1.36908 1.4017 1.41294 1.42208 1.47651 1.51138 1.53671 1.5567 1.56836 1.61339 1.63059 1.66396 1.70829 1.70131 1.77771 1.78966 1.79601 1.82916 1.84969 1.91296 1.9426 1.98737 1.98408 2.04277 2.08781 2.13449 2.10448 2.12971 2.20398 
1.80148 1.73897 1.75098 1.69123 1.66794 1.66663 1.68349 1.59793 1.64597 1.56915 1.60769 1.54077 1.51727 1.4637 1.45456 1.45477 1.46306 1.39046 1.4163 1.36003 1.37215 1.3385 1.29449 1.27258 1.26 1.2431 1.2179 1.20725 1.18805 1.20877 1.15159 1.15454 1.10602 1.11523 1.10509 1.0767 1.07104 1.05546 1.04537 1.03297 1.02177 1.01579 1.00754 1.0125 0.99862 1.00057 0.995677 0.992889 0.993666 0.997177 1 1.00508 1.01044 1.01929 1.02761 1.03592 1.04598 1.06504 1.07873 1.08998 1.09764 1.12444 1.1448 1.16356 1.18305 1.2076 1.2178 1.24389 1.26543 1.28069 1.32678 1.36594 1.36397 1.38359 1.42963 1.45547 1.46193 1.48952 1.51999 1.53699 1.58085 1.59611 1.62651 1.67588 1.70332 1.69563 1.75103 1.76647 1.85963 1.83638 1.85661 1.89929 1.90187 1.95083 1.98962 2.05527 2.06505 2.08815 2.13636 2.17869 2.19539 
1.70557 1.79347 1.74914 1.7415 1.68488 1.67032 1.67539 1.62626 1.64016 1.58814 1.56201 1.55502 1.51861 1.501 1.45407 1.4485 1.46741 1.40685 1.36329 1.35734 1.33146 1.34718 1.2636 1.29704 1.26516 1.23361 1.2116 1.2059 1.17105 1.16245 1.15485 1.1511 1.11634 1.11556 1.10376 1.08351 1.06905 1.06005 1.0541 1.04126 1.01947 1.02202 1.01379 1.00573 0.99726 0.995344 0.99558 0.993607 0.993871 0.997076 1 1.00482 1.01083 1.01852 1.02528 1.03592 1.04829 1.0624 1.07761 1.0897 1.10206 1.12534 1.15048 1.16305 1.18861 1.20128 1.22877 1.25662 1.27223 1.30297 1.33133 1.34914 1.35726 1.41113 1.42258 1.44605 1.48582 1.50279 1.54253 1.56881 1.60334 1.62493 1.64284 1.6774 1.72537 1.74589 1.76608 1.8025 1.82367 1.87469 1.88244 1.90804 1.96913 1.95393 1.98971 2.1027 2.07953 2.10638 2.14062 2.13072 2.19671 
1.79901 1.78876 1.76095 1.79333 1.67808 1.69426 1.63659 1.64137 1.63435 1.58545 1.6121 1.54394 1.48606 1.47633 1.48523 1.43517 1.45981 1.441 1.4071 1.3452 1.37573 1.3171 1.30947 1.28476 1.24501 1.22205 1.23688 1.2324 1.20652 1.18013 1.15049 1.12467 1.1151 1.12011 1.10539 1.07977 1.06357 1.04937 1.03225 1.05099 1.02346 1.01342 1.01134 1.00657 1.00089 0.999043 0.999485 0.994923 0.995259 0.996366 1 1.00443 1.01171 1.01612 1.02643 1.04052 1.05301 1.06421 1.0811 1.08869 1.10477 1.12296 1.14516 1.17328 1.1824 1.20206 1.21954 1.25478 1.27607 1.30736 1.30987 1.34866 1.36481 1.41195 1.42811 1.45828 1.47567 1.49393 1.52261 1.54325 1.60556 1.61246 1.69483 1.66987 1.69417 1.74635 1.75063 1.79833 1.8251 1.85793 1.88306 1.93635 1.94758 1.97216 2.01448 2.03689 2.07206 2.12316 2.12711 2.17649 2.19253 
1.88459 1.80889 1.76381 1.71178 1.69085 1.68077 1.61006 1.67076 1.60232 1.55836 1.63825 1.53411 1.51987 1.49476 1.46477 1.45257 1.434 1.41262 1.42357 1.36524 1.36251 1.34762 1.30023 1.27852 1.26494 1.23053 1.21991 1.20417 1.18301 1.18326 1.18194 1.14373 1.15563 1.13561 1.07747 1.08117 1.08303 1.06824 1.05045 1.02643 1.03786 1.01273 1.01016 1.00871 0.996117 0.997932 0.996626 0.995141 0.994206 0.996954 1 1.00422 1.01201 1.0185 1.02934 1.03946 1.05601 1.06539 1.0801 1.09111 1.11249 1.11928 1.14283 1.16209 1.17112 1.21015 1.23067 1.25843 1.27125 1.3098 1.32748 1.35433 1.38973 1.39975 1.4431 1.46235 1.48609 1.53134 1.53623 1.55286 1.5985 1.6099 1.65476 1.67804 1.70925 1.73975 1.77734 1.81791 1.85196 1.86123 1.90822 1.94964 1.99054 1.97587 2.01287 2.08928 2.06805 2.10814 2.1646 2.17132 2.16786 
1.8258 1.79511 1.71938 1.77772 1.69697 1.66559 1.66268 1.68284 1.60336 1.57765 1.56469 1.61051 1.50894 1.50851 1.48866 1.48171 1.45681 1.42634 1.38738 1.36863 1.36723 1.30247 1.30642 1.33955 1.29179 1.25453 1.2476 1.20224 1.20026 1.20579 1.16691 1.1417 1.14442 1.12227 1.10192 1.0947 1.08616 1.05947 1.04847 1.04283 1.02754 1.01712 1.01841 1.01084 1.00473 0.996151 0.99916 0.992013 0.997136 0.996558 1 1.00498 1.00965 1.01945 1.02366 1.03794 1.0452 1.06034 1.07623 1.08982 1.10947 1.12895 1.14776 1.16848 1.17891 1.20341 1.22439 1.25629 1.27672 1.30654 1.32189 1.35522 1.36675 1.43813 1.42772 1.45454 1.47057 1.52706 1.56764 1.58458 1.60456 1.63091 1.63806 1.66285 1.69458 1.75016 1.77335 1.80097 1.86609 1.88742 1.95366 1.93858 1.97554 1.97943 2.04165 2.0564 2.11023 2.08508 2.16813 2.17439 2.23564 
1.81678 1.85948 1.80033 1.71257 1.65267 1.72543 1.70311 1.68217 1.63607 1.60814 1.57038 1.55857 1.51494 1.47361 1.54192 1.44269 1.49561 1.41038 1.4195 1.36678 1.3589 1.33189 1.3289 1.29225 1.26944 1.26545 1.22063 1.23601 1.19289 1.18947 1.16237 1.17268 1.13347 1.101 1.09122 1.08412 1.08028 1.05761 1.05057 1.03716 1.02493 1.01194 1.00784 1.0024 1.0021 0.999968 0.995194 0.992812 0.99543 0.996184 1 1.00462 1.01167 1.01617 1.0285 1.03875 1.04691 1.06612 1.07523 1.08517 1.10941 1.12575 1.15051 1.17192 1.17962 1.21347 1.22035 1.24988 1.27411 1.31032 1.33238 1.35415 1.38671 1.4079 1.42885 1.46924 1.46447 1.51058 1.53888 1.57909 1.60931 1.62346 1.63948 1.68946 1.73427 1.73094 1.80273 1.81201 1.84962 1.86663 1.90649 1.9223 1.97537 1.99009 2.06808 2.08253 2.11217 2.16164 2.19881 2.20288 2.19499 
1.84985 1.84219 1.78513 1.73248 1.76924 1.71845 1.67235 1.67695 1.6241 1.59069 1.59985 1.52422 1.52841 1.53817 1.49503 1.50291 1.40342 1.48167 1.40712 1.39385 1.3441 1.34737 1.32742 1.30162 1.29042 1.24402 1.26131 1.22835 1.20435 1.17818 1.18408 1.14197 1.13687 1.11086 1.10225 1.08703 1.0788 1.06647 1.04689 1.03219 1.02347 1.01692 1.02005 1.00522 0.998408 1.00242 0.994481 0.993765 0.99371 0.996235 1 1.00568 1.01307 1.01909 1.02992 1.03864 1.04387 1.06391 1.08089 1.09418 1.10906 1.12504 1.14503 1.16346 1.1802 1.20833 1.24669 1.24976 1.27949 1.29348 1.33347 1.36186 1.39452 1.40993 1.45094 1.46283 1.47893 1.52438 1.55403 1.57951 1.6248 1.63166 1.65402 1.68856 1.72849 1.73368 1.80638 1.80595 1.84384 1.85906 1.89037 1.93462 1.967 1.97722 2.02373 2.06223 2.12206 2.1281 2.176 2.20208 2.23392 
1.82298 1.77176 1.74961 1.75068 1.77442 1.72596 1.70534 1.7002 1.64477 1.66613 1.54724 1.50007 1.56183 1.4877 1.47669 1.49582 1.43501 1.48222 1.43729 1.35309 1.35754 1.32901 1.31501 1.29074 1.27981 1.26271 1.23678 1.23407 1.19336 1.16735 1.16749 1.14686 1.1349 1.1468 1.10249 1.08017 1.07608 1.04871 1.05238 1.03778 1.0347 1.02227 1.01403 1.0062 1.00279 0.997986 0.994084 0.996043 0.995269 0.99663 1 1.00482 1.01129 1.02006 1.02558 1.04034 1.05319 1.06168 1.0795 1.08538 1.11237 1.13154 1.15553 1.1786 1.18355 1.20453 1.23744 1.25744 1.2847 1.29023 1.32845 1.36122 1.39078 1.41341 1.43781 1.47172 1.50192 1.52234 1.56411 1.56968 1.61443 1.66771 1.68287 1.69481 1.73711 1.77963 1.80227 1.84069 1.86085 1.89754 1.90354 1.94821 1.94273 2.04684 2.0253 2.08035 2.08427 2.13571 2.18071 2.18532 2.27546 
1.86137 1.7727 1.78995 1.77761 1.76109 1.74477 1.72601 1.68403 1.67234 1.60806 1.62034 1.61406 1.58994 1.57913 1.4968 1.50333 1.45448 1.43625 1.3796 1.34723 1.38876 1.32396 1.31707 1.28246 1.30095 1.27124 1.22059 1.24243 1.20656 1.18447 1.169 1.14412 1.14505 1.13122 1.10553 1.08153 1.0611 1.06569 1.05541 1.03688 1.03317 1.02525 1.01118 1.00845 1.00395 0.995345 0.99584 0.998317 0.992852 0.996522 1 1.00514 1.00963 1.01835 1.02922 1.03905 1.04569 1.05846 1.08183 1.09996 1.11305 1.12494 1.14759 1.15824 1.17864 1.20532 1.22864 1.25207 1.28477 1.29349 1.33048 1.36475 1.37363 1.41652 1.4421 1.45361 1.51283 1.52947 1.57414 1.57922 1.63097 1.60647 1.66975 1.70565 1.74836 1.74898 1.80735 1.82545 1.85605 1.87606 1.95543 1.9511 2.01038 2.01309 2.07298 2.08986 2.09841 2.1406 2.20236 2.21896 2.19539 
1.79651 1.82441 1.77045 1.77928 1.67879 1.72596 1.72326 1.61251 1.64522 1.65149 1.6297 1.58059 1.60514 1.51633 1.51292 1.47869 1.44351 1.46014 1.45376 1.39794 1.34745 1.30569 1.30399 1.32679 1.25735 1.25664 1.25419 1.20752 1.21431 1.18024 1.13776 1.1432 1.14818 1.10959 1.09062 1.09067 1.08619 1.06334 1.04948 1.0461 1.02644 1.02143 1.01902 1.00619 1.0038 0.995174 0.995368 0.997034 0.995744 0.996298 1 1.00474 1.01191 1.01578 1.02768 1.03663 1.05197 1.05837 1.07154 1.09446 1.1123 1.1358 1.15238 1.16295 1.18585 1.22833 1.23672 1.26205 1.29202 1.29274 1.32495 1.35812 1.39326 1.4022 1.4459 1.45448 1.48805 1.53579 1.5623 1.58615 1.6221 1.62395 1.67558 1.71258 1.73481 1.78316 1.79775 1.81067 1.85921 1.91564 1.92022 1.97594 1.96383 2.00228 2.02124 2.10285 2.13683 2.14951 2.21545 2.24171 2.29582 
1.86091 1.85813 1.76744 1.77183 1.73461 1.71837 1.69683 1.69758 1.68983 1.63451 1.57642 1.59748 1.57203 1.51737 1.52496 1.45899 1.43396 1.42909 1.40301 1.39237 1.4254 1.3512 1.29692 1.30358 1.2894 1.2676 1.2455 1.23794 1.19816 1.16848 1.14164 1.1395 1.13233 1.11129 1.08247 1.08378 1.07514 1.06708 1.0462 1.03799 1.03094 1.02316 1.01543 1.01399 1.00864 0.997418 0.995572 0.994241 0.994881 0.995879 1 1.00447 1.01036 1.01828 1.02968 1.03774 1.05067 1.07383 1.07669 1.08822 1.10788 1.12883 1.1456 1.16865 1.19148 1.22293 1.24315 1.27357 1.27946 1.33633 1.34088 1.35161 1.37246 1.40778 1.43085 1.4467 1.50046 1.52648 1.57366 1.59196 1.61523 1.63593 1.67467 1.72538 1.74344 1.77831 1.80026 1.82694 1.88044 1.87785 1.95224 1.9647 2.03364 2.00581 2.06246 2.05891 2.14538 2.17401 2.20637 2.26003 2.25658 
1.81426 1.85088 1.7702 1.77339 1.75617 1.69451 1.66679 1.65313 1.68486 1.5892 1.66679 1.55052 1.55143 1.53968 1.56307 1.44498 1.44193 1.4211 1.43935 1.39109 1.34742 1.38309 1.3133 1.33564 1.28213 1.2493 1.2552 1.25278 1.20802 1.15216 1.17452 1.16971 1.13594 1.12584 1.0921 1.09749 1.06868 1.06787 1.05787 1.04884 1.02749 1.02316 1.02263 1.00847 0.99822 1.00105 0.993117 0.993036 0.995977 0.996018 1 1.00498 1.01139 1.02005 1.02727 1.04159 1.05199 1.06639 1.0792 1.0957 1.11747 1.13791 1.15289 1.16504 1.19155 1.21058 1.2332 1.26104 1.27441 1.30772 1.34016 1.35465 1.3896 1.41642 1.43155 1.48578 1.49802 1.5379 1.56892 1.61432 1.61923 1.6334 1.68197 1.73109 1.76027 1.79465 1.82156 1.83057 1.85501 1.88655 1.94151 1.94116 2.00765 2.04989 2.06464 2.15069 2.10031 2.16515 2.19386 2.19007 2.2853 
1.85408 1.90078 1.75558 1.81392 1.71111 1.71649 1.71494 1.69049 1.68404 1.61607 1.60854 1.58589 1.53977 1.57916 1.52081 1.48482 1.50865 1.41883 1.41361 1.42391 1.39615 1.36874 1.35145 1.31798 1.27181 1.29131 1.24328 1.24119 1.20281 1.17423 1.20362 1.14322 1.14639 1.13377 1.11758 1.08148 1.08092 1.0689 1.05259 1.03491 1.02387 1.02565 1.01071 1.00753 0.997374 1.00379 0.993745 0.995771 0.994355 0.997817 1 1.00479 1.01209 1.01971 1.02684 1.03727 1.05087 1.06296 1.07406 1.09456 1.11086 1.13675 1.15937 1.17438 1.1895 1.20327 1.22595 1.24451 1.28007 1.30462 1.34841 1.34899 1.39245 1.42376 1.45364 1.46787 1.51035 1.55706 1.55804 1.60016 1.61479 1.65599 1.65519 1.68599 1.74824 1.78367 1.80902 1.85469 1.88291 1.92638 1.93573 2.00812 2.00478 2.02758 2.04439 2.11843 2.15057 2.18961 2.21521 2.23532 2.23285 
1.84378 1.86108 1.77629 1.87358 1.73438 1.75304 1.64437 1.67094 1.67721 1.62909 1.64464 1.58747 1.53966 1.56437 1.52756 1.50503 1.45911 1.43067 1.42354 1.43035 1.37118 1.37878 1.33635 1.31701 1.30195 1.28889 1.21971 1.23841 1.22582 1.20251 1.14914 1.16041 1.14812 1.11652 1.10557 1.08908 1.06488 1.06595 1.04977 1.04982 1.03492 1.02418 1.00728 1.01327 1.00555 0.999719 0.998837 0.990998 0.994482 0.996498 1 1.00423 1.01001 1.01939 1.0282 1.03031 1.05066 1.06883 1.07829 1.09266 1.12245 1.13726 1.15287 1.1696 1.19595 1.21721 1.2283 1.25205 1.27783 1.31327 1.33195 1.35193 1.3939 1.42464 1.43945 1.48782 1.50708 1.54398 1.56174 1.62316 1.63683 1.64525 1.68509 1.76003 1.77531 1.80559 1.81108 1.82979 1.89522 1.93509 1.95661 1.96845 1.99098 2.05757 2.05103 2.09489 2.14076 2.18283 2.18809 2.24467 2.2755 
1.86883 1.88398 1.78941 1.84677 1.77682 1.75695 1.68343 1.67168 1.62834 1.63956 1.64703 1.57976 1.58276 1.5606 1.55333 1.48267 1.50658 1.48774 1.44662 1.39363 1.38129 1.40559 1.37405 1.28007 1.3191 1.27998 1.24538 1.23069 1.21447 1.21586 1.17303 1.16846 1.13841 1.1111 1.11015 1.09935 1.06955 1.05739 1.0612 1.03807 1.03463 1.01019 1.01334 1.00838 1.00174 1.00122 0.992191 0.993404 0.992711 0.996232 1 1.00476 1.01082 1.02161 1.02807 1.04008 1.05273 1.05975 1.07886 1.09411 1.11774 1.13975 1.15019 1.16563 1.18913 1.21769 1.23624 1.26824 1.28309 1.29525 1.3293 1.36101 1.40393 1.39936 1.45124 1.47484 1.51487 1.54846 1.58708 1.59219 1.61453 1.64375 1.69298 1.72034 1.75967 1.80516 1.81571 1.87003 1.87818 1.92289 1.93603 1.93993 2.0168 2.04892 2.05345 2.10787 2.17041 2.23114 2.20273 2.26758 2.28948 
1.94702 1.85443 1.82828 1.80568 1.78641 1.76939 1.71493 1.76779 1.71494 1.62887 1.59342 1.59779 1.59926 1.52955 1.53791 1.54451 1.45181 1.48727 1.40174 1.44855 1.40585 1.41205 1.3476 1.25868 1.31096 1.28666 1.26401 1.25497 1.21081 1.2021 1.16686 1.16766 1.13798 1.0983 1.10853 1.09434 1.06971 1.07029 1.06332 1.04443 1.03418 1.01673 1.01288 1.00664 0.998729 1.00476 0.994758 0.993727 0.996478 0.997347 1 1.00503 1.015 1.01793 1.03126 1.03616 1.04907 1.07313 1.08473 1.09902 1.12135 1.12953 1.15172 1.16788 1.18012 1.20931 1.2245 1.25236 1.2822 1.31069 1.34594 1.3588 1.38448 1.43374 1.46053 1.47026 1.51532 1.53107 1.58391 1.59482 1.60722 1.675 1.67886 1.71904 1.75304 1.77538 1.81678 1.86481 1.85031 1.90697 1.94561 1.98259 2.01905 2.07307 2.08771 2.12327 2.1681 2.20902 2.25004 2.19706 2.30482 
1.86955 1.82693 1.84802 1.79091 1.75251 1.74571 1.71248 1.70499 1.63527 1.68893 1.62411 1.56181 1.6065 1.5619 1.50573 1.47213 1.44908 1.4889 1.4336 1.4046 1.41456 1.37783 1.34293 1.33007 1.28492 1.24763 1.25287 1.21352 1.19524 1.20305 1.19508 1.15163 1.16019 1.14383 1.11418 1.08529 1.08669 1.08348 1.04734 1.03468 1.0517 1.01544 1.01147 1.00955 1.00152 1.00249 0.992564 0.995028 0.996687 0.996396 1 1.00511 1.01056 1.01613 1.03043 1.04022 1.05331 1.06595 1.0777 1.10704 1.10321 1.13269 1.14784 1.17525 1.19332 1.2105 1.23611 1.25237 1.29802 1.33406 1.33745 1.38211 1.37607 1.41972 1.46044 1.4646 1.52688 1.52769 1.58253 1.5942 1.63546 1.6743 1.68292 1.72688 1.75506 1.77971 1.8261 1.88736 1.87444 1.9192 1.95188 1.96717 2.00927 2.07026 2.08892 2.15033 2.15821 2.20257 2.23601 2.24402 2.28276 
1.84791 1.85337 1.86918 1.86157 1.76269 1.76258 1.71157 1.70784 1.66966 1.63447 1.63011 1.62671 1.63315 1.54647 1.51447 1.52856 1.48555 1.50495 1.45068 1.43036 1.39949 1.35569 1.35258 1.30938 1.31558 1.25626 1.26835 1.24239 1.22186 1.20768 1.20863 1.17598 1.15026 1.13688 1.12705 1.09657 1.07469 1.04932 1.04612 1.05143 1.04851 1.02251 1.01886 1.01206 1.00378 0.994167 0.99585 0.993979 0.996378 0.996549 1 1.00515 1.00915 1.01868 1.02848 1.04064 1.05033 1.06634 1.07834 1.09891 1.11536 1.13357 1.15992 1.19191 1.19457 1.2216 1.24733 1.26039 1.29103 1.30451 1.34658 1.37269 1.40951 1.43268 1.44305 1.49065 1.53367 1.52281 1.57583 1.60742 1.62689 1.66968 1.70823 1.72196 1.78041 1.80077 1.83489 1.85045 1.86488 1.91209 1.98549 2.02845 2.04416 2.04158 2.07762 2.12395 2.15914 2.199 2.20263 2.32954 2.29493 
1.90501 1.82411 1.86237 1.75754 1.75964 1.80135 1.77414 1.75657 1.75352 1.64231 1.61756 1.63198 1.53501 1.53603 1.54505 1.5615 1.47375 1.46251 1.45977 1.39876 1.41867 1.39569 1.33545 1.31434 1.30398 1.27983 1.26977 1.22097 1.24542 1.21766 1.18034 1.14817 1.14569 1.12306 1.12744 1.10076 1.0628 1.06856 1.04942 1.03609 1.03211 1.0241 1.02265 1.00431 0.998383 1.00031 0.996985 0.995086 0.995921 0.996962 1 1.00583 1.01348 1.01665 1.02828 1.04239 1.04744 1.0651 1.0812 1.09662 1.11342 1.13929 1.14758 1.18407 1.19308 1.20139 1.24234 1.26958 1.28535 1.31823 1.34793 1.36146 1.4099 1.43968 1.43679 1.4758 1.50102 1.54012 1.58312 1.6313 1.61101 1.66565 1.69844 1.73996 1.75875 1.81535 1.82571 1.85928 1.87798 1.94128 1.96694 2.00246 1.98522 2.03989 2.09683 2.16927 2.18439 2.20094 2.22127 2.27048 2.30092 
1.88582 1.91391 1.84034 1.82368 1.85397 1.79196 1.74837 1.74233 1.67518 1.65254 1.66511 1.62457 1.62845 1.59882 1.57091 1.50159 1.5409 1.47792 1.43671 1.42724 1.39818 1.37456 1.3529 1.33093 1.30555 1.29415 1.26086 1.24702 1.25365 1.21121 1.18871 1.15178 1.1536 1.14337 1.09906 1.10465 1.07786 1.08387 1.06168 1.02975 1.03844 1.03463 1.01945 1.0136 1.00867 1.00112 0.994799 0.993033 0.996995 0.996247 1 1.0049 1.01149 1.02058 1.03138 1.04162 1.0479 1.06184 1.07726 1.09466 1.11941 1.12695 1.15743 1.16839 1.18326 1.22274 1.25105 1.25703 1.29591 1.32356 1.33093 1.36999 1.39297 1.42382 1.46263 1.48598 1.52242 1.54779 1.56486 1.60396 1.62381 1.67703 1.72062 1.73743 1.76427 1.80089 1.85859 1.85654 1.89817 1.92632 1.94736 1.99017 2.03824 2.10271 2.0971 2.13897 2.19394 2.16535 2.23513 2.255 2.29603 
1.91234 1.92918 1.83057 1.86165 1.80884 1.79926 1.73422 1.743 1.72291 1.66923 1.63081 1.63268 1.62354 1.59828 1.54174 1.47383 1.4987 1.46242 1.45512 1.43199 1.36695 1.37504 1.32594 1.30098 1.30186 1.30069 1.25561 1.22497 1.20302 1.24012 1.16927 1.1918 1.17511 1.1384 1.12293 1.09522 1.0711 1.06827 1.05406 1.05792 1.02804 1.0299 1.0275 1.0133 1.00989 1.00047 0.9989 0.99626 0.998063 0.996526 1 1.00521 1.00909 1.02027 1.02706 1.04476 1.05208 1.06241 1.08102 1.08913 1.11543 1.14186 1.15328 1.19198 1.1876 1.21106 1.24489 1.25919 1.28936 1.32888 1.34515 1.38271 1.38151 1.42385 1.43434 1.50079 1.48686 1.56965 1.58881 1.60226 1.68267 1.67207 1.69493 1.71035 1.76939 1.78855 1.81873 1.88439 1.91497 1.93717 1.91378 2.00924 2.03423 2.0639 2.13451 2.12614 2.15671 2.21599 2.212 2.23092 2.29941 
1.87975 1.87528 1.84018 1.8682 1.77075 1.80261 1.79768 1.77351 1.70241 1.67337 1.62418 1.62866 1.53273 1.58631 1.56036 1.55667 1.53395 1.50752 1.45737 1.40332 1.41128 1.38772 1.35217 1.33368 1.27273 1.29333 1.25627 1.22227 1.22799 1.22875 1.1879 1.15343 1.15081 1.12192 1.11349 1.09222 1.08288 1.06416 1.05363 1.03694 1.03522 1.02854 1.00514 1.0008 0.998223 0.998025 0.998928 0.997136 0.99617 0.996118 1 1.00557 1.01145 1.02092 1.02978 1.04026 1.05205 1.05819 1.08481 1.09787 1.11007 1.13484 1.15365 1.17139 1.18892 1.21515 1.24311 1.2762 1.29035 1.31362 1.32265 1.36348 1.40285 1.43536 1.44758 1.4794 1.50679 1.54462 1.55915 1.59917 1.66379 1.70783 1.68476 1.7402 1.77682 1.77951 1.84031 1.84357 1.88356 1.92156 1.98362 1.97807 2.01532 2.05386 2.08466 2.12077 2.18254 2.18542 2.21301 2.25558 2.32419 
1.8901 1.92397 1.93303 1.8583 1.78906 1.84159 1.7499 1.75151 1.72832 1.69618 1.66366 1.61067 1.60522 1.52015 1.57942 1.49092 1.46967 1.50176 1.46056 1.45859 1.42473 1.38851 1.39859 1.36727 1.30252 1.27746 1.30112 1.2527 1.22169 1.18369 1.20004 1.16081 1.15962 1.14383 1.13613 1.0864 1.08749 1.08524 1.05177 1.04252 1.03972 1.02191 1.02412 1.01117 1.01087 1.0048 0.998008 0.995921 0.995229 0.997776 1 1.00539 1.00974 1.01644 1.03027 1.04215 1.05217 1.06396 1.08442 1.09173 1.11564 1.13061 1.15932 1.17967 1.19084 1.20535 1.24334 1.27008 1.29957 1.32689 1.34469 1.3844 1.39752 1.42997 1.4818 1.48382 1.53203 1.55713 1.54928 1.63242 1.66125 1.68001 1.71564 1.72016 1.77347 1.81409 1.85775 1.84891 1.94326 1.92595 1.93258 2.02365 2.04502 2.05338 2.14964 2.13665 2.17694 2.21913 2.19078 2.28138 2.33564 
1.93603 1.81665 1.84496 1.78502 1.80334 1.77272 1.80666 1.76334 1.75696 1.71801 1.64484 1.64555 1.61192 1.60507 1.58018 1.51082 1.50784 1.52183 1.51993 1.44209 1.40103 1.3803 1.33269 1.31876 1.34033 1.30709 1.25277 1.23339 1.21561 1.21267 1.18788 1.16275 1.17736 1.11547 1.09694 1.09536 1.08163 1.06737 1.0656 1.05697 1.03181 1.03355 1.00755 1.00402 1.00454 1.00035 0.995869 0.997093 0.996125 0.995869 1 1.00498 1.01028 1.01876 1.02281 1.03946 1.04903 1.06385 1.08712 1.10361 1.11926 1.12925 1.14815 1.16662 1.1883 1.21022 1.23145 1.26409 1.28074 1.31899 1.34087 1.37685 1.39508 1.43968 1.45117 1.48402 1.54623 1.53061 1.58451 1.62069 1.66112 1.66381 1.72033 1.72943 1.75117 1.82826 1.83345 1.90303 1.91067 1.95687 1.99179 2.03083 2.05047 2.04572 2.14652 2.12774 2.19579 2.26284 2.20337 2.28929 2.32091 
1.97984 1.88842 1.86722 1.90503 1.82346 1.82169 1.77556 1.75246 1.69886 1.73925 1.68696 1.64506 1.57867 1.5271 1.55075 1.50585 1.51992 1.4714 1.4852 1.4223 1.43877 1.37842 1.37885 1.32399 1.3151 1.29127 1.27598 1.26356 1.24513 1.20633 1.18892 1.15313 1.136 1.14781 1.08552 1.11528 1.07602 1.07836 1.06611 1.04406 1.0307 1.02895 1.01836 1.00891 1.00624 0.997276 0.996481 0.99219 0.995817 0.996507 1 1.00473 1.01167 1.01759 1.02735 1.03782 1.05127 1.06121 1.07645 1.10102 1.11433 1.13987 1.1442 1.17165 1.1915 1.22021 1.24457 1.28457 1.29325 1.31042 1.33622 1.37415 1.40026 1.41654 1.4662 1.53944 1.51889 1.50957 1.59985 1.61823 1.62769 1.67708 1.70513 1.72854 1.76678 1.82388 1.84842 1.87413 1.90117 1.91468 1.96345 2.0014 2.04986 2.09104 2.11935 2.14347 2.18091 2.21648 2.26491 2.32989 2.3826 
1.99893 1.91965 1.92605 1.8281 1.91567 1.8021 1.76272 1.77761 1.77072 1.68538 1.64311 1.65448 1.57554 1.61249 1.57099 1.49002 1.5155 1.47349 1.45309 1.46578 1.41707 1.39272 1.36578 1.34024 1.33544 1.3011 1.23858 1.23362 1.23327 1.20944 1.19152 1.17509 1.12529 1.14341 1.12071 1.11141 1.0669 1.07498 1.04816 1.05051 1.0397 1.01967 1.02748 1.01212 1.00349 1.00369 0.993544 0.995138 0.996671 0.996255 1 1.00347 1.01265 1.01811 1.02914 1.03717 1.05332 1.06567 1.0763 1.09924 1.12167 1.13057 1.14993 1.16855 1.1846 1.23009 1.25022 1.28419 1.28229 1.32298 1.33375 1.38663 1.40641 1.44153 1.44965 1.49487 1.52276 1.5586 1.59045 1.61862 1.64402 1.63478 1.71122 1.72867 1.77333 1.8059 1.82488 1.85086 1.88178 1.94975 1.96805 2.04043 2.06836 2.10804 2.10564 2.15903 2.19789 2.19259 2.26612 2.30994 2.30861 
1.94366 1.94897 1.89393 1.83413 1.78801 1.85725 1.82416 1.75135 1.69983 1.69396 1.75244 1.63355 1.63226 1.65345 1.55191 1.53225 1.52918 1.49167 1.47335 1.43343 1.41567 1.39557 1.35914 1.3632 1.32274 1.26811 1.29711 1.27211 1.24321 1.20362 1.1959 1.16876 1.13942 1.11787 1.12103 1.10906 1.09014 1.07766 1.06685 1.05665 1.04165 1.02951 1.0313 1.01045 1.00019 1.00379 0.997158 0.999206 0.994276 0.995436 1 1.00417 1.01213 1.01892 1.02954 1.04081 1.04951 1.06684 1.07924 1.09635 1.10808 1.14499 1.16262 1.17205 1.19119 1.22019 1.2505 1.27687 1.28776 1.32889 1.33455 1.35258 1.40404 1.44283 1.44352 1.50775 1.51585 1.57013 1.58567 1.61329 1.63535 1.68629 1.71708 1.73739 1.78585 1.82134 1.83897 1.85721 1.93198 1.93994 1.98912 2.01842 2.10745 2.06878 2.09077 2.12957 2.19555 2.19667 2.29112 2.3111 2.32613 
1.95206 1.94631 1.9089 1.83144 1.77456 1.78413 1.7747 1.75328 1.68508 1.67087 1.70115 1.66677 1.64815 1.62518 1.55197 1.62745 1.53959 1.50006 1.42806 1.42031 1.40333 1.4152 1.31456 1.37049 1.314 1.31717 1.29221 1.23659 1.24251 1.21732 1.20287 1.20467 1.13797 1.13378 1.11656 1.09941 1.08685 1.07659 1.06272 1.03704 1.05127 1.028 1.01074 1.01437 0.998051 1.00314 0.994776 0.996224 0.994766 0.996499 1 1.00407 1.01005 1.01872 1.03078 1.0397 1.04348 1.0637 1.08757 1.09396 1.10631 1.12869 1.14411 1.17976 1.19769 1.2266 1.24066 1.26562 1.28548 1.31855 1.33466 1.37324 1.39963 1.41794 1.47402 1.47632 1.52535 1.56918 1.58684 1.64726 1.64181 1.69692 1.69732 1.76552 1.75099 1.80894 1.85516 1.85422 1.93507 1.93558 1.98916 1.98178 2.02925 2.12651 2.12837 2.14856 2.19528 2.21733 2.26788 2.28852 2.3497 
1.99278 1.88423 1.97491 1.90487 1.75948 1.79328 1.78641 1.68273 1.68827 1.731 1.68177 1.66287 1.61873 1.59051 1.53277 1.5863 1.4808 1.4691 1.51818 1.44252 1.44196 1.37225 1.39063 1.357 1.34728 1.30913 1.27664 1.28316 1.2272 1.21185 1.18487 1.15977 1.15788 1.13679 1.12161 1.09697 1.09715 1.08757 1.0709 1.0432 1.03511 1.03934 1.0276 1.01848 1.00171 1.00223 0.998286 0.996277 0.995173 0.997286 1 1.0044 1.01142 1.01942 1.02853 1.04118 1.05148 1.06167 1.08049 1.09369 1.11718 1.1401 1.15153 1.17787 1.20123 1.20872 1.24307 1.27866 1.29675 1.32019 1.34328 1.39312 1.41771 1.40612 1.47031 1.49041 1.5131 1.55097 1.60628 1.64104 1.65863 1.69427 1.7091 1.73809 1.78153 1.78172 1.84253 1.86374 1.90072 1.90093 1.93128 2.00005 2.02998 2.10122 2.11179 2.13546 2.112 2.20835 2.28631 2.29088 2.30207 
2.00477 1.9606 1.86854 1.8428 1.82746 1.84004 1.8006 1.73862 1.70546 1.77293 1.68667 1.69058 1.64745 1.59153 1.61736 1.60384 1.52744 1.5364 1.44978 1.46254 1.43137 1.40282 1.35404 1.35476 1.31851 1.31736 1.25529 1.24632 1.25247 1.23331 1.17537 1.18221 1.14061 1.12514 1.11002 1.09241 1.08458 1.09117 1.0604 1.0572 1.0499 1.02721 1.02175 1.01194 1.00796 1.00123 0.998106 0.997487 0.995728 0.996933 1 1.00496 1.01086 1.02002 1.02563 1.03805 1.04647 1.06517 1.08296 1.0958 1.1184 1.12748 1.15151 1.16452 1.20789 1.21892 1.25185 1.27421 1.29277 1.31941 1.3404 1.37901 1.40368 1.44484 1.45771 1.47707 1.51908 1.54814 1.602 1.59754 1.65729 1.67945 1.7184 1.72891 1.78677 1.84154 1.85724 1.86329 1.88046 1.96179 1.96615 2.01241 2.08685 2.11573 2.16325 2.20538 2.20253 2.23613 2.25277 2.29942 2.37864 
1.97317 1.91845 1.91337 1.88596 1.8113 1.7842 1.73933 1.74699 1.76488 1.74982 1.66661 1.67056 1.59691 1.60916 1.55543 1.54999 1.55988 1.4774 1.48437 1.45572 1.42666 1.3682 1.38429 1.35045 1.32096 1.30976 1.2723 1.25284 1.25969 1.2184 1.17633 1.18199 1.17727 1.15166 1.1149 1.12793 1.0649 1.06348 1.05281 1.04935 1.04369 1.02351 1.02427 1.01027 0.996513 1.00601 0.995476 0.993344 0.994303 0.997492 1 1.0042 1.01011 1.01683 1.02781 1.03858 1.04733 1.06686 1.08016 1.09173 1.11176 1.12641 1.14442 1.17379 1.18704 1.21653 1.24231 1.27156 1.28759 1.3276 1.33675 1.37602 1.41434 1.43141 1.45615 1.48759 1.5364 1.55665 1.56711 1.62719 1.63131 1.66567 1.70994 1.76748 1.78039 1.82137 1.88548 1.8648 1.8884 1.93757 1.98765 2.04082 2.05924 2.06481 2.12684 2.18941 2.21534 2.20301 2.28306 2.29823 2.32995 
1.9292 1.92737 1.90699 1.86695 1.82379 1.79668 1.82581 1.74719 1.77281 1.69523 1.69211 1.69581 1.58942 1.59788 1.57848 1.57291 1.53503 1.50537 1.48152 1.42085 1.41346 1.40722 1.40638 1.35347 1.33852 1.27926 1.28127 1.25816 1.22031 1.24246 1.20112 1.18843 1.14905 1.15303 1.11563 1.11139 1.08733 1.06721 1.06199 1.04847 1.01923 1.02582 1.02419 1.0106 1.005 0.996244 0.998657 0.994292 0.995967 0.997514 1 1.00509 1.01135 1.01804 1.02812 1.03702 1.05109 1.06511 1.07633 1.0878 1.10877 1.13456 1.16371 1.17325 1.19463 1.22914 1.25056 1.26948 1.2875 1.3259 1.34062 1.36226 1.37908 1.45661 1.46247 1.49426 1.53463 1.55868 1.6067 1.63683 1.65122 1.68316 1.72744 1.72479 1.80107 1.83191 1.82853 1.90955 1.92681 1.96485 1.93952 2.02895 2.03215 2.129 2.13053 2.14446 2.19925 2.2526 2.23422 2.28721 2.28705 
1.90743 1.92454 1.87287 1.94686 1.82747 1.84201 1.80469 1.73052 1.75118 1.72152 1.66406 1.63728 1.66898 1.59946 1.60362 1.53755 1.51958 1.48581 1.42863 1.47777 1.4238 1.42431 1.38473 1.36308 1.3044 1.30064 1.30035 1.2773 1.23298 1.22181 1.18263 1.1932 1.15672 1.13554 1.14205 1.10187 1.08058 1.08219 1.06783 1.0511 1.04594 1.03365 1.0225 1.01263 1.00527 1.00204 0.991281 0.995648 0.996137 0.997537 1 1.00493 1.01244 1.01734 1.02982 1.04209 1.04589 1.06917 1.07688 1.10029 1.1158 1.13393 1.16392 1.17154 1.18463 1.22428 1.2453 1.27892 1.30938 1.31164 1.36547 1.36964 1.40212 1.43276 1.47136 1.47615 1.51495 1.5519 1.61493 1.64255 1.657 1.71774 1.70612 1.74173 1.78617 1.79609 1.83506 1.88461 1.90625 1.97534 1.98281 2.00923 2.02768 2.06246 2.16648 2.17653 2.19325 2.19602 2.31501 2.32661 2.33776 
1.92897 1.88799 1.91473 1.86261 1.83531 1.85685 1.80795 1.7619 1.77267 1.69236 1.66902 1.67727 1.58956 1.58656 1.53768 1.54079 1.54399 1.47198 1.47094 1.47483 1.43278 1.3804 1.41589 1.37195 1.33762 1.29332 1.30148 1.27303 1.22081 1.24336 1.16339 1.19117 1.15316 1.1392 1.14794 1.10088 1.09355 1.08404 1.0515 1.05133 1.04231 1.02457 1.01704 1.01728 1.00967 0.999188 1.00188 0.997938 0.996587 0.996695 1 1.00422 1.0133 1.01987 1.03163 1.03805 1.05212 1.06351 1.07689 1.09833 1.11337 1.13236 1.15227 1.16816 1.20467 1.23125 1.24722 1.27635 1.30283 1.32996 1.33179 1.36358 1.40582 1.4319 1.45894 1.50452 1.48319 1.53474 1.59073 1.62657 1.66664 1.68837 1.73062 1.73429 1.77175 1.80986 1.88335 1.87008 1.92445 1.9691 1.95916 2.02846 2.04963 2.07264 2.16665 2.13926 2.24972 2.20773 2.25224 2.3305 2.3439 
1.96169 1.99655 1.91094 1.89753 1.85562 1.82908 1.77242 1.75696 1.78642 1.74394 1.69356 1.66326 1.66375 1.64365 1.56718 1.52339 1.49436 1.50364 1.4643 1.46067 1.40747 1.41056 1.35459 1.35696 1.30207 1.28611 1.28243 1.3168 1.27374 1.21672 1.20113 1.18619 1.18065 1.15265 1.13313 1.11062 1.08958 1.06891 1.07406 1.03752 1.04446 1.02949 1.02107 1.00901 1.01087 1.00388 0.995864 0.999698 0.996471 0.997368 1 1.00466 1.00989 1.01582 1.02499 1.03751 1.05145 1.06456 1.07938 1.09114 1.11208 1.13349 1.15338 1.16656 1.19416 1.21749 1.23181 1.27421 1.29862 1.30507 1.36604 1.37106 1.4052 1.43464 1.45408 1.48036 1.51851 1.54128 1.57313 1.61046 1.63644 1.66165 1.67949 1.74182 1.78522 1.83913 1.88052 1.88462 1.90655 1.92813 1.98174 2.03388 2.06736 2.0932 2.13593 2.13473 2.22493 2.23803 2.29786 2.28058 2.33773 
1.97541 1.92548 1.93927 1.76364 1.86063 1.83806 1.84886 1.74554 1.74413 1.72503 1.62255 1.61472 1.68591 1.62131 1.58271 1.535 1.50818 1.51556 1.47017 1.46819 1.47353 1.41106 1.39641 1.36872 1.32157 1.30542 1.29851 1.27008 1.25794 1.21151 1.19065 1.1802 1.13924 1.14207 1.11773 1.12599 1.1003 1.07272 1.06854 1.04648 1.03877 1.03654 1.01207 1.00947 1.00982 0.999596 0.997773 0.996942 0.996206 0.997194 1 1.00451 1.01126 1.01835 1.02813 1.0318 1.05212 1.06546 1.07993 1.09499 1.11683 1.14394 1.14564 1.18001 1.19085 1.21906 1.25153 1.26681 1.29071 1.32754 1.33918 1.3763 1.40496 1.44009 1.46648 1.4917 1.53121 1.5599 1.58215 1.61991 1.6535 1.68304 1.71829 1.75214 1.77641 1.81922 1.87507 1.90061 1.89456 1.94853 2.01358 2.00385 2.02329 2.05468 2.12989 2.15204 2.22972 2.22546 2.24308 2.33226 2.34891 
1.93178 1.86202 1.91238 1.86712 1.78768 1.85458 1.75664 1.75196 1.72947 1.73319 1.67551 1.64373 1.63162 1.58515 1.6182 1.569 1.5701 1.52307 1.46167 1.45631 1.42574 1.38538 1.409 1.34076 1.33778 1.30741 1.30534 1.27367 1.22617 1.22657 1.2148 1.1671 1.17192 1.15145 1.11516 1.09834 1.08727 1.07721 1.0633 1.0564 1.04702 1.03151 1.0249 1.0176 1.00524 1.00118 0.998767 0.997873 0.994633 0.997089 1 1.00412 1.00995 1.0205 1.02813 1.03537 1.05235 1.0673 1.08514 1.09493 1.11305 1.12529 1.15118 1.17409 1.20856 1.2304 1.24566 1.26861 1.30159 1.31759 1.33722 1.38079 1.41295 1.42383 1.46412 1.49908 1.54511 1.58013 1.59358 1.62532 1.6359 1.68222 1.70297 1.72464 1.81117 1.80825 1.86068 1.92786 1.94146 1.95713 1.99866 2.01771 2.06732 2.08692 2.12498 2.1034 2.21765 2.22696 2.28429 2.29622 2.32882 
1.95278 1.94581 1.93963 1.85153 1.8259 1.79464 1.80101 1.82114 1.69271 1.71821 1.71373 1.68354 1.65392 1.57259 1.55785 1.55948 1.53357 1.51227 1.49144 1.48276 1.44989 1.4168 1.39431 1.38944 1.31976 1.26469 1.26452 1.24203 1.2349 1.20588 1.21839 1.19834 1.18176 1.15488 1.13938 1.11574 1.10257 1.08533 1.062 1.06061 1.03652 1.03035 1.01939 1.01322 1.0039 1.00162 0.998831 0.994534 0.995299 0.997484 1 1.00424 1.01099 1.01642 1.02774 1.03935 1.0522 1.06271 1.07008 1.09858 1.10602 1.13669 1.15707 1.18182 1.19441 1.21448 1.25111 1.25808 1.28471 1.32355 1.33843 1.36085 1.40346 1.44298 1.43667 1.49806 1.54237 1.55168 1.58468 1.61771 1.64521 1.6638 1.70014 1.75664 1.75461 1.83461 1.84291 1.848 1.92551 1.95822 1.99241 2.01716 2.06374 2.1384 2.13113 2.15195 2.23182 2.24818 2.29803 2.34084 2.32949 
1.99222 1.95241 1.92833 1.93672 1.85807 1.8297 1.7976 1.74997 1.68511 1.72648 1.68717 1.75469 1.60335 1.62554 1.58617 1.52982 1.52723 1.53356 1.5266 1.45375 1.39246 1.38975 1.38316 1.36489 1.35717 1.33323 1.30358 1.25989 1.26384 1.23964 1.23995 1.1807 1.15089 1.15406 1.1116 1.12042 1.08595 1.07794 1.05534 1.05688 1.03714 1.0314 1.01982 1.02414 1.01148 1.00151 0.998898 0.993227 0.99485 0.998678 1 1.00531 1.01041 1.02172 1.03023 1.0381 1.05166 1.06158 1.07647 1.0962 1.10596 1.1259 1.15993 1.17155 1.19653 1.21238 1.25438 1.26911 1.28094 1.30853 1.34354 1.37375 1.39972 1.43073 1.46492 1.47898 1.50373 1.55197 1.61639 1.64431 1.66796 1.67461 1.70496 1.76083 1.78502 1.80603 1.84365 1.90484 1.91614 1.94721 1.98023 2.01012 2.05873 2.04145 2.15822 2.153 2.21424 2.2308 2.32945 2.31875 2.35664 
2.09453 1.96931 1.92504 1.85264 1.86283 1.8792 1.78422 1.81474 1.7514 1.751 1.65784 1.69189 1.69055 1.62322 1.59365 1.56269 1.56646 1.51324 1.50269 1.47447 1.41549 1.44431 1.37676 1.37896 1.39012 1.34644 1.27821 1.29159 1.25438 1.22742 1.22121 1.16878 1.15679 1.13074 1.13977 1.11602 1.09097 1.08158 1.09094 1.05494 1.04655 1.02794 1.03068 1.01181 1.00546 1.00182 0.997794 0.99715 0.995577 0.998305 1 1.00395 1.00977 1.01737 1.0237 1.0391 1.04456 1.06536 1.08355 1.09039 1.108 1.14181 1.15735 1.17234 1.21075 1.2083 1.23458 1.26665 1.29991 1.31357 1.34003 1.36578 1.41007 1.4331 1.47524 1.49111 1.52812 1.56796 1.56273 1.60408 1.64723 1.68991 1.72351 1.73689 1.81057 1.79116 1.84465 1.89823 1.91488 1.98037 1.98196 2.03999 2.04075 2.10168 2.09771 2.1615 2.20123 2.24504 2.27937 2.3618 2.34262 
1.97504 1.94592 1.94449 1.85194 1.82059 1.84506 1.80686 1.79979 1.73263 1.79391 1.68868 1.6601 1.66805 1.56677 1.59322 1.56985 1.56409 1.48505 1.50171 1.45465 1.4908 1.42547 1.38364 1.40754 1.36729 1.29783 1.28841 1.26661 1.26066 1.23291 1.22583 1.18434 1.17705 1.15578 1.1279 1.11073 1.10086 1.07979 1.06038 1.0544 1.04326 1.04069 1.02382 1.02479 1.01028 1.00435 0.99797 0.999381 0.998319 0.996963 1 1.00447 1.01016 1.01975 1.02863 1.03581 1.04536 1.06824 1.08488 1.09592 1.11311 1.1337 1.15418 1.18048 1.18449 1.22183 1.25414 1.27266 1.30115 1.32572 1.36079 1.37469 1.41575 1.43167 1.44961 1.48841 1.52267 1.54592 1.59214 1.62567 1.66473 1.6848 1.73482 1.75561 1.78087 1.80368 1.83258 1.90607 1.91901 1.9357 1.97508 2.01489 2.05287 2.09354 2.16693 2.1332 2.20017 2.23412 2.28557 2.26358 2.31728 
1.98384 2.00788 1.98155 1.90655 1.86403 1.8999 1.83053 1.7616 1.78053 1.77502 1.71466 1.7291 1.68913 1.65243 1.59 1.66606 1.52087 1.50852 1.49188 1.45481 1.42393 1.37813 1.38311 1.38198 1.36444 1.32639 1.27599 1.2938 1.2361 1.20968 1.19772 1.18496 1.18139 1.15807 1.15424 1.11045 1.08948 1.08072 1.06002 1.04761 1.04178 1.03609 1.0231 1.01174 1.01442 1.00127 1.00354 0.997032 0.996762 0.998012 1 1.0051 1.00862 1.01733 1.02772 1.03942 1.05339 1.05658 1.07157 1.09458 1.109 1.1352 1.16157 1.17288 1.1985 1.21529 1.2434 1.27117 1.29297 1.32052 1.36307 1.37348 1.42652 1.43837 1.46747 1.4857 1.50305 1.56383 1.59348 1.61554 1.66883 1.65736 1.73955 1.7397 1.78743 1.80344 1.85084 1.89057 1.88453 1.97152 1.98271 2.0193 2.06796 2.10936 2.15629 2.17359 2.18124 2.28345 2.31114 2.31948 2.33019 
1.93803 2.00257 1.9812 1.90975 1.90573 1.85409 1.77234 1.74369 1.77114 1.70016 1.71757 1.68469 1.67252 1.68288 1.59569 1.55848 1.54378 1.54183 1.49414 1.49092 1.45083 1.42999 1.37163 1.36436 1.37066 1.29975 1.28774 1.25153 1.24358 1.226 1.21111 1.17957 1.17142 1.13573 1.12953 1.11273 1.10406 1.07903 1.06763 1.06864 1.05675 1.03528 1.02519 1.01078 1.01024 1.00704 1.0008 0.999098 0.996031 0.996499 1 1.00469 1.00962 1.01614 1.02273 1.03859 1.04585 1.06747 1.08498 1.10776 1.11512 1.13212 1.14237 1.18013 1.19445 1.22277 1.23544 1.26191 1.28666 1.32241 1.33798 1.37005 1.41565 1.43254 1.45818 1.50824 1.52998 1.54545 1.58497 1.61032 1.6717 1.69443 1.72671 1.73502 1.78799 1.79424 1.86706 1.89319 1.91022 1.94306 1.99916 2.05318 2.08452 2.09715 2.15673 2.17573 2.21359 2.26849 2.30706 2.2775 2.37699 
2.01104 1.98816 1.93284 1.89531 1.93172 1.86415 1.80683 1.7389 1.75453 1.79518 1.73018 1.67024 1.65433 1.60567 1.59622 1.62821 1.55155 1.49751 1.44881 1.51558 1.48187 1.36795 1.46355 1.36315 1.36143 1.29209 1.29736 1.28018 1.2616 1.2268 1.19772 1.21259 1.16096 1.15351 1.12128 1.11704 1.09562 1.08614 1.06779 1.05248 1.05341 1.03094 1.02466 1.01057 1.00352 0.994202 0.998984 0.995486 0.994283 0.997712 1 1.00344 1.01048 1.02289 1.02703 1.04099 1.05047 1.0579 1.08437 1.09236 1.12228 1.13097 1.16223 1.16868 1.20798 1.21041 1.23035 1.25178 1.28314 1.32754 1.33129 1.39847 1.4042 1.44739 1.4658 1.48282 1.5251 1.56241 1.57806 1.63744 1.64796 1.69447 1.73054 1.77056 1.79638 1.81502 1.88738 1.89077 1.92579 1.9518 1.99621 2.01014 2.05231 2.14258 2.13894 2.18748 2.22694 2.22159 2.27043 2.30049 2.35477 
1.91488 1.95342 1.96482 1.90767 1.92483 1.87607 1.81043 1.76014 1.7469 1.69623 1.70163 1.706 1.68541 1.5853 1.58088 1.54966 1.52518 1.55101 1.45275 1.47979 1.43656 1.39458 1.38559 1.34058 1.336 1.34198 1.27545 1.27264 1.2751 1.20049 1.17798 1.22912 1.16496 1.14288 1.12769 1.11943 1.09081 1.07945 1.06657 1.05347 1.05405 1.0369 1.01672 1.01625 1.00782 0.999569 1.00118 0.99382 0.996309 0.997336 1 1.00351 1.00894 1.0173 1.02868 1.04278 1.04696 1.0637 1.06955 1.10344 1.11056 1.12845 1.15536 1.1743 1.18736 1.21876 1.24625 1.25471 1.29797 1.31665 1.35393 1.38067 1.40518 1.4539 1.47469 1.50419 1.52307 1.5905 1.61402 1.63562 1.64002 1.69213 1.71983 1.74495 1.76468 1.82448 1.84738 1.89639 1.90154 1.91709 1.95204 1.98884 2.01936 2.08225 2.13637 2.17551 2.18371 2.22625 2.2599 2.28331 2.37874 
2.06303 1.97985 1.99912 1.93945 1.90433 1.89432 1.8666 1.78898 1.83207 1.76617 1.67434 1.67261 1.71064 1.65696 1.60917 1.58414 1.56101 1.57421 1.46609 1.50939 1.46092 1.40449 1.40766 1.36508 1.34558 1.28603 1.28756 1.26235 1.23886 1.22152 1.20748 1.20386 1.18791 1.14176 1.12714 1.11086 1.10387 1.08812 1.0749 1.0633 1.04316 1.03609 1.02971 1.01581 1.01499 1.00325 1.00182 0.993403 0.995113 0.996767 1 1.00432 1.01017 1.01509 1.03047 1.03695 1.04738 1.06525 1.07389 1.09757 1.11829 1.13328 1.1577 1.17099 1.19785 1.20585 1.24496 1.26263 1.29191 1.34673 1.33911 1.37613 1.3993 1.44382 1.48313 1.48972 1.53467 1.56859 1.57915 1.62191 1.62733 1.68537 1.70917 1.75833 1.78843 1.79755 1.84644 1.90785 1.91761 1.96417 1.95384 2.01566 2.06284 2.0769 2.08498 2.16663 2.20769 2.21354 2.28324 2.32173 2.3534 
2.06273 1.98145 1.95063 1.95859 1.85305 1.83361 1.84322 1.81291 1.75595 1.71633 1.74138 1.75289 1.60633 1.59809 1.64022 1.6078 1.53778 1.48079 1.47018 1.4272 1.4352 1.40151 1.40894 1.35624 1.32283 1.28981 1.29035 1.25615 1.24857 1.22244 1.2083 1.19592 1.173 1.13053 1.12908 1.12996 1.09235 1.07732 1.06005 1.04198 1.03855 1.02989 1.01738 1.0146 1.01104 1.00157 0.997074 0.99852 0.997509 0.997572 1 1.00316 1.00919 1.01924 1.02846 1.03754 1.05339 1.06008 1.07549 1.09996 1.12887 1.14088 1.15538 1.18167 1.19723 1.21888 1.23394 1.26488 1.29364 1.31403 1.33425 1.39385 1.43065 1.44173 1.46509 1.49533 1.50502 1.56006 1.59541 1.62875 1.63003 1.68902 1.7152 1.73105 1.78684 1.82407 1.82972 1.88564 1.93751 1.94579 1.97917 2.06235 2.06735 2.09264 2.1058 2.16141 2.22998 2.24849 2.31424 2.33328 2.31839 
1.9725 1.95554 2.02812 1.91568 1.8501 1.90021 1.9248 1.81104 1.7534 1.77006 1.72587 1.68053 1.64746 1.63873 1.58706 1.56827 1.54119 1.49376 1.49386 1.45698 1.4541 1.40984 1.38774 1.34376 1.36056 1.35092 1.31629 1.27741 1.2544 1.24658 1.21217 1.18185 1.15704 1.14723 1.1208 1.13835 1.10803 1.09233 1.05329 1.05195 1.0525 1.03557 1.02113 1.02045 1.00433 1.01014 0.997296 0.996285 0.995166 0.996959 1 1.0039 1.00831 1.02127 1.02648 1.0388 1.05078 1.05928 1.07401 1.09283 1.09507 1.13353 1.14977 1.15617 1.19187 1.21026 1.23182 1.2789 1.30786 1.32484 1.36495 1.37602 1.40378 1.43068 1.46989 1.49907 1.53149 1.57708 1.60207 1.62759 1.66827 1.68157 1.72359 1.76773 1.79828 1.81407 1.8282 1.89167 1.92221 1.94345 1.99957 2.01269 2.03694 2.09183 2.09762 2.18919 2.19889 2.25198 2.3068 2.3079 2.3328 
1.95746 1.92426 2.08291 1.94483 1.90259 1.89174 1.77013 1.84687 1.78891 1.73701 1.69291 1.70397 1.67334 1.66096 1.6361 1.57127 1.56109 1.54138 1.508 1.43675 1.4722 1.40023 1.38114 1.39794 1.36508 1.34174 1.28075 1.28081 1.28293 1.21347 1.19757 1.19309 1.17261 1.17013 1.14416 1.1102 1.11567 1.08883 1.07677 1.05734 1.04021 1.03475 1.02826 1.01743 1.01421 1.00362 0.999542 0.999076 0.994838 0.997324 1 1.00441 1.01024 1.0155 1.02616 1.03788 1.04877 1.06411 1.08685 1.0936 1.11253 1.13848 1.14579 1.17084 1.19343 1.21452 1.242 1.2638 1.28535 1.32909 1.37227 1.38334 1.42996 1.44155 1.45126 1.48893 1.53649 1.53688 1.57178 1.62343 1.6556 1.68441 1.73297 1.74977 1.78341 1.82603 1.85011 1.86334 1.91362 1.96596 1.99962 2.03496 2.0636 2.0521 2.11819 2.1866 2.20897 2.24118 2.2769 2.28956 2.33363 
2.01811 2.03344 1.91142 1.92916 1.87427 1.92213 1.85274 1.74653 1.85335 1.73629 1.76642 1.64696 1.59867 1.69866 1.60732 1.53507 1.57063 1.53129 1.50098 1.5196 1.45987 1.44583 1.43281 1.38952 1.37285 1.31515 1.33316 1.28316 1.24264 1.21275 1.21362 1.20638 1.18142 1.16179 1.13219 1.11392 1.1044 1.0772 1.05343 1.05107 1.0447 1.04028 1.0265 1.02093 1.00973 1.00534 1.00186 0.999867 0.99582 0.998357 1 1.00361 1.01024 1.01501 1.02668 1.03655 1.04983 1.05908 1.07165 1.09724 1.11372 1.1209 1.15955 1.17301 1.19636 1.21466 1.24754 1.26721 1.28415 1.2889 1.36519 1.37717 1.40119 1.43493 1.45766 1.49127 1.50532 1.56866 1.58253 1.61051 1.64794 1.71047 1.69954 1.74091 1.80131 1.84356 1.83827 1.90691 1.9501 1.94869 1.99206 2.03951 2.05084 2.07533 2.13708 2.1733 2.19692 2.24208 2.26712 2.29538 2.36787 
2.06272 2.02325 1.95674 1.92433 1.90413 1.94216 1.84464 1.79427 1.78033 1.73746 1.73341 1.76769 1.66737 1.61499 1.61145 1.60078 1.55326 1.50964 1.5131 1.43423 1.46393 1.46446 1.41597 1.34811 1.3397 1.35987 1.31927 1.27764 1.24924 1.21951 1.21426 1.1905 1.1939 1.15548 1.11788 1.11645 1.10232 1.08007 1.08461 1.06017 1.05343 1.0248 1.01946 1.0194 1.00487 1.00308 0.99852 0.996189 0.994991 0.998004 1 1.00362 1.00955 1.01749 1.02888 1.0374 1.0533 1.06347 1.07984 1.09236 1.11263 1.13177 1.15746 1.15965 1.19844 1.22704 1.24641 1.26503 1.28461 1.30331 1.3529 1.37929 1.3774 1.4326 1.46925 1.50602 1.51607 1.55829 1.60193 1.58301 1.66937 1.6888 1.6975 1.77169 1.79279 1.78948 1.86938 1.88741 1.91859 1.95291 1.98391 2.02772 2.0669 2.08835 2.13094 2.13277 2.14083 2.24476 2.25063 2.28926 2.36831 
2.01074 1.96311 1.95768 1.84243 1.92209 1.86969 1.81127 1.83312 1.80801 1.80398 1.6871 1.67189 1.62384 1.58854 1.61271 1.57393 1.59093 1.51248 1.47789 1.49721 1.43183 1.40723 1.41706 1.38145 1.3583 1.28476 1.28405 1.28937 1.23416 1.2002 1.23638 1.20285 1.19229 1.16699 1.12881 1.11341 1.12685 1.1003 1.05742 1.04381 1.0412 1.03163 1.01639 1.01188 1.0086 1.00817 0.996255 0.995976 0.994758 0.997668 1 1.00429 1.01119 1.01525 1.02607 1.03731 1.04982 1.06142 1.08079 1.10465 1.11549 1.13139 1.14898 1.17442 1.19794 1.2155 1.23546 1.26525 1.30699 1.3214 1.34608 1.38583 1.4172 1.45274 1.4409 1.50255 1.53578 1.55096 1.59314 1.61083 1.66972 1.67745 1.71861 1.77545 1.78542 1.83195 1.83769 1.89477 1.94513 1.97316 2.0125 2.06139 2.06371 2.09045 2.1409 2.12536 2.24046 2.24701 2.29253 2.29738 2.31686 
