3.77123 3.69638 3.73319 3.64285 3.66926 3.428 3.47161 3.50966 3.36137 3.47765 3.41361 3.21768 3.22585 3.09457 3.02927 3.09451 2.9484 2.8924 2.89556 2.86791 2.74627 2.66093 2.62681 2.53128 2.52376 2.47609 2.29979 2.2209 2.20347 2.16993 2.02544 1.98458 1.92458 1.82889 1.70895 1.6632 1.60495 1.5311 1.44981 1.4107 1.33878 1.27307 1.2395 1.17725 1.13925 1.09873 1.05816 1.03699 1.01213 1.00373 1 1.00547 1.01842 1.03108 1.06769 1.07271 1.1197 1.1651 1.21923 1.26695 1.29449 1.39383 1.46505 1.5325 1.61501 1.64314 1.72665 1.7621 1.90623 1.99878 2.00221 2.1633 2.24232 2.20036 2.33606 2.43965 2.52339 2.52856 2.66572 2.74851 2.93927 2.87118 2.97197 3.16717 3.23586 3.1759 3.32874 3.39712 3.42169 3.4544 3.63948 3.58788 3.69954 3.61313 3.71848 3.80121 3.84761 3.86563 3.92984 3.95402 3.98448 
3.76081 3.79953 3.71087 3.59767 3.562 3.51065 3.53867 3.46763 3.3145 3.31659 3.36159 3.25246 3.24427 3.1945 3.04483 3.04124 3.02899 2.83999 2.85857 2.80865 2.79942 2.69995 2.59895 2.65717 2.48664 2.4476 2.27911 2.30085 2.22014 2.08681 2.0507 2.02437 1.91391 1.8754 1.73778 1.62034 1.62613 1.51958 1.4787 1.43352 1.35686 1.28105 1.21534 1.16383 1.12935 1.08037 1.06518 1.03398 1.0169 1.00524 1 1.00329 1.0113 1.03681 1.05258 1.08771 1.12453 1.16162 1.21068 1.27799 1.3195 1.36844 1.45371 1.5225 1.57564 1.69288 1.7456 1.79368 1.84686 1.95653 2.042 2.13277 2.17874 2.28184 2.33479 2.35388 2.52899 2.60474 2.74119 2.78657 2.8118 2.87341 3.02459 3.09211 3.20728 3.24168 3.31725 3.32604 3.39529 3.47117 3.50161 3.49727 3.59502 3.72279 3.73792 3.74078 3.88478 3.90167 3.83033 3.93615 3.95155 
3.84305 3.71905 3.67527 3.52135 3.57589 3.51375 3.52995 3.48772 3.39323 3.38473 3.23929 3.28275 3.34869 3.1433 3.14794 3.07295 2.92676 2.98208 2.83373 2.80129 2.73414 2.71305 2.57111 2.56648 2.4593 2.54091 2.39877 2.29065 2.2184 2.05896 2.04642 1.97484 1.83513 1.79531 1.75595 1.65586 1.58552 1.52096 1.47193 1.40155 1.31191 1.25175 1.22441 1.18106 1.12739 1.09553 1.06132 1.02633 1.01794 1.00523 1 1.00417 1.01304 1.0411 1.06424 1.08317 1.11912 1.14421 1.21147 1.26959 1.33476 1.38673 1.45828 1.52214 1.60421 1.66662 1.7372 1.80814 1.89839 1.94814 1.95654 2.09946 2.15171 2.28173 2.31206 2.42139 2.55342 2.569 2.68892 2.77669 2.76184 3.04404 2.90602 3.06347 3.22189 3.3058 3.36305 3.30936 3.38409 3.51595 3.53626 3.60282 3.64061 3.74394 3.7216 3.79061 3.7554 3.71444 3.96784 3.71225 3.99553 
3.78641 3.70054 3.60358 3.60067 3.55697 3.47617 3.51192 3.4643 3.38077 3.36709 3.25374 3.20495 3.23425 3.12254 3.027 3.06751 2.93125 2.9578 2.78629 2.83653 2.75888 2.62165 2.58106 2.58117 2.43394 2.39156 2.40556 2.24309 2.234 2.12374 1.99817 1.94521 1.87967 1.80068 1.72438 1.66797 1.5945 1.50654 1.48492 1.40223 1.34584 1.27875 1.24135 1.17488 1.13427 1.07739 1.05074 1.02336 1.01655 1.00429 1 1.00164 1.01572 1.03423 1.05294 1.08777 1.13303 1.17506 1.2254 1.27202 1.33623 1.38888 1.44766 1.50878 1.58356 1.64589 1.72268 1.77531 1.8585 1.92716 2.00326 2.06879 2.18562 2.23315 2.38703 2.38771 2.46217 2.62037 2.64139 2.7771 2.83877 2.92386 3.00157 3.09897 3.07592 3.21354 3.30505 3.3707 3.32749 3.44856 3.43142 3.54165 3.63134 3.65381 3.77658 3.77309 3.79622 3.83749 3.90234 3.98213 3.98899 
3.78705 3.77387 3.66259 3.59741 3.62075 3.54288 3.45964 3.49721 3.36662 3.33611 3.30094 3.24929 3.2105 3.06652 3.10528 3.13124 2.99696 2.93523 2.86429 2.77855 2.76406 2.68521 2.60362 2.51861 2.46789 2.51098 2.35259 2.23324 2.14911 2.07456 2.08569 2.03836 1.91942 1.81743 1.73013 1.67527 1.59457 1.55569 1.43504 1.4029 1.35047 1.26951 1.21744 1.19573 1.11296 1.0927 1.05884 1.03391 1.01743 1.00357 1 1.00372 1.0153 1.03163 1.05843 1.08705 1.1207 1.1791 1.196 1.25747 1.32358 1.38807 1.41893 1.49554 1.59383 1.64837 1.7547 1.79913 1.90921 1.96545 2.04408 2.06343 2.21523 2.29061 2.37116 2.4442 2.52099 2.58582 2.68358 2.71754 2.89488 2.87492 3.05333 3.17564 3.10898 3.22387 3.33524 3.38179 3.49428 3.38631 3.57566 3.54621 3.66309 3.73415 3.71418 3.70491 3.77824 3.79515 3.96313 3.82534 3.911 
3.75232 3.67068 3.65945 3.56179 3.53383 3.55361 3.40493 3.3838 3.44399 3.41279 3.28981 3.31904 3.23883 3.10942 3.10488 3.02635 2.99108 2.92747 2.9058 2.81563 2.78527 2.61317 2.66706 2.57296 2.53385 2.43748 2.36583 2.30156 2.2466 2.11545 2.07078 1.99804 1.85223 1.83049 1.72999 1.71985 1.61222 1.51586 1.46741 1.38949 1.31887 1.27092 1.23076 1.19566 1.12098 1.0974 1.04372 1.0304 1.01481 1.00281 1 1.00222 1.01853 1.02771 1.05421 1.09037 1.14426 1.15803 1.23041 1.24929 1.33226 1.38255 1.45049 1.50621 1.53864 1.6305 1.72953 1.80054 1.92173 1.95244 2.04547 2.14956 2.15552 2.27304 2.35794 2.44364 2.46991 2.57701 2.70419 2.65023 2.87629 2.87093 3.06479 3.08334 3.09935 3.19496 3.32965 3.38198 3.45863 3.58503 3.52682 3.6282 3.6784 3.63253 3.65813 3.74162 3.75507 3.84863 3.89498 3.9882 3.94844 
3.74165 3.77967 3.60882 3.54745 3.62641 3.62937 3.41591 3.42093 3.35349 3.38971 3.27463 3.28886 3.16354 3.20121 3.10006 3.06098 2.96651 2.89764 2.91031 2.77812 2.71488 2.70313 2.67752 2.53049 2.46438 2.41345 2.33965 2.28743 2.12062 2.15684 2.08375 1.98672 1.85032 1.77932 1.73138 1.69079 1.63061 1.57412 1.48861 1.39752 1.30405 1.26199 1.24077 1.16608 1.12001 1.09627 1.06341 1.03532 1.01264 1.00246 1 1.00161 1.00957 1.03989 1.04136 1.09866 1.1271 1.1407 1.21804 1.27019 1.32216 1.36095 1.43612 1.49297 1.53504 1.67271 1.70909 1.76571 1.84919 1.99059 2.0589 2.11685 2.17257 2.23853 2.3791 2.44738 2.52877 2.62187 2.62277 2.78817 2.87838 2.85997 3.00412 3.15284 3.20477 3.25202 3.40996 3.39941 3.39745 3.55139 3.5765 3.48036 3.70092 3.68063 3.62432 3.69435 3.76771 3.69995 3.92268 3.89815 3.92749 
3.78338 3.76818 3.64142 3.64375 3.53278 3.52306 3.50633 3.54001 3.38563 3.33908 3.25484 3.23951 3.16291 3.12845 3.09972 3.0439 2.9953 2.89278 2.9279 2.76296 2.78834 2.74582 2.60373 2.5835 2.4984 2.44406 2.36139 2.31481 2.21041 2.16527 2.09547 1.92933 1.90662 1.78735 1.73119 1.66507 1.58139 1.5415 1.42088 1.40092 1.32197 1.30893 1.20237 1.18306 1.13073 1.08273 1.06036 1.03234 1.01962 1.00225 1 1.00299 1.01137 1.02403 1.05907 1.08751 1.13395 1.18387 1.22235 1.27956 1.33399 1.3743 1.45802 1.49818 1.57999 1.65315 1.69431 1.79598 1.87109 1.98359 2.05985 2.09956 2.20912 2.28751 2.3666 2.41987 2.58689 2.53826 2.69291 2.73016 2.81303 2.90419 3.09083 3.078 3.13458 3.1956 3.2444 3.41051 3.48367 3.4772 3.50172 3.55675 3.6303 3.6366 3.70673 3.71847 3.8102 3.75533 3.90528 3.88778 3.95922 
3.82749 3.68853 3.65165 3.7131 3.57699 3.65487 3.53795 3.3795 3.37668 3.35041 3.2414 3.3026 3.17069 3.07651 3.10425 2.9776 2.99217 2.86876 2.9122 2.86682 2.74863 2.68194 2.6219 2.52203 2.4993 2.34619 2.37261 2.21557 2.21333 2.13453 2.0959 2.01759 1.91881 1.83507 1.73597 1.67523 1.5954 1.50445 1.46356 1.37546 1.32049 1.26287 1.21352 1.17255 1.1081 1.09859 1.0618 1.02695 1.01798 1.00321 1 1.00174 1.01825 1.03842 1.06199 1.09732 1.12734 1.16765 1.21369 1.25671 1.32765 1.39623 1.45411 1.53066 1.56434 1.64558 1.73603 1.79601 1.88724 1.93135 2.01733 2.11512 2.18263 2.33111 2.35306 2.39975 2.49192 2.63727 2.6426 2.81726 2.85797 3.02467 2.98214 3.08864 3.16511 3.13974 3.3571 3.31472 3.41493 3.43339 3.569 3.52586 3.66462 3.7416 3.7204 3.75802 3.7636 3.85844 3.92051 3.82409 3.95751 
3.69654 3.77746 3.74467 3.6673 3.61907 3.54408 3.60108 3.56787 3.38504 3.39863 3.22012 3.24015 3.17334 3.21139 3.05961 3.12204 3.02918 2.91469 2.84765 2.84869 2.68506 2.6409 2.58478 2.52571 2.48401 2.4094 2.41765 2.23599 2.25959 2.07024 2.06015 1.95967 1.90383 1.81367 1.74483 1.62939 1.58529 1.54098 1.46005 1.35721 1.34966 1.29991 1.22788 1.18234 1.13322 1.0871 1.05664 1.02679 1.01396 1.00509 1 1.00431 1.01109 1.0349 1.04928 1.08641 1.11136 1.18163 1.22429 1.27247 1.32382 1.36495 1.45504 1.50713 1.57495 1.65368 1.7435 1.80785 1.92997 1.9586 2.05229 2.13223 2.24228 2.2563 2.34673 2.3831 2.54997 2.64319 2.74037 2.78242 2.82504 2.9497 3.02424 3.11365 3.2751 3.18623 3.3054 3.31796 3.43141 3.53163 3.54729 3.60436 3.73146 3.70331 3.69147 3.77013 3.74533 3.80515 3.84579 3.85044 3.92736 
3.75031 3.70003 3.605 3.66605 3.53921 3.55 3.48458 3.37977 3.45467 3.31938 3.32048 3.18708 3.14169 3.08795 3.0496 2.99632 2.96558 2.86802 2.86619 2.79615 2.8192 2.61765 2.56451 2.64388 2.48965 2.48905 2.37441 2.25902 2.17385 2.12906 2.08487 2.00887 1.88963 1.82287 1.74545 1.67896 1.60634 1.53617 1.46164 1.37214 1.31827 1.2826 1.23576 1.16269 1.13758 1.08666 1.05605 1.02714 1.01876 1.00423 1 1.00365 1.00923 1.02536 1.04947 1.07966 1.13362 1.17102 1.2136 1.26437 1.31543 1.38309 1.48283 1.53355 1.61344 1.69365 1.68747 1.79455 1.93269 1.94392 2.08666 2.05999 2.19404 2.25162 2.31921 2.46692 2.5417 2.65079 2.69408 2.7682 2.87339 2.89151 2.88601 3.05939 3.12778 3.25015 3.35916 3.35568 3.50328 3.51691 3.4814 3.5683 3.66489 3.78279 3.78081 3.73141 3.82471 3.85025 3.76705 3.89947 3.90559 
3.79601 3.68892 3.72345 3.67579 3.53995 3.57348 3.51126 3.51414 3.39657 3.44228 3.29699 3.24402 3.19874 3.06692 3.04741 3.00663 2.92119 2.94136 2.90834 2.82513 2.70484 2.68718 2.68254 2.59426 2.5485 2.44968 2.32641 2.2341 2.24336 2.08334 1.98989 1.97267 1.91567 1.7884 1.75501 1.70981 1.56992 1.5681 1.44817 1.40472 1.31449 1.27808 1.22323 1.15123 1.14611 1.09018 1.06375 1.02273 1.01918 1.0039 1 1.00214 1.00954 1.03025 1.06076 1.08736 1.12409 1.17081 1.21012 1.30892 1.31552 1.37843 1.44468 1.49989 1.57709 1.6351 1.72281 1.78803 1.86449 2.02781 2.04381 2.07882 2.17661 2.28512 2.32152 2.39149 2.43104 2.55895 2.64482 2.7969 2.94514 2.89009 3.01805 3.05146 3.18547 3.27192 3.24314 3.42845 3.46606 3.53282 3.57881 3.52978 3.70354 3.74499 3.72146 3.73101 3.8474 3.93628 3.91329 3.99714 3.96452 
3.74578 3.67741 3.69189 3.63405 3.55582 3.45871 3.46238 3.50989 3.39084 3.3604 3.29182 3.27472 3.25356 3.0977 3.03096 2.95213 3.02264 2.97152 2.88582 2.81343 2.74402 2.70554 2.57922 2.57809 2.44334 2.39254 2.46112 2.2457 2.24119 2.09402 2.05526 1.93949 1.90676 1.81094 1.74899 1.68878 1.59787 1.53593 1.45418 1.37041 1.32986 1.26235 1.23719 1.17884 1.14359 1.08594 1.05959 1.03752 1.0105 1.00534 1 1.00057 1.01406 1.02891 1.06874 1.08066 1.13964 1.18212 1.22386 1.27017 1.3217 1.39109 1.47357 1.48004 1.61973 1.62162 1.74573 1.8583 1.85305 1.94246 2.02268 2.14438 2.10542 2.29374 2.3113 2.45654 2.48602 2.60609 2.67702 2.79195 2.82364 2.93815 2.98205 3.07856 3.15773 3.15476 3.13952 3.30806 3.45083 3.46003 3.58833 3.56816 3.59486 3.71279 3.61299 3.74114 3.79759 3.85234 3.98988 3.85276 3.88917 
3.82957 3.64676 3.70459 3.65106 3.56999 3.45699 3.51486 3.4398 3.33975 3.35982 3.39835 3.33291 3.20006 3.18903 3.05817 3.03945 2.99631 2.90813 2.84447 2.82272 2.73238 2.72285 2.58948 2.5722 2.44861 2.33502 2.3363 2.28608 2.23926 2.15625 2.08472 2.00271 1.89759 1.79691 1.73092 1.68979 1.60221 1.51651 1.52343 1.39332 1.34351 1.29292 1.23578 1.16803 1.11639 1.08518 1.06199 1.02862 1.01237 1.00471 1 1.00236 1.01317 1.03551 1.05004 1.07726 1.12148 1.14655 1.20861 1.26864 1.30897 1.41179 1.43779 1.4978 1.5696 1.60283 1.72701 1.77806 1.88173 1.96267 2.05623 2.05956 2.17505 2.28394 2.27794 2.43774 2.50543 2.56095 2.71272 2.77254 2.79117 2.90502 2.99172 3.07047 3.11938 3.21356 3.32781 3.24353 3.35105 3.5065 3.63779 3.50668 3.62524 3.61782 3.64332 3.7603 3.82091 3.7181 3.81957 3.89677 3.92426 
3.77734 3.73569 3.69403 3.70136 3.65512 3.59262 3.45794 3.4157 3.38312 3.37917 3.26026 3.24057 3.20922 3.1423 3.10562 3.0353 2.97369 2.97352 2.93269 2.73667 2.7362 2.67865 2.55056 2.58601 2.55543 2.44799 2.38534 2.30536 2.19817 2.13262 2.06749 1.96633 1.96545 1.8474 1.75037 1.65902 1.61037 1.52871 1.44803 1.36896 1.32907 1.24798 1.22171 1.16902 1.13594 1.10034 1.04938 1.03097 1.01376 1.00015 1 1.00358 1.01271 1.02156 1.0524 1.09954 1.11143 1.19447 1.23716 1.26258 1.33649 1.41126 1.42541 1.52138 1.57951 1.61124 1.71836 1.81414 1.8408 1.93866 2.03297 2.13621 2.19806 2.23668 2.35826 2.32436 2.50665 2.63065 2.62487 2.74068 2.85981 2.9736 3.09434 3.01363 3.06662 3.25772 3.23786 3.33338 3.33978 3.49895 3.54182 3.58144 3.72237 3.66909 3.68804 3.75072 3.77591 3.81269 3.90243 3.86872 3.95706 
3.79565 3.63195 3.56297 3.58783 3.57923 3.57085 3.44491 3.36941 3.34987 3.31143 3.25192 3.22389 3.19993 3.29962 3.15551 3.05494 3.03908 2.93904 2.86214 2.82307 2.7723 2.65763 2.63458 2.56406 2.47959 2.48485 2.32207 2.24027 2.23754 2.08148 2.08694 1.94414 1.94159 1.87105 1.73122 1.65794 1.58818 1.54575 1.43332 1.39588 1.3437 1.27268 1.22949 1.15668 1.13623 1.09249 1.05102 1.035 1.02148 1.0029 1 1.00141 1.00954 1.03029 1.04183 1.09242 1.10621 1.18554 1.21569 1.23353 1.33204 1.38601 1.43963 1.49151 1.55064 1.62255 1.73918 1.77825 1.85581 1.92333 2.03613 2.05831 2.17975 2.29495 2.39037 2.37326 2.46798 2.57877 2.64225 2.68486 2.82482 2.89512 2.91824 3.0658 3.0704 3.20947 3.33876 3.45277 3.51286 3.52831 3.55035 3.51953 3.62574 3.67611 3.80734 3.89817 3.8251 3.78365 3.94188 3.94689 3.95761 
3.76068 3.71243 3.62614 3.69039 3.63381 3.50729 3.5407 3.4342 3.31842 3.34389 3.35174 3.23958 3.16176 3.13414 3.08127 3.07915 3.01562 2.94474 2.92751 2.83916 2.75002 2.70535 2.55936 2.51452 2.52446 2.45944 2.34398 2.31395 2.21978 2.06466 2.00699 2.03269 1.88566 1.81555 1.71957 1.62972 1.62496 1.53849 1.46928 1.39038 1.35104 1.2934 1.229 1.18655 1.12974 1.08244 1.06881 1.04005 1.01929 1.00482 1 1.00264 1.00911 1.0321 1.04989 1.09539 1.12722 1.17982 1.22831 1.26454 1.31685 1.37071 1.47217 1.5075 1.60821 1.63559 1.7106 1.79081 1.85908 1.94109 2.01791 2.09019 2.1982 2.25051 2.30483 2.41029 2.49448 2.61716 2.61999 2.75341 2.83949 2.96427 2.88201 2.96877 3.15245 3.34623 3.28376 3.27955 3.54128 3.42721 3.51596 3.54798 3.50153 3.68613 3.68044 3.8171 3.82432 3.7862 3.94866 3.9114 3.96398 
3.79359 3.70875 3.68775 3.61552 3.57567 3.49972 3.52143 3.42888 3.43649 3.33123 3.25713 3.31771 3.2601 3.02455 3.01602 3.05442 2.91721 2.97034 2.86269 2.70282 2.73002 2.71135 2.69041 2.58083 2.4474 2.3953 2.31625 2.26982 2.19346 2.10922 2.07181 1.95374 1.89286 1.79456 1.74671 1.68184 1.596 1.52113 1.44621 1.42328 1.35341 1.2916 1.22903 1.19362 1.13929 1.08795 1.07058 1.03219 1.0201 1.00337 1 1.0042 1.01364 1.02522 1.06382 1.08297 1.10942 1.18495 1.20714 1.2733 1.34463 1.38517 1.47119 1.47564 1.56685 1.68695 1.69512 1.80409 1.85625 2.00432 2.06938 2.11202 2.20367 2.3195 2.32674 2.46676 2.52396 2.60668 2.6921 2.75976 2.86466 2.89573 3.06155 3.06206 3.21235 3.20688 3.19318 3.28666 3.31079 3.47258 3.53204 3.62072 3.63237 3.61008 3.74454 3.90536 3.93959 3.91576 3.94983 3.91415 3.89621 
3.79805 3.78344 3.6441 3.51727 3.51947 3.46359 3.50081 3.45866 3.36093 3.30698 3.2641 3.31797 3.19656 3.20959 3.07429 3.1159 2.94442 2.91531 2.78835 2.75359 2.76674 2.74444 2.62152 2.55671 2.51987 2.46143 2.34485 2.2477 2.20426 2.11164 2.04166 1.96177 1.85144 1.82483 1.69989 1.66296 1.57286 1.49154 1.50093 1.37674 1.32544 1.26416 1.2158 1.1623 1.11423 1.1071 1.06218 1.02878 1.01507 1.00331 1 1.00225 1.01216 1.03018 1.0662 1.08095 1.12623 1.17403 1.2238 1.26557 1.33322 1.3795 1.45846 1.52157 1.62405 1.70066 1.69703 1.76075 1.92716 1.9695 2.03628 2.11529 2.22387 2.19422 2.25428 2.39589 2.54199 2.49789 2.72653 2.73699 2.76285 2.95335 3.00675 3.04378 3.21399 3.20615 3.29119 3.41111 3.409 3.42772 3.52156 3.54673 3.62598 3.60687 3.71143 3.78245 3.90557 3.74648 3.94036 3.81498 3.85827 
3.71774 3.68213 3.71306 3.671 3.56663 3.57573 3.53304 3.39706 3.40856 3.24839 3.25476 3.25146 3.19878 3.07509 3.05239 3.07771 2.96946 2.91204 2.92341 2.8724 2.75229 2.68532 2.63525 2.55171 2.51054 2.39858 2.43719 2.19203 2.16546 2.08943 2.07063 2.04015 1.92359 1.85403 1.69254 1.67338 1.56753 1.54271 1.436 1.36824 1.33779 1.27638 1.20075 1.17306 1.11953 1.08778 1.06592 1.02956 1.01721 1.00294 1 1.00352 1.01417 1.03159 1.05125 1.0846 1.12502 1.17647 1.21944 1.27951 1.3307 1.37211 1.45423 1.54041 1.54215 1.63228 1.71376 1.79498 1.87134 1.93788 1.99917 2.09862 2.21665 2.25732 2.31992 2.45113 2.57487 2.56272 2.64306 2.83609 2.853 2.96142 3.02345 3.06525 3.15778 3.23514 3.28309 3.33239 3.46812 3.44476 3.57184 3.65293 3.55443 3.73186 3.74847 3.78809 3.93001 3.87096 3.88511 3.89018 3.88783 
3.75933 3.68058 3.69637 3.6189 3.54486 3.42397 3.49395 3.40991 3.4603 3.4211 3.30453 3.29724 3.13595 3.11223 3.0748 3.07797 2.9557 2.90281 2.89909 2.79014 2.68727 2.66586 2.60298 2.53535 2.5029 2.4019 2.4062 2.26151 2.16289 2.12099 2.02319 1.98893 1.8444 1.78653 1.71665 1.67532 1.58157 1.55364 1.46796 1.38813 1.33343 1.28475 1.22243 1.17985 1.13083 1.08499 1.06593 1.03591 1.01479 1.00487 1 1.00408 1.01635 1.0253 1.05825 1.0826 1.11299 1.15656 1.20826 1.30638 1.37553 1.38196 1.45466 1.49379 1.59428 1.63426 1.70471 1.79749 1.90386 1.94534 1.9873 2.10331 2.09431 2.27829 2.33949 2.42518 2.48903 2.56576 2.74274 2.74886 2.87106 2.90755 2.91611 3.05029 3.23587 3.22127 3.27559 3.39292 3.37198 3.43403 3.60905 3.62626 3.57575 3.63957 3.73506 3.7233 3.84953 3.81461 3.9492 3.99098 3.91797 
3.78652 3.73784 3.70578 3.59516 3.56041 3.45345 3.57274 3.58293 3.34468 3.34546 3.27438 3.25175 3.08745 3.17445 3.06678 2.97753 2.98368 2.97463 2.90929 2.74299 2.77281 2.69646 2.64152 2.54904 2.50813 2.4002 2.36889 2.29979 2.2396 2.06811 2.11421 1.95296 1.82235 1.80382 1.71555 1.62211 1.53373 1.50316 1.47986 1.38276 1.35765 1.29747 1.22444 1.17675 1.11937 1.08676 1.05034 1.03966 1.01642 1.00434 1 1.00693 1.01664 1.03306 1.06409 1.0715 1.11855 1.15601 1.21535 1.25555 1.31879 1.38715 1.44998 1.53512 1.58301 1.68971 1.70829 1.80097 1.85936 1.95119 2.04487 2.10372 2.19019 2.28214 2.45761 2.41854 2.507 2.56309 2.7154 2.74021 2.88595 2.95789 2.95159 2.97428 3.14249 3.22961 3.26494 3.32179 3.55425 3.45516 3.56835 3.47031 3.54025 3.74652 3.76527 3.86931 3.68139 3.92544 3.90555 3.94224 3.97267 
3.69031 3.59558 3.68593 3.60893 3.59034 3.53589 3.41766 3.47457 3.42744 3.42227 3.37518 3.22155 3.11993 3.1484 3.10307 3.09204 2.94942 2.95654 2.87669 2.83681 2.72529 2.71496 2.68 2.5853 2.61161 2.45491 2.41708 2.35186 2.17287 2.15127 1.99533 1.94203 1.85687 1.7861 1.74006 1.69023 1.58487 1.51549 1.4446 1.37863 1.33315 1.25623 1.21911 1.16902 1.11237 1.08863 1.05 1.03502 1.01562 1.00451 1 1.00262 1.00844 1.03003 1.04923 1.09706 1.119 1.18081 1.22696 1.28313 1.3157 1.36899 1.46038 1.52664 1.55933 1.69101 1.7625 1.82292 1.86958 1.94029 2.1179 2.17267 2.12099 2.26332 2.31134 2.469 2.45165 2.58543 2.6877 2.79341 2.77183 2.93208 3.0136 3.06256 3.15867 3.16063 3.34002 3.25845 3.39241 3.53285 3.49295 3.4592 3.66212 3.56803 3.77255 3.66137 3.81307 3.80138 3.80422 3.91019 3.90592 
3.80693 3.75476 3.7109 3.68611 3.64437 3.47281 3.52958 3.43028 3.38797 3.36368 3.32825 3.33428 3.21479 3.15919 2.9914 3.03113 2.9761 2.90255 2.84806 2.73636 2.78498 2.64975 2.62703 2.50533 2.52016 2.40184 2.31196 2.2578 2.19786 2.13238 2.0747 1.96248 1.87889 1.78349 1.72205 1.65973 1.60032 1.51199 1.45965 1.36928 1.32445 1.26506 1.23493 1.17618 1.13106 1.07719 1.06325 1.03778 1.01476 1.00553 1 1.0033 1.01121 1.03054 1.05636 1.08318 1.13908 1.14989 1.22956 1.28345 1.30474 1.36098 1.45111 1.51363 1.57921 1.65646 1.74335 1.74955 1.82702 1.93488 2.06939 2.10721 2.19302 2.28324 2.43164 2.36596 2.4671 2.59385 2.71146 2.71208 2.80003 2.86269 2.96035 3.20333 3.23312 3.1183 3.32 3.36137 3.41723 3.51437 3.55336 3.48911 3.61671 3.68454 3.74187 3.68582 3.89247 3.84287 3.825 3.93168 3.95759 
3.71287 3.74972 3.54661 3.65286 3.57618 3.54662 3.58675 3.43936 3.35273 3.35283 3.22905 3.2157 3.16829 3.17416 3.14297 3.00835 2.89514 2.9933 2.86428 2.877 2.75056 2.69156 2.62312 2.65658 2.56625 2.37383 2.33965 2.29741 2.1431 2.12232 2.04739 1.98182 1.87286 1.80581 1.69505 1.62899 1.58869 1.50577 1.46406 1.37925 1.31331 1.28825 1.21357 1.15997 1.13097 1.07892 1.05542 1.02939 1.01056 1.00522 1 1.00382 1.0133 1.02582 1.05364 1.09358 1.12267 1.17247 1.22783 1.25588 1.32229 1.38887 1.43202 1.48432 1.61371 1.67254 1.71509 1.81925 1.92156 2.00581 2.0135 2.0932 2.11509 2.2554 2.34877 2.40091 2.51225 2.61107 2.61623 2.82399 2.80322 2.97283 2.90881 3.00942 3.15244 3.19335 3.20428 3.3002 3.35102 3.42864 3.50801 3.49538 3.73544 3.61737 3.74033 3.84418 3.8229 3.71258 3.90108 3.91612 4.02651 
3.79211 3.68775 3.70217 3.61921 3.5475 3.59637 3.48021 3.48534 3.36431 3.27078 3.27186 3.36878 3.20826 3.22521 3.11482 2.98303 2.96402 2.96069 2.84613 2.78127 2.72886 2.75474 2.61013 2.5553 2.538 2.4261 2.32145 2.29909 2.16179 2.13213 2.02595 1.96443 1.93603 1.7586 1.74862 1.63402 1.56167 1.53213 1.44584 1.39485 1.34186 1.27262 1.20893 1.20016 1.13699 1.09944 1.06111 1.03975 1.01723 1.00432 1 1.00534 1.01103 1.03277 1.06126 1.0897 1.12609 1.18035 1.21415 1.26499 1.30208 1.37095 1.4334 1.52485 1.58841 1.61539 1.70951 1.79146 1.82662 1.96868 1.97601 2.08825 2.11488 2.18856 2.30816 2.52176 2.50224 2.60147 2.6484 2.78169 2.77595 2.97974 3.04313 3.09886 3.17333 3.24221 3.31628 3.43028 3.47757 3.53186 3.61595 3.64694 3.56754 3.72182 3.66012 3.84014 3.71355 3.86731 3.91973 3.93316 3.97563 
3.70602 3.73685 3.65919 3.55955 3.66259 3.46751 3.45033 3.41954 3.40968 3.27261 3.23652 3.223 3.22313 3.13611 3.05428 3.06602 3.02594 2.91573 2.79601 2.74718 2.77144 2.68669 2.68338 2.50579 2.46773 2.47685 2.3044 2.28933 2.19637 2.13769 2.04565 1.97612 1.92272 1.81787 1.7222 1.65683 1.60484 1.51014 1.49281 1.36175 1.29729 1.27987 1.20101 1.17737 1.13428 1.09365 1.05697 1.03199 1.01601 1.00381 1 1.0044 1.01604 1.03389 1.06133 1.09445 1.12773 1.15923 1.22956 1.27583 1.31986 1.36304 1.47213 1.49772 1.59942 1.6502 1.68285 1.78945 1.87126 1.96427 1.99783 2.0843 2.13947 2.29628 2.34123 2.42714 2.49422 2.5713 2.64453 2.69738 2.8137 2.99875 3.07481 2.98983 3.2162 3.23791 3.3887 3.28968 3.4388 3.46611 3.52997 3.54896 3.67299 3.71608 3.64331 3.80896 3.81929 3.75818 3.83131 3.97326 3.96177 
3.73976 3.73737 3.68303 3.56547 3.66152 3.61565 3.4767 3.4188 3.41407 3.2907 3.32299 3.1297 3.14973 3.15934 3.10892 2.99162 2.9879 2.94419 2.86129 2.89822 2.77141 2.6242 2.63884 2.47585 2.63026 2.44688 2.33274 2.33518 2.23692 2.13731 2.08443 1.93948 1.88709 1.80895 1.78122 1.66732 1.61261 1.52407 1.48824 1.40209 1.3446 1.3083 1.22044 1.15999 1.13398 1.09804 1.05767 1.04568 1.019 1.00196 1 1.0049 1.01339 1.03215 1.05427 1.07922 1.13321 1.1807 1.21533 1.27405 1.30016 1.39467 1.44371 1.51342 1.56808 1.61913 1.73353 1.81109 1.88615 1.97392 2.08251 2.11621 2.13002 2.27205 2.347 2.39248 2.49715 2.52897 2.7193 2.72647 2.85331 2.89637 3.04464 3.12587 3.18095 3.24099 3.35141 3.26555 3.42925 3.45927 3.48611 3.61339 3.65461 3.61394 3.74278 3.73772 3.72274 3.81747 3.85111 3.76635 3.98857 
3.74196 3.76645 3.63511 3.72143 3.64292 3.61718 3.4567 3.45608 3.41291 3.30166 3.26753 3.29583 3.179 3.15464 3.05258 3.11757 2.99976 2.92149 2.78903 2.73393 2.76981 2.73836 2.65513 2.55794 2.51574 2.4724 2.34931 2.26869 2.2024 2.11868 1.99859 1.96018 1.89636 1.87537 1.7377 1.66691 1.59452 1.50473 1.4231 1.41494 1.34179 1.29858 1.20473 1.1603 1.11256 1.0783 1.05857 1.03484 1.01306 1.00273 1 1.00369 1.01709 1.03064 1.04834 1.07042 1.13454 1.17378 1.2249 1.27673 1.32703 1.37367 1.42825 1.51601 1.61049 1.64166 1.69954 1.80129 1.8767 1.90702 1.98871 2.11078 2.1434 2.23585 2.29181 2.37159 2.54426 2.66195 2.66591 2.78556 2.80912 2.88015 2.88432 3.1389 3.10554 3.26119 3.249 3.36059 3.41919 3.38198 3.57273 3.56502 3.66401 3.58967 3.73358 3.70355 3.78756 3.81562 3.91842 3.90347 3.91756 
3.68225 3.65545 3.67282 3.69333 3.47113 3.46866 3.5439 3.50697 3.41466 3.34466 3.32823 3.27515 3.25249 3.17685 3.11006 3.0212 2.89266 2.96215 2.86443 2.84359 2.74778 2.72811 2.58835 2.56696 2.56282 2.41616 2.41748 2.26722 2.2532 2.09876 2.02238 2.01011 1.8863 1.80942 1.74235 1.67136 1.5647 1.50761 1.43605 1.39879 1.33396 1.28191 1.22225 1.17353 1.13848 1.11008 1.04747 1.02893 1.01278 1.00292 1 1.00303 1.01216 1.02884 1.05369 1.09746 1.12817 1.17373 1.19387 1.24719 1.35183 1.36882 1.44268 1.50067 1.56673 1.64361 1.72637 1.77385 1.84331 1.96561 2.04035 2.08948 2.25157 2.24714 2.40007 2.37106 2.52939 2.59049 2.67418 2.75798 2.86993 2.89543 3.01032 2.95117 3.15546 3.21778 3.33047 3.38411 3.42762 3.50532 3.51948 3.58593 3.67525 3.6693 3.71969 3.86192 3.81395 3.87158 3.77103 3.88893 4.01156 
3.7747 3.69588 3.74748 3.59674 3.525 3.52625 3.58844 3.55013 3.37948 3.32238 3.24894 3.30288 3.17908 3.10783 3.08974 3.05881 2.97928 2.97986 2.76804 2.80346 2.70098 2.60425 2.73248 2.58974 2.45095 2.43947 2.38416 2.2994 2.2393 2.10217 2.06164 1.97945 1.90102 1.77537 1.73434 1.66071 1.59211 1.52332 1.45765 1.36052 1.32082 1.2783 1.24471 1.1647 1.11803 1.0959 1.05744 1.0259 1.01551 1.00162 1 1.00262 1.01097 1.02994 1.05307 1.07993 1.1155 1.19174 1.22744 1.27511 1.30912 1.39275 1.4358 1.52387 1.57377 1.64665 1.6918 1.84864 1.85774 1.92742 2.01744 2.12966 2.16277 2.3137 2.35393 2.3583 2.47574 2.58187 2.58004 2.82358 2.86034 2.87999 2.97092 3.11064 3.12736 3.18173 3.31614 3.40174 3.35882 3.52773 3.54692 3.60766 3.67183 3.63924 3.67072 3.71287 3.8034 3.87268 3.78085 3.97267 3.9777 
3.82966 3.67357 3.62045 3.63398 3.5558 3.4852 3.50244 3.38629 3.39487 3.31502 3.26163 3.22824 3.19842 3.15613 3.12526 3.08791 3.02611 2.92457 2.80984 2.83009 2.74684 2.70488 2.59645 2.57169 2.53473 2.46556 2.33719 2.24214 2.1872 2.09053 2.0538 2.03003 1.90698 1.79763 1.7519 1.62155 1.58948 1.53636 1.45086 1.37926 1.33609 1.2988 1.20049 1.17846 1.12875 1.09481 1.05406 1.0348 1.01416 1.00314 1 1.00349 1.01383 1.01756 1.04966 1.09087 1.10773 1.15435 1.22237 1.23739 1.32219 1.36798 1.4506 1.50792 1.58121 1.68549 1.74391 1.79478 1.8686 2.0168 1.97982 2.20561 2.16646 2.27548 2.33659 2.44323 2.5115 2.61834 2.70449 2.86692 2.83571 2.97634 3.04367 3.09366 3.20647 3.21786 3.28166 3.32352 3.41533 3.54395 3.60546 3.48955 3.55204 3.50428 3.71558 3.84696 3.81027 3.79187 3.94967 3.88258 4.09802 
3.76799 3.72178 3.62655 3.63604 3.52133 3.58471 3.47573 3.52316 3.35656 3.27849 3.41811 3.27149 3.16108 3.19776 3.04779 2.95743 2.9358 2.93144 2.86588 2.84788 2.70654 2.68305 2.65072 2.65297 2.46314 2.39842 2.36465 2.20071 2.16923 2.09448 2.07411 1.86452 1.9175 1.79131 1.75991 1.70058 1.60875 1.52182 1.45653 1.37267 1.32707 1.27931 1.22743 1.16092 1.1304 1.09398 1.05158 1.0368 1.0183 1.00332 1 1.00363 1.01121 1.02832 1.04668 1.08639 1.10914 1.16132 1.19733 1.26317 1.33158 1.37172 1.4391 1.46725 1.5822 1.6273 1.71268 1.80427 1.87265 1.92212 1.99865 2.13766 2.17335 2.28127 2.28377 2.41527 2.48111 2.57211 2.70595 2.72906 2.86456 2.91646 2.98557 3.05776 3.13745 3.21767 3.31133 3.40696 3.27441 3.47676 3.47668 3.62018 3.70058 3.62107 3.68367 3.75478 3.80583 3.81599 3.87552 3.89285 3.91825 
3.74868 3.75536 3.75027 3.51053 3.47793 3.56769 3.39708 3.37899 3.36448 3.38929 3.23355 3.22304 3.18634 3.06903 3.05657 3.05879 2.90344 2.97696 2.88731 2.79453 2.73873 2.52947 2.7132 2.52178 2.49183 2.51533 2.40896 2.31114 2.19378 2.18467 2.02477 1.94003 1.84414 1.79694 1.74658 1.64431 1.62074 1.56262 1.48942 1.39337 1.32091 1.27714 1.20496 1.16682 1.1274 1.10212 1.06108 1.02024 1.0171 1.00248 1 1.00282 1.00502 1.02604 1.05833 1.0892 1.12658 1.16082 1.21652 1.28614 1.29807 1.36242 1.41977 1.5137 1.60335 1.67323 1.73372 1.81323 1.88932 1.93079 2.03408 2.12963 2.1439 2.30934 2.34358 2.41356 2.47922 2.5405 2.69797 2.79391 2.82366 2.91163 2.9062 3.08078 3.12731 3.11357 3.25808 3.40925 3.50503 3.48531 3.52314 3.54151 3.65823 3.59954 3.71261 3.71422 3.7944 3.9038 3.91114 3.94354 3.86767 
3.72874 3.77378 3.66335 3.56763 3.5914 3.55043 3.63063 3.43472 3.34811 3.32554 3.23624 3.26798 3.20368 3.15679 3.0315 3.04811 2.90154 2.88344 2.87876 2.8071 2.67364 2.64757 2.58197 2.59049 2.51977 2.36595 2.29272 2.29121 2.21576 2.15956 2.07264 1.98769 1.9175 1.82216 1.73966 1.65831 1.5699 1.53893 1.45316 1.3939 1.33393 1.2847 1.20676 1.16338 1.13101 1.09105 1.0618 1.03508 1.01685 1.0063 1 1.00204 1.01292 1.03237 1.05501 1.07953 1.11663 1.17409 1.22754 1.25814 1.31864 1.37788 1.43813 1.50605 1.5898 1.64432 1.75784 1.79538 1.88997 1.95917 2.01834 2.05449 2.2215 2.21846 2.3568 2.4106 2.54238 2.60101 2.81497 2.75962 2.78634 2.85521 3.03814 3.03949 3.21638 3.25484 3.28615 3.37892 3.43726 3.48358 3.51994 3.54879 3.59621 3.72429 3.75316 3.77684 3.94892 3.85678 3.8845 3.87022 3.87958 
3.78062 3.72338 3.55716 3.5915 3.51293 3.54731 3.55829 3.41652 3.42263 3.36301 3.25283 3.24818 3.19797 3.12132 3.11664 2.89279 2.98623 2.96182 2.82284 2.71212 2.7616 2.73641 2.62657 2.53485 2.56198 2.48511 2.34169 2.32402 2.21461 2.06407 2.05189 1.96488 1.86803 1.80377 1.76483 1.67068 1.61611 1.50435 1.44641 1.39948 1.33918 1.27591 1.20948 1.17025 1.14219 1.08873 1.05199 1.02962 1.01583 1.00211 1 1.00442 1.01185 1.03912 1.06109 1.08661 1.11733 1.17732 1.19818 1.29329 1.28698 1.3985 1.46345 1.50661 1.54048 1.69243 1.74665 1.78504 1.88486 1.90069 1.96702 2.07508 2.16558 2.27474 2.40015 2.40761 2.43808 2.6135 2.70242 2.7364 2.83073 2.8953 3.05709 2.97008 3.14486 3.1236 3.29316 3.36187 3.33772 3.36224 3.61734 3.54747 3.64198 3.62494 3.63188 3.78049 3.79659 3.81957 3.9303 3.79084 3.94876 
3.78544 3.70661 3.75672 3.62518 3.58773 3.55728 3.44323 3.46967 3.42387 3.27678 3.32352 3.28248 3.24816 3.14528 3.11758 3.05976 2.99249 2.81517 2.87031 2.75624 2.71859 2.53583 2.56862 2.55111 2.47985 2.41393 2.37975 2.22626 2.21068 2.14114 2.05492 1.91158 1.90379 1.78914 1.72252 1.60193 1.60949 1.50653 1.44965 1.36985 1.30705 1.28047 1.23903 1.17891 1.1214 1.08476 1.0521 1.03386 1.01609 1.00612 1 1.00402 1.01555 1.03078 1.05668 1.08841 1.12616 1.15594 1.23329 1.25849 1.31122 1.37703 1.46484 1.46905 1.57266 1.638 1.70771 1.77205 1.87398 1.97733 2.03175 2.10783 2.18479 2.24017 2.347 2.43122 2.53311 2.64603 2.68712 2.80558 2.76577 2.88041 2.96874 3.09344 3.1773 3.22936 3.27041 3.35443 3.42369 3.40763 3.51652 3.58487 3.65263 3.66965 3.60553 3.77502 3.86786 3.75674 3.91006 4.0566 3.92562 
3.82546 3.65651 3.56161 3.59702 3.54024 3.57798 3.48786 3.56035 3.3893 3.37071 3.26134 3.31846 3.20273 3.07223 3.03261 2.96578 2.83727 2.95257 2.85377 2.81573 2.68407 2.65714 2.56676 2.60192 2.55957 2.43211 2.35444 2.26637 2.13905 2.07956 2.00746 1.975 1.89064 1.84267 1.75386 1.66535 1.62215 1.55735 1.48867 1.42528 1.33067 1.28493 1.21635 1.16409 1.12614 1.08124 1.05712 1.03666 1.01566 1.00266 1 1.00438 1.0178 1.02276 1.06376 1.08765 1.13376 1.1751 1.2237 1.25175 1.3259 1.37996 1.44167 1.50175 1.55495 1.6762 1.68958 1.78662 1.81911 1.96283 2.00188 2.08375 2.11157 2.20959 2.32627 2.49155 2.56132 2.60557 2.68527 2.72907 2.77144 2.86958 2.9408 3.13422 3.20947 3.23627 3.2892 3.35143 3.40525 3.48865 3.48814 3.53701 3.56095 3.68589 3.72209 3.79975 3.72847 3.75555 3.89323 3.99929 3.95467 
3.78505 3.68972 3.655 3.60388 3.54907 3.59935 3.42209 3.4499 3.37841 3.31784 3.30065 3.21115 3.2104 3.11484 3.0715 3.02191 3.01748 2.80473 2.85176 2.87881 2.73627 2.64832 2.60893 2.53403 2.48311 2.53507 2.3198 2.34709 2.21829 2.09833 2.04699 1.98873 1.854 1.78817 1.70167 1.66972 1.60432 1.5483 1.48248 1.38261 1.32039 1.27121 1.23442 1.16914 1.1377 1.0917 1.06678 1.03838 1.01616 1.00215 1 1.00331 1.02139 1.02885 1.06756 1.08148 1.11785 1.15859 1.20813 1.25843 1.2851 1.3854 1.45894 1.48579 1.58462 1.64327 1.68578 1.82405 1.85442 1.92891 2.00407 2.08745 2.18713 2.30534 2.32462 2.40801 2.49175 2.60064 2.67014 2.70172 2.90509 2.94591 3.03277 3.07179 3.13373 3.16466 3.26586 3.39488 3.44834 3.42049 3.53707 3.58242 3.59268 3.73472 3.81012 3.74509 3.83529 3.79089 3.79086 4.0035 3.83254 
3.76462 3.71958 3.61545 3.54167 3.59315 3.50823 3.45316 3.42355 3.31252 3.44886 3.35714 3.26868 3.19095 3.10124 3.10943 2.96089 2.95044 2.96209 2.92872 2.80132 2.74412 2.72909 2.6429 2.624 2.54272 2.45462 2.30948 2.29743 2.21325 2.14847 2.08158 1.94763 1.88538 1.7665 1.74463 1.65535 1.54551 1.51666 1.4258 1.42745 1.32282 1.28367 1.20246 1.17695 1.1349 1.08238 1.05038 1.03955 1.01396 1.00484 1 1.00446 1.01445 1.02748 1.05932 1.10076 1.13606 1.15726 1.22312 1.28077 1.33206 1.39003 1.42457 1.5297 1.5648 1.6257 1.75627 1.81132 1.8571 1.9848 1.96891 2.09034 2.18201 2.32422 2.2893 2.52836 2.47567 2.5915 2.62366 2.73871 2.81875 2.86961 3.03107 3.09981 3.07722 3.17947 3.26912 3.36354 3.49102 3.37519 3.56003 3.57072 3.39802 3.69176 3.78539 3.78206 3.83698 3.90031 3.84234 3.92426 3.90944 
3.737 3.73162 3.73875 3.57256 3.54557 3.61604 3.43778 3.55177 3.42219 3.34955 3.25338 3.14725 3.17464 3.18102 3.11997 3.03568 3.03539 2.89088 2.90102 2.7722 2.77598 2.68836 2.68936 2.57957 2.44414 2.43671 2.41699 2.24262 2.18211 2.16784 2.00462 1.95958 1.94663 1.837 1.74825 1.6804 1.59726 1.52533 1.44217 1.34934 1.36035 1.27939 1.21988 1.16117 1.12301 1.09302 1.05473 1.04065 1.01774 1.00735 1 1.00437 1.01083 1.03393 1.05918 1.09153 1.10751 1.16665 1.22226 1.28346 1.31413 1.36882 1.38786 1.51953 1.57166 1.63984 1.72247 1.8394 1.88916 1.95305 2.00957 2.08491 2.18059 2.28872 2.35136 2.40641 2.49512 2.63964 2.67471 2.76486 2.84232 2.89916 3.05565 3.01391 3.10696 3.20673 3.30579 3.42476 3.31443 3.47117 3.564 3.53909 3.63174 3.64909 3.73764 3.61051 3.83122 3.88656 3.71627 3.89849 4.00238 
3.72493 3.74358 3.72155 3.62021 3.53983 3.52365 3.45398 3.49369 3.45143 3.39487 3.22884 3.29588 3.2274 3.10789 3.17729 3.06757 2.98465 2.91703 2.88774 2.84253 2.62634 2.65296 2.57724 2.49254 2.49139 2.373 2.37225 2.30515 2.1981 2.12478 2.12075 1.97446 1.90893 1.82836 1.76103 1.66164 1.60305 1.51054 1.45756 1.39464 1.33007 1.27211 1.20978 1.18882 1.12094 1.09798 1.06736 1.04118 1.01747 1.00509 1 1.00559 1.017 1.02965 1.05429 1.08206 1.12023 1.16826 1.22735 1.2851 1.33041 1.39079 1.44947 1.51536 1.56237 1.61909 1.76203 1.77114 1.85976 1.91909 2.0184 2.10066 2.17477 2.27069 2.34595 2.41343 2.58737 2.59151 2.68581 2.81173 2.82179 2.82098 3.0259 3.0314 3.16179 3.22572 3.33447 3.41305 3.37094 3.42878 3.48625 3.63627 3.62735 3.73072 3.67764 3.7524 3.76882 3.82999 3.81139 3.88892 3.86188 
3.92936 3.68162 3.73986 3.63666 3.6527 3.60658 3.57023 3.39443 3.50502 3.29037 3.32473 3.28074 3.21566 3.18284 3.10975 3.05464 2.94941 2.93272 2.85856 2.71477 2.73289 2.68983 2.63097 2.6272 2.48311 2.37521 2.34386 2.22482 2.19137 2.08799 1.97601 1.93056 1.91658 1.82225 1.74793 1.69048 1.60056 1.49531 1.46903 1.39716 1.33541 1.28506 1.21314 1.17742 1.12152 1.09055 1.06984 1.03895 1.01314 1.00279 1 1.00204 1.01339 1.03422 1.06184 1.09356 1.13691 1.15523 1.20374 1.2601 1.33498 1.36491 1.44525 1.47896 1.58778 1.64529 1.69967 1.79201 1.90765 1.95616 2.04783 2.13429 2.20852 2.31631 2.32327 2.46521 2.52604 2.67858 2.70495 2.67681 2.8056 2.84618 3.03683 3.08925 3.25305 3.25376 3.28046 3.23774 3.34941 3.49776 3.49415 3.54963 3.51323 3.70565 3.80131 3.7753 3.77978 3.82148 3.94802 3.90423 3.92043 
3.86672 3.78257 3.77283 3.64294 3.66271 3.59846 3.55932 3.55901 3.47724 3.37223 3.29565 3.17303 3.33704 3.17871 3.16035 3.05964 3.03332 2.86492 2.91236 2.74584 2.72328 2.6946 2.62807 2.59098 2.54019 2.41885 2.36842 2.33243 2.25309 2.0963 2.10488 1.92181 1.83345 1.76939 1.74019 1.69983 1.59157 1.51112 1.43722 1.38696 1.32471 1.27454 1.23748 1.17468 1.12591 1.09134 1.06196 1.03132 1.01445 1.00511 1 1.00417 1.02387 1.03602 1.05646 1.07779 1.11897 1.16371 1.19199 1.25237 1.34726 1.35782 1.4408 1.49726 1.58686 1.63338 1.71967 1.78595 1.87078 1.93994 2.0252 2.11795 2.16085 2.23587 2.36432 2.41817 2.54436 2.63787 2.59329 2.72249 2.80114 2.91309 3.0358 3.03075 3.17642 3.3287 3.23878 3.48085 3.42593 3.56464 3.33161 3.55496 3.55634 3.72504 3.69096 3.75245 3.87133 3.80365 3.90634 3.94885 3.88196 
3.7504 3.77249 3.70283 3.64258 3.63015 3.57256 3.42898 3.47203 3.44562 3.32024 3.22465 3.22591 3.29786 3.16736 3.10922 3.0316 2.96127 2.87491 2.81623 2.73587 2.70952 2.68082 2.64187 2.57608 2.41717 2.44236 2.337 2.27435 2.18225 2.16768 2.03495 2.00743 1.95817 1.8075 1.70289 1.62636 1.61754 1.53986 1.44269 1.36761 1.33533 1.30121 1.21849 1.1724 1.13545 1.09306 1.06815 1.03566 1.01347 1.00618 1 1.00346 1.01065 1.02968 1.05627 1.0805 1.11605 1.15464 1.22533 1.29611 1.32605 1.36355 1.43085 1.53029 1.56616 1.66406 1.73804 1.77707 1.86915 1.94956 2.00677 2.13207 2.16127 2.28953 2.33351 2.46138 2.50597 2.61505 2.66721 2.79459 2.9039 2.91508 3.01946 3.10829 3.21685 3.21638 3.36355 3.37146 3.42595 3.50849 3.50583 3.59723 3.65024 3.73637 3.753 3.74401 3.66632 3.77675 3.88655 3.94198 3.96088 
3.81079 3.67495 3.73296 3.57667 3.53755 3.49751 3.55847 3.45609 3.39998 3.35853 3.31859 3.22892 3.14518 3.06232 3.08179 2.96419 2.93086 2.97873 2.83704 2.80604 2.71956 2.74084 2.69573 2.5772 2.45808 2.3999 2.4308 2.24533 2.19855 2.13772 2.0062 1.99101 1.92511 1.8124 1.6794 1.67085 1.61765 1.51934 1.4781 1.39809 1.33857 1.25804 1.26372 1.16732 1.13972 1.08787 1.06312 1.04377 1.02439 1.00634 1 1.00507 1.01476 1.03626 1.05658 1.09293 1.1322 1.17269 1.2103 1.27929 1.34076 1.38133 1.45229 1.51098 1.55806 1.63988 1.74671 1.761 1.86785 1.96003 1.99179 2.10438 2.18931 2.24983 2.34198 2.41508 2.56881 2.66848 2.6954 2.70694 2.84352 2.87646 3.02327 3.03721 3.17299 3.22437 3.33922 3.26265 3.50323 3.5256 3.51758 3.57767 3.64375 3.62614 3.73689 3.8537 3.74962 3.86659 3.79635 3.79781 3.79796 
3.72385 3.74078 3.63818 3.73393 3.55123 3.52581 3.47542 3.40473 3.32586 3.35738 3.34557 3.26196 3.24173 3.12179 3.16391 3.06977 3.03969 2.90351 2.8641 2.8201 2.73248 2.66133 2.63346 2.49712 2.54692 2.40845 2.42794 2.34513 2.21444 2.08484 2.00137 2.03282 1.89992 1.84316 1.72805 1.67931 1.63654 1.54014 1.44722 1.41779 1.32627 1.31688 1.23215 1.18738 1.13827 1.09036 1.05749 1.0224 1.01443 1.00481 1 1.00289 1.01428 1.03202 1.05811 1.09788 1.12424 1.1749 1.21291 1.26218 1.31656 1.40048 1.42707 1.52874 1.59995 1.64589 1.75749 1.76505 1.885 1.95741 2.02331 2.12491 2.26581 2.2773 2.3259 2.41294 2.44389 2.5844 2.76073 2.80947 2.8087 2.801 3.00141 3.02833 3.09855 3.29566 3.28315 3.40463 3.36654 3.46915 3.54577 3.58407 3.58328 3.71321 3.74102 3.72786 3.73731 3.80691 3.76465 3.95882 3.87166 
3.74252 3.73426 3.67634 3.56153 3.64388 3.61089 3.52898 3.50172 3.47861 3.41491 3.30366 3.22659 3.1164 3.09991 3.16574 3.00965 3.01112 2.973 2.87808 2.879 2.76634 2.72866 2.63009 2.57077 2.51173 2.34666 2.42958 2.28025 2.24955 2.1276 2.08138 2.00513 1.86445 1.85645 1.76404 1.64346 1.58171 1.55343 1.4767 1.3867 1.36405 1.29857 1.23871 1.15781 1.13776 1.08459 1.06082 1.0328 1.01766 1.00273 1 1.0017 1.01939 1.03097 1.04889 1.07965 1.12512 1.17359 1.2196 1.25335 1.30266 1.38183 1.45119 1.51518 1.55506 1.65755 1.68691 1.78908 1.82777 1.90985 2.05794 2.12675 2.20324 2.23213 2.32203 2.49101 2.51293 2.59217 2.59312 2.75376 2.82916 2.93434 3.08335 3.11873 3.19804 3.21644 3.19394 3.40236 3.43605 3.45068 3.53097 3.61675 3.59041 3.70546 3.66964 3.73156 3.96388 3.8057 3.98562 3.83556 3.85789 
3.66825 3.71367 3.78819 3.57229 3.63095 3.50655 3.53014 3.45099 3.38854 3.37285 3.23969 3.14723 3.19818 3.19083 3.04842 2.9766 2.95864 2.99644 2.8735 2.82895 2.77826 2.74276 2.65129 2.56589 2.489 2.3812 2.36532 2.31227 2.20562 2.04891 2.0735 1.99367 1.91112 1.79213 1.72361 1.66724 1.59772 1.53357 1.46412 1.43642 1.32872 1.27067 1.21512 1.17079 1.14832 1.09799 1.05935 1.03692 1.01274 1.00474 1 1.00249 1.01427 1.03314 1.06476 1.08499 1.11806 1.16 1.22761 1.24774 1.31376 1.3866 1.45336 1.4821 1.58425 1.63892 1.72383 1.78869 1.86225 1.92145 2.04733 2.11576 2.19806 2.31093 2.38362 2.4582 2.53561 2.66227 2.64833 2.74353 2.80917 2.82652 2.94942 3.10882 3.18197 3.31866 3.25678 3.40937 3.40295 3.4693 3.5292 3.49995 3.5986 3.66312 3.72041 3.78622 3.74478 3.77991 3.89431 3.88476 3.92179 
3.74947 3.67806 3.61841 3.5552 3.56284 3.54967 3.5144 3.47105 3.38287 3.36763 3.3393 3.2759 3.24107 3.09613 3.12251 2.99713 3.07141 2.92724 2.87544 2.79427 2.73578 2.63992 2.67604 2.55914 2.58741 2.4861 2.34532 2.33134 2.27241 2.12677 2.06576 1.98874 1.87385 1.82469 1.71705 1.68729 1.56524 1.55173 1.49714 1.37466 1.31395 1.28218 1.22767 1.18308 1.13367 1.0982 1.05856 1.03914 1.01588 1.005 1 1.00208 1.01346 1.02588 1.06046 1.0941 1.12469 1.17375 1.2166 1.25826 1.335 1.39923 1.43919 1.51699 1.56806 1.67085 1.73797 1.80515 1.8568 1.91266 1.99072 2.09855 2.13695 2.31651 2.33641 2.43219 2.5198 2.60813 2.69676 2.74737 2.81485 2.92736 3.01887 3.05402 3.10565 3.25386 3.33824 3.26278 3.5136 3.45245 3.51753 3.45334 3.53455 3.67447 3.58945 3.82359 3.93333 3.77945 3.86313 3.88836 3.83354 
3.8282 3.72533 3.69537 3.62479 3.55669 3.60088 3.55259 3.45226 3.3117 3.3263 3.39721 3.29848 3.22371 3.17105 3.16189 3.09294 2.99928 2.95158 2.80447 2.8026 2.77059 2.74228 2.62186 2.64466 2.49976 2.39464 2.34469 2.38096 2.12068 2.15211 2.04716 1.96018 1.92245 1.83008 1.74509 1.70141 1.60855 1.49995 1.48415 1.36809 1.36493 1.25609 1.22223 1.18064 1.14182 1.09726 1.05252 1.03649 1.01254 1.00412 1 1.00301 1.01274 1.02801 1.05646 1.07676 1.11404 1.16273 1.21277 1.27278 1.34558 1.39854 1.45163 1.5305 1.59617 1.61404 1.72501 1.78764 1.87355 1.95359 1.98577 2.11437 2.17197 2.3101 2.27982 2.41906 2.54369 2.61445 2.6751 2.79597 2.76058 2.91298 2.91005 3.13618 3.11569 3.22857 3.38129 3.35255 3.28713 3.51488 3.51145 3.6307 3.64693 3.66873 3.71606 3.74881 3.8078 3.91502 3.9259 3.80122 3.91535 
3.74496 3.75085 3.62519 3.57677 3.56794 3.44912 3.52198 3.4557 3.41608 3.33167 3.32366 3.19392 3.17876 3.05875 3.05292 3.02139 3.03344 2.95687 2.84946 2.79994 2.67042 2.704 2.62626 2.59024 2.47669 2.51052 2.40101 2.27868 2.19793 2.16103 2.00459 1.9745 1.86949 1.76429 1.72835 1.71105 1.58122 1.51655 1.46727 1.3614 1.32993 1.29058 1.20496 1.16898 1.13358 1.10135 1.06661 1.03287 1.01993 1.00487 1 1.00223 1.01246 1.02476 1.05647 1.08896 1.14034 1.16922 1.2115 1.24735 1.30394 1.39729 1.4323 1.50339 1.60442 1.64609 1.7262 1.82357 1.87503 1.91258 1.98969 2.09987 2.21778 2.28126 2.32061 2.43611 2.47809 2.61431 2.75502 2.76461 2.91565 2.96029 3.09157 3.06184 3.15471 3.22891 3.1895 3.38306 3.39456 3.49962 3.53752 3.58755 3.60318 3.74492 3.7574 3.73282 3.68248 3.76418 3.88378 3.93381 3.8576 
3.78579 3.67032 3.70266 3.65804 3.61583 3.54673 3.56503 3.50264 3.43404 3.3544 3.37409 3.2422 3.08695 3.21037 3.08797 3.05943 2.9951 2.91969 2.84221 2.83251 2.7469 2.72889 2.59432 2.52599 2.49531 2.45559 2.36304 2.34087 2.25705 2.1421 2.02902 1.97207 1.89923 1.80529 1.76555 1.67505 1.61014 1.53157 1.48924 1.3829 1.337 1.29234 1.22675 1.15487 1.12726 1.10106 1.06422 1.03301 1.0165 1.00301 1 1.00386 1.01766 1.03188 1.06532 1.06985 1.12059 1.1443 1.19925 1.26963 1.33636 1.38107 1.43427 1.50918 1.61295 1.69959 1.72754 1.78553 1.87679 1.95736 2.01124 2.07125 2.22287 2.28956 2.27134 2.34777 2.55942 2.54746 2.70034 2.76743 2.91725 2.87881 2.97477 2.95437 3.16088 3.22772 3.37388 3.4606 3.44214 3.45649 3.4312 3.58458 3.63856 3.62831 3.68701 3.81667 3.75838 3.80927 3.85344 3.86671 3.99083 
3.77403 3.84205 3.78202 3.66419 3.5342 3.51072 3.45963 3.48037 3.46578 3.33169 3.32467 3.30995 3.21393 3.24419 3.14394 2.98165 2.98034 2.91195 2.95138 2.71599 2.77456 2.60502 2.65658 2.56657 2.62698 2.47287 2.31262 2.23605 2.1965 2.05073 2.08354 1.91625 1.92511 1.8468 1.7296 1.62536 1.59997 1.5409 1.50974 1.39609 1.35108 1.28216 1.22454 1.15906 1.11976 1.09488 1.06535 1.03801 1.01793 1.00411 1 1.0022 1.01453 1.03038 1.06646 1.09087 1.12622 1.14858 1.19721 1.26997 1.34315 1.38631 1.45478 1.51288 1.57908 1.65277 1.73104 1.78193 1.86156 1.95631 2.02033 2.12708 2.21166 2.22618 2.32176 2.40832 2.58151 2.65732 2.70491 2.72426 2.8564 3.00888 2.96 3.0406 3.17434 3.20944 3.22101 3.37179 3.50906 3.48009 3.43081 3.57663 3.60611 3.60892 3.77062 3.75421 3.83492 3.80778 3.78324 3.9698 3.90332 
3.79606 3.75816 3.792 3.72708 3.5526 3.57222 3.56625 3.48559 3.42038 3.29276 3.319 3.20368 3.25673 3.11174 2.99889 3.05523 2.94322 2.98352 2.86604 2.81549 2.68664 2.74621 2.58935 2.57613 2.53825 2.43694 2.29841 2.30328 2.28789 2.08542 2.05694 2.00828 1.89321 1.80565 1.75304 1.6841 1.59853 1.54173 1.46807 1.39619 1.35496 1.27634 1.20015 1.17307 1.12746 1.08044 1.0608 1.0358 1.01263 1.00466 1 1.00245 1.01581 1.02487 1.04677 1.07902 1.11729 1.16257 1.20627 1.26327 1.33082 1.38914 1.4429 1.49837 1.55787 1.67047 1.76952 1.78565 1.87773 1.9584 2.06253 2.09648 2.1669 2.23681 2.32849 2.47707 2.56063 2.55143 2.66724 2.71028 2.86648 2.91958 3.06265 2.90867 3.07503 3.11064 3.26628 3.44957 3.44658 3.49326 3.57915 3.52688 3.60313 3.66038 3.71244 3.74048 3.76252 3.7556 3.92389 3.98496 3.9885 
3.77836 3.78014 3.72441 3.67106 3.65586 3.58776 3.48262 3.49514 3.41763 3.34465 3.39825 3.30664 3.27072 3.16606 3.09631 3.04676 3.06137 2.98678 2.85736 2.81943 2.7582 2.69435 2.59976 2.52478 2.46787 2.40019 2.34534 2.34191 2.20627 2.20598 2.04306 2.02327 1.92895 1.85556 1.70392 1.63837 1.61381 1.55876 1.47751 1.37797 1.3381 1.30225 1.21326 1.1767 1.12649 1.09316 1.06656 1.02948 1.01579 1.00496 1 1.00543 1.01055 1.02929 1.05838 1.08654 1.11428 1.17139 1.22142 1.26278 1.30772 1.39393 1.45854 1.493 1.5858 1.6296 1.68906 1.75918 1.86149 1.91883 2.02065 2.06491 2.10839 2.2979 2.30632 2.5243 2.53627 2.56861 2.70546 2.76107 2.82688 2.87144 2.9362 3.00784 3.26112 3.24844 3.31379 3.30201 3.38177 3.49822 3.44447 3.58351 3.57096 3.63654 3.76178 3.78283 3.77741 3.75537 3.81176 3.77915 3.91392 
3.71331 3.72208 3.76061 3.52987 3.58274 3.51364 3.5777 3.41152 3.36139 3.37407 3.27052 3.26496 3.19256 3.18173 3.16803 3.03839 3.06288 3.03003 2.86358 2.86935 2.78594 2.68522 2.62571 2.61601 2.50515 2.46832 2.34193 2.29132 2.17975 2.13021 2.06964 1.91707 1.88832 1.85249 1.77309 1.68824 1.59861 1.54836 1.4112 1.42585 1.33146 1.28367 1.18901 1.15708 1.13755 1.10158 1.0654 1.0399 1.01393 1.00454 1 1.00793 1.01222 1.03223 1.0656 1.09027 1.11124 1.17138 1.21051 1.27433 1.32197 1.3856 1.41695 1.49412 1.56273 1.65011 1.72917 1.82012 1.88331 1.92728 2.06292 2.0986 2.14076 2.27253 2.3495 2.3704 2.55878 2.57886 2.64963 2.78141 2.77315 2.94023 2.90725 3.11738 3.16267 3.15175 3.19252 3.34931 3.43524 3.5659 3.63316 3.50048 3.53824 3.77105 3.75163 3.7479 3.79116 3.79018 3.78223 3.93421 3.96841 
3.82443 3.79743 3.67904 3.62373 3.57666 3.54145 3.55743 3.44731 3.41767 3.36292 3.29062 3.2727 3.16172 3.06355 3.1372 3.1532 3.01386 2.98984 2.89972 2.82561 2.73608 2.64058 2.61539 2.56599 2.55275 2.39128 2.37089 2.31445 2.19475 2.1142 2.11939 2.02567 1.87304 1.81532 1.78748 1.6657 1.62374 1.49926 1.44881 1.36771 1.35732 1.32638 1.20983 1.15887 1.12779 1.09953 1.05802 1.03261 1.02152 1.00353 1 1.00213 1.00839 1.03036 1.04461 1.08536 1.11343 1.15259 1.20434 1.26044 1.30773 1.38172 1.43623 1.51328 1.58115 1.66898 1.72162 1.84477 1.88249 1.958 2.07513 2.08547 2.15039 2.29684 2.41043 2.37567 2.57607 2.5717 2.69628 2.81814 2.80334 2.98089 3.01612 3.09037 3.20262 3.20149 3.21834 3.41544 3.48248 3.46336 3.56794 3.62117 3.63715 3.72389 3.67467 3.78125 3.82252 3.89647 3.8458 3.80205 3.93417 
3.81356 3.72963 3.66634 3.64648 3.56749 3.46268 3.51088 3.40206 3.54366 3.38345 3.25984 3.29191 3.21101 3.08117 3.03908 3.05202 2.9648 2.95094 2.90377 2.79638 2.8183 2.71323 2.64258 2.6269 2.55972 2.51912 2.3991 2.3002 2.22881 2.11079 1.97263 1.95353 1.88381 1.80055 1.73105 1.71067 1.57131 1.52426 1.43485 1.41917 1.33081 1.25635 1.22891 1.16817 1.11172 1.09278 1.05641 1.03509 1.0159 1.00314 1 1.00381 1.01313 1.03411 1.04516 1.09374 1.13336 1.16581 1.22639 1.27367 1.32636 1.38256 1.46181 1.53213 1.59351 1.66224 1.69957 1.76307 1.86885 1.94784 1.97972 2.0286 2.09723 2.20685 2.36624 2.43625 2.52331 2.61093 2.67266 2.78508 2.85146 2.94894 3.08125 3.11394 3.12355 3.22779 3.35533 3.32823 3.35595 3.42312 3.54265 3.66352 3.59798 3.73483 3.71405 3.72412 3.80818 3.98092 3.79138 3.91566 3.97744 
3.79726 3.76754 3.6928 3.67322 3.68776 3.57925 3.5372 3.49468 3.46479 3.32417 3.36059 3.23144 3.26468 3.05709 3.04748 3.08871 2.98757 2.93459 2.86986 2.85568 2.77398 2.70387 2.67471 2.57664 2.6139 2.42653 2.36985 2.23026 2.14582 2.11478 2.05759 1.96007 1.90766 1.77988 1.70124 1.68808 1.60878 1.56094 1.48236 1.39609 1.33315 1.30041 1.1865 1.17776 1.1327 1.09435 1.07155 1.02995 1.01698 1.00389 1 1.00451 1.01129 1.03139 1.05705 1.08598 1.12528 1.16714 1.22952 1.26605 1.31087 1.35982 1.47862 1.50583 1.62124 1.66203 1.69213 1.78333 1.88645 1.96211 2.05182 2.10917 2.17911 2.33383 2.2757 2.45363 2.51246 2.56814 2.64853 2.74024 2.83733 2.92267 3.04273 3.01344 3.08448 3.18884 3.40377 3.38765 3.42914 3.47955 3.62873 3.52416 3.71125 3.71326 3.74681 3.72121 3.96857 3.74919 3.81799 3.9289 3.89166 
3.76147 3.64887 3.61029 3.64142 3.59127 3.48294 3.54333 3.48345 3.4282 3.41966 3.33421 3.25549 3.13737 3.11333 3.11118 2.99495 2.93115 2.88462 2.78084 2.95839 2.73055 2.74039 2.61376 2.59898 2.53012 2.53047 2.43057 2.34819 2.21408 2.10656 2.05646 1.99878 1.89586 1.82195 1.78112 1.6703 1.58866 1.53547 1.46512 1.40605 1.34762 1.27648 1.24085 1.16603 1.13854 1.10747 1.05677 1.03362 1.01397 1.00343 1 1.00442 1.01216 1.03363 1.04728 1.09004 1.1077 1.16264 1.21188 1.27034 1.33245 1.34336 1.46732 1.51862 1.54279 1.63431 1.77833 1.81879 1.89392 1.99448 2.05724 2.12526 2.13143 2.23033 2.35642 2.36913 2.43923 2.6022 2.62378 2.7401 2.80479 2.92741 3.03136 3.06546 3.17987 3.17262 3.20322 3.40657 3.30495 3.47058 3.54652 3.71791 3.65622 3.62491 3.79721 3.70133 3.83754 3.84793 3.85087 3.9203 3.93845 
3.7541 3.6729 3.69415 3.60218 3.57338 3.61335 3.54944 3.53706 3.47273 3.42635 3.34204 3.22172 3.14388 3.11951 3.07039 2.99385 2.89497 2.9079 2.75052 2.79744 2.72158 2.69003 2.62496 2.62363 2.54048 2.48824 2.36346 2.24886 2.09917 2.15375 2.04557 1.95958 1.8566 1.88331 1.74389 1.65102 1.6038 1.52513 1.50395 1.37027 1.31493 1.29063 1.23072 1.16448 1.14939 1.09925 1.06206 1.03686 1.0205 1.0049 1 1.00196 1.01341 1.03686 1.05551 1.08755 1.12155 1.15783 1.217 1.24508 1.31191 1.36706 1.44025 1.54118 1.55518 1.67284 1.74097 1.77623 1.8162 1.97082 2.05808 2.16858 2.15367 2.28071 2.44571 2.48436 2.51113 2.50617 2.6813 2.85276 2.79168 2.94369 2.95124 3.07696 3.15646 3.32281 3.26269 3.35548 3.33955 3.44466 3.51022 3.47004 3.73859 3.69659 3.70655 3.78299 3.93252 3.76751 3.71359 3.93074 3.95203 
3.85736 3.83417 3.62554 3.57944 3.70473 3.62895 3.52311 3.50331 3.34207 3.41766 3.33731 3.29422 3.2492 3.15055 3.13271 3.06738 2.88166 3.0093 2.88697 2.7822 2.81037 2.70062 2.65825 2.55507 2.54864 2.48653 2.40793 2.31244 2.1756 2.16844 2.02312 1.98554 1.91381 1.87399 1.75026 1.67033 1.5729 1.52029 1.46955 1.39796 1.33888 1.2847 1.24323 1.18062 1.12371 1.08609 1.05422 1.03461 1.01669 1.00264 1 1.00127 1.01236 1.02808 1.05494 1.07397 1.12258 1.15219 1.19072 1.25551 1.32963 1.37287 1.4209 1.50893 1.59017 1.63685 1.73732 1.76744 1.81161 1.92182 2.0539 2.10216 2.18033 2.28796 2.38386 2.37095 2.49479 2.57142 2.69574 2.73477 2.93361 2.95988 2.9813 3.07225 3.22394 3.16965 3.25508 3.35336 3.38625 3.46204 3.55332 3.52511 3.66932 3.63962 3.78815 3.80305 3.84552 3.73774 3.80785 3.97614 3.99763 
3.77299 3.76771 3.74915 3.60512 3.64313 3.53277 3.40213 3.46509 3.46788 3.44488 3.35367 3.23924 3.14097 3.17394 3.12931 3.05722 2.95076 3.03442 2.96871 2.79055 2.83402 2.73808 2.58582 2.54178 2.44114 2.40333 2.38326 2.28425 2.21513 2.11458 2.04841 1.93633 1.87187 1.77757 1.74345 1.67034 1.61969 1.56377 1.46909 1.38841 1.33466 1.27659 1.22472 1.18562 1.13223 1.09699 1.05811 1.03246 1.01544 1.00443 1 1.00046 1.01316 1.02721 1.0603 1.09984 1.11827 1.17397 1.2241 1.24878 1.32253 1.38516 1.4293 1.51451 1.56157 1.66046 1.74087 1.81242 1.86718 1.93321 2.01151 2.16638 2.17329 2.27077 2.26518 2.48461 2.45233 2.642 2.63052 2.81046 2.79062 2.8239 2.97815 3.04087 3.19231 3.16764 3.40412 3.27435 3.3528 3.56792 3.55718 3.54994 3.61556 3.61027 3.73432 3.79677 3.7887 3.89794 4.00636 3.8251 3.96808 
3.79615 3.73331 3.58959 3.64453 3.63974 3.53859 3.57988 3.41876 3.39443 3.4193 3.39163 3.2462 3.20984 3.24586 3.14629 3.00893 3.0463 2.96282 2.83908 2.81325 2.70969 2.71594 2.60818 2.57863 2.47114 2.40374 2.42768 2.27097 2.22332 2.17022 2.04044 1.99358 1.89815 1.78271 1.74785 1.63306 1.57039 1.51792 1.51548 1.41288 1.32532 1.27592 1.21481 1.16453 1.15637 1.09918 1.06521 1.0406 1.01821 1.00565 1 1.0011 1.00925 1.02905 1.05268 1.07414 1.1202 1.16388 1.20761 1.25425 1.28814 1.34967 1.44504 1.51174 1.57997 1.65137 1.70879 1.801 1.8763 1.96585 1.9674 2.17475 2.14175 2.30927 2.34087 2.41152 2.55864 2.52899 2.69033 2.80552 2.79277 2.92346 2.96647 3.06892 3.21233 3.21924 3.35337 3.50228 3.36331 3.37814 3.62523 3.57849 3.67932 3.67318 3.83147 3.80905 3.8075 3.91122 3.78234 3.90972 4.00642 
3.75916 3.67565 3.71161 3.60409 3.6404 3.44503 3.51245 3.47224 3.35087 3.37379 3.32142 3.23376 3.22557 3.14027 3.13884 3.08324 3.00363 2.96963 2.94382 2.8365 2.73383 2.73257 2.68848 2.59377 2.5429 2.45535 2.29663 2.30648 2.24038 2.10964 2.06315 1.98232 1.92799 1.8506 1.72156 1.66549 1.59043 1.58918 1.44042 1.40667 1.33643 1.28733 1.24809 1.19164 1.13539 1.09823 1.05747 1.03562 1.01846 1.00402 1 1.0014 1.01398 1.03888 1.058 1.08266 1.11725 1.1777 1.19676 1.27806 1.3164 1.39674 1.4322 1.49834 1.58413 1.65335 1.6681 1.78644 1.91848 1.9709 2.03275 2.0921 2.21684 2.29753 2.30169 2.52171 2.49508 2.63897 2.69026 2.79696 2.87121 2.92847 2.88364 3.07242 3.19127 3.24724 3.23663 3.30923 3.3997 3.38196 3.61291 3.611 3.49192 3.65817 3.71553 3.72692 3.8047 3.80068 3.92397 3.807 3.94758 
3.81968 3.69425 3.69425 3.70531 3.57621 3.56231 3.58723 3.53367 3.47131 3.35472 3.30048 3.26833 3.28448 3.12798 3.14646 3.10062 3.02275 3.05893 2.93214 2.82272 2.70226 2.66102 2.61488 2.60223 2.5655 2.50385 2.36206 2.24345 2.23171 2.12767 2.06121 1.8804 1.89826 1.80592 1.7837 1.6442 1.62233 1.54091 1.48288 1.40531 1.3484 1.26823 1.22394 1.15651 1.13468 1.088 1.06361 1.03083 1.01609 1.00041 1 1.00401 1.01202 1.02951 1.06535 1.0935 1.11237 1.15556 1.21243 1.24906 1.32043 1.37571 1.45066 1.5324 1.58587 1.64165 1.7246 1.81966 1.86841 1.98523 2.02371 2.05396 2.19483 2.27499 2.36821 2.45106 2.49187 2.70782 2.53791 2.82558 2.92049 2.87983 3.05639 3.08794 3.19019 3.26465 3.23504 3.27814 3.31508 3.47171 3.54826 3.46642 3.64927 3.63037 3.64064 3.7466 3.71829 3.96429 3.89946 3.96338 3.91808 
3.73913 3.78867 3.60987 3.65313 3.57411 3.57106 3.5589 3.55381 3.42033 3.36494 3.38281 3.25135 3.17628 3.22167 3.08709 3.07084 3.03241 2.96131 2.91173 2.82987 2.80282 2.63661 2.59991 2.65858 2.43832 2.4613 2.33059 2.26857 2.26432 2.13253 2.09827 1.89809 1.89466 1.87805 1.80958 1.69047 1.64154 1.49952 1.48287 1.42164 1.33838 1.27931 1.21543 1.1589 1.13837 1.10495 1.06334 1.02924 1.01984 1.0048 1 1.00392 1.0127 1.02478 1.05739 1.08827 1.12513 1.17464 1.22423 1.25315 1.31235 1.41667 1.43193 1.5021 1.58352 1.65945 1.70088 1.81147 1.78303 1.98261 2.07717 2.12902 2.17472 2.30559 2.36239 2.48432 2.52048 2.57419 2.67739 2.76096 2.8341 2.93224 3.0244 3.06056 3.19064 3.19612 3.3812 3.4197 3.43206 3.54235 3.38493 3.60061 3.67495 3.65697 3.73476 3.70801 3.88859 3.93345 3.91064 3.83391 3.888 
3.74421 3.69813 3.7321 3.66276 3.5202 3.59358 3.59707 3.42069 3.34297 3.30101 3.2346 3.26445 3.2962 3.18735 3.11536 3.03052 3.01935 2.93154 2.85955 2.85208 2.77095 2.66594 2.69268 2.64769 2.52671 2.4176 2.34728 2.23894 2.26354 2.1848 2.01968 2.03349 1.86033 1.85878 1.74432 1.65591 1.66092 1.51283 1.45737 1.3965 1.3277 1.30302 1.20884 1.1916 1.13666 1.10203 1.0587 1.03444 1.02222 1.00125 1 1.00125 1.01196 1.02062 1.05887 1.09802 1.12974 1.15842 1.22053 1.27757 1.3158 1.36985 1.42725 1.52057 1.54649 1.63879 1.72369 1.78215 1.87097 1.92856 2.04163 2.07268 2.23309 2.34306 2.35669 2.42454 2.60483 2.56362 2.7109 2.7913 2.80555 2.95479 2.94317 3.06648 3.10389 3.14055 3.31838 3.41863 3.46355 3.4356 3.45796 3.57448 3.66661 3.6421 3.77931 3.80542 3.77189 3.87534 3.93901 3.86729 3.94463 
3.74297 3.76655 3.69818 3.64369 3.69954 3.53117 3.45577 3.46807 3.44754 3.40236 3.32286 3.19654 3.25145 3.04655 3.11534 3.05535 2.92076 2.90521 2.87518 2.81363 2.80129 2.75227 2.64872 2.59907 2.59028 2.48782 2.36864 2.32322 2.16991 2.09971 2.11938 1.90431 1.89811 1.84554 1.74605 1.68925 1.63138 1.5003 1.45151 1.43278 1.35985 1.28003 1.21967 1.18082 1.14053 1.10711 1.05938 1.0309 1.01693 1.00424 1 1.00415 1.01337 1.03021 1.05129 1.07853 1.12194 1.1633 1.21821 1.27091 1.31462 1.42131 1.45323 1.55539 1.55201 1.67579 1.76264 1.77349 1.88462 1.91577 2.03045 2.10048 2.16523 2.23389 2.38491 2.4567 2.50486 2.5283 2.66188 2.69949 2.81726 2.91747 3.0518 3.07279 3.19215 3.25614 3.31386 3.33252 3.435 3.43063 3.60544 3.58194 3.63878 3.69655 3.80172 3.79954 3.73809 3.86947 3.88516 3.93889 3.85227 
3.83164 3.80647 3.69877 3.62663 3.64909 3.54748 3.58476 3.38801 3.44142 3.40527 3.28764 3.25979 3.12738 3.11012 3.12011 3.06688 2.99618 3.00196 2.86899 2.8507 2.87542 2.72182 2.70701 2.59173 2.53166 2.52179 2.38669 2.3241 2.25982 2.13949 2.06658 1.97142 1.91661 1.79682 1.77547 1.67437 1.5985 1.50679 1.44659 1.41039 1.36001 1.27492 1.25402 1.18796 1.11317 1.09296 1.0655 1.03811 1.01449 1.00766 1 1.001 1.01988 1.03009 1.04843 1.08562 1.13461 1.15963 1.20631 1.26062 1.32738 1.39622 1.43529 1.49149 1.6069 1.64102 1.71622 1.79913 1.88517 1.92918 2.02287 2.09632 2.20904 2.26534 2.33728 2.43127 2.57583 2.57037 2.73983 2.77131 2.79671 2.88178 3.00452 3.09209 3.13702 3.20596 3.26895 3.3344 3.46785 3.5984 3.44702 3.52776 3.59677 3.68941 3.75149 3.85993 3.83695 3.8457 3.83788 3.92685 3.95581 
3.81358 3.7723 3.72649 3.69072 3.56222 3.55269 3.49248 3.40663 3.43272 3.31337 3.24222 3.19652 3.23536 3.24058 3.14977 3.16239 3.01487 2.90601 2.84868 2.79965 2.72192 2.61074 2.68939 2.59538 2.49745 2.48556 2.38463 2.29521 2.15915 2.12899 2.07621 1.89086 1.92472 1.8358 1.77702 1.67699 1.61707 1.52148 1.43915 1.39363 1.30372 1.28359 1.22502 1.17655 1.14648 1.10028 1.06556 1.04415 1.01461 1.0051 1 1.00319 1.01226 1.03592 1.05385 1.06741 1.1013 1.16582 1.2249 1.27027 1.32277 1.38232 1.43071 1.49381 1.59108 1.64896 1.67828 1.80405 1.9288 1.93547 2.01333 2.13483 2.19621 2.2553 2.31704 2.38127 2.48837 2.68439 2.73804 2.75184 2.83609 2.97446 3.03492 3.19418 3.23592 3.28844 3.34739 3.39563 3.34108 3.34099 3.54125 3.53314 3.67213 3.72601 3.76081 3.76862 3.79562 3.88134 3.85702 3.83301 4.00302 
3.79425 3.68953 3.71585 3.6792 3.59098 3.51508 3.5976 3.50332 3.37448 3.31731 3.30163 3.21672 3.26402 3.21241 3.07406 2.99084 2.9445 3.00757 2.9807 2.84536 2.74577 2.77183 2.68293 2.65674 2.41731 2.4939 2.35619 2.32469 2.28022 2.15065 2.0882 2.06812 1.93368 1.84294 1.74129 1.66514 1.64481 1.50518 1.48159 1.4023 1.31429 1.2902 1.21278 1.18543 1.14152 1.09907 1.05018 1.02897 1.01942 1.00163 1 1.00256 1.01132 1.02916 1.0481 1.09527 1.12998 1.16562 1.20358 1.27247 1.31659 1.40606 1.45321 1.4975 1.56619 1.69191 1.74069 1.83528 1.85005 1.96688 2.06209 2.05924 2.15756 2.29131 2.28695 2.43474 2.55164 2.54928 2.6926 2.8039 2.7607 2.92636 2.95279 3.14059 3.16591 3.19356 3.33003 3.29212 3.36446 3.43304 3.54384 3.58996 3.65313 3.66585 3.67439 3.88034 3.7359 3.84252 3.80542 3.83337 3.99025 
3.75997 3.67999 3.71515 3.65374 3.57431 3.4778 3.59036 3.55003 3.43783 3.35354 3.328 3.25315 3.23192 3.17779 3.07379 3.09063 2.88681 2.96345 2.81623 2.89504 2.79715 2.60637 2.65024 2.64083 2.46621 2.50777 2.33973 2.21208 2.29913 2.13832 2.09022 1.94582 1.92646 1.81707 1.74809 1.68676 1.57915 1.49856 1.48178 1.37543 1.34333 1.27034 1.23943 1.17176 1.12742 1.0955 1.06107 1.04146 1.0197 1.00627 1 1.00391 1.00993 1.02202 1.05331 1.08248 1.12311 1.17618 1.23176 1.27398 1.33114 1.36798 1.46429 1.54565 1.56191 1.63275 1.75501 1.81447 1.87508 1.95535 2.03829 2.13452 2.19703 2.23334 2.39287 2.42375 2.50782 2.54596 2.67007 2.80941 2.91069 2.89322 2.94476 3.1397 3.17108 3.24699 3.35034 3.33201 3.42149 3.50783 3.46583 3.61742 3.68576 3.63791 3.641 3.77066 3.72679 3.87625 3.98718 3.90608 3.93809 
3.84149 3.79555 3.65263 3.53241 3.7374 3.5716 3.4855 3.48407 3.41332 3.33297 3.24365 3.25427 3.24394 3.11689 3.01439 3.03753 3.02609 3.01283 2.93596 2.84594 2.75913 2.66298 2.69698 2.55958 2.49607 2.43631 2.30018 2.31897 2.23822 2.15768 2.09519 1.94088 1.92662 1.81076 1.77734 1.66784 1.61722 1.52245 1.43001 1.42539 1.32866 1.28898 1.22957 1.16439 1.15271 1.07986 1.05702 1.03493 1.01888 1.00637 1 1.00195 1.01401 1.02966 1.05083 1.08017 1.11678 1.17933 1.20156 1.26292 1.3463 1.35801 1.45378 1.53868 1.54553 1.64187 1.74552 1.81104 1.83113 1.9165 2.03701 2.14336 2.24368 2.26816 2.37848 2.39657 2.51214 2.51977 2.63973 2.80839 2.90066 2.86672 2.95 3.08954 3.15761 3.21012 3.30294 3.44936 3.45341 3.51819 3.49677 3.57902 3.64698 3.66742 3.67609 3.68942 3.7651 3.82038 3.92248 4.00913 4.00745 
3.76227 3.72532 3.69428 3.6993 3.653 3.59528 3.48303 3.46096 3.51395 3.46358 3.26631 3.25283 3.14219 3.12128 3.11164 3.00403 2.98781 2.92124 2.8554 2.8341 2.87005 2.61034 2.6758 2.61239 2.58388 2.49207 2.36952 2.32152 2.21756 2.06584 2.05435 2.01442 1.93766 1.83235 1.77027 1.67597 1.62658 1.53333 1.44548 1.41371 1.34115 1.27431 1.22518 1.18615 1.12743 1.08815 1.06444 1.03645 1.01779 1.00436 1 1.00382 1.01309 1.02862 1.05839 1.06832 1.13473 1.17564 1.21705 1.27592 1.30574 1.36911 1.45786 1.52726 1.58054 1.64997 1.7084 1.76394 1.84618 1.96529 2.05022 2.07687 2.22334 2.1936 2.36689 2.34159 2.47427 2.5611 2.69641 2.76125 2.73626 2.81588 2.9476 3.0377 3.13369 3.27135 3.2595 3.37045 3.47859 3.52367 3.5107 3.57728 3.61108 3.62082 3.69446 3.64083 3.77397 3.91484 3.84968 4.03026 3.96429 
3.7968 3.83335 3.73724 3.53874 3.57934 3.6092 3.51455 3.44502 3.33649 3.32915 3.31902 3.28932 3.18838 3.15252 3.10289 3.02808 3.0325 2.90215 2.93134 2.82501 2.78072 2.71819 2.66826 2.59352 2.46022 2.52333 2.38164 2.35329 2.25785 2.1559 2.03328 1.96091 1.97804 1.79918 1.69595 1.63934 1.63155 1.54143 1.51112 1.3902 1.3577 1.2909 1.26167 1.19155 1.16114 1.10051 1.05268 1.04148 1.01219 1.00299 1 1.00469 1.0119 1.02672 1.04717 1.08205 1.11413 1.14729 1.23578 1.27154 1.31491 1.38975 1.46231 1.47732 1.54492 1.69597 1.72828 1.81309 1.92076 1.97658 1.99058 2.08532 2.21873 2.26454 2.43639 2.44832 2.51303 2.62115 2.73111 2.78287 2.97978 2.96784 2.95295 3.08615 3.20991 3.2223 3.34264 3.3936 3.50866 3.46486 3.50522 3.63481 3.65235 3.70199 3.74967 3.70759 3.79792 3.91141 3.91948 3.90017 3.87166 
3.76925 3.65671 3.64721 3.68902 3.64287 3.60405 3.52419 3.405 3.43557 3.40596 3.30586 3.26273 3.18107 3.12782 3.15563 3.05121 3.02789 2.93723 2.925 2.85727 2.77072 2.73465 2.67146 2.62465 2.47017 2.42321 2.36636 2.31128 2.28055 2.20073 2.08475 1.98144 1.95846 1.84594 1.74215 1.69298 1.60692 1.52806 1.48213 1.3977 1.35402 1.27668 1.23087 1.18233 1.14032 1.08706 1.04984 1.03024 1.01732 1.00131 1 1.00142 1.0119 1.02588 1.04813 1.08482 1.12223 1.15953 1.21493 1.24422 1.32498 1.40936 1.45328 1.51665 1.54599 1.67107 1.72667 1.78775 1.88261 1.96342 2.08324 2.05812 2.13178 2.22126 2.25677 2.4012 2.50509 2.65312 2.71921 2.79757 2.85999 2.86488 3.03426 3.1803 3.15151 3.20569 3.38502 3.29743 3.48133 3.49512 3.62988 3.5686 3.64002 3.67778 3.70178 3.63222 3.83195 3.82924 3.94328 4.03628 3.80767 
3.74107 3.77714 3.72165 3.72112 3.69843 3.63101 3.52605 3.4943 3.45442 3.39782 3.33108 3.2629 3.35059 3.20008 3.1166 3.06156 3.19076 2.96893 2.89174 2.7801 2.76759 2.80601 2.57034 2.55813 2.53053 2.44529 2.36218 2.23881 2.18013 2.12636 2.13035 1.98827 1.97654 1.82041 1.76292 1.69593 1.57816 1.51896 1.44607 1.39969 1.32761 1.27275 1.20753 1.16249 1.14436 1.09647 1.05998 1.03485 1.01753 1.00856 1 1.00221 1.01272 1.0326 1.05517 1.08632 1.14451 1.18412 1.21716 1.27466 1.33219 1.37633 1.41001 1.51103 1.55918 1.65422 1.71645 1.80939 1.90511 1.95022 2.04356 2.06896 2.14578 2.24207 2.34931 2.49469 2.43602 2.58512 2.68471 2.72365 2.84044 2.98361 2.99558 3.06492 3.2035 3.26004 3.25486 3.36242 3.37533 3.6364 3.62615 3.58328 3.68974 3.73626 3.88914 3.69883 3.667 3.8122 3.94353 3.89556 3.89845 
3.74966 3.78021 3.70744 3.6296 3.61686 3.60483 3.42548 3.49963 3.46935 3.31395 3.27814 3.3921 3.25015 3.20963 3.11352 3.0083 2.9242 3.05009 2.95104 2.74 2.81907 2.69089 2.65532 2.52279 2.57677 2.39298 2.32882 2.26852 2.14545 2.15566 2.03784 1.99408 1.90563 1.84435 1.75886 1.6845 1.60555 1.52981 1.4815 1.37791 1.33697 1.28897 1.2021 1.17249 1.14773 1.09352 1.06562 1.03481 1.01702 1.00705 1 1.0002 1.01006 1.03073 1.06234 1.0802 1.12497 1.1726 1.20458 1.27666 1.33976 1.37825 1.4474 1.5281 1.58404 1.66718 1.74782 1.81808 1.8649 1.93346 2.028 2.10187 2.21309 2.25777 2.32108 2.45659 2.49675 2.5688 2.71815 2.74826 2.90467 2.92554 2.99619 3.09706 3.07537 3.20437 3.32435 3.3322 3.51229 3.51195 3.5637 3.65013 3.62521 3.65295 3.71818 3.82986 3.85728 3.83411 3.89905 3.88914 3.98009 
3.78824 3.80176 3.75292 3.67357 3.54758 3.56754 3.50883 3.44414 3.42648 3.3318 3.24071 3.25082 3.27601 3.25037 3.15556 3.06399 2.91437 2.97514 2.88446 2.81154 2.77245 2.76733 2.75699 2.64147 2.5401 2.39523 2.39401 2.32533 2.20366 2.11131 2.07563 1.94798 1.87066 1.83991 1.75139 1.71497 1.5608 1.50877 1.50779 1.42665 1.33694 1.29112 1.22765 1.17398 1.12407 1.09093 1.05599 1.04174 1.01665 1.00597 1 1.00218 1.01179 1.03104 1.04638 1.08685 1.09733 1.17642 1.20469 1.28704 1.30441 1.36038 1.40172 1.53586 1.56421 1.65525 1.68945 1.8119 1.85004 1.93824 2.03277 2.0952 2.17516 2.28073 2.30802 2.40376 2.47263 2.56327 2.77035 2.7609 2.83634 2.87664 3.10112 3.04656 3.21332 3.35771 3.30148 3.39092 3.40744 3.45851 3.51423 3.50054 3.55575 3.64592 3.72954 3.79703 3.7833 3.84878 3.9153 3.83697 3.99226 
3.84441 3.7462 3.67897 3.57993 3.55656 3.49726 3.50507 3.41551 3.48091 3.41196 3.22772 3.32529 3.28293 3.15502 3.14956 3.08062 2.89246 2.94334 2.92739 2.92108 2.74545 2.65048 2.57999 2.54251 2.56462 2.51151 2.36414 2.38437 2.19719 2.10519 2.09427 2.02291 1.94804 1.84301 1.78446 1.70507 1.60916 1.49862 1.47825 1.38234 1.34378 1.30248 1.25055 1.16801 1.1447 1.09123 1.05892 1.03291 1.01862 1.00036 1 1.00005 1.01536 1.03779 1.04668 1.08951 1.13016 1.14722 1.21353 1.29305 1.31349 1.39491 1.48022 1.49589 1.58014 1.62394 1.7171 1.77347 1.87443 1.88525 2.07788 2.07648 2.20486 2.28026 2.26245 2.38207 2.5955 2.64401 2.73172 2.68211 2.81489 3.00536 2.99943 3.19154 3.22066 3.19903 3.28438 3.41496 3.44198 3.66026 3.48604 3.5633 3.66329 3.55886 3.73496 3.70865 3.81086 3.82299 3.97234 3.77111 3.93538 
3.81755 3.82781 3.72045 3.74453 3.58749 3.58305 3.44829 3.44095 3.49161 3.3078 3.33015 3.20297 3.2202 3.23394 3.08531 3.0365 2.92396 2.9224 3.0169 2.79695 2.80497 2.66018 2.6817 2.64571 2.62331 2.44031 2.35547 2.25267 2.23373 2.11473 2.00625 1.98306 1.87644 1.85096 1.72984 1.65604 1.63568 1.56708 1.41624 1.37468 1.33214 1.27628 1.23227 1.18195 1.14295 1.09444 1.07426 1.03088 1.02203 1.00311 1 1.00278 1.00753 1.02717 1.06843 1.08247 1.12042 1.16895 1.20197 1.2594 1.32238 1.37532 1.43424 1.50705 1.63012 1.66661 1.75233 1.81211 1.91542 1.88936 2.04527 2.10421 2.17397 2.34747 2.32657 2.44757 2.54277 2.57968 2.61863 2.82135 2.8445 2.89708 3.04979 3.12725 3.10735 3.25784 3.34786 3.38929 3.4293 3.64 3.52907 3.64275 3.63014 3.77484 3.7514 3.8499 3.96266 3.74129 3.85899 3.88592 3.94944 
3.87509 3.73028 3.78614 3.74494 3.61902 3.4957 3.42755 3.507 3.44781 3.35972 3.36162 3.27616 3.21293 3.26886 3.11213 3.019 2.98649 2.95882 2.85537 2.82844 2.88502 2.62841 2.65839 2.55254 2.55129 2.5097 2.37694 2.32856 2.2234 2.15399 2.05629 2.04745 1.90638 1.82611 1.74553 1.63158 1.62461 1.53158 1.49366 1.41648 1.34396 1.28713 1.21952 1.18409 1.14697 1.09019 1.0523 1.03971 1.016 1.00565 1 1.00184 1.01533 1.03172 1.04969 1.08467 1.11895 1.16779 1.22701 1.264 1.33258 1.39143 1.4346 1.49877 1.57829 1.61559 1.73394 1.7693 1.87814 1.97416 1.98208 2.16783 2.18084 2.29186 2.32437 2.48883 2.54685 2.58071 2.65551 2.79988 2.93328 2.90894 3.03636 3.12412 3.14154 3.20627 3.18509 3.3877 3.39457 3.41977 3.47607 3.60574 3.64602 3.72912 3.83434 3.75537 3.79576 3.84373 3.90231 3.97172 4.0531 
3.75437 3.8125 3.72694 3.68656 3.54194 3.58413 3.42911 3.43384 3.51726 3.3188 3.31079 3.32778 3.21324 3.20283 3.06384 3.09562 3.03413 2.95721 2.8487 2.78866 2.83467 2.70364 2.70331 2.54537 2.5437 2.46761 2.40453 2.3487 2.26948 2.23204 2.10017 2.01933 1.98095 1.83253 1.7973 1.75623 1.60776 1.5048 1.45171 1.41327 1.33006 1.2936 1.22479 1.17252 1.12111 1.09097 1.06419 1.02572 1.01616 1.00346 1 1.00461 1.00807 1.03198 1.05641 1.08638 1.12577 1.15325 1.21198 1.25999 1.31093 1.38247 1.44547 1.49653 1.57067 1.6235 1.74012 1.7884 1.91166 1.97072 1.98834 2.08109 2.15915 2.25024 2.35689 2.45406 2.49167 2.64038 2.71248 2.80252 2.84926 2.92751 2.94645 3.15077 3.14759 3.24163 3.26364 3.31769 3.35838 3.39271 3.52866 3.59618 3.56483 3.66959 3.75593 3.77559 3.71712 3.82898 3.93265 3.91134 3.88891 
3.78161 3.72076 3.72392 3.6532 3.58597 3.58946 3.45595 3.41527 3.4482 3.41916 3.30464 3.19076 3.15919 3.29488 2.99392 2.97996 3.0381 2.96944 2.88038 2.88307 2.82216 2.60349 2.65688 2.62914 2.56146 2.5177 2.40068 2.34873 2.24737 2.10886 2.02083 1.91761 1.84895 1.84799 1.75631 1.60301 1.60726 1.52549 1.46508 1.40491 1.33856 1.27188 1.2422 1.16109 1.14452 1.10348 1.06785 1.04227 1.01875 1.00521 1 1.00323 1.00978 1.03201 1.05479 1.07788 1.11869 1.17672 1.20119 1.27027 1.31026 1.37252 1.43011 1.49081 1.55866 1.67783 1.70792 1.80054 1.84923 1.89575 2.05168 2.11523 2.15477 2.28134 2.26092 2.46843 2.46056 2.57158 2.72763 2.72682 2.89872 2.93956 2.93271 3.07815 3.1522 3.19644 3.28781 3.24495 3.38987 3.46224 3.61063 3.58547 3.6285 3.63221 3.65863 3.81721 3.91249 3.82569 3.82399 3.88944 4.0058 
3.82773 3.77191 3.58178 3.5272 3.63071 3.67036 3.60333 3.4069 3.42268 3.32201 3.3124 3.31591 3.19819 3.14592 3.16829 3.09262 2.93541 2.87579 2.90505 2.85067 2.86899 2.76878 2.65391 2.59266 2.57706 2.40783 2.33216 2.28302 2.22433 2.14639 2.05721 1.92417 1.96444 1.87166 1.7697 1.6664 1.5824 1.55429 1.46037 1.3983 1.32049 1.28157 1.25669 1.16219 1.13594 1.09161 1.04579 1.03682 1.01839 1.00434 1 1.00138 1.016 1.02671 1.05868 1.09572 1.11012 1.16104 1.22092 1.25349 1.30772 1.37673 1.44854 1.50186 1.57941 1.6504 1.69438 1.7818 1.89104 1.92606 2.066 2.08034 2.16687 2.26127 2.32169 2.41472 2.51031 2.61502 2.62323 2.79154 2.84842 2.91217 2.99514 3.07546 3.25261 3.2349 3.3025 3.35362 3.43226 3.60335 3.45971 3.66202 3.58515 3.69903 3.7498 3.76442 3.85923 3.88157 3.93781 3.89661 3.97503 
3.7719 3.74335 3.76932 3.72737 3.66155 3.58355 3.51351 3.50223 3.45587 3.33396 3.3039 3.3235 3.21345 3.10769 3.12096 3.08713 3.03584 2.89334 2.81986 2.84338 2.80786 2.72607 2.72714 2.63565 2.55157 2.50889 2.41633 2.31858 2.18528 2.14952 2.0734 1.92214 1.88113 1.83407 1.74324 1.73936 1.59148 1.5021 1.4735 1.38615 1.33649 1.29607 1.23522 1.1805 1.12272 1.101 1.05928 1.03197 1.01368 1.00564 1 1.0026 1.01405 1.02285 1.06472 1.08028 1.11113 1.16273 1.20276 1.27478 1.31705 1.4007 1.4437 1.51722 1.55501 1.68889 1.71604 1.83476 1.83946 1.95766 2.01319 2.11224 2.2027 2.31738 2.28093 2.47581 2.49697 2.59648 2.69318 2.74953 2.79465 2.99795 2.99436 3.01189 3.13682 3.23697 3.31323 3.35556 3.45035 3.42923 3.38257 3.63859 3.56562 3.6951 3.78535 3.79416 3.82825 3.80728 3.80169 3.8097 3.95745 
3.78391 3.87495 3.68048 3.67683 3.56713 3.56825 3.45347 3.45603 3.34556 3.37186 3.37128 3.35145 3.22887 3.14723 3.20425 3.00534 3.00664 2.88565 2.92655 2.86494 2.80979 2.71315 2.64967 2.59578 2.54847 2.48395 2.36423 2.30511 2.28883 2.16455 2.12978 1.98564 1.88983 1.81867 1.72818 1.68643 1.61488 1.57065 1.4914 1.42147 1.36999 1.27993 1.24065 1.17764 1.13651 1.1128 1.06014 1.03277 1.01049 1.00514 1 1.00129 1.014 1.02981 1.05555 1.09652 1.12404 1.16857 1.21489 1.27134 1.30494 1.387 1.48821 1.50987 1.56943 1.63993 1.70556 1.78339 1.87893 1.9423 2.04619 2.07659 2.21178 2.26032 2.35036 2.43712 2.51654 2.54855 2.65818 2.76585 2.86353 2.88147 2.97667 3.133 3.1168 3.16861 3.31388 3.27023 3.50765 3.55213 3.57648 3.70436 3.63881 3.77497 3.62798 3.74131 3.93346 3.76146 3.91054 3.82419 3.97871 
3.80606 3.68671 3.6174 3.72028 3.59468 3.59908 3.56693 3.48705 3.45131 3.39075 3.37214 3.28886 3.18346 3.14746 3.1349 3.0864 2.96754 2.97625 2.87351 2.91817 2.7295 2.72246 2.61787 2.58018 2.52221 2.46359 2.31153 2.19637 2.22508 2.22454 2.07262 1.97599 1.89434 1.83746 1.79054 1.65693 1.62949 1.54262 1.48894 1.37549 1.33477 1.28686 1.22666 1.1875 1.13642 1.10265 1.06806 1.03848 1.01463 1.00426 1 1.00212 1.0073 1.03022 1.05054 1.09133 1.13347 1.17414 1.1974 1.25863 1.32043 1.36171 1.42216 1.52841 1.57842 1.63644 1.72307 1.82814 1.92486 1.94022 2.02917 2.06356 2.18295 2.31331 2.29122 2.43125 2.48615 2.6399 2.7104 2.74938 2.80648 2.85645 3.02621 3.26459 3.15076 3.21492 3.36078 3.37295 3.35587 3.54352 3.55433 3.58795 3.64293 3.68566 3.89828 3.766 3.83401 3.91586 3.8877 3.93498 4.06743 
3.69737 3.67696 3.65477 3.63156 3.61893 3.55133 3.52428 3.46901 3.38479 3.42114 3.35644 3.22122 3.21899 3.12488 3.04129 3.08647 3.00483 2.92372 2.87064 2.75706 2.78331 2.7173 2.61967 2.61688 2.42375 2.4982 2.34125 2.31325 2.17748 2.15665 2.07513 2.05181 1.90209 1.78228 1.733 1.72957 1.59691 1.52692 1.44056 1.39545 1.32956 1.27683 1.21855 1.18349 1.15522 1.09615 1.06327 1.0348 1.02283 1.00483 1 1.00397 1.0113 1.03322 1.05135 1.07519 1.11268 1.16212 1.19927 1.28491 1.33413 1.38574 1.43863 1.51866 1.58311 1.63203 1.7193 1.74678 1.91116 1.93673 2.01952 2.10774 2.22741 2.2538 2.40913 2.42172 2.55273 2.60567 2.69892 2.77186 2.88991 2.95814 3.02068 3.14608 3.16399 3.19566 3.41798 3.28954 3.43037 3.54993 3.62865 3.61399 3.61378 3.59748 3.89095 3.89057 3.74657 3.75243 3.84361 3.96236 3.97457 
3.82843 3.67591 3.73131 3.65508 3.65976 3.61467 3.49917 3.44497 3.39091 3.36346 3.349 3.2612 3.22147 3.14991 3.1958 3.0658 3.00732 2.98195 2.8342 2.89812 2.76219 2.71033 2.69529 2.60632 2.52528 2.45511 2.39222 2.3853 2.26428 2.08972 2.04976 2.02172 1.93119 1.82089 1.7411 1.65509 1.56091 1.50255 1.43165 1.39404 1.34849 1.2634 1.23772 1.16242 1.10963 1.08842 1.07405 1.03937 1.01637 1.0053 1 1.00244 1.0148 1.03767 1.05296 1.0827 1.12666 1.14898 1.20388 1.27305 1.32525 1.37735 1.44326 1.48191 1.59974 1.67579 1.71055 1.7477 1.863 1.9446 2.0022 2.12334 2.16972 2.24113 2.32792 2.41609 2.5388 2.52037 2.66023 2.79669 2.90354 2.94859 3.07066 3.11987 3.1786 3.15373 3.30493 3.31003 3.42473 3.49707 3.55565 3.71468 3.66304 3.63487 3.69656 3.81354 3.89842 3.87217 3.88729 3.8949 3.96603 
3.81179 3.81913 3.64186 3.56336 3.56414 3.61551 3.48207 3.42897 3.37805 3.39473 3.24038 3.26107 3.24697 3.24587 3.13282 3.03435 3.02944 2.94994 2.79734 2.80204 2.79808 2.68846 2.61513 2.60861 2.56337 2.40949 2.3407 2.35182 2.22337 2.09918 2.10005 1.99881 1.90569 1.8222 1.77477 1.64478 1.58684 1.51269 1.52259 1.37818 1.298 1.27458 1.22765 1.17583 1.12959 1.08551 1.06815 1.03308 1.01282 1.00796 1 1.00147 1.0107 1.02939 1.0539 1.08618 1.12246 1.16753 1.20375 1.27254 1.30467 1.36188 1.44482 1.5216 1.60367 1.63714 1.717 1.74325 1.85983 1.94753 2.05373 2.12824 2.18776 2.2691 2.35512 2.41404 2.4955 2.56969 2.74596 2.7554 2.93466 2.88582 2.97774 3.16188 3.18124 3.25435 3.36018 3.36519 3.48035 3.47234 3.42016 3.59116 3.59766 3.71466 3.71036 3.78157 3.90274 3.87238 3.79884 4.04938 3.97464 
3.76697 3.69348 3.71186 3.67806 3.61648 3.58262 3.46034 3.56835 3.41917 3.36219 3.38411 3.23449 3.25382 3.22539 3.1346 3.00799 2.98748 2.95793 2.95586 2.79205 2.76369 2.63098 2.65625 2.68496 2.54872 2.32537 2.34671 2.27141 2.17802 2.09529 2.02894 2.05257 1.89275 1.88155 1.70029 1.73103 1.59421 1.55027 1.47801 1.38734 1.30998 1.27568 1.2212 1.17739 1.11911 1.09449 1.05943 1.03577 1.01456 1.00578 1 1.00201 1.01507 1.03007 1.05454 1.08636 1.12276 1.15406 1.20952 1.26421 1.33582 1.35693 1.45402 1.514 1.52579 1.66634 1.72178 1.8004 1.87538 1.98484 2.00175 2.09756 2.24123 2.30701 2.39715 2.50552 2.52152 2.61241 2.68039 2.75697 2.84715 2.88476 3.04106 3.19386 3.18696 3.21922 3.31216 3.38048 3.4508 3.48828 3.52173 3.64197 3.69087 3.73765 3.79812 3.83107 3.88461 3.79697 3.90167 3.84132 3.96659 
3.7432 3.73553 3.71909 3.66526 3.54923 3.51257 3.56386 3.37576 3.49469 3.28252 3.25919 3.29938 3.22767 3.24544 3.11532 3.10048 2.96892 2.9326 2.88973 2.84177 2.78947 2.69145 2.67336 2.69887 2.62697 2.4378 2.35906 2.23352 2.2803 2.1243 2.06123 1.91865 1.93485 1.88645 1.75147 1.72877 1.60168 1.50484 1.43214 1.40404 1.31794 1.27552 1.20965 1.18821 1.1519 1.08083 1.0597 1.02909 1.01358 1.0068 1 1.00082 1.01517 1.02344 1.05274 1.07604 1.11088 1.18967 1.21674 1.25904 1.3179 1.37994 1.4264 1.48267 1.58006 1.64867 1.71367 1.78847 1.86451 1.96117 2.05131 2.1124 2.23904 2.32697 2.32453 2.56163 2.47737 2.58268 2.5607 2.7289 2.80101 2.96616 2.97072 3.14634 3.13219 3.25858 3.40317 3.4711 3.35126 3.43102 3.46091 3.63133 3.65539 3.74714 3.73489 3.72016 3.77398 3.89059 3.90901 3.97582 3.91926 
3.86004 3.64784 3.65917 3.65719 3.60583 3.54079 3.44927 3.49421 3.36428 3.31555 3.34236 3.28679 3.22463 3.16106 3.08516 3.14825 2.99209 2.94106 2.84925 2.86693 2.68027 2.74192 2.71196 2.52395 2.51803 2.42389 2.30497 2.25232 2.20951 2.09649 1.98798 1.94601 1.91795 1.806 1.71647 1.66117 1.54581 1.508 1.45872 1.40269 1.33628 1.27039 1.24413 1.16966 1.14424 1.10338 1.06525 1.04079 1.01898 1.00344 1 1.00103 1.01481 1.03083 1.04729 1.0831 1.12814 1.15404 1.20142 1.27255 1.34867 1.39163 1.44961 1.50403 1.59308 1.64848 1.76429 1.81755 1.85379 1.97997 1.97909 2.11665 2.145 2.23079 2.3812 2.46328 2.49558 2.55195 2.64203 2.78716 2.77515 2.89589 2.95095 3.08055 3.16256 3.21196 3.32152 3.31067 3.30967 3.46606 3.52481 3.63546 3.63673 3.67757 3.77279 3.70765 3.73557 3.85168 3.87842 3.95761 4.00846 
3.79506 3.76643 3.8022 3.66799 3.61602 3.56503 3.51161 3.52733 3.40424 3.30817 3.32476 3.18204 3.20377 3.09556 3.16479 2.98321 3.01097 2.88978 2.84953 2.79764 2.75434 2.61492 2.72975 2.62357 2.5203 2.46327 2.42558 2.32148 2.25565 2.16331 2.02247 2.00176 1.92102 1.83152 1.77555 1.64317 1.61641 1.60255 1.46888 1.44112 1.33178 1.30286 1.25414 1.17755 1.12772 1.08522 1.06283 1.03529 1.01671 1.00183 1 1.00498 1.01197 1.03696 1.05029 1.08582 1.11804 1.1822 1.20701 1.25947 1.32011 1.35909 1.43044 1.51656 1.59274 1.66387 1.72988 1.8368 1.89599 1.95833 1.9861 2.16262 2.23153 2.23671 2.34037 2.35769 2.59133 2.52395 2.77169 2.73 2.8489 2.9522 3.04305 3.0951 3.12429 3.19485 3.22211 3.30156 3.40498 3.50462 3.49552 3.59942 3.59606 3.62647 3.66813 3.80127 3.81906 3.92323 3.80297 3.87661 3.95999 
3.75778 3.76447 3.6171 3.66944 3.6179 3.50051 3.62093 3.51626 3.40027 3.44688 3.39256 3.33371 3.23701 3.20096 3.08828 3.05598 2.96042 2.8396 2.81754 2.81021 2.77012 2.63656 2.70709 2.65704 2.51388 2.39388 2.35401 2.3473 2.18838 2.16482 2.12911 2.02105 1.95426 1.79094 1.77472 1.65758 1.57991 1.50289 1.50646 1.36908 1.32062 1.27051 1.22335 1.17667 1.11754 1.11604 1.05439 1.03511 1.02107 1.00156 1 1.00319 1.01158 1.02764 1.05086 1.08747 1.13359 1.16367 1.21842 1.27802 1.35713 1.41526 1.41751 1.52478 1.58081 1.65433 1.75351 1.84118 1.87703 1.94645 2.04934 2.11954 2.20446 2.17325 2.39242 2.42271 2.48451 2.62599 2.64034 2.81687 2.80065 2.87369 2.9372 3.06005 3.09564 3.15089 3.27846 3.41704 3.3494 3.53634 3.43357 3.56151 3.63504 3.68214 3.64231 3.76794 3.80043 3.9146 4.01705 3.78494 3.85641 
3.85999 3.69637 3.62439 3.70083 3.53954 3.57225 3.57273 3.40237 3.32863 3.34088 3.35085 3.33037 3.36162 3.11399 3.14114 2.93096 2.96818 2.87998 2.89974 2.68264 2.73605 2.61551 2.55017 2.53299 2.49317 2.37803 2.34261 2.32327 2.31194 2.10927 2.10463 1.95346 1.93551 1.8672 1.78914 1.60695 1.57245 1.54872 1.45185 1.40657 1.3522 1.2831 1.24262 1.17434 1.13691 1.08883 1.06058 1.03397 1.02207 1.00341 1 1.00295 1.00974 1.03227 1.04927 1.09144 1.13597 1.15544 1.19792 1.27551 1.30999 1.3736 1.45816 1.50788 1.58888 1.65876 1.69551 1.81478 1.88307 2.02712 1.99193 2.12648 2.23503 2.27206 2.37698 2.42068 2.56422 2.56417 2.60651 2.70962 2.86313 2.85466 3.0271 3.07483 3.25772 3.28384 3.26544 3.38844 3.34088 3.46336 3.52358 3.70681 3.60036 3.75913 3.70986 3.77372 3.70989 3.87592 3.90074 3.90799 3.87432 
3.77791 3.76524 3.70465 3.79453 3.63073 3.53439 3.44358 3.50249 3.41159 3.4158 3.27875 3.21841 3.15891 3.12655 3.06197 2.98766 2.99293 2.95249 2.9193 2.867 2.83948 2.72956 2.71371 2.62011 2.53674 2.3923 2.33537 2.31842 2.20275 2.12957 2.03958 1.95828 1.89667 1.80925 1.76585 1.65985 1.5952 1.53513 1.46657 1.38105 1.34017 1.29019 1.2307 1.16198 1.13214 1.09968 1.05491 1.0309 1.01633 1.00329 1 1.00181 1.01229 1.02925 1.05413 1.08181 1.13082 1.17359 1.21852 1.27586 1.31983 1.37983 1.43002 1.55067 1.55112 1.63361 1.71552 1.79373 1.8489 1.95478 2.03352 2.0251 2.13677 2.2452 2.4033 2.46742 2.48681 2.5819 2.79791 2.78638 2.81289 3.03926 3.0228 3.1344 3.10319 3.28244 3.16774 3.37055 3.51975 3.50899 3.5495 3.6645 3.55071 3.69222 3.79436 3.80138 3.75977 3.74499 3.94529 3.79427 3.93165 
3.70946 3.76637 3.75584 3.69054 3.60071 3.49943 3.48889 3.48138 3.47382 3.3113 3.35337 3.24608 3.22249 3.2235 3.06925 3.07038 2.97818 2.89066 2.91984 2.75636 2.67273 2.71859 2.67645 2.64226 2.50742 2.44034 2.41832 2.29785 2.25501 2.12399 2.03845 1.93902 1.90778 1.82287 1.74585 1.65833 1.61256 1.51453 1.44502 1.36775 1.31604 1.28522 1.2174 1.16952 1.13066 1.09816 1.06061 1.03785 1.01434 1.00478 1 1.00046 1.00574 1.02524 1.05507 1.07976 1.10789 1.17044 1.19985 1.258 1.30711 1.38467 1.42115 1.51615 1.54943 1.63509 1.72986 1.77766 1.84487 1.9339 2.10416 2.1706 2.1562 2.22334 2.3616 2.42873 2.52777 2.56493 2.64641 2.70868 2.90418 2.97507 2.99676 3.06568 3.09217 3.20402 3.27498 3.43349 3.47965 3.44672 3.5656 3.5277 3.72106 3.62391 3.67996 3.79484 3.9119 3.79119 3.82034 3.83943 3.95022 
