4.30579 4.32272 4.08881 4.06332 3.99475 3.94414 3.8521 3.76778 3.67137 3.52282 3.57255 3.42552 3.37046 3.30683 3.17304 3.06299 3.03899 2.84809 2.88217 2.8008 2.7245 2.56607 2.51037 2.46414 2.40988 2.30414 2.24141 2.1427 2.10964 1.94842 1.88658 1.88343 1.80214 1.74699 1.68622 1.60614 1.5747 1.51745 1.45062 1.3987 1.35614 1.30128 1.25881 1.21421 1.17112 1.1359 1.1022 1.07364 1.04879 1.02143 1 0.984236 0.966508 0.949399 0.944116 0.94287 0.932759 0.938354 0.955838 0.963486 0.949232 0.969987 1.00473 1.00011 1.0155 1.06626 1.04632 1.10614 1.12248 1.1547 1.17043 1.18873 1.2499 1.28121 1.27716 1.31758 1.39136 1.41352 1.44774 1.51262 1.51949 1.54468 1.56504 1.59789 1.65609 1.70795 1.72896 1.82831 1.82521 1.86006 1.95836 1.95662 2.00414 2.06481 2.15444 2.11532 2.19435 2.25295 2.28552 2.28909 2.37013 
4.38926 4.20918 4.1576 4.11209 3.94355 3.87277 3.80661 3.63942 3.65748 3.55629 3.48015 3.46297 3.27581 3.33632 3.16533 3.05072 3.04061 2.93239 2.83811 2.76596 2.67065 2.62529 2.542 2.45764 2.42786 2.3319 2.21702 2.15147 2.11003 2.05203 1.94765 1.87141 1.85329 1.69874 1.65857 1.61685 1.58692 1.49465 1.4366 1.41277 1.34822 1.2938 1.26016 1.21665 1.17181 1.14379 1.10267 1.07246 1.04561 1.02248 1 0.981252 0.967634 0.94832 0.943421 0.936264 0.945356 0.93511 0.945958 0.952659 0.957101 0.983773 0.978855 1.00757 1.00483 1.04628 1.05672 1.10726 1.11759 1.16521 1.17911 1.20277 1.23381 1.27469 1.29664 1.29164 1.39591 1.39301 1.41847 1.47168 1.52654 1.53428 1.57607 1.62378 1.6996 1.7051 1.73588 1.81684 1.84711 1.90981 1.91599 1.98109 1.98732 2.05304 2.08685 2.18944 2.25623 2.29829 2.28792 2.33215 2.39397 
4.43473 4.29796 4.2158 4.05544 4.06085 3.94205 3.83017 3.80486 3.69589 3.57523 3.49946 3.42616 3.3578 3.21606 3.20185 3.06737 3.011 2.94054 2.84987 2.75054 2.71459 2.58523 2.49381 2.43167 2.43699 2.29063 2.2569 2.18429 2.11316 2.00226 1.94438 1.89383 1.827 1.73896 1.6669 1.60596 1.56873 1.50124 1.45268 1.40263 1.33403 1.30324 1.25752 1.22707 1.17665 1.13513 1.10383 1.07415 1.04504 1.02073 1 0.983356 0.966554 0.955116 0.946682 0.935315 0.942069 0.943146 0.946901 0.935857 0.957227 0.975622 0.984442 1.03238 1.02528 1.04364 1.06977 1.1048 1.12528 1.13703 1.15425 1.18644 1.22634 1.22602 1.27339 1.35102 1.41246 1.3942 1.40027 1.45972 1.53862 1.56409 1.6407 1.62135 1.6365 1.76255 1.75236 1.8213 1.84857 1.92356 2.01383 1.95451 2.02683 2.07843 2.13519 2.11475 2.19114 2.26642 2.28082 2.35755 2.3976 
4.31204 4.2276 4.256 4.10167 3.99796 3.90276 3.78269 3.79066 3.71453 3.55115 3.47403 3.49754 3.37794 3.3185 3.15261 3.01258 2.96725 2.89492 2.86932 2.83802 2.71736 2.56022 2.53571 2.53851 2.35705 2.31924 2.28407 2.20023 2.12421 2.01388 1.95337 1.86534 1.78562 1.73201 1.69436 1.60001 1.57395 1.49059 1.46647 1.43252 1.34069 1.28921 1.25204 1.21344 1.17365 1.13813 1.10345 1.0732 1.044 1.02091 1 0.981003 0.966515 0.952643 0.946758 0.944647 0.936392 0.939794 0.941008 0.944825 0.968053 0.964118 0.998835 1.00149 0.987019 1.04296 1.08369 1.11525 1.09908 1.14076 1.15523 1.17905 1.24678 1.30294 1.29823 1.31728 1.36504 1.42973 1.42563 1.52767 1.49191 1.52536 1.56914 1.64191 1.70489 1.72331 1.73525 1.78569 1.8702 1.90588 1.91549 1.99059 2.04778 2.0901 2.12432 2.1114 2.17669 2.2095 2.24896 2.37728 2.34119 
4.32277 4.2285 4.14448 4.09146 3.99105 3.90299 3.82362 3.8033 3.6751 3.54715 3.42576 3.3744 3.29359 3.26687 3.13891 3.05099 3.00585 2.90307 2.8286 2.70939 2.67628 2.6206 2.51786 2.45483 2.39048 2.31036 2.23751 2.17141 2.12136 2.03192 1.95149 1.87621 1.83915 1.74777 1.67922 1.61953 1.58361 1.50971 1.46321 1.40302 1.36117 1.30046 1.27341 1.21382 1.17166 1.13118 1.09887 1.07277 1.04323 1.02249 1 0.982103 0.972033 0.953893 0.944403 0.946118 0.940371 0.935261 0.938873 0.948023 0.953532 0.967649 0.972361 1.01714 1.00721 1.03211 1.07239 1.0937 1.12829 1.13923 1.19869 1.22654 1.23092 1.2575 1.34053 1.3465 1.34588 1.41129 1.43805 1.47071 1.56604 1.57777 1.57714 1.60086 1.66818 1.74921 1.73018 1.76275 1.86034 1.85194 2.03572 1.94549 2.04089 2.05787 2.09594 2.10691 2.16776 2.23695 2.31935 2.26382 2.37744 
4.22731 4.23834 4.2063 4.04697 4.11817 3.88091 3.84995 3.68687 3.62819 3.57967 3.44228 3.44311 3.23261 3.24907 3.13937 3.05881 2.99509 2.92947 2.85512 2.78568 2.74178 2.58783 2.5568 2.46251 2.37028 2.25182 2.2278 2.14988 2.10288 2.01535 1.94951 1.87339 1.83934 1.7401 1.70729 1.62671 1.57666 1.50993 1.45351 1.37851 1.3487 1.29058 1.25536 1.20756 1.17082 1.13046 1.10583 1.07136 1.04675 1.02064 1 0.981994 0.967054 0.956358 0.947653 0.951278 0.942334 0.94611 0.941213 0.938914 0.965372 0.984006 0.976402 0.991491 1.03772 1.04681 1.06924 1.06148 1.12525 1.18626 1.16997 1.21168 1.23097 1.23774 1.33087 1.28894 1.35682 1.38169 1.4326 1.51691 1.49448 1.57885 1.63132 1.66079 1.67368 1.73274 1.75507 1.78783 1.86275 1.91226 1.96217 1.96459 2.0163 2.13944 2.11029 2.17875 2.20634 2.24665 2.33969 2.28017 2.3823 
4.31491 4.36611 4.10772 4.11797 3.98761 4.01593 3.81682 3.77056 3.60483 3.52333 3.48861 3.45372 3.32345 3.29968 3.17302 3.07966 2.96417 2.86561 2.86587 2.76525 2.65655 2.6267 2.54531 2.46269 2.38081 2.30416 2.19441 2.11219 2.08708 2.02792 1.96224 1.88926 1.80181 1.76199 1.68175 1.61282 1.57384 1.51174 1.44345 1.41477 1.34795 1.27943 1.24619 1.22009 1.17988 1.13702 1.09612 1.07665 1.04607 1.02171 1 0.980764 0.967098 0.954449 0.940399 0.946703 0.93261 0.937751 0.946383 0.95262 0.947844 0.970087 0.991381 0.997735 1.03433 1.07003 1.07884 1.10178 1.12638 1.13605 1.17255 1.21132 1.2381 1.25017 1.33599 1.31801 1.34841 1.39639 1.40576 1.46012 1.52148 1.52852 1.57995 1.63521 1.71965 1.75587 1.80078 1.74797 1.81637 1.91868 1.93868 1.98394 2.03428 2.0206 2.13899 2.12883 2.22609 2.27394 2.36544 2.38862 2.41922 
4.34735 4.38963 4.09654 4.10173 4.02765 3.91209 3.89359 3.67881 3.71575 3.62606 3.52176 3.43977 3.34375 3.29247 3.18886 3.05907 3.02529 2.85661 2.83331 2.6648 2.66647 2.58071 2.58161 2.50029 2.35623 2.301 2.19767 2.18239 2.08617 2.03573 1.93155 1.89695 1.81403 1.72594 1.68377 1.63106 1.57044 1.50878 1.44496 1.39173 1.36248 1.313 1.25425 1.21825 1.18013 1.1393 1.10647 1.07519 1.0447 1.0217 1 0.983841 0.96938 0.960018 0.951543 0.927225 0.941598 0.944258 0.94735 0.944737 0.952311 0.983501 0.999386 0.988554 1.00913 1.03998 1.03783 1.09916 1.13575 1.10532 1.16472 1.1991 1.23451 1.25679 1.34301 1.34025 1.37625 1.40488 1.40639 1.47755 1.51127 1.58511 1.58759 1.66554 1.63787 1.68077 1.74524 1.79836 1.8666 1.85614 1.99064 1.94866 1.97216 2.05395 2.1374 2.16343 2.20463 2.27202 2.23422 2.26415 2.35978 
4.26078 4.31474 4.12602 4.0178 3.98188 3.8509 3.85911 3.7381 3.58496 3.51564 3.49981 3.52694 3.40447 3.24992 3.17398 3.13562 3.07549 2.85985 2.82434 2.74995 2.70974 2.63826 2.52588 2.48067 2.40997 2.3692 2.25558 2.14668 2.07523 1.94395 1.95331 1.87747 1.84152 1.75501 1.65833 1.62692 1.56934 1.51765 1.43926 1.39904 1.35463 1.30419 1.25586 1.21185 1.17015 1.12732 1.09837 1.07288 1.0446 1.01972 1 0.980811 0.967285 0.955692 0.954197 0.945494 0.937258 0.949208 0.946278 0.956094 0.957274 0.979177 0.993811 0.99494 1.00141 1.04971 1.08706 1.09196 1.11217 1.13491 1.13901 1.19806 1.25359 1.26639 1.26592 1.34718 1.37619 1.41493 1.42491 1.48772 1.48692 1.58135 1.56965 1.63611 1.72559 1.73801 1.75552 1.88204 1.83003 1.91077 1.90645 2.00507 1.98091 2.15425 2.1415 2.1335 2.12363 2.24652 2.257 2.30009 2.4076 
4.28732 4.28605 4.15517 4.15228 4.01095 3.88476 3.82588 3.73198 3.67083 3.5527 3.47975 3.41452 3.36569 3.2477 3.12978 3.12349 2.98146 2.89209 2.93612 2.83326 2.76509 2.5807 2.54853 2.46751 2.33536 2.27755 2.22444 2.15215 2.08449 1.98794 1.98584 1.91057 1.81301 1.75255 1.71078 1.64764 1.58176 1.51749 1.47246 1.3996 1.35377 1.30075 1.24889 1.21525 1.18158 1.14992 1.10572 1.07445 1.04589 1.02062 1 0.982393 0.966628 0.956236 0.944828 0.946686 0.941981 0.940784 0.943439 0.945067 0.958628 0.96565 0.985226 1.00605 1.03531 1.03873 1.07763 1.10005 1.11124 1.15026 1.14792 1.19536 1.22795 1.25179 1.3196 1.35517 1.37045 1.39673 1.45363 1.48294 1.51116 1.54963 1.61048 1.65857 1.6906 1.67438 1.75101 1.81922 1.84448 1.93909 1.97501 2.01701 2.05671 2.07651 2.09816 2.1626 2.14876 2.32609 2.35788 2.357 2.37889 
4.30109 4.26348 4.19358 4.036 4.0185 3.90952 3.79891 3.81818 3.63867 3.60682 3.51895 3.49847 3.3495 3.21055 3.25278 3.04198 2.99415 2.92162 2.83605 2.7925 2.72868 2.6505 2.56122 2.44953 2.43362 2.25639 2.24697 2.14523 2.11063 2.01962 1.94326 1.90912 1.82331 1.76217 1.69839 1.64325 1.57273 1.50283 1.45623 1.3868 1.34637 1.28919 1.25413 1.21652 1.16483 1.13383 1.11001 1.0767 1.049 1.02187 1 0.980522 0.969741 0.951526 0.949726 0.939428 0.942144 0.945597 0.940038 0.956562 0.962426 0.967908 0.976453 1.00663 1.03159 1.03539 1.06928 1.1009 1.09805 1.12495 1.15987 1.20238 1.23724 1.27988 1.30639 1.33925 1.35472 1.40882 1.46583 1.49999 1.57344 1.54938 1.58553 1.6609 1.64191 1.72666 1.73609 1.76297 1.87812 1.864 1.88043 2.00051 2.00522 1.98627 2.14172 2.14306 2.19353 2.28871 2.36053 2.26848 2.40519 
4.32432 4.25372 4.17364 4.19583 3.97189 4.02759 3.77789 3.78078 3.59974 3.54333 3.54167 3.47163 3.29141 3.29401 3.20296 3.11132 3.03756 2.91703 2.85242 2.80764 2.7257 2.64237 2.55411 2.46188 2.45089 2.2835 2.24433 2.17141 2.10496 2.04221 1.92848 1.89647 1.83439 1.73948 1.69121 1.63322 1.56155 1.50417 1.46273 1.40972 1.34316 1.29422 1.26015 1.21509 1.16836 1.13551 1.09881 1.06946 1.04312 1.02013 1 0.982051 0.968799 0.951844 0.945184 0.941097 0.9415 0.940867 0.94192 0.942757 0.94941 0.978529 0.975 0.975314 1.03068 1.05526 1.06331 1.0939 1.0803 1.11737 1.17499 1.20441 1.26879 1.22883 1.30165 1.32844 1.35333 1.40454 1.45514 1.45512 1.54096 1.55261 1.59945 1.64837 1.67951 1.71271 1.79843 1.73768 1.8411 1.92505 1.87767 2.00455 2.03993 2.02354 2.09033 2.12769 2.2599 2.2764 2.32163 2.34514 2.35408 
4.33597 4.15796 4.15688 4.04065 4.02185 3.91983 3.82375 3.69176 3.6983 3.59357 3.48448 3.3853 3.23536 3.16586 3.16025 3.06786 3.06119 2.89314 2.85635 2.76098 2.72637 2.53366 2.55277 2.47568 2.42231 2.31503 2.23804 2.15943 2.09878 2.05471 2.0069 1.8736 1.83826 1.74522 1.71427 1.60828 1.56471 1.52343 1.46894 1.38544 1.34633 1.30776 1.25203 1.22261 1.17841 1.13582 1.10626 1.07272 1.04586 1.02088 1 0.981476 0.971206 0.962419 0.944508 0.942303 0.935491 0.933149 0.948007 0.938322 0.958453 0.960886 0.982202 0.986698 1.02159 1.03818 1.041 1.10612 1.1178 1.1549 1.17401 1.21158 1.23488 1.2639 1.3115 1.33316 1.36076 1.38851 1.41764 1.48173 1.54792 1.5455 1.59185 1.64198 1.65492 1.76543 1.76212 1.7885 1.88245 1.83567 1.95259 1.97413 1.99545 2.07484 2.13902 2.1286 2.14827 2.2613 2.35108 2.36619 2.38435 
4.37283 4.18181 4.18822 4.0793 4.03784 3.96301 3.89581 3.75592 3.59239 3.53457 3.43346 3.42241 3.28892 3.27887 3.11157 3.14386 3.0393 2.8729 2.84204 2.74878 2.6791 2.58893 2.56468 2.43009 2.34419 2.27943 2.24023 2.16912 2.0992 2.08011 1.96191 1.88521 1.80585 1.76236 1.71422 1.6438 1.55743 1.48339 1.46083 1.4234 1.3506 1.29949 1.26361 1.20493 1.17737 1.14585 1.1078 1.06834 1.04732 1.02126 1 0.982465 0.963687 0.956186 0.950649 0.942467 0.930816 0.944755 0.940815 0.954743 0.970711 0.957781 0.970244 1.00899 1.02319 1.03203 1.0557 1.07438 1.09844 1.126 1.15422 1.19648 1.22354 1.27405 1.30471 1.34813 1.36213 1.44167 1.4092 1.466 1.52188 1.53926 1.58212 1.66884 1.72413 1.72556 1.77472 1.77402 1.90263 1.91052 1.93919 2.01828 2.05696 2.12245 2.13015 2.15276 2.17765 2.24462 2.2291 2.32981 2.39664 
4.28675 4.2314 4.15707 4.10241 4.07921 3.88112 3.91893 3.71217 3.70158 3.54356 3.55036 3.44639 3.30653 3.32261 3.1688 3.07242 2.99287 2.953 2.82692 2.79649 2.7521 2.60925 2.49579 2.46955 2.39788 2.27025 2.27331 2.15902 2.08914 1.96408 1.93636 1.89474 1.81938 1.75222 1.69125 1.61354 1.57127 1.49839 1.46777 1.3983 1.34759 1.31748 1.26795 1.21692 1.17109 1.13547 1.1072 1.07787 1.04461 1.02051 1 0.982513 0.969525 0.952384 0.951085 0.94473 0.945698 0.936793 0.940957 0.944438 0.947863 0.968238 0.967732 0.997967 1.00918 1.05116 1.07978 1.07318 1.13788 1.13609 1.20221 1.21178 1.21232 1.24062 1.3252 1.3563 1.38625 1.38996 1.43902 1.47378 1.50905 1.54647 1.59063 1.64953 1.63827 1.70204 1.75967 1.81126 1.82619 1.85339 1.95332 1.97568 2.02212 2.0357 2.12268 2.10161 2.20349 2.23534 2.28465 2.37422 2.42577 
4.32067 4.36863 4.12212 4.0102 4.01129 3.85586 3.74854 3.70771 3.7031 3.63583 3.51915 3.41792 3.33594 3.24901 3.16531 3.10676 2.94137 2.90274 2.74619 2.76718 2.68036 2.6332 2.54274 2.44998 2.4062 2.31304 2.23389 2.11414 2.08507 2.01588 1.94314 1.90634 1.83333 1.77376 1.70141 1.64093 1.54403 1.52747 1.46875 1.38929 1.32642 1.29779 1.25322 1.2224 1.17994 1.14343 1.10327 1.07141 1.04244 1.02116 1 0.983228 0.967793 0.956102 0.948751 0.943184 0.93678 0.949172 0.950581 0.95722 0.957641 0.980701 0.994409 1.00268 1.04833 1.0362 1.0818 1.10373 1.11443 1.14998 1.15838 1.21247 1.24843 1.24623 1.29043 1.34691 1.3854 1.4067 1.45522 1.49754 1.5371 1.58125 1.61705 1.65475 1.65812 1.71932 1.74461 1.8457 1.80243 1.93392 1.98055 1.97615 1.99196 2.04651 2.1528 2.23082 2.20346 2.25349 2.31007 2.33388 2.45796 
4.33324 4.22004 4.14314 4.11848 3.94596 3.90583 3.8548 3.74422 3.58166 3.55481 3.46432 3.36547 3.37951 3.18468 3.18991 3.06088 3.03348 2.96699 2.86562 2.78795 2.70729 2.58926 2.5571 2.48683 2.34125 2.27008 2.26429 2.16274 2.12246 1.99893 1.93586 1.88004 1.84613 1.75207 1.71097 1.64841 1.58088 1.50207 1.45457 1.38585 1.35132 1.29396 1.25855 1.21093 1.17601 1.14059 1.10346 1.07215 1.04517 1.01874 1 0.981139 0.964099 0.958305 0.945831 0.943046 0.949806 0.926952 0.949746 0.949619 0.962781 0.985908 0.997331 1.01311 1.02909 1.042 1.05507 1.07729 1.13181 1.13012 1.15039 1.19641 1.22426 1.29668 1.28579 1.34984 1.39107 1.44924 1.44543 1.45006 1.53284 1.60041 1.60054 1.64267 1.67085 1.7291 1.77997 1.80937 1.85406 1.88223 1.9339 1.96844 2.03723 1.94693 2.09257 2.11647 2.23401 2.2685 2.20238 2.35147 2.41555 
4.38834 4.22024 4.23223 4.06042 3.91769 3.94185 3.84007 3.70326 3.65263 3.51987 3.54995 3.41625 3.34739 3.26031 3.1276 3.06192 3.06146 2.91342 2.89087 2.7576 2.64952 2.61854 2.52978 2.44312 2.3777 2.31911 2.24862 2.22147 2.05742 2.01134 1.95267 1.85996 1.82853 1.75478 1.66802 1.6315 1.58538 1.50713 1.47746 1.40848 1.34792 1.29975 1.27102 1.21341 1.17782 1.14636 1.10767 1.07658 1.04575 1.02172 1 0.980569 0.965874 0.962928 0.947131 0.940246 0.938717 0.934415 0.936757 0.958422 0.960987 0.985197 0.964701 1.00324 1.01867 1.02787 1.07224 1.05891 1.1149 1.13601 1.17306 1.1985 1.24623 1.27473 1.30217 1.32619 1.37816 1.43151 1.42562 1.50147 1.52398 1.53294 1.64801 1.62975 1.68016 1.68667 1.68744 1.83891 1.85817 1.92802 1.92229 2.00516 2.07077 2.05751 2.15914 2.17021 2.28526 2.21592 2.32762 2.31609 2.42664 
4.30073 4.20278 4.11264 4.09375 3.9896 3.89861 3.81245 3.71032 3.65945 3.62524 3.44975 3.4328 3.31564 3.20889 3.21423 3.11682 3.01742 2.94185 2.78873 2.83318 2.73959 2.57344 2.53829 2.45465 2.37689 2.30639 2.26756 2.1271 2.01554 2.01891 1.95507 1.90191 1.80175 1.7803 1.67699 1.64289 1.54505 1.50729 1.46098 1.40818 1.33544 1.30584 1.2464 1.2269 1.16676 1.13791 1.09634 1.06842 1.04652 1.02059 1 0.981042 0.968506 0.961724 0.94857 0.953529 0.936022 0.931015 0.943145 0.945546 0.967819 0.958626 0.975 0.990156 1.03932 1.05086 1.06987 1.06717 1.12798 1.13621 1.1387 1.19659 1.22235 1.30864 1.30191 1.37166 1.35864 1.40572 1.46068 1.46451 1.5662 1.53922 1.58995 1.65533 1.69187 1.7529 1.75109 1.81992 1.87089 1.92332 1.95532 1.97801 2.03102 2.06048 2.12124 2.18072 2.2338 2.20915 2.25675 2.33409 2.3378 
4.36287 4.21983 4.25882 4.10241 4.00805 3.92454 3.84994 3.75286 3.62319 3.5413 3.49507 3.38607 3.39576 3.19849 3.14809 3.07248 2.99152 2.88556 2.86438 2.78607 2.72648 2.63921 2.57591 2.42059 2.39416 2.30542 2.24411 2.19965 2.07924 1.98079 1.9669 1.84381 1.75284 1.77329 1.68099 1.6332 1.56087 1.50359 1.44845 1.41665 1.35375 1.30274 1.24284 1.21213 1.17034 1.13644 1.10291 1.07671 1.04552 1.02083 1 0.979934 0.969532 0.953549 0.946486 0.936117 0.942378 0.94261 0.943118 0.954277 0.95371 0.967835 0.996048 1.00259 1.01401 1.02405 1.04483 1.09292 1.10883 1.15292 1.15587 1.21713 1.23631 1.22806 1.28039 1.34651 1.42909 1.40617 1.46072 1.48207 1.53584 1.57638 1.62687 1.6288 1.71597 1.71869 1.78206 1.76253 1.92014 1.92554 1.93187 1.96021 1.96564 2.08438 2.11696 2.15758 2.20588 2.23627 2.27858 2.33916 2.40737 
4.33471 4.22685 4.07178 4.00989 3.97686 3.91875 3.83919 3.80436 3.58963 3.51277 3.50913 3.42836 3.29457 3.32863 3.16616 3.10039 2.99956 2.88238 2.87345 2.83186 2.6913 2.66043 2.5285 2.45862 2.36522 2.32869 2.21884 2.13656 2.06428 2.02827 1.96401 1.88267 1.82002 1.77332 1.68789 1.633 1.58114 1.492 1.45187 1.39749 1.33545 1.29375 1.26129 1.2021 1.16379 1.14029 1.10156 1.06741 1.04498 1.02046 1 0.982598 0.967108 0.956495 0.953032 0.94078 0.937285 0.937013 0.948656 0.955627 0.949613 0.982998 0.987171 1.02748 1.02626 1.05198 1.09176 1.08876 1.10425 1.13369 1.17069 1.19722 1.24317 1.27849 1.29611 1.30112 1.38182 1.44129 1.42765 1.49256 1.56581 1.56404 1.60433 1.6745 1.66464 1.73292 1.73998 1.81056 1.84756 1.92998 1.95205 1.96376 2.01505 2.04134 2.08542 2.15366 2.16853 2.21079 2.32468 2.39433 2.37413 
4.31042 4.2776 4.09971 4.0408 4.06361 3.79572 3.83178 3.72363 3.62848 3.61362 3.569 3.41962 3.38567 3.33494 3.18944 3.0648 3.0101 2.97533 2.84024 2.78355 2.70017 2.61018 2.56415 2.39861 2.36779 2.24892 2.2507 2.10958 2.0989 2.02343 1.9941 1.87598 1.77773 1.74208 1.68007 1.61975 1.55742 1.49302 1.43635 1.3923 1.34316 1.3095 1.24014 1.19943 1.17288 1.13711 1.09842 1.07489 1.04723 1.02158 1 0.981159 0.967063 0.958822 0.947668 0.944902 0.936353 0.935379 0.950862 0.961112 0.951607 0.973951 0.999383 0.997926 1.01912 1.03569 1.09404 1.109 1.12848 1.1467 1.17771 1.21389 1.24078 1.29209 1.3086 1.33881 1.37154 1.39988 1.45348 1.48317 1.55163 1.59889 1.61274 1.65309 1.67812 1.7405 1.77056 1.86416 1.86105 1.93763 1.98007 2.00851 2.01814 2.14292 2.13616 2.19482 2.21222 2.26555 2.22194 2.29776 2.36833 
4.33701 4.18944 4.14966 4.04137 3.94013 3.91459 3.88872 3.78962 3.62637 3.63264 3.49486 3.48556 3.29765 3.27324 3.18231 3.0608 2.95366 2.88806 2.82739 2.74468 2.70776 2.59305 2.57528 2.45737 2.3705 2.27081 2.27914 2.15864 2.09259 1.99264 1.93415 1.88131 1.82457 1.76055 1.71215 1.61197 1.57503 1.49834 1.42881 1.38651 1.35601 1.31116 1.25485 1.22102 1.17848 1.1258 1.1074 1.07649 1.04307 1.02173 1 0.983284 0.966991 0.95293 0.952276 0.948146 0.941686 0.939154 0.957357 0.958661 0.965828 0.97071 0.989934 1.01816 1.0217 1.03909 1.0693 1.06011 1.10436 1.16478 1.16995 1.23617 1.23614 1.24293 1.28753 1.31883 1.37773 1.45394 1.44719 1.513 1.48865 1.55837 1.6169 1.65388 1.62044 1.72197 1.7699 1.8206 1.89541 1.88566 1.95309 2.02987 1.98094 2.123 2.1282 2.16494 2.23195 2.32791 2.3521 2.42686 2.42874 
4.25895 4.16077 4.17127 4.02152 4.04138 3.95067 3.77339 3.69353 3.59437 3.60162 3.36983 3.41528 3.41069 3.30546 3.21145 3.03926 2.99829 2.90819 2.86205 2.75778 2.65821 2.60083 2.53217 2.50359 2.34008 2.31885 2.22805 2.17422 2.07343 2.02662 1.97376 1.87797 1.83359 1.79391 1.68528 1.63494 1.57928 1.53098 1.44804 1.40501 1.35828 1.29001 1.25983 1.22682 1.17264 1.13831 1.10382 1.07704 1.04397 1.02174 1 0.982173 0.964735 0.954382 0.944425 0.940371 0.95001 0.93784 0.945831 0.962135 0.958458 0.980542 0.979222 0.999323 1.02315 1.03982 1.07052 1.0912 1.12338 1.1465 1.19093 1.17246 1.24293 1.26859 1.30786 1.36066 1.4008 1.43758 1.43099 1.49651 1.52421 1.5981 1.58606 1.62511 1.65154 1.72521 1.76586 1.814 1.90672 1.85366 1.94347 1.99086 2.07809 2.05025 2.15693 2.16303 2.17655 2.24674 2.25607 2.38661 2.35057 
4.30544 4.34094 4.16699 4.07045 4.05062 3.93173 3.76854 3.80007 3.6816 3.59336 3.48432 3.48632 3.30701 3.17102 3.21921 3.05857 2.94907 2.89198 2.80844 2.81296 2.69524 2.57024 2.51471 2.45148 2.38141 2.31606 2.21913 2.19807 2.11313 1.9893 1.91816 1.89094 1.8198 1.76103 1.68256 1.64 1.56424 1.48267 1.47071 1.40699 1.35579 1.30069 1.25612 1.22791 1.17382 1.13501 1.10423 1.06894 1.04413 1.01938 1 0.982142 0.968635 0.956666 0.947849 0.937467 0.934567 0.942224 0.955496 0.958547 0.960009 0.983792 0.979772 0.993155 1.02781 1.01302 1.08461 1.07914 1.0878 1.13954 1.16701 1.21122 1.24571 1.27745 1.2871 1.32627 1.38927 1.41848 1.48241 1.43751 1.52904 1.56494 1.63692 1.63889 1.68235 1.7236 1.80165 1.80043 1.83846 1.89208 1.90794 2.0626 1.97906 2.04832 2.17901 2.17602 2.22285 2.35109 2.3101 2.359 2.33199 
4.2864 4.19048 4.23631 4.1057 4.00796 3.85857 3.79238 3.7724 3.76743 3.54369 3.48368 3.42256 3.28671 3.21143 3.19984 3.11476 2.9319 2.92371 2.86746 2.78955 2.74522 2.56623 2.51512 2.48189 2.39188 2.28134 2.27837 2.16718 2.10294 2.04812 1.93711 1.84942 1.80347 1.76201 1.71763 1.63703 1.55491 1.50686 1.46455 1.39804 1.34793 1.30029 1.24879 1.21673 1.1739 1.14034 1.10211 1.07319 1.0425 1.02183 1 0.982558 0.967388 0.958013 0.947855 0.943232 0.943457 0.925973 0.947293 0.952863 0.956078 0.955543 0.979122 0.993825 1.01296 1.04853 1.06443 1.10437 1.1145 1.14772 1.18758 1.22911 1.21963 1.27342 1.2928 1.33933 1.32234 1.43773 1.48274 1.5106 1.53897 1.55132 1.62339 1.65665 1.67964 1.72732 1.79915 1.83914 1.89062 1.9113 1.91425 1.99244 2.01815 2.09139 2.08423 2.17643 2.16195 2.26864 2.30534 2.31565 2.39622 
4.4019 4.23544 4.12119 4.09207 4.04441 3.93346 3.74249 3.75283 3.62515 3.61438 3.48388 3.466 3.31203 3.25974 3.09288 3.07141 3.0007 2.94666 2.85533 2.78855 2.68801 2.57634 2.47366 2.49597 2.40368 2.32283 2.26328 2.11866 2.08079 2.00776 1.93757 1.89265 1.84547 1.77052 1.67839 1.61123 1.55983 1.52346 1.45902 1.42211 1.35291 1.31549 1.25235 1.20789 1.17786 1.13496 1.10256 1.07309 1.04643 1.02141 1 0.98131 0.96977 0.956768 0.939702 0.93646 0.94819 0.938682 0.955458 0.958764 0.953797 0.9724 0.966596 0.997905 1.01346 1.06744 1.04658 1.05385 1.11594 1.15728 1.18142 1.19733 1.21705 1.25253 1.33711 1.32933 1.33012 1.41696 1.44023 1.47975 1.50669 1.60035 1.61825 1.63276 1.68909 1.69797 1.75577 1.81195 1.82067 1.90194 2.01227 1.94313 2.0707 2.06162 2.18091 2.17428 2.2185 2.26618 2.33887 2.3361 2.45487 
4.31421 4.21648 4.19756 4.06015 3.98679 3.88102 3.79272 3.80009 3.60428 3.56974 3.45955 3.43039 3.29465 3.21343 3.19819 3.10244 2.96098 2.93959 2.84427 2.81047 2.62753 2.58781 2.55009 2.43151 2.39714 2.2553 2.21418 2.19719 2.12048 2.01749 1.94661 1.86337 1.7675 1.71843 1.6815 1.6599 1.57739 1.50744 1.43763 1.42679 1.33877 1.31252 1.25953 1.20888 1.18284 1.13491 1.10321 1.07087 1.04465 1.01991 1 0.981148 0.967085 0.954653 0.946442 0.940344 0.955836 0.948174 0.947423 0.939837 0.968112 0.97379 0.993845 0.988219 1.01231 1.05562 1.07085 1.08107 1.10463 1.14169 1.18527 1.22058 1.21762 1.28042 1.30243 1.32655 1.3952 1.41269 1.45251 1.47665 1.55423 1.55117 1.59614 1.62558 1.72255 1.76591 1.79181 1.81638 1.82235 1.94255 1.91605 1.97623 2.03265 2.09079 2.10533 2.19163 2.2263 2.34426 2.31857 2.38168 2.37026 
4.44674 4.21612 4.13176 4.09824 3.97696 3.8924 3.85618 3.75007 3.71037 3.51445 3.49569 3.42624 3.29967 3.27129 3.16908 3.10208 2.9893 2.96765 2.78608 2.79351 2.69259 2.61712 2.49863 2.4585 2.36447 2.25372 2.20634 2.13903 2.09917 2.05183 1.95315 1.89652 1.79161 1.76832 1.67957 1.60057 1.5711 1.51456 1.42388 1.39965 1.343 1.30138 1.25537 1.21319 1.17727 1.13652 1.09696 1.07439 1.04276 1.0213 1 0.982142 0.970881 0.956303 0.945644 0.938625 0.94573 0.938481 0.94753 0.954594 0.959071 0.973606 0.968877 0.994325 1.03049 1.05463 1.04345 1.07935 1.12653 1.14006 1.17469 1.23276 1.23875 1.28955 1.30871 1.32871 1.38058 1.40779 1.43325 1.48534 1.52314 1.58988 1.6086 1.66595 1.70172 1.75141 1.75349 1.81921 1.89661 1.94181 1.92657 1.95606 2.01554 2.12199 2.13367 2.18766 2.16185 2.33629 2.25492 2.41594 2.3822 
4.37395 4.2932 4.13984 4.07194 3.95106 3.96473 3.78173 3.71354 3.66289 3.52036 3.44595 3.33992 3.34499 3.2562 3.20017 3.07281 2.99923 2.94802 2.88292 2.7863 2.75863 2.60042 2.52558 2.4003 2.36236 2.3028 2.23074 2.22001 2.08717 2.00873 1.8992 1.9242 1.80327 1.73789 1.67817 1.63309 1.54302 1.50173 1.46903 1.40189 1.34226 1.31045 1.25557 1.21427 1.16955 1.1418 1.10037 1.07668 1.04497 1.02042 1 0.982621 0.970503 0.958149 0.941006 0.941456 0.946136 0.942315 0.946221 0.961263 0.956338 0.962164 0.990598 0.998651 1.02804 1.0449 1.04564 1.11828 1.11754 1.14351 1.17697 1.23245 1.22135 1.26908 1.3178 1.35019 1.36072 1.44435 1.4784 1.49769 1.51819 1.58736 1.66198 1.64588 1.69773 1.68099 1.7944 1.76554 1.88916 1.90783 1.92684 1.9927 2.08493 2.0925 2.10429 2.18963 2.2216 2.27791 2.29875 2.39119 2.41134 
4.33035 4.19872 4.12067 4.1531 3.94407 3.89164 3.83563 3.75934 3.70542 3.57438 3.51661 3.3929 3.31667 3.27285 3.14343 3.08644 3.04046 2.92441 2.83918 2.77274 2.70599 2.57652 2.54103 2.44756 2.33919 2.32612 2.19563 2.14794 2.0827 1.99212 1.95073 1.86682 1.80964 1.73621 1.67769 1.62569 1.55496 1.50474 1.4463 1.39328 1.35171 1.30209 1.24758 1.22214 1.17168 1.13183 1.10196 1.07165 1.04447 1.02085 1 0.981058 0.965385 0.958351 0.95121 0.941267 0.943481 0.942479 0.941254 0.962513 0.964164 0.971396 0.995343 0.985501 1.0445 1.04895 1.0515 1.07022 1.11229 1.11886 1.18535 1.20606 1.25015 1.25031 1.29196 1.34637 1.37418 1.40925 1.45892 1.45274 1.54641 1.58341 1.59179 1.69569 1.67553 1.76369 1.80162 1.82954 1.84689 1.86698 1.89533 2.04845 2.05011 2.04733 2.11612 2.14602 2.25933 2.24368 2.33849 2.34789 2.40611 
4.3863 4.25118 4.29583 4.0085 4.01109 3.88504 3.84673 3.69753 3.58032 3.58049 3.50876 3.35289 3.33495 3.13714 3.14959 3.09784 3.05297 2.94371 2.80219 2.76974 2.68229 2.61901 2.45794 2.40798 2.36844 2.25028 2.21178 2.19481 2.12169 2.04073 1.9542 1.8953 1.81259 1.75742 1.72689 1.60218 1.57745 1.49551 1.47434 1.39635 1.35459 1.28723 1.25322 1.22798 1.16649 1.13369 1.10595 1.07409 1.04262 1.02029 1 0.981588 0.96818 0.954975 0.952927 0.938841 0.935645 0.934573 0.947485 0.941163 0.955322 0.986933 0.993461 1.02087 1.04573 1.03551 1.06389 1.12611 1.11453 1.13374 1.17193 1.19961 1.28549 1.22705 1.28807 1.28521 1.35701 1.4139 1.45264 1.49951 1.51751 1.60435 1.61741 1.66193 1.70761 1.76314 1.75005 1.82815 1.85169 1.90291 1.96717 1.95348 1.98976 2.07001 2.13205 2.09661 2.19883 2.31134 2.33667 2.3396 2.39172 
4.37164 4.31508 4.07021 4.08092 3.93924 3.95593 3.816 3.75661 3.62878 3.47428 3.5431 3.33543 3.34779 3.18481 3.15714 3.11521 3.03089 2.82584 2.77804 2.74209 2.63916 2.64187 2.54875 2.52036 2.39663 2.31211 2.29307 2.17968 2.05555 2.03893 1.97133 1.86419 1.77604 1.75763 1.69122 1.63388 1.55257 1.5256 1.41813 1.38452 1.34294 1.3035 1.23631 1.21087 1.17492 1.1238 1.10398 1.07194 1.04645 1.02169 1 0.98193 0.966215 0.962451 0.948273 0.940389 0.944358 0.935502 0.944385 0.956046 0.953726 0.968118 0.987857 0.999638 1.03959 1.06912 1.05496 1.09635 1.10217 1.16545 1.20164 1.2083 1.23728 1.29327 1.32976 1.36809 1.35734 1.39605 1.4469 1.49311 1.53353 1.58073 1.59991 1.62271 1.674 1.75277 1.8022 1.79508 1.85481 1.92973 2.00347 1.98134 1.99415 2.11461 2.1276 2.16206 2.20734 2.21165 2.34337 2.32951 2.48985 
4.31357 4.2439 4.09384 3.99541 4.00148 3.91569 3.90265 3.71307 3.57767 3.66462 3.52372 3.42224 3.24976 3.24139 3.11744 3.04634 2.97915 2.88575 2.88128 2.79873 2.73609 2.55942 2.48769 2.45018 2.36405 2.29541 2.27619 2.18291 2.08194 1.99382 1.93834 1.85346 1.83005 1.74199 1.6748 1.61859 1.5317 1.52923 1.44163 1.39714 1.34765 1.29305 1.24998 1.20586 1.17071 1.14077 1.11201 1.07408 1.04486 1.02145 1 0.981011 0.968595 0.954268 0.947826 0.945042 0.944433 0.946675 0.952028 0.955023 0.965255 0.99338 0.994913 1.02645 1.01709 1.05243 1.07105 1.09309 1.13808 1.15756 1.18648 1.22351 1.24029 1.30045 1.32207 1.35092 1.38552 1.4303 1.45541 1.46954 1.54382 1.59697 1.63193 1.64859 1.6768 1.72583 1.74569 1.8143 1.86995 1.9561 1.93518 1.90801 1.98937 2.07503 2.15674 2.15085 2.23991 2.26192 2.32877 2.38364 2.37606 
4.32067 4.35353 4.23869 4.06103 4.03771 3.91026 3.78518 3.7584 3.67055 3.58707 3.50387 3.39125 3.31484 3.22518 3.16148 3.04071 3.05119 2.8628 2.85923 2.6985 2.65708 2.62445 2.51862 2.39996 2.37727 2.28654 2.19251 2.11617 2.05417 1.97947 1.95542 1.84363 1.78715 1.74312 1.70884 1.62959 1.56576 1.50897 1.46752 1.39096 1.33497 1.29352 1.25772 1.20023 1.17746 1.13836 1.09723 1.0704 1.04684 1.02046 1 0.981881 0.970509 0.958 0.94294 0.945956 0.9361 0.941064 0.932004 0.968765 0.969537 0.986719 0.979275 1.01814 1.00698 1.03839 1.09974 1.08829 1.13777 1.13509 1.17872 1.18943 1.24704 1.26138 1.30044 1.35921 1.35254 1.40453 1.44178 1.49141 1.52968 1.57731 1.58158 1.66987 1.66631 1.78658 1.71969 1.8389 1.84184 1.89182 1.99041 2.03502 2.00022 2.01838 2.13615 2.20665 2.20862 2.30499 2.38593 2.36338 2.38974 
4.50952 4.20849 4.10692 4.08936 3.99622 3.83358 3.75758 3.76012 3.59815 3.5468 3.38729 3.37798 3.33108 3.21146 3.17043 3.12727 3.05458 2.89267 2.84967 2.8126 2.65556 2.58914 2.52386 2.43849 2.38517 2.297 2.25121 2.18252 2.07554 2.02868 1.94534 1.86289 1.79558 1.71937 1.66065 1.61149 1.5329 1.48097 1.44321 1.39674 1.34624 1.3003 1.25086 1.20429 1.1704 1.14096 1.10009 1.0716 1.04694 1.02151 1 0.983367 0.966174 0.9572 0.952083 0.9516 0.945344 0.947588 0.950031 0.954265 0.966912 0.982953 0.979315 1.01475 1.02164 1.04483 1.05476 1.08731 1.13707 1.15473 1.17702 1.19639 1.22765 1.26993 1.29966 1.32815 1.3795 1.42935 1.45578 1.50106 1.5441 1.58062 1.64121 1.65177 1.68175 1.72073 1.78339 1.80894 1.85696 1.91669 1.96338 2.01106 2.01582 2.0376 2.10918 2.16266 2.24213 2.25972 2.27245 2.41719 2.35416 
4.31534 4.2763 4.17223 4.05416 3.95733 3.87648 3.85462 3.70041 3.64764 3.5631 3.51612 3.34832 3.36124 3.30905 3.16707 3.1028 3.00362 2.92193 2.85073 2.75494 2.64701 2.62429 2.55985 2.42298 2.37657 2.30947 2.20356 2.17208 2.10431 2.00895 1.9089 1.86591 1.82398 1.75105 1.67651 1.64425 1.54114 1.54687 1.45041 1.4004 1.33598 1.31156 1.24491 1.19948 1.1821 1.13818 1.09714 1.06916 1.04413 1.0223 1 0.981663 0.967697 0.956183 0.947883 0.940192 0.943889 0.943534 0.946744 0.961324 0.958369 0.98819 0.978614 1.00805 1.01711 1.05201 1.0755 1.09191 1.15256 1.15834 1.17086 1.19614 1.24416 1.27522 1.31393 1.35527 1.39566 1.43007 1.46503 1.48221 1.55582 1.5751 1.59305 1.6719 1.70945 1.69812 1.78842 1.82505 1.90406 1.90316 1.98836 1.99149 2.08181 2.05141 2.12652 2.17676 2.24696 2.32138 2.29389 2.32122 2.36538 
4.20961 4.19632 4.12651 4.01259 3.94363 3.89571 3.8172 3.68112 3.6482 3.56434 3.48058 3.38077 3.27479 3.16387 3.10316 3.05828 2.91969 2.90118 2.8496 2.75353 2.69848 2.65856 2.51603 2.4508 2.36167 2.35343 2.21423 2.15302 2.08486 2.04731 1.93695 1.872 1.83417 1.71918 1.705 1.61269 1.578 1.50059 1.42548 1.40308 1.35533 1.27748 1.25089 1.22843 1.17021 1.1288 1.10291 1.0735 1.04493 1.02052 1 0.983247 0.969142 0.952721 0.949549 0.948327 0.946392 0.93295 0.942384 0.971886 0.947369 0.971883 0.995456 1.02063 1.02857 1.04809 1.04668 1.08867 1.11365 1.10239 1.17833 1.23257 1.24832 1.29441 1.28935 1.36066 1.33736 1.43332 1.50696 1.48775 1.51759 1.59378 1.59015 1.70685 1.67803 1.71272 1.77563 1.85951 1.89062 1.86769 1.98461 1.9592 2.02243 2.11517 2.10556 2.18339 2.18139 2.22946 2.33657 2.37374 2.42995 
4.3484 4.21211 4.18213 4.08632 3.85694 3.84319 3.77583 3.69596 3.67336 3.58396 3.53981 3.41845 3.3214 3.25532 3.11408 3.05396 3.02421 2.93929 2.8199 2.70171 2.67056 2.58605 2.52047 2.4207 2.34079 2.36573 2.18701 2.18207 2.11373 2.01423 1.94126 1.86519 1.81934 1.74207 1.69842 1.61462 1.56842 1.50481 1.46138 1.40499 1.33717 1.29029 1.24344 1.21994 1.16387 1.13525 1.1007 1.07197 1.04632 1.0212 1 0.982803 0.966312 0.956445 0.949305 0.943709 0.941296 0.938302 0.955483 0.952975 0.959918 0.976169 1.02044 1.0174 1.04781 1.03895 1.05116 1.1232 1.13185 1.13402 1.15151 1.18426 1.23796 1.29692 1.30379 1.36594 1.37438 1.4295 1.45061 1.50914 1.49469 1.59974 1.59192 1.68956 1.73273 1.73562 1.83456 1.78943 1.8392 1.90831 1.97097 1.97419 2.07197 2.11889 2.11559 2.21771 2.20493 2.24901 2.34078 2.3935 2.38895 
4.2751 4.20656 4.08347 4.03123 4.00723 3.90917 3.84426 3.71943 3.59969 3.50145 3.52624 3.32411 3.32742 3.22991 3.11338 3.15486 2.97557 2.90027 2.83183 2.79279 2.66219 2.57636 2.48845 2.44522 2.36793 2.32798 2.24058 2.15181 2.09609 1.98026 1.9584 1.87497 1.79601 1.73196 1.66987 1.59585 1.54301 1.52463 1.46755 1.41739 1.35078 1.28645 1.2466 1.20976 1.17335 1.13259 1.10129 1.07046 1.04526 1.02075 1 0.98398 0.970047 0.958822 0.95501 0.947298 0.946533 0.949683 0.942916 0.952471 0.960156 0.973165 1.0128 1.00592 1.0273 1.06141 1.09722 1.09578 1.11809 1.15298 1.17084 1.19681 1.26295 1.27788 1.3313 1.36367 1.41334 1.47251 1.49653 1.4845 1.53075 1.55307 1.60835 1.62717 1.71561 1.71472 1.76561 1.83842 1.86972 1.87904 1.92782 2.01645 2.02316 2.10277 2.10907 2.19108 2.2133 2.2923 2.31231 2.32285 2.3062 
4.31898 4.22074 4.1634 4.06609 3.90974 3.77415 3.77416 3.72567 3.70892 3.60587 3.378 3.35925 3.37301 3.14862 3.1479 3.05973 2.99039 2.91679 2.81453 2.77956 2.69877 2.59306 2.51568 2.4454 2.39118 2.23679 2.22204 2.15725 2.06276 1.98252 1.96836 1.85921 1.7937 1.71328 1.68904 1.63348 1.54643 1.5112 1.47209 1.38693 1.32745 1.30173 1.25908 1.20826 1.16189 1.13182 1.09611 1.07513 1.04473 1.01954 1 0.982826 0.970585 0.962086 0.946713 0.951186 0.946584 0.946534 0.947586 0.953977 0.971965 0.970907 0.998835 1.01038 1.0248 1.0536 1.06574 1.0949 1.12713 1.15527 1.17949 1.20653 1.21956 1.30433 1.31969 1.35485 1.38875 1.41234 1.42372 1.50904 1.57934 1.56515 1.60093 1.6574 1.72388 1.70914 1.79274 1.83566 1.88072 1.97184 1.97248 2.01627 2.0675 2.06778 2.14813 2.06622 2.20068 2.282 2.31009 2.35619 2.37554 
4.20919 4.21825 4.17148 4.16936 3.92774 3.91194 3.88099 3.73973 3.65939 3.63281 3.44313 3.40425 3.2758 3.19004 3.09633 3.06068 2.99495 2.8376 2.86235 2.7732 2.65308 2.57957 2.52616 2.41747 2.36915 2.28015 2.22883 2.19536 2.05931 2.00853 1.94484 1.8443 1.80541 1.71549 1.65202 1.61234 1.5365 1.49616 1.46275 1.39657 1.34608 1.29983 1.25827 1.21578 1.16929 1.13598 1.10674 1.0722 1.04664 1.0193 1 0.982508 0.97103 0.959174 0.942932 0.937928 0.948577 0.946823 0.962842 0.9647 0.968044 0.965387 0.996005 1.01436 1.01538 1.01986 1.08876 1.11004 1.13324 1.15463 1.1549 1.21132 1.23795 1.27316 1.32188 1.35049 1.38419 1.45212 1.43379 1.45708 1.51838 1.59163 1.59797 1.58777 1.70794 1.76987 1.78413 1.80141 1.91991 1.89942 1.98582 2.05334 1.97115 2.08706 2.19357 2.18649 2.23132 2.24764 2.25733 2.34351 2.42409 
4.27293 4.2333 4.04906 4.02266 3.98782 3.80431 3.81858 3.72738 3.56387 3.47695 3.46209 3.36416 3.3734 3.20293 3.16675 3.08539 2.96368 2.93553 2.84946 2.81306 2.64357 2.57652 2.59438 2.48632 2.36143 2.32918 2.23224 2.14303 2.05094 2.01189 1.9183 1.87334 1.78443 1.74924 1.69967 1.63031 1.56422 1.48695 1.44353 1.41645 1.35871 1.29422 1.25418 1.20457 1.17088 1.13032 1.09892 1.06931 1.04199 1.0205 1 0.983585 0.970297 0.95352 0.952711 0.94217 0.946164 0.943613 0.955439 0.95074 0.957379 0.99702 1.00588 1.0104 1.01471 1.06264 1.075 1.10578 1.11913 1.14184 1.17399 1.2115 1.2268 1.26262 1.30429 1.40489 1.39126 1.43511 1.45113 1.51106 1.52045 1.59531 1.58872 1.66934 1.72551 1.74466 1.80032 1.78805 1.89373 1.87854 1.98711 2.01669 2.10758 2.12093 2.14784 2.12828 2.21511 2.23035 2.35037 2.34771 2.36569 
4.31779 4.24844 4.15438 4.14154 3.9123 3.86478 3.87023 3.71655 3.56175 3.46503 3.47674 3.33588 3.31016 3.28374 3.16187 3.13929 2.97325 2.95997 2.8544 2.70913 2.62423 2.54595 2.46718 2.4184 2.37478 2.25667 2.23905 2.11191 2.06717 2.04251 1.94326 1.86275 1.76524 1.71911 1.68555 1.61987 1.54513 1.50185 1.45257 1.38042 1.34281 1.29692 1.25327 1.20218 1.16915 1.13043 1.10781 1.07229 1.0442 1.02006 1 0.981648 0.96957 0.958214 0.946958 0.944288 0.942067 0.946983 0.953872 0.952938 0.972673 0.995833 1.00185 1.01516 1.03163 1.06601 1.08345 1.11074 1.14313 1.17125 1.19276 1.22568 1.23355 1.28147 1.2671 1.34967 1.36678 1.43583 1.48725 1.49795 1.52614 1.56427 1.5561 1.6371 1.72234 1.75263 1.79625 1.80448 1.85743 1.95462 1.90208 2.01257 2.03584 2.13218 2.15409 2.17018 2.23581 2.23629 2.40572 2.37654 2.36613 
4.30074 4.19281 4.10072 4.09308 3.91972 3.76287 3.86014 3.67464 3.60306 3.5337 3.40057 3.36594 3.30041 3.25156 3.1679 3.07799 2.97296 2.89217 2.80811 2.78278 2.6761 2.56254 2.54521 2.45844 2.33287 2.27774 2.22231 2.13983 2.09631 2.05224 1.9397 1.85589 1.85497 1.7473 1.66534 1.63436 1.56035 1.49011 1.42921 1.40665 1.33666 1.28477 1.23831 1.2157 1.16042 1.12561 1.0999 1.06461 1.04512 1.02131 1 0.983078 0.967321 0.95961 0.953879 0.952168 0.93734 0.948877 0.957139 0.951321 0.97379 0.985629 0.993378 0.998747 1.05456 1.06153 1.0833 1.09163 1.12486 1.1551 1.19011 1.21167 1.28331 1.29029 1.32256 1.36795 1.37997 1.4161 1.50757 1.50082 1.5643 1.57633 1.57468 1.66425 1.68403 1.73539 1.7962 1.80916 1.90721 1.84922 1.96669 2.01847 2.07468 2.08187 2.14978 2.13412 2.18478 2.3203 2.31003 2.35794 2.47301 
4.33245 4.24645 4.05264 4.06098 3.95754 3.94753 3.79477 3.71783 3.62029 3.53164 3.48059 3.34388 3.22028 3.2235 3.15907 3.06064 2.98425 2.86964 2.72588 2.69266 2.65465 2.56184 2.54031 2.43524 2.38063 2.25375 2.22058 2.15302 2.14102 1.99666 1.90332 1.85758 1.77797 1.75647 1.6973 1.60185 1.55179 1.49463 1.41082 1.40772 1.36037 1.29663 1.24235 1.20176 1.1612 1.13862 1.10432 1.06688 1.04304 1.01991 1 0.982015 0.970237 0.958455 0.94825 0.953132 0.940894 0.934198 0.950735 0.950977 0.972284 0.98233 0.984688 1.03798 1.01565 1.06002 1.08072 1.09739 1.11477 1.16176 1.1921 1.20138 1.24049 1.31492 1.30743 1.347 1.40188 1.43959 1.47785 1.50303 1.53705 1.57888 1.61273 1.7193 1.68416 1.74469 1.77146 1.78711 1.89445 1.93072 1.95328 1.99636 2.06754 2.08269 2.20608 2.19642 2.2582 2.29408 2.31059 2.30364 2.47247 
4.26823 4.26639 4.09792 4.0042 3.92223 3.86929 3.79635 3.67265 3.58121 3.52172 3.40879 3.35137 3.32328 3.18335 3.20083 3.07974 2.96491 2.86297 2.79034 2.74385 2.65938 2.59691 2.5277 2.41943 2.32239 2.28863 2.16242 2.08401 2.06628 2.04453 1.93541 1.86373 1.81327 1.74985 1.67289 1.60664 1.52961 1.50644 1.42896 1.39527 1.35438 1.30228 1.25213 1.21564 1.17014 1.1414 1.09811 1.07182 1.04019 1.01941 1 0.982958 0.969445 0.961103 0.952311 0.948381 0.948563 0.942199 0.939635 0.955904 0.972104 0.986136 0.996947 1.00599 1.02684 1.05632 1.08055 1.11779 1.12001 1.15458 1.19841 1.2265 1.24112 1.28776 1.30794 1.35527 1.37755 1.46849 1.4807 1.50888 1.55758 1.58109 1.61811 1.68026 1.70147 1.80633 1.80535 1.84103 1.87789 1.93665 1.97625 2.03428 2.09453 2.08898 2.11633 2.16664 2.17559 2.28013 2.30172 2.36876 2.36292 
4.19051 4.11964 4.06498 3.99472 3.83649 3.86007 3.7606 3.62833 3.63823 3.46146 3.44284 3.35307 3.27702 3.26533 3.12235 3.053 2.98123 2.92054 2.90169 2.73456 2.62481 2.6069 2.54265 2.46434 2.34226 2.25637 2.20475 2.17067 2.03904 1.98044 1.94676 1.8819 1.80244 1.7533 1.66577 1.61552 1.54874 1.49179 1.45126 1.395 1.33378 1.29591 1.23566 1.21644 1.16088 1.12354 1.10081 1.07652 1.04555 1.01854 1 0.983583 0.971182 0.957421 0.950788 0.950987 0.95082 0.942265 0.952653 0.958799 0.957025 0.974062 1.00497 1.01461 1.0324 1.02845 1.0851 1.11074 1.10942 1.17216 1.19542 1.21953 1.24473 1.29312 1.33396 1.34417 1.44462 1.45399 1.47685 1.47386 1.55693 1.58469 1.64472 1.72287 1.69443 1.76168 1.79045 1.86303 1.86295 1.92555 1.94046 2.01719 2.04424 2.0986 2.15758 2.19509 2.22518 2.33167 2.30845 2.3917 2.38737 
4.30859 4.12557 4.05339 3.98708 3.85034 3.91933 3.83175 3.66014 3.55535 3.46916 3.42185 3.38145 3.31582 3.20268 3.08841 3.04226 2.96092 2.8531 2.73566 2.72161 2.62685 2.57123 2.50692 2.45626 2.30192 2.29821 2.18866 2.12593 2.08315 1.99561 1.95375 1.8481 1.76906 1.72745 1.67882 1.5703 1.56193 1.50358 1.43027 1.38937 1.33461 1.2863 1.25831 1.19191 1.17124 1.14327 1.09929 1.071 1.04413 1.01925 1 0.984418 0.965723 0.957865 0.942597 0.950428 0.949159 0.949996 0.958782 0.968361 0.978982 0.979555 0.997578 1.0202 1.00665 1.03774 1.0788 1.10703 1.0958 1.16603 1.17273 1.21477 1.27122 1.3143 1.32516 1.38527 1.39987 1.38317 1.44401 1.52066 1.55724 1.61553 1.64183 1.65216 1.70083 1.74768 1.77308 1.79626 1.8858 1.8948 1.96717 2.02108 2.0453 2.09893 2.15818 2.22579 2.24261 2.3303 2.26787 2.37999 2.42489 
4.35863 4.21049 4.1261 4.0964 3.89816 3.87899 3.80042 3.55664 3.67419 3.49915 3.51795 3.39151 3.34317 3.23566 3.1509 3.07855 3.00283 2.82574 2.80302 2.82465 2.60363 2.55523 2.49076 2.4584 2.31006 2.27404 2.22932 2.14077 2.06282 1.97655 1.91758 1.86676 1.79484 1.76924 1.62098 1.62579 1.56176 1.4948 1.43657 1.4053 1.34843 1.28957 1.25718 1.20617 1.17471 1.13452 1.10192 1.06948 1.0416 1.01938 1 0.982626 0.970275 0.958371 0.949922 0.948758 0.942382 0.942675 0.940586 0.962099 0.977729 0.986619 1.013 1.02923 1.01934 1.06242 1.07492 1.12464 1.12019 1.14782 1.20246 1.2565 1.25993 1.2884 1.32596 1.36504 1.34831 1.43276 1.47524 1.54498 1.55088 1.59242 1.6587 1.70152 1.71305 1.77298 1.85672 1.8122 1.89855 1.89232 1.99039 2.00922 2.1018 2.17643 2.14999 2.22694 2.20636 2.24776 2.29931 2.37878 2.40881 
4.28024 4.14364 4.1754 4.04488 3.99072 3.87451 3.81519 3.69436 3.60575 3.46296 3.43437 3.34085 3.31989 3.21842 3.13527 3.03931 2.94697 2.92719 2.80408 2.72329 2.65369 2.57691 2.56339 2.45309 2.34604 2.32295 2.15287 2.12616 2.07268 1.99216 1.91788 1.82978 1.77232 1.72639 1.66721 1.59525 1.56692 1.51111 1.42669 1.38649 1.34734 1.27784 1.24805 1.20454 1.16969 1.12704 1.09422 1.07032 1.045 1.02006 1 0.984265 0.968653 0.963623 0.955156 0.948635 0.951956 0.950901 0.962475 0.955705 0.963104 0.996443 1.00144 1.04181 1.01878 1.06042 1.08853 1.13226 1.10504 1.16564 1.18226 1.23726 1.23129 1.25716 1.28078 1.36528 1.38242 1.43041 1.48059 1.50509 1.51256 1.62098 1.65769 1.68566 1.69996 1.75648 1.79368 1.85417 1.87017 1.90785 2.01611 1.99189 2.03458 2.10186 2.13831 2.22981 2.16547 2.35402 2.3497 2.3922 2.40542 
4.24716 4.16284 4.10281 4.07498 3.90093 3.84218 3.79264 3.7147 3.55717 3.43957 3.40505 3.33821 3.17482 3.18898 3.13735 3.0381 3.00765 2.80621 2.79815 2.73296 2.68782 2.54844 2.48852 2.47216 2.34502 2.29716 2.19866 2.11886 2.10021 2.02049 1.90303 1.81265 1.80775 1.73389 1.66512 1.60109 1.54683 1.49573 1.42867 1.41566 1.34381 1.28832 1.24222 1.2049 1.16029 1.13688 1.10773 1.07424 1.0427 1.01827 1 0.982767 0.966963 0.957341 0.950588 0.943035 0.945304 0.941346 0.958428 0.953024 0.948682 0.978728 0.992976 1.02774 1.04082 1.03567 1.06681 1.13019 1.12357 1.14262 1.17617 1.20526 1.21908 1.30918 1.3442 1.34819 1.35929 1.42882 1.46535 1.54589 1.55058 1.58074 1.65679 1.64862 1.76799 1.7069 1.78528 1.85388 1.89684 1.8741 1.97777 2.01177 2.06723 2.10469 2.17311 2.22433 2.19267 2.3087 2.25605 2.37296 2.36525 
4.2459 4.13099 4.0622 4.08829 3.89441 3.94928 3.82041 3.6785 3.61249 3.5015 3.47683 3.33691 3.25363 3.20215 3.17297 3.07435 2.97674 2.84703 2.82311 2.76026 2.66137 2.60711 2.51158 2.43993 2.33656 2.28551 2.16802 2.12457 2.03934 1.97438 1.93342 1.87055 1.77793 1.72699 1.63218 1.59765 1.53163 1.4993 1.42501 1.39251 1.33651 1.29564 1.26055 1.21053 1.16402 1.12704 1.09547 1.07141 1.04337 1.01915 1 0.984318 0.97083 0.959288 0.948981 0.945214 0.948404 0.950371 0.961131 0.968386 0.991763 0.979917 0.995018 1.0057 1.01817 1.06981 1.07291 1.11955 1.14642 1.1641 1.18933 1.2377 1.24541 1.26847 1.317 1.34407 1.38633 1.43317 1.47051 1.51491 1.55183 1.58405 1.64275 1.66996 1.71077 1.78211 1.8191 1.84873 1.88268 1.90488 1.99267 2.00946 2.06378 2.05 2.09499 2.18214 2.24843 2.26687 2.33244 2.451 2.40292 
4.24135 4.16186 4.10692 4.06635 3.96256 3.77404 3.78975 3.7398 3.52896 3.43689 3.45856 3.34682 3.2827 3.21347 3.11764 3.07729 2.94405 2.83508 2.76409 2.73993 2.66528 2.54942 2.44999 2.40223 2.29172 2.26356 2.18511 2.16982 2.04704 1.96906 1.90756 1.83785 1.79633 1.73462 1.65573 1.62856 1.55527 1.49781 1.44077 1.35407 1.33868 1.2881 1.26333 1.20963 1.17096 1.13404 1.09644 1.07313 1.04284 1.02004 1 0.983398 0.967507 0.958984 0.946692 0.946758 0.951612 0.953628 0.956609 0.964849 0.973367 0.987318 1.00797 1.00053 1.04494 1.08575 1.07247 1.11033 1.11943 1.17562 1.19482 1.23264 1.2695 1.31138 1.29047 1.36501 1.37944 1.45849 1.42012 1.46975 1.56591 1.62847 1.63113 1.68048 1.69436 1.75751 1.78387 1.82668 1.89037 1.93958 1.9142 2.03718 2.05054 2.10533 2.14509 2.20896 2.22614 2.28222 2.27599 2.3514 2.41303 
4.25271 4.17631 4.14348 4.0335 3.93838 3.9467 3.71237 3.70139 3.60944 3.49706 3.44276 3.33207 3.22316 3.21703 3.08624 3.03629 2.96463 2.8843 2.794 2.70319 2.61215 2.54139 2.43608 2.40692 2.37231 2.22252 2.17175 2.11177 2.06721 2.00356 1.9501 1.84769 1.79928 1.74255 1.64612 1.58702 1.54004 1.49067 1.42054 1.39398 1.35196 1.27694 1.25568 1.21081 1.16019 1.131 1.09749 1.06817 1.04375 1.01922 1 0.984487 0.967774 0.956785 0.950321 0.953248 0.946382 0.945952 0.942099 0.964494 0.962206 0.980842 0.993804 1.02862 1.03942 1.06358 1.05853 1.11935 1.11302 1.17597 1.18364 1.23407 1.28841 1.29792 1.32148 1.402 1.40971 1.39701 1.47702 1.54361 1.56994 1.58055 1.63489 1.69876 1.70036 1.77412 1.82089 1.80609 1.8971 2.00634 2.02038 1.99654 2.05087 2.1472 2.11741 2.19168 2.21748 2.3383 2.32625 2.41172 2.49948 
4.28007 4.1501 4.08531 3.98278 3.92172 3.81251 3.81648 3.65686 3.58335 3.56894 3.47393 3.38139 3.27717 3.20028 3.14153 3.06066 2.93436 2.93845 2.81467 2.71428 2.62747 2.52124 2.4572 2.43085 2.35922 2.28714 2.20052 2.13001 2.08533 1.99595 1.89536 1.83854 1.7725 1.73997 1.65201 1.59675 1.53294 1.50539 1.43177 1.36257 1.34502 1.28014 1.23877 1.22379 1.15639 1.12912 1.10079 1.06328 1.04259 1.01901 1 0.982823 0.973069 0.962899 0.953775 0.952429 0.952553 0.949137 0.953786 0.964975 0.984072 0.984404 1.01168 1.03507 1.02883 1.05046 1.08283 1.1281 1.11544 1.17365 1.19752 1.241 1.26387 1.2874 1.35919 1.34579 1.4002 1.45084 1.48551 1.51008 1.53912 1.62056 1.6641 1.69593 1.67851 1.76726 1.87703 1.81264 1.89086 1.94525 1.95736 2.04307 2.08389 2.09349 2.1778 2.18301 2.31195 2.33163 2.34666 2.35869 2.49512 
4.10445 4.09372 4.00337 4.06669 3.9143 3.77228 3.69551 3.69355 3.65317 3.47456 3.46 3.41077 3.23519 3.20241 3.11399 2.98942 2.97934 2.92919 2.82508 2.74488 2.70327 2.55818 2.45305 2.3928 2.32411 2.24574 2.17551 2.13392 2.06257 2.0131 1.93563 1.84884 1.78724 1.73023 1.65317 1.60857 1.54562 1.49035 1.42349 1.38575 1.33788 1.28566 1.2428 1.20139 1.16071 1.11563 1.10263 1.07186 1.04123 1.01941 1 0.982616 0.970282 0.963519 0.957121 0.942071 0.950224 0.946443 0.958929 0.951319 0.960537 0.989161 0.995317 1.02626 1.03269 1.05265 1.09496 1.11729 1.1362 1.15756 1.20924 1.23656 1.26127 1.29724 1.34377 1.3671 1.37256 1.43246 1.48686 1.55027 1.54919 1.58421 1.64733 1.67155 1.71625 1.78306 1.85219 1.84943 1.91172 1.93812 1.91827 2.08226 2.07544 2.10319 2.19474 2.17589 2.23227 2.26869 2.39777 2.37721 2.44094 
4.27005 4.11929 4.04213 4.01247 3.90191 3.76707 3.79946 3.70476 3.55202 3.46783 3.41255 3.35518 3.28642 3.12771 3.09071 3.00806 2.88601 2.87227 2.81215 2.73452 2.61594 2.57106 2.47374 2.41676 2.356 2.2388 2.18523 2.09777 2.06286 1.96811 1.9265 1.84432 1.77592 1.73872 1.6554 1.58416 1.51573 1.4808 1.43805 1.39034 1.315 1.28622 1.23895 1.19302 1.15232 1.12687 1.09528 1.0664 1.04612 1.02099 1 0.983643 0.968656 0.964287 0.948738 0.954233 0.951777 0.940029 0.962024 0.95838 0.960041 0.989872 0.98449 1.02053 1.03557 1.06864 1.05593 1.11614 1.16269 1.16284 1.22021 1.20899 1.2714 1.30492 1.32362 1.36445 1.40107 1.44743 1.4573 1.55344 1.55088 1.60988 1.65789 1.65638 1.69614 1.80096 1.78798 1.89866 1.92956 1.9396 1.93592 2.03011 2.06111 2.11592 2.1679 2.16947 2.23532 2.32951 2.3366 2.41449 2.44119 
4.20539 4.24852 4.14582 3.93195 3.97238 3.95468 3.77511 3.72008 3.54133 3.56818 3.39119 3.41705 3.23788 3.22107 3.10233 2.96449 2.92997 2.87713 2.80882 2.69171 2.61848 2.56837 2.50552 2.42406 2.38977 2.26206 2.23225 2.1366 2.06229 1.94523 1.87656 1.84469 1.74411 1.68264 1.65954 1.61576 1.52288 1.46431 1.41766 1.37055 1.34463 1.28181 1.26734 1.20282 1.16243 1.13238 1.09908 1.06931 1.04585 1.01924 1 0.983928 0.96957 0.962664 0.961989 0.943627 0.941042 0.949241 0.955593 0.97248 0.979216 0.993542 1.00387 1.01154 1.04219 1.06249 1.08217 1.13479 1.12382 1.18148 1.18673 1.23318 1.24244 1.28775 1.35412 1.36386 1.41603 1.40363 1.51865 1.48517 1.57333 1.57584 1.6284 1.64237 1.69796 1.72631 1.85833 1.89139 1.89157 1.9413 1.99342 2.07322 2.0614 2.13969 2.1236 2.16539 2.28615 2.25872 2.34565 2.41267 2.41148 
4.23369 4.12412 4.03931 3.92213 3.83489 3.98095 3.72445 3.65786 3.62812 3.54952 3.37756 3.27972 3.26905 3.24363 3.10901 3.05813 2.94377 2.87036 2.74794 2.69873 2.62536 2.54241 2.52262 2.44555 2.34849 2.27114 2.11495 2.10057 2.09347 2.00067 1.90994 1.86606 1.74557 1.7228 1.67369 1.58229 1.53224 1.51749 1.42563 1.40135 1.33242 1.27826 1.24752 1.19675 1.16464 1.13419 1.09841 1.06592 1.03773 1.01874 1 0.985024 0.967498 0.95901 0.950118 0.953772 0.951601 0.95074 0.945078 0.957953 0.959683 0.989763 1.00984 1.01978 1.03214 1.05683 1.07561 1.10328 1.14511 1.17002 1.21666 1.2202 1.27899 1.2994 1.32063 1.38605 1.39161 1.42704 1.47124 1.52254 1.59492 1.59101 1.6438 1.65815 1.72331 1.76121 1.74656 1.82882 1.92445 1.93295 2.00475 2.03921 2.08844 2.13969 2.13589 2.22536 2.31118 2.30503 2.37137 2.34137 2.39285 
4.19619 4.24494 4.12108 4.10601 3.83698 3.79455 3.77116 3.62122 3.55399 3.4946 3.33965 3.3429 3.33493 3.104 3.10433 3.04081 2.91485 2.77995 2.79542 2.75764 2.58583 2.55821 2.52166 2.4204 2.32534 2.25736 2.16495 2.13488 2.05991 1.95737 1.88049 1.86458 1.76329 1.69127 1.65373 1.61635 1.53247 1.47642 1.42942 1.36844 1.35113 1.2851 1.24143 1.18313 1.1549 1.12654 1.09632 1.06471 1.03935 1.02107 1 0.982631 0.974966 0.956477 0.951534 0.959921 0.939856 0.949411 0.966147 0.971103 0.991052 0.993695 0.993736 1.02557 1.06148 1.04381 1.11511 1.10475 1.14892 1.15858 1.19544 1.22858 1.24209 1.27859 1.33446 1.38005 1.39863 1.4542 1.46902 1.50015 1.54452 1.57331 1.62046 1.70222 1.72481 1.7583 1.79985 1.88227 1.89831 1.98023 2.0597 2.01644 2.07059 2.16015 2.13863 2.24159 2.31176 2.31352 2.27542 2.37016 2.46125 
4.22939 4.22155 4.13185 3.99013 3.89555 3.80277 3.68908 3.67448 3.53038 3.46222 3.38378 3.32508 3.16141 3.16956 3.16683 2.99605 2.94961 2.88791 2.76675 2.67147 2.63963 2.58095 2.44487 2.41514 2.31758 2.23534 2.17617 2.15011 2.05498 1.96712 1.93685 1.8293 1.7804 1.73757 1.67307 1.60445 1.53202 1.47227 1.42095 1.38404 1.32604 1.28253 1.24217 1.20581 1.15902 1.12262 1.09985 1.07045 1.04337 1.01902 1 0.98392 0.970747 0.961242 0.954498 0.957435 0.94934 0.947766 0.955597 0.957837 0.985274 1.00073 0.997236 1.02006 1.04509 1.04401 1.08981 1.12752 1.12251 1.16846 1.19184 1.22879 1.26459 1.30062 1.32563 1.37757 1.39508 1.45307 1.49562 1.52578 1.5598 1.61431 1.66513 1.70859 1.72856 1.76626 1.82773 1.8539 1.87885 1.94177 1.94752 2.07731 2.03717 2.13292 2.18999 2.23077 2.26336 2.35363 2.33555 2.47324 2.41998 
4.2018 4.0438 4.20856 3.97369 4.00679 3.84458 3.65867 3.75188 3.50201 3.52483 3.32042 3.30688 3.27656 3.16582 3.12637 2.99314 2.89586 2.84759 2.77643 2.66565 2.60132 2.53722 2.43922 2.34923 2.32371 2.25019 2.18247 2.08957 1.9833 1.94694 1.95775 1.85517 1.77118 1.722 1.62705 1.58296 1.52065 1.4726 1.43122 1.3862 1.31827 1.28367 1.24361 1.2008 1.15703 1.12902 1.09127 1.06671 1.04156 1.01835 1 0.984765 0.973354 0.969836 0.954877 0.945864 0.952676 0.960424 0.964086 0.963701 0.960964 1.00461 1.00689 1.01827 1.05147 1.06528 1.0919 1.11898 1.16194 1.17194 1.20026 1.25778 1.2526 1.26371 1.3232 1.38355 1.44597 1.46784 1.47749 1.52789 1.56794 1.62591 1.62668 1.69677 1.74761 1.73237 1.86266 1.86308 1.93483 1.97703 1.97828 2.07458 2.12406 2.10022 2.18368 2.1562 2.29885 2.26339 2.33517 2.43089 2.46625 
4.15261 4.29845 4.01023 4.0298 3.92934 3.85399 3.83841 3.67419 3.61574 3.47205 3.40671 3.35363 3.27787 3.21209 3.10864 3.02795 2.9331 2.79105 2.74285 2.6857 2.63931 2.48904 2.50181 2.40533 2.34253 2.31631 2.18461 2.13489 2.00806 1.95943 1.90528 1.80422 1.75638 1.70253 1.64781 1.61445 1.55049 1.50439 1.42928 1.36222 1.33335 1.28647 1.23461 1.19738 1.16814 1.12503 1.10208 1.06689 1.04675 1.01962 1 0.984011 0.977955 0.956421 0.958613 0.954656 0.951675 0.96987 0.953212 0.965188 0.969625 0.982791 1.00657 1.02986 1.04445 1.07018 1.07189 1.12285 1.15094 1.18021 1.18745 1.2473 1.26017 1.29174 1.32113 1.37077 1.43681 1.45851 1.51914 1.52521 1.5673 1.67406 1.62695 1.71418 1.77002 1.73565 1.77904 1.91552 1.92328 1.97528 1.95405 2.02806 2.06337 2.11182 2.16485 2.15865 2.24433 2.29461 2.28469 2.40776 2.52028 
4.22427 4.12213 4.04894 4.02355 3.81232 3.78643 3.68706 3.61004 3.59717 3.44557 3.42042 3.31428 3.21021 3.17648 3.13768 3.06909 2.86507 2.82192 2.77835 2.67651 2.57699 2.49334 2.45529 2.38474 2.31785 2.23778 2.18355 2.11317 2.04587 1.99452 1.90275 1.81559 1.80098 1.70087 1.64658 1.58107 1.53323 1.4793 1.41739 1.35178 1.32379 1.28261 1.25073 1.19768 1.15536 1.12552 1.10021 1.06473 1.04127 1.01651 1 0.984595 0.971698 0.961274 0.951148 0.956281 0.948214 0.943887 0.946194 0.96111 0.980218 0.988677 1.01971 1.01778 1.03383 1.06896 1.0656 1.11388 1.16364 1.15881 1.21848 1.23012 1.28942 1.30855 1.33808 1.36426 1.44299 1.46356 1.49771 1.55451 1.58286 1.58252 1.64689 1.7317 1.74475 1.7873 1.82223 1.83398 1.8613 1.9369 1.97346 2.04335 2.08021 2.09646 2.1977 2.2117 2.33755 2.31066 2.35462 2.37961 2.50566 
4.14396 4.19204 4.0777 3.96694 3.81667 3.9287 3.6497 3.67691 3.56878 3.52394 3.40519 3.3247 3.2008 3.12533 3.11323 2.93761 2.97204 2.80565 2.7321 2.77356 2.62213 2.55751 2.45032 2.40986 2.30368 2.27902 2.19757 2.08999 2.03991 1.97543 1.90734 1.8539 1.76002 1.68921 1.61592 1.57997 1.51649 1.49032 1.41455 1.38008 1.32888 1.26867 1.22835 1.20345 1.16717 1.1309 1.09497 1.07011 1.04061 1.01957 1 0.984818 0.971525 0.957974 0.958606 0.948415 0.943182 0.962046 0.95813 0.96154 0.98081 0.984987 1.01759 1.02273 1.04891 1.05543 1.10112 1.12859 1.13488 1.15791 1.20226 1.24429 1.27305 1.26629 1.36773 1.40487 1.42619 1.46777 1.46542 1.54683 1.58995 1.59931 1.65838 1.67264 1.73727 1.76936 1.82108 1.85483 1.88964 1.96374 1.99138 2.07017 2.11184 2.11266 2.16928 2.24221 2.24083 2.33838 2.36564 2.41018 2.43791 
4.18061 4.19225 4.02389 3.91903 3.8978 3.91733 3.80967 3.67254 3.53053 3.51061 3.35586 3.29119 3.24602 3.14776 3.0468 3.01532 2.96712 2.87348 2.77152 2.70315 2.54822 2.60176 2.4527 2.39899 2.3208 2.20414 2.13504 2.07429 1.98951 1.98193 1.92485 1.84216 1.76969 1.72849 1.64704 1.59542 1.52086 1.46545 1.42821 1.38627 1.33231 1.28298 1.24392 1.19993 1.17002 1.12616 1.09158 1.06839 1.04049 1.01756 1 0.984244 0.969614 0.963818 0.952168 0.950563 0.958154 0.961013 0.962677 0.96255 0.978208 0.997049 1.00075 1.03149 1.04932 1.04954 1.10667 1.12685 1.14223 1.19504 1.1772 1.26582 1.26275 1.31834 1.3318 1.3723 1.42985 1.47072 1.47131 1.56874 1.59489 1.64225 1.67483 1.72538 1.72929 1.80076 1.85439 1.87382 1.90864 1.96272 2.00424 2.06088 2.11978 2.14463 2.21988 2.28929 2.2818 2.29177 2.41729 2.44688 2.45033 
4.21818 4.16936 3.99303 4.00849 3.91551 3.84633 3.6909 3.61736 3.51104 3.55975 3.39349 3.34832 3.21997 3.17332 3.11235 3.042 2.95486 2.85068 2.75278 2.65405 2.65863 2.5316 2.46338 2.39635 2.32833 2.30297 2.22462 2.0932 2.02924 1.98204 1.90435 1.83798 1.77034 1.72144 1.65752 1.58135 1.53885 1.48023 1.43523 1.38499 1.31788 1.28435 1.24247 1.21008 1.15744 1.12332 1.09517 1.06729 1.04312 1.01998 1 0.984224 0.970075 0.960843 0.958978 0.957209 0.94797 0.946985 0.956331 0.969211 0.985277 1.00275 1.00143 1.0235 1.06345 1.0405 1.086 1.12217 1.15093 1.17837 1.19427 1.26457 1.27577 1.33026 1.30367 1.39975 1.38221 1.40669 1.49451 1.49808 1.60051 1.58121 1.66866 1.71544 1.75183 1.82725 1.81699 1.88741 1.92016 1.95041 2.0464 1.9958 2.11342 2.16855 2.15055 2.22973 2.32275 2.36069 2.3732 2.45756 2.44581 
4.12825 4.13306 4.06212 3.97359 3.88297 3.86302 3.76 3.63825 3.48896 3.47695 3.37026 3.30432 3.15024 3.16231 3.07599 2.98419 2.91679 2.87039 2.73829 2.66882 2.65539 2.57094 2.46272 2.38818 2.34231 2.2288 2.15166 2.06117 2.07466 1.96305 1.88726 1.8282 1.79009 1.68535 1.63434 1.614 1.5414 1.47102 1.42169 1.38237 1.31799 1.29372 1.23333 1.19854 1.16571 1.12131 1.10027 1.06758 1.03999 1.01788 1 0.982912 0.973444 0.963374 0.952434 0.955813 0.948199 0.959598 0.961556 0.969738 0.97534 1.00675 0.997534 1.04024 1.06272 1.05302 1.09224 1.0973 1.12498 1.18684 1.19172 1.24921 1.25396 1.32149 1.3558 1.37345 1.38105 1.43917 1.50512 1.565 1.58276 1.59783 1.66339 1.70902 1.74862 1.79585 1.80395 1.91886 1.89782 1.93516 2.02948 2.09313 2.13854 2.13558 2.25739 2.18836 2.27435 2.28022 2.36492 2.39267 2.4234 
4.22737 4.0592 4.00894 3.9138 3.84513 3.74636 3.74123 3.60032 3.57221 3.46237 3.38029 3.30029 3.16641 3.16566 3.08339 2.96175 2.91672 2.89342 2.73006 2.64458 2.50193 2.55627 2.46466 2.41309 2.26815 2.21616 2.20552 2.13479 2.0397 1.99504 1.90406 1.85734 1.77485 1.73213 1.64104 1.5979 1.54626 1.47257 1.4251 1.37995 1.3254 1.28842 1.23639 1.19143 1.15598 1.12646 1.09432 1.06441 1.03507 1.01973 1 0.984957 0.974525 0.964028 0.956498 0.949929 0.958695 0.9579 0.961225 0.979533 0.980171 1.01393 1.00392 1.04114 1.04253 1.0713 1.11345 1.13047 1.17417 1.18273 1.2072 1.23772 1.27172 1.32156 1.34347 1.37622 1.42936 1.48099 1.52708 1.56306 1.60888 1.67233 1.66067 1.65643 1.71875 1.82085 1.83136 1.90125 1.96386 1.94921 1.99466 2.08197 2.09865 2.11748 2.19498 2.2597 2.31547 2.3578 2.35864 2.47896 2.51012 
4.1623 4.05316 4.04672 3.84557 3.85077 3.85609 3.76168 3.59532 3.60826 3.49064 3.40057 3.3103 3.25814 3.15092 3.07252 2.96719 2.97122 2.82337 2.7479 2.67121 2.59353 2.55742 2.46554 2.34196 2.30848 2.2651 2.13019 2.06137 2.04443 1.95695 1.9183 1.88924 1.75528 1.7046 1.63151 1.59883 1.54709 1.47479 1.39866 1.35853 1.33697 1.26015 1.24355 1.19073 1.14926 1.12812 1.09839 1.05929 1.04613 1.01837 1 0.985098 0.972904 0.962611 0.962885 0.954812 0.961669 0.963951 0.950937 0.974944 0.982126 0.99576 0.995209 1.03628 1.04496 1.07107 1.09681 1.09442 1.13384 1.17192 1.21372 1.22889 1.29315 1.26878 1.36236 1.35413 1.41502 1.46143 1.53063 1.5788 1.57737 1.61482 1.66537 1.68162 1.7162 1.80021 1.85057 1.86164 1.8899 1.96841 2.00677 2.0727 2.08819 2.14098 2.20195 2.20803 2.2454 2.37024 2.38098 2.39635 2.56494 
4.23094 4.13152 3.99516 3.97688 3.77325 3.81502 3.68307 3.6478 3.54495 3.43845 3.35326 3.30078 3.28628 3.15754 3.09721 3.01222 2.94415 2.76983 2.75868 2.66326 2.65308 2.52742 2.45063 2.37188 2.33771 2.23473 2.18166 2.08864 2.01657 1.94482 1.90958 1.82607 1.77087 1.68825 1.60116 1.59969 1.55764 1.46255 1.43757 1.39101 1.31059 1.26033 1.22076 1.20111 1.16762 1.13012 1.09689 1.0644 1.0409 1.01864 1 0.982914 0.972392 0.961 0.956592 0.958119 0.952945 0.961398 0.973215 0.965443 0.997905 0.999096 0.998257 1.04414 1.0523 1.07317 1.1035 1.11779 1.1759 1.19643 1.21214 1.22916 1.28756 1.2944 1.33492 1.3938 1.43464 1.47261 1.49998 1.49277 1.56676 1.58221 1.6431 1.68112 1.77873 1.80197 1.82157 1.88436 1.94733 1.95585 2.03928 2.04998 2.13806 2.19069 2.20846 2.2196 2.32826 2.35875 2.36788 2.39758 2.45013 
4.20132 4.09558 3.97878 3.91414 3.90086 3.72638 3.67281 3.68352 3.46832 3.51542 3.38936 3.29471 3.20729 3.19263 3.07607 2.97132 2.88607 2.80504 2.72496 2.66543 2.61162 2.5421 2.46696 2.42002 2.27477 2.18882 2.18003 2.15583 2.03568 1.93623 1.9359 1.81248 1.79332 1.72056 1.653 1.56188 1.53657 1.47271 1.41919 1.3707 1.31182 1.27495 1.23072 1.19088 1.17237 1.12535 1.09456 1.06914 1.03784 1.01916 1 0.985551 0.973552 0.965869 0.960863 0.95646 0.957974 0.957753 0.954124 0.98097 0.982167 0.998387 1.00871 1.01924 1.05895 1.0809 1.09852 1.11831 1.12826 1.18883 1.1655 1.26579 1.28402 1.30397 1.34438 1.37106 1.43661 1.49141 1.49691 1.50816 1.56931 1.61546 1.68843 1.70409 1.7859 1.81638 1.83709 1.91928 1.94708 1.9694 2.00398 2.02056 2.10187 2.16071 2.14287 2.20942 2.24861 2.29163 2.40808 2.38911 2.43693 
4.28886 4.05432 4.00983 3.9956 3.88588 3.74134 3.71381 3.55771 3.52827 3.58186 3.32828 3.33759 3.18083 3.18649 3.06151 3.01282 2.92173 2.88942 2.73934 2.68125 2.63634 2.46712 2.45813 2.38744 2.29078 2.3049 2.17794 2.13159 2.02994 1.98405 1.92935 1.82292 1.7791 1.71297 1.62898 1.5735 1.52902 1.47069 1.40959 1.37727 1.3323 1.28386 1.24218 1.19734 1.15966 1.13664 1.09303 1.06858 1.03978 1.01903 1 0.984762 0.974197 0.961324 0.958615 0.956666 0.952724 0.952188 0.964579 0.968553 1.00383 0.989952 0.996433 1.03136 1.06284 1.06478 1.11873 1.12527 1.15879 1.18071 1.2214 1.22835 1.28658 1.33426 1.34829 1.37555 1.41835 1.41984 1.49009 1.55295 1.62453 1.62037 1.64903 1.73217 1.74945 1.81534 1.82815 1.87359 1.89085 1.98144 2.01585 2.08745 2.14351 2.16614 2.24216 2.2929 2.34497 2.3599 2.4033 2.4099 2.55158 
4.26963 4.09007 3.98894 3.85775 3.80949 3.76667 3.65887 3.70429 3.50794 3.47488 3.35866 3.249 3.17452 3.17118 3.05738 3.04282 2.92656 2.80022 2.72013 2.63498 2.59922 2.51927 2.43796 2.43844 2.29071 2.23422 2.17888 2.04245 1.99237 1.965 1.8967 1.79748 1.78532 1.67371 1.6625 1.59491 1.53589 1.45539 1.4117 1.37496 1.33623 1.2847 1.21766 1.19303 1.15293 1.12769 1.09724 1.06601 1.04125 1.01712 1 0.983572 0.971896 0.961608 0.957666 0.960499 0.960861 0.950777 0.955397 0.967808 0.979591 0.979538 1.01566 1.04455 1.04239 1.07797 1.11704 1.10969 1.16546 1.17651 1.22647 1.2371 1.28027 1.2864 1.34627 1.3513 1.41471 1.453 1.50621 1.52726 1.57947 1.57974 1.67171 1.71244 1.81296 1.7888 1.87621 1.85673 1.92859 1.97234 1.97222 2.08591 2.06913 2.11422 2.22455 2.24019 2.27068 2.36969 2.38663 2.40217 2.49772 
4.18652 4.11683 4.01701 3.9832 3.85873 3.8212 3.65487 3.66657 3.44434 3.49523 3.32437 3.26321 3.24673 3.15349 3.09009 2.96945 2.91754 2.87068 2.76255 2.66229 2.60926 2.60346 2.48315 2.38724 2.23824 2.24719 2.19136 2.11168 2.03191 1.97634 1.89074 1.80354 1.7793 1.68618 1.65265 1.59527 1.5262 1.46976 1.43787 1.37146 1.33744 1.26874 1.22915 1.20024 1.16216 1.13064 1.09468 1.06674 1.04008 1.0192 1 0.985865 0.968601 0.967009 0.955853 0.951357 0.95824 0.956253 0.959919 0.972984 0.985935 1.01577 1.02527 1.04251 1.04236 1.07893 1.09654 1.10656 1.14941 1.19778 1.17701 1.24501 1.2909 1.31897 1.34243 1.38446 1.39586 1.43318 1.52777 1.52978 1.62048 1.63578 1.66273 1.73002 1.72815 1.82192 1.843 1.87691 1.96246 2.03437 1.99211 2.00484 2.15972 2.19537 2.22 2.22579 2.34661 2.37017 2.39706 2.47582 2.45101 
4.14187 4.1004 4.02949 3.93153 3.86579 3.76658 3.72811 3.53308 3.58845 3.51269 3.31221 3.27201 3.18955 3.13398 3.02594 3.01194 2.88489 2.86347 2.7542 2.62243 2.52874 2.49043 2.43305 2.41489 2.32674 2.22226 2.15797 2.06895 2.01879 1.97612 1.89806 1.82518 1.7727 1.69769 1.64003 1.56212 1.53917 1.49292 1.43621 1.35609 1.31823 1.26675 1.22744 1.18378 1.16298 1.12385 1.09549 1.06492 1.0387 1.01853 1 0.984685 0.972704 0.964995 0.955486 0.954775 0.947756 0.96754 0.961955 0.986238 0.986451 0.989892 1.00911 1.04658 1.07549 1.09281 1.11155 1.13714 1.16439 1.14743 1.23493 1.21796 1.25707 1.31616 1.41267 1.38026 1.40468 1.44867 1.52486 1.56246 1.62509 1.64875 1.70235 1.72021 1.73287 1.86092 1.87339 1.88718 1.92595 1.9381 2.02267 2.07584 2.10926 2.18907 2.18362 2.27846 2.30957 2.35193 2.37871 2.48522 2.48588 
4.17885 4.10885 4.05454 3.90096 3.79538 3.80679 3.68532 3.68055 3.61035 3.42949 3.3407 3.26907 3.22723 3.13979 3.00798 2.99887 2.92152 2.81542 2.82672 2.67486 2.62335 2.57935 2.46444 2.29967 2.28906 2.2225 2.15647 2.08758 2.01351 1.98147 1.86026 1.84405 1.77125 1.69506 1.59149 1.57474 1.52033 1.46993 1.44426 1.37422 1.33417 1.27361 1.24575 1.20158 1.16622 1.11812 1.09468 1.06399 1.04141 1.0186 1 0.984715 0.970141 0.962788 0.956864 0.954165 0.948352 0.9689 0.961347 0.96078 0.9658 0.999644 1.00304 1.01544 1.06073 1.07546 1.12485 1.14159 1.15622 1.17999 1.18918 1.2216 1.289 1.31862 1.40752 1.40006 1.42915 1.44269 1.49076 1.54856 1.58011 1.64013 1.67811 1.7064 1.75718 1.81829 1.8944 1.89681 1.93961 1.95976 1.98834 2.03171 2.10081 2.12586 2.16374 2.22874 2.26126 2.37873 2.36531 2.45528 2.45293 
4.21108 4.09448 4.06449 3.99239 3.85676 3.84237 3.61245 3.65422 3.50794 3.51697 3.3837 3.27432 3.14972 3.06855 3.02209 2.99087 2.83446 2.85638 2.78518 2.69565 2.63715 2.4997 2.4235 2.3607 2.28254 2.2338 2.16189 2.09849 2.06805 1.94421 1.88644 1.85542 1.78312 1.69937 1.63802 1.59093 1.53007 1.47471 1.43503 1.37775 1.30885 1.28426 1.23206 1.18501 1.15854 1.1294 1.09497 1.07173 1.04023 1.0195 1 0.983241 0.973492 0.957185 0.958807 0.957852 0.95671 0.950977 0.957996 0.964053 0.982034 0.994447 1.00931 1.01563 1.04465 1.07642 1.10754 1.11851 1.18234 1.15929 1.2261 1.24406 1.28383 1.33035 1.34116 1.37774 1.45423 1.47391 1.48985 1.51897 1.6284 1.66432 1.66386 1.71042 1.80828 1.79165 1.88827 1.86656 1.95092 1.96053 2.01987 2.07273 2.11693 2.20212 2.24714 2.19371 2.3466 2.39388 2.32354 2.49576 2.45953 
4.17521 4.05865 4.01825 3.93832 3.84812 3.71555 3.58978 3.6026 3.54551 3.45149 3.35117 3.2881 3.24961 3.10903 3.05933 2.95978 2.89937 2.78838 2.67225 2.68018 2.57626 2.5045 2.43066 2.33848 2.26664 2.22809 2.14914 2.11744 2.03567 1.95009 1.89097 1.7973 1.75465 1.68886 1.65352 1.60511 1.51232 1.44598 1.42034 1.37646 1.32508 1.27792 1.23287 1.1935 1.15909 1.1204 1.08768 1.06526 1.03845 1.01742 1 0.987306 0.972106 0.960018 0.962601 0.953195 0.951553 0.953432 0.958332 0.971872 0.97687 1.00475 1.01183 1.02962 1.04578 1.09518 1.1156 1.1237 1.15854 1.16215 1.21792 1.22263 1.27134 1.32523 1.3325 1.38679 1.46278 1.50501 1.51318 1.54763 1.59524 1.60302 1.66962 1.70949 1.73498 1.76751 1.867 1.90758 1.92784 1.92532 2.03381 2.09542 2.10744 2.16318 2.27811 2.27183 2.37511 2.32245 2.35571 2.49829 2.51802 
4.08548 4.06208 3.98877 3.93693 3.92847 3.82516 3.64437 3.63004 3.58325 3.47961 3.38132 3.36902 3.12712 3.12898 3.01882 3.04803 2.93937 2.85735 2.82054 2.66125 2.52739 2.53384 2.44124 2.40924 2.27776 2.19377 2.13533 2.0962 2.05929 1.9111 1.90113 1.83014 1.75345 1.68599 1.65737 1.57558 1.56819 1.46472 1.41267 1.37207 1.3223 1.28917 1.23432 1.19701 1.15615 1.11656 1.10041 1.0596 1.04013 1.01927 1 0.984485 0.972645 0.958584 0.956618 0.963314 0.958792 0.957691 0.967044 0.971472 0.975899 1.00633 1.01044 1.03854 1.04202 1.10558 1.08869 1.14904 1.13247 1.20302 1.21451 1.24589 1.26872 1.30237 1.36159 1.39181 1.39577 1.47822 1.50563 1.5717 1.6125 1.60126 1.66631 1.69337 1.79102 1.79126 1.83004 1.88509 2.00689 1.98541 2.05116 2.08205 2.07655 2.13239 2.21813 2.27708 2.31754 2.34546 2.41603 2.39427 2.48605 
4.15841 4.2087 4.05149 3.91286 3.88135 3.75413 3.79118 3.61636 3.53092 3.52119 3.30968 3.24369 3.28189 3.13991 3.0278 2.92568 2.93533 2.82133 2.74689 2.66214 2.62169 2.52267 2.43249 2.41625 2.29503 2.2562 2.14199 2.03512 2.03358 1.98255 1.9244 1.79868 1.80837 1.71499 1.63779 1.56424 1.50979 1.46852 1.41357 1.36796 1.31418 1.2823 1.24648 1.20051 1.16347 1.12255 1.0999 1.06314 1.0379 1.01691 1 0.985132 0.971899 0.965637 0.956426 0.951581 0.962005 0.973608 0.961769 0.979847 0.97764 0.991324 1.00882 1.03243 1.04944 1.07816 1.11004 1.11345 1.14887 1.19258 1.19738 1.2452 1.2353 1.33924 1.32462 1.39569 1.38619 1.4791 1.4659 1.5424 1.55798 1.57992 1.65336 1.72927 1.79734 1.75048 1.8757 1.92 1.94251 1.89972 2.02899 2.06447 2.13199 2.18993 2.20127 2.29379 2.31878 2.41554 2.40745 2.38446 2.43331 
4.14031 4.05844 3.98383 4.05832 3.84972 3.76145 3.70799 3.57522 3.49018 3.40477 3.27974 3.3367 3.24686 3.14316 3.05452 2.97824 2.87678 2.81898 2.79993 2.60312 2.61203 2.5141 2.45084 2.30446 2.36677 2.19966 2.17017 2.08408 2.00704 1.91875 1.86195 1.82815 1.77416 1.69013 1.62981 1.58673 1.53057 1.47201 1.43246 1.37044 1.32368 1.27888 1.23694 1.18429 1.1431 1.12312 1.09347 1.06794 1.03928 1.02082 1 0.98574 0.976868 0.966063 0.962272 0.950273 0.959086 0.95287 0.954152 0.992378 0.980066 1.00578 1.01851 1.04292 1.06216 1.08602 1.07123 1.13666 1.16456 1.17962 1.20965 1.26609 1.25786 1.30161 1.33794 1.37655 1.44872 1.48626 1.53356 1.54712 1.58815 1.5793 1.68535 1.72707 1.7264 1.79103 1.83546 1.88223 1.8971 2.02725 2.04512 2.05694 2.14354 2.16901 2.23839 2.23263 2.28546 2.34279 2.40034 2.46305 2.48719 
4.10578 4.16104 4.01985 3.91531 3.86241 3.74684 3.69862 3.63782 3.56346 3.46257 3.38699 3.35135 3.25009 3.15109 3.05267 2.95747 2.90042 2.84434 2.71393 2.62887 2.6097 2.52707 2.41264 2.3417 2.31545 2.18712 2.15332 2.11395 2.00506 1.97529 1.85196 1.81995 1.75621 1.68415 1.62241 1.57209 1.51596 1.4757 1.43968 1.36477 1.32116 1.27237 1.23458 1.20531 1.14653 1.12581 1.08993 1.05896 1.03869 1.01958 1 0.984784 0.973013 0.964111 0.961586 0.95379 0.959039 0.956799 0.962966 0.973466 0.991917 0.99912 1.02153 1.028 1.05978 1.06387 1.1253 1.11879 1.15297 1.17207 1.21261 1.24193 1.23965 1.29156 1.36776 1.37544 1.39317 1.48609 1.53967 1.55999 1.5689 1.65519 1.63496 1.71873 1.71001 1.80655 1.82217 1.88557 1.91415 1.97947 2.04967 2.07453 2.1325 2.14206 2.20862 2.23803 2.37315 2.38189 2.37926 2.45816 2.49559 
4.13041 4.04799 4.00215 3.99964 3.93179 3.7314 3.71565 3.61734 3.53647 3.43462 3.37748 3.3134 3.23015 3.21647 3.12312 3.01715 2.91932 2.83093 2.76602 2.64482 2.63172 2.50261 2.44437 2.3616 2.29926 2.23019 2.13047 2.02959 2.02045 1.97299 1.93335 1.84353 1.72997 1.71585 1.62448 1.59686 1.52733 1.47061 1.40152 1.36498 1.3306 1.28601 1.25249 1.19053 1.16078 1.1223 1.09612 1.0636 1.03973 1.01831 1 0.985638 0.972924 0.962676 0.960328 0.952007 0.964629 0.953885 0.968114 0.976951 0.986777 0.988915 1.02169 1.04642 1.05501 1.06847 1.10092 1.12937 1.14475 1.17641 1.19781 1.24459 1.25905 1.28895 1.37332 1.38602 1.43776 1.51755 1.49653 1.52572 1.58318 1.62688 1.70625 1.66055 1.76439 1.7678 1.81661 1.87876 1.87187 1.9689 2.03957 2.09461 2.17027 2.1267 2.18686 2.23741 2.34139 2.29761 2.41962 2.44643 2.51055 
4.26992 4.0361 4.01817 3.90888 3.82165 3.79418 3.63067 3.56747 3.39828 3.47695 3.35837 3.29968 3.24327 3.12193 3.08721 3.01445 2.93319 2.77854 2.69937 2.62524 2.60392 2.51365 2.43971 2.4015 2.24567 2.22528 2.16113 2.10334 2.02078 1.94254 1.90674 1.78765 1.76088 1.69735 1.63065 1.60412 1.51229 1.47313 1.42869 1.36891 1.32337 1.27676 1.24216 1.20601 1.14831 1.14089 1.09022 1.0647 1.04089 1.01802 1 0.987901 0.974164 0.959483 0.958815 0.956235 0.959011 0.965034 0.95338 0.973555 0.979474 0.997537 1.00731 1.04456 1.05547 1.07024 1.10274 1.11966 1.1656 1.21057 1.21759 1.25735 1.30611 1.35792 1.37997 1.37561 1.4394 1.44836 1.4879 1.54918 1.61525 1.58246 1.67379 1.72498 1.79003 1.84541 1.88616 1.82956 1.94036 1.97653 2.04233 2.08431 2.16572 2.19417 2.15711 2.29622 2.32054 2.28548 2.42899 2.45724 2.51086 
4.07784 3.95294 4.07189 3.88953 3.77618 3.74746 3.76127 3.53588 3.50176 3.41752 3.34206 3.31831 3.25094 3.15253 3.03853 2.94 2.85706 2.91267 2.77843 2.6567 2.60608 2.5151 2.46834 2.41591 2.29676 2.22109 2.16884 2.12172 2.03672 1.95373 1.85637 1.79817 1.75167 1.71057 1.63267 1.58565 1.49882 1.46482 1.43078 1.36815 1.32894 1.26728 1.24144 1.19249 1.15302 1.11798 1.09702 1.0601 1.04008 1.01768 1 0.984084 0.969247 0.963571 0.956369 0.956751 0.965248 0.951532 0.962183 0.978517 0.987668 0.995755 1.02125 1.03088 1.05426 1.09031 1.10084 1.10489 1.15771 1.17402 1.22216 1.23316 1.30668 1.32498 1.34683 1.40187 1.41168 1.45583 1.50125 1.51943 1.59468 1.65783 1.6662 1.67143 1.77343 1.78809 1.89311 1.90309 1.93219 1.94428 2.00926 2.04277 2.08891 2.20061 2.28395 2.23685 2.30875 2.36995 2.39603 2.45094 2.48392 
4.18771 4.01128 3.97899 3.93793 3.80733 3.87387 3.66775 3.58098 3.521 3.52224 3.36644 3.27896 3.19814 3.14562 3.09809 2.99465 2.91492 2.79372 2.73647 2.70609 2.60582 2.55479 2.40508 2.38558 2.31949 2.22245 2.18291 2.11071 2.03258 1.93464 1.85145 1.84392 1.77102 1.69455 1.62783 1.57047 1.54091 1.48912 1.42052 1.38625 1.3088 1.27359 1.23243 1.19187 1.15766 1.12406 1.09639 1.07176 1.04127 1.01874 1 0.98371 0.973343 0.960851 0.961773 0.950454 0.956544 0.960094 0.959765 0.98746 0.989772 0.993367 1.00116 1.01381 1.05707 1.09496 1.12065 1.13668 1.14392 1.21252 1.21545 1.23923 1.27317 1.31671 1.37296 1.37672 1.41713 1.46746 1.5115 1.55391 1.60467 1.64229 1.70027 1.71666 1.78755 1.80168 1.81519 1.92211 1.90455 1.9765 2.04788 2.08899 2.18344 2.17498 2.19053 2.26461 2.26889 2.2879 2.43868 2.42621 2.46058 
4.12944 4.1072 3.97232 3.90636 3.81538 3.67945 3.67441 3.44033 3.50119 3.38755 3.34631 3.26173 3.18717 3.144 3.06755 2.99636 2.84189 2.84837 2.79097 2.6331 2.63254 2.51903 2.41541 2.36267 2.26102 2.21074 2.13594 2.10173 2.01909 1.93001 1.91255 1.87779 1.77601 1.70249 1.63903 1.58412 1.52779 1.47119 1.41712 1.37171 1.33143 1.26581 1.22998 1.20942 1.16265 1.11797 1.09617 1.06321 1.03942 1.01827 1 0.98342 0.971832 0.969339 0.952598 0.951366 0.956574 0.95611 0.941054 0.978213 0.994426 1.00625 1.0348 1.03056 1.05178 1.09018 1.08281 1.14901 1.17595 1.21545 1.19954 1.2677 1.27409 1.29849 1.37282 1.3715 1.41719 1.44432 1.51038 1.54311 1.60112 1.65027 1.6434 1.72442 1.72253 1.81393 1.81347 1.88929 1.95165 2.02553 2.08162 2.07532 2.15649 2.19689 2.17852 2.23474 2.36998 2.32209 2.45765 2.4037 2.5188 
4.28725 4.10609 3.97455 3.9403 3.91866 3.78861 3.66171 3.54764 3.53791 3.43728 3.41324 3.21096 3.17975 3.18477 3.08039 2.98926 2.92698 2.84069 2.68243 2.62801 2.58639 2.48975 2.48968 2.38669 2.26818 2.20756 2.18382 2.12021 2.07942 1.9457 1.87964 1.79687 1.74512 1.7021 1.64376 1.55268 1.52984 1.46244 1.41591 1.36624 1.32638 1.27242 1.24689 1.18872 1.15357 1.12772 1.09335 1.0689 1.03918 1.01835 1 0.985518 0.973312 0.956916 0.960018 0.951174 0.953569 0.955021 0.965954 0.972201 1.00625 1.0027 1.027 1.0342 1.0553 1.06575 1.10651 1.13068 1.1622 1.1646 1.22196 1.25848 1.29028 1.29766 1.35911 1.37187 1.45717 1.49705 1.5005 1.53795 1.58481 1.62829 1.66513 1.71239 1.78989 1.84018 1.89276 1.86983 1.96751 1.94598 2.03374 2.10476 2.10946 2.12158 2.22966 2.23684 2.20896 2.35662 2.43384 2.44554 2.51023 
4.27708 4.01017 4.02388 3.95369 3.79961 3.85438 3.66429 3.60327 3.6156 3.44859 3.3383 3.30478 3.19734 3.17928 3.06857 2.96318 2.90105 2.82857 2.73111 2.64676 2.60897 2.49649 2.41936 2.36222 2.32181 2.24587 2.16939 2.14865 1.98425 1.94429 1.90159 1.83871 1.7744 1.6832 1.64613 1.59387 1.53382 1.4657 1.42101 1.36898 1.33422 1.26508 1.23288 1.20201 1.15685 1.1256 1.09022 1.0653 1.04079 1.01796 1 0.983769 0.976681 0.965693 0.964781 0.962874 0.955395 0.950992 0.965085 0.975371 0.989889 0.990042 1.01169 1.04447 1.03162 1.09983 1.12532 1.12266 1.15477 1.20593 1.22511 1.22739 1.27239 1.3496 1.35088 1.37819 1.44042 1.47595 1.51416 1.56281 1.56182 1.63338 1.66194 1.6934 1.73098 1.81749 1.82318 1.85509 1.95114 2.00879 1.95387 2.0851 2.11475 2.13917 2.23896 2.26602 2.26958 2.37981 2.40035 2.40427 2.41168 
4.21558 4.12096 3.9425 3.92881 3.80533 3.79961 3.72973 3.58322 3.47667 3.42409 3.35908 3.23207 3.18629 3.18968 3.01884 3.05959 2.98149 2.75551 2.6699 2.63904 2.61089 2.47021 2.40484 2.33527 2.27616 2.19261 2.12479 2.07797 2.03958 1.95655 1.91845 1.82172 1.74962 1.73519 1.63374 1.5797 1.52596 1.45819 1.41282 1.35733 1.31229 1.26506 1.23645 1.19289 1.16408 1.1303 1.09208 1.06763 1.03926 1.01771 1 0.984896 0.973247 0.97046 0.961193 0.961851 0.959178 0.964706 0.954644 0.983244 0.978007 0.999886 1.02857 1.04428 1.0535 1.05648 1.07621 1.14398 1.15038 1.21372 1.20283 1.25735 1.25477 1.3154 1.34459 1.40298 1.41859 1.47083 1.54724 1.5909 1.57728 1.62597 1.68209 1.70692 1.74905 1.8362 1.811 1.92425 1.93531 2.01048 2.04812 2.1037 2.14939 2.20254 2.26894 2.27655 2.2873 2.33071 2.42205 2.4591 2.53078 
4.11189 4.1882 4.01488 3.94656 3.85309 3.77639 3.62279 3.53443 3.51801 3.54563 3.26833 3.30254 3.20689 3.13391 3.05063 2.9028 2.93616 2.77133 2.71531 2.63458 2.60704 2.54074 2.42898 2.4164 2.33372 2.28175 2.13409 2.10021 2.0356 1.96679 1.87904 1.80727 1.75919 1.6823 1.63007 1.59657 1.53328 1.47126 1.42148 1.38068 1.33044 1.26678 1.23169 1.17347 1.15752 1.1233 1.0925 1.06177 1.04491 1.0178 1 0.984056 0.97342 0.962871 0.960941 0.964378 0.943574 0.968525 0.978322 0.959585 0.991265 0.992883 1.04084 1.04045 1.06247 1.06844 1.10752 1.12319 1.16512 1.18285 1.20613 1.25099 1.27485 1.31364 1.34148 1.35499 1.48033 1.47402 1.47377 1.56071 1.5889 1.6462 1.69574 1.7383 1.69177 1.77715 1.84255 1.86136 1.92354 2.01343 2.0123 2.08672 2.05831 2.16153 2.14432 2.23594 2.33157 2.28776 2.39018 2.48692 2.51937 
4.22906 4.01127 3.90399 3.9238 3.84483 3.6803 3.68976 3.66345 3.50913 3.48043 3.36687 3.19035 3.27939 3.15543 3.01473 3.03967 2.89555 2.86572 2.73752 2.72099 2.5196 2.47335 2.3801 2.36384 2.28471 2.22523 2.15356 2.06999 2.03091 1.97002 1.88784 1.82844 1.75631 1.69974 1.64931 1.58333 1.51998 1.48742 1.41637 1.35272 1.30999 1.27037 1.23219 1.18519 1.16139 1.12553 1.0935 1.06474 1.03907 1.01884 1 0.983267 0.973132 0.961608 0.954241 0.954078 0.967607 0.96839 0.966807 0.972491 0.993136 0.987347 1.02703 1.04878 1.04647 1.06974 1.09934 1.14955 1.1602 1.18255 1.19455 1.23195 1.29653 1.29834 1.33671 1.37829 1.40987 1.4547 1.50126 1.55236 1.58827 1.60185 1.70334 1.72863 1.75865 1.83979 1.84849 1.92071 1.94925 1.98661 2.02694 2.08015 2.18399 2.0948 2.19361 2.25534 2.27803 2.40196 2.3336 2.4531 2.5072 
4.11273 4.053 3.98901 3.91137 3.74461 3.6936 3.68389 3.67065 3.57031 3.41352 3.36506 3.38077 3.16506 3.1695 2.99784 2.93986 2.89504 2.83716 2.76253 2.67412 2.60269 2.51493 2.40963 2.40608 2.25981 2.24171 2.1492 2.08418 2.01648 1.96379 1.85946 1.81773 1.73668 1.70257 1.64413 1.57968 1.52048 1.47814 1.40611 1.36677 1.32326 1.26346 1.2388 1.18945 1.15208 1.12543 1.0871 1.06587 1.04221 1.01783 1 0.984889 0.973688 0.965132 0.955303 0.955174 0.968381 0.955515 0.968914 0.980465 0.985287 1.01615 1.04055 1.02472 1.06664 1.05235 1.11441 1.14788 1.15549 1.18185 1.22332 1.22996 1.27917 1.30084 1.36332 1.43747 1.44498 1.46364 1.48603 1.52001 1.59718 1.62835 1.70542 1.69968 1.76893 1.78636 1.84463 1.82013 1.95425 1.99056 2.03804 2.05357 2.09002 2.21716 2.23393 2.26783 2.3655 2.3881 2.38423 2.44633 2.52979 
4.20792 4.06331 4.04941 3.97576 3.90609 3.65419 3.7088 3.62288 3.50216 3.50774 3.3065 3.31803 3.15826 3.08654 3.07155 3.01019 2.88471 2.7871 2.7338 2.65558 2.59333 2.49891 2.43369 2.37118 2.28442 2.27482 2.08383 2.09278 2.01589 1.93506 1.95721 1.81238 1.73775 1.71195 1.63508 1.58021 1.53685 1.46966 1.42443 1.37879 1.3277 1.26768 1.24031 1.19575 1.14308 1.11794 1.08813 1.06908 1.04051 1.01879 1 0.98473 0.974887 0.967055 0.968803 0.952628 0.968846 0.978766 0.984875 0.974437 0.997713 1.00999 1.0213 1.01515 1.05297 1.06954 1.09212 1.11016 1.14856 1.15518 1.2129 1.24679 1.2813 1.33623 1.35902 1.38605 1.43585 1.49455 1.46104 1.54407 1.58287 1.65278 1.68066 1.7591 1.73974 1.80658 1.83255 1.92561 1.92784 1.97161 2.03502 2.04661 2.14358 2.15945 2.20577 2.27178 2.2931 2.32925 2.43541 2.34829 2.49029 
4.16651 4.079 4.01333 3.86611 3.85067 3.75404 3.71883 3.57438 3.56925 3.36993 3.35525 3.36928 3.20696 3.06381 2.99422 2.94565 2.84653 2.81422 2.7753 2.62089 2.58712 2.53604 2.47944 2.42282 2.34765 2.20552 2.13995 2.07096 2.07692 1.99577 1.88878 1.85452 1.76008 1.69865 1.61808 1.57913 1.51304 1.47045 1.423 1.3542 1.30952 1.26476 1.23236 1.18818 1.16712 1.12013 1.09487 1.06655 1.0416 1.01968 1 0.984818 0.974576 0.960741 0.956599 0.957012 0.954308 0.955183 0.973689 0.978367 0.999983 1.00303 1.01625 1.04253 1.04388 1.09705 1.12273 1.12388 1.1757 1.17439 1.23141 1.23028 1.28648 1.35323 1.35002 1.39087 1.42547 1.44587 1.53752 1.55182 1.5956 1.64071 1.65075 1.69756 1.77019 1.79504 1.82724 1.90827 1.92853 1.95386 1.99387 2.10009 2.12401 2.13213 2.22369 2.25937 2.31308 2.3226 2.40921 2.43119 2.53409 
4.20441 4.11759 3.95704 3.91152 3.80939 3.77223 3.70506 3.64706 3.51159 3.47784 3.38583 3.24549 3.23838 3.11402 3.10251 2.96256 2.91466 2.84042 2.74894 2.64506 2.60559 2.53785 2.4637 2.38813 2.32904 2.16827 2.16767 2.12306 2.04173 1.93068 1.90812 1.82829 1.76011 1.67497 1.66117 1.57019 1.49995 1.45683 1.43284 1.35905 1.33605 1.25831 1.23878 1.1923 1.15973 1.12568 1.089 1.06403 1.04192 1.0183 1 0.985218 0.972486 0.964831 0.963532 0.955036 0.957168 0.944932 0.977758 0.96054 0.996559 1.00447 1.0271 1.0467 1.05584 1.07258 1.12094 1.13069 1.12178 1.17311 1.21906 1.2527 1.2965 1.30126 1.33742 1.38699 1.44727 1.47963 1.5287 1.53981 1.57123 1.63169 1.67369 1.70873 1.79557 1.77787 1.85585 1.88131 1.92113 1.95657 1.92735 2.07787 2.11102 2.18965 2.25654 2.25634 2.32361 2.327 2.39404 2.47362 2.57996 
4.1948 4.13394 4.05189 3.92521 3.83663 3.82375 3.69148 3.65275 3.53978 3.42764 3.38239 3.33296 3.25803 3.15884 3.03864 2.91933 2.87525 2.87821 2.71732 2.63738 2.55619 2.56725 2.41536 2.39265 2.2627 2.22053 2.15499 2.04714 2.05114 1.91666 1.86457 1.84642 1.7747 1.65933 1.6584 1.56466 1.52319 1.4612 1.44354 1.36636 1.32453 1.27289 1.2311 1.19304 1.15857 1.12922 1.08938 1.06884 1.03894 1.01798 1 0.982776 0.973154 0.966406 0.951595 0.956704 0.958164 0.957843 0.962726 0.976951 0.963509 1.00243 1.01268 1.04389 1.04548 1.08031 1.11723 1.11841 1.1821 1.19588 1.20734 1.25502 1.29432 1.29823 1.35519 1.3631 1.44537 1.4492 1.52013 1.55933 1.59916 1.59256 1.66347 1.72392 1.77661 1.84114 1.85881 1.86961 1.91246 1.99894 2.04511 2.02805 2.11456 2.21521 2.2226 2.28609 2.29448 2.34526 2.41606 2.42407 2.41255 
4.20504 4.07805 3.99587 3.94465 3.83805 3.702 3.71469 3.53155 3.43943 3.42355 3.43958 3.38528 3.13478 3.08355 3.01655 2.96374 2.87257 2.82256 2.78775 2.66243 2.55313 2.49471 2.46883 2.36368 2.29627 2.26629 2.14296 2.08143 2.07667 1.93823 1.86049 1.84649 1.75499 1.70009 1.61703 1.54534 1.52566 1.49756 1.434 1.36486 1.31408 1.28814 1.24222 1.19319 1.15396 1.12994 1.09426 1.06863 1.03968 1.02083 1 0.984387 0.97287 0.963223 0.955669 0.95646 0.954064 0.961578 0.968815 0.968083 0.982947 1.00503 1.02506 1.03458 1.07203 1.09375 1.10112 1.15495 1.14123 1.19729 1.23553 1.27499 1.29241 1.31172 1.37106 1.36169 1.42154 1.46133 1.48659 1.51302 1.62068 1.62589 1.68996 1.75113 1.77845 1.79571 1.84717 1.87172 1.96823 1.97846 1.99621 2.07475 2.08285 2.13783 2.19333 2.30392 2.31894 2.38218 2.40599 2.45048 2.48614 
4.13469 4.13189 4.01381 3.85762 3.82555 3.73238 3.60896 3.6057 3.49106 3.38777 3.39904 3.28275 3.26105 3.12991 3.04271 3.04602 2.88326 2.83224 2.74557 2.61348 2.6097 2.47162 2.4171 2.37258 2.28936 2.23086 2.17519 2.07299 1.9712 1.92051 1.88316 1.79881 1.75371 1.69693 1.6523 1.53532 1.51476 1.46092 1.40941 1.37337 1.32656 1.26731 1.24414 1.19461 1.14993 1.11359 1.0955 1.0556 1.03755 1.01972 1 0.985205 0.974384 0.963914 0.95551 0.945949 0.955153 0.962283 0.962543 0.968247 0.986037 0.993516 1.00164 1.05044 1.04116 1.07324 1.08944 1.13847 1.12652 1.1563 1.23894 1.2432 1.29602 1.30446 1.3764 1.40831 1.42339 1.4991 1.47452 1.52515 1.59415 1.62026 1.67168 1.73107 1.77455 1.83799 1.81702 1.88695 1.98216 1.94351 2.02541 2.05853 2.12036 2.22563 2.18186 2.26329 2.25548 2.33671 2.40739 2.5077 2.49707 
