1.53002 1.50244 1.4858 1.50376 1.4506 1.42702 1.39829 1.39228 1.41221 1.38528 1.36078 1.34196 1.32859 1.30247 1.29409 1.26463 1.28191 1.25003 1.2346 1.22657 1.20467 1.19741 1.19371 1.15971 1.1644 1.14946 1.14465 1.1304 1.11869 1.11374 1.10261 1.08053 1.09332 1.08733 1.05745 1.06361 1.05514 1.05271 1.02972 1.03411 1.03026 1.02213 1.01794 1.01131 1.01232 1.00612 1.00484 1.0057 1.00196 1.00091 1 0.999413 0.999641 1.0005 1.00297 1.0045 1.00431 1.00648 1.00778 1.0113 1.01479 1.02151 1.02389 1.02721 1.03717 1.04332 1.05806 1.06278 1.06364 1.0679 1.06985 1.09704 1.10836 1.09583 1.12323 1.12611 1.1282 1.15522 1.15006 1.15583 1.16793 1.19053 1.23224 1.20461 1.22059 1.23534 1.23369 1.2837 1.28341 1.30932 1.29955 1.32046 1.32623 1.34651 1.36151 1.39254 1.42574 1.41259 1.41784 1.46493 1.4651 
1.55322 1.51707 1.52127 1.44793 1.44632 1.4269 1.40523 1.42067 1.36953 1.38957 1.36165 1.3523 1.30664 1.31412 1.28866 1.27044 1.27702 1.25791 1.23416 1.22776 1.21553 1.18924 1.1726 1.16741 1.15445 1.14968 1.12781 1.13781 1.11952 1.1119 1.09183 1.08351 1.08569 1.06433 1.06278 1.05698 1.04551 1.03732 1.03875 1.03129 1.0272 1.02329 1.01621 1.01737 1.00795 1.00913 1.00431 1.00435 1.00132 1.0008 1 0.99941 1.00045 0.999508 1.00153 1.00317 1.00566 1.00178 1.00979 1.01229 1.01537 1.02436 1.02898 1.02549 1.03476 1.04059 1.04032 1.0508 1.05872 1.07279 1.07284 1.08439 1.0995 1.0936 1.11212 1.13022 1.12686 1.15814 1.16004 1.16433 1.18587 1.18106 1.19267 1.21597 1.22729 1.24686 1.25252 1.26232 1.29134 1.30185 1.2954 1.35685 1.36 1.36373 1.35535 1.36533 1.41165 1.3884 1.42107 1.43389 1.45098 
1.53214 1.54085 1.50633 1.50247 1.46486 1.43612 1.42225 1.41355 1.38866 1.37991 1.35707 1.34062 1.31865 1.28933 1.2878 1.28799 1.26278 1.26149 1.2393 1.22582 1.19653 1.1948 1.19557 1.16003 1.14433 1.15855 1.13361 1.12722 1.12759 1.11477 1.1046 1.09174 1.08084 1.06816 1.0765 1.06067 1.05513 1.04123 1.03095 1.02877 1.02305 1.0149 1.01867 1.01062 1.0122 1.011 1.00627 1.00408 1.00269 1.00017 1 0.999353 0.99994 1.00124 1.00124 1.00469 1.00239 1.00938 1.00897 1.01753 1.0236 1.0261 1.02342 1.02652 1.05245 1.04383 1.05256 1.06692 1.06871 1.08672 1.08493 1.08855 1.08904 1.09917 1.12806 1.12689 1.12401 1.15197 1.14921 1.17067 1.17241 1.18987 1.21816 1.22049 1.21494 1.22597 1.26902 1.26795 1.27784 1.29387 1.31993 1.33015 1.32487 1.36162 1.36315 1.40261 1.40468 1.42968 1.44589 1.47057 1.48176 
1.5186 1.49543 1.48779 1.46754 1.43331 1.44931 1.41426 1.39055 1.39139 1.38607 1.33849 1.32629 1.31724 1.29667 1.29511 1.28104 1.24947 1.2476 1.23179 1.24284 1.19077 1.18863 1.18981 1.17944 1.17352 1.16195 1.14728 1.13313 1.10971 1.10592 1.10051 1.09144 1.07773 1.07868 1.06726 1.06361 1.04874 1.04319 1.03893 1.03745 1.03061 1.02021 1.01939 1.0162 1.00745 1.00998 1.00617 1.00456 1.00063 1.00048 1 1.00018 1.0009 0.99866 1.00178 1.00224 1.00909 1.01314 1.01283 1.01948 1.0083 1.0224 1.02725 1.03067 1.04609 1.04742 1.04979 1.05869 1.07213 1.07201 1.08402 1.08479 1.09443 1.10552 1.10064 1.12626 1.13005 1.14869 1.16267 1.17107 1.17087 1.2016 1.19051 1.18653 1.21831 1.25213 1.25004 1.26592 1.31898 1.2929 1.32701 1.31163 1.3592 1.33618 1.39657 1.39374 1.41489 1.40561 1.41994 1.48967 1.49339 
1.52179 1.51311 1.4987 1.49781 1.45189 1.42936 1.4202 1.42745 1.38527 1.3987 1.35299 1.34757 1.31286 1.32512 1.27772 1.26813 1.27372 1.24252 1.22413 1.22974 1.19732 1.19233 1.17287 1.15939 1.17843 1.13978 1.13044 1.12656 1.12849 1.10809 1.09071 1.09252 1.08061 1.06297 1.05497 1.05874 1.05264 1.03933 1.0384 1.03314 1.02584 1.02264 1.01713 1.01612 1.0077 1.00574 1.00689 1.00315 1.0017 1.00044 1 0.999813 0.999869 1.00048 1.00413 1.00224 1.00602 1.0105 1.00825 1.01707 1.0186 1.02366 1.02833 1.03521 1.04491 1.04138 1.05276 1.06182 1.06638 1.06823 1.08873 1.08825 1.09064 1.10476 1.10834 1.12618 1.11973 1.13954 1.18302 1.15968 1.16752 1.19603 1.21044 1.2309 1.24782 1.23062 1.27868 1.26663 1.2811 1.30564 1.3156 1.32184 1.37203 1.33933 1.36347 1.38718 1.41816 1.43741 1.4305 1.46192 1.50462 
1.5326 1.49739 1.49078 1.44882 1.42724 1.42506 1.41057 1.39789 1.38839 1.38234 1.33657 1.32619 1.31869 1.30636 1.29765 1.27291 1.24984 1.23321 1.22483 1.23189 1.19982 1.18606 1.17694 1.15648 1.16166 1.14195 1.12805 1.12313 1.11452 1.10015 1.09365 1.08384 1.09146 1.07707 1.06877 1.0553 1.04848 1.03883 1.03972 1.04046 1.02532 1.02404 1.01752 1.01123 1.00795 1.00855 1.00108 1.00291 1.00174 1.00074 1 0.999971 1.0001 1.00208 1.00047 1.00513 1.00454 1.01099 1.01116 1.01185 1.02048 1.02159 1.02205 1.03377 1.03482 1.03782 1.04349 1.06173 1.06938 1.07685 1.08924 1.09997 1.10142 1.09763 1.11258 1.12993 1.14015 1.1578 1.17071 1.17977 1.18881 1.19502 1.21684 1.22311 1.22878 1.26883 1.26913 1.26347 1.27092 1.29962 1.30194 1.3358 1.35164 1.37295 1.40738 1.3858 1.40131 1.43814 1.43064 1.46892 1.49493 
1.52381 1.49662 1.49236 1.47282 1.43981 1.43416 1.40267 1.40382 1.35246 1.36104 1.35252 1.31746 1.30412 1.30178 1.30597 1.2767 1.28003 1.2525 1.2243 1.23084 1.19168 1.19099 1.17354 1.15549 1.16008 1.15077 1.1344 1.12476 1.11202 1.11386 1.10741 1.09662 1.08224 1.06435 1.06072 1.06004 1.03848 1.03569 1.03147 1.02823 1.02323 1.02013 1.01749 1.01305 1.00988 1.00658 1.00459 1.00404 1.00217 1.00067 1 0.999048 1.00071 1.00142 1.00176 1.00496 1.00174 1.00642 1.01156 1.02033 1.01306 1.01529 1.03132 1.03507 1.03643 1.05149 1.05267 1.06075 1.06676 1.06751 1.08601 1.09816 1.0889 1.08663 1.10986 1.13026 1.13269 1.15716 1.13211 1.17772 1.18951 1.18924 1.19237 1.24884 1.2172 1.24537 1.25122 1.25957 1.2838 1.32317 1.31807 1.33742 1.34144 1.37853 1.40074 1.37897 1.43016 1.42579 1.4574 1.48521 1.47955 
1.51635 1.492 1.48303 1.43091 1.48764 1.43682 1.41908 1.39125 1.3889 1.37699 1.34354 1.32039 1.32439 1.29787 1.29489 1.26906 1.2545 1.24471 1.2411 1.21679 1.21275 1.19198 1.18533 1.17099 1.16367 1.14621 1.13629 1.13164 1.11621 1.10703 1.09716 1.08049 1.07376 1.06769 1.06231 1.0522 1.04796 1.04022 1.03403 1.0296 1.02491 1.02239 1.02055 1.01924 1.00815 1.00651 1.00579 1.00274 1.00045 1.00016 1 0.99973 0.999822 1.00076 1.00294 1.00438 1.00527 1.01142 1.0129 1.01718 1.02723 1.0272 1.02866 1.03609 1.03935 1.04316 1.04225 1.05904 1.06811 1.06838 1.07425 1.0952 1.09843 1.10479 1.10943 1.13437 1.12913 1.13549 1.16746 1.17666 1.19348 1.1947 1.22446 1.22818 1.24378 1.25507 1.25578 1.26144 1.30045 1.33016 1.3421 1.33679 1.34696 1.37809 1.36593 1.36393 1.44659 1.42039 1.48399 1.46468 1.47372 
1.50071 1.51377 1.45761 1.46109 1.4436 1.41574 1.40524 1.37798 1.3664 1.36078 1.3348 1.34454 1.29753 1.28664 1.29613 1.26943 1.2393 1.25078 1.22523 1.23503 1.2083 1.1795 1.1855 1.15503 1.14587 1.133 1.12567 1.12153 1.11471 1.10546 1.08866 1.08026 1.07302 1.06653 1.06721 1.05664 1.04902 1.03823 1.03983 1.02916 1.02625 1.0299 1.01773 1.01502 1.00847 1.00673 1.00452 1.00262 1.00171 0.999738 1 0.999892 1.00044 1.00243 1.00162 1.00395 1.00766 1.01136 1.01351 1.01249 1.01635 1.02748 1.02397 1.03525 1.03932 1.05284 1.05457 1.05916 1.06159 1.07854 1.08373 1.0813 1.08429 1.12257 1.11876 1.13519 1.14379 1.14807 1.16851 1.17237 1.18581 1.21604 1.21205 1.23005 1.23116 1.25163 1.28022 1.25815 1.28458 1.30612 1.33884 1.36978 1.32416 1.34842 1.36366 1.40428 1.42994 1.41481 1.43541 1.48738 1.48273 
1.51816 1.49564 1.46499 1.46248 1.44733 1.44566 1.40912 1.39626 1.34668 1.37872 1.33799 1.33927 1.30458 1.30943 1.26904 1.25959 1.25649 1.23722 1.22121 1.20396 1.20246 1.20274 1.169 1.16333 1.15724 1.14002 1.13212 1.11361 1.11145 1.10171 1.08764 1.08965 1.08576 1.0768 1.06455 1.05245 1.04429 1.04771 1.03664 1.02505 1.02675 1.01764 1.01886 1.01332 1.00691 1.00772 1.0075 1.00486 1.00072 1.0003 1 0.999743 1.00039 1.0005 1.00336 1.00387 1.01046 1.01043 1.0102 1.01548 1.02016 1.0235 1.02807 1.03174 1.04086 1.04191 1.03887 1.06093 1.07036 1.07089 1.08256 1.09348 1.11689 1.10495 1.1321 1.12378 1.15189 1.15385 1.15885 1.15561 1.18981 1.21173 1.2112 1.23878 1.23495 1.24793 1.25691 1.27286 1.30975 1.30831 1.3248 1.33712 1.37077 1.36522 1.38569 1.40234 1.42257 1.44983 1.48479 1.47466 1.48425 
1.51383 1.48565 1.49629 1.46041 1.45348 1.40417 1.41714 1.40095 1.34937 1.36551 1.35991 1.31773 1.30445 1.29451 1.27796 1.26867 1.26088 1.25915 1.2429 1.19962 1.17979 1.18397 1.17034 1.15848 1.13515 1.13547 1.12214 1.12049 1.10679 1.09637 1.09542 1.0862 1.07099 1.0712 1.05921 1.05812 1.04767 1.04953 1.03102 1.03246 1.0239 1.0222 1.01744 1.0122 1.00671 1.0054 1.00396 1.003 1.0017 1.00073 1 1.00015 0.999496 1.00188 1.00241 1.00211 1.00467 1.0079 1.0129 1.01708 1.01978 1.02086 1.03295 1.04294 1.04018 1.05132 1.05304 1.06206 1.06518 1.085 1.08145 1.08849 1.09851 1.10024 1.12819 1.13202 1.15243 1.16416 1.16823 1.16156 1.17545 1.23383 1.20926 1.21973 1.23705 1.24934 1.2554 1.24918 1.3155 1.31092 1.32342 1.34495 1.3439 1.37332 1.38468 1.4098 1.45127 1.45486 1.48419 1.46856 1.48611 
1.50394 1.49847 1.47532 1.46736 1.43579 1.40843 1.38687 1.38714 1.37053 1.35747 1.33152 1.31662 1.30914 1.28579 1.2549 1.27332 1.24458 1.25256 1.23069 1.19962 1.19811 1.17866 1.16649 1.14542 1.14949 1.14597 1.11732 1.12133 1.11079 1.0952 1.08416 1.08447 1.07849 1.06081 1.05646 1.05732 1.03808 1.04083 1.03186 1.02213 1.02326 1.02137 1.01611 1.01045 1.0081 1.00515 1.00476 1.00169 1.0015 1.00059 1 1.00012 1.00132 1.00002 1.00312 1.00793 1.00668 1.00845 1.01659 1.01952 1.02329 1.02893 1.0375 1.02686 1.03792 1.05487 1.05525 1.06884 1.06854 1.05938 1.08407 1.09346 1.10579 1.10484 1.12434 1.14223 1.12416 1.16487 1.17047 1.15438 1.21943 1.21413 1.21286 1.24638 1.2563 1.27037 1.26655 1.29172 1.2957 1.31317 1.31391 1.35975 1.34375 1.37901 1.4168 1.40882 1.43256 1.4166 1.50256 1.47668 1.50971 
1.49574 1.52611 1.48713 1.4546 1.44775 1.41787 1.41734 1.39288 1.38116 1.35737 1.35268 1.31794 1.31798 1.27517 1.27575 1.2474 1.26634 1.24879 1.22091 1.20934 1.19767 1.18436 1.17145 1.15831 1.15247 1.15091 1.12859 1.12995 1.11211 1.09992 1.07966 1.09036 1.08526 1.06622 1.0537 1.04599 1.04574 1.03999 1.0375 1.02664 1.02163 1.0211 1.01379 1.01336 1.00779 1.00549 1.00248 1.00156 1.001 0.999946 1 1.00035 1.0006 1.00204 1.0032 1.00504 1.00961 1.01086 1.01208 1.01726 1.0223 1.02697 1.03361 1.0309 1.04983 1.04884 1.06448 1.06385 1.07081 1.08877 1.08613 1.10305 1.11498 1.11275 1.12784 1.13926 1.13737 1.17749 1.14187 1.17869 1.19386 1.19127 1.1891 1.23613 1.24392 1.25184 1.2812 1.31653 1.29618 1.31573 1.33857 1.34718 1.35551 1.39107 1.40936 1.41393 1.42203 1.47712 1.45564 1.47687 1.48926 
1.47193 1.48707 1.48529 1.45441 1.39598 1.41954 1.3877 1.39394 1.3872 1.35688 1.3237 1.32163 1.32295 1.29935 1.28087 1.25927 1.25139 1.236 1.22038 1.21718 1.20067 1.18718 1.17453 1.16854 1.12973 1.13491 1.12117 1.11366 1.09051 1.08963 1.08802 1.08559 1.07436 1.07031 1.04985 1.05013 1.04662 1.03838 1.03651 1.03136 1.02532 1.02044 1.01677 1.01144 1.00935 1.00842 1.00674 1.00229 1.0017 1.00028 1 1.00019 1.00089 1.00071 1.00244 1.00253 1.00997 1.00683 1.01214 1.01658 1.02271 1.02717 1.02711 1.03941 1.04514 1.05547 1.04917 1.06604 1.0813 1.0749 1.084 1.089 1.12101 1.11379 1.1366 1.13106 1.13201 1.15725 1.1697 1.18282 1.19388 1.18517 1.21898 1.2371 1.24674 1.24171 1.26247 1.28895 1.3014 1.30118 1.3404 1.38374 1.35805 1.38655 1.37858 1.42103 1.41698 1.45838 1.45886 1.4871 1.49977 
1.46716 1.4782 1.4665 1.42733 1.42907 1.42668 1.40698 1.38638 1.40221 1.34332 1.35281 1.31612 1.29937 1.27344 1.27141 1.23846 1.24964 1.24086 1.22288 1.20731 1.19027 1.19106 1.17894 1.14855 1.14026 1.12941 1.13785 1.11239 1.11284 1.10442 1.08988 1.08671 1.07214 1.05738 1.05472 1.06073 1.03894 1.04525 1.03269 1.02811 1.02186 1.02144 1.01065 1.01006 1.00698 1.00611 1.00383 1.00323 0.999483 1.00001 1 0.999653 1.00022 1.00514 1.00287 1.00614 1.00965 1.01098 1.01438 1.02007 1.02883 1.02651 1.03419 1.03414 1.04817 1.04631 1.06435 1.07357 1.07712 1.08361 1.08157 1.08842 1.1142 1.11388 1.12699 1.158 1.15707 1.14848 1.1869 1.16504 1.1917 1.19524 1.20321 1.23454 1.22753 1.28495 1.26648 1.30646 1.28133 1.30528 1.35376 1.30454 1.36392 1.37459 1.41796 1.40705 1.47171 1.45535 1.47731 1.49464 1.49844 
1.50264 1.50172 1.46595 1.42579 1.42574 1.40938 1.39842 1.3939 1.34863 1.33013 1.3328 1.31851 1.28886 1.29954 1.27992 1.2676 1.24504 1.23702 1.20618 1.20187 1.19487 1.17621 1.177 1.1494 1.15256 1.1309 1.11808 1.12842 1.10879 1.09983 1.08801 1.08967 1.06717 1.0666 1.0631 1.05518 1.04102 1.04069 1.02842 1.02031 1.02457 1.02106 1.01225 1.01014 1.00338 1.00378 1.001 1.00092 1.0011 0.999759 1 1.0003 1.00152 1.00178 1.00222 1.00552 1.00611 1.01085 1.01786 1.01726 1.02636 1.02908 1.04529 1.04593 1.04372 1.05652 1.05422 1.06654 1.06933 1.0804 1.09721 1.11029 1.08347 1.11962 1.11293 1.15723 1.15361 1.16556 1.1572 1.19628 1.18353 1.23107 1.23357 1.22712 1.25891 1.23708 1.28127 1.29818 1.30569 1.31166 1.37584 1.36411 1.36748 1.38607 1.41628 1.40495 1.45769 1.46691 1.51352 1.48049 1.52768 
1.52009 1.48577 1.45553 1.46048 1.43247 1.39654 1.3924 1.36095 1.35999 1.35186 1.33524 1.31212 1.31019 1.28947 1.27298 1.25227 1.22395 1.2211 1.23893 1.189 1.17503 1.20118 1.16836 1.16424 1.14314 1.13843 1.12443 1.11554 1.10408 1.09855 1.07719 1.08085 1.06866 1.06618 1.05765 1.04758 1.04024 1.03928 1.02717 1.02543 1.02511 1.01231 1.01399 1.0117 1.00898 1.00343 1.00372 1.001 0.999655 1.00022 1 1.00073 1.00148 1.00331 1.00548 1.00588 1.0106 1.01113 1.01591 1.01875 1.02581 1.02495 1.03476 1.04315 1.03967 1.06008 1.05885 1.0837 1.08152 1.07278 1.0821 1.09782 1.09468 1.10696 1.14116 1.1482 1.14228 1.17232 1.17861 1.19683 1.216 1.21664 1.22203 1.23885 1.25526 1.28764 1.30163 1.27834 1.30067 1.34937 1.35245 1.33931 1.37364 1.41952 1.38593 1.42545 1.42323 1.43114 1.46238 1.4959 1.53399 
1.47297 1.47563 1.44336 1.43241 1.43039 1.41366 1.41435 1.34901 1.37051 1.30297 1.32848 1.30229 1.28781 1.26904 1.27602 1.26652 1.24074 1.22729 1.21538 1.20238 1.19584 1.17313 1.18463 1.15082 1.13941 1.12816 1.11331 1.11254 1.09274 1.09534 1.08291 1.07018 1.06409 1.06764 1.04984 1.04874 1.04165 1.03466 1.02988 1.02831 1.02152 1.01515 1.01476 1.01325 1.00812 1.00612 1.00168 1.00139 1.00063 0.999967 1 1.00023 1.00089 1.00467 1.00756 1.00791 1.00797 1.01063 1.01679 1.0181 1.0208 1.03155 1.03384 1.03509 1.04268 1.05438 1.06264 1.05902 1.07515 1.08464 1.09287 1.09473 1.11384 1.12167 1.13064 1.14802 1.16045 1.14228 1.17099 1.19649 1.21067 1.22262 1.23506 1.24867 1.22451 1.26992 1.28236 1.30419 1.29741 1.32044 1.34939 1.36496 1.38802 1.35576 1.4316 1.42082 1.4504 1.44417 1.49814 1.50581 1.51996 
1.49755 1.46026 1.43191 1.45526 1.45138 1.41114 1.40053 1.3612 1.34425 1.33025 1.3421 1.3251 1.29507 1.28142 1.2558 1.24959 1.25644 1.22689 1.21075 1.21292 1.17833 1.18612 1.15731 1.13735 1.14779 1.12585 1.11472 1.11283 1.09281 1.09333 1.08359 1.07465 1.0697 1.0607 1.05486 1.04484 1.04355 1.03205 1.02815 1.02374 1.02254 1.01933 1.0109 1.00508 1.00437 1.00393 1.00432 1.0032 1.00111 1.0002 1 0.999895 1.0004 1.00245 1.00461 1.00939 1.00751 1.01499 1.01515 1.02554 1.02702 1.02391 1.03324 1.03833 1.03872 1.05282 1.06018 1.08004 1.08751 1.08648 1.10112 1.11006 1.11903 1.12084 1.126 1.15525 1.16608 1.16729 1.16706 1.20746 1.22236 1.20724 1.25179 1.22364 1.28186 1.26637 1.29103 1.27611 1.32601 1.33037 1.34176 1.36875 1.36792 1.4019 1.42271 1.42608 1.44384 1.44155 1.52547 1.48778 1.52328 
1.47093 1.43629 1.46914 1.42172 1.42943 1.38325 1.39646 1.35922 1.35389 1.32305 1.31581 1.31765 1.2981 1.28266 1.24177 1.2494 1.21263 1.22347 1.20967 1.19281 1.19303 1.19378 1.1573 1.14092 1.15159 1.12228 1.10105 1.11038 1.09879 1.10769 1.08498 1.06436 1.06925 1.06261 1.04328 1.04193 1.03958 1.03713 1.02185 1.02641 1.0216 1.01556 1.0088 1.00938 1.00386 1.00395 1.00153 0.999479 1.00096 1.0001 1 1.00033 1.00219 1.00438 1.00643 1.0075 1.01136 1.01894 1.01393 1.02305 1.02646 1.02996 1.04339 1.04648 1.05259 1.05763 1.05827 1.06736 1.08104 1.08785 1.09529 1.11791 1.11799 1.1307 1.12437 1.15009 1.16822 1.18601 1.17341 1.17686 1.19798 1.20586 1.2332 1.23899 1.25319 1.25765 1.28132 1.32496 1.30312 1.32218 1.33911 1.34466 1.37978 1.39034 1.40509 1.43599 1.45864 1.44531 1.4794 1.49159 1.50507 
1.51281 1.47002 1.47102 1.42207 1.41713 1.41071 1.4016 1.35954 1.33594 1.34166 1.31961 1.32052 1.28315 1.27228 1.28486 1.24381 1.23504 1.21864 1.21335 1.19507 1.1911 1.16588 1.15487 1.13996 1.14385 1.13266 1.11238 1.10793 1.10158 1.08624 1.07685 1.06566 1.06374 1.06297 1.05717 1.04549 1.04002 1.03818 1.02927 1.02008 1.02308 1.01306 1.00566 1.00907 1.00771 1.00723 1.00087 1.00116 0.999199 0.999813 1 1.00049 1.00187 1.00024 1.00472 1.00873 1.01374 1.01783 1.01597 1.01693 1.02826 1.02987 1.04322 1.03819 1.05226 1.06572 1.07101 1.07481 1.07713 1.08796 1.09496 1.10229 1.11522 1.11219 1.14609 1.15406 1.15133 1.18016 1.17432 1.20157 1.19152 1.22252 1.25837 1.23427 1.24627 1.27515 1.28668 1.31459 1.33531 1.32004 1.37331 1.38558 1.40451 1.41946 1.4017 1.43989 1.41485 1.48683 1.4723 1.52177 1.52219 
1.46737 1.47251 1.42128 1.42335 1.38239 1.39537 1.37417 1.38573 1.34769 1.31439 1.3064 1.29019 1.29583 1.28577 1.26072 1.26608 1.23484 1.2153 1.21052 1.18361 1.18962 1.17771 1.15057 1.14456 1.15327 1.11877 1.11582 1.1113 1.11424 1.09501 1.08914 1.06887 1.07375 1.06135 1.04852 1.04687 1.03324 1.03378 1.02335 1.02888 1.02465 1.01216 1.01258 1.0117 1.00558 1.00274 1.00273 1.00053 1.00001 0.999326 1 1.00089 1.00095 1.00257 1.00495 1.00733 1.00826 1.01793 1.01977 1.02236 1.03204 1.03855 1.03939 1.04239 1.05827 1.06204 1.06799 1.08136 1.07608 1.10128 1.08893 1.10764 1.11049 1.13073 1.1517 1.15617 1.16821 1.18329 1.16609 1.18434 1.22051 1.21368 1.21801 1.23881 1.2503 1.27598 1.2952 1.30658 1.33002 1.35214 1.34417 1.41054 1.38885 1.40614 1.44482 1.42414 1.47078 1.47192 1.48219 1.50253 1.52177 
1.4898 1.45357 1.43953 1.4045 1.41999 1.39742 1.39709 1.32918 1.34781 1.31801 1.31029 1.29977 1.2935 1.27379 1.25995 1.26582 1.22841 1.20587 1.21398 1.20034 1.19178 1.15611 1.14538 1.15053 1.14765 1.1155 1.11331 1.09969 1.09513 1.08747 1.0861 1.07358 1.06483 1.06078 1.04724 1.04184 1.0286 1.02748 1.02507 1.02347 1.01726 1.01884 1.01229 1.01423 1.00514 1.00027 0.999531 1.00039 1.00029 1.00008 1 1.0004 1.00175 1.00374 1.0066 1.00996 1.01027 1.01488 1.01718 1.02603 1.03052 1.0297 1.05462 1.04602 1.05904 1.0557 1.06164 1.08454 1.07491 1.10443 1.10089 1.12035 1.11263 1.11697 1.14793 1.14736 1.15538 1.17549 1.20074 1.20803 1.21315 1.23595 1.22983 1.27408 1.26285 1.28841 1.31807 1.28713 1.32976 1.32158 1.3533 1.36499 1.39942 1.42689 1.45416 1.43107 1.46529 1.49099 1.4826 1.53606 1.52594 
1.50546 1.45791 1.43863 1.44957 1.3812 1.41175 1.3868 1.3566 1.34084 1.35232 1.31999 1.28861 1.30084 1.2563 1.24939 1.25556 1.20115 1.22853 1.19462 1.20083 1.1577 1.16218 1.16345 1.14322 1.1262 1.13608 1.13092 1.0981 1.09765 1.09316 1.07575 1.06242 1.06437 1.05175 1.04414 1.0375 1.04477 1.02416 1.02829 1.01936 1.01323 1.01775 1.01103 1.0091 1.00449 0.999566 1.00041 1.00021 0.99933 0.99985 1 1.00013 1.00191 1.00385 1.00472 1.00579 1.01317 1.01038 1.01666 1.02233 1.03031 1.03872 1.03669 1.03942 1.05167 1.06394 1.06246 1.07268 1.07201 1.09297 1.09718 1.1161 1.11762 1.1195 1.13377 1.14283 1.16743 1.17026 1.18437 1.19196 1.19082 1.21291 1.22596 1.27304 1.26819 1.27421 1.28085 1.35663 1.33126 1.32613 1.36698 1.36791 1.42161 1.42938 1.43783 1.46986 1.44356 1.5094 1.52095 1.50442 1.53299 
1.45351 1.46403 1.42678 1.3946 1.4257 1.39356 1.36947 1.36833 1.36354 1.32416 1.30342 1.27152 1.25543 1.26574 1.24434 1.24968 1.23441 1.19391 1.19985 1.18197 1.17929 1.17078 1.14576 1.14713 1.14913 1.12137 1.11257 1.0998 1.09149 1.08124 1.0761 1.07187 1.06286 1.05884 1.05151 1.0447 1.04152 1.03075 1.0304 1.01891 1.01664 1.01218 1.00737 1.01023 1.00669 0.999403 1.00124 1.0006 0.998922 0.999252 1 1.00087 1.00189 1.00421 1.00688 1.0077 1.01088 1.01761 1.02082 1.02696 1.03834 1.03527 1.04178 1.04747 1.04516 1.06388 1.06357 1.07424 1.08371 1.10271 1.09153 1.11044 1.1284 1.12805 1.14633 1.15767 1.15926 1.17435 1.19098 1.18542 1.23199 1.20995 1.25627 1.27525 1.2895 1.2656 1.30483 1.31844 1.32238 1.35429 1.37381 1.37311 1.37005 1.39332 1.39517 1.48179 1.47563 1.49327 1.512 1.5253 1.55774 
1.47331 1.4318 1.44395 1.43081 1.41378 1.39951 1.35597 1.35522 1.32098 1.3092 1.32732 1.29448 1.28346 1.2813 1.25407 1.23738 1.21776 1.20978 1.20092 1.18507 1.19219 1.1456 1.15685 1.14434 1.1264 1.13034 1.10636 1.10098 1.08487 1.07504 1.07023 1.07018 1.06697 1.05014 1.03973 1.04834 1.03016 1.02864 1.02944 1.01686 1.01766 1.01657 1.0066 1.00429 1.00659 1.00353 1.00087 0.999987 1.00069 0.998903 1 1.00115 1.00231 1.00423 1.00546 1.00704 1.01208 1.01665 1.0172 1.02794 1.02862 1.03186 1.04388 1.05786 1.05128 1.05968 1.07121 1.07485 1.08733 1.09015 1.09657 1.11101 1.11599 1.13424 1.14566 1.14615 1.19124 1.17335 1.1964 1.22247 1.20768 1.22632 1.24045 1.27545 1.26477 1.28351 1.32373 1.33485 1.34913 1.33495 1.35326 1.40277 1.38826 1.4163 1.41551 1.4596 1.45259 1.50661 1.49766 1.51427 1.56419 
1.44666 1.4516 1.4357 1.41498 1.38041 1.40137 1.39063 1.35259 1.3435 1.32947 1.30473 1.29879 1.27365 1.25391 1.24537 1.23726 1.21409 1.21927 1.20524 1.18354 1.19033 1.16427 1.15352 1.15856 1.14322 1.12385 1.11414 1.10004 1.10216 1.0847 1.06371 1.06113 1.05432 1.04468 1.03736 1.04391 1.03315 1.02585 1.02894 1.01748 1.01448 1.01036 1.01366 1.00405 1.00582 1.00298 0.999525 0.99996 1.00004 0.999531 1 1.00074 1.00287 1.00235 1.00728 1.0091 1.01443 1.01453 1.02302 1.02599 1.02713 1.03643 1.0372 1.04632 1.05835 1.06124 1.07734 1.08204 1.09394 1.08268 1.1083 1.1143 1.11816 1.1137 1.1437 1.14972 1.16985 1.18278 1.18888 1.21237 1.24885 1.2442 1.24884 1.24587 1.28335 1.30386 1.31661 1.33762 1.3618 1.3668 1.38149 1.39023 1.40327 1.419 1.42333 1.47568 1.48005 1.46693 1.51444 1.52555 1.56377 
1.48968 1.42162 1.40049 1.41039 1.37865 1.38462 1.3446 1.3691 1.31766 1.31084 1.31318 1.30472 1.26225 1.26796 1.24635 1.21316 1.22903 1.20006 1.2119 1.1823 1.18302 1.14919 1.15664 1.13648 1.1327 1.11205 1.09353 1.10754 1.08025 1.09576 1.07797 1.06443 1.05682 1.05011 1.04177 1.03751 1.03253 1.02257 1.02403 1.01762 1.01898 1.01261 0.999012 1.00207 1.00261 0.998655 1.00135 0.9998 0.998473 0.999106 1 1.00095 1.00359 1.00517 1.00701 1.00829 1.01289 1.01741 1.02375 1.02732 1.03665 1.04091 1.04858 1.05064 1.05475 1.05771 1.06819 1.08159 1.08276 1.10421 1.10579 1.12276 1.12906 1.14233 1.15579 1.14939 1.18731 1.18016 1.19939 1.18672 1.21628 1.24127 1.25893 1.27363 1.27492 1.28862 1.34429 1.29832 1.35071 1.3497 1.37696 1.40259 1.42876 1.3989 1.43001 1.47187 1.45268 1.49834 1.49268 1.55879 1.56202 
1.45472 1.45755 1.42572 1.41861 1.39848 1.38782 1.36662 1.36247 1.30888 1.30689 1.27767 1.28296 1.25488 1.26801 1.24762 1.23626 1.20085 1.21892 1.19157 1.16412 1.16668 1.16692 1.14677 1.13462 1.12638 1.12157 1.1156 1.08756 1.09716 1.09855 1.07428 1.07166 1.06673 1.04339 1.04859 1.03104 1.02691 1.03462 1.02122 1.01295 1.01113 1.01079 1.00474 1.0074 1.00468 1.00225 1.00021 0.999738 0.998444 0.9985 1 1.00088 1.00221 1.00514 1.00823 1.01202 1.01602 1.01774 1.02342 1.02684 1.03705 1.03846 1.0403 1.0508 1.06236 1.06897 1.07952 1.08098 1.09274 1.09212 1.11247 1.11308 1.12305 1.12362 1.15366 1.16962 1.17504 1.19164 1.21556 1.21473 1.19754 1.25995 1.2501 1.27898 1.28057 1.29102 1.28965 1.32542 1.35686 1.34566 1.37172 1.39618 1.43079 1.4256 1.46766 1.46388 1.49418 1.49098 1.51371 1.53457 1.56944 
1.48591 1.45581 1.41259 1.41634 1.3762 1.38318 1.37208 1.33905 1.31684 1.32541 1.30875 1.27098 1.26616 1.27373 1.24813 1.23829 1.2073 1.20819 1.18885 1.16082 1.17303 1.16636 1.13603 1.12604 1.11321 1.10589 1.11921 1.10048 1.07877 1.07123 1.07787 1.06682 1.05797 1.04798 1.05096 1.0384 1.035 1.02487 1.01688 1.0176 1.01081 1.01249 1.00266 1.00314 0.999859 1.00406 0.998227 0.998534 0.997943 0.999289 1 1.0015 1.0043 1.00601 1.0076 1.01298 1.01274 1.01611 1.02433 1.03165 1.03534 1.03881 1.04707 1.04979 1.05558 1.06944 1.08411 1.07418 1.09689 1.08846 1.09725 1.12143 1.13556 1.14465 1.13487 1.16952 1.1588 1.18991 1.20991 1.19296 1.22487 1.25521 1.2755 1.24859 1.28637 1.31078 1.35901 1.31682 1.36862 1.36879 1.39301 1.39192 1.43662 1.41223 1.42997 1.47619 1.4894 1.53598 1.55456 1.57657 1.58189 
1.46517 1.43799 1.41418 1.39829 1.40008 1.38094 1.34999 1.32333 1.29585 1.29501 1.29764 1.26992 1.27007 1.2642 1.2355 1.2274 1.21014 1.19945 1.1843 1.16652 1.16249 1.15909 1.14531 1.12562 1.11806 1.10677 1.1005 1.08117 1.07568 1.07019 1.08047 1.06683 1.05241 1.04842 1.04826 1.03253 1.03428 1.02267 1.01258 1.01663 1.01073 1.01153 1.00277 1.00102 1.00008 1.00057 0.998629 0.99914 0.998044 0.999499 1 1.00113 1.00277 1.00609 1.00716 1.01149 1.0156 1.01704 1.02123 1.02593 1.03554 1.04743 1.05115 1.06152 1.05828 1.06444 1.08233 1.08446 1.09599 1.09578 1.11343 1.12725 1.12547 1.13172 1.15611 1.15415 1.17722 1.19552 1.20411 1.21635 1.24429 1.24305 1.22465 1.27157 1.30605 1.31163 1.33694 1.33316 1.37403 1.37955 1.38513 1.40262 1.40572 1.41332 1.46119 1.48147 1.46367 1.52938 1.52203 1.55827 1.5721 
1.42016 1.40978 1.4367 1.40158 1.40031 1.36701 1.34181 1.34246 1.30617 1.31092 1.2855 1.27793 1.24376 1.25736 1.20862 1.22659 1.22927 1.20887 1.1662 1.17996 1.15091 1.15923 1.14361 1.12215 1.11707 1.10861 1.1029 1.08775 1.08402 1.07045 1.06848 1.05448 1.05765 1.04871 1.04661 1.03304 1.02874 1.02227 1.01629 1.01117 1.01748 1.01227 1.0053 0.999456 0.998979 0.999381 1.00183 0.998501 0.999277 0.99878 1 1.00136 1.00282 1.00415 1.0096 1.00916 1.01522 1.02065 1.02257 1.02811 1.03821 1.03841 1.03918 1.05883 1.06688 1.06394 1.07613 1.0912 1.08934 1.11981 1.11316 1.11388 1.12741 1.13493 1.17358 1.15689 1.17879 1.18593 1.22723 1.2145 1.23935 1.22654 1.25773 1.27643 1.30301 1.3097 1.34926 1.33163 1.3408 1.34727 1.36842 1.4005 1.45455 1.46434 1.42612 1.4792 1.48348 1.50228 1.50407 1.54644 1.5912 
1.46711 1.41301 1.43026 1.3826 1.39718 1.3578 1.34673 1.33547 1.30488 1.31501 1.28652 1.28667 1.28208 1.25306 1.22087 1.20077 1.23479 1.18144 1.17089 1.18586 1.14058 1.139 1.1302 1.11915 1.13726 1.09959 1.09676 1.0778 1.0776 1.07181 1.05397 1.06472 1.05675 1.0464 1.04143 1.03214 1.02691 1.02536 1.01711 1.01648 1.01512 1.01111 1.00438 0.999698 1.0002 0.998379 0.999312 0.998858 0.998419 0.999303 1 1.00152 1.00365 1.00582 1.00833 1.01318 1.01846 1.02675 1.02155 1.02799 1.03734 1.0509 1.03925 1.0568 1.06137 1.06191 1.07308 1.09078 1.08564 1.10631 1.11903 1.11997 1.12727 1.1477 1.17445 1.17038 1.18747 1.19161 1.19899 1.2109 1.25489 1.2428 1.25157 1.26597 1.29261 1.32563 1.31846 1.34443 1.36099 1.36678 1.42324 1.42227 1.41977 1.45295 1.47138 1.46483 1.49358 1.51508 1.54484 1.57673 1.57127 
1.46825 1.40761 1.4135 1.36841 1.36264 1.35804 1.3488 1.30791 1.35561 1.30995 1.28562 1.26679 1.29711 1.26055 1.22106 1.22378 1.20984 1.18452 1.19852 1.15237 1.17364 1.14368 1.1214 1.1109 1.11924 1.10282 1.09227 1.09014 1.09274 1.07689 1.06875 1.05262 1.04582 1.04646 1.03934 1.03898 1.02474 1.02606 1.0104 1.02205 1.01279 1.00827 0.999892 1.004 1.00018 1.00049 1.0003 0.996578 0.998553 0.998899 1 1.0017 1.00367 1.00664 1.00963 1.01676 1.01453 1.02569 1.028 1.03151 1.03844 1.03749 1.04391 1.06216 1.06957 1.07644 1.08465 1.09833 1.09117 1.11747 1.12757 1.13001 1.1269 1.15824 1.1622 1.17611 1.18401 1.19037 1.21517 1.22202 1.22097 1.26431 1.28516 1.28525 1.26995 1.32411 1.32147 1.32799 1.34424 1.37968 1.40849 1.39926 1.43271 1.44827 1.46399 1.46556 1.48081 1.50897 1.55231 1.55198 1.60178 
1.43034 1.41102 1.42563 1.39884 1.38726 1.33575 1.34059 1.33159 1.30864 1.32262 1.28356 1.26084 1.25422 1.24957 1.24064 1.22897 1.22647 1.19839 1.16927 1.17644 1.13847 1.13531 1.1408 1.13005 1.11229 1.11439 1.08634 1.08002 1.07034 1.07057 1.05688 1.05524 1.05535 1.0489 1.03321 1.02926 1.02407 1.01897 1.01882 1.01843 1.00928 1.00811 1.00201 0.999525 1.00133 0.998512 0.998776 0.996831 0.997344 0.999005 1 1.0011 1.00396 1.00549 1.00734 1.01217 1.014 1.02344 1.02663 1.02863 1.03869 1.03928 1.04727 1.06337 1.05874 1.07874 1.08223 1.09438 1.10056 1.10217 1.11559 1.12235 1.1456 1.15168 1.16645 1.18149 1.19346 1.21784 1.20471 1.21484 1.225 1.24834 1.27096 1.27843 1.29748 1.31261 1.36021 1.34839 1.36387 1.37887 1.38814 1.40932 1.43524 1.46898 1.45429 1.46438 1.52762 1.53803 1.53277 1.56225 1.61588 
1.42257 1.42801 1.42428 1.37099 1.38219 1.34516 1.34488 1.30679 1.31453 1.29383 1.26787 1.2743 1.2475 1.22927 1.23212 1.19718 1.19756 1.19988 1.1836 1.16981 1.14825 1.15049 1.15587 1.13684 1.11227 1.08926 1.08325 1.07375 1.08066 1.05878 1.06442 1.04724 1.03678 1.04262 1.02137 1.03518 1.01913 1.01656 1.01042 1.01462 1.01088 1.00402 1.00501 1.00292 1.00101 0.999248 0.99638 0.998143 0.997074 0.998836 1 1.00177 1.00387 1.00604 1.00848 1.01608 1.01846 1.02075 1.03141 1.03336 1.0403 1.04743 1.05115 1.05916 1.07168 1.08483 1.07612 1.08915 1.10089 1.11959 1.12446 1.12805 1.14576 1.15671 1.17597 1.18579 1.17316 1.18959 1.21571 1.22737 1.24061 1.26126 1.26338 1.29437 1.31623 1.31459 1.33941 1.35641 1.36367 1.37052 1.40559 1.40201 1.45846 1.46885 1.46355 1.50684 1.51236 1.54118 1.55569 1.57067 1.58324 
1.42377 1.42915 1.41451 1.35918 1.37286 1.33924 1.31205 1.29791 1.31101 1.27874 1.29112 1.29356 1.27042 1.24536 1.23351 1.207 1.19505 1.19512 1.17394 1.1717 1.15886 1.14079 1.09791 1.10769 1.11321 1.0903 1.08353 1.09009 1.07423 1.08119 1.07145 1.05156 1.0357 1.04521 1.03356 1.0295 1.01779 1.01867 1.0159 1.01225 1.00524 0.99831 0.99838 0.998328 0.998881 0.998515 0.997637 0.996301 0.996304 0.99904 1 1.00201 1.004 1.00804 1.00868 1.01523 1.01755 1.02689 1.02656 1.03086 1.03757 1.04004 1.05454 1.05834 1.06852 1.06662 1.08423 1.10082 1.09962 1.09169 1.12776 1.14523 1.15929 1.15798 1.18576 1.1721 1.20762 1.1857 1.21013 1.2313 1.24243 1.24574 1.27499 1.29518 1.2971 1.32601 1.33054 1.34549 1.35374 1.35593 1.39623 1.41351 1.44708 1.48485 1.46484 1.5107 1.51657 1.53701 1.56453 1.56076 1.56512 
1.45898 1.39776 1.39381 1.37694 1.34228 1.34956 1.32727 1.30648 1.30354 1.30193 1.27646 1.27726 1.26775 1.22344 1.2103 1.21511 1.19139 1.20342 1.17132 1.14305 1.13677 1.13118 1.15427 1.11565 1.10797 1.08864 1.08088 1.08944 1.07329 1.05509 1.05893 1.05381 1.04458 1.04542 1.03083 1.02779 1.02047 1.01559 1.00942 1.01474 0.999086 1.00299 1.00263 1.0013 0.998575 0.99591 0.997072 0.996653 0.996515 0.998598 1 1.00138 1.00395 1.00827 1.01116 1.01327 1.0156 1.01661 1.02708 1.02916 1.04329 1.05018 1.05022 1.06303 1.06471 1.0896 1.09338 1.08644 1.10655 1.10697 1.12879 1.12093 1.16062 1.15634 1.1548 1.18509 1.20464 1.22075 1.21448 1.23072 1.25672 1.26284 1.26507 1.29025 1.3261 1.28295 1.33214 1.34884 1.3915 1.38787 1.39258 1.4574 1.45582 1.44867 1.47289 1.52356 1.49143 1.52067 1.52932 1.58351 1.60475 
1.41622 1.404 1.39856 1.35529 1.34092 1.33013 1.34194 1.32602 1.31504 1.32243 1.26241 1.2718 1.24553 1.23502 1.22191 1.19861 1.17432 1.18008 1.18882 1.16857 1.14453 1.11772 1.12748 1.12632 1.09588 1.10645 1.08323 1.07014 1.0687 1.05644 1.05604 1.04553 1.05147 1.03093 1.02563 1.02929 1.01226 1.02431 1.01349 1.00364 1.00451 1.00436 0.998683 0.997151 0.993966 0.99579 0.996732 0.99699 0.99663 0.998516 1 1.002 1.00367 1.00786 1.01059 1.01255 1.02074 1.02151 1.02988 1.0382 1.03765 1.0524 1.05115 1.0623 1.07838 1.08766 1.0858 1.10251 1.11099 1.10866 1.125 1.13234 1.15241 1.16318 1.16738 1.17984 1.20762 1.21847 1.1943 1.24064 1.25241 1.25789 1.2778 1.2982 1.29113 1.33916 1.35608 1.35976 1.37632 1.39438 1.40123 1.39655 1.44728 1.48952 1.51583 1.51158 1.49503 1.56163 1.55278 1.56286 1.57253 
1.42904 1.39355 1.39238 1.34551 1.33779 1.33337 1.33943 1.30166 1.28903 1.2798 1.2555 1.24938 1.2271 1.24644 1.20691 1.21881 1.16676 1.19181 1.1744 1.15134 1.14704 1.14067 1.13329 1.09305 1.10417 1.0879 1.1035 1.07744 1.06779 1.06717 1.06682 1.04762 1.03305 1.03845 1.03228 1.01894 1.01326 1.00863 1.00389 1.00796 1.00438 0.997542 0.998766 0.999782 0.994253 0.996821 0.995875 0.996641 0.997309 0.998178 1 1.00183 1.00395 1.00707 1.01235 1.02033 1.01805 1.0257 1.03465 1.03855 1.04056 1.05267 1.05471 1.05738 1.08231 1.08429 1.0906 1.10033 1.10113 1.12043 1.12724 1.13271 1.14791 1.15628 1.1678 1.15762 1.19672 1.1933 1.22843 1.22785 1.25746 1.30945 1.29442 1.29831 1.31078 1.34326 1.33903 1.38995 1.37389 1.41888 1.42806 1.44693 1.46496 1.46868 1.49778 1.50581 1.52407 1.5336 1.58531 1.57646 1.64035 
1.43841 1.40135 1.38838 1.35769 1.33005 1.34429 1.33293 1.32176 1.28322 1.25763 1.23789 1.22968 1.24264 1.21178 1.20968 1.20299 1.16907 1.1753 1.17118 1.14165 1.15138 1.14047 1.10486 1.11723 1.11136 1.0841 1.07623 1.07531 1.05949 1.07297 1.05187 1.03937 1.03575 1.03797 1.02779 1.02942 1.00949 1.01371 1.01368 1.00781 1.00065 1.00564 0.99861 0.995541 0.99842 0.999078 0.995249 0.997306 0.996976 0.997926 1 1.00223 1.00517 1.00688 1.01338 1.01572 1.01922 1.0278 1.02687 1.03826 1.04801 1.04626 1.05343 1.05975 1.07338 1.07265 1.08355 1.1085 1.10321 1.10937 1.1308 1.14402 1.17156 1.15686 1.18469 1.19137 1.2206 1.21723 1.23086 1.22232 1.23133 1.26275 1.28896 1.3101 1.32184 1.33467 1.35395 1.38849 1.39064 1.44139 1.40726 1.44276 1.46868 1.45156 1.50148 1.52753 1.55027 1.54292 1.57703 1.60866 1.59896 
1.40937 1.39995 1.37904 1.36372 1.33794 1.32122 1.32196 1.28423 1.29153 1.29613 1.26813 1.28121 1.21461 1.23061 1.21848 1.21385 1.20077 1.17486 1.14782 1.15302 1.14557 1.1276 1.09432 1.10384 1.09782 1.10608 1.07374 1.07915 1.06229 1.05711 1.04838 1.04205 1.04374 1.03762 1.03206 1.01366 1.01863 1.01728 1.00587 1.00069 1.00217 1.00364 0.998709 0.999985 1.00158 0.99733 0.997112 0.99712 0.996968 0.998098 1 1.00258 1.005 1.00941 1.01233 1.01219 1.02088 1.02998 1.03099 1.03249 1.04665 1.0521 1.05921 1.06934 1.06816 1.07994 1.09155 1.10078 1.10858 1.10505 1.13399 1.14304 1.15749 1.16836 1.1833 1.19274 1.19694 1.22168 1.22175 1.25704 1.25719 1.27267 1.30053 1.29916 1.33021 1.33633 1.3567 1.38486 1.39954 1.41617 1.42834 1.43252 1.45568 1.49664 1.48288 1.52827 1.57542 1.58947 1.55542 1.59271 1.63402 
1.45177 1.40135 1.37572 1.36385 1.32638 1.34534 1.32113 1.32258 1.28681 1.26754 1.25728 1.26082 1.25122 1.21513 1.19585 1.18617 1.18295 1.14991 1.16748 1.15144 1.13826 1.11862 1.11424 1.1066 1.09938 1.07815 1.05964 1.06127 1.05416 1.04924 1.04944 1.03824 1.03967 1.02855 1.01997 1.00724 1.00846 1.01356 1.00827 1.00306 1.00303 0.993483 0.99805 0.996634 0.992993 0.992791 0.99725 0.995151 0.997074 0.998507 1 1.00297 1.00461 1.00972 1.01235 1.01534 1.0205 1.02483 1.03355 1.03551 1.04212 1.04926 1.05545 1.06263 1.07635 1.07649 1.08522 1.1066 1.11567 1.11466 1.13191 1.15352 1.15494 1.17555 1.18496 1.19241 1.20314 1.22891 1.23862 1.25207 1.26679 1.27563 1.30152 1.31552 1.30602 1.33462 1.34985 1.35155 1.44078 1.40045 1.44737 1.42366 1.46068 1.4997 1.51113 1.51513 1.54849 1.57828 1.60405 1.61808 1.62962 
1.40431 1.35611 1.40276 1.34406 1.35755 1.31639 1.3159 1.2903 1.30137 1.2543 1.27466 1.24179 1.22376 1.22017 1.20817 1.16535 1.18048 1.16131 1.16802 1.15629 1.1465 1.11885 1.10517 1.10836 1.09829 1.08402 1.08296 1.05999 1.07205 1.06853 1.04218 1.02926 1.03802 1.02986 1.02182 1.01826 1.01578 1.01674 1.0014 1.00452 0.995461 0.995899 0.993787 0.999742 0.996153 0.995558 0.992829 0.994083 0.996303 0.998125 1 1.00203 1.00551 1.00891 1.01274 1.01595 1.02246 1.02843 1.03287 1.03824 1.04842 1.0539 1.05889 1.06045 1.06501 1.09118 1.09563 1.1022 1.11959 1.12845 1.12846 1.15519 1.16981 1.17835 1.1765 1.21056 1.22204 1.22085 1.24804 1.24742 1.25764 1.28148 1.30719 1.31494 1.33284 1.33832 1.38519 1.38322 1.37495 1.38584 1.44058 1.44053 1.46912 1.51089 1.50996 1.53035 1.56721 1.57925 1.5586 1.63213 1.59614 
1.39765 1.40504 1.34987 1.37849 1.32953 1.31589 1.29889 1.2675 1.29427 1.25464 1.24848 1.23021 1.21261 1.22093 1.2067 1.18799 1.18216 1.16462 1.14299 1.13598 1.1262 1.12785 1.1192 1.10421 1.10464 1.08188 1.07034 1.07699 1.06776 1.04389 1.05455 1.03641 1.04311 1.03171 1.02739 1.01651 1.00585 1.00963 0.997838 0.997597 0.993961 1.00044 0.996281 0.996247 0.995677 0.993143 0.993761 0.996566 0.996674 0.99802 1 1.00272 1.00642 1.00892 1.01366 1.01622 1.01831 1.02861 1.03824 1.03736 1.05063 1.0492 1.06475 1.06871 1.07511 1.09049 1.10001 1.101 1.10692 1.12181 1.12733 1.14936 1.17128 1.16379 1.2069 1.20719 1.21556 1.22735 1.24776 1.26906 1.26328 1.26555 1.28858 1.3139 1.33675 1.36165 1.37424 1.39496 1.38658 1.43388 1.45349 1.44494 1.48249 1.48448 1.53556 1.5157 1.5427 1.56267 1.58454 1.60236 1.60912 
1.35903 1.34766 1.3765 1.33498 1.3377 1.33624 1.30012 1.29703 1.26541 1.28371 1.2317 1.25492 1.21224 1.20806 1.1908 1.20303 1.1792 1.1597 1.1491 1.14005 1.10855 1.10416 1.10049 1.09614 1.09117 1.07888 1.06392 1.06629 1.04592 1.04389 1.0324 1.0423 1.03027 1.01355 1.02245 1.01736 1.00737 1.00503 0.997381 0.998517 1.00612 0.995266 1.00147 0.996392 0.993856 0.994989 0.990922 0.993741 0.996021 0.998659 1 1.00257 1.00651 1.0069 1.01457 1.01696 1.02591 1.0276 1.03278 1.0329 1.04823 1.05145 1.07073 1.08255 1.07604 1.09665 1.10045 1.10525 1.11423 1.12299 1.13263 1.14967 1.16819 1.1776 1.1823 1.1874 1.2365 1.22284 1.25635 1.24581 1.27133 1.28019 1.31085 1.31624 1.31823 1.34482 1.35315 1.38301 1.41581 1.442 1.44031 1.46067 1.47504 1.48683 1.50482 1.54145 1.58245 1.57957 1.62432 1.61158 1.67422 
1.39305 1.38999 1.35715 1.35557 1.31286 1.31581 1.28985 1.28771 1.25937 1.24787 1.24269 1.24917 1.20864 1.21495 1.18236 1.16603 1.15366 1.17126 1.15374 1.12966 1.12679 1.10608 1.10122 1.09389 1.08265 1.077 1.06237 1.06291 1.0542 1.05844 1.04889 1.03608 1.02708 1.0271 1.01649 1.01515 1.01415 1.00401 1.00509 1.00539 1.00141 0.998931 0.993989 0.991312 0.992183 0.992824 0.990697 0.993526 0.996741 0.99763 1 1.00283 1.00428 1.01045 1.01468 1.01895 1.02438 1.02989 1.03916 1.03812 1.05257 1.05355 1.06626 1.07534 1.06996 1.08116 1.09871 1.10697 1.1147 1.12544 1.14622 1.14649 1.16901 1.18861 1.18817 1.21576 1.21928 1.22767 1.24471 1.26151 1.26693 1.29796 1.28682 1.29461 1.34805 1.36251 1.35578 1.38145 1.39308 1.42133 1.43346 1.45034 1.48591 1.51886 1.51747 1.52786 1.55668 1.57261 1.60838 1.62244 1.68636 
1.37408 1.37936 1.37108 1.34804 1.31898 1.32582 1.31054 1.29409 1.27665 1.23131 1.23382 1.22499 1.21849 1.20052 1.16432 1.16273 1.17765 1.16036 1.15171 1.11356 1.12731 1.1225 1.11151 1.09358 1.10101 1.08745 1.05582 1.04897 1.06244 1.04779 1.02828 1.03564 1.02178 1.03811 1.01371 1.01438 1.00698 1.00773 1.00348 0.995754 0.994168 0.994562 0.989169 0.996399 0.994122 0.991253 0.992791 0.994116 0.99501 0.997963 1 1.00235 1.00592 1.00925 1.01112 1.0169 1.02401 1.02567 1.03252 1.0479 1.0484 1.05387 1.06815 1.0732 1.07984 1.1002 1.10416 1.1154 1.12834 1.13239 1.13641 1.16213 1.17438 1.15297 1.1716 1.20313 1.19423 1.23588 1.25644 1.26809 1.27004 1.31487 1.31107 1.3204 1.36071 1.36062 1.38088 1.38816 1.40651 1.43383 1.46833 1.47822 1.49288 1.51529 1.51609 1.52186 1.57092 1.58599 1.60163 1.61886 1.63706 
1.38102 1.40344 1.33554 1.30911 1.31728 1.33188 1.2904 1.25736 1.22453 1.26355 1.2317 1.23992 1.21504 1.20974 1.18748 1.16554 1.16501 1.14577 1.13719 1.11689 1.13074 1.11106 1.10334 1.08734 1.08571 1.06856 1.06842 1.05817 1.05258 1.0457 1.03468 1.03797 1.02907 1.02277 1.01939 1.00849 1.00469 1.00785 1.00307 0.991783 0.995694 0.997414 0.995281 0.992825 0.991136 0.992427 0.993906 0.994193 0.996122 0.997469 1 1.00253 1.00805 1.00791 1.01381 1.01845 1.02455 1.03658 1.03927 1.03762 1.05333 1.06075 1.07328 1.06873 1.07934 1.09482 1.10819 1.10855 1.1222 1.13619 1.15366 1.16392 1.17203 1.19172 1.19135 1.209 1.22353 1.22044 1.26422 1.25855 1.27926 1.30975 1.32949 1.32333 1.34488 1.37096 1.36661 1.37396 1.45636 1.41699 1.43125 1.47023 1.48328 1.50817 1.51772 1.55201 1.55254 1.58557 1.62904 1.58795 1.62168 
1.36666 1.33343 1.35043 1.30536 1.33506 1.29216 1.30002 1.27338 1.25647 1.25943 1.23571 1.23261 1.22532 1.225 1.18962 1.14657 1.13407 1.14007 1.12964 1.12379 1.1267 1.1299 1.08687 1.08897 1.06628 1.08251 1.05085 1.04929 1.04561 1.03337 1.0375 1.03875 1.03042 1.02108 1.01494 1.00879 1.00549 1.00325 0.996519 1.00613 0.995823 0.987775 0.988575 0.996024 0.989241 0.994924 0.991419 0.994966 0.995978 0.997368 1 1.00246 1.00715 1.00989 1.0158 1.01998 1.0242 1.02918 1.03977 1.04213 1.0451 1.06138 1.06733 1.06954 1.08968 1.09307 1.10701 1.11776 1.13438 1.1346 1.14836 1.15038 1.17763 1.18451 1.19978 1.20965 1.22159 1.23132 1.24126 1.28897 1.2837 1.2925 1.30453 1.31094 1.35214 1.3772 1.38897 1.40616 1.40867 1.41835 1.462 1.45421 1.50406 1.52875 1.50394 1.53322 1.53385 1.53942 1.61596 1.64752 1.63949 
1.39004 1.32995 1.32469 1.30136 1.31451 1.30754 1.28605 1.292 1.26345 1.23481 1.23167 1.23109 1.21096 1.18811 1.19029 1.17901 1.14091 1.14956 1.13051 1.12599 1.09689 1.10811 1.10828 1.08166 1.06871 1.08231 1.06549 1.06325 1.04366 1.05968 1.05563 1.03772 1.0275 1.01215 1.01383 1.01128 1.00387 1.0071 1.0034 0.992948 0.995745 0.993159 0.989835 0.992855 0.990012 0.989565 0.992343 0.994057 0.996157 0.996649 1 1.00321 1.00725 1.01197 1.01614 1.01695 1.02834 1.03075 1.03936 1.04477 1.05642 1.06574 1.06889 1.07186 1.08764 1.10308 1.10508 1.11459 1.133 1.12911 1.14403 1.15362 1.17947 1.18835 1.18116 1.20543 1.22097 1.24526 1.24506 1.26055 1.31276 1.32499 1.33001 1.31936 1.34737 1.36291 1.38651 1.38405 1.40685 1.47651 1.47477 1.47339 1.50475 1.51241 1.49021 1.54081 1.60616 1.62195 1.63155 1.68943 1.67361 
1.38223 1.35275 1.33724 1.30572 1.33499 1.27795 1.25702 1.25908 1.26598 1.22648 1.22669 1.21125 1.20068 1.20196 1.16926 1.17349 1.16107 1.14123 1.13077 1.10949 1.13064 1.10563 1.08556 1.08951 1.08991 1.06534 1.05941 1.05328 1.04805 1.03365 1.02935 1.01978 1.0203 1.01177 1.01024 1.01298 1.00863 0.999601 0.99223 0.992334 0.993674 0.999693 0.993951 0.992338 0.991061 0.99026 0.991945 0.991639 0.99449 0.997206 1 1.0035 1.00751 1.00848 1.01619 1.01719 1.02489 1.03173 1.03996 1.04983 1.05716 1.06254 1.06084 1.07548 1.08456 1.09537 1.10138 1.12288 1.12518 1.13602 1.15893 1.18072 1.16114 1.18208 1.20439 1.23484 1.2341 1.25172 1.26079 1.27925 1.27386 1.30384 1.33064 1.33214 1.3546 1.36699 1.38843 1.3941 1.42247 1.42655 1.46312 1.45071 1.49573 1.54745 1.51155 1.57082 1.5786 1.58413 1.66931 1.65408 1.67685 
1.36249 1.34825 1.33901 1.34742 1.3358 1.29501 1.28215 1.26605 1.27004 1.21874 1.24215 1.2122 1.2026 1.19397 1.14759 1.15185 1.14953 1.13759 1.15598 1.12543 1.12112 1.09584 1.08131 1.05599 1.05506 1.06899 1.0649 1.04719 1.02901 1.03602 1.02251 1.02497 1.0287 1.0176 1.00493 1.00236 1.0083 0.993732 0.992502 0.987433 0.988648 0.990415 0.991617 0.989404 0.994068 0.991466 0.991117 0.992466 0.993414 0.996682 1 1.00269 1.0058 1.00976 1.01842 1.02264 1.02704 1.03418 1.04132 1.0493 1.05391 1.06475 1.07557 1.07985 1.09671 1.09453 1.11357 1.11146 1.13176 1.13291 1.14045 1.16915 1.19098 1.18997 1.19974 1.21437 1.22114 1.23289 1.26018 1.28894 1.30096 1.30753 1.33681 1.30312 1.34414 1.38095 1.40857 1.40915 1.40952 1.44918 1.48969 1.50288 1.51721 1.5213 1.54109 1.56065 1.57698 1.62001 1.65716 1.6757 1.69174 
1.37703 1.34385 1.31688 1.30248 1.30318 1.29401 1.27208 1.27134 1.262 1.23813 1.23044 1.19709 1.17642 1.17744 1.15914 1.14802 1.13176 1.14692 1.11893 1.11509 1.0984 1.10418 1.06912 1.08614 1.07353 1.05003 1.06523 1.04631 1.03614 1.02565 1.01962 1.01953 1.01513 1.02484 1.0135 1.00303 1.0047 0.995315 0.989458 0.986877 0.993402 0.988205 0.992305 0.990018 0.994002 0.988311 0.990912 0.992258 0.994911 0.996965 1 1.00309 1.00797 1.0129 1.01699 1.02193 1.02526 1.03252 1.04271 1.05354 1.05123 1.06385 1.07052 1.07964 1.09588 1.09826 1.12069 1.11416 1.12193 1.13779 1.16304 1.15741 1.17919 1.1869 1.20865 1.20282 1.24141 1.25957 1.2766 1.26634 1.28791 1.31047 1.33143 1.37836 1.3778 1.373 1.40957 1.39896 1.43865 1.47465 1.4459 1.49648 1.48857 1.57561 1.55783 1.59783 1.58102 1.59899 1.65516 1.66125 1.66444 
1.3703 1.35412 1.32362 1.3303 1.30224 1.28597 1.25896 1.25401 1.26545 1.23485 1.22547 1.19381 1.18692 1.1693 1.19094 1.17952 1.14151 1.13908 1.11681 1.1137 1.09308 1.09976 1.08474 1.06705 1.05964 1.05437 1.05789 1.04082 1.04876 1.03905 1.03753 1.02305 1.00752 1.00888 1.00557 1.00088 1.00391 0.993041 1.00169 0.996586 0.986047 0.990725 0.992151 0.984332 0.985982 0.989996 0.990976 0.992426 0.993891 0.997672 1 1.00345 1.00787 1.01346 1.01486 1.02568 1.02865 1.036 1.0408 1.05531 1.05162 1.05684 1.07451 1.08335 1.09632 1.09869 1.10893 1.12226 1.13192 1.14435 1.15667 1.17802 1.17101 1.20311 1.20841 1.21889 1.22455 1.24348 1.26937 1.3115 1.29821 1.34553 1.3288 1.35264 1.35664 1.38666 1.41683 1.41943 1.44239 1.46665 1.46985 1.52151 1.48358 1.55348 1.55581 1.58313 1.58276 1.64144 1.65284 1.64099 1.66959 
1.34796 1.34163 1.32651 1.30505 1.28398 1.2467 1.28579 1.26539 1.23807 1.23908 1.21277 1.21252 1.20411 1.17965 1.16437 1.14469 1.15845 1.12847 1.11879 1.11737 1.11094 1.08425 1.08019 1.08216 1.06754 1.0612 1.05907 1.04234 1.03048 1.0375 1.03089 1.02402 1.00564 1.01091 1.00188 1.00454 0.992772 0.993249 0.991558 0.990408 0.987031 0.979159 0.987871 0.986532 0.988462 0.985263 0.993738 0.994 0.9938 0.996805 1 1.00372 1.00808 1.01181 1.01659 1.02309 1.02787 1.03227 1.0441 1.04881 1.05943 1.06728 1.07358 1.08016 1.09541 1.1057 1.1092 1.12087 1.14116 1.14976 1.14938 1.16187 1.1808 1.20567 1.19165 1.22244 1.23045 1.25146 1.26681 1.28313 1.31133 1.32172 1.33549 1.33332 1.36136 1.40162 1.41001 1.41152 1.45318 1.44545 1.44499 1.51549 1.53061 1.54434 1.53188 1.59412 1.62591 1.6407 1.61015 1.6561 1.67979 
1.36271 1.32388 1.31281 1.32172 1.3153 1.26345 1.26298 1.25201 1.24461 1.23248 1.21118 1.18271 1.18981 1.16679 1.14885 1.15378 1.1366 1.11822 1.12022 1.08465 1.11279 1.07121 1.09237 1.06847 1.05433 1.07335 1.04072 1.04331 1.02985 1.02068 1.02857 1.01739 1.00867 1.01575 1.01309 1.00625 0.991025 0.991934 0.993908 0.994801 0.983785 0.995231 0.984099 0.983995 0.991524 0.992402 0.990516 0.989772 0.993616 0.99648 1 1.00407 1.00698 1.01195 1.01635 1.0222 1.02682 1.03866 1.04434 1.04944 1.05923 1.06109 1.07554 1.0781 1.09855 1.11071 1.11059 1.12852 1.13292 1.13762 1.16695 1.18958 1.1955 1.19892 1.19652 1.21876 1.24984 1.25424 1.26844 1.2816 1.28677 1.31903 1.32887 1.35067 1.35028 1.37103 1.40584 1.42956 1.45689 1.46439 1.4836 1.53251 1.52265 1.5043 1.55442 1.56361 1.56825 1.6105 1.63363 1.68578 1.69152 
1.33123 1.29708 1.31802 1.3052 1.27258 1.27645 1.26603 1.22118 1.22369 1.20918 1.22363 1.20835 1.19299 1.15585 1.17151 1.14414 1.13536 1.12491 1.12409 1.12279 1.0981 1.08736 1.08388 1.07257 1.05931 1.04442 1.03758 1.04606 1.02839 1.03374 1.01878 1.01198 1.00798 1.00159 1.00611 1.00132 1.00035 0.989927 0.993048 0.987133 0.995929 0.98716 0.982573 0.987576 0.995034 0.986665 0.989609 0.991256 0.994253 0.996688 1 1.00459 1.00873 1.01348 1.01719 1.02359 1.02721 1.03741 1.04508 1.0517 1.04962 1.06555 1.0733 1.08135 1.09253 1.10613 1.12716 1.12383 1.14438 1.15769 1.15416 1.17666 1.20145 1.20722 1.21309 1.23729 1.25702 1.2618 1.28047 1.29845 1.30418 1.30703 1.35336 1.39392 1.36108 1.38577 1.43485 1.43352 1.44277 1.4597 1.46903 1.50333 1.51355 1.53256 1.58226 1.5672 1.60982 1.60731 1.6687 1.68399 1.7182 
1.32342 1.30857 1.2975 1.29662 1.3079 1.26671 1.25872 1.2295 1.22204 1.22863 1.22732 1.19762 1.17163 1.14639 1.15102 1.12841 1.15217 1.10398 1.11521 1.11853 1.08632 1.10469 1.06729 1.06352 1.06784 1.03669 1.05134 1.03438 1.03929 1.02522 1.00259 1.02084 1.00462 1.00219 1.00169 0.996941 1.00254 1.00114 0.981729 0.988592 0.983687 0.985239 0.987734 0.987006 0.986994 0.98875 0.991979 0.992128 0.99337 0.996444 1 1.00408 1.00965 1.01222 1.01822 1.0257 1.03052 1.03766 1.04259 1.04942 1.05964 1.06454 1.07824 1.08987 1.1001 1.11547 1.10731 1.13107 1.14674 1.15056 1.16672 1.16202 1.17322 1.21776 1.21144 1.22155 1.26331 1.2766 1.29095 1.29373 1.32659 1.32913 1.34866 1.37755 1.38729 1.38922 1.4119 1.409 1.45312 1.45544 1.49137 1.4963 1.57056 1.54515 1.59011 1.59694 1.59622 1.63084 1.62976 1.70277 1.68897 
1.32523 1.33082 1.29166 1.3065 1.27035 1.23304 1.27801 1.21928 1.21055 1.2091 1.19305 1.18485 1.19133 1.16785 1.15653 1.1361 1.11633 1.10172 1.12873 1.08823 1.09169 1.09585 1.06361 1.06927 1.06668 1.05308 1.0599 1.04287 1.03472 1.02134 1.00204 1.02506 0.996276 1.00538 0.996192 0.997665 0.992264 0.980363 0.990887 0.990622 0.983657 0.982327 0.984889 0.983287 0.985642 0.988069 0.988595 0.99147 0.99374 0.99659 1 1.00398 1.00813 1.01452 1.01825 1.027 1.03096 1.03333 1.04495 1.04705 1.06806 1.071 1.07964 1.08775 1.09988 1.10967 1.11826 1.12853 1.13575 1.17091 1.17147 1.17699 1.19837 1.20043 1.22759 1.24228 1.25611 1.27178 1.29778 1.28536 1.30386 1.3247 1.33092 1.38128 1.37853 1.36811 1.42931 1.43587 1.46915 1.45838 1.51158 1.51067 1.52115 1.54439 1.57398 1.60468 1.65717 1.6299 1.66821 1.66389 1.72529 
1.31406 1.3272 1.29955 1.31958 1.2614 1.25731 1.24637 1.23037 1.21707 1.19738 1.22676 1.18205 1.17502 1.16412 1.13411 1.12717 1.12356 1.09246 1.10958 1.10283 1.05728 1.07952 1.0735 1.07285 1.05209 1.0723 1.04394 1.03633 1.03662 1.02502 1.02102 1.01697 1.00433 0.999972 1.00139 0.98809 1.00412 0.990814 0.987949 0.987626 0.98906 0.981568 0.983609 0.982511 0.990659 0.986424 0.987733 0.991063 0.993154 0.996149 1 1.0038 1.00848 1.01338 1.01807 1.02235 1.03088 1.03808 1.04656 1.05089 1.06116 1.07189 1.07587 1.08713 1.10382 1.1026 1.12745 1.14175 1.13855 1.16165 1.17949 1.1776 1.19644 1.20889 1.2444 1.23637 1.25501 1.25901 1.29525 1.29563 1.30469 1.33418 1.33816 1.36825 1.39124 1.4133 1.43175 1.42721 1.46431 1.48052 1.49004 1.49128 1.52824 1.55583 1.58241 1.57575 1.61876 1.66104 1.66267 1.70634 1.73822 
1.3148 1.29016 1.27253 1.27618 1.26862 1.27198 1.24522 1.233 1.23177 1.22789 1.18703 1.17739 1.16901 1.1529 1.15144 1.15562 1.12464 1.12773 1.10065 1.10971 1.10703 1.07419 1.07421 1.06067 1.06197 1.04398 1.05373 1.03436 1.01719 1.02407 1.00926 1.01302 1.01222 1.00144 1.0085 0.995062 0.992767 0.993719 0.990641 0.990003 0.981104 0.987647 0.985391 0.98165 0.984117 0.982069 0.988075 0.991424 0.993073 0.995982 1 1.00372 1.00791 1.01403 1.01948 1.02658 1.02934 1.04121 1.04709 1.05333 1.06204 1.0718 1.07889 1.08576 1.10944 1.11345 1.1236 1.13524 1.14989 1.17446 1.16051 1.17751 1.19953 1.2121 1.20588 1.23696 1.25233 1.27126 1.28416 1.2988 1.32892 1.33276 1.354 1.37309 1.37848 1.39312 1.43065 1.43401 1.43299 1.45663 1.51265 1.51487 1.56594 1.57397 1.58615 1.60704 1.61823 1.62716 1.64612 1.71032 1.72128 
1.33308 1.31986 1.3408 1.26643 1.28766 1.24924 1.20659 1.22775 1.19184 1.18147 1.1752 1.15309 1.14602 1.15596 1.17303 1.11375 1.10594 1.12704 1.09253 1.0957 1.07586 1.08361 1.07565 1.06412 1.05012 1.05375 1.04694 1.03138 1.02102 1.01661 1.01964 0.996112 0.993734 1.0046 0.999524 0.995958 0.995167 0.983947 0.988717 0.990448 0.980071 0.993246 0.980146 0.982044 0.982796 0.984384 0.987054 0.989799 0.992548 0.996171 1 1.00418 1.00767 1.01302 1.01919 1.02439 1.03385 1.04085 1.04034 1.05597 1.05837 1.06602 1.08153 1.09812 1.10258 1.11185 1.12008 1.13073 1.15959 1.16977 1.16969 1.18648 1.18422 1.21525 1.23036 1.25275 1.23637 1.26034 1.28509 1.30159 1.32241 1.33638 1.36748 1.36902 1.39009 1.39712 1.43512 1.4514 1.4444 1.47683 1.48993 1.51194 1.55371 1.57681 1.5674 1.59647 1.64492 1.67109 1.68606 1.72284 1.7319 
1.33531 1.3177 1.29805 1.291 1.25741 1.25866 1.23236 1.22484 1.19641 1.2059 1.19328 1.19032 1.15205 1.13012 1.1616 1.14225 1.13848 1.10597 1.11405 1.09458 1.07649 1.06794 1.06923 1.05399 1.03741 1.03545 1.03832 1.00551 1.01858 1.02432 1.01606 1.00883 0.999473 0.997916 1.00013 0.991503 0.98992 0.989727 0.986861 0.982727 0.986066 0.977861 0.98191 0.98302 0.984948 0.98642 0.988384 0.98925 0.993265 0.996386 1 1.00462 1.00858 1.01583 1.02012 1.02649 1.03223 1.03525 1.04785 1.05712 1.06053 1.07893 1.08661 1.09124 1.10942 1.11542 1.11871 1.13882 1.15212 1.16667 1.18275 1.17804 1.19833 1.22564 1.24477 1.24231 1.27556 1.26879 1.29244 1.30915 1.32377 1.32996 1.36009 1.35821 1.39543 1.41534 1.4302 1.45465 1.46816 1.50125 1.50278 1.5432 1.54072 1.60532 1.60284 1.65072 1.62946 1.65643 1.666 1.72484 1.7131 
1.33396 1.30526 1.30086 1.23825 1.2489 1.25807 1.24488 1.21929 1.2091 1.21391 1.18667 1.18458 1.13845 1.14381 1.12875 1.10653 1.11341 1.10988 1.10208 1.09247 1.05227 1.05426 1.0607 1.06059 1.04506 1.03857 1.03346 1.01758 1.01839 1.01857 1.01565 0.996663 1.00142 1.00428 1.00553 0.993866 0.98719 0.988247 0.985187 0.983344 0.988488 0.982702 0.97865 0.98001 0.982148 0.986073 0.984446 0.990599 0.993163 0.99632 1 1.00457 1.00899 1.01594 1.02277 1.02607 1.03275 1.03833 1.04171 1.05442 1.06263 1.08231 1.08311 1.09721 1.10179 1.12259 1.13184 1.12752 1.15976 1.1654 1.16472 1.17514 1.19272 1.21615 1.22466 1.24077 1.28893 1.27022 1.29602 1.33405 1.33103 1.31744 1.34318 1.40774 1.40402 1.41012 1.43512 1.45219 1.49044 1.4962 1.52439 1.559 1.55219 1.54865 1.61805 1.63909 1.66814 1.6746 1.72506 1.71746 1.73419 
1.32102 1.27306 1.29789 1.26475 1.27979 1.2256 1.23447 1.2117 1.22662 1.19075 1.16727 1.15929 1.17022 1.14512 1.12279 1.12358 1.09861 1.10416 1.08973 1.10848 1.06485 1.07149 1.05535 1.05019 1.04407 1.04894 1.01703 1.02704 1.01697 1.0033 1.01642 1.0073 1.00649 0.991578 0.977254 0.988621 0.983146 0.984216 0.983896 0.983185 0.980065 0.980131 0.978066 0.985014 0.982305 0.984154 0.988719 0.989041 0.992509 0.996015 1 1.0047 1.00946 1.01415 1.02055 1.02688 1.03391 1.04044 1.05032 1.05459 1.0696 1.07502 1.08675 1.09017 1.10621 1.12347 1.13081 1.14459 1.14453 1.16388 1.18185 1.19524 1.19763 1.2226 1.24618 1.24068 1.26714 1.28503 1.29371 1.30996 1.33186 1.35722 1.37737 1.36961 1.4156 1.41239 1.44349 1.45877 1.48024 1.4699 1.52969 1.56359 1.5735 1.61494 1.62271 1.63494 1.66502 1.65092 1.71948 1.71548 1.7412 
1.32961 1.31282 1.29718 1.27336 1.24606 1.23686 1.22448 1.19086 1.21585 1.1916 1.1618 1.1783 1.15369 1.15648 1.16068 1.12667 1.11026 1.09922 1.08929 1.07145 1.07457 1.08207 1.05422 1.05007 1.03581 1.04203 1.02979 1.02724 1.02558 1.00799 1.00546 0.990177 0.99631 1.00177 0.987944 0.995286 0.975895 0.986002 0.985118 0.979037 0.980621 0.985822 0.985274 0.983284 0.981761 0.984914 0.984737 0.989437 0.992403 0.995945 1 1.00431 1.00924 1.01365 1.01971 1.02592 1.03576 1.04223 1.04952 1.05909 1.06362 1.08696 1.08712 1.09299 1.11179 1.11649 1.13827 1.13303 1.14742 1.16386 1.17101 1.20171 1.20597 1.21738 1.2414 1.25521 1.25139 1.28927 1.30983 1.30705 1.34983 1.33841 1.35014 1.36666 1.36896 1.41787 1.42476 1.47354 1.48306 1.51087 1.51851 1.51725 1.59024 1.59945 1.61754 1.61784 1.65328 1.66778 1.7196 1.70492 1.72698 
1.3268 1.31322 1.2664 1.30091 1.24743 1.23143 1.19986 1.23528 1.22317 1.19066 1.14801 1.17323 1.16282 1.14249 1.12901 1.13621 1.10471 1.0905 1.08733 1.07843 1.09599 1.07061 1.05958 1.06112 1.03837 1.03009 1.02525 1.02647 1.01331 1.01124 1.00751 1.00368 0.996558 1.00268 0.988889 0.991638 0.980813 0.970628 0.979567 0.976577 0.977998 0.983831 0.976889 0.984987 0.982183 0.980746 0.987643 0.987861 0.991782 0.996354 1 1.00456 1.00938 1.01507 1.02045 1.02587 1.03416 1.04063 1.05437 1.06267 1.07087 1.07455 1.08195 1.09761 1.10181 1.12337 1.11938 1.1432 1.14995 1.17481 1.18048 1.20251 1.22838 1.22418 1.24942 1.26263 1.26117 1.27912 1.29894 1.3252 1.34615 1.34265 1.36183 1.39462 1.37864 1.43176 1.44381 1.47834 1.48493 1.49366 1.54411 1.52154 1.56548 1.60008 1.61373 1.66072 1.64115 1.63069 1.70485 1.6903 1.75364 
1.28886 1.27826 1.28576 1.26207 1.23781 1.2435 1.23862 1.21765 1.21449 1.18277 1.19105 1.16514 1.17802 1.14722 1.13693 1.1055 1.10224 1.0923 1.08175 1.07175 1.05992 1.06479 1.06213 1.04194 1.03263 1.03591 1.02165 1.01772 1.00606 0.999084 0.988366 1.00487 0.999353 0.993644 0.987847 0.983599 0.976375 0.982249 0.979376 0.982707 0.990133 0.980031 0.979687 0.977577 0.983467 0.983713 0.987207 0.988143 0.992196 0.995743 1 1.00498 1.01051 1.01416 1.02278 1.02799 1.03452 1.04245 1.05225 1.05288 1.06161 1.07808 1.08493 1.09143 1.10095 1.11408 1.13127 1.14331 1.15182 1.16603 1.18757 1.19763 1.21412 1.2274 1.25823 1.2519 1.26499 1.27806 1.30948 1.32267 1.36245 1.33785 1.372 1.39023 1.41019 1.44081 1.43672 1.48109 1.47421 1.52227 1.52383 1.52108 1.54214 1.58134 1.63089 1.62225 1.66426 1.66566 1.6875 1.71203 1.76335 
1.31083 1.26236 1.25051 1.24829 1.25585 1.21492 1.21496 1.21678 1.19555 1.17503 1.18503 1.15114 1.13933 1.13434 1.14366 1.12026 1.12948 1.09253 1.09802 1.08373 1.06742 1.06203 1.04888 1.03599 1.02898 1.02345 1.04107 1.02026 1.01046 1.01767 0.995081 1.00385 0.986403 0.995305 0.980728 0.98279 0.985219 0.984894 0.982095 0.979776 0.982265 0.982205 0.975527 0.983068 0.985015 0.982552 0.985952 0.98937 0.991571 0.995858 1 1.00476 1.01164 1.01628 1.02199 1.03025 1.03796 1.04444 1.04911 1.06339 1.07613 1.07764 1.09001 1.09629 1.11254 1.11862 1.12747 1.13713 1.15263 1.16396 1.18934 1.20191 1.21327 1.22336 1.24222 1.27633 1.27788 1.27934 1.31079 1.32598 1.33848 1.35795 1.36689 1.38995 1.43999 1.45933 1.43125 1.47127 1.47771 1.52468 1.52678 1.55984 1.58245 1.58062 1.61278 1.64274 1.66888 1.68213 1.6941 1.73009 1.72456 
1.33674 1.28975 1.25852 1.245 1.21519 1.21998 1.22582 1.20716 1.19961 1.17144 1.16243 1.16443 1.1367 1.14463 1.12258 1.11103 1.09493 1.10792 1.07712 1.06719 1.07116 1.05156 1.05163 1.05006 1.03852 1.0213 1.0179 1.01995 1.0123 1.00634 1.00074 0.992291 0.999033 0.987614 0.985825 0.977194 0.983668 0.988324 0.971304 0.979221 0.973685 0.973253 0.977688 0.980585 0.97726 0.983794 0.984287 0.987247 0.992302 0.99532 1 1.00514 1.01022 1.01534 1.02182 1.02984 1.03504 1.04458 1.05185 1.06317 1.06978 1.07849 1.08687 1.09852 1.11095 1.12416 1.14175 1.14608 1.15231 1.17526 1.18075 1.20855 1.21755 1.21646 1.2477 1.25479 1.25669 1.30644 1.29329 1.32489 1.33311 1.37889 1.38656 1.41783 1.41847 1.43614 1.45836 1.4743 1.52608 1.48024 1.54949 1.57015 1.5771 1.57638 1.63379 1.64103 1.63287 1.66672 1.72146 1.72126 1.74581 
1.31731 1.29831 1.27499 1.24347 1.23818 1.2184 1.22064 1.23006 1.16234 1.18083 1.17055 1.16774 1.1369 1.1373 1.10641 1.12846 1.111 1.06874 1.07715 1.07641 1.04088 1.05172 1.05267 1.02274 1.03384 1.02951 1.01194 1.01101 1.00523 1.00634 1.00997 0.990398 0.98764 0.991298 0.994498 0.986529 0.976695 0.984061 0.986482 0.980632 0.980965 0.977982 0.975741 0.979441 0.978054 0.983405 0.984689 0.986804 0.991685 0.995182 1 1.00506 1.00995 1.01693 1.0205 1.03108 1.0368 1.04577 1.05164 1.06285 1.06739 1.081 1.08798 1.10344 1.11483 1.1145 1.13947 1.14247 1.16806 1.1705 1.19446 1.19034 1.2255 1.21813 1.26117 1.25609 1.25921 1.27626 1.31696 1.31834 1.32581 1.34093 1.39338 1.39714 1.4194 1.44081 1.46361 1.47021 1.51124 1.51911 1.55208 1.54081 1.60659 1.60066 1.63706 1.64234 1.65438 1.68859 1.71515 1.75703 1.72366 
1.28096 1.28787 1.25887 1.25392 1.22745 1.21109 1.20022 1.20596 1.20722 1.16211 1.15219 1.14135 1.12657 1.14887 1.12789 1.11972 1.09675 1.11092 1.08496 1.0829 1.05445 1.04857 1.0533 1.03303 1.02893 1.03161 1.01483 1.01372 0.994147 1.00719 0.990787 0.99853 0.981477 0.999654 0.974867 0.982867 0.979696 0.97119 0.975651 0.976674 0.970393 0.981132 0.975794 0.977392 0.980483 0.983954 0.986801 0.986069 0.991542 0.995205 1 1.00528 1.01086 1.01514 1.02041 1.02918 1.03859 1.04625 1.05034 1.06566 1.06995 1.07676 1.09278 1.09341 1.10729 1.12885 1.13725 1.1472 1.16541 1.17993 1.19557 1.19833 1.20519 1.23542 1.25364 1.27386 1.27749 1.28776 1.3152 1.31842 1.36054 1.35359 1.39173 1.41939 1.40937 1.43605 1.49699 1.48817 1.49987 1.50569 1.55251 1.54564 1.59981 1.61818 1.64837 1.6443 1.66866 1.73993 1.69943 1.73842 1.78598 
1.27125 1.29116 1.24318 1.26958 1.23146 1.20554 1.2036 1.18373 1.18593 1.17503 1.16141 1.13798 1.13211 1.11742 1.10792 1.10423 1.08806 1.09905 1.0675 1.08685 1.05789 1.06035 1.06283 1.0335 1.03519 1.02565 1.02936 0.999608 1.01434 1.01084 1.0006 0.992235 0.987966 0.981367 0.984725 0.985509 0.978391 0.980542 0.973501 0.97571 0.969619 0.976707 0.974156 0.978566 0.976263 0.981707 0.982323 0.989358 0.991535 0.995768 1 1.00564 1.01116 1.0177 1.02266 1.03177 1.03476 1.04033 1.05181 1.058 1.07396 1.08066 1.0882 1.09629 1.11139 1.13145 1.13836 1.15026 1.15529 1.17264 1.19398 1.20873 1.22392 1.22924 1.2554 1.28619 1.26528 1.30307 1.32564 1.35189 1.34595 1.37112 1.37846 1.39061 1.45069 1.47486 1.43778 1.4834 1.46769 1.53699 1.55735 1.56713 1.58461 1.58684 1.59848 1.67971 1.69646 1.72343 1.70266 1.74665 1.79007 
1.29418 1.27264 1.25154 1.23759 1.24286 1.20567 1.21656 1.18633 1.17341 1.16138 1.16728 1.15648 1.12688 1.13946 1.11999 1.09514 1.08977 1.11716 1.06119 1.07673 1.04718 1.04533 1.02669 1.03851 1.03461 1.03382 1.01027 1.02486 1.00131 0.999811 1.00051 1.00313 0.984282 0.984658 0.983429 0.978877 0.97021 0.984765 0.972402 0.970653 0.975682 0.970129 0.97273 0.977723 0.980174 0.980191 0.985468 0.986618 0.991008 0.996018 1 1.00461 1.01086 1.01666 1.02433 1.02904 1.03874 1.04801 1.05471 1.06459 1.08239 1.08437 1.09676 1.10988 1.12229 1.12193 1.13136 1.15576 1.16324 1.1899 1.19062 1.21288 1.2249 1.24138 1.24727 1.27405 1.28157 1.30386 1.29833 1.34135 1.34842 1.35806 1.41409 1.4196 1.42598 1.44769 1.45244 1.45313 1.48384 1.54963 1.57362 1.5929 1.56428 1.58918 1.64135 1.68608 1.66082 1.69024 1.72841 1.77267 1.78344 
1.24233 1.27789 1.21468 1.24349 1.20461 1.22517 1.18947 1.20243 1.15439 1.1466 1.13679 1.12691 1.13723 1.1262 1.10488 1.08396 1.10195 1.07185 1.09011 1.05859 1.05508 1.05259 1.03518 1.02981 1.02028 1.02479 1.01083 1.00551 1.00105 0.996739 0.99976 0.989815 0.984145 0.976035 0.976935 0.978224 0.980323 0.975094 0.981847 0.970361 0.977357 0.968354 0.977789 0.975862 0.980087 0.979634 0.984373 0.988161 0.990867 0.995296 1 1.00541 1.01241 1.01701 1.02429 1.03047 1.03891 1.04806 1.05273 1.06478 1.0792 1.08134 1.10195 1.10864 1.11623 1.12236 1.13673 1.15071 1.17682 1.16966 1.20795 1.2018 1.21547 1.25437 1.25959 1.26966 1.28521 1.31105 1.31807 1.3389 1.34297 1.36961 1.40428 1.41389 1.43135 1.46196 1.45312 1.48071 1.49431 1.55385 1.55238 1.57676 1.58153 1.61538 1.66456 1.64311 1.66945 1.69315 1.76214 1.74456 1.77628 
1.27352 1.24859 1.26971 1.24085 1.22026 1.20974 1.17808 1.17949 1.15353 1.17989 1.12919 1.13924 1.12875 1.09177 1.11264 1.08392 1.08604 1.05614 1.0675 1.0701 1.04491 1.05605 1.03415 1.01697 1.01632 1.00712 1.01046 1.01662 1.00722 0.998681 0.99755 0.977728 0.974063 0.997363 0.974802 0.971551 0.980776 0.973013 0.979447 0.970032 0.979351 0.971775 0.970805 0.974444 0.978996 0.982788 0.982564 0.987362 0.991387 0.99409 1 1.00495 1.01089 1.01758 1.02572 1.03165 1.04029 1.04476 1.06163 1.06497 1.07633 1.08186 1.09386 1.11324 1.11158 1.1275 1.1371 1.15751 1.16114 1.19549 1.20989 1.21184 1.22698 1.24562 1.27043 1.26302 1.27495 1.31876 1.33621 1.34832 1.34029 1.37618 1.41482 1.40992 1.43458 1.42259 1.47764 1.4643 1.49091 1.52091 1.54237 1.57417 1.61831 1.62011 1.65861 1.69735 1.71063 1.70995 1.74919 1.74904 1.7528 
1.25484 1.26291 1.22739 1.23597 1.21431 1.21524 1.20547 1.18941 1.1826 1.1597 1.15298 1.1442 1.13691 1.11731 1.10125 1.06763 1.06708 1.06092 1.06961 1.0799 1.06318 1.04155 1.03256 1.04114 1.00858 1.02511 1.01365 1.01411 0.997667 0.99459 0.984751 0.987791 0.998195 0.985812 0.970043 0.972803 0.975117 0.980054 0.974524 0.971446 0.966547 0.969645 0.971331 0.974951 0.980478 0.978606 0.984162 0.984735 0.991335 0.99516 1 1.00462 1.01165 1.01673 1.0243 1.03348 1.03573 1.04766 1.05245 1.06352 1.07763 1.08744 1.09678 1.10032 1.11626 1.134 1.14971 1.15161 1.17703 1.16477 1.18675 1.22579 1.22534 1.2436 1.25272 1.26613 1.29316 1.31913 1.32306 1.34053 1.36205 1.37111 1.40796 1.41802 1.44091 1.43521 1.49113 1.50494 1.52134 1.56201 1.54472 1.56099 1.59213 1.56794 1.6601 1.68161 1.69659 1.71381 1.7458 1.75349 1.77225 
1.28555 1.2687 1.22136 1.2658 1.22866 1.18975 1.15684 1.17722 1.17597 1.15582 1.15271 1.14046 1.11556 1.10695 1.09274 1.09665 1.0734 1.07357 1.05396 1.05714 1.05869 1.02788 1.03452 1.0244 1.01583 1.00474 1.0017 1.00698 1.0017 0.999064 0.991423 0.97903 0.980517 0.971831 0.970599 0.977092 0.970988 0.973244 0.971068 0.973149 0.970091 0.973312 0.971855 0.976977 0.975797 0.982469 0.982691 0.986815 0.990649 0.994936 1 1.00534 1.01154 1.01831 1.02463 1.03408 1.03955 1.04429 1.0564 1.06968 1.0743 1.08191 1.10022 1.10197 1.12787 1.1219 1.13978 1.16278 1.18254 1.18712 1.20517 1.21315 1.22803 1.23666 1.25292 1.26681 1.28898 1.3111 1.32534 1.35396 1.37688 1.38427 1.40692 1.41235 1.43094 1.46094 1.48289 1.49876 1.51643 1.53978 1.57765 1.58534 1.5647 1.64441 1.66305 1.66181 1.69697 1.72622 1.76047 1.76015 1.76693 
1.29312 1.25442 1.22787 1.2254 1.19559 1.19877 1.17895 1.18266 1.16566 1.15142 1.11303 1.1246 1.1102 1.11979 1.11733 1.09462 1.06211 1.0704 1.06564 1.03703 1.06178 1.03882 1.02469 1.03438 1.02668 1.02094 1.01644 0.993702 1.00542 0.99551 0.987168 0.99284 0.971019 0.98078 0.972353 0.977399 0.976088 0.968703 0.969249 0.966641 0.973013 0.968638 0.973647 0.971483 0.978574 0.982723 0.981921 0.986097 0.989292 0.995476 1 1.00543 1.01088 1.01949 1.02248 1.03181 1.04578 1.05058 1.05665 1.06856 1.0764 1.09228 1.09798 1.099 1.125 1.14089 1.14724 1.16122 1.16969 1.18672 1.19442 1.20329 1.22784 1.25548 1.2574 1.28473 1.3078 1.32491 1.32734 1.35803 1.3456 1.37728 1.41201 1.41213 1.4439 1.46131 1.46214 1.505 1.54544 1.56161 1.55796 1.60108 1.5877 1.61882 1.67086 1.65677 1.71607 1.73727 1.7748 1.77048 1.73764 
1.25135 1.2438 1.23633 1.22548 1.20021 1.1886 1.19256 1.17382 1.14573 1.13366 1.13753 1.16348 1.12119 1.09131 1.10436 1.06362 1.0719 1.04818 1.04825 1.06474 1.04643 1.05703 1.02737 1.01298 1.01628 1.00314 0.986141 1.00515 1.00147 0.996553 0.987648 0.984055 0.982304 0.971112 0.969586 0.970609 0.970387 0.952294 0.955759 0.968236 0.972125 0.966974 0.968022 0.972792 0.974081 0.979009 0.98277 0.984837 0.990361 0.994872 1 1.00586 1.01103 1.01692 1.02527 1.03638 1.03998 1.05399 1.05585 1.07282 1.07123 1.07884 1.10921 1.09927 1.11791 1.13333 1.15472 1.16582 1.1751 1.19253 1.20136 1.22196 1.22636 1.24128 1.27142 1.29608 1.31234 1.29886 1.32531 1.34661 1.36208 1.39676 1.40114 1.41108 1.42594 1.46415 1.47603 1.50513 1.53253 1.53933 1.57027 1.60764 1.59925 1.63261 1.66281 1.66766 1.70196 1.72525 1.78284 1.77795 1.81177 
1.23311 1.27236 1.20753 1.23322 1.19851 1.17579 1.18732 1.17047 1.13957 1.1665 1.13141 1.14417 1.10666 1.08883 1.10682 1.05067 1.08867 1.0694 1.07608 1.04872 1.03968 1.03986 1.04675 1.01283 1.01135 1.00903 0.992705 0.998244 0.97653 0.979258 0.987859 0.977884 0.97877 0.969994 0.957129 0.970954 0.967824 0.973027 0.971503 0.972844 0.966873 0.973663 0.971783 0.973303 0.976733 0.979864 0.981576 0.986527 0.990824 0.99418 1 1.00614 1.01314 1.01999 1.0272 1.03272 1.04173 1.04511 1.06004 1.0664 1.07809 1.08882 1.09817 1.10944 1.13172 1.13327 1.15718 1.16737 1.17654 1.19455 1.20395 1.22078 1.23555 1.24698 1.28746 1.28816 1.28699 1.32453 1.32864 1.346 1.37214 1.36976 1.40524 1.41929 1.4439 1.45992 1.49328 1.50723 1.51639 1.54187 1.55496 1.61105 1.62215 1.61862 1.65212 1.68724 1.71074 1.74157 1.75913 1.81891 1.80363 
1.22511 1.25457 1.22112 1.19936 1.22404 1.18609 1.20154 1.15829 1.14189 1.15809 1.11585 1.11904 1.12011 1.09615 1.07454 1.08336 1.07844 1.07209 1.0549 1.052 1.04707 1.03313 1.04219 1.00914 1.02695 1.00997 1.00015 0.981958 0.987432 0.995674 0.985072 0.982909 0.972648 0.974429 0.966379 0.97206 0.968781 0.969097 0.962888 0.966307 0.972146 0.978463 0.970367 0.972913 0.97617 0.977701 0.981569 0.987472 0.990238 0.994743 1 1.00554 1.01077 1.01796 1.02533 1.03132 1.03923 1.05266 1.06323 1.06537 1.08294 1.09734 1.09961 1.11542 1.12946 1.13922 1.1459 1.16152 1.16557 1.19885 1.19377 1.20778 1.22819 1.24013 1.27333 1.28507 1.30651 1.32284 1.33351 1.36008 1.36204 1.3758 1.40973 1.44628 1.43927 1.44985 1.47722 1.50423 1.51446 1.53238 1.5637 1.62141 1.61284 1.63639 1.65684 1.69217 1.68786 1.73347 1.7437 1.81508 1.83777 
1.26254 1.24591 1.23015 1.22077 1.19373 1.1899 1.19295 1.17206 1.15678 1.13086 1.13854 1.13298 1.116 1.10055 1.11831 1.0941 1.06578 1.045 1.05659 1.07534 1.04459 1.01779 1.01946 1.01673 1.01959 1.01015 0.991168 1.02045 0.991496 0.984014 0.982155 0.97949 0.973809 0.974173 0.970707 0.981228 0.96718 0.97777 0.965875 0.967375 0.964902 0.973317 0.972988 0.97169 0.979077 0.977851 0.98028 0.986074 0.98878 0.995051 1 1.00611 1.01237 1.01726 1.0243 1.03323 1.04372 1.05402 1.06511 1.06864 1.08456 1.09229 1.1058 1.11197 1.1166 1.14325 1.14435 1.15938 1.17013 1.19904 1.20923 1.2311 1.24463 1.26111 1.27339 1.26895 1.30174 1.30503 1.34967 1.33622 1.39078 1.37752 1.43813 1.44673 1.44839 1.50233 1.49825 1.51633 1.52426 1.55992 1.57071 1.60772 1.58084 1.67981 1.66234 1.6977 1.73293 1.72947 1.72316 1.77905 1.81861 
1.258 1.25749 1.24569 1.20242 1.18243 1.17435 1.18391 1.15075 1.16757 1.16633 1.13363 1.13653 1.10823 1.09348 1.10062 1.07433 1.07659 1.0668 1.05539 1.05638 1.04857 1.03106 1.02193 1.01817 1.01422 1.01492 0.99398 0.999481 0.984851 0.988865 0.992251 0.978923 0.97575 0.976057 0.977082 0.973121 0.972622 0.970821 0.963172 0.968007 0.963716 0.964009 0.97222 0.974854 0.979008 0.982064 0.980888 0.98644 0.98998 0.994564 1 1.00563 1.01298 1.02051 1.02724 1.0303 1.04225 1.05324 1.05933 1.07017 1.08448 1.08814 1.0999 1.1036 1.12781 1.13403 1.15407 1.17232 1.17609 1.18364 1.20109 1.2132 1.23891 1.25629 1.28479 1.29195 1.29501 1.32579 1.33508 1.37494 1.37175 1.38227 1.40765 1.4439 1.44692 1.4793 1.48468 1.54015 1.54335 1.55597 1.57677 1.65215 1.63136 1.67308 1.66974 1.66513 1.72993 1.7306 1.77277 1.787 1.82965 
1.24914 1.22442 1.19842 1.19676 1.20245 1.2087 1.17207 1.14693 1.13599 1.1154 1.10522 1.10099 1.10358 1.08552 1.07884 1.08438 1.06234 1.06311 1.04638 1.03697 1.05469 1.02119 1.02238 1.02849 1.02081 1.0042 1.00188 0.986402 0.981587 0.987046 0.981332 0.990273 0.960689 0.980747 0.966523 0.965046 0.960688 0.968165 0.966428 0.971467 0.96561 0.966426 0.968802 0.971988 0.973429 0.979003 0.9829 0.984071 0.988745 0.994299 1 1.00591 1.01238 1.02061 1.02499 1.03569 1.03996 1.0513 1.06457 1.07129 1.08172 1.08538 1.10189 1.10816 1.12967 1.14476 1.15436 1.17276 1.18926 1.19243 1.19778 1.23453 1.23261 1.26124 1.27474 1.30482 1.30808 1.33977 1.31818 1.36574 1.3736 1.40551 1.43073 1.45302 1.44977 1.4554 1.50194 1.53001 1.52247 1.57532 1.59734 1.59814 1.59411 1.61186 1.67804 1.69628 1.72025 1.74293 1.76813 1.76186 1.78543 
1.25843 1.23943 1.2313 1.21989 1.21021 1.19498 1.15755 1.14892 1.15328 1.14394 1.14985 1.10881 1.08521 1.09418 1.08032 1.07519 1.08455 1.07945 1.03893 1.05118 1.02834 1.01832 1.03113 1.01752 1.00645 1.00761 1.00732 1.01021 0.971174 0.984455 0.970088 0.980879 0.966978 0.970003 0.966087 0.961821 0.970899 0.965281 0.96613 0.974293 0.968031 0.972555 0.966035 0.971388 0.975347 0.976338 0.979835 0.985521 0.989216 0.994069 1 1.00575 1.01294 1.02129 1.02484 1.03096 1.04439 1.05278 1.05614 1.06778 1.08337 1.08844 1.10426 1.11643 1.12513 1.14616 1.15886 1.16286 1.17737 1.18624 1.19298 1.22687 1.23039 1.24366 1.27727 1.27737 1.2985 1.33347 1.34325 1.34707 1.39422 1.39982 1.4172 1.43628 1.46107 1.46122 1.50214 1.5517 1.56195 1.57063 1.56653 1.58722 1.63781 1.65754 1.69539 1.71622 1.72471 1.75851 1.75906 1.79071 1.81717 
1.26239 1.22085 1.20181 1.20097 1.19357 1.19073 1.19644 1.17218 1.15839 1.10829 1.12672 1.11474 1.08913 1.08345 1.07799 1.0878 1.05891 1.05901 1.05084 1.04125 1.02572 1.03047 1.01308 1.01092 0.991326 0.980071 0.978622 1.0093 0.993231 0.982212 0.978688 0.977774 0.970183 0.970087 0.965195 0.978167 0.964193 0.962245 0.96311 0.970295 0.964438 0.966253 0.975575 0.97489 0.972262 0.978733 0.980345 0.984367 0.98796 0.994343 1 1.00575 1.01241 1.01978 1.02795 1.03321 1.04362 1.05687 1.06049 1.07489 1.08264 1.0917 1.10769 1.12077 1.12364 1.13513 1.16129 1.16897 1.18206 1.18918 1.23608 1.22356 1.25895 1.27261 1.27567 1.29508 1.28971 1.31934 1.33736 1.36657 1.37096 1.40123 1.41153 1.44793 1.44701 1.45871 1.50064 1.52359 1.52361 1.56359 1.58057 1.60636 1.63076 1.66009 1.68884 1.65431 1.75949 1.75913 1.76065 1.77648 1.81785 
1.24378 1.20147 1.21834 1.22877 1.18609 1.15922 1.12542 1.16333 1.12661 1.12663 1.11933 1.10118 1.09576 1.08012 1.09318 1.08453 1.08003 1.06678 1.04322 1.03743 1.0222 1.00672 1.01841 1.00687 0.991784 1.01623 0.99532 0.995286 0.975374 0.975324 0.97756 0.96864 0.970588 0.969529 0.96384 0.967906 0.959406 0.965183 0.961236 0.967141 0.961884 0.965264 0.967098 0.971356 0.97399 0.974123 0.97875 0.984795 0.989861 0.994628 1 1.00609 1.01274 1.02019 1.02958 1.03447 1.04484 1.05187 1.06116 1.07431 1.08179 1.0955 1.10807 1.10942 1.13712 1.14044 1.15522 1.16175 1.17242 1.20131 1.20368 1.24197 1.24046 1.25436 1.28482 1.29729 1.2999 1.32983 1.35121 1.36546 1.40431 1.43946 1.42461 1.43562 1.4766 1.5051 1.49651 1.5355 1.5642 1.57699 1.58763 1.6176 1.63616 1.65316 1.67452 1.70085 1.70746 1.77259 1.74642 1.82036 1.82997 
1.24739 1.20404 1.20022 1.2043 1.18804 1.17574 1.14613 1.15279 1.12589 1.12787 1.13059 1.12138 1.10814 1.10417 1.06794 1.06896 1.07037 1.05157 1.03119 1.0417 1.02487 1.02836 1.02108 1.02161 0.998194 1.01628 0.988668 1.00023 0.978042 0.986374 0.97293 0.981646 0.971602 0.977741 0.9648 0.96071 0.966795 0.96865 0.971988 0.962749 0.966197 0.967598 0.966434 0.97566 0.976757 0.974546 0.981618 0.984383 0.989985 0.994445 1 1.00637 1.01386 1.01851 1.02445 1.04089 1.04288 1.05741 1.06107 1.07588 1.09052 1.09352 1.11693 1.11684 1.12959 1.14855 1.16212 1.16735 1.17901 1.20212 1.20633 1.22417 1.23185 1.26137 1.2622 1.29314 1.31147 1.35325 1.35917 1.35141 1.36657 1.41562 1.40018 1.43881 1.4856 1.4799 1.48868 1.51363 1.55515 1.57752 1.63171 1.5845 1.64058 1.6692 1.69234 1.72144 1.71775 1.72497 1.76909 1.81269 1.88051 
1.2098 1.23806 1.21027 1.21575 1.17647 1.19279 1.14832 1.1533 1.13743 1.11307 1.10527 1.11985 1.0908 1.10157 1.07341 1.07162 1.05314 1.06604 1.04389 1.04885 1.00988 1.01019 1.0072 1.00446 1.01805 1.01686 0.977389 0.993702 0.989477 0.981949 0.980719 0.972587 0.961563 0.968515 0.960598 0.956474 0.964851 0.962835 0.964136 0.961344 0.966446 0.965598 0.969187 0.969623 0.972217 0.973852 0.981092 0.985896 0.989004 0.994233 1 1.00677 1.01375 1.02282 1.02805 1.0374 1.04136 1.05363 1.06406 1.07116 1.08047 1.08737 1.10639 1.11735 1.12994 1.14938 1.15651 1.17935 1.17472 1.19857 1.21384 1.22575 1.25607 1.26442 1.2819 1.30624 1.32596 1.32545 1.34843 1.34758 1.37741 1.41909 1.41923 1.4429 1.45443 1.47033 1.50078 1.54302 1.56682 1.56437 1.60496 1.65428 1.66207 1.67012 1.66471 1.71994 1.70746 1.74039 1.79717 1.7925 1.82698 
1.2058 1.22239 1.21083 1.19527 1.19444 1.16715 1.1287 1.15433 1.13579 1.13246 1.13389 1.12659 1.1189 1.08709 1.07109 1.07503 1.0739 1.04731 1.06315 1.04125 1.02894 1.03314 1.00796 0.995637 0.986944 0.993863 0.98768 0.995278 0.991431 0.974445 0.968843 0.973123 0.960448 0.954972 0.974555 0.966362 0.965363 0.96425 0.963325 0.962829 0.963148 0.964645 0.961986 0.972533 0.966698 0.975916 0.980879 0.981691 0.987045 0.994072 1 1.00651 1.01476 1.01962 1.0274 1.03587 1.04881 1.05417 1.06244 1.07235 1.0864 1.10087 1.10044 1.12132 1.14018 1.14553 1.15876 1.16753 1.18079 1.19895 1.21133 1.23341 1.24453 1.27456 1.28641 1.29438 1.32283 1.32875 1.36123 1.38787 1.39026 1.40372 1.4459 1.45291 1.47551 1.4809 1.52331 1.51998 1.55468 1.59652 1.58893 1.61171 1.6417 1.67305 1.65685 1.70734 1.73472 1.75577 1.80936 1.78449 1.84 
1.21299 1.19568 1.19442 1.20134 1.16573 1.18687 1.19093 1.12687 1.14024 1.12738 1.11289 1.08056 1.11827 1.09212 1.04353 1.06821 1.04531 1.02734 1.02671 1.03681 1.02305 1.01331 1.01459 1.00619 0.99334 0.988969 0.986881 0.980792 0.976432 0.981602 0.974458 0.972031 0.965946 0.970586 0.947094 0.95945 0.959627 0.946591 0.962211 0.962414 0.963879 0.963 0.970837 0.961197 0.974888 0.97394 0.979271 0.98212 0.989676 0.994032 1 1.00635 1.01277 1.02156 1.0286 1.03616 1.04563 1.05825 1.06769 1.07953 1.09043 1.09922 1.10313 1.12696 1.12609 1.15205 1.15691 1.17677 1.18551 1.19973 1.20155 1.23355 1.2403 1.2548 1.28035 1.29449 1.3225 1.33068 1.36893 1.3702 1.39451 1.40234 1.44045 1.45714 1.47118 1.48685 1.47562 1.50128 1.55424 1.58214 1.59513 1.61416 1.63796 1.64798 1.70063 1.71234 1.72829 1.77143 1.8102 1.82029 1.85048 
1.23568 1.20875 1.20531 1.19187 1.20802 1.16132 1.13585 1.10505 1.11991 1.11824 1.08953 1.09547 1.07628 1.08554 1.08754 1.08497 1.04424 1.04643 1.03421 1.03484 1.04759 1.01864 1.01126 1.00409 0.995779 1.00433 0.985329 0.981368 0.990747 0.981023 0.964556 0.978052 0.970472 0.9545 0.969891 0.95955 0.964908 0.964416 0.954155 0.961454 0.965614 0.963751 0.967097 0.970484 0.969159 0.975678 0.97857 0.983292 0.989509 0.99427 1 1.00693 1.01326 1.02184 1.02836 1.03746 1.04461 1.05185 1.06577 1.07088 1.08233 1.09696 1.10495 1.12623 1.13279 1.1456 1.16913 1.16893 1.18558 1.19173 1.21727 1.22001 1.23874 1.28228 1.28804 1.30486 1.33806 1.34173 1.36244 1.38873 1.39931 1.4168 1.42207 1.4576 1.46969 1.47941 1.52972 1.53572 1.54122 1.55432 1.58739 1.61881 1.65818 1.6941 1.70031 1.72876 1.74958 1.79823 1.7791 1.79755 1.8424 
1.21424 1.20542 1.20873 1.18973 1.1803 1.17147 1.13636 1.15942 1.1282 1.1133 1.12349 1.09345 1.09102 1.06148 1.07478 1.06472 1.02384 1.02686 1.03168 1.02437 1.01899 0.998195 1.02707 1.01306 1.01493 0.991656 0.988634 0.980097 0.97278 0.967512 0.979684 0.969126 0.965111 0.958365 0.969273 0.962631 0.953917 0.954072 0.964423 0.958519 0.958651 0.960588 0.966086 0.967154 0.972154 0.974664 0.980685 0.984796 0.988415 0.994331 1 1.00547 1.01486 1.02121 1.02781 1.03738 1.04434 1.05218 1.06964 1.07214 1.08833 1.10223 1.10488 1.12925 1.12764 1.14733 1.17231 1.17803 1.16871 1.18971 1.23675 1.23962 1.24747 1.28529 1.28792 1.31908 1.33813 1.33473 1.3552 1.375 1.39647 1.44606 1.44254 1.45332 1.45339 1.50781 1.49914 1.53922 1.55946 1.58879 1.59274 1.63651 1.64244 1.65832 1.71878 1.72417 1.76049 1.77191 1.81643 1.80027 1.83807 
1.20577 1.19535 1.21233 1.18888 1.16976 1.17651 1.15521 1.13835 1.13622 1.12763 1.1063 1.09455 1.07652 1.0796 1.07389 1.05009 1.06039 1.04085 1.05253 1.03321 1.02276 1.01221 1.01776 0.981601 1.01359 0.990261 0.991046 0.981796 0.982823 0.975769 0.967962 0.969504 0.956135 0.96487 0.955127 0.953393 0.965333 0.963867 0.961781 0.964863 0.961261 0.966463 0.96527 0.97301 0.970495 0.973978 0.978649 0.984052 0.987995 0.994124 1 1.00659 1.01393 1.02022 1.02985 1.03884 1.04825 1.05639 1.06449 1.07992 1.09195 1.09568 1.11521 1.12339 1.13939 1.151 1.15385 1.17575 1.17979 1.21211 1.20799 1.22805 1.24618 1.26475 1.28482 1.31986 1.31816 1.33556 1.36243 1.37572 1.40293 1.40792 1.43683 1.4446 1.49579 1.51928 1.51509 1.52606 1.56678 1.58166 1.59492 1.64929 1.66343 1.69064 1.71454 1.71636 1.76082 1.80252 1.76936 1.81206 1.83202 
1.23266 1.19529 1.21534 1.20907 1.15335 1.12756 1.15342 1.14293 1.09864 1.1236 1.10066 1.09192 1.06891 1.08118 1.06341 1.05562 1.05858 1.04176 1.04882 1.0398 1.03322 1.00084 0.997379 0.997604 0.995989 0.976517 0.978428 0.985842 0.973047 0.974865 0.973543 0.955816 0.966373 0.965808 0.966851 0.95811 0.96418 0.955741 0.959784 0.962103 0.962054 0.964639 0.963681 0.971297 0.96758 0.974509 0.977466 0.98389 0.987283 0.993973 1 1.00612 1.01409 1.02296 1.0314 1.03839 1.04755 1.05769 1.06538 1.07444 1.08347 1.0955 1.11499 1.12679 1.13273 1.15706 1.14946 1.17346 1.19547 1.19645 1.22633 1.2282 1.26484 1.29037 1.30998 1.32531 1.31002 1.33066 1.3688 1.38471 1.37723 1.42102 1.44509 1.44276 1.4695 1.48547 1.50461 1.52929 1.59102 1.58801 1.6177 1.62844 1.68353 1.70837 1.69759 1.73038 1.73035 1.78821 1.80657 1.8298 1.84301 
1.2359 1.22209 1.18658 1.18243 1.1993 1.15459 1.12284 1.13353 1.11673 1.12018 1.09648 1.07436 1.08998 1.08212 1.06624 1.07889 1.06924 1.03161 1.02308 1.03886 1.01968 0.992532 0.993576 1.01427 0.990162 1.0027 0.983721 0.986168 0.971926 0.959914 0.960258 0.973046 0.960701 0.960622 0.958334 0.959508 0.954077 0.963411 0.962781 0.957751 0.958726 0.962173 0.967431 0.967953 0.967476 0.972365 0.977534 0.984194 0.988381 0.993995 1 1.00643 1.01469 1.02154 1.03173 1.03831 1.04949 1.0565 1.06707 1.0745 1.08448 1.09947 1.10311 1.12586 1.14387 1.14749 1.16851 1.1882 1.18964 1.20745 1.21765 1.23898 1.25708 1.27642 1.29303 1.31272 1.32949 1.33086 1.37131 1.3827 1.41141 1.42349 1.43813 1.47242 1.46368 1.48423 1.51332 1.52418 1.56766 1.58793 1.5951 1.62409 1.67855 1.66991 1.69898 1.72583 1.74354 1.80626 1.80412 1.82859 1.83121 
1.20804 1.23044 1.21537 1.16232 1.19049 1.15899 1.16009 1.1507 1.11473 1.09883 1.11085 1.08699 1.09831 1.07164 1.05614 1.04961 1.05431 1.02112 1.03014 1.03437 1.01472 0.999316 0.986976 0.998006 0.996337 0.986355 0.983123 0.98027 0.975404 0.969058 0.967862 0.967165 0.962408 0.962964 0.959852 0.952586 0.959244 0.94884 0.949847 0.962916 0.966075 0.957175 0.966177 0.965249 0.97449 0.974006 0.980734 0.984322 0.98868 0.993416 1 1.0067 1.01325 1.02044 1.02737 1.03958 1.04956 1.05972 1.06764 1.07772 1.09161 1.09491 1.11165 1.12955 1.13514 1.15001 1.15541 1.17445 1.1789 1.21214 1.21304 1.22982 1.25725 1.27933 1.29786 1.30514 1.35495 1.34594 1.37045 1.39181 1.40325 1.43157 1.41901 1.45339 1.47806 1.5167 1.52257 1.5369 1.55919 1.60997 1.61803 1.61252 1.69452 1.70027 1.67411 1.74701 1.74779 1.79385 1.79583 1.82878 1.86128 
1.21932 1.19509 1.18409 1.16608 1.15285 1.17422 1.15027 1.12516 1.12035 1.12076 1.07123 1.07988 1.10598 1.09475 1.07202 1.04737 1.04475 1.01586 1.04175 1.02829 1.00468 1.00173 0.991638 0.99782 0.997403 0.99066 0.996662 0.977254 0.973156 0.972143 0.956117 0.969232 0.96551 0.958406 0.948946 0.952976 0.95657 0.954783 0.962072 0.957729 0.964395 0.965241 0.960389 0.967651 0.972171 0.973154 0.9764 0.982964 0.989851 0.993842 1 1.00654 1.0135 1.02019 1.02973 1.03808 1.04819 1.05405 1.06712 1.07637 1.08841 1.09403 1.11167 1.12996 1.13968 1.14787 1.16332 1.17948 1.18376 1.20685 1.22484 1.23287 1.25842 1.27581 1.28823 1.308 1.31162 1.35532 1.36593 1.38171 1.41 1.42543 1.43597 1.48396 1.47859 1.51205 1.53752 1.55222 1.57396 1.6047 1.60775 1.63862 1.66646 1.68889 1.74986 1.68608 1.74891 1.78712 1.81159 1.80111 1.84548 
1.17638 1.19786 1.16345 1.15864 1.18372 1.15362 1.14348 1.14005 1.12199 1.10716 1.0924 1.08281 1.06127 1.05219 1.0609 1.04017 1.0401 1.02266 1.01714 1.0403 1.01182 1.00892 0.990541 1.00559 0.979199 0.987665 0.982655 0.98672 0.978874 0.971397 0.951343 0.970647 0.952918 0.96973 0.956735 0.957858 0.953667 0.949696 0.955405 0.959766 0.959959 0.965356 0.961761 0.966578 0.968918 0.973101 0.977466 0.982736 0.987475 0.994296 1 1.00662 1.01431 1.0215 1.02932 1.0381 1.05114 1.05603 1.06937 1.08125 1.09082 1.10007 1.10939 1.1219 1.146 1.14614 1.17358 1.18716 1.20093 1.20559 1.23108 1.24374 1.25316 1.27612 1.30395 1.31672 1.31875 1.35797 1.37003 1.38984 1.40506 1.42892 1.42661 1.46358 1.47741 1.49276 1.55055 1.56037 1.57999 1.59514 1.61904 1.64124 1.66259 1.67529 1.70411 1.69814 1.77529 1.74883 1.78609 1.82538 1.84831 
