3.30697 3.72284 3.54174 3.89415 3.47447 3.37125 3.03449 3.27728 3.28739 3.06963 3.11475 2.72964 2.25239 3.1829 2.85923 2.921 2.52886 2.73033 2.60919 2.42105 2.14493 2.43979 2.25907 2.08307 2.22278 2.1319 2.10924 1.9712 1.95742 1.88741 1.75676 1.73969 1.39075 1.60267 1.55189 1.43453 1.45252 1.40256 1.3192 1.21834 1.24542 1.14121 1.14439 1.02778 1.10093 1.07252 1.04554 1.01835 0.995067 1.00231 1 1.00133 1.01012 1.02412 1.05504 1.05977 1.0909 1.12591 1.15847 1.18995 1.22793 1.24683 1.34652 1.4027 1.42598 1.43896 1.4962 1.58927 1.66118 1.69087 1.79802 1.80652 1.82237 1.92518 1.9846 2.06477 2.12542 2.26048 2.3678 2.40204 2.47963 2.47961 2.55872 2.55375 2.86933 2.66294 2.77579 2.72754 3.12993 2.89357 3.00902 3.09552 3.06992 3.15921 3.23589 3.28413 3.33565 3.56659 3.24225 3.53535 3.57317 
3.72663 3.57682 3.50692 3.82081 3.63081 3.61395 3.60184 3.25142 3.27284 3.03005 3.3733 2.92585 2.86269 2.90932 2.91946 2.53264 2.55509 2.33298 2.70035 2.67551 2.42154 2.26571 2.24652 2.2366 2.23773 2.09136 2.08179 2.04736 1.94366 1.86482 1.60452 1.68455 1.66337 1.58794 1.56765 1.4759 1.47624 1.35221 1.35981 1.27846 1.22848 1.2047 1.16713 1.12742 1.07927 1.07387 1.04239 1.02374 1.00917 1.00133 1 1.00294 1.00788 1.0186 1.03657 1.082 1.09366 1.12494 1.14618 1.19068 1.23564 1.29571 1.34137 1.37969 1.41617 1.46572 1.62554 1.5992 1.62946 1.67268 1.78103 1.79468 1.91034 1.93037 1.99694 2.06071 2.16303 2.35208 2.28385 2.26653 2.67676 2.49412 2.67147 2.43249 2.66531 2.63082 2.81924 2.72016 2.831 2.94098 3.03616 3.00983 3.23758 3.15636 3.3513 3.26288 3.21802 3.48193 3.40166 3.49075 3.47685 
3.49536 2.89303 3.58809 3.87856 3.5093 2.32228 3.60191 3.41917 3.35453 3.27943 2.6845 2.95161 3.01447 3.15048 2.34771 2.31582 2.80445 2.71814 2.81134 2.14181 2.27064 2.20789 2.40067 2.27767 2.23105 2.09852 2.03485 1.79245 1.47818 1.91678 1.77658 1.54732 1.71522 1.58044 1.55053 1.39681 1.16241 1.30533 1.34476 1.29691 1.19539 1.20797 1.06594 1.13119 1.10308 1.07795 1.04863 1.02406 1.01343 1.00241 1 1.00523 1.01125 1.01899 1.02866 1.08424 1.08052 1.11453 1.18876 1.18565 1.21801 1.26506 1.32499 1.4417 1.41198 1.49522 1.52602 1.5593 1.64063 1.70634 1.75417 1.85797 1.92803 1.98222 1.97709 2.05116 2.13223 2.26225 2.19274 2.37994 2.65194 2.53301 2.49136 2.81691 2.65843 2.62594 2.69983 2.95433 2.90226 2.98545 3.01931 3.04641 3.05471 3.24069 3.42914 3.30613 3.29337 3.31276 3.46757 3.46941 3.45177 
3.39198 3.2761 3.06113 3.33704 3.36239 3.57794 3.38064 3.42451 3.40155 2.49879 3.02954 3.30966 3.03773 2.97062 2.13588 3.03322 2.7185 2.84705 2.45392 2.39743 2.43703 2.06638 2.45109 2.26217 2.20209 2.04381 2.03699 1.60341 1.91432 1.89727 1.61795 1.72981 1.65458 1.39928 1.60823 1.42812 1.18544 1.40358 1.3 1.24992 1.13524 1.14045 1.1303 1.11676 1.07289 1.0671 1.04043 1.01765 0.9986 1.00306 1 1.00231 1.01362 1.02523 1.03267 1.05912 1.0944 1.10965 1.15424 1.20497 1.2163 1.26273 1.30183 1.39604 1.42323 1.52237 1.53464 1.56408 1.62987 1.66364 1.77176 1.82326 1.90952 2.04878 2.08021 2.26827 2.0941 2.10673 2.30104 2.326 2.49012 2.49141 2.52611 2.52588 2.68838 2.7172 2.78051 2.75997 2.80957 2.98779 2.89133 3.08013 3.08484 3.28564 3.14288 3.234 3.32848 3.50664 3.55174 3.48557 3.61293 
3.41073 3.71577 3.66366 3.07038 3.41201 2.8935 3.51201 3.23695 3.24631 3.21975 2.99538 2.45539 2.85287 2.94564 2.82027 2.61345 2.55362 2.32113 1.84835 2.36438 2.62996 2.4775 2.34287 2.25891 2.25123 2.15345 2.077 2.06898 1.91549 1.83495 1.81357 1.65738 1.6545 1.56361 1.58087 1.33519 1.46944 1.36727 1.36276 1.24347 1.25041 1.20039 1.11293 1.1067 1.02174 1.05073 1.01685 1.02846 1.0087 1.00214 1 1.00461 1.00751 1.03342 1.04144 1.07136 1.08239 1.11008 1.15281 1.19165 1.26845 1.32144 1.31498 1.36798 1.41869 1.50323 1.58341 1.56336 1.60197 1.69629 1.73721 1.78702 1.87456 1.95661 2.12848 2.04885 2.19447 2.23545 2.22922 2.29424 2.28678 2.48905 2.49883 2.65771 2.59111 2.72534 2.7916 2.76495 2.91211 2.92788 2.99541 3.18998 3.02822 3.16412 3.21618 3.36778 3.33725 3.43735 3.45608 3.54708 3.57167 
3.80072 3.4025 3.02802 3.58774 3.44147 3.32215 3.48476 3.55046 3.30199 3.05964 3.14332 3.0737 2.88783 2.896 3.03908 2.64515 2.83182 2.69675 2.56492 2.45651 2.45524 2.41115 1.88926 2.1103 2.21647 1.98827 2.03093 2.02242 1.94441 1.8171 1.80279 1.64609 1.60658 1.58566 1.57476 1.48327 1.36867 1.24342 1.28762 1.27589 1.18347 1.17827 1.09657 1.08402 1.08047 1.06516 1.01044 1.01798 1.00975 1.00146 1 1.00265 1.00958 1.01727 1.04919 1.07974 1.08479 1.11523 1.14135 1.17788 1.22656 1.26157 1.31803 1.38018 1.49162 1.42822 1.50818 1.59296 1.61753 1.66638 1.73554 1.87512 1.89389 1.91913 2.00323 2.12902 2.19278 2.2405 2.2569 2.33511 2.37744 2.49454 2.43339 2.68887 2.6186 2.74993 2.71321 2.72048 2.74221 3.08001 2.92043 3.0243 3.10517 3.23003 3.20838 3.39646 3.34367 3.28956 3.43199 3.5706 3.44772 
2.9922 3.44197 3.47034 3.08193 2.85059 3.25259 3.45411 3.43552 3.34448 3.37135 3.14725 3.0806 3.04757 2.33997 2.87734 2.81851 2.56061 2.34995 2.56942 2.49424 2.4791 2.45604 2.19654 2.01433 2.22898 2.09586 1.9674 2.05511 1.98843 1.68632 1.88779 1.74871 1.69601 1.51994 1.52447 1.54347 1.44338 1.38813 1.3365 1.24925 1.24813 1.1173 1.1659 1.09565 1.09031 1.06358 1.03493 1.01599 1.00507 1.00421 1 1.00384 1.00771 1.02601 1.043 1.07556 1.10654 1.11577 1.1589 1.18362 1.22347 1.28539 1.31237 1.35477 1.4096 1.45307 1.51311 1.56721 1.67469 1.71253 1.93365 1.82463 1.95972 1.90148 2.02318 2.04909 2.09314 2.22241 2.44549 2.32983 2.52434 2.42309 2.46759 2.53805 2.58758 2.55837 2.68838 2.76695 2.90548 2.93954 3.04476 3.06628 3.00574 3.06629 3.18758 3.26949 3.34009 3.5945 3.48155 3.31679 3.47704 
3.65527 3.12358 3.72822 2.95205 3.29314 3.17996 3.48916 3.36674 3.42795 3.22155 3.08061 2.86098 3.01193 2.91309 2.91338 2.37928 2.94335 2.70197 2.60356 2.58639 2.09049 2.04232 2.56831 2.16751 2.02857 2.12629 2.00705 1.94333 1.83681 1.70177 1.88574 1.39159 1.73624 1.57533 1.37056 1.45517 1.42992 1.3695 1.3096 1.08821 1.20601 1.22668 1.14722 1.12435 1.06991 1.07045 1.02539 1.00697 1.01 1.00224 1 1.00691 1.00708 1.02561 1.04005 1.05771 1.0746 1.11284 1.15569 1.19469 1.23133 1.27158 1.31883 1.37016 1.4337 1.47609 1.51603 1.55643 1.69038 1.68235 1.73847 1.78579 1.8991 1.97444 1.98984 2.12922 2.1473 2.20938 2.34784 2.39076 2.45997 2.39187 2.62903 2.54933 2.66768 2.77193 2.8596 2.91501 2.81721 2.975 3.11014 3.11918 3.0243 3.23288 3.19101 3.25314 3.37079 3.34359 3.57182 3.45375 3.45892 
3.49595 3.0648 3.37015 3.55442 3.34956 3.62745 3.56934 3.33871 3.07772 2.98463 3.0492 2.85239 3.02455 3.08838 2.70374 2.66819 2.56511 2.57057 2.53133 2.55316 2.42606 2.44674 2.09603 2.23682 2.05275 2.23245 1.95958 2.01124 1.55115 1.78732 1.7623 1.72317 1.65808 1.61519 1.48153 1.48237 1.37458 1.2843 1.32961 1.26598 1.23837 1.19213 1.08906 1.09902 1.088 1.05187 1.04415 1.00621 0.9948 1.00137 1 1.00366 1.00888 1.01327 1.04463 1.06716 1.08362 1.12089 1.14456 1.19636 1.22545 1.27411 1.31216 1.35993 1.40518 1.46255 1.54015 1.59079 1.64703 1.68201 1.76261 1.7844 1.86592 1.96186 2.07801 2.2274 2.10312 2.35917 2.37939 2.36485 2.62729 2.61302 2.42397 2.52678 2.7176 2.77533 2.85138 2.94658 2.8942 2.94003 2.87245 2.9532 2.9737 3.22336 3.13234 3.21658 3.39751 3.32935 3.43299 3.5064 3.50964 
2.9737 3.6968 3.55047 3.74125 3.57757 3.36761 3.53158 3.23544 3.32967 3.16613 3.20611 3.04415 3.1562 2.83827 2.70042 2.67325 2.51454 2.53368 2.65939 2.2262 2.38919 2.09138 2.27724 2.11853 2.04782 1.93776 2.14134 1.98034 1.91764 1.86529 1.78107 1.64628 1.66971 1.57289 1.41576 1.41282 1.32656 1.38635 1.2173 1.27576 1.25003 1.1742 1.09203 1.10515 1.0895 1.06375 1.03582 1.02873 1.0097 0.999847 1 1.00302 1.011 1.02419 1.03614 1.05853 1.10273 1.12601 1.14999 1.18779 1.23726 1.25287 1.29927 1.35342 1.42059 1.51541 1.5751 1.61584 1.65295 1.78273 1.74134 1.85605 1.91894 1.93797 2.06721 2.09712 2.15106 2.25755 2.31678 2.46782 2.50621 2.48869 2.52384 2.58273 2.68799 2.72323 2.81832 2.83588 2.82853 2.97229 2.98168 2.97932 3.02137 3.23834 3.25362 3.33115 3.41449 3.32623 3.448 3.54003 3.64388 
3.46005 3.83852 3.36543 3.16543 3.17985 3.00657 3.09073 3.19883 3.43273 3.20802 3.22015 3.1143 3.09006 2.60339 2.86193 2.70447 2.63529 2.49303 2.28043 2.38219 2.45559 2.39519 2.31017 2.25305 1.84749 2.16996 1.94867 1.99866 1.83565 1.97581 1.74203 1.55884 1.58994 1.65102 1.51699 1.40064 1.39365 1.35077 1.31654 1.24121 1.21466 1.12383 1.11511 1.0975 1.04622 1.06772 1.04109 1.0047 1.01035 0.999998 1 1.00394 1.01079 1.0329 1.03434 1.061 1.08804 1.13261 1.14551 1.19895 1.2492 1.2592 1.33841 1.37973 1.41239 1.50255 1.55944 1.58909 1.66223 1.65191 1.75586 1.79493 1.85146 1.93726 1.98859 2.03734 2.17366 2.30268 2.40348 2.39368 2.36793 2.44961 2.46985 2.71535 2.53072 2.72678 2.80937 2.88683 2.91561 2.89457 3.04094 3.04457 3.16679 3.12667 3.24413 3.30482 3.28519 3.4758 3.3919 3.51789 3.56989 
3.42924 3.58686 3.65246 3.05816 3.51542 3.12076 3.26437 3.07097 3.08937 3.19126 3.13875 2.59242 3.08439 2.82455 2.70968 2.9092 2.40084 2.69183 2.46729 2.43197 2.44851 2.28908 2.2547 2.18738 2.02743 2.15962 2.00164 1.83568 1.86156 1.82737 1.72219 1.59892 1.55001 1.50909 1.33435 1.43444 1.44776 1.30973 1.29086 1.26593 1.18109 1.21836 1.16098 1.12311 1.08698 1.04254 1.03506 1.01622 1.00653 1.00203 1 1.00787 1.01332 1.02787 1.0511 1.06678 1.09302 1.12613 1.15344 1.21185 1.24824 1.2505 1.34425 1.36866 1.42948 1.44554 1.5433 1.58453 1.64053 1.68009 1.7328 1.76046 1.88664 1.95179 1.97327 2.10905 2.10649 2.19156 2.33863 2.3465 2.33413 2.50527 2.53311 2.56069 2.75683 2.69311 2.73141 2.95598 3.04873 2.93891 3.04906 3.10288 3.04762 3.24928 3.23684 3.31033 3.35772 3.49689 3.40614 3.56703 3.45951 
3.45844 3.60477 3.64225 3.37125 3.02266 3.28557 3.43854 3.33404 3.29209 3.1909 2.7758 2.91935 3.0161 2.66699 2.86396 2.74751 2.6583 2.48729 2.54871 1.91443 2.30013 2.25584 2.32489 2.11796 2.05258 2.00573 2.02665 1.88551 1.54504 1.75223 1.6661 1.68539 1.63939 1.52699 1.46509 1.43965 1.48662 1.38005 1.27111 1.24745 1.21061 1.09108 1.12814 1.11451 1.08476 1.05199 1.04382 1.01811 1.00704 0.999203 1 1.00145 1.02135 1.01988 1.04093 1.0699 1.08918 1.11808 1.16091 1.20742 1.21933 1.25239 1.33463 1.35606 1.422 1.45555 1.53835 1.606 1.67124 1.76468 1.80046 1.81513 1.95365 1.96726 2.02698 2.08763 2.17172 2.15091 2.26762 2.43004 2.41137 2.49183 2.45358 2.63715 2.71067 2.77452 2.8893 2.83311 2.90492 3.02998 2.98667 3.04202 3.16126 3.07184 3.23457 3.23405 3.29427 3.37799 3.44835 3.53132 3.4618 
3.73654 3.5821 3.59553 3.55986 3.37666 3.50595 3.35176 3.20527 3.24831 2.95952 3.26129 2.96077 3.0504 2.91618 2.92987 2.73918 2.58094 2.52467 2.33322 2.71541 2.42528 2.14396 2.28065 2.21825 2.16708 2.10728 2.09029 1.93813 1.60402 1.58861 1.73511 1.56407 1.53362 1.55926 1.43698 1.42278 1.44873 1.37314 1.33018 1.16428 1.21932 1.14746 1.13073 1.11008 1.05985 1.04222 1.0348 1.01966 1.00487 1.00216 1 1.00496 1.01143 1.03398 1.04297 1.06069 1.08917 1.12539 1.14723 1.17897 1.20427 1.28414 1.31039 1.34997 1.43694 1.47342 1.56458 1.60578 1.61781 1.75424 1.80257 1.79607 1.88182 1.93575 2.04801 2.10871 2.25769 2.2709 2.2948 2.40354 2.45728 2.56523 2.59844 2.65154 2.66277 2.66029 2.65877 2.89578 2.91012 2.99249 3.00872 3.17541 3.06523 3.21504 3.27785 3.34517 3.37217 3.3834 3.49471 3.49286 3.52924 
3.32947 3.57619 2.93988 3.60592 3.23121 3.25707 3.35296 3.41414 3.1583 3.26858 2.99234 2.81035 2.86556 2.86142 2.93887 2.84434 2.62695 2.40596 2.48639 2.48192 2.28476 2.18351 2.31723 2.11928 2.18384 2.10515 1.90987 1.94919 1.74962 1.64941 1.68504 1.65923 1.70049 1.44448 1.51214 1.46099 1.37778 1.31928 1.28568 1.22501 1.17677 1.17556 1.16205 1.11573 1.08435 1.0526 1.042 1.01487 1.00592 1.00254 1 1.00462 1.01408 1.02869 1.04617 1.08125 1.08799 1.12143 1.14886 1.17659 1.22013 1.28111 1.31408 1.37028 1.4417 1.49819 1.51058 1.59996 1.61688 1.74578 1.75593 1.84819 1.90261 1.93156 1.97979 2.12067 2.2293 2.21776 2.28236 2.44665 2.46738 2.4392 2.59446 2.59552 2.66793 2.66881 2.7905 2.77549 2.8555 2.97961 3.03237 3.04395 3.07525 3.20207 3.19461 3.32092 3.40732 3.37746 3.35533 3.42633 3.57473 
3.29495 3.45727 3.63435 3.37588 3.59253 3.4022 3.51596 3.05605 3.27892 2.97803 2.91564 3.07966 3.03239 2.97058 3.03566 2.5446 2.61643 2.56025 2.57979 2.45864 2.4927 2.31368 2.31304 2.21655 2.00333 2.14169 1.95211 1.83519 1.84527 1.89574 1.64918 1.64347 1.64894 1.53872 1.54212 1.40672 1.36655 1.375 1.29443 1.2806 1.19271 1.14504 1.14031 1.12613 1.07479 1.07351 1.03357 1.01723 1.00326 0.999791 1 1.00448 1.01326 1.02809 1.05046 1.07073 1.11139 1.12758 1.16527 1.19144 1.23558 1.27902 1.30959 1.38377 1.4227 1.43881 1.54685 1.58539 1.61267 1.76343 1.72768 1.82843 1.90296 1.94524 2.06725 2.13698 2.15841 2.22078 2.33168 2.29528 2.41552 2.51328 2.56978 2.53505 2.73986 2.74656 2.75199 2.75606 2.96014 2.95721 3.09231 3.08017 3.09706 3.11156 3.27057 3.29813 3.32227 3.43651 3.50992 3.47999 3.49886 
3.54536 3.40578 3.19675 3.37034 3.56757 3.07918 3.43569 3.12935 3.12315 3.04338 2.91705 3.0332 2.94526 2.77994 2.78869 2.85396 2.57885 2.417 2.34195 2.29369 2.33081 2.276 2.15549 2.12256 2.15754 2.04285 1.9646 1.95905 1.84057 1.82258 1.73904 1.59715 1.60216 1.55558 1.53958 1.41414 1.36731 1.31211 1.3216 1.26827 1.25306 1.15927 1.13299 1.11291 1.08606 1.04177 1.03116 1.00936 1.00453 1.00192 1 1.00143 1.00909 1.02603 1.03606 1.0607 1.08726 1.12645 1.16875 1.1855 1.26038 1.29233 1.34208 1.38114 1.45257 1.46826 1.52088 1.58942 1.6061 1.66755 1.77161 1.8204 1.88016 1.90773 2.02345 2.05106 2.2293 2.25838 2.32321 2.3871 2.4273 2.49002 2.51618 2.5257 2.56019 2.72165 2.75038 2.82435 3.03002 2.91009 2.99018 3.03135 3.07369 3.13701 3.15303 3.26259 3.31263 3.45319 3.47447 3.41215 3.587 
3.6057 3.55439 3.07793 3.16842 3.55451 3.12081 3.17383 3.03741 3.21187 3.08009 2.85106 2.92443 3.12358 2.6311 2.7203 2.56035 2.55647 2.63239 2.39295 2.43207 2.32961 2.25353 2.28353 2.2281 2.15856 2.03573 1.9756 1.85299 1.90771 1.74774 1.74228 1.69442 1.64647 1.5418 1.38756 1.48641 1.42135 1.34422 1.30421 1.23617 1.22781 1.144 1.14416 1.10148 1.08379 1.03296 1.02843 1.01039 1.00799 0.999805 1 1.00244 1.00652 1.03045 1.03751 1.06537 1.09147 1.12232 1.16736 1.1808 1.25658 1.26459 1.31146 1.38489 1.42253 1.46431 1.52726 1.58512 1.62598 1.7064 1.77335 1.85462 1.96423 1.97899 2.05258 2.06395 2.16924 2.20482 2.32725 2.3449 2.4105 2.52389 2.57284 2.54074 2.68939 2.70485 2.74652 2.81684 2.84899 2.95087 2.99096 3.10101 3.10132 3.14834 3.21292 3.26537 3.28424 3.36561 3.45497 3.57858 3.61582 
3.59294 3.43673 3.1569 3.51002 3.47094 3.15107 3.24607 3.19046 3.14352 3.09978 2.9776 2.9612 2.87157 2.52435 2.88878 2.66248 2.67939 2.61212 2.4476 2.46589 2.33908 2.20574 2.07506 2.18858 2.07754 2.14006 1.79619 1.95534 1.79761 1.74805 1.81526 1.65017 1.58605 1.5163 1.51775 1.44342 1.40717 1.34327 1.35788 1.25552 1.16615 1.14021 1.12791 1.09167 1.09076 1.05461 1.04056 1.01546 1.01318 1.00033 1 1.00475 1.00929 1.02511 1.04047 1.05885 1.09457 1.11146 1.14934 1.20694 1.22761 1.28951 1.34017 1.35324 1.41739 1.47329 1.50349 1.61127 1.68378 1.76352 1.78609 1.78149 1.91053 1.96345 2.01686 2.08272 2.11132 2.18253 2.2457 2.39346 2.50475 2.51095 2.50961 2.52027 2.57901 2.70465 2.74919 2.88541 2.82452 3.04704 3.0379 3.01185 3.16915 3.18779 3.19535 3.27567 3.31932 3.46039 3.49608 3.4657 3.5672 
3.09914 3.64347 3.35592 3.04523 3.36576 3.26933 3.20072 3.22962 3.05398 2.92807 3.04061 3.02612 2.85706 2.73002 2.80764 2.78755 2.78751 2.59518 2.59649 2.40231 2.36392 2.27749 2.18398 2.00711 2.15062 2.08514 1.96408 1.92391 1.85647 1.7742 1.68782 1.5779 1.59765 1.6006 1.51705 1.47515 1.40893 1.35502 1.34022 1.2528 1.19218 1.19472 1.12248 1.10607 1.06097 1.05662 1.03314 1.01646 1.00922 1.00406 1 1.00326 1.01487 1.02417 1.0507 1.07922 1.09913 1.12859 1.14276 1.1911 1.2308 1.28044 1.30872 1.40168 1.39597 1.45734 1.54269 1.54672 1.60205 1.74403 1.79048 1.77014 1.87683 1.96473 1.98001 2.07487 2.21358 2.18999 2.31494 2.39592 2.39756 2.44599 2.54723 2.60474 2.68797 2.71594 2.7894 2.81621 2.94832 2.95735 3.0033 3.00107 3.15314 3.17071 3.29227 3.33218 3.25461 3.345 3.40149 3.49432 3.5498 
3.39993 3.39292 3.50368 3.39139 3.30828 3.31898 3.30149 3.23835 3.10008 3.13027 2.99741 3.00149 2.94272 2.89704 2.9541 2.75221 2.65783 2.58833 2.44152 2.51971 2.40401 2.29873 2.24696 2.21829 1.99254 1.97653 2.06797 1.84694 1.82915 1.67247 1.80118 1.674 1.64735 1.53882 1.50583 1.4584 1.40202 1.29079 1.31645 1.25607 1.15416 1.18566 1.13582 1.10125 1.10022 1.05765 1.01616 1.02484 1.00955 1.00017 1 1.00545 1.01541 1.02174 1.04214 1.06378 1.09351 1.12734 1.14693 1.17646 1.24769 1.25683 1.28726 1.3616 1.42003 1.48233 1.57185 1.59437 1.62226 1.75777 1.76173 1.83155 1.82575 1.99589 2.0214 2.09726 2.15454 2.2156 2.28392 2.35286 2.46229 2.46533 2.54916 2.57238 2.68382 2.65432 2.74313 2.92025 2.93358 2.93153 3.20209 3.0619 3.21949 3.17444 3.24232 3.28798 3.24889 3.43079 3.42905 3.44348 3.49799 
3.52199 3.53286 3.25478 3.40986 3.43284 3.42552 3.2576 3.17445 3.1822 2.86238 3.11824 2.89836 2.88398 2.88124 2.81159 2.89533 2.66385 2.60873 2.44349 2.39801 2.42464 2.35777 2.21913 2.16084 2.12483 2.00377 2.039 1.95182 1.90591 1.79687 1.7673 1.70046 1.63001 1.59527 1.46041 1.45369 1.3591 1.37343 1.29098 1.27349 1.23329 1.18924 1.12864 1.10557 1.07464 1.05508 1.04059 1.01448 1.00781 0.999474 1 1.00581 1.00877 1.02645 1.03877 1.05435 1.07924 1.11626 1.14765 1.20791 1.2532 1.25657 1.30986 1.35285 1.47004 1.51762 1.56736 1.55619 1.62701 1.75784 1.78617 1.85152 1.87848 2.00946 1.99097 2.09317 2.1096 2.23396 2.34241 2.33818 2.36758 2.44978 2.54744 2.5624 2.72331 2.69731 2.86069 2.91235 2.87287 2.97647 3.06197 3.08781 3.19226 3.17616 3.24394 3.29885 3.35561 3.41795 3.46781 3.53775 3.50428 
3.55939 3.54067 3.44452 3.23618 3.42174 3.31846 3.2309 3.04766 2.98036 3.10156 2.97335 3.00802 2.97333 2.85 2.85142 2.78871 2.60274 2.28999 2.52441 2.4565 2.3725 2.33873 2.20694 2.09782 2.21253 2.09573 1.97587 1.96103 1.87796 1.83163 1.65318 1.69586 1.61644 1.60139 1.56917 1.40835 1.42715 1.38002 1.3197 1.28018 1.23295 1.15971 1.13106 1.11496 1.09193 1.05187 1.02512 1.01365 1.00733 1.00181 1 1.00344 1.01184 1.02273 1.0478 1.0608 1.09305 1.09831 1.16751 1.20332 1.23461 1.2685 1.28482 1.37098 1.39833 1.48637 1.5326 1.59309 1.66383 1.78062 1.76547 1.89498 1.90071 1.94946 2.00911 2.0662 2.11165 2.22579 2.36552 2.36864 2.42595 2.43783 2.52478 2.59982 2.58831 2.76258 2.73287 2.90437 2.89459 2.98529 2.98963 3.02682 3.12751 3.22748 3.23026 3.28481 3.34252 3.42966 3.42997 3.53317 3.57226 
3.54784 3.47639 3.24862 3.40099 3.46999 3.34335 3.23669 3.25867 3.07724 3.0151 2.98484 2.91386 2.91267 2.84342 2.77466 2.60455 2.65113 2.57972 2.46101 2.51694 2.33237 2.32791 2.2704 2.0908 2.20707 2.01016 1.96914 1.97305 1.7772 1.83718 1.76457 1.71237 1.57982 1.56724 1.4265 1.46384 1.40094 1.37934 1.29547 1.23379 1.17944 1.16562 1.11963 1.08683 1.08079 1.05592 1.03009 1.01586 1.00559 1.00089 1 1.00182 1.01137 1.02448 1.04889 1.06851 1.08108 1.1295 1.16112 1.18288 1.26256 1.27364 1.31993 1.40609 1.42976 1.46813 1.54561 1.5673 1.65478 1.71489 1.80691 1.81206 1.87041 1.93292 2.04243 2.11086 2.14083 2.23529 2.31273 2.37164 2.43949 2.46231 2.44717 2.65099 2.62319 2.78869 2.73168 2.8479 2.93033 3.03582 3.04946 3.11594 3.10811 3.13606 3.16845 3.3624 3.41233 3.37055 3.46861 3.43127 3.54233 
3.57501 3.48122 3.31866 3.41156 3.13159 3.55773 3.27376 3.17491 3.17543 3.17244 2.85906 2.98175 2.77794 2.68004 2.71802 2.52184 2.66553 2.54918 2.4313 2.48333 2.26589 2.33838 2.27729 2.25177 2.06252 2.12475 1.96775 1.90929 1.77643 1.89349 1.74172 1.70987 1.6361 1.61028 1.50334 1.43458 1.3983 1.35379 1.3027 1.28131 1.203 1.17567 1.14448 1.11521 1.07292 1.05711 1.0441 1.01814 1.00748 1.00147 1 1.00284 1.00922 1.01862 1.04165 1.05343 1.09504 1.11574 1.1473 1.19082 1.22057 1.28324 1.33532 1.36278 1.4493 1.49933 1.49324 1.55336 1.6645 1.74099 1.74359 1.81475 1.92898 2.00392 2.02653 2.06607 2.17361 2.21702 2.29199 2.36759 2.42838 2.4412 2.42646 2.68305 2.62707 2.71253 2.73594 2.86802 2.85455 2.88751 3.05411 3.11316 3.13811 3.12317 3.20422 3.30588 3.37508 3.36657 3.40476 3.42264 3.61074 
3.50355 3.37924 3.40305 3.32864 3.22199 3.31163 3.23657 3.2351 3.00979 3.0324 3.14865 3.07488 2.94699 2.83693 2.73006 2.61535 2.55324 2.52004 2.49741 2.43958 2.38253 2.30023 2.28248 2.15024 2.07075 2.06586 2.0377 1.93883 1.84848 1.89504 1.7454 1.67635 1.59279 1.55008 1.47987 1.4905 1.39987 1.34494 1.27265 1.26248 1.21308 1.17039 1.16203 1.12241 1.07621 1.05114 1.03685 1.01338 1.00554 1.00034 1 1.00285 1.0128 1.02147 1.03933 1.06737 1.08005 1.10463 1.14656 1.1924 1.21801 1.301 1.32325 1.37244 1.41264 1.49216 1.49462 1.62231 1.67571 1.73688 1.77179 1.82719 1.89015 1.96683 2.02606 2.0871 2.17729 2.23822 2.30012 2.39019 2.41305 2.48114 2.59681 2.66961 2.67373 2.79902 2.75352 2.9384 2.85664 2.88171 2.98191 3.04479 3.09546 3.10911 3.23384 3.29002 3.37156 3.42624 3.43657 3.44513 3.47807 
3.67309 3.38954 3.23971 3.31713 3.41011 3.1813 3.30713 3.08654 3.06502 3.01819 2.99316 2.83384 2.84944 2.89629 2.90526 2.62383 2.71614 2.51931 2.52981 2.39929 2.41166 2.27101 2.28156 2.1908 2.12497 2.02608 1.93849 1.98412 1.9624 1.83946 1.72451 1.66585 1.60456 1.552 1.51853 1.52242 1.37502 1.37947 1.2833 1.22187 1.1937 1.16384 1.13905 1.10224 1.07486 1.04858 1.03114 1.01807 1.00852 1.00214 1 1.00373 1.01418 1.02572 1.04348 1.0717 1.07807 1.11603 1.13845 1.18124 1.24682 1.26684 1.33444 1.36486 1.43305 1.48189 1.56263 1.56772 1.67747 1.69259 1.77025 1.84275 1.92966 1.94774 2.0268 2.093 2.14752 2.23056 2.26889 2.38017 2.42457 2.47968 2.49257 2.63517 2.70582 2.74405 2.75103 2.86777 2.87154 2.90652 3.00961 2.9697 3.11879 3.19464 3.1191 3.29577 3.30649 3.33537 3.37522 3.42858 3.60374 
3.46195 3.52737 3.36135 3.42488 3.2968 3.34268 3.25846 3.14822 3.27918 3.24078 3.07469 3.04528 2.90153 2.7958 2.73046 2.77788 2.55811 2.58349 2.51485 2.4546 2.36859 2.31923 2.2379 2.14054 2.09889 1.9812 1.96503 1.85578 1.82263 1.77637 1.7387 1.64799 1.62702 1.59352 1.53247 1.47489 1.38624 1.34911 1.27354 1.22112 1.22661 1.19579 1.1473 1.1149 1.07884 1.04578 1.03739 1.01902 1.00652 1.00098 1 1.00257 1.01155 1.02379 1.03953 1.06379 1.09545 1.13372 1.15712 1.1817 1.22761 1.29687 1.29473 1.37471 1.40868 1.49512 1.53091 1.61046 1.65628 1.73499 1.77827 1.89374 1.87104 1.94555 2.03083 2.10388 2.16092 2.26592 2.21935 2.36469 2.41974 2.41301 2.49185 2.58559 2.70036 2.79153 2.81476 2.83254 2.86659 2.94875 3.0137 3.15094 3.1259 3.12392 3.23894 3.20078 3.33955 3.26196 3.41713 3.48022 3.55538 
3.53286 3.54216 3.52969 3.45394 3.3727 3.35413 3.22562 3.06247 3.12605 3.06725 2.95509 2.95112 2.90858 2.88696 2.79704 2.69174 2.73148 2.58036 2.54061 2.39758 2.45652 2.33226 2.2611 2.14337 2.11364 2.00757 2.06563 1.93389 1.88289 1.85752 1.79038 1.62322 1.57156 1.55919 1.5165 1.47156 1.39821 1.36114 1.32395 1.23246 1.23432 1.1625 1.14592 1.09651 1.07877 1.05705 1.03335 1.02223 1.00842 1.00215 1 1.00487 1.00802 1.02391 1.04402 1.06813 1.07739 1.13103 1.16162 1.2114 1.2316 1.27964 1.32903 1.36271 1.4185 1.46577 1.55929 1.57824 1.6436 1.71199 1.76374 1.79824 1.94828 1.94649 2.04571 2.10871 2.12087 2.24667 2.28197 2.35534 2.43378 2.42564 2.55401 2.63545 2.73083 2.70996 2.78464 2.84657 2.92332 2.96718 2.95164 3.04684 3.04708 3.20571 3.1651 3.23891 3.30436 3.40041 3.40751 3.44978 3.45293 
3.40732 3.3869 3.39083 3.49419 3.40224 3.23944 3.23494 3.21267 3.09074 2.95886 3.13854 2.956 2.862 2.84675 2.79221 2.67281 2.65243 2.61881 2.47386 2.3908 2.31328 2.24195 2.24714 2.10099 2.07303 2.09476 2.02277 1.9386 1.90633 1.76624 1.74893 1.63525 1.61112 1.53457 1.55158 1.4472 1.38159 1.35491 1.31164 1.23827 1.1902 1.17505 1.13698 1.08977 1.07495 1.05419 1.03973 1.01415 1.01165 1.00154 1 1.00321 1.01118 1.01702 1.04295 1.05833 1.09358 1.11961 1.13313 1.18212 1.22581 1.29638 1.30683 1.38961 1.41477 1.50396 1.53154 1.59123 1.62791 1.70102 1.77187 1.8556 1.88876 1.94086 2.00086 2.04831 2.17077 2.24065 2.2853 2.38708 2.3634 2.50615 2.59812 2.5661 2.69965 2.73272 2.80184 2.80525 2.91858 2.90636 3.05516 3.07562 3.07696 3.09728 3.2383 3.30808 3.38125 3.39739 3.48802 3.48012 3.42204 
3.63828 3.53304 3.39608 3.25345 3.39572 3.28637 3.26309 3.05487 3.15681 3.10552 3.05699 2.922 2.90474 2.75509 2.70124 2.72601 2.64818 2.52609 2.46498 2.40684 2.39269 2.41848 2.29354 2.11461 2.14939 2.00778 2.05808 1.93962 1.88436 1.82503 1.69427 1.67284 1.62555 1.51554 1.52992 1.42835 1.42991 1.32195 1.29559 1.22172 1.23327 1.17621 1.14683 1.1137 1.07902 1.04667 1.03064 1.02096 1.00432 0.999538 1 1.00159 1.01222 1.02398 1.04094 1.06261 1.0923 1.11537 1.15266 1.20468 1.2384 1.27009 1.3176 1.34951 1.40211 1.46639 1.50452 1.6102 1.64635 1.70944 1.76738 1.85275 1.89216 1.98049 2.02573 2.10303 2.16948 2.31473 2.33808 2.35934 2.39023 2.45927 2.53006 2.6001 2.56953 2.68267 2.7071 2.79565 2.84455 2.94236 2.99302 3.06143 3.09015 3.13175 3.10632 3.19096 3.36288 3.41733 3.44457 3.51469 3.50148 
3.61458 3.41539 3.43884 3.48472 3.45629 3.28196 3.19011 3.20454 3.11266 2.98344 2.98225 3.01532 2.95212 2.90967 2.6904 2.69762 2.64385 2.61208 2.52163 2.46308 2.38974 2.28508 2.13422 2.15524 2.14667 2.00033 1.95394 1.96581 1.85916 1.83139 1.68796 1.67471 1.67497 1.61591 1.53154 1.44377 1.3655 1.36077 1.33339 1.25131 1.22084 1.14574 1.13796 1.09116 1.0879 1.04992 1.02734 1.02226 1.00581 1.00396 1 1.00276 1.00811 1.02476 1.03787 1.05784 1.08571 1.11654 1.14561 1.19701 1.226 1.25788 1.31906 1.33548 1.40985 1.47273 1.53795 1.55642 1.61639 1.64488 1.74605 1.81002 1.91512 1.94244 2.01288 2.08732 2.21573 2.24076 2.30516 2.34713 2.41447 2.46223 2.58209 2.62526 2.63413 2.71032 2.78179 2.87698 2.87017 2.96208 3.00855 3.07545 3.15613 3.20651 3.20085 3.28052 3.38151 3.41679 3.3916 3.52581 3.59427 
3.60046 3.53998 3.37655 3.2817 3.36466 3.27724 3.21412 3.25572 3.13799 3.05736 3.06135 2.93158 2.79442 2.92061 2.76251 2.64501 2.64224 2.5922 2.44656 2.41701 2.43099 2.37768 2.23273 2.09064 2.07297 2.05652 1.98342 1.8413 1.92848 1.8315 1.80253 1.67982 1.62717 1.57736 1.50921 1.44041 1.40076 1.35341 1.30203 1.23564 1.23061 1.15771 1.14264 1.09329 1.08572 1.05055 1.03571 1.02163 1.00359 1.00006 1 1.00199 1.00482 1.0279 1.03573 1.06424 1.07715 1.12345 1.15907 1.19342 1.24875 1.27089 1.32084 1.39386 1.4261 1.48041 1.52046 1.59682 1.62141 1.73474 1.82045 1.84813 1.90664 2.01107 2.01449 2.09995 2.11812 2.2039 2.3219 2.38535 2.40129 2.52814 2.58994 2.61848 2.67021 2.69353 2.68246 2.82741 2.89545 2.83965 2.99315 3.07943 3.13593 3.13774 3.20653 3.31987 3.35215 3.42333 3.47705 3.49741 3.54657 
3.57662 3.62954 3.48152 3.3737 3.27814 3.18802 3.25961 3.17287 3.14067 3.10182 2.98154 2.89295 2.88331 2.89216 2.72954 2.69354 2.75841 2.68597 2.55921 2.44721 2.42766 2.27236 2.31351 2.19462 2.06309 2.10388 1.93046 1.89167 1.88792 1.8138 1.81355 1.71726 1.65589 1.5735 1.53879 1.4239 1.39065 1.37734 1.31934 1.24989 1.21847 1.18249 1.14327 1.10965 1.08707 1.0602 1.03475 1.0085 1.00942 1.00316 1 1.00148 1.01311 1.02549 1.0372 1.06027 1.08389 1.13126 1.15164 1.18147 1.26132 1.27217 1.32918 1.36244 1.40346 1.49043 1.55682 1.56884 1.66448 1.69113 1.77012 1.80659 1.93433 2.01044 2.00267 2.0474 2.14779 2.26973 2.30763 2.35342 2.44163 2.49617 2.51184 2.60609 2.67275 2.66672 2.79048 2.80256 2.87976 2.92143 3.04215 3.06604 3.16195 3.15318 3.2355 3.22151 3.38449 3.42776 3.47665 3.53219 3.53057 
3.44928 3.51227 3.53357 3.41957 3.34686 3.35701 3.20169 3.31804 3.05834 3.11581 3.08919 3.00201 2.84019 2.86976 2.64571 2.69217 2.6125 2.56894 2.49265 2.47435 2.43878 2.38165 2.27436 2.08301 2.09451 2.11151 2.01404 1.96517 1.87052 1.75768 1.71999 1.69194 1.67329 1.58574 1.50652 1.46513 1.43291 1.34376 1.28581 1.247 1.20943 1.18465 1.148 1.0868 1.06861 1.05694 1.04167 1.01891 1.00927 1.00259 1 1.00495 1.01219 1.02633 1.04776 1.06101 1.09845 1.11204 1.15351 1.18772 1.23517 1.29198 1.30618 1.37483 1.40789 1.51067 1.56947 1.57429 1.64787 1.74053 1.72099 1.84323 1.88439 1.97015 2.07941 2.13858 2.15984 2.21599 2.28987 2.36153 2.45944 2.48082 2.55692 2.56474 2.65367 2.75865 2.78047 2.80872 2.82119 2.943 3.07615 3.07191 3.12512 3.20935 3.16885 3.31515 3.34505 3.40308 3.36143 3.51376 3.57032 
3.53903 3.42874 3.50461 3.52008 3.30845 3.35163 3.30954 3.25817 3.16549 3.06952 2.97993 2.94786 2.89211 2.81811 2.77689 2.74139 2.6746 2.63648 2.50785 2.44253 2.39457 2.42407 2.3218 2.21525 2.08583 2.06848 2.0197 1.88839 1.81987 1.88037 1.74969 1.67603 1.63609 1.59195 1.55038 1.42842 1.39436 1.39217 1.29341 1.2648 1.23381 1.17183 1.13521 1.11668 1.07673 1.05545 1.03885 1.02218 1.00768 1.00108 1 1.0033 1.00848 1.01989 1.03862 1.06219 1.10049 1.10918 1.14879 1.18452 1.23012 1.27607 1.31283 1.36846 1.44131 1.48024 1.51779 1.61734 1.63261 1.6818 1.74166 1.82246 1.92158 1.89783 1.99003 2.03889 2.22532 2.26388 2.25204 2.34799 2.43296 2.50053 2.55542 2.53301 2.63356 2.77714 2.80382 2.91514 2.8798 3.00342 2.98948 3.04556 3.11319 3.18355 3.18914 3.27254 3.3401 3.44221 3.47066 3.54982 3.49379 
3.56018 3.52296 3.5128 3.39578 3.39547 3.391 3.26185 3.24314 3.182 3.06686 3.01384 3.06608 2.87727 2.89542 2.72933 2.80266 2.62213 2.54274 2.45919 2.43354 2.3897 2.3302 2.26676 2.18098 2.12228 2.03856 1.94209 1.93497 1.8199 1.80613 1.71668 1.67811 1.60379 1.57676 1.46884 1.4699 1.43291 1.34193 1.29807 1.26317 1.22446 1.16547 1.14819 1.10468 1.07818 1.05809 1.03423 1.02385 1.00615 1.00203 1 1.00251 1.0117 1.01692 1.03906 1.06551 1.0961 1.11411 1.15014 1.18529 1.21355 1.24561 1.32677 1.37149 1.42025 1.44113 1.53216 1.59094 1.67609 1.70455 1.76731 1.85075 1.85648 1.98073 2.07371 2.07591 2.16643 2.19737 2.26876 2.35527 2.40087 2.48657 2.59049 2.51516 2.61722 2.68433 2.71955 2.90899 2.87934 2.88508 2.99851 3.14225 3.11395 3.16537 3.24638 3.2129 3.28109 3.43104 3.41076 3.5837 3.55291 
3.53054 3.56542 3.46054 3.38198 3.38656 3.34198 3.41886 3.2603 3.12344 3.06864 3.10237 2.96296 2.89567 2.89131 2.83896 2.76101 2.70999 2.59774 2.59163 2.48161 2.42112 2.37565 2.28933 2.16236 2.16475 2.06034 1.95618 1.94955 1.89417 1.81171 1.73759 1.736 1.60108 1.59921 1.53067 1.43344 1.40968 1.35658 1.31415 1.24759 1.21189 1.18056 1.14371 1.10758 1.06462 1.05608 1.0241 1.02268 1.01097 1.00199 1 1.00334 1.01288 1.02606 1.04076 1.05835 1.09469 1.11262 1.1523 1.16137 1.20927 1.28923 1.31973 1.36691 1.40199 1.44305 1.53615 1.55331 1.61407 1.70973 1.79602 1.82926 1.86714 1.94787 2.04578 2.10582 2.12024 2.26445 2.31271 2.31901 2.39806 2.42481 2.50758 2.61326 2.67844 2.76012 2.735 2.79315 2.92422 2.9356 2.97055 2.99632 3.02788 3.13409 3.16351 3.26207 3.30175 3.37225 3.52006 3.51253 3.50034 
3.56842 3.54603 3.46516 3.41313 3.39128 3.31655 3.20463 3.26896 3.13376 3.05878 3.11743 2.98762 2.95604 2.85361 2.68756 2.68517 2.58272 2.61622 2.51782 2.4354 2.35634 2.33122 2.25053 2.20236 2.15804 2.01371 1.98783 1.9502 1.79793 1.8346 1.72586 1.67548 1.61352 1.5589 1.51656 1.44872 1.41175 1.35769 1.30819 1.25675 1.21759 1.17293 1.15371 1.10139 1.08183 1.06248 1.03862 1.01441 1.0087 1.00121 1 1.00197 1.01038 1.02801 1.0413 1.0545 1.09238 1.11143 1.15356 1.18688 1.21677 1.27472 1.29356 1.37634 1.46591 1.42858 1.51306 1.57364 1.63412 1.68691 1.75468 1.79599 1.90758 1.90671 2.04606 2.12195 2.19738 2.22995 2.2666 2.33044 2.42218 2.44035 2.58158 2.54088 2.66569 2.74505 2.77951 2.83202 2.87232 2.94196 3.03853 3.09715 3.10881 3.17559 3.20525 3.23083 3.36652 3.32342 3.41844 3.52764 3.5656 
3.52471 3.38837 3.46906 3.36618 3.42201 3.25714 3.27529 3.3467 3.23451 3.15174 3.13013 2.90548 2.88374 2.77662 2.79839 2.67566 2.67246 2.58552 2.49014 2.46869 2.36876 2.28559 2.18323 2.18708 2.12827 2.05861 1.94662 1.9452 1.90874 1.83242 1.72892 1.68686 1.62428 1.52942 1.52406 1.46848 1.41952 1.33455 1.31787 1.2626 1.21391 1.17881 1.13731 1.09234 1.0836 1.04262 1.03258 1.03011 1.00596 1.00136 1 1.00223 1.00902 1.02567 1.04118 1.06209 1.08586 1.118 1.12819 1.18464 1.21398 1.25887 1.32427 1.36048 1.41733 1.43772 1.51563 1.56989 1.64359 1.69928 1.79266 1.86475 1.90161 1.95318 2.00063 2.12815 2.1839 2.19161 2.3023 2.37709 2.36378 2.46531 2.55586 2.53457 2.63304 2.67535 2.74501 2.77841 2.88907 2.97288 3.099 3.00642 3.1626 3.18988 3.25116 3.2981 3.34433 3.42026 3.37632 3.46146 3.55988 
3.52203 3.4649 3.40175 3.39992 3.47403 3.35188 3.20472 3.20706 3.23314 3.13736 3.085 3.03969 3.00226 2.85061 2.76472 2.70834 2.64631 2.59114 2.54112 2.43068 2.40835 2.24552 2.29787 2.25074 2.13655 2.09558 1.94972 1.92874 1.82817 1.84796 1.74953 1.70765 1.60841 1.59269 1.52661 1.47952 1.43106 1.37713 1.31375 1.2539 1.18804 1.16956 1.13791 1.10359 1.07866 1.05832 1.03788 1.02167 1.00976 1.0036 1 1.00335 1.01339 1.02121 1.0407 1.06299 1.0774 1.1026 1.1576 1.20504 1.20985 1.27208 1.31123 1.38933 1.37016 1.48878 1.55901 1.55123 1.64055 1.72926 1.79064 1.83229 1.89206 1.9444 2.00682 2.04573 2.20409 2.2264 2.24638 2.37717 2.44917 2.49368 2.43975 2.59551 2.66442 2.74192 2.79339 2.85328 2.90122 2.93518 3.01173 3.03954 3.12399 3.11357 3.23815 3.30132 3.29167 3.38759 3.40568 3.44764 3.55426 
3.60004 3.58399 3.46103 3.4292 3.43496 3.3021 3.27795 3.16193 3.21086 3.16468 3.03305 2.83853 2.91469 2.8247 2.80414 2.75783 2.67529 2.57904 2.59967 2.49569 2.40355 2.32296 2.2963 2.22165 2.12455 2.07799 2.04993 1.9142 1.88026 1.80199 1.7095 1.67099 1.64457 1.60882 1.48773 1.4897 1.42594 1.34673 1.33671 1.27046 1.24009 1.19573 1.14544 1.09129 1.06991 1.06688 1.03312 1.02464 1.00961 1.00177 1 1.00444 1.00913 1.02655 1.04345 1.06676 1.08184 1.11803 1.14478 1.16776 1.21712 1.27897 1.31571 1.37857 1.39293 1.48378 1.5162 1.60306 1.66413 1.68352 1.71495 1.7785 1.91362 1.95646 2.01004 2.05385 2.06702 2.22776 2.2996 2.347 2.37912 2.49417 2.50739 2.5659 2.59853 2.68138 2.76577 2.80776 2.93131 2.91718 2.97666 3.00435 3.09746 3.19516 3.23007 3.22563 3.29638 3.3459 3.43109 3.56238 3.55654 
3.51482 3.55813 3.40291 3.50675 3.32105 3.33312 3.23905 3.25031 3.20977 3.22324 3.10558 3.00092 2.97349 2.90123 2.84042 2.75695 2.68366 2.63253 2.52741 2.48556 2.35897 2.38006 2.28724 2.21681 2.11772 2.04728 1.99981 1.92626 1.89517 1.81275 1.72623 1.70379 1.61898 1.57052 1.53432 1.44527 1.40601 1.35485 1.30593 1.25136 1.18392 1.16395 1.14202 1.12917 1.08201 1.06372 1.03316 1.01476 1.00977 1.00183 1 1.00455 1.01309 1.0205 1.04503 1.05772 1.09123 1.11097 1.13684 1.18547 1.22741 1.27463 1.33076 1.38547 1.41312 1.48733 1.53753 1.55331 1.63706 1.6889 1.75721 1.81256 1.89553 1.93477 2.01682 2.07173 2.16477 2.13558 2.28326 2.3601 2.41299 2.51805 2.57219 2.64301 2.6456 2.69733 2.8103 2.84539 2.83334 2.93169 2.92167 3.0749 3.10985 3.18793 3.18738 3.2823 3.26415 3.44044 3.44994 3.48227 3.55691 
3.52522 3.43289 3.41864 3.53458 3.35423 3.1761 3.31141 3.35157 3.22999 3.14058 3.09305 3.06094 2.99604 2.90377 2.87426 2.71 2.70992 2.6259 2.59052 2.46449 2.47231 2.33653 2.25152 2.21827 2.07635 2.07173 1.99589 1.97423 1.85776 1.80526 1.734 1.66812 1.62162 1.63419 1.50813 1.45809 1.42488 1.36543 1.30663 1.27036 1.23896 1.16969 1.15206 1.1129 1.0833 1.05243 1.03273 1.00991 1.00812 1.00416 1 1.00027 1.01322 1.02027 1.04263 1.07043 1.08221 1.11298 1.14362 1.18497 1.21607 1.27771 1.31367 1.36433 1.3975 1.4873 1.51851 1.59494 1.62431 1.70349 1.76993 1.84483 1.92903 1.94119 2.01341 2.03529 2.16001 2.20605 2.27484 2.34159 2.39045 2.49066 2.49676 2.59648 2.61231 2.70522 2.73438 2.87733 2.90176 2.90031 2.96858 3.12539 3.09164 3.17018 3.24277 3.29317 3.30191 3.29515 3.50049 3.47868 3.53892 
3.61954 3.43208 3.50053 3.36322 3.40354 3.37878 3.51674 3.26321 3.18088 3.15837 3.07687 3.05363 2.85186 2.86109 2.87912 2.6675 2.56764 2.64998 2.59317 2.42972 2.36734 2.30571 2.29886 2.23691 2.12252 2.1059 1.99374 1.92334 1.87976 1.79036 1.75216 1.67428 1.62601 1.55942 1.53247 1.45382 1.39016 1.35131 1.31054 1.23171 1.2341 1.17004 1.12788 1.11428 1.09274 1.05704 1.03232 1.01349 1.00899 1.00202 1 1.00264 1.0125 1.02561 1.03739 1.06302 1.08518 1.10894 1.13654 1.18925 1.24037 1.26411 1.32186 1.39505 1.42145 1.46654 1.52648 1.57745 1.58974 1.69861 1.7745 1.78673 1.91822 1.96374 2.0559 2.06156 2.1964 2.17104 2.25036 2.31641 2.43471 2.48118 2.55303 2.57049 2.61823 2.68178 2.76648 2.89595 2.86371 2.9392 3.03498 3.05175 3.12864 3.11058 3.18321 3.33318 3.35913 3.4493 3.48203 3.44026 3.52638 
3.49449 3.36267 3.43979 3.42337 3.38092 3.31542 3.25028 3.24936 3.15303 3.18117 2.98339 3.0314 3.05483 2.83212 2.81357 2.73941 2.66024 2.64294 2.50947 2.47751 2.38523 2.30725 2.25375 2.23771 2.17827 2.04932 2.01387 1.94634 1.82918 1.84485 1.79081 1.67953 1.66149 1.54134 1.52852 1.43681 1.40094 1.3805 1.28508 1.27249 1.2131 1.18288 1.15614 1.11356 1.08664 1.06659 1.03618 1.01208 1.00802 1.00446 1 1.00018 1.01289 1.02965 1.03965 1.05574 1.10088 1.11994 1.15938 1.16569 1.21374 1.27616 1.32078 1.39157 1.41606 1.44574 1.53666 1.55109 1.64256 1.70151 1.74521 1.83594 1.8801 2.02015 2.05876 2.12426 2.14247 2.18607 2.25444 2.39805 2.4316 2.4423 2.52641 2.59234 2.68462 2.73041 2.75315 2.76796 2.90429 2.94081 3.02532 3.07751 3.08446 3.2059 3.16576 3.2356 3.30223 3.37622 3.55234 3.45521 3.57386 
3.66327 3.53378 3.44665 3.4146 3.31053 3.1731 3.19493 3.34415 3.19338 3.07129 3.09267 3.01445 2.91104 2.86594 2.78725 2.74145 2.70495 2.68789 2.51225 2.4661 2.33352 2.31561 2.22065 2.20049 2.09608 2.02428 2.01808 1.92236 1.91252 1.79835 1.73493 1.69273 1.60018 1.5443 1.53477 1.44538 1.39763 1.37012 1.31902 1.28408 1.21361 1.16786 1.16323 1.10565 1.09834 1.05902 1.03737 1.02568 1.00634 1.00235 1 1.00388 1.00595 1.01807 1.03632 1.07077 1.08568 1.11183 1.13156 1.18773 1.21638 1.28444 1.30672 1.35854 1.42083 1.44265 1.50425 1.58993 1.6231 1.70013 1.71754 1.81395 1.9105 1.93529 1.98957 2.09368 2.1485 2.23206 2.2583 2.32561 2.4488 2.48247 2.51875 2.5237 2.65335 2.67748 2.8023 2.83163 2.98917 2.89927 2.98263 2.97729 3.06229 3.14358 3.21123 3.28108 3.35712 3.41665 3.36184 3.54958 3.54874 
3.52047 3.5027 3.39208 3.29434 3.35605 3.30486 3.20348 3.24733 3.11048 3.13166 3.02531 2.99067 2.96553 2.91062 2.66264 2.72856 2.62301 2.66635 2.52545 2.51673 2.39133 2.34554 2.29476 2.12537 2.09169 2.05938 2.00741 1.86302 1.83437 1.81937 1.74736 1.71847 1.6263 1.58847 1.53854 1.43657 1.43365 1.34969 1.32706 1.24609 1.2283 1.19489 1.14679 1.10746 1.08207 1.05816 1.04377 1.02734 1.01051 1.00067 1 1.00305 1.01051 1.02303 1.05451 1.05651 1.08529 1.10882 1.15131 1.19787 1.23104 1.26722 1.30818 1.38041 1.43934 1.50477 1.53656 1.58215 1.65877 1.68965 1.75073 1.79913 1.91656 2.00948 2.02835 2.06596 2.16543 2.24381 2.27721 2.34455 2.35413 2.38975 2.45152 2.56946 2.64186 2.71701 2.72845 2.8073 2.90585 2.92512 2.99964 3.03157 3.15595 3.06933 3.16479 3.30242 3.2991 3.44394 3.37569 3.53809 3.55587 
3.45323 3.38305 3.47696 3.44111 3.51601 3.38408 3.33559 3.17308 3.1408 3.28825 3.11798 2.87699 3.01081 2.90634 2.72678 2.62224 2.6772 2.67602 2.57816 2.40132 2.41163 2.34795 2.26669 2.17593 2.12264 2.0672 1.98603 1.9732 1.83665 1.84779 1.70219 1.67803 1.60216 1.56088 1.52047 1.44101 1.41119 1.37498 1.2873 1.28125 1.23206 1.20054 1.13554 1.09709 1.07975 1.0575 1.03844 1.02413 1.00465 1.00378 1 1.00355 1.0092 1.01756 1.03455 1.05817 1.08764 1.09888 1.14002 1.18049 1.22579 1.25026 1.33114 1.35479 1.4148 1.44397 1.52604 1.56627 1.63471 1.65066 1.75565 1.82755 1.86315 1.95584 2.02543 2.03874 2.17896 2.22031 2.22805 2.34319 2.37467 2.45553 2.57587 2.56555 2.62325 2.70398 2.80662 2.76868 2.87243 2.95751 2.97128 3.04794 3.08501 3.15001 3.18951 3.36678 3.3272 3.38378 3.43698 3.54586 3.50455 
3.55706 3.55037 3.4443 3.49366 3.35054 3.40269 3.2903 3.33362 3.14464 3.13671 3.04952 3.11071 2.91232 2.95066 2.72864 2.7805 2.77593 2.62348 2.46335 2.47653 2.31972 2.37323 2.2679 2.18787 2.09867 2.09938 2.03315 1.93632 1.86875 1.77095 1.67366 1.70531 1.6237 1.58358 1.56709 1.44056 1.39037 1.34871 1.30756 1.24349 1.22752 1.17991 1.15129 1.10936 1.09032 1.06054 1.03844 1.01985 1.00999 1.00183 1 1.00171 1.00592 1.02127 1.0405 1.06294 1.09077 1.11551 1.14303 1.17698 1.21355 1.27737 1.30934 1.35149 1.44235 1.47408 1.51834 1.56378 1.60619 1.68724 1.75508 1.83095 1.86635 1.97086 2.07229 2.09062 2.17785 2.23789 2.28416 2.39712 2.43591 2.47677 2.49021 2.61507 2.64083 2.68909 2.82069 2.76598 2.86674 2.90458 2.99551 3.0251 3.08689 3.13309 3.20766 3.21452 3.2866 3.36586 3.46187 3.44498 3.52938 
3.68908 3.48967 3.55984 3.47662 3.42951 3.34177 3.25385 3.19892 3.26484 3.15773 3.02262 3.01219 2.91125 2.92447 2.85874 2.7336 2.68268 2.56264 2.479 2.3711 2.43219 2.33186 2.19523 2.22152 2.16723 2.0628 2.01879 1.91517 1.91002 1.78801 1.74911 1.68218 1.64784 1.58791 1.49871 1.45345 1.42668 1.33614 1.30847 1.25832 1.20406 1.16954 1.13402 1.11312 1.08456 1.06309 1.03635 1.02389 1.01084 1.00233 1 1.00226 1.01241 1.02567 1.03991 1.06135 1.07646 1.11723 1.14948 1.18962 1.22859 1.26284 1.32639 1.36365 1.41003 1.50375 1.53049 1.61161 1.65462 1.67929 1.76528 1.79029 1.87236 1.95058 1.94527 2.09664 2.14939 2.25027 2.33314 2.34151 2.38484 2.50361 2.52361 2.53832 2.61787 2.72945 2.77428 2.80754 2.8449 2.93542 2.96845 2.93584 3.18156 3.2065 3.23658 3.17857 3.34029 3.40396 3.42071 3.4815 3.53932 
3.55071 3.48775 3.43619 3.3413 3.40436 3.27507 3.31516 3.21267 3.16029 3.21139 2.99537 2.97842 2.90893 2.89635 2.78778 2.73017 2.66419 2.63572 2.58029 2.53008 2.31446 2.33544 2.2705 2.1872 2.11647 2.0758 1.97256 1.92705 1.90873 1.77599 1.71615 1.66814 1.5939 1.61107 1.50161 1.44906 1.39927 1.34609 1.28799 1.25543 1.21794 1.17358 1.133 1.10521 1.08798 1.0526 1.04409 1.02559 1.00832 1.00191 1 1.00141 1.00744 1.02409 1.03465 1.0559 1.08705 1.10667 1.1442 1.18677 1.21633 1.27254 1.31144 1.38513 1.43689 1.48533 1.52044 1.59417 1.66705 1.67176 1.75895 1.79502 1.90445 1.92058 1.98182 2.06801 2.18019 2.23601 2.29871 2.31906 2.37976 2.45399 2.53051 2.58299 2.59787 2.74822 2.67251 2.87214 2.83118 2.94438 3.00504 3.0363 3.12278 3.19703 3.27406 3.22151 3.33923 3.38862 3.47026 3.39635 3.50256 
3.47886 3.53835 3.36533 3.35264 3.46345 3.27823 3.33328 3.24738 3.04172 3.15293 3.07752 3.01401 2.93394 2.90971 2.82322 2.79728 2.74184 2.59382 2.59746 2.36605 2.40301 2.35132 2.22466 2.27839 2.19231 2.05771 1.99439 1.91017 1.88286 1.74836 1.76127 1.68003 1.60766 1.6081 1.54498 1.47041 1.41428 1.35849 1.30781 1.28854 1.22482 1.17193 1.14694 1.10776 1.08262 1.05028 1.03715 1.02452 1.00703 1.00315 1 1.00259 1.01495 1.02011 1.03746 1.05379 1.08312 1.11938 1.15756 1.18331 1.21902 1.26546 1.32764 1.35801 1.40534 1.44387 1.51593 1.57741 1.65901 1.73206 1.78267 1.81583 1.85915 1.91487 2.04449 2.04144 2.17357 2.23216 2.29057 2.32101 2.40056 2.51224 2.49534 2.59606 2.60332 2.68574 2.79328 2.85244 2.91931 2.92151 3.02688 3.01942 3.08515 3.16842 3.17153 3.23081 3.33403 3.38659 3.51688 3.54749 3.46886 
3.5072 3.45826 3.3941 3.51826 3.41075 3.43464 3.33517 3.30227 3.18993 3.13314 3.01508 3.04568 2.89953 2.85319 2.80524 2.73126 2.72389 2.60371 2.51271 2.50874 2.33688 2.35863 2.21997 2.2564 2.09584 2.056 1.9736 1.9449 1.84956 1.80184 1.73604 1.70001 1.58848 1.55871 1.54732 1.45915 1.39178 1.37557 1.31216 1.2607 1.20397 1.20958 1.14745 1.09908 1.07999 1.04909 1.03652 1.02694 1.00601 1.00224 1 1.00526 1.01107 1.01749 1.04709 1.06624 1.09029 1.1095 1.14702 1.19626 1.22986 1.25532 1.31211 1.38993 1.42702 1.45728 1.4891 1.58368 1.59169 1.69562 1.78265 1.78139 1.89387 1.94754 1.98049 2.0539 2.06975 2.24326 2.23199 2.33756 2.34772 2.46619 2.49439 2.61601 2.64704 2.65858 2.71047 2.75994 2.88028 2.91944 3.03265 3.0998 3.06777 3.12307 3.21222 3.21211 3.28773 3.33916 3.44881 3.43256 3.52021 
3.533 3.49058 3.44698 3.4555 3.41527 3.40556 3.35249 3.17142 3.10943 3.03162 3.03903 3.02321 2.86062 2.82244 2.84203 2.74212 2.61711 2.5393 2.43655 2.44964 2.3606 2.35075 2.23221 2.19222 2.15748 2.07574 1.95409 1.96014 1.84593 1.83229 1.76999 1.65205 1.62012 1.56146 1.5218 1.42303 1.41442 1.34904 1.32839 1.23893 1.21447 1.18037 1.1519 1.10603 1.07455 1.0683 1.03454 1.01828 1.00712 1.00293 1 1.00365 1.0106 1.01927 1.03551 1.05602 1.08563 1.1223 1.15237 1.17786 1.21819 1.28164 1.31777 1.38423 1.43966 1.47297 1.49733 1.56149 1.62901 1.65337 1.72527 1.82294 1.89108 1.9641 2.01291 2.0773 2.17519 2.20738 2.28091 2.35062 2.38473 2.45478 2.52661 2.61519 2.69316 2.70631 2.7686 2.76435 2.85096 2.99644 2.99359 3.06024 3.10962 3.21847 3.13476 3.28146 3.36273 3.37055 3.43865 3.50333 3.59186 
3.44545 3.44662 3.54063 3.53345 3.30024 3.459 3.36559 3.22954 3.17814 3.17731 3.07369 3.03143 2.90613 2.9218 2.79561 2.78121 2.70218 2.46877 2.52201 2.49396 2.42051 2.29989 2.25408 2.2243 2.17011 2.10293 2.00813 1.92599 1.86812 1.78558 1.76764 1.65404 1.65892 1.52283 1.52166 1.49064 1.39558 1.37231 1.32779 1.24838 1.22 1.17033 1.14623 1.10204 1.08033 1.06135 1.04113 1.01937 1.01039 1.00196 1 1.00333 1.00868 1.02121 1.03826 1.05571 1.083 1.12397 1.15193 1.1748 1.21818 1.28771 1.30307 1.36942 1.4242 1.49053 1.53976 1.55501 1.62029 1.72665 1.73347 1.7665 1.87394 1.9602 2.01844 2.07861 2.13324 2.1736 2.20503 2.33848 2.45726 2.48141 2.52765 2.59984 2.6297 2.71487 2.7744 2.80628 2.85754 2.89736 2.97331 2.99802 3.18237 3.15873 3.22181 3.23788 3.3029 3.391 3.4279 3.44042 3.49195 
3.45852 3.47358 3.44888 3.32324 3.3418 3.19503 3.30407 3.18013 3.1936 3.13825 3.01411 3.024 2.91085 2.86325 2.83172 2.6881 2.70749 2.56835 2.46998 2.48625 2.29647 2.36149 2.26358 2.23389 2.09551 2.01633 1.95834 1.85924 1.90075 1.77898 1.72798 1.65919 1.6226 1.55583 1.51587 1.48153 1.41273 1.36125 1.28304 1.25871 1.20752 1.16871 1.14024 1.10976 1.07564 1.06414 1.03642 1.01838 1.00668 1.00279 1 1.00126 1.00987 1.02149 1.04496 1.05864 1.07709 1.12087 1.14997 1.19711 1.21419 1.27625 1.31685 1.3802 1.38708 1.47208 1.51701 1.57629 1.64115 1.68258 1.74209 1.83467 1.86856 1.96128 1.98941 2.11368 2.10681 2.22202 2.27114 2.35529 2.35816 2.44628 2.58978 2.52777 2.58179 2.64166 2.76011 2.79325 2.82724 2.94485 2.92957 3.03517 3.10234 3.13575 3.25582 3.29671 3.32207 3.38692 3.35554 3.47605 3.55016 
3.57009 3.47932 3.39912 3.47554 3.51239 3.39666 3.30622 3.25137 3.19081 3.0896 3.09482 2.99368 2.93094 2.94041 2.84637 2.65991 2.71723 2.64739 2.56811 2.48346 2.41558 2.3308 2.22396 2.20887 2.18529 2.08505 2.01766 1.92891 1.88914 1.85308 1.76227 1.67553 1.59625 1.56314 1.52887 1.4546 1.41158 1.36335 1.32355 1.25993 1.2207 1.18878 1.14993 1.10117 1.07105 1.07194 1.03833 1.01965 1.00815 1.00252 1 1.00352 1.00857 1.01964 1.0373 1.05616 1.07909 1.13431 1.14695 1.20483 1.22263 1.25157 1.31545 1.3493 1.38575 1.46314 1.55895 1.59482 1.68542 1.69858 1.78626 1.83198 1.87749 1.90447 1.9913 2.02997 2.12235 2.21129 2.31536 2.34411 2.38985 2.45599 2.53335 2.50713 2.64188 2.69178 2.69466 2.83968 2.82886 2.95769 2.9846 3.03941 3.10089 3.13713 3.15417 3.28497 3.35479 3.37381 3.37897 3.451 3.53472 
3.55598 3.42731 3.41105 3.35127 3.35634 3.30878 3.39666 3.27622 3.25335 3.13567 3.14803 2.98978 2.91814 2.8963 2.79317 2.80087 2.66974 2.62828 2.5335 2.49481 2.4325 2.3294 2.26774 2.24503 2.13811 2.05112 1.96538 1.90281 1.88494 1.79526 1.74922 1.6645 1.62359 1.57511 1.51957 1.48493 1.37473 1.34312 1.31012 1.27657 1.2313 1.15928 1.12718 1.10388 1.08513 1.05469 1.03414 1.01878 1.009 1.00259 1 1.00148 1.0122 1.02011 1.03654 1.05574 1.08206 1.116 1.15812 1.18452 1.21221 1.27228 1.31745 1.38562 1.4122 1.49149 1.50104 1.60321 1.65549 1.73167 1.75855 1.80221 1.83547 1.97962 1.97288 2.058 2.12229 2.19955 2.24486 2.34902 2.38216 2.44392 2.59067 2.59148 2.65885 2.7265 2.72727 2.87414 2.82128 2.98413 2.97216 3.00395 3.07044 3.24218 3.14968 3.24847 3.29084 3.39404 3.48414 3.52382 3.4948 
3.53141 3.57549 3.45469 3.54423 3.34992 3.27979 3.27561 3.15597 3.13511 3.02234 3.00261 2.95488 2.82294 2.75394 2.77585 2.69195 2.65188 2.55884 2.58495 2.44459 2.41787 2.33226 2.31679 2.25107 2.1358 2.06308 2.01311 1.90257 1.85479 1.77126 1.73645 1.72117 1.64841 1.61382 1.5169 1.44631 1.37719 1.34387 1.31141 1.2814 1.21428 1.17293 1.15098 1.12683 1.08204 1.05663 1.03653 1.02913 1.0111 1.00234 1 1.00051 1.0085 1.02074 1.03727 1.05205 1.07945 1.11288 1.14352 1.16641 1.21607 1.26794 1.31715 1.37399 1.38885 1.44808 1.48359 1.53298 1.66448 1.67156 1.74751 1.84376 1.87793 1.93704 2.0045 2.12334 2.15725 2.19241 2.25975 2.27652 2.36751 2.41616 2.52001 2.55062 2.6441 2.66601 2.79395 2.81394 2.91546 2.93556 2.93143 3.04977 3.07031 3.19604 3.14785 3.27239 3.28189 3.31399 3.38662 3.47725 3.53513 
3.53034 3.4393 3.46913 3.38182 3.30082 3.29572 3.18937 3.19049 3.21664 3.17213 3.09736 3.00992 2.94892 2.96294 2.74113 2.70465 2.63291 2.54729 2.48949 2.41118 2.37591 2.37992 2.2179 2.22606 2.16578 1.97932 2.04616 1.87474 1.86788 1.82093 1.70882 1.70218 1.64911 1.55517 1.46612 1.444 1.39431 1.33797 1.31747 1.28134 1.21268 1.19158 1.1297 1.10837 1.09026 1.04825 1.03763 1.01509 1.01484 1.00131 1 1.00317 1.00847 1.02303 1.04873 1.06975 1.08406 1.10063 1.14961 1.16909 1.21199 1.2468 1.3311 1.35908 1.39799 1.45593 1.48623 1.55744 1.6291 1.67542 1.73641 1.80662 1.91675 1.9254 1.98166 2.09238 2.08864 2.20229 2.23716 2.25829 2.4203 2.4889 2.48669 2.5592 2.7123 2.65758 2.73452 2.79141 2.91001 2.88715 2.95396 3.03181 3.07764 3.17887 3.19954 3.24442 3.36745 3.30349 3.39049 3.49392 3.54108 
3.52444 3.46923 3.61188 3.34009 3.36995 3.33333 3.23555 3.20127 3.20549 3.16156 3.03201 2.96818 2.88981 2.89334 2.81221 2.65247 2.68408 2.52407 2.55646 2.46397 2.42317 2.28599 2.24425 2.16548 2.15217 2.04817 2.01672 1.88701 1.83094 1.81611 1.72292 1.65409 1.594 1.56157 1.48448 1.46045 1.43265 1.37837 1.31663 1.27039 1.22858 1.16696 1.14805 1.12254 1.08571 1.06619 1.03545 1.01694 1.00991 1.00173 1 1.00209 1.0094 1.01953 1.03668 1.06689 1.09566 1.10688 1.14096 1.18141 1.20741 1.2765 1.30736 1.37774 1.40205 1.44891 1.51919 1.57931 1.67247 1.69009 1.74887 1.81767 1.86617 1.94195 1.99056 2.0393 2.06852 2.21755 2.29495 2.34536 2.38028 2.4324 2.52501 2.55178 2.65901 2.66421 2.80288 2.79571 2.88663 2.98606 2.97409 2.98288 3.09348 3.11072 3.12767 3.21828 3.29243 3.37042 3.45153 3.42463 3.51611 
3.49459 3.54499 3.50036 3.34203 3.44548 3.323 3.27656 3.12319 3.17637 3.11713 3.08451 2.95278 2.9314 2.94609 2.79914 2.71466 2.66582 2.67503 2.48774 2.4482 2.45952 2.32018 2.25546 2.14113 2.13113 2.07604 2.00638 1.93252 1.85254 1.78126 1.70588 1.64016 1.64488 1.55539 1.51807 1.43846 1.43952 1.33559 1.30776 1.25547 1.21516 1.18922 1.14377 1.11082 1.07094 1.06826 1.03595 1.0217 1.00498 1.0005 1 1.00231 1.00579 1.02347 1.03173 1.06431 1.08059 1.12757 1.14776 1.17669 1.23362 1.28544 1.34217 1.34905 1.39653 1.45666 1.53908 1.56795 1.62593 1.68285 1.75981 1.81824 1.86512 1.94532 1.95728 2.10184 2.08495 2.17563 2.25338 2.35663 2.47104 2.49474 2.51608 2.59196 2.64522 2.67378 2.73623 2.81201 2.85721 2.96002 2.89502 3.024 3.12589 3.2079 3.16181 3.19554 3.36345 3.37786 3.4448 3.34222 3.65178 
3.50565 3.43525 3.32041 3.3985 3.29746 3.37037 3.29886 3.20202 3.14143 2.97153 3.10136 2.95749 3.04194 2.77851 2.84037 2.6357 2.76106 2.56687 2.46199 2.41874 2.40692 2.29413 2.24098 2.13009 2.16 2.09747 2.01596 1.98169 1.86462 1.7429 1.77226 1.67644 1.62164 1.56766 1.52807 1.44818 1.41394 1.3245 1.31237 1.27446 1.23215 1.18422 1.14187 1.09852 1.07915 1.06727 1.03661 1.02365 1.00942 1.00007 1 1.00285 1.01285 1.02949 1.04212 1.04575 1.08038 1.10351 1.14201 1.18358 1.23131 1.258 1.3209 1.3525 1.36465 1.48818 1.5587 1.53788 1.65286 1.70371 1.76609 1.80906 1.85694 1.94382 2.02538 2.08917 2.12596 2.23827 2.26163 2.25073 2.43161 2.45423 2.47201 2.54721 2.64371 2.69656 2.7581 2.76877 2.87966 2.88067 3.01241 3.06895 3.11611 3.17519 3.26502 3.23836 3.37615 3.39368 3.43387 3.49444 3.52753 
3.55743 3.62413 3.39486 3.38127 3.45003 3.35374 3.13898 3.15911 3.1928 3.0551 3.13591 2.89286 2.85712 2.89164 2.74759 2.81324 2.64478 2.58239 2.50774 2.43619 2.37267 2.35962 2.26342 2.23888 2.1277 2.04575 1.95072 1.93954 1.8038 1.88322 1.71744 1.68744 1.62623 1.56189 1.51867 1.45068 1.37066 1.37133 1.27783 1.25043 1.21882 1.1938 1.13061 1.10399 1.0826 1.05536 1.03747 1.0249 1.00551 1.00005 1 1.00537 1.00505 1.03057 1.03537 1.05805 1.08658 1.12555 1.15026 1.19425 1.21084 1.27437 1.33102 1.35153 1.39652 1.46981 1.52482 1.55515 1.64868 1.67118 1.69508 1.8576 1.88475 1.90184 1.96968 2.12563 2.08854 2.17182 2.27434 2.3117 2.38504 2.37998 2.4878 2.56791 2.7083 2.70237 2.78699 2.79196 2.82746 2.79064 2.93361 3.05273 3.10944 3.11275 3.28386 3.28662 3.28099 3.37891 3.44405 3.4442 3.47671 
3.44534 3.52164 3.32034 3.47724 3.44253 3.30481 3.0998 3.15797 3.16825 3.12886 2.95599 2.93131 2.88727 2.85386 2.74851 2.75145 2.63242 2.64281 2.51102 2.44784 2.37161 2.32228 2.23668 2.23173 2.12971 2.02171 1.97333 1.88064 1.86814 1.81305 1.73884 1.67712 1.6335 1.55047 1.53009 1.41787 1.42456 1.34725 1.30166 1.26258 1.24066 1.17519 1.14805 1.09561 1.06408 1.053 1.02726 1.02249 1.01206 1.00296 1 1.00239 1.00656 1.02701 1.0445 1.06885 1.08962 1.11449 1.155 1.1726 1.21407 1.25993 1.31787 1.36287 1.39836 1.45359 1.49425 1.56739 1.62947 1.69304 1.73484 1.84899 1.89219 1.93941 2.00408 2.04917 2.18752 2.20329 2.27575 2.32482 2.36259 2.47732 2.45353 2.63624 2.64729 2.66795 2.71253 2.772 2.88691 3.01526 2.94118 2.99252 3.10748 3.10172 3.16642 3.26238 3.32475 3.38451 3.45782 3.44869 3.5541 
3.53069 3.48157 3.32198 3.34959 3.29111 3.16806 3.15338 3.12858 3.05047 3.0785 2.97426 3.00132 2.98508 2.83951 2.79917 2.75113 2.62222 2.6997 2.50992 2.45609 2.42393 2.4057 2.28377 2.18221 2.10122 2.03383 2.01312 1.91357 1.83304 1.83407 1.76154 1.68454 1.63775 1.54551 1.48829 1.44542 1.43771 1.34111 1.30861 1.27225 1.21355 1.17308 1.13289 1.12031 1.07342 1.05449 1.0354 1.02122 1.01293 1.00133 1 1.00356 1.00809 1.01884 1.03605 1.06611 1.07447 1.11782 1.15112 1.17484 1.22674 1.26904 1.32538 1.35029 1.42 1.47624 1.51077 1.55754 1.63522 1.69276 1.75544 1.78999 1.86537 1.95008 2.01087 2.04204 2.14664 2.1977 2.17279 2.26103 2.3505 2.4625 2.55253 2.54576 2.61523 2.65516 2.72838 2.83482 2.87621 2.92762 3.01912 3.04171 3.08371 3.19276 3.20004 3.18089 3.24709 3.39947 3.4641 3.48245 3.55058 
3.53797 3.39571 3.42099 3.41427 3.3449 3.32139 3.19679 3.13612 3.16546 3.05367 3.05796 2.94315 2.85362 2.90355 2.7993 2.75622 2.65499 2.60968 2.5652 2.50186 2.34219 2.3406 2.23098 2.17385 2.11531 2.02037 2.00555 1.92625 1.84529 1.77058 1.775 1.68687 1.60809 1.56161 1.543 1.47756 1.42579 1.34399 1.33524 1.26709 1.22551 1.16014 1.13932 1.09864 1.07195 1.0585 1.02843 1.01502 1.01375 1.00042 1 1.00177 1.01074 1.01763 1.03419 1.05134 1.0901 1.11084 1.1593 1.18946 1.21513 1.26216 1.27976 1.36672 1.41539 1.44878 1.51588 1.59754 1.64098 1.67749 1.76638 1.7961 1.88272 1.95262 1.96236 2.07574 2.1007 2.26117 2.29631 2.28495 2.36925 2.38709 2.51283 2.51969 2.58796 2.68696 2.72263 2.80415 2.87136 2.90986 2.95809 3.01018 3.08058 3.17729 3.19133 3.30736 3.3232 3.29083 3.40931 3.4768 3.54 
3.54581 3.43832 3.39182 3.37773 3.36695 3.24829 3.18494 3.19869 3.11911 3.07659 3.04953 3.01669 2.96128 2.87532 2.76859 2.65986 2.70061 2.63279 2.51351 2.45722 2.40933 2.35476 2.2581 2.12462 2.04341 2.06897 1.96719 1.91566 1.78627 1.81352 1.78731 1.69389 1.63125 1.57567 1.52383 1.47181 1.3847 1.37594 1.33594 1.29457 1.22706 1.18566 1.13402 1.10583 1.09983 1.06389 1.03975 1.02018 1.00748 1.00237 1 1.00322 1.00838 1.02089 1.03888 1.0586 1.08481 1.12318 1.13825 1.17712 1.24406 1.2561 1.31276 1.3641 1.40083 1.47563 1.53544 1.54513 1.63475 1.70714 1.7731 1.83225 1.88242 1.89062 1.99463 2.05636 2.23694 2.12425 2.27635 2.31996 2.32655 2.40743 2.48505 2.58879 2.65064 2.72391 2.72729 2.85352 2.83389 2.95376 2.93715 2.94526 3.03194 3.12156 3.24567 3.24788 3.27193 3.38787 3.38616 3.46998 3.46843 
3.53921 3.49878 3.54507 3.48141 3.36156 3.34287 3.28795 3.29488 3.08174 3.14364 3.08016 3.08659 2.8926 2.82249 2.83833 2.70716 2.63876 2.54996 2.54296 2.51151 2.39487 2.29278 2.25226 2.17979 2.13194 2.07776 2.05398 1.89821 1.90387 1.75598 1.73713 1.7062 1.61339 1.5601 1.51866 1.47106 1.41306 1.31842 1.28775 1.27011 1.23695 1.17864 1.13874 1.11859 1.08179 1.05314 1.03468 1.01764 1.01293 1.00336 1 1.00146 1.009 1.02091 1.03798 1.05133 1.07635 1.10659 1.13854 1.17632 1.20837 1.25966 1.32072 1.34003 1.38914 1.45684 1.51915 1.53441 1.62357 1.66224 1.74744 1.81071 1.88728 1.95082 2.07131 2.09915 2.16374 2.21258 2.1988 2.34773 2.31151 2.44288 2.4513 2.55123 2.66278 2.65804 2.74433 2.85258 2.87144 2.89312 2.98445 2.9338 3.08474 3.19466 3.19506 3.17063 3.29594 3.41229 3.37975 3.49021 3.51235 
3.50329 3.55614 3.52066 3.39664 3.43673 3.34564 3.25425 3.21198 3.21296 3.03332 3.13605 2.99369 2.9788 2.86617 2.76611 2.76938 2.65464 2.52658 2.53676 2.43064 2.3515 2.29495 2.30453 2.19861 2.10002 2.07223 2.02382 1.93211 1.80377 1.77253 1.75385 1.6417 1.62629 1.57341 1.49824 1.45684 1.38199 1.36281 1.31028 1.25997 1.19368 1.17805 1.14307 1.11449 1.07585 1.05204 1.04281 1.02118 1.00866 1.00216 1 1.00487 1.01232 1.01935 1.03431 1.05552 1.091 1.11143 1.15263 1.18553 1.20808 1.27485 1.30969 1.35469 1.40987 1.45314 1.50374 1.57723 1.58724 1.71098 1.74012 1.80279 1.85876 1.93666 1.99001 2.06541 2.13247 2.149 2.25657 2.39537 2.39754 2.39607 2.58483 2.61669 2.62338 2.77682 2.76287 2.82056 2.90581 2.94067 3.0014 3.05807 3.07687 3.14504 3.18086 3.23262 3.35059 3.36294 3.45026 3.54795 3.62385 
3.56935 3.49163 3.33206 3.35359 3.29242 3.33455 3.25995 3.10661 3.24645 3.15401 3.03713 2.96612 2.81591 2.78128 2.81023 2.70458 2.7073 2.60331 2.50718 2.43702 2.3658 2.36311 2.28282 2.22414 2.16295 2.09815 1.99677 1.8962 1.83557 1.85052 1.71712 1.66584 1.59335 1.58106 1.50418 1.41762 1.40175 1.35406 1.29913 1.26556 1.21268 1.17507 1.15351 1.11275 1.0802 1.05818 1.02994 1.02281 1.01189 1.00197 1 1.00313 1.01275 1.01976 1.0424 1.05059 1.07733 1.11657 1.15695 1.17899 1.21693 1.28411 1.33323 1.37179 1.40522 1.44596 1.51081 1.5511 1.63459 1.70783 1.73026 1.80598 1.85941 1.92093 1.96557 2.06461 2.12327 2.21429 2.25271 2.32779 2.34965 2.4824 2.51051 2.55212 2.6375 2.64142 2.76635 2.79777 2.8691 2.88922 2.98675 3.05956 3.11709 3.10638 3.23489 3.31855 3.39501 3.31498 3.43507 3.44339 3.53998 
3.44064 3.49805 3.42748 3.46062 3.43457 3.27421 3.27258 3.25976 3.16543 3.04906 2.94592 3.01833 2.90972 2.82796 2.79227 2.63216 2.63416 2.64538 2.53566 2.40772 2.44288 2.28996 2.26253 2.16563 2.11682 2.07679 1.96419 1.95971 1.87214 1.78499 1.79204 1.65527 1.65367 1.61386 1.50785 1.44853 1.40563 1.32995 1.30642 1.23683 1.21186 1.17143 1.1392 1.11284 1.08042 1.05814 1.03957 1.01647 1.00485 1.00432 1 1.00276 1.01517 1.01744 1.03451 1.05261 1.08421 1.10284 1.14796 1.18765 1.21834 1.26704 1.32166 1.38416 1.37832 1.47017 1.54157 1.58746 1.61212 1.664 1.75637 1.80921 1.85504 1.96756 1.95896 2.05769 2.13709 2.14923 2.223 2.31866 2.39679 2.38928 2.54439 2.5242 2.65903 2.6745 2.72952 2.73155 2.86442 2.95765 2.98828 2.96363 3.074 3.13526 3.24162 3.22925 3.3236 3.42132 3.4131 3.47605 3.51857 
3.41346 3.37432 3.47158 3.47904 3.36349 3.39764 3.35485 3.15292 3.15651 3.15986 3.05917 2.90891 2.88182 2.89407 2.84906 2.65659 2.69359 2.58717 2.53226 2.46298 2.3608 2.31009 2.26669 2.17343 2.11563 2.04538 1.98133 1.91372 1.82047 1.79557 1.72194 1.67023 1.63436 1.54418 1.50615 1.44166 1.40661 1.35341 1.30826 1.26901 1.2236 1.15826 1.14325 1.10488 1.07703 1.06166 1.03635 1.0227 1.00408 1.00264 1 1.0041 1.01065 1.02052 1.03754 1.06309 1.07801 1.09439 1.15111 1.17588 1.23111 1.27232 1.31613 1.38476 1.39255 1.46547 1.54008 1.57537 1.63145 1.70588 1.74507 1.78155 1.87968 1.92958 1.99222 2.10363 2.09191 2.21737 2.25594 2.32054 2.38596 2.43888 2.49686 2.59918 2.61923 2.65513 2.69811 2.83885 2.91154 2.88446 2.94044 3.02361 3.10116 3.12987 3.22255 3.31662 3.32681 3.31328 3.54231 3.43676 3.55942 
3.56404 3.48065 3.45953 3.31274 3.41899 3.23423 3.30159 3.10722 3.11263 3.14642 3.02435 2.96618 2.86393 2.88654 2.74282 2.69996 2.72534 2.65243 2.57054 2.41235 2.38949 2.31794 2.24254 2.14333 2.1119 2.06693 1.99035 1.93998 1.86601 1.77374 1.76408 1.69514 1.64686 1.54645 1.53765 1.45595 1.40798 1.34818 1.26817 1.25815 1.20746 1.17599 1.14302 1.1165 1.0797 1.06347 1.03882 1.02285 1.00699 1.00265 1 1.00215 1.01071 1.02972 1.03566 1.055 1.08281 1.11513 1.13507 1.1794 1.21688 1.26813 1.27874 1.36558 1.39844 1.47011 1.47607 1.58323 1.64037 1.6874 1.7522 1.78375 1.90163 1.94983 2.04593 2.07738 2.06198 2.23688 2.2515 2.28141 2.33158 2.536 2.52355 2.62408 2.67404 2.63533 2.75969 2.79469 2.85201 2.9181 2.95796 2.95285 3.08513 3.14745 3.1867 3.28002 3.27337 3.31073 3.46871 3.50801 3.51014 
3.55757 3.4306 3.49022 3.34434 3.36848 3.30334 3.27511 3.1153 3.2119 2.98557 3.04395 2.82381 2.96392 2.86806 2.7755 2.6655 2.69724 2.61932 2.46309 2.42745 2.33359 2.3102 2.23933 2.14483 2.1179 1.99466 1.99913 1.86329 1.8184 1.82426 1.70218 1.6809 1.61482 1.53727 1.49984 1.44185 1.40168 1.32702 1.31589 1.26808 1.22147 1.17495 1.1436 1.11354 1.09186 1.06562 1.03582 1.01038 1.00747 1.00064 1 1.00152 1.00677 1.01944 1.03994 1.05751 1.08985 1.11881 1.14773 1.16752 1.2331 1.25535 1.29523 1.36945 1.39462 1.45606 1.51476 1.55199 1.61945 1.7039 1.72513 1.81095 1.87917 1.90138 2.01005 2.06958 2.10248 2.17983 2.22753 2.27911 2.3708 2.4894 2.50378 2.5385 2.6457 2.67631 2.72403 2.82884 2.8589 2.87656 2.97909 2.96592 3.09165 3.16594 3.17423 3.28783 3.23786 3.36865 3.42368 3.45342 3.52433 
3.33648 3.55937 3.43476 3.39731 3.27729 3.23352 3.25947 3.19536 3.07509 3.06003 3.01255 2.96991 2.95252 2.86217 2.83345 2.64569 2.62929 2.5999 2.5294 2.4868 2.37241 2.30292 2.22675 2.22426 2.11993 2.08625 2.02287 1.98342 1.87211 1.77675 1.69046 1.71213 1.64551 1.58311 1.50436 1.42876 1.42567 1.35897 1.29624 1.28135 1.22547 1.18019 1.15642 1.11296 1.07354 1.04296 1.04251 1.01902 1.008 1.00251 1 1.00323 1.0098 1.01898 1.03435 1.06558 1.08429 1.11617 1.15204 1.17071 1.21752 1.25852 1.31036 1.35224 1.40012 1.44702 1.52832 1.56407 1.60738 1.66018 1.71718 1.8207 1.83379 1.88054 1.9803 2.10571 2.11921 2.2329 2.26743 2.33159 2.35433 2.38197 2.543 2.51623 2.60058 2.65179 2.7122 2.83021 2.89436 2.90146 2.93045 3.09123 3.13489 3.17222 3.24613 3.23689 3.32314 3.35618 3.417 3.38195 3.54939 
3.38969 3.43526 3.47951 3.4008 3.33727 3.27955 3.26033 3.24124 3.12234 3.10227 3.02205 2.90245 2.889 2.82233 2.81335 2.67751 2.61917 2.54192 2.56022 2.50616 2.33973 2.36299 2.25266 2.11265 2.10661 2.058 1.98918 1.87459 1.84353 1.81838 1.75698 1.73123 1.63605 1.57662 1.49555 1.45331 1.40653 1.36257 1.30196 1.25969 1.22473 1.17671 1.14282 1.12636 1.07954 1.0667 1.02968 1.02032 1.00683 1.00166 1 1.00285 1.01451 1.02331 1.04559 1.06948 1.08263 1.12129 1.15155 1.20223 1.20933 1.26227 1.2802 1.33598 1.39957 1.44747 1.46703 1.56239 1.67305 1.64584 1.71474 1.82895 1.89501 1.94958 1.98476 2.07781 2.13253 2.20546 2.32092 2.34551 2.32734 2.47216 2.49833 2.57246 2.6835 2.65218 2.75742 2.8267 2.80068 2.86032 2.92598 3.02583 3.06813 3.13005 3.24807 3.30545 3.32538 3.33491 3.43033 3.48066 3.50602 
3.43054 3.49739 3.4593 3.35911 3.35489 3.33261 3.26353 3.1967 3.19385 3.06872 2.94799 2.91567 2.94803 2.86398 2.73191 2.79437 2.66081 2.58709 2.44982 2.39498 2.38058 2.31588 2.2006 2.15774 2.20029 2.10902 1.9858 1.90738 1.79934 1.81511 1.77121 1.70251 1.60477 1.56845 1.49445 1.46625 1.40556 1.36059 1.30437 1.25475 1.2029 1.18228 1.15889 1.10401 1.08711 1.06443 1.03002 1.02126 1.00962 1.00158 1 1.00339 1.01039 1.022 1.03818 1.05967 1.08256 1.11118 1.15195 1.15643 1.20681 1.28082 1.30447 1.35188 1.38866 1.46857 1.52277 1.59205 1.59731 1.7097 1.74666 1.79564 1.89774 1.9672 2.03847 2.05042 2.14028 2.09916 2.17691 2.27023 2.41607 2.41495 2.47963 2.59551 2.6306 2.70218 2.74359 2.79244 2.86943 2.8918 2.95426 3.04434 3.13367 3.20551 3.20314 3.30893 3.30709 3.38378 3.41332 3.47917 3.56074 
3.43929 3.52889 3.43471 3.49902 3.33271 3.19521 3.25011 3.2985 3.07947 3.13836 3.00819 2.95212 2.92788 2.85295 2.75048 2.71618 2.59402 2.61551 2.50569 2.4328 2.40055 2.35826 2.27084 2.21811 2.11525 2.10553 2.01873 1.93513 1.78031 1.79585 1.69103 1.70895 1.61526 1.55925 1.51216 1.44758 1.40683 1.33127 1.30808 1.24801 1.20988 1.17887 1.12825 1.12417 1.07846 1.07334 1.03578 1.01912 1.00683 1.003 1 1.00206 1.01124 1.02134 1.04077 1.07203 1.10261 1.11727 1.15212 1.19126 1.2434 1.27594 1.29537 1.38422 1.43108 1.4552 1.53714 1.54856 1.60918 1.6799 1.76306 1.82713 1.92615 1.91273 1.96377 2.03409 2.14513 2.23509 2.28256 2.31025 2.38614 2.4307 2.4531 2.54935 2.58646 2.69461 2.7492 2.7074 2.87132 2.89397 2.98163 2.9993 3.13969 3.15475 3.15875 3.15158 3.26161 3.42229 3.47221 3.46827 3.46838 
3.49927 3.51471 3.36894 3.40185 3.308 3.22358 3.19779 3.17076 3.25768 3.03606 2.9863 2.97409 2.92646 2.81351 2.76108 2.66067 2.62231 2.54664 2.58592 2.50146 2.35439 2.29749 2.28122 2.21165 2.07223 2.05587 2.01682 1.9596 1.9154 1.80571 1.73162 1.69209 1.60401 1.55669 1.55673 1.43615 1.42059 1.36794 1.31358 1.28425 1.2099 1.17025 1.15276 1.09903 1.08952 1.06066 1.03454 1.02126 1.01013 1.00136 1 1.00218 1.01332 1.01938 1.02871 1.0573 1.09216 1.11525 1.13447 1.18348 1.22928 1.26863 1.30843 1.3546 1.40647 1.4415 1.52894 1.58162 1.64697 1.65991 1.7156 1.80564 1.84571 1.94023 2.01061 2.05495 2.11371 2.18587 2.26496 2.32825 2.35235 2.42726 2.51387 2.58956 2.56816 2.78543 2.76316 2.79929 2.86026 2.91191 2.94515 3.01729 3.09018 3.08545 3.23305 3.25253 3.25672 3.44672 3.40326 3.50454 3.56445 
3.47635 3.42453 3.41826 3.50156 3.28565 3.26338 3.23328 3.22508 3.06247 3.0581 3.09088 2.88153 2.87231 2.81533 2.78391 2.6899 2.64559 2.63993 2.49953 2.4292 2.34399 2.31728 2.20645 2.15617 2.06973 2.05303 2.02821 1.91116 1.88602 1.78616 1.73284 1.64567 1.60123 1.53948 1.47648 1.40824 1.38457 1.34545 1.28619 1.24792 1.21349 1.17547 1.13629 1.10238 1.07503 1.05291 1.04205 1.01939 1.00881 1.00269 1 1.00157 1.00603 1.0197 1.0309 1.05758 1.08914 1.11064 1.13415 1.18322 1.22195 1.24996 1.31048 1.3642 1.41081 1.47864 1.53006 1.56838 1.64838 1.72783 1.76336 1.83264 1.84885 1.90317 2.03364 2.15767 2.1081 2.20049 2.21863 2.40889 2.3673 2.43905 2.49952 2.56636 2.63565 2.70086 2.79249 2.77679 2.84852 2.89603 2.98813 3.05231 3.06108 3.1085 3.21286 3.29111 3.32932 3.38734 3.40615 3.49098 3.51211 
3.57879 3.46945 3.34763 3.40369 3.48469 3.39987 3.2654 3.2338 3.10934 3.04366 3.05284 2.98699 2.81621 2.90105 2.79914 2.6909 2.6014 2.5623 2.48574 2.45324 2.34282 2.32061 2.25022 2.14818 2.10435 2.02023 2.01904 1.94165 1.82206 1.78949 1.73373 1.64226 1.63406 1.55992 1.53029 1.44772 1.38006 1.32455 1.317 1.26074 1.21423 1.17734 1.12654 1.11443 1.07902 1.0567 1.02889 1.02609 1.01217 1.00126 1 1.00393 1.01169 1.01921 1.0339 1.05279 1.07769 1.10522 1.15172 1.1938 1.23328 1.25652 1.30901 1.36817 1.39798 1.46562 1.53747 1.57383 1.68127 1.68534 1.74165 1.78831 1.88845 1.91654 1.97355 2.04499 2.104 2.17918 2.29922 2.33447 2.40313 2.41846 2.52746 2.53346 2.70861 2.64374 2.71398 2.79204 2.94047 2.95977 2.99047 2.99577 3.10465 3.19788 3.1768 3.26962 3.34588 3.43265 3.40461 3.42901 3.48878 
3.54675 3.50348 3.42961 3.39294 3.21677 3.29369 3.2486 3.23046 3.19823 3.00898 3.11013 2.89737 2.88518 2.82781 2.67386 2.77377 2.60087 2.54153 2.51694 2.4007 2.30248 2.23991 2.22504 2.24825 2.1322 2.09444 1.99605 1.94395 1.87847 1.74654 1.7076 1.64418 1.57291 1.55584 1.51927 1.43865 1.39369 1.31309 1.3101 1.24737 1.20082 1.16534 1.13743 1.1149 1.08414 1.05358 1.03408 1.01967 1.00604 1.003 1 1.00388 1.00785 1.02375 1.03682 1.05566 1.08057 1.11502 1.14576 1.18219 1.21657 1.24943 1.33432 1.35366 1.41693 1.47095 1.51473 1.55512 1.63243 1.67214 1.70225 1.80606 1.86523 1.93471 2.01173 2.07803 2.09847 2.13967 2.28429 2.35015 2.35296 2.42577 2.48505 2.57925 2.56827 2.73309 2.73736 2.80866 2.81954 2.91585 2.97116 3.06682 3.02584 3.12686 3.22028 3.30361 3.31647 3.35536 3.41718 3.47129 3.46687 
3.51041 3.48669 3.40312 3.42366 3.27308 3.25507 3.18883 3.23159 3.11303 3.06113 3.16596 2.84531 2.87829 2.84209 2.78638 2.74302 2.6048 2.62328 2.49277 2.49843 2.40294 2.31851 2.15713 2.19591 2.10263 2.02513 1.94841 1.89975 1.91631 1.82155 1.71145 1.67863 1.62691 1.61497 1.49899 1.45098 1.39792 1.34201 1.29188 1.23955 1.20549 1.16434 1.15619 1.10471 1.08789 1.05065 1.0386 1.01936 1.00428 1.00137 1 1.00216 1.0054 1.01984 1.04117 1.06573 1.07744 1.11025 1.13812 1.19598 1.22106 1.2825 1.31537 1.34078 1.39462 1.46799 1.51669 1.59764 1.62569 1.67828 1.76554 1.80714 1.91128 1.90358 2.04501 2.03458 2.15616 2.2013 2.24151 2.37384 2.36136 2.42896 2.53803 2.54937 2.58489 2.73109 2.73607 2.78675 2.76609 2.88869 2.96805 3.01994 3.0804 3.06936 3.22641 3.29753 3.24231 3.33439 3.45009 3.48821 3.51919 
3.53653 3.53869 3.50406 3.40773 3.36056 3.36917 3.2397 3.18521 3.12398 3.16793 3.04239 2.99374 2.91608 2.86794 2.77868 2.70544 2.66237 2.49992 2.45641 2.44153 2.33482 2.29665 2.24054 2.19047 2.11486 2.03613 2.01146 1.88247 1.78324 1.82715 1.76931 1.66068 1.61655 1.54739 1.50808 1.41606 1.40309 1.34741 1.32234 1.26546 1.21299 1.17654 1.13384 1.11198 1.08243 1.06015 1.03898 1.0198 1.00705 1.00281 1 1.00379 1.01221 1.0265 1.03815 1.05991 1.08329 1.12206 1.1532 1.18441 1.22083 1.279 1.3036 1.35085 1.4116 1.43052 1.52952 1.57518 1.65352 1.66275 1.7695 1.77438 1.87394 1.87679 1.95473 1.98422 2.11884 2.17142 2.20083 2.33086 2.46589 2.44879 2.53347 2.56524 2.67105 2.72139 2.71792 2.73934 2.73356 2.91317 2.94669 3.04644 3.09256 3.16565 3.25276 3.26237 3.23757 3.29999 3.43338 3.43074 3.52398 
3.54759 3.39371 3.40269 3.44236 3.33218 3.36072 3.32834 3.26497 3.09581 3.06521 3.05301 2.98242 2.81565 2.84027 2.77167 2.76285 2.63174 2.51715 2.55558 2.4522 2.36471 2.27457 2.24399 2.16565 2.10605 2.0075 1.99172 1.88072 1.8226 1.78787 1.74204 1.72458 1.59758 1.53595 1.4569 1.46312 1.41552 1.35002 1.32363 1.23827 1.20341 1.19405 1.14165 1.0983 1.07127 1.05273 1.03772 1.02115 1.00812 1.00148 1 1.00294 1.00828 1.01775 1.03273 1.067 1.0932 1.1213 1.14251 1.18741 1.23485 1.2599 1.30637 1.36269 1.4061 1.44663 1.53203 1.59664 1.63072 1.69769 1.73909 1.78932 1.86628 1.89534 2.00807 2.03954 2.06348 2.19624 2.24972 2.32083 2.3978 2.39288 2.50242 2.53514 2.68252 2.68288 2.76753 2.74103 2.87958 2.96045 2.97076 2.96871 3.1056 3.14982 3.22941 3.24343 3.31534 3.31463 3.34631 3.48247 3.54463 
3.42495 3.59737 3.50871 3.39839 3.27945 3.23455 3.21491 3.1486 3.1508 3.04722 2.92328 2.90746 2.91754 2.75639 2.79257 2.72087 2.58036 2.53842 2.49847 2.48841 2.33649 2.30566 2.26665 2.18764 2.09441 2.02301 1.95398 1.95075 1.87079 1.81622 1.70638 1.68085 1.58907 1.56008 1.4769 1.45894 1.41281 1.36893 1.30732 1.27896 1.19614 1.16376 1.12086 1.11454 1.08273 1.0483 1.03973 1.01414 1.00479 1.00298 1 1.00237 1.01258 1.02068 1.04208 1.05752 1.07893 1.11478 1.13005 1.18505 1.21524 1.28498 1.32886 1.34961 1.395 1.45533 1.52089 1.57108 1.65182 1.66421 1.73011 1.78442 1.86107 1.99052 2.04595 2.1104 2.08588 2.17182 2.25056 2.27852 2.32363 2.45604 2.48057 2.51011 2.60989 2.65255 2.73857 2.80424 2.87661 2.93447 2.87442 2.97982 3.11832 3.18316 3.23248 3.24723 3.37693 3.39394 3.34726 3.52888 3.46079 
3.48613 3.4582 3.28094 3.27925 3.33766 3.28622 3.23693 3.23952 3.19696 3.07729 3.02687 3.01704 2.94071 2.88304 2.77183 2.7373 2.60987 2.52442 2.51137 2.44006 2.42409 2.35585 2.23653 2.14324 2.0876 2.03815 1.96601 1.89356 1.82274 1.86633 1.74348 1.69167 1.62207 1.52262 1.50385 1.44749 1.42431 1.34801 1.29245 1.27219 1.20958 1.1668 1.14534 1.10564 1.07154 1.06129 1.03782 1.02143 1.01276 1.0009 1 1.0025 1.00815 1.02184 1.03575 1.06668 1.07533 1.11356 1.13776 1.1748 1.22635 1.26247 1.31143 1.36351 1.4015 1.44781 1.49386 1.52163 1.60792 1.66916 1.75289 1.84678 1.81959 1.93737 2.0283 2.03075 2.07361 2.18058 2.30216 2.36073 2.3668 2.41794 2.46045 2.57667 2.60648 2.66463 2.73872 2.80926 2.864 2.88733 2.93938 2.95698 3.11214 3.18401 3.19713 3.15038 3.33221 3.32707 3.35229 3.44798 3.51067 
3.44245 3.55067 3.41797 3.30838 3.33143 3.26345 3.12367 3.23621 3.17273 3.19701 3.09363 2.9286 2.81905 2.88516 2.85449 2.69092 2.64345 2.66788 2.46878 2.45279 2.3731 2.25032 2.25143 2.14573 2.11465 2.04073 1.96793 1.90529 1.84044 1.76863 1.73981 1.68095 1.58526 1.58633 1.51532 1.44435 1.3942 1.33442 1.31126 1.24959 1.20009 1.17944 1.14117 1.11378 1.09745 1.06616 1.03282 1.01923 1.00812 1.00221 1 1.00349 1.01553 1.0216 1.04175 1.05894 1.08201 1.10738 1.13946 1.18355 1.22382 1.27251 1.30507 1.35081 1.37607 1.47485 1.51773 1.56242 1.63336 1.68568 1.71625 1.81942 1.90524 1.88027 1.96865 2.062 2.15472 2.20142 2.27164 2.30752 2.41956 2.47335 2.45074 2.57359 2.66998 2.69445 2.74155 2.76853 2.82268 2.89853 2.99585 3.08641 3.02569 3.13683 3.22444 3.21934 3.20491 3.35712 3.47574 3.50606 3.49174 
3.45956 3.47745 3.38494 3.25921 3.3598 3.39417 3.21107 3.22232 3.12511 3.2001 2.88322 2.99431 2.84558 2.86573 2.76508 2.70365 2.56224 2.60745 2.40646 2.42114 2.33877 2.27226 2.22531 2.19916 2.10838 2.02669 1.9631 1.87663 1.79327 1.79344 1.72768 1.61681 1.61416 1.56341 1.48412 1.4511 1.40261 1.32602 1.31676 1.26141 1.21888 1.15524 1.15712 1.1122 1.08428 1.05494 1.02189 1.02284 1.00912 1.00227 1 1.00249 1.00677 1.0186 1.03513 1.05852 1.08398 1.10779 1.1454 1.19088 1.2109 1.24895 1.29456 1.36157 1.42156 1.44482 1.51834 1.56709 1.62429 1.66318 1.77727 1.79119 1.87485 1.90989 2.0462 2.07122 2.13345 2.1425 2.2879 2.33199 2.33316 2.43217 2.49274 2.61774 2.59779 2.69615 2.77602 2.8191 2.9047 2.851 2.94063 3.07366 3.17661 3.03254 3.21085 3.26894 3.29683 3.33269 3.45791 3.46014 3.49998 
3.59746 3.49862 3.44315 3.32756 3.34184 3.35623 3.23846 3.28016 3.05212 3.17669 2.91978 2.93628 2.95992 2.8498 2.80744 2.67042 2.63471 2.59339 2.55032 2.4921 2.35794 2.3345 2.14122 2.11357 2.06636 2.0708 2.01828 1.93965 1.86654 1.83811 1.75152 1.66867 1.59581 1.53659 1.51714 1.45511 1.40607 1.31208 1.29524 1.23564 1.20505 1.17325 1.13563 1.11034 1.07749 1.06307 1.03334 1.02282 1.0102 0.999602 1 1.00205 1.00983 1.01941 1.03652 1.06929 1.09769 1.11907 1.13455 1.18922 1.23376 1.25862 1.31533 1.32511 1.38325 1.44053 1.54453 1.57845 1.63586 1.64488 1.76158 1.8131 1.84069 1.8999 1.95644 2.02853 2.13114 2.16627 2.20603 2.29154 2.34362 2.48959 2.44072 2.57356 2.60877 2.67818 2.74538 2.79394 2.84016 2.91027 2.98509 3.06647 3.05933 3.07836 3.18786 3.23642 3.31732 3.3306 3.40525 3.49319 3.49594 
3.36842 3.48373 3.52147 3.42634 3.3715 3.25855 3.27607 3.12907 3.15586 3.1117 2.97733 3.02003 2.85233 2.80881 2.86837 2.72058 2.60133 2.56796 2.52201 2.49646 2.36406 2.29499 2.23407 2.22293 2.0625 2.05385 1.97646 1.90978 1.82216 1.76713 1.7191 1.6538 1.59187 1.50983 1.47517 1.44936 1.38846 1.37018 1.33062 1.27879 1.21441 1.17752 1.13518 1.10428 1.10405 1.05855 1.04166 1.02318 1.01102 1.00233 1 1.00213 1.01336 1.01548 1.04059 1.0598 1.0851 1.11887 1.14739 1.19314 1.20084 1.27876 1.30908 1.33697 1.40157 1.49253 1.47821 1.55063 1.61905 1.64471 1.75603 1.801 1.92325 1.95857 2.04963 2.13935 2.06693 2.17077 2.30371 2.30138 2.32103 2.49419 2.55393 2.57678 2.57379 2.66737 2.70392 2.84596 2.89671 2.90297 2.97565 3.05623 3.09681 3.07383 3.22096 3.21641 3.34328 3.3094 3.50309 3.49935 3.46702 
3.51997 3.47105 3.42637 3.41887 3.40415 3.30472 3.20863 3.23386 3.14717 3.07564 2.99348 3.01905 2.9336 2.82873 2.8106 2.67941 2.58661 2.5937 2.50989 2.40404 2.39329 2.39055 2.24544 2.19657 2.09463 2.09442 1.95205 1.93596 1.84898 1.71679 1.74112 1.65687 1.60237 1.54464 1.51349 1.44085 1.42497 1.35024 1.28525 1.26899 1.22809 1.1845 1.11152 1.12005 1.07967 1.05521 1.03822 1.02486 1.0108 1.00127 1 1.00234 1.01177 1.02656 1.03056 1.06601 1.07935 1.11375 1.13138 1.17425 1.23201 1.26757 1.30631 1.37294 1.39044 1.49659 1.50569 1.59088 1.61475 1.70203 1.74775 1.78612 1.88331 1.93656 1.96529 2.02072 2.17071 2.17973 2.22117 2.33247 2.42969 2.39213 2.49031 2.57965 2.69204 2.689 2.83656 2.80539 2.72651 2.85998 2.91397 2.96723 3.12078 3.14091 3.24224 3.19497 3.36731 3.40126 3.4211 3.49957 3.49086 
3.58187 3.45459 3.53538 3.43539 3.20248 3.24675 3.29748 3.22264 3.25656 3.07926 2.9357 2.95117 2.86869 2.87443 2.73662 2.67298 2.64534 2.58177 2.61759 2.50324 2.46125 2.31117 2.24799 2.15545 2.13573 2.13972 1.92038 1.93939 1.8711 1.818 1.72759 1.67054 1.64084 1.5494 1.48044 1.46396 1.4053 1.37477 1.31152 1.26243 1.21737 1.18324 1.14158 1.11524 1.07749 1.05988 1.03119 1.01552 1.00946 1.00045 1 1.00303 1.01005 1.02639 1.04531 1.0602 1.07565 1.11345 1.12936 1.18642 1.21303 1.26001 1.30996 1.34567 1.42006 1.46978 1.45941 1.5769 1.6229 1.67324 1.75115 1.83565 1.89457 1.9427 2.02187 2.04131 2.10432 2.19961 2.28947 2.31538 2.35848 2.45467 2.49285 2.58417 2.6023 2.73905 2.71787 2.83167 2.83533 2.9568 2.99506 3.07124 3.08493 3.14081 3.17281 3.2735 3.30857 3.41175 3.5007 3.48594 3.5491 
3.5464 3.55 3.41766 3.37735 3.34528 3.28768 3.2574 3.16595 3.07825 3.02757 3.09631 2.92419 2.90429 2.84743 2.78214 2.65635 2.47711 2.55993 2.54686 2.46395 2.29227 2.34432 2.29525 2.2254 2.14358 1.9884 1.995 1.88864 1.84136 1.76246 1.73228 1.64643 1.6496 1.56284 1.49084 1.43496 1.38561 1.37875 1.29 1.26367 1.2209 1.17327 1.14484 1.11252 1.07916 1.05186 1.03835 1.01983 1.00759 1.00224 1 1.00057 1.01274 1.01751 1.03703 1.06475 1.08117 1.10293 1.13951 1.17533 1.21353 1.28737 1.30361 1.34578 1.41309 1.4561 1.54473 1.58755 1.63021 1.65156 1.77365 1.77818 1.87189 1.94285 2.04834 2.06352 2.2067 2.15143 2.26053 2.34142 2.41279 2.45655 2.48481 2.53757 2.67059 2.65801 2.74207 2.83933 2.8469 2.86793 2.98791 3.01685 3.02888 3.15142 3.19941 3.29571 3.36241 3.40215 3.41548 3.48834 3.57491 
3.56833 3.41214 3.50083 3.3563 3.4084 3.31289 3.20812 3.24467 3.07501 3.15191 3.06585 2.96146 2.92109 2.88424 2.73984 2.69705 2.64392 2.54027 2.47051 2.3913 2.40187 2.35035 2.21146 2.16489 2.08612 1.99027 1.95493 1.95482 1.86482 1.79795 1.7492 1.66881 1.61239 1.53957 1.50147 1.45697 1.43516 1.34269 1.31456 1.25708 1.23859 1.17629 1.12771 1.11317 1.08259 1.05823 1.03391 1.02316 1.00887 1.00348 1 1.00181 1.01338 1.02078 1.03926 1.0643 1.09347 1.10062 1.13284 1.19845 1.22568 1.28096 1.29777 1.36299 1.38697 1.47555 1.52529 1.58385 1.65947 1.67143 1.76986 1.77585 1.90974 1.92691 1.9637 2.04063 2.13641 2.14035 2.23771 2.35606 2.35307 2.45428 2.48502 2.5525 2.5803 2.70078 2.76745 2.8111 2.81042 2.94329 2.99365 2.98787 3.04146 3.1957 3.16543 3.27845 3.35279 3.30604 3.44329 3.50578 3.51062 
3.50746 3.50209 3.36284 3.49662 3.25483 3.21226 3.3043 3.24207 3.20315 3.09263 3.06827 2.96476 2.95532 2.82315 2.76435 2.79042 2.75009 2.50169 2.51706 2.51086 2.42378 2.25521 2.28295 2.17234 2.13133 2.00801 1.97862 1.94199 1.85931 1.75689 1.71608 1.65751 1.62761 1.56652 1.4792 1.43296 1.40221 1.35644 1.32724 1.24387 1.20375 1.19349 1.13731 1.11684 1.08451 1.06192 1.04045 1.02327 1.0131 1.00024 1 1.00332 1.01488 1.01889 1.03963 1.05556 1.09181 1.11757 1.13318 1.18414 1.22082 1.25529 1.32137 1.33794 1.41277 1.48716 1.52592 1.5198 1.62095 1.6894 1.74762 1.80584 1.90399 1.91282 1.99649 2.07501 2.14138 2.196 2.26541 2.33332 2.27712 2.45658 2.51342 2.5426 2.57201 2.7153 2.73512 2.80018 2.8861 2.91414 2.96918 3.06153 3.06144 3.17972 3.22522 3.23462 3.22723 3.34888 3.38222 3.51959 3.52229 
3.50338 3.57712 3.3361 3.51526 3.3704 3.16153 3.36901 3.15651 3.17174 3.14487 3.06345 3.00278 2.83999 2.80136 2.72302 2.73088 2.61233 2.59879 2.48245 2.47324 2.35311 2.20644 2.28792 2.18295 2.0745 2.05056 1.9929 1.93373 1.79508 1.74534 1.74009 1.67254 1.62084 1.55789 1.49251 1.41287 1.39327 1.35796 1.32221 1.23891 1.21107 1.17652 1.15218 1.11486 1.07036 1.05673 1.03722 1.01695 1.01243 1.0017 1 1.00093 1.00863 1.02272 1.02844 1.05963 1.08879 1.11393 1.1547 1.17885 1.23332 1.28119 1.31071 1.33869 1.41163 1.46996 1.48833 1.5602 1.62775 1.72326 1.75479 1.80875 1.87042 1.95656 2.01984 2.0222 2.13199 2.13988 2.15354 2.3385 2.31081 2.42101 2.46803 2.56955 2.62227 2.71042 2.84345 2.85047 2.82514 2.9392 2.95186 3.07351 3.07382 3.16207 3.22265 3.26784 3.37359 3.40428 3.42466 3.4491 3.51778 
3.39058 3.42453 3.34205 3.37379 3.35046 3.23547 3.19609 3.24238 3.06724 3.08171 3.0407 2.90449 2.85213 2.90399 2.8141 2.67449 2.66284 2.63371 2.52179 2.38072 2.31654 2.35364 2.22991 2.1667 2.08501 2.10689 1.97902 1.9173 1.87451 1.77238 1.74089 1.70263 1.61537 1.5291 1.54708 1.44168 1.39392 1.34511 1.30885 1.25802 1.1971 1.1683 1.15773 1.11225 1.06498 1.05477 1.03641 1.0139 1.00674 1.00047 1 1.00063 1.01193 1.02549 1.03718 1.05738 1.08388 1.10243 1.15386 1.18978 1.21843 1.26424 1.3104 1.36908 1.42718 1.44081 1.48511 1.55794 1.63857 1.68082 1.75885 1.83835 1.88325 1.98078 2.01966 2.04288 2.08296 2.21996 2.22578 2.31206 2.3917 2.39701 2.44433 2.52296 2.67764 2.59822 2.80082 2.83935 2.81403 2.91953 3.04998 3.00636 3.1321 3.11083 3.17972 3.24685 3.30339 3.31312 3.37788 3.45611 3.56538 
3.49419 3.53239 3.49053 3.38366 3.29712 3.22379 3.35855 3.18142 3.10815 3.06719 3.05308 2.90435 2.85837 2.76877 2.76853 2.75236 2.63367 2.45485 2.54483 2.45543 2.35601 2.33428 2.2586 2.26051 2.12122 2.09863 1.95801 1.91945 1.82059 1.8233 1.80744 1.61755 1.63728 1.52214 1.51089 1.44545 1.40856 1.36993 1.30292 1.24305 1.2373 1.18448 1.13255 1.10968 1.07738 1.06063 1.03155 1.0154 1.00576 1.00277 1 1.0027 1.01214 1.02065 1.03321 1.05204 1.08835 1.11465 1.13567 1.19226 1.22401 1.24942 1.31209 1.36068 1.39168 1.45798 1.53601 1.57915 1.65029 1.696 1.74619 1.81035 1.86493 1.9353 1.95832 2.07798 2.12393 2.23324 2.24783 2.31663 2.37275 2.44572 2.51907 2.51272 2.6156 2.7043 2.71318 2.77561 2.92028 2.9386 2.99035 3.05434 3.11814 3.19778 3.15862 3.2515 3.29631 3.3069 3.51286 3.52907 3.50649 
