4.38182 4.42041 4.37099 4.3571 4.12848 4.15495 3.94992 3.83783 3.78718 3.77661 3.6304 3.60266 3.4513 3.35987 3.35908 3.19561 3.24311 3.09448 2.91689 2.90265 2.81026 2.73457 2.68398 2.54815 2.53345 2.43282 2.37122 2.28995 2.16451 2.07343 2.01513 1.9276 1.92199 1.81909 1.7599 1.65793 1.60386 1.53698 1.43921 1.38381 1.32865 1.27667 1.23486 1.18041 1.13733 1.1062 1.07497 1.04645 1.02649 1.01198 1 0.994774 0.992309 1.00733 1.00892 1.03241 1.08722 1.096 1.11139 1.15935 1.19418 1.2378 1.26813 1.37266 1.38297 1.41963 1.48318 1.55157 1.6452 1.62944 1.7794 1.89678 1.93561 1.86377 1.99123 1.99922 2.10796 2.22534 2.35436 2.32473 2.32285 2.44112 2.59414 2.55097 2.73759 2.70307 2.80183 2.85376 2.98752 2.83674 2.89851 3.03275 3.2631 3.23764 3.10024 3.22583 3.30433 3.31693 3.39943 3.39508 3.49237 
4.52408 4.3597 4.24781 4.3561 4.2414 4.0208 4.10635 3.9287 3.8665 3.82546 3.73953 3.60418 3.54925 3.386 3.37934 3.30291 3.18573 3.0445 2.92181 2.91257 2.93974 2.70364 2.69222 2.54721 2.51565 2.42787 2.27929 2.26473 2.18445 2.10055 2.01811 2.0062 1.87715 1.75163 1.70934 1.66751 1.61891 1.5325 1.42438 1.39162 1.33124 1.27764 1.25247 1.20774 1.13354 1.11186 1.05731 1.05286 1.02713 1.01113 1 0.995492 0.996339 1.00226 1.00675 1.03716 1.07698 1.10515 1.13082 1.15245 1.20079 1.25367 1.31291 1.31509 1.40387 1.41494 1.52788 1.58631 1.67367 1.67961 1.7722 1.87857 1.86577 1.94526 1.96959 1.97931 2.12943 2.11808 2.23734 2.29781 2.37633 2.41239 2.4607 2.69389 2.54442 2.76484 2.90865 2.86627 2.88572 2.86943 2.97638 3.03069 3.19122 3.00492 3.18482 3.24466 3.37873 3.33119 3.42369 3.43939 3.34158 
4.45896 4.37502 4.42678 4.28129 4.14243 4.08821 4.12081 3.91387 3.85095 3.75081 3.62781 3.65355 3.53238 3.50609 3.20642 3.30404 3.19594 3.13544 2.94837 2.92838 2.76047 2.71098 2.74371 2.61837 2.51193 2.40718 2.27045 2.28719 2.20129 2.07764 2.00781 1.96445 1.88916 1.74848 1.69806 1.65208 1.60639 1.54783 1.46642 1.39891 1.34972 1.29502 1.24623 1.18856 1.14246 1.10168 1.06177 1.04694 1.0261 1.01386 1 0.996798 0.992258 0.999384 1.01162 1.02641 1.06846 1.09702 1.12558 1.17041 1.18058 1.22549 1.28707 1.35901 1.37757 1.44916 1.49005 1.56606 1.67497 1.63484 1.7461 1.84867 1.90515 1.93106 1.96544 2.12032 2.13207 2.21955 2.25573 2.23693 2.35737 2.50197 2.53958 2.55774 2.63388 2.62836 2.79908 2.86404 2.87818 2.98208 2.97359 3.10155 3.12055 3.24402 3.28581 3.22887 3.2802 3.354 3.4145 3.41945 3.30112 
4.44057 4.35126 4.35041 4.19291 4.2749 4.14522 4.05283 3.92918 3.83863 3.75984 3.68348 3.50055 3.445 3.50568 3.32043 3.28246 3.21102 3.16012 3.00198 2.95219 2.8161 2.75859 2.64083 2.59255 2.44742 2.38388 2.34677 2.2617 2.18413 2.13294 1.98615 1.9686 1.88471 1.77983 1.69593 1.64842 1.61479 1.51536 1.46443 1.38697 1.3514 1.28277 1.24918 1.19344 1.14868 1.11508 1.07511 1.04531 1.024 1.00982 1 0.997767 0.991515 1.01414 1.01815 1.04076 1.07182 1.10738 1.12487 1.1534 1.17634 1.25039 1.30787 1.31571 1.38422 1.44176 1.4419 1.61055 1.6028 1.63757 1.76105 1.81795 1.85481 1.93614 2.01745 1.98079 2.14771 2.18755 2.20359 2.3428 2.4058 2.37313 2.50401 2.63202 2.55081 2.56291 2.75237 2.78669 2.80336 3.00504 3.02711 2.95226 3.15948 3.20338 3.30656 3.48139 3.27451 3.32579 3.37221 3.33324 3.49407 
4.50962 4.38022 4.34192 4.43057 4.13407 4.19143 4.06282 3.98533 3.90242 3.83843 3.60165 3.56624 3.47946 3.41768 3.27521 3.28424 3.20928 3.01152 3.03742 2.83477 2.86185 2.76542 2.57256 2.59703 2.47255 2.41882 2.37492 2.29161 2.17476 2.0986 1.99916 1.93013 1.90285 1.81555 1.76652 1.62331 1.59602 1.50434 1.45465 1.39157 1.32764 1.2671 1.23984 1.20044 1.14442 1.10787 1.07639 1.04952 1.02059 1.00977 1 0.992893 1.0023 1.00058 1.01028 1.04852 1.05326 1.07411 1.12701 1.16452 1.21019 1.24841 1.26225 1.33296 1.36088 1.44344 1.5302 1.55387 1.64204 1.63605 1.75537 1.73429 1.88498 1.89961 1.97934 2.12762 2.11708 2.13968 2.25955 2.38115 2.35241 2.43381 2.60578 2.65607 2.72821 2.69431 2.63119 2.79641 2.91117 2.96151 2.92922 3.01624 3.16471 3.21447 3.25024 3.26985 3.33944 3.30441 3.2546 3.34318 3.40728 
4.46111 4.47258 4.24872 4.33997 4.12951 4.21333 3.95657 3.89237 3.90913 3.76639 3.58168 3.53228 3.53621 3.44498 3.35317 3.21883 3.20435 3.0297 3.0074 2.91676 2.86453 2.76219 2.65887 2.64488 2.43654 2.39204 2.34897 2.29502 2.18955 2.06226 2.00448 1.94103 1.81474 1.77146 1.73019 1.64115 1.57323 1.48299 1.47479 1.40478 1.35885 1.29079 1.22661 1.19111 1.14589 1.10638 1.06855 1.05318 1.02334 1.01013 1 0.995649 0.998456 0.996539 1.01758 1.0398 1.06742 1.08528 1.11392 1.172 1.19294 1.23168 1.28853 1.35859 1.39915 1.46942 1.49963 1.57102 1.65555 1.62195 1.71713 1.84195 1.8821 1.85927 1.93415 1.96083 2.08303 2.22794 2.27509 2.34813 2.43038 2.45917 2.51234 2.62621 2.65145 2.72583 2.87429 2.73457 2.87347 2.9816 2.99598 2.97668 3.18386 3.1249 3.27445 3.34458 3.22335 3.50763 3.3299 3.34282 3.29515 
4.49833 4.58773 4.38316 4.32542 4.13085 4.13178 4.02146 3.92466 3.88252 3.73634 3.72773 3.66937 3.54229 3.50586 3.29585 3.3157 3.15757 3.02783 2.93746 2.8803 2.81861 2.71283 2.72485 2.57029 2.44642 2.47775 2.3117 2.27753 2.16156 2.11935 2.0003 2.00607 1.88988 1.83793 1.76195 1.65676 1.58094 1.52231 1.45735 1.41068 1.35596 1.2821 1.23313 1.19317 1.14094 1.10977 1.07658 1.05112 1.03118 1.01058 1 0.995257 0.999054 0.999227 1.02183 1.03596 1.04195 1.07112 1.10982 1.14753 1.19392 1.23071 1.2864 1.3371 1.41699 1.47088 1.48488 1.48394 1.64971 1.60026 1.63675 1.86721 1.86885 1.93478 1.96238 2.02727 2.09454 2.16514 2.19101 2.30489 2.34317 2.45399 2.45978 2.63758 2.60334 2.6883 2.81818 2.74525 2.90106 3.01246 2.99217 3.07454 3.07184 3.17553 3.31145 3.24989 3.25392 3.40413 3.30007 3.47049 3.38877 
4.41294 4.4483 4.46549 4.25479 4.13532 4.03365 4.0366 4.02688 3.91793 3.75888 3.70565 3.59793 3.63518 3.49519 3.27012 3.2607 3.09469 3.13505 2.9551 2.86357 2.87756 2.71992 2.67428 2.61599 2.49554 2.45214 2.34988 2.24195 2.07877 2.07243 1.98821 1.929 1.8815 1.78232 1.72475 1.6837 1.63057 1.51961 1.45904 1.40171 1.33656 1.3029 1.22473 1.18756 1.14441 1.11843 1.07965 1.04194 1.02725 1.01014 1 0.994214 0.999731 1.00617 1.02348 1.03284 1.06366 1.0986 1.14388 1.16352 1.20397 1.26741 1.31028 1.34685 1.36951 1.4864 1.50967 1.55901 1.58159 1.70146 1.72479 1.80787 1.86509 1.92196 1.9428 2.0245 2.09174 2.21912 2.23164 2.29651 2.32284 2.53873 2.53702 2.58689 2.64506 2.76983 2.79869 2.82448 2.92966 3.06841 2.92068 3.23177 3.15997 3.24293 3.2583 3.24769 3.30404 3.21164 3.33599 3.42284 3.41676 
4.53974 4.3587 4.36056 4.35134 4.01454 4.11376 3.99319 3.96916 3.91005 3.77283 3.64617 3.67765 3.61674 3.41002 3.38023 3.2569 3.12577 3.06279 3.00446 2.88077 2.83501 2.80191 2.6653 2.63205 2.48344 2.38163 2.34296 2.2644 2.16007 2.07836 2.03077 1.95787 1.88989 1.81895 1.72933 1.68003 1.59882 1.51282 1.42713 1.38818 1.34382 1.28649 1.22534 1.1979 1.15353 1.11249 1.07869 1.04693 1.02978 1.00708 1 0.993187 0.996337 1.0079 1.01996 1.03525 1.07668 1.09414 1.14124 1.15773 1.18332 1.2387 1.29046 1.3501 1.40027 1.43404 1.43309 1.51953 1.60501 1.72181 1.71138 1.83798 1.85342 1.96311 1.96887 2.03187 2.12003 2.12912 2.30249 2.35635 2.33929 2.45266 2.44329 2.52027 2.74213 2.72107 2.73331 2.82222 2.8848 2.95398 2.94302 3.04107 3.16689 3.17739 3.22972 3.37697 3.3602 3.41098 3.3401 3.3497 3.54023 
4.61081 4.45223 4.35829 4.15797 4.23906 4.22104 4.06993 3.97532 3.82035 3.8108 3.60352 3.62808 3.49833 3.48112 3.32157 3.2426 3.08617 3.05903 2.98963 2.88018 2.86288 2.75477 2.67348 2.59223 2.47686 2.40522 2.32868 2.27474 2.11032 2.13611 2.04805 1.95788 1.90581 1.75481 1.7342 1.68276 1.60083 1.51542 1.45533 1.40358 1.34897 1.29541 1.2277 1.18248 1.15706 1.10333 1.06735 1.04621 1.02409 1.00969 1 0.996006 0.996533 1.00484 1.01987 1.03418 1.06635 1.08167 1.10167 1.15087 1.19365 1.26203 1.2697 1.34286 1.43224 1.44844 1.54501 1.59672 1.60887 1.6916 1.71456 1.78508 1.84788 1.9114 1.95627 2.05409 2.12645 2.21834 2.295 2.34765 2.35438 2.44235 2.44984 2.61881 2.57109 2.70911 2.77774 2.75891 2.963 2.896 2.9586 3.01583 3.09598 3.22386 3.19578 3.36896 3.30093 3.42572 3.38876 3.44048 3.40535 
4.4609 4.4191 4.48085 4.17424 4.20616 3.96076 3.96469 3.985 3.83075 3.79047 3.51681 3.56336 3.47192 3.39038 3.30928 3.17173 3.10658 3.07765 2.93046 2.9927 2.78731 2.71144 2.6959 2.61174 2.45203 2.46459 2.32744 2.24896 2.13432 2.1139 2.00964 1.93914 1.80811 1.77973 1.74635 1.65113 1.58905 1.5186 1.46082 1.38927 1.35758 1.28527 1.24962 1.20283 1.13714 1.11041 1.07831 1.05392 1.02824 1.00843 1 0.99587 0.999482 1.00674 1.01645 1.04283 1.07464 1.09078 1.12917 1.16573 1.20524 1.23162 1.27038 1.36888 1.38412 1.42831 1.48013 1.55638 1.5905 1.70517 1.69186 1.8039 1.83549 1.94109 2.00087 2.11279 2.1239 2.21743 2.23966 2.34678 2.37779 2.54168 2.49572 2.5504 2.60863 2.65955 2.73438 2.82268 2.89245 2.92998 2.98358 3.20161 3.16621 3.217 3.13392 3.25204 3.28678 3.42539 3.44985 3.42155 3.54614 
4.48986 4.38972 4.26688 4.32916 4.14268 4.00063 4.0644 3.88527 3.84309 3.74277 3.76911 3.62379 3.50134 3.46863 3.3129 3.33945 3.17341 3.0835 2.92977 2.83104 2.87145 2.74111 2.71962 2.56156 2.56037 2.44275 2.33216 2.26931 2.14357 2.08218 1.96789 1.91828 1.93142 1.78687 1.74016 1.67942 1.59803 1.53313 1.47837 1.4116 1.32516 1.29798 1.23468 1.17924 1.13087 1.09929 1.07545 1.049 1.02644 1.01103 1 0.998123 0.996444 0.997896 1.01645 1.03236 1.05784 1.08249 1.13307 1.1517 1.19647 1.26052 1.26706 1.27595 1.36123 1.41918 1.4964 1.57845 1.63956 1.69639 1.78499 1.86397 1.8876 1.95239 1.95336 2.03409 2.23221 2.18928 2.28856 2.30641 2.3726 2.48435 2.51638 2.57075 2.66359 2.75043 2.73083 2.73505 2.91041 3.03669 3.04081 3.11843 3.14362 3.08801 3.21548 3.21721 3.39462 3.41921 3.34189 3.34451 3.62029 
4.53053 4.42006 4.25524 4.24659 4.21513 4.10247 4.01575 3.93007 3.76377 3.74872 3.66577 3.65874 3.42506 3.31117 3.36009 3.29039 3.25558 3.07153 3.01396 2.92011 2.88208 2.68062 2.6246 2.60718 2.39079 2.44558 2.29776 2.29435 2.16181 2.10439 2.01281 1.89264 1.89677 1.78795 1.74457 1.6164 1.56233 1.5177 1.45034 1.40132 1.3407 1.28218 1.21409 1.17353 1.13735 1.09801 1.07745 1.05225 1.02946 1.00815 1 0.992784 0.994632 0.997371 1.00829 1.02641 1.06715 1.08605 1.11816 1.1645 1.1603 1.22579 1.30881 1.32954 1.38418 1.42351 1.5088 1.56437 1.59873 1.71916 1.71684 1.78259 1.84402 1.90655 1.9806 2.03662 2.1642 2.22757 2.2799 2.34469 2.44914 2.40097 2.50026 2.66888 2.64725 2.73607 2.70799 2.76637 2.99202 2.97312 3.03713 3.09833 3.11016 3.16784 3.14185 3.31569 3.27485 3.54546 3.5131 3.31003 3.45418 
4.50953 4.39632 4.40449 4.38879 4.12435 4.08107 3.9562 3.97058 3.90334 3.80555 3.64213 3.56276 3.49389 3.37214 3.31958 3.25062 3.1422 3.00862 2.99751 2.83122 2.69245 2.77991 2.73212 2.63203 2.46942 2.45921 2.32234 2.276 2.22316 2.07902 2.04675 1.98277 1.8089 1.77283 1.73452 1.66624 1.60674 1.55294 1.4276 1.39352 1.32166 1.28479 1.22735 1.18768 1.15013 1.09625 1.08053 1.04912 1.02519 1.01058 1 0.995469 0.999996 1.01353 1.02037 1.03169 1.06173 1.09226 1.12402 1.15717 1.1972 1.25014 1.32487 1.33816 1.36344 1.42563 1.50602 1.59757 1.60096 1.62518 1.71896 1.79875 1.88973 1.91187 1.94636 2.10962 2.16879 2.2303 2.32995 2.21952 2.36614 2.47017 2.45715 2.63542 2.68089 2.64563 2.79894 2.94245 2.85992 2.92242 2.97173 3.02872 3.17426 3.24675 3.2442 3.27569 3.26425 3.36264 3.37047 3.47823 3.45411 
4.40709 4.37725 4.29253 4.25699 4.18556 4.09131 4.0024 3.95546 3.76877 3.71348 3.65062 3.5701 3.53096 3.38398 3.30523 3.26314 3.18656 3.11683 2.98947 2.91499 2.8469 2.72456 2.67217 2.62876 2.45674 2.35903 2.30597 2.2146 2.08526 2.16536 2.0031 1.95038 1.88142 1.82981 1.699 1.64418 1.56764 1.48374 1.46789 1.38869 1.3508 1.2679 1.22226 1.19894 1.1429 1.11101 1.08566 1.04947 1.02587 1.01095 1 0.993426 0.992183 1.00329 1.03299 1.0368 1.06232 1.09199 1.11869 1.16378 1.19473 1.24752 1.29085 1.34313 1.36581 1.36717 1.48462 1.5423 1.63499 1.69893 1.68243 1.76587 1.80048 1.89247 1.9854 2.03604 2.1317 2.21687 2.2801 2.32758 2.38754 2.51247 2.50417 2.69935 2.78527 2.72436 2.78123 2.81368 2.859 2.98816 2.95754 3.09484 3.05432 3.24755 3.15947 3.26372 3.34015 3.30864 3.23968 3.33931 3.60744 
4.42036 4.37093 4.16275 4.31772 4.16895 4.19027 3.9643 3.94722 3.70668 3.828 3.68977 3.64662 3.48448 3.50129 3.3397 3.26634 3.15674 3.12193 3.008 2.90036 2.80376 2.73464 2.64726 2.61145 2.44745 2.40773 2.38983 2.27956 2.21676 2.04858 2.05613 1.9586 1.91291 1.82177 1.7357 1.68261 1.57255 1.51701 1.48105 1.38219 1.33788 1.28475 1.23414 1.18638 1.15156 1.11022 1.06881 1.04791 1.02421 1.0093 1 0.998711 1.00012 1.00221 1.01486 1.02879 1.0563 1.08994 1.12218 1.13162 1.21847 1.25557 1.29235 1.36152 1.40883 1.49547 1.46073 1.53003 1.59809 1.69453 1.75574 1.7991 1.76649 1.92749 1.98732 2.07193 2.12538 2.22708 2.31013 2.28401 2.46637 2.5295 2.56772 2.66198 2.66696 2.66692 2.72375 2.76417 2.86053 2.95788 3.0991 3.09357 3.19488 3.35524 3.20642 3.19266 3.42437 3.37343 3.42097 3.44312 3.3773 
4.48391 4.43612 4.34606 4.18356 4.08382 4.09832 4.1153 3.94957 3.86374 3.76585 3.59411 3.64948 3.45044 3.35836 3.32377 3.18456 3.08934 2.9751 2.96215 2.89396 2.85416 2.75663 2.61236 2.56527 2.51599 2.43646 2.40849 2.28058 2.17963 2.11947 2.03424 1.97003 1.8481 1.7852 1.73213 1.66174 1.61017 1.53296 1.47544 1.40089 1.35099 1.28816 1.23866 1.21349 1.14927 1.11907 1.08069 1.04863 1.02703 1.00805 1 0.996086 0.999321 1.00112 1.02107 1.02718 1.0582 1.08664 1.1256 1.15608 1.21291 1.23312 1.27613 1.34907 1.39745 1.42159 1.50526 1.53878 1.5982 1.7197 1.71234 1.83344 1.85533 1.916 1.99433 2.02609 2.12961 2.20433 2.24413 2.26787 2.4008 2.45437 2.54293 2.8119 2.5479 2.72727 2.85316 2.94151 2.8431 2.97615 3.09207 3.26943 3.03418 3.22403 3.36344 3.11188 3.35493 3.22079 3.29939 3.3245 3.5468 
4.46681 4.43163 4.3126 4.23008 4.18846 4.03344 4.03524 4.06458 3.87059 3.77339 3.72475 3.59237 3.6058 3.45983 3.42279 3.30696 3.09986 3.1369 2.96192 2.89352 2.812 2.81247 2.65323 2.56777 2.49813 2.42597 2.31378 2.26505 2.19343 2.0813 2.02639 1.92812 1.85656 1.78493 1.72251 1.66163 1.61142 1.52898 1.47909 1.38924 1.34023 1.27937 1.24031 1.17581 1.1589 1.10329 1.08286 1.04315 1.02371 1.01021 1 0.996599 0.998977 1.00533 1.02493 1.02402 1.06464 1.106 1.11526 1.17895 1.19607 1.24425 1.29052 1.327 1.34994 1.4494 1.50029 1.56363 1.58452 1.72438 1.74967 1.80219 1.83748 1.84205 2.02221 2.04565 2.07922 2.28753 2.18971 2.35111 2.33537 2.45064 2.5834 2.61843 2.76776 2.64073 2.80515 2.78404 2.92026 3.05194 3.02854 3.01489 3.119 3.11794 3.17178 3.3044 3.24595 3.27341 3.40067 3.43256 3.50226 
4.46685 4.40389 4.34275 4.26143 4.16502 4.10632 3.99294 3.89831 3.8375 3.70833 3.66763 3.58712 3.56562 3.43975 3.30424 3.28093 3.18425 3.05724 3.04786 2.92068 2.88684 2.77354 2.62049 2.57309 2.44701 2.45668 2.33423 2.30089 2.12434 2.08701 2.02721 1.91659 1.8909 1.78343 1.71024 1.6608 1.57826 1.53634 1.46377 1.4118 1.3506 1.30493 1.24855 1.1971 1.15369 1.11581 1.08085 1.04386 1.02022 1.00929 1 0.996092 1.00005 1.00523 1.01591 1.04007 1.04481 1.09649 1.13717 1.15206 1.20885 1.23033 1.27951 1.35004 1.38466 1.44068 1.47984 1.55413 1.5647 1.61258 1.72538 1.77279 1.84236 1.90332 2.04122 2.06918 2.14674 2.16665 2.27205 2.27836 2.48061 2.40764 2.50098 2.66778 2.59687 2.71576 2.67732 2.88824 2.90675 2.93557 2.99947 3.05491 3.17528 3.07043 3.24242 3.24381 3.29015 3.28839 3.38847 3.4234 3.54395 
4.55242 4.47552 4.31152 4.26938 4.16494 4.11223 4.09841 3.79216 3.75762 3.77271 3.74832 3.5556 3.50844 3.52676 3.30083 3.23927 3.22844 3.06788 3.02512 2.94404 2.87174 2.70512 2.62919 2.6548 2.51184 2.42164 2.30333 2.20181 2.16446 2.07757 2.05391 1.97341 1.89079 1.74978 1.71257 1.67132 1.56369 1.51143 1.47183 1.38454 1.35384 1.27639 1.24139 1.20815 1.14254 1.10498 1.06853 1.04538 1.02212 1.00912 1 0.995621 0.998858 1.01298 1.00759 1.02265 1.06051 1.10264 1.13464 1.17432 1.22374 1.25088 1.2537 1.32813 1.39792 1.42934 1.4952 1.56083 1.62671 1.70143 1.77515 1.82192 1.8321 1.92036 2.03512 2.08102 2.12321 2.18288 2.29267 2.31178 2.54061 2.44102 2.64194 2.61745 2.67107 2.74619 2.81297 2.80254 2.82614 3.0057 3.0126 3.1338 3.15732 3.17351 3.18259 3.3709 3.3214 3.34887 3.50757 3.32169 3.45226 
4.4465 4.31289 4.28474 4.27027 4.07046 4.12369 4.01266 3.97269 3.73689 3.75007 3.67797 3.62103 3.59926 3.51358 3.32316 3.29698 3.15224 3.10475 3.04452 2.84754 2.81637 2.80066 2.70578 2.56174 2.41406 2.44787 2.31818 2.2635 2.18876 2.06289 2.02132 1.96544 1.88175 1.77797 1.7113 1.65867 1.61218 1.49292 1.49179 1.41014 1.36896 1.27607 1.2516 1.20247 1.14646 1.11413 1.08189 1.0435 1.02799 1.00868 1 0.996749 0.99317 1.00479 1.01517 1.02896 1.06092 1.08795 1.13378 1.15158 1.17748 1.22509 1.30133 1.35167 1.41577 1.44995 1.47622 1.53058 1.62204 1.6932 1.72435 1.79339 1.85837 1.99437 1.9728 2.04099 2.07734 2.10899 2.24353 2.38982 2.46129 2.49541 2.50705 2.55901 2.59525 2.77341 2.79204 2.88332 2.86372 2.95946 2.94624 3.05235 3.16308 3.12142 3.30447 3.30012 3.34444 3.40195 3.32185 3.39848 3.37864 
4.51296 4.39304 4.31025 4.15939 4.182 4.08256 4.02487 3.88086 3.8382 3.68852 3.6819 3.53016 3.47017 3.46215 3.31775 3.33888 3.16781 3.08083 2.98681 2.94618 2.78401 2.81667 2.67712 2.56527 2.50451 2.42172 2.29577 2.26554 2.16282 2.05679 1.97859 1.93587 1.891 1.79644 1.71755 1.6413 1.61588 1.50857 1.4613 1.36726 1.31692 1.30631 1.23037 1.20007 1.15775 1.12042 1.07222 1.05148 1.02896 1.01023 1 0.996759 0.997698 0.997684 1.01118 1.03557 1.05705 1.08551 1.11238 1.17045 1.19513 1.23071 1.27618 1.32192 1.41412 1.46702 1.49713 1.55665 1.63789 1.6424 1.73712 1.77613 1.87175 1.94186 1.98331 2.05852 2.06439 2.18437 2.16025 2.37819 2.30684 2.41753 2.57752 2.59044 2.6478 2.8133 2.81361 2.80303 2.99243 3.06962 3.04682 3.06045 3.18636 3.08156 3.25477 3.2145 3.32534 3.38675 3.47243 3.38753 3.49787 
4.40627 4.28305 4.34754 4.32269 4.08705 3.94285 4.01823 4.00938 3.82231 3.76295 3.68965 3.55498 3.4848 3.42268 3.29999 3.25407 3.03701 3.05413 3.00769 2.90956 2.77875 2.76 2.7088 2.629 2.49257 2.4014 2.34131 2.23259 2.21254 2.02385 2.06599 1.949 1.87458 1.79231 1.70208 1.6671 1.59768 1.52542 1.47887 1.41557 1.33968 1.2818 1.25132 1.19931 1.12591 1.11169 1.08126 1.05255 1.02788 1.01076 1 0.995757 0.999101 1.0016 1.02349 1.0344 1.06142 1.07878 1.11565 1.16508 1.20367 1.24268 1.30598 1.34615 1.40024 1.44692 1.48816 1.56234 1.56617 1.68014 1.72332 1.79138 1.82795 1.9251 2.00689 2.04157 2.12086 2.16082 2.26019 2.42682 2.42971 2.55623 2.60255 2.5799 2.7068 2.74784 2.75323 2.82751 3.03448 2.9687 3.05417 3.17679 3.16006 3.13499 3.22857 3.26538 3.19003 3.39942 3.35826 3.42022 3.41819 
4.56857 4.37644 4.32253 4.23838 4.0687 4.07358 3.9426 3.94967 3.9158 3.69653 3.68818 3.61231 3.5546 3.41325 3.30778 3.21664 3.17693 3.08571 2.9988 2.89911 2.85833 2.72715 2.64462 2.54166 2.52304 2.42185 2.33129 2.26075 2.17253 2.06352 2.03435 1.98108 1.87472 1.75752 1.71872 1.66006 1.56807 1.49265 1.47826 1.38691 1.34076 1.30026 1.21405 1.19507 1.14985 1.11226 1.07517 1.04986 1.02538 1.01183 1 0.996071 1.00306 1.01076 1.02822 1.04531 1.06377 1.09729 1.13734 1.15013 1.16826 1.26323 1.27552 1.34254 1.41539 1.46016 1.52456 1.55057 1.60927 1.69328 1.78931 1.81094 1.81495 1.90258 1.95441 2.03439 2.09868 2.22695 2.29613 2.34792 2.37821 2.51583 2.51259 2.55973 2.63952 2.72945 2.73616 2.75341 2.83988 3.04176 2.97565 3.05541 3.10446 3.17869 3.25484 3.22658 3.44363 3.22951 3.56059 3.3715 3.44836 
4.55133 4.36141 4.48447 4.19342 4.23433 3.98844 4.02933 3.94147 3.78645 3.68621 3.69551 3.60094 3.46352 3.35743 3.27525 3.19287 3.17887 3.11826 3.05019 2.94046 2.77431 2.74861 2.68159 2.54267 2.4689 2.38785 2.38177 2.20919 2.20901 2.11235 2.02523 1.88956 1.87736 1.81171 1.72699 1.66972 1.54411 1.49455 1.44203 1.39956 1.32055 1.29086 1.23341 1.19416 1.15124 1.11097 1.07666 1.04945 1.0246 1.0087 1 0.99357 1.00368 0.996965 1.01251 1.04315 1.07066 1.07549 1.13367 1.16375 1.20571 1.21584 1.29721 1.34855 1.40851 1.39426 1.48973 1.53138 1.57529 1.68913 1.77949 1.74699 1.85853 1.95249 2.01295 2.06576 2.04271 2.06817 2.25212 2.27603 2.33222 2.34238 2.57669 2.59354 2.70335 2.78867 2.76549 2.76438 2.93567 3.03491 3.02937 3.02879 3.17084 3.26971 3.16995 3.24772 3.30023 3.37456 3.42232 3.42568 3.44976 
4.48758 4.39918 4.37336 4.227 4.17099 4.02672 3.96977 3.8779 3.74302 3.61815 3.68749 3.61945 3.58501 3.49424 3.24301 3.30769 3.23683 3.04787 3.06327 2.83973 2.80814 2.68465 2.63606 2.56694 2.477 2.45002 2.29939 2.23802 2.15119 2.06925 2.03052 1.91379 1.83099 1.79925 1.67015 1.64742 1.58137 1.53193 1.45942 1.36647 1.35939 1.31005 1.22646 1.18623 1.13427 1.12175 1.08134 1.05381 1.02929 1.01064 1 0.995437 0.9994 1.0016 1.01224 1.02113 1.07676 1.09956 1.10812 1.16985 1.20175 1.237 1.29739 1.3415 1.34685 1.40772 1.5092 1.58656 1.65904 1.72567 1.73106 1.79294 1.85546 2.01628 1.95681 2.11604 2.06103 2.15637 2.24344 2.28977 2.37245 2.63547 2.57943 2.62576 2.62957 2.71439 2.78227 2.7996 2.97462 2.97908 2.97881 3.13907 3.24369 3.11349 3.28746 3.20982 3.28036 3.2678 3.40781 3.30861 3.53053 
4.60881 4.40213 4.35643 4.22383 4.08911 4.12449 4.05245 3.96263 3.83976 3.64565 3.66346 3.52342 3.42822 3.39396 3.33846 3.1776 3.18092 3.08295 3.01424 2.9325 2.82032 2.71156 2.66978 2.54489 2.44492 2.41782 2.25869 2.31083 2.13018 2.10433 2.069 1.94201 1.84398 1.80721 1.72159 1.65162 1.54867 1.52865 1.44607 1.39812 1.32037 1.27797 1.225 1.17756 1.1549 1.11113 1.07211 1.04415 1.02397 1.01004 1 0.994336 0.995685 1.017 1.02055 1.04093 1.07505 1.10242 1.13472 1.14725 1.17238 1.23517 1.27414 1.31667 1.38552 1.44136 1.54089 1.53722 1.61113 1.66957 1.68007 1.72471 1.83284 1.92946 1.97315 2.10322 2.08883 2.33316 2.21471 2.30456 2.35477 2.40307 2.60092 2.67167 2.76663 2.70908 2.81028 2.83018 2.87941 3.05486 3.00953 3.07356 3.31285 3.14601 3.13586 3.22199 3.36959 3.36203 3.52602 3.52706 3.50708 
4.45021 4.40271 4.30365 4.2132 4.22474 4.1985 4.03712 3.89128 3.76243 3.65978 3.61957 3.51112 3.48934 3.45173 3.30041 3.2167 3.1925 3.00567 3.01449 2.90439 2.80024 2.74427 2.63854 2.57508 2.50463 2.4279 2.3039 2.30463 2.18178 2.06756 2.0012 1.93358 1.90164 1.77919 1.689 1.69747 1.60238 1.52812 1.46367 1.41894 1.3419 1.272 1.23295 1.1828 1.15983 1.09776 1.0685 1.04235 1.02991 1.00919 1 0.994731 0.995956 1.00671 1.00781 1.04168 1.07783 1.10083 1.11394 1.13745 1.17592 1.24611 1.25515 1.30676 1.37558 1.44151 1.50073 1.53318 1.65874 1.67895 1.74679 1.78713 1.90238 1.88352 2.02 2.09364 2.0535 2.21437 2.12419 2.3017 2.42437 2.45492 2.60797 2.65239 2.71622 2.76921 2.75415 2.91753 2.95746 2.96466 2.96036 2.97697 2.94988 3.10149 3.20218 3.40899 3.34234 3.275 3.49986 3.44332 3.61202 
4.45165 4.47341 4.40509 4.45365 4.11438 4.10788 4.09583 3.95929 3.82824 3.74337 3.70535 3.52481 3.47252 3.43314 3.2506 3.30634 3.11065 3.11489 3.0209 2.8125 2.86579 2.71657 2.63895 2.56039 2.50732 2.47179 2.33479 2.25943 2.15228 2.1566 2.00939 1.86927 1.86363 1.78121 1.71937 1.67179 1.57366 1.48683 1.47374 1.40698 1.36869 1.28441 1.23513 1.19937 1.14093 1.11558 1.07693 1.04417 1.02459 1.00813 1 0.995717 0.999432 1.00788 1.02135 1.034 1.04594 1.0864 1.12009 1.15386 1.22724 1.26481 1.31913 1.39072 1.38627 1.42226 1.48324 1.62198 1.60389 1.68475 1.73457 1.82771 1.88649 1.92321 2.01513 2.14174 2.12507 2.11296 2.20359 2.31349 2.49172 2.50439 2.53961 2.60539 2.66884 2.70511 2.71903 2.94386 2.92285 2.90131 2.99775 3.26822 3.16571 3.24506 3.25943 3.21339 3.3189 3.35127 3.37492 3.42684 3.45072 
4.39723 4.41844 4.31581 4.25362 4.22111 4.14696 3.96862 3.8361 3.80111 3.82318 3.6331 3.59767 3.46742 3.34137 3.37443 3.28091 3.03583 3.15117 3.00531 2.96491 2.87059 2.67587 2.70698 2.57075 2.48326 2.51274 2.31449 2.2342 2.18731 2.09344 2.02712 1.94223 1.88649 1.84367 1.72782 1.65879 1.56476 1.55719 1.45559 1.37578 1.34256 1.26285 1.23724 1.19129 1.12467 1.10061 1.06978 1.05072 1.02502 1.01098 1 0.993333 0.997878 1.01246 1.01932 1.0409 1.06446 1.12629 1.15036 1.15128 1.23135 1.23157 1.2941 1.33746 1.3653 1.41736 1.48116 1.5455 1.63745 1.69978 1.71597 1.78059 1.84906 1.87629 1.92905 2.00496 2.12664 2.19927 2.30522 2.25097 2.35923 2.41907 2.47898 2.62049 2.69314 2.78199 2.83503 2.80794 2.9099 2.89474 2.93707 3.0947 3.13205 3.22899 3.12224 3.31664 3.32225 3.31732 3.41365 3.45681 3.53026 
4.5428 4.39517 4.42277 4.26987 4.24836 4.06562 4.01621 3.93172 3.8998 3.83939 3.5941 3.63263 3.47295 3.35198 3.33916 3.30537 3.20668 3.09891 2.97018 2.88482 2.79876 2.76548 2.67244 2.61438 2.53024 2.40821 2.32671 2.30267 2.13552 2.07477 1.99422 1.94829 1.84177 1.78279 1.69915 1.61393 1.61713 1.50816 1.44642 1.41347 1.35303 1.29598 1.23465 1.19953 1.15372 1.10331 1.08378 1.05031 1.029 1.01087 1 0.994748 1.00115 1.00977 1.01732 1.029 1.06272 1.08985 1.12393 1.1421 1.23333 1.25046 1.2715 1.36896 1.39469 1.42196 1.52405 1.54686 1.64666 1.71936 1.81423 1.74842 1.79857 1.89421 1.96039 2.07121 2.10318 2.15728 2.27499 2.32765 2.36351 2.5705 2.51258 2.56541 2.60734 2.72279 2.86931 2.93425 3.0088 3.00026 3.07574 3.13014 3.05337 3.24652 3.24021 3.27818 3.31105 3.39491 3.39422 3.447 3.4181 
4.49604 4.40142 4.36487 4.25516 4.05828 4.07551 4.07283 3.85237 3.84334 3.68145 3.74314 3.64307 3.63699 3.44113 3.27161 3.26042 3.22165 3.08556 3.08485 2.88719 2.78274 2.67476 2.69872 2.56024 2.4989 2.45251 2.34184 2.23666 2.14198 2.11758 2.01499 1.93697 1.83363 1.77161 1.69374 1.6448 1.56678 1.49789 1.42818 1.40178 1.32856 1.29055 1.21123 1.17088 1.13027 1.10754 1.08081 1.05786 1.02421 1.0085 1 0.994609 0.999395 1.00595 1.01658 1.02889 1.03954 1.08693 1.11369 1.17121 1.19669 1.2472 1.29618 1.34202 1.38216 1.43475 1.47937 1.48735 1.62702 1.70543 1.75461 1.82117 1.87377 1.95211 1.98329 2.01989 2.07291 2.15536 2.24825 2.3399 2.41834 2.47702 2.52264 2.71451 2.64381 2.72796 2.70039 2.8087 2.96652 2.9463 3.06533 3.0162 3.19959 3.20886 3.21067 3.28954 3.23958 3.33871 3.38843 3.35597 3.43321 
4.51858 4.39368 4.31601 4.24509 4.08693 4.18108 3.94232 3.84638 3.79205 3.72363 3.70743 3.49333 3.51262 3.42286 3.32191 3.19581 3.20069 2.96834 2.9954 2.91603 2.79442 2.79568 2.73238 2.54837 2.50935 2.4463 2.31459 2.1963 2.21153 2.07284 2.04452 1.90924 1.88154 1.77179 1.70628 1.65933 1.60424 1.52739 1.47636 1.40647 1.33553 1.28558 1.24593 1.18419 1.15566 1.10251 1.07622 1.04834 1.02595 1.00751 1 0.995622 0.997559 1.01123 1.03312 1.03546 1.0454 1.09381 1.12256 1.13536 1.19294 1.23092 1.30454 1.35557 1.4126 1.40072 1.4949 1.59468 1.61817 1.65894 1.72342 1.83563 1.79216 1.90748 1.97002 2.00944 2.02079 2.15132 2.24271 2.23991 2.40696 2.46382 2.51555 2.52929 2.68077 2.71064 2.80546 2.86072 2.89283 3.03041 3.05388 3.17901 3.22893 3.16447 3.11335 3.31262 3.43183 3.35084 3.3407 3.48365 3.51151 
4.59152 4.49941 4.29332 4.31496 4.19513 4.1191 4.01622 4.00757 3.82488 3.8526 3.72297 3.60928 3.47516 3.41316 3.37464 3.23983 3.10192 3.05658 2.91965 2.93608 2.85349 2.68095 2.67814 2.56553 2.47871 2.4139 2.41813 2.24322 2.20677 2.0674 2.01896 1.97372 1.89039 1.81263 1.72885 1.63709 1.57814 1.52285 1.45471 1.38937 1.35143 1.27384 1.24766 1.18829 1.1506 1.10438 1.07017 1.04832 1.02562 1.00695 1 0.993517 0.995026 1.00138 1.0148 1.0355 1.06796 1.08126 1.14016 1.14961 1.18415 1.23456 1.29167 1.29964 1.37077 1.40048 1.45953 1.58085 1.58383 1.65477 1.80028 1.75411 1.84748 1.92614 2.05417 1.9852 2.2075 2.18947 2.28805 2.35881 2.42231 2.39461 2.56373 2.66372 2.70767 2.75444 2.71126 2.83216 2.85216 3.02148 2.97729 3.07666 3.08807 3.21381 3.2521 3.26703 3.33512 3.31544 3.31864 3.30721 3.54301 
4.44402 4.43869 4.31572 4.23056 4.24315 4.10362 4.01584 3.85069 3.78058 3.73976 3.61348 3.60299 3.49043 3.42705 3.27065 3.30615 3.2377 3.0997 3.01757 2.90985 2.82797 2.68238 2.63211 2.6078 2.51564 2.43344 2.29903 2.28243 2.11434 2.12958 2.05124 1.95381 1.90725 1.7859 1.72366 1.63273 1.58235 1.54318 1.45598 1.40494 1.31752 1.29422 1.23969 1.18786 1.13763 1.11194 1.07179 1.04626 1.03157 1.0062 1 0.993967 1.00254 1.00372 1.01995 1.03727 1.04442 1.09428 1.12893 1.14423 1.19919 1.24052 1.29947 1.30048 1.39197 1.40894 1.50728 1.52823 1.64937 1.65527 1.71253 1.79325 1.89779 1.92695 1.99517 2.01071 2.0678 2.26322 2.34999 2.3042 2.32363 2.50969 2.54837 2.59757 2.60414 2.81901 2.81294 2.76632 2.94569 3.01225 3.00659 2.99522 3.14962 3.18303 3.19889 3.25556 3.35911 3.2037 3.42376 3.44734 3.49953 
4.49617 4.31467 4.36408 4.2528 4.19042 4.10459 3.9248 3.87419 3.85178 3.78349 3.75885 3.57781 3.50108 3.47839 3.3331 3.28728 3.13891 3.10884 2.94938 2.95656 2.83776 2.71945 2.65353 2.61171 2.53547 2.42657 2.35516 2.26022 2.13793 2.08963 2.06651 1.98278 1.87763 1.79112 1.73094 1.6518 1.54784 1.52435 1.4491 1.39732 1.36402 1.26869 1.25054 1.20686 1.15014 1.1178 1.07425 1.05646 1.0258 1.00926 1 0.997163 0.999875 0.999838 1.02724 1.02745 1.05924 1.10127 1.10198 1.14414 1.20688 1.25092 1.2916 1.31083 1.38196 1.46671 1.46786 1.53077 1.59291 1.66221 1.71275 1.80259 1.90539 1.9333 2.05214 2.09207 2.08588 2.15235 2.30021 2.32458 2.43734 2.51923 2.57018 2.56623 2.64073 2.7484 2.75914 2.88745 2.82721 2.94802 3.04789 3.1752 3.21397 3.2166 3.24335 3.17442 3.35525 3.44528 3.48072 3.36016 3.43555 
4.43965 4.47355 4.34913 4.17708 4.19614 4.10532 4.019 3.99658 3.81586 3.76733 3.65684 3.57336 3.49602 3.30851 3.30883 3.29331 3.17873 3.08028 2.94196 2.92029 2.84263 2.83345 2.69599 2.5719 2.4539 2.43253 2.32197 2.29599 2.17702 2.08837 2.03002 1.9665 1.87742 1.76702 1.70079 1.63625 1.55722 1.47966 1.47618 1.40111 1.33162 1.316 1.25333 1.18022 1.13961 1.11575 1.08737 1.04989 1.02143 1.01246 1 0.995348 0.998457 1.00211 1.02534 1.03539 1.06234 1.09478 1.1074 1.14672 1.20746 1.24041 1.30416 1.33471 1.3687 1.44531 1.49302 1.53298 1.55693 1.68933 1.70555 1.73722 1.85683 1.93945 2.03873 2.1291 2.13234 2.15221 2.28265 2.23609 2.44496 2.47704 2.46511 2.69323 2.65853 2.82641 2.76996 2.8267 2.85923 2.94482 3.02098 3.02741 3.1045 3.29414 3.27095 3.32237 3.23312 3.34512 3.30544 3.37976 3.55896 
4.46831 4.3819 4.41384 4.31709 4.08477 4.10885 4.02974 3.96429 3.90172 3.71866 3.71341 3.5895 3.5269 3.40285 3.29031 3.203 3.20421 3.12606 3.01407 2.90414 2.81037 2.73687 2.66522 2.57613 2.53558 2.45857 2.32784 2.21653 2.23847 2.09465 2.0134 1.95415 1.90761 1.79751 1.72186 1.64144 1.63498 1.53112 1.43129 1.38696 1.34448 1.28066 1.21612 1.19554 1.15443 1.10673 1.07078 1.04635 1.02597 1.00972 1 0.996107 0.998754 1.00294 1.01435 1.0305 1.04837 1.07922 1.10691 1.17403 1.17861 1.24886 1.32303 1.34078 1.38338 1.43693 1.47448 1.59373 1.61268 1.66011 1.72187 1.76865 1.84138 1.87663 1.98823 2.02444 2.16631 2.17834 2.22993 2.42731 2.3718 2.43524 2.55102 2.56196 2.69296 2.60688 2.83887 2.81632 2.8257 3.00565 3.13945 3.09399 3.0977 3.10731 3.22881 3.27942 3.39355 3.52574 3.42964 3.34318 3.51683 
4.56205 4.46994 4.27677 4.28634 4.18454 4.16775 3.99828 3.93908 3.78921 3.76174 3.78413 3.67343 3.51817 3.39182 3.29358 3.26946 3.18445 3.12068 2.99612 2.96742 2.87737 2.78472 2.61128 2.54224 2.42961 2.43379 2.31664 2.26197 2.1665 2.16854 1.98373 1.91737 1.92397 1.83086 1.74651 1.63653 1.59515 1.5035 1.47715 1.41627 1.35153 1.2654 1.21606 1.2094 1.14689 1.10757 1.06322 1.0398 1.02429 1.01081 1 0.99536 0.999755 1.00303 1.01527 1.02329 1.06659 1.08652 1.10654 1.15594 1.19825 1.22982 1.30177 1.31856 1.36143 1.44059 1.49893 1.54762 1.66578 1.7225 1.81187 1.79466 1.81091 1.96435 2.11774 2.06462 2.15952 2.1148 2.23047 2.32563 2.46053 2.45439 2.52359 2.60824 2.71029 2.70365 2.74338 2.92148 2.84428 2.98471 2.96226 3.18338 3.18124 3.16748 3.24506 3.06642 3.32282 3.35859 3.56825 3.40516 3.38555 
4.56849 4.53447 4.34094 4.23938 4.20881 4.08211 4.02496 3.98904 3.961 3.75847 3.61798 3.62268 3.51975 3.50942 3.35896 3.27888 3.18159 3.05124 2.95288 2.94443 2.8222 2.77043 2.65787 2.59789 2.44254 2.42349 2.38861 2.25416 2.26284 2.0531 2.01525 1.93823 1.8837 1.81794 1.71339 1.64811 1.59558 1.54426 1.45421 1.40233 1.35604 1.26734 1.2097 1.16919 1.1516 1.11492 1.06863 1.0492 1.02738 1.01047 1 0.993854 0.995158 1.00746 1.02367 1.04313 1.0621 1.0843 1.12341 1.16287 1.19998 1.23292 1.28502 1.35592 1.37446 1.43311 1.4648 1.61138 1.59443 1.72928 1.74942 1.87457 1.80411 1.95163 1.99284 2.10317 2.17656 2.18788 2.30905 2.35841 2.40162 2.43792 2.60655 2.6258 2.63944 2.68691 2.77892 2.85897 2.94496 2.97827 2.96632 3.12206 3.29906 3.10133 3.22445 3.17815 3.37423 3.29195 3.35869 3.59356 3.39458 
4.46007 4.40733 4.35616 4.26842 4.26307 4.03491 4.02575 3.82503 3.8571 3.67994 3.73629 3.58262 3.54838 3.41734 3.27868 3.32282 3.21411 3.13019 3.06957 2.90973 2.86592 2.76746 2.60998 2.54105 2.51881 2.48177 2.38085 2.28504 2.17191 2.12804 2.05274 1.95006 1.85177 1.80814 1.7435 1.67286 1.58543 1.55861 1.48424 1.39267 1.35338 1.26066 1.23968 1.18459 1.14178 1.09726 1.07523 1.04291 1.02242 1.00912 1 0.995586 0.997192 1.00856 1.02212 1.04819 1.07438 1.09722 1.12155 1.16116 1.18323 1.25565 1.28893 1.333 1.3458 1.42774 1.50181 1.5091 1.65838 1.64299 1.68164 1.75911 1.87031 1.93806 1.96601 2.01613 2.0929 2.1749 2.32331 2.34851 2.41109 2.53041 2.46433 2.70646 2.62968 2.71797 2.73984 2.84719 2.97555 3.02198 3.09523 3.12724 3.11514 3.15793 3.12225 3.29774 3.34056 3.35525 3.22949 3.39118 3.35045 
4.55552 4.48853 4.41477 4.33877 4.18353 4.0885 4.0118 3.87616 3.87548 3.75379 3.67511 3.54343 3.48005 3.37914 3.36326 3.21134 3.11749 3.11237 2.95298 2.79713 2.81309 2.72692 2.66347 2.60331 2.53081 2.42166 2.32554 2.25362 2.17628 2.08956 2.00584 1.95913 1.90798 1.79783 1.69646 1.66665 1.58352 1.5139 1.45818 1.37673 1.3556 1.27977 1.24246 1.20583 1.16961 1.11142 1.07365 1.04702 1.02491 1.01159 1 0.993391 0.996674 0.998315 1.01519 1.03095 1.06176 1.09325 1.12245 1.1785 1.21059 1.23087 1.30616 1.34562 1.40373 1.4505 1.48637 1.5413 1.60454 1.62539 1.78918 1.794 1.80637 2.02528 1.92403 2.0084 2.12052 2.16211 2.29738 2.29644 2.35301 2.47386 2.54773 2.64904 2.63833 2.6799 2.73207 2.93644 2.9637 2.84208 3.06602 3.13842 3.1796 3.11732 3.26878 3.34812 3.26371 3.30622 3.30506 3.48055 3.39452 
4.46894 4.52043 4.41171 4.34264 4.2115 4.01764 4.05637 3.82582 3.84222 3.65596 3.60595 3.45525 3.46619 3.42593 3.24895 3.35115 3.16352 3.05073 2.94729 2.85221 2.87197 2.78006 2.63048 2.54992 2.55968 2.48724 2.30765 2.26153 2.17474 2.11659 2.00261 1.90787 1.86942 1.79913 1.74052 1.6428 1.54901 1.5341 1.48137 1.42154 1.34598 1.2872 1.24964 1.18181 1.14462 1.11164 1.07438 1.05202 1.03001 1.01229 1 0.992515 0.994933 1.00074 1.02768 1.0411 1.0579 1.09243 1.12307 1.15913 1.21919 1.24673 1.32075 1.31784 1.42851 1.43259 1.51728 1.55667 1.56275 1.67697 1.68228 1.73879 1.89154 1.89958 1.97063 2.00227 2.15221 2.19596 2.2586 2.34063 2.35071 2.5526 2.45801 2.61825 2.67017 2.75584 2.78205 2.85761 2.84312 2.95818 2.99457 3.10087 3.18889 3.27165 3.14305 3.23928 3.30162 3.40009 3.35667 3.40157 3.46668 
4.46667 4.46676 4.24586 4.17028 4.14819 4.17979 4.08472 3.9071 3.80984 3.80655 3.6186 3.63988 3.50192 3.35213 3.3642 3.29372 3.16885 3.10734 2.97297 2.93151 2.87973 2.7865 2.68153 2.61888 2.4431 2.37861 2.35289 2.28684 2.14851 2.03045 2.03566 1.92935 1.91953 1.75533 1.73672 1.66158 1.5916 1.5459 1.44455 1.40133 1.34317 1.28813 1.23559 1.19599 1.14919 1.10933 1.07559 1.05136 1.02232 1.01008 1 0.99624 0.99883 1.00521 1.01169 1.03838 1.05259 1.08703 1.1163 1.17523 1.20546 1.24107 1.25906 1.3479 1.40002 1.3863 1.49539 1.61827 1.62374 1.66346 1.75911 1.80814 1.86806 1.92741 2.03603 2.00986 2.21542 2.22289 2.25382 2.3525 2.35104 2.44459 2.60046 2.57879 2.6092 2.64655 2.71868 2.82648 2.93948 3.05646 3.05334 3.06483 3.16936 3.13405 3.21164 3.22452 3.35229 3.52036 3.45521 3.50203 3.45074 
4.48851 4.35123 4.28031 4.21289 4.14042 4.14047 4.20481 3.94481 3.79 3.81245 3.73486 3.73856 3.48771 3.44246 3.37466 3.27731 3.1563 3.14316 3.06102 2.94418 2.80912 2.80074 2.72756 2.58919 2.54361 2.43046 2.35605 2.21826 2.18561 2.07529 1.99109 1.95782 1.91679 1.79525 1.7336 1.68457 1.59259 1.53583 1.47072 1.38039 1.35596 1.27109 1.22949 1.17336 1.14615 1.10384 1.07498 1.04399 1.02795 1.01279 1 0.995545 0.998179 1.00999 1.01975 1.03434 1.03946 1.09011 1.13875 1.19379 1.18363 1.27856 1.29616 1.37311 1.37335 1.444 1.50795 1.5433 1.60922 1.69651 1.69964 1.77874 1.88899 1.94296 1.90264 2.15066 2.1336 2.1455 2.32813 2.33744 2.32444 2.49717 2.5026 2.73473 2.59695 2.72153 2.75861 2.80559 2.90555 2.98779 3.09438 3.11281 3.10634 3.22794 3.34577 3.36388 3.31275 3.39456 3.34495 3.36205 3.49637 
4.41864 4.44667 4.49693 4.3476 4.13066 4.1104 4.04853 4.01428 3.84432 3.72243 3.68403 3.6056 3.51003 3.42624 3.37935 3.23464 3.15574 3.04176 3.0217 2.93027 2.8315 2.74279 2.74988 2.52179 2.45298 2.4347 2.36324 2.2857 2.21498 2.12212 2.03698 1.93569 1.89891 1.79765 1.72375 1.66413 1.60734 1.51817 1.48983 1.38804 1.31909 1.29121 1.24289 1.17443 1.14386 1.10985 1.07658 1.05429 1.02765 1.01247 1 0.998015 1.00024 1.01152 1.02334 1.04362 1.0434 1.09619 1.09199 1.1353 1.18123 1.27186 1.2509 1.3505 1.38924 1.38431 1.44681 1.51799 1.56355 1.60893 1.74851 1.76723 1.85711 1.88621 1.97983 2.06174 2.16124 2.18273 2.27528 2.36364 2.39394 2.37362 2.59252 2.57032 2.557 2.70608 2.77766 2.91093 2.9867 2.84204 3.07369 2.99974 3.10695 3.18327 3.24977 3.23179 3.2117 3.30081 3.48689 3.37315 3.50653 
4.49965 4.40894 4.20226 4.22476 4.16055 4.12511 4.0185 3.86092 3.89804 3.71416 3.75007 3.6717 3.53579 3.39663 3.27345 3.24365 3.16839 3.04762 3.02107 2.97325 2.88472 2.74916 2.71446 2.5394 2.55647 2.4272 2.3364 2.26352 2.18889 2.10752 2.07074 1.95366 1.87079 1.8105 1.71958 1.7346 1.54895 1.51633 1.46239 1.38239 1.37404 1.29485 1.22915 1.17272 1.13286 1.09838 1.07521 1.04318 1.02975 1.01057 1 0.993035 1.00247 1.00095 1.00725 1.02673 1.05717 1.08247 1.10727 1.17625 1.20627 1.23485 1.28198 1.33056 1.36127 1.43207 1.4662 1.52312 1.62272 1.62095 1.67183 1.79387 1.8653 1.92521 1.89527 2.05832 2.10232 2.17038 2.24444 2.27968 2.37946 2.52696 2.55746 2.52172 2.60001 2.59742 2.78816 2.76206 2.94922 3.04891 2.91716 3.1896 3.08891 3.13392 3.12893 3.271 3.35659 3.31286 3.43453 3.40461 3.35463 
4.47797 4.31433 4.47359 4.3162 4.1221 4.24585 4.02829 3.93061 3.79207 3.85483 3.64823 3.68268 3.604 3.47748 3.40706 3.30666 3.15796 3.05331 2.99651 2.87708 2.87486 2.76932 2.62445 2.56518 2.4801 2.49404 2.40295 2.27099 2.16644 2.10785 2.06459 1.9549 1.8901 1.84664 1.68975 1.65401 1.59219 1.49278 1.4809 1.36607 1.33562 1.3077 1.27188 1.18108 1.15504 1.11371 1.07932 1.0494 1.0292 1.01032 1 0.994493 0.990613 1.00583 1.01164 1.03207 1.03887 1.07165 1.13022 1.14414 1.21426 1.25796 1.27849 1.34428 1.38342 1.46509 1.52055 1.54719 1.55558 1.71581 1.72668 1.7722 1.85283 1.86704 1.99886 1.98722 2.16091 2.17926 2.23275 2.31301 2.41935 2.43753 2.47806 2.53761 2.68479 2.67359 2.69693 2.7421 2.9846 2.95777 3.01601 3.00567 3.08576 3.04282 3.22023 3.3012 3.39981 3.33722 3.29127 3.45602 3.40096 
4.57599 4.31437 4.39456 4.21937 4.33495 4.18824 4.01408 3.91914 3.86367 3.70881 3.62335 3.61021 3.48445 3.35599 3.43128 3.31143 3.18951 3.09141 2.94861 2.86638 2.80528 2.77111 2.6576 2.59829 2.5079 2.39748 2.31982 2.27817 2.18132 2.12488 2.08507 1.91552 1.90684 1.83496 1.74941 1.66289 1.58869 1.51799 1.45705 1.39524 1.36541 1.30736 1.22582 1.20387 1.14951 1.1078 1.07054 1.05019 1.02739 1.01224 1 0.997093 0.992431 1.00488 1.01278 1.0367 1.0536 1.07555 1.12952 1.15898 1.1871 1.26588 1.25087 1.34544 1.42132 1.44683 1.49002 1.56948 1.60456 1.61601 1.74491 1.64216 1.86694 1.87474 1.93824 2.0856 2.09451 2.14793 2.18817 2.34464 2.40275 2.45255 2.47204 2.52932 2.68755 2.62598 2.7429 2.82295 2.80124 2.98503 2.98562 3.10167 3.08784 3.22097 3.17662 3.17799 3.4364 3.4203 3.38804 3.36256 3.26724 
4.38942 4.38755 4.25783 4.30438 4.1241 4.09331 3.95042 4.02781 3.94206 3.77966 3.6643 3.56425 3.49893 3.50994 3.35829 3.34246 3.17086 3.13864 2.97301 2.91378 2.84035 2.82895 2.70192 2.56017 2.538 2.48298 2.33277 2.27761 2.13519 2.11206 2.02183 1.98025 1.86002 1.82355 1.75767 1.65256 1.59597 1.53317 1.44995 1.39742 1.34146 1.30454 1.23836 1.18553 1.15889 1.11609 1.07269 1.04212 1.02618 1.00906 1 0.995878 0.997372 1.00438 1.01988 1.03255 1.07112 1.10342 1.13263 1.14008 1.16237 1.25607 1.30209 1.3428 1.38416 1.41035 1.54916 1.53349 1.6525 1.65222 1.7681 1.79599 1.83119 1.87332 1.97626 2.07898 2.08168 2.18157 2.21429 2.30652 2.46061 2.45682 2.42748 2.48496 2.60897 2.72223 2.80777 2.79528 2.86611 2.99494 3.0181 3.10231 3.05001 3.07569 3.2062 3.29212 3.28262 3.32669 3.37252 3.53501 3.45975 
4.48329 4.3562 4.34236 4.39476 4.24035 4.05876 3.96101 4.00596 3.84721 3.82983 3.69791 3.65994 3.55556 3.50718 3.38022 3.25634 3.14966 3.04352 2.98799 2.9746 2.83649 2.78096 2.67905 2.5929 2.52568 2.45529 2.3635 2.26365 2.19564 2.14339 2.03353 1.92706 1.91709 1.8298 1.733 1.66969 1.58533 1.54206 1.44146 1.39901 1.33386 1.282 1.24091 1.1843 1.14006 1.10516 1.07528 1.06013 1.03036 1.01117 1 0.998811 0.992539 0.998069 1.01618 1.04179 1.05246 1.08138 1.08876 1.1544 1.19525 1.21002 1.28746 1.31341 1.35622 1.44826 1.47343 1.58029 1.61077 1.653 1.72295 1.73727 1.80529 1.96638 1.92487 2.06079 2.10914 2.1538 2.27522 2.24322 2.40096 2.51509 2.51467 2.59372 2.67783 2.74919 2.76498 2.81724 2.89365 2.92328 2.95788 3.05975 3.12021 3.07937 3.35992 3.13934 3.21449 3.25093 3.47571 3.53254 3.34732 
4.55309 4.42565 4.3788 4.21708 4.30878 4.06954 4.00409 4.05994 3.8223 3.7366 3.72096 3.67379 3.54036 3.48021 3.37765 3.16898 3.21351 3.11625 3.03672 2.97352 2.83727 2.79675 2.75334 2.58616 2.47493 2.42084 2.34586 2.25478 2.20076 2.11786 2.02181 1.9714 1.85084 1.81489 1.75369 1.6723 1.58531 1.50833 1.44002 1.40264 1.34066 1.30438 1.25568 1.20197 1.14777 1.10717 1.08539 1.05054 1.02095 1.01313 1 0.994661 0.994825 1.005 1.01553 1.03605 1.06422 1.1072 1.12737 1.14562 1.21046 1.20758 1.26476 1.33556 1.35255 1.41723 1.49035 1.53989 1.60233 1.62628 1.77863 1.79237 1.79145 1.87592 1.9901 2.00476 2.18111 2.18984 2.20632 2.31078 2.34748 2.43892 2.47851 2.60952 2.64734 2.73895 2.7412 2.90931 2.79768 2.86077 2.88653 3.03097 3.0902 3.10145 3.16575 3.22195 3.31172 3.4023 3.33583 3.44361 3.44123 
4.46698 4.32983 4.30996 4.20767 4.22345 4.16867 4.03971 3.96011 3.70104 3.79689 3.74719 3.62136 3.51689 3.47107 3.43875 3.33629 3.17846 3.13251 3.00707 2.81336 2.74184 2.73643 2.63276 2.64104 2.46809 2.45096 2.36379 2.29947 2.20578 2.13343 2.06371 1.94283 1.89499 1.78699 1.7332 1.68829 1.5994 1.52727 1.4614 1.41458 1.34978 1.29028 1.22922 1.19112 1.14644 1.10674 1.07423 1.04819 1.03034 1.01065 1 0.994232 1.00021 1.00773 1.01562 1.0343 1.04454 1.08569 1.12303 1.17018 1.17855 1.23324 1.27009 1.33294 1.3958 1.46482 1.48374 1.6378 1.59205 1.69009 1.72818 1.78595 1.84538 1.89852 1.95517 1.99651 2.10546 2.1007 2.34755 2.38167 2.36668 2.33394 2.46832 2.51285 2.60262 2.75898 2.62288 2.87938 2.92629 2.89477 3.06352 3.08279 3.09311 3.1217 3.15485 3.20082 3.25093 3.31574 3.43089 3.28499 3.49672 
4.37411 4.41255 4.36517 4.15114 4.20711 3.99555 4.03488 3.9789 3.84179 3.85635 3.64355 3.65975 3.51739 3.42661 3.40659 3.33394 3.13442 3.12303 3.0248 2.94688 2.86827 2.78275 2.68483 2.62034 2.4219 2.40922 2.35471 2.24217 2.20293 2.12381 2.01402 1.96705 1.81717 1.7717 1.71037 1.66295 1.5839 1.47702 1.45714 1.41578 1.36709 1.31095 1.24561 1.19115 1.15431 1.10935 1.08503 1.0452 1.02855 1.01094 1 0.996072 0.993687 1.00855 1.0103 1.02922 1.05388 1.08842 1.11502 1.16286 1.21815 1.22188 1.27604 1.33264 1.38291 1.46551 1.5091 1.51508 1.64636 1.61731 1.70327 1.79247 1.82671 1.94865 1.86307 2.03593 2.0541 2.14847 2.19986 2.32654 2.34767 2.40338 2.49994 2.52177 2.64531 2.75095 2.73781 2.84963 2.91286 3.00486 3.02092 2.97582 3.12857 3.08822 3.31628 3.28513 3.23699 3.29261 3.40863 3.304 3.46191 
4.55424 4.41413 4.41773 4.24337 4.16246 4.17654 4.10095 3.97134 3.8759 3.74594 3.76451 3.60585 3.59253 3.48318 3.29103 3.35256 3.12694 3.16116 3.04327 2.92736 2.851 2.76751 2.62812 2.54193 2.46994 2.38226 2.3622 2.21369 2.17863 2.13954 1.96729 1.9423 1.89985 1.83397 1.69252 1.65872 1.58208 1.52469 1.45266 1.38932 1.34882 1.28468 1.24943 1.20184 1.14009 1.10887 1.08146 1.05081 1.03238 1.00995 1 0.992088 0.99596 0.997921 1.02439 1.02621 1.05489 1.0798 1.11164 1.14775 1.19168 1.21929 1.28744 1.36545 1.37872 1.38307 1.45095 1.54573 1.60767 1.63267 1.73894 1.79806 1.84081 1.88591 2.03746 1.99721 2.05504 2.22014 2.18627 2.30251 2.40519 2.56325 2.48121 2.5882 2.68472 2.6991 2.79985 2.87771 2.98983 2.91823 2.94966 3.03513 3.07794 3.08331 3.23751 3.38924 3.35399 3.35372 3.33293 3.49961 3.45244 
4.45579 4.38672 4.44971 4.32493 4.2732 4.12523 3.964 3.95101 3.82118 3.63636 3.68909 3.59174 3.55135 3.42402 3.3321 3.18726 3.21682 3.14038 3.02076 2.89198 2.86164 2.7537 2.71353 2.62107 2.49231 2.47797 2.3412 2.30728 2.15727 2.16356 2.02008 1.94759 1.8535 1.79917 1.74271 1.65334 1.61791 1.5172 1.45764 1.40373 1.3345 1.2668 1.24852 1.18485 1.15694 1.11316 1.06889 1.0528 1.02804 1.00853 1 0.996153 0.994994 0.999709 1.02316 1.04002 1.07398 1.09042 1.11621 1.1376 1.22295 1.24289 1.31067 1.31447 1.37805 1.44882 1.46412 1.53398 1.65253 1.65022 1.78127 1.81734 1.88378 1.94602 1.98362 2.02161 2.08496 2.24646 2.31811 2.30729 2.33542 2.43148 2.41106 2.58357 2.57687 2.69131 2.76137 2.91039 2.76494 2.96548 3.06004 3.07225 3.06366 3.09819 3.23803 3.20957 3.21073 3.50197 3.30651 3.38145 3.4543 
4.43668 4.45392 4.35431 4.28144 4.12503 4.06279 4.03468 3.92878 3.86342 3.71541 3.62105 3.58483 3.51103 3.44586 3.37516 3.27839 3.15963 3.04922 2.96052 2.86874 2.79845 2.7725 2.6922 2.61078 2.48746 2.3924 2.3118 2.25245 2.21249 2.10951 2.0522 1.95307 1.91075 1.79 1.72719 1.66757 1.57944 1.51997 1.47192 1.39516 1.32314 1.26018 1.23667 1.18276 1.15475 1.10128 1.07071 1.05129 1.02889 1.00881 1 0.995456 0.995037 1.00482 1.01321 1.02563 1.05247 1.11071 1.11772 1.15083 1.19869 1.23397 1.25752 1.31705 1.36481 1.41591 1.50859 1.57285 1.57488 1.66174 1.69865 1.76324 1.8594 1.84986 1.9938 2.01767 2.15695 2.21856 2.27823 2.33797 2.36277 2.44016 2.51109 2.59069 2.73552 2.73972 2.74072 2.87893 2.87463 2.88531 3.13193 3.03924 3.13887 3.23323 3.19411 3.30291 3.29707 3.40265 3.34878 3.39191 3.3632 
4.36429 4.49614 4.39852 4.32557 4.25288 4.03949 4.13766 3.95993 3.79489 3.73447 3.72243 3.6334 3.48887 3.41888 3.4463 3.2576 3.1885 3.05352 3.02358 2.93967 2.87464 2.76221 2.69516 2.57216 2.53364 2.4666 2.37961 2.3119 2.17017 2.07018 2.05769 1.94998 1.83274 1.78751 1.71821 1.64798 1.57704 1.53234 1.4307 1.37498 1.34334 1.29926 1.24336 1.1899 1.13921 1.11104 1.06807 1.05459 1.03062 1.00998 1 0.996812 0.996072 1.00225 1.02131 1.02616 1.05881 1.09997 1.10995 1.15738 1.20798 1.24595 1.29463 1.32933 1.35611 1.44852 1.48442 1.57498 1.69906 1.69059 1.67557 1.81956 1.82835 1.91383 2.02384 2.09324 2.15362 2.25074 2.14277 2.33321 2.35867 2.45732 2.51219 2.56134 2.50921 2.69564 2.78055 2.93547 2.76838 2.99991 3.05635 3.0058 3.0838 3.1748 3.08175 3.31479 3.332 3.36338 3.23262 3.37768 3.35425 
4.4326 4.28213 4.32362 4.35798 4.12716 4.0906 3.98418 3.89222 3.88012 3.73673 3.67398 3.54536 3.4874 3.48656 3.40318 3.2464 3.07667 3.15085 3.13147 2.85391 2.79036 2.74617 2.62744 2.55305 2.52921 2.40053 2.37328 2.2439 2.12866 2.12431 2.02054 1.92034 1.89179 1.80223 1.74686 1.62407 1.61145 1.53907 1.43247 1.39774 1.33891 1.2931 1.23724 1.18563 1.13895 1.10443 1.08189 1.05575 1.02926 1.00951 1 0.991947 0.994748 1.0066 1.01604 1.0366 1.06022 1.07723 1.10177 1.17449 1.20221 1.2301 1.2882 1.29518 1.34726 1.4373 1.46791 1.53396 1.66377 1.65599 1.73453 1.7654 1.81685 1.83964 1.97435 2.0811 2.18141 2.18562 2.29295 2.30189 2.27522 2.32925 2.52038 2.66178 2.55158 2.69862 2.79569 2.79257 2.92001 3.01144 2.95024 3.05717 3.14 3.34115 3.09014 3.1939 3.32886 3.3911 3.42962 3.41967 3.3062 
4.45225 4.25488 4.38132 4.21453 4.16348 4.04711 4.10713 3.95658 3.88183 3.77806 3.67384 3.57875 3.40733 3.46039 3.36134 3.27307 3.09123 3.09498 2.93489 2.9126 2.82966 2.74517 2.62073 2.60299 2.53613 2.37892 2.32898 2.26049 2.21957 2.11829 2.01866 1.97028 1.92143 1.80257 1.71169 1.65007 1.60299 1.50607 1.46131 1.41577 1.3425 1.27765 1.23427 1.20048 1.14574 1.10965 1.08571 1.0482 1.02577 1.01118 1 0.997802 0.998733 1.01822 1.01992 1.03492 1.0769 1.09289 1.14485 1.17066 1.20435 1.22396 1.27711 1.33203 1.38167 1.3956 1.49386 1.54736 1.66957 1.64484 1.72492 1.77525 1.86621 1.98716 1.95487 2.06036 2.11341 2.25134 2.24695 2.4251 2.4074 2.46326 2.62476 2.51129 2.71746 2.67997 2.81599 2.89672 2.91925 3.02831 3.13218 3.16202 3.05841 3.14862 3.19114 3.09829 3.27018 3.3334 3.35203 3.33534 3.41419 
4.50139 4.48839 4.29213 4.33266 4.15743 4.24761 4.0275 3.83401 3.97007 3.73145 3.59492 3.64065 3.46227 3.34759 3.49237 3.13237 3.21749 3.0536 2.98024 2.91507 2.79567 2.76528 2.74085 2.549 2.57758 2.43478 2.3351 2.28972 2.20039 2.09432 2.04443 1.96122 1.87623 1.79703 1.73961 1.6195 1.5892 1.53223 1.46634 1.37594 1.36003 1.27573 1.23175 1.18735 1.14741 1.11404 1.07846 1.04853 1.02731 1.00715 1 0.995629 0.990984 1.00396 1.00799 1.03411 1.06729 1.08606 1.13167 1.16456 1.18406 1.25389 1.31739 1.32707 1.36113 1.44135 1.49529 1.54707 1.59454 1.61025 1.80287 1.80126 1.85165 1.93901 1.99838 2.04265 2.10587 2.15944 2.29496 2.2905 2.44721 2.5339 2.54193 2.56715 2.58368 2.73211 2.75849 2.89491 2.9514 2.97659 3.10906 3.05972 3.08824 3.22791 3.24889 3.21033 3.32922 3.35745 3.35308 3.55006 3.47869 
4.46834 4.56392 4.38372 4.28431 4.06853 4.09233 4.01859 3.91386 3.8656 3.76343 3.67105 3.55313 3.44598 3.44771 3.34908 3.27807 3.19656 3.08629 3.00626 2.9207 2.83061 2.70143 2.63203 2.56375 2.52865 2.41954 2.3819 2.21206 2.17379 2.07325 2.0215 1.93924 1.83706 1.84937 1.74676 1.63907 1.55323 1.47609 1.44547 1.38558 1.3373 1.26307 1.22143 1.17218 1.124 1.10354 1.08366 1.0486 1.02557 1.01175 1 0.996374 1.00042 1.00644 1.0321 1.0264 1.06195 1.09279 1.09961 1.13999 1.21388 1.26146 1.28457 1.3212 1.43472 1.42225 1.45418 1.62422 1.62838 1.64959 1.71013 1.79789 1.87112 1.95736 2.02916 2.00048 2.0948 2.14456 2.32407 2.30712 2.41551 2.43098 2.59309 2.64857 2.5467 2.7206 2.86437 2.87947 2.91101 2.97969 2.99274 2.98105 3.08476 3.09638 3.20594 3.2353 3.41491 3.11722 3.30886 3.38455 3.52123 
4.58578 4.31511 4.22172 4.20321 4.28926 4.12473 4.05355 3.84594 3.78178 3.61748 3.67858 3.57215 3.39073 3.50746 3.33545 3.15153 3.14947 3.1501 2.92867 2.82738 2.94748 2.73552 2.69144 2.60376 2.50435 2.40531 2.29962 2.26387 2.12713 2.09068 2.07675 1.94113 1.85869 1.80766 1.76373 1.66343 1.57702 1.49755 1.42589 1.40993 1.3323 1.27429 1.23051 1.19632 1.15101 1.10393 1.07443 1.04314 1.02597 1.01008 1 0.996263 0.999247 1.01113 1.02418 1.03114 1.06906 1.09857 1.11904 1.17103 1.19999 1.25808 1.30022 1.32875 1.43191 1.45324 1.50413 1.55312 1.59927 1.70081 1.76927 1.72333 1.86007 1.90066 2.02524 2.10064 2.17887 2.16736 2.21821 2.35359 2.35646 2.46344 2.584 2.55326 2.71476 2.58904 2.7963 2.84887 2.89825 2.99166 3.07577 3.00973 3.15576 3.21656 3.2813 3.37565 3.29483 3.34942 3.33778 3.54357 3.52377 
4.55533 4.41688 4.2809 4.29916 4.14084 4.06767 3.96037 3.89825 3.90776 3.73806 3.71033 3.58441 3.52533 3.41616 3.26153 3.19833 3.10658 3.00411 2.94847 2.82133 2.81289 2.63173 2.64162 2.57919 2.50481 2.37488 2.29047 2.29301 2.14648 2.00599 1.98039 1.92186 1.8622 1.78103 1.68756 1.64132 1.57503 1.54765 1.47613 1.40663 1.34012 1.27485 1.24197 1.19305 1.14492 1.11425 1.0749 1.04798 1.02293 1.00864 1 0.997293 0.99873 0.999824 1.01872 1.04731 1.06756 1.12121 1.13261 1.19479 1.15653 1.21753 1.30858 1.35139 1.4091 1.39274 1.51296 1.58667 1.63876 1.69298 1.75292 1.82907 1.83623 1.94304 2.03467 2.08119 2.13224 2.16243 2.27159 2.31945 2.43771 2.47356 2.54594 2.66358 2.66197 2.69583 2.93213 2.75718 2.95362 2.95694 3.05836 3.06075 3.25011 3.25661 3.3089 3.25871 3.34656 3.28465 3.40436 3.36364 3.44567 
4.40044 4.21169 4.31755 4.3251 4.17807 4.13592 3.96641 3.87808 3.73995 3.74687 3.65488 3.64852 3.56411 3.50149 3.3683 3.33047 3.10286 3.05556 2.93788 2.91629 2.85654 2.70137 2.70021 2.60252 2.5328 2.4424 2.36458 2.23263 2.15009 2.05855 1.9777 1.89207 1.90949 1.78268 1.71852 1.62617 1.5749 1.524 1.42755 1.3728 1.33207 1.26657 1.2179 1.17707 1.15841 1.08764 1.08057 1.03739 1.02301 1.00988 1 0.998804 0.995371 1.00611 1.03337 1.02574 1.06593 1.08839 1.11914 1.144 1.19818 1.25641 1.33522 1.36765 1.41433 1.46501 1.52637 1.54506 1.63007 1.77207 1.79837 1.83817 1.84738 1.97577 2.03477 2.07854 2.1396 2.23825 2.24465 2.24866 2.39098 2.45564 2.64444 2.56924 2.77712 2.71774 2.81469 2.84288 2.92073 2.97936 2.91644 3.25966 3.15518 3.32898 3.26459 3.29214 3.28623 3.4885 3.38142 3.4949 3.5775 
4.42686 4.22627 4.34111 4.26133 4.12655 4.08333 3.98454 3.86225 3.86439 3.82059 3.64083 3.49493 3.53129 3.42817 3.33125 3.31264 3.0345 3.05115 2.97394 2.85531 2.77163 2.72614 2.60523 2.52748 2.49091 2.33874 2.29484 2.24197 2.17534 2.06367 2.05715 1.95087 1.86453 1.8076 1.67145 1.6326 1.58493 1.55929 1.4631 1.41582 1.34552 1.28319 1.219 1.17325 1.14885 1.09403 1.069 1.04744 1.02247 1.00765 1 0.997482 1.00147 1.00892 1.01152 1.03886 1.05811 1.11126 1.13381 1.17229 1.2147 1.25359 1.32208 1.37766 1.39515 1.46232 1.51409 1.60423 1.68055 1.73422 1.73822 1.78696 1.87899 2.00667 2.00563 2.13241 2.13715 2.23351 2.26622 2.28578 2.42739 2.59769 2.49767 2.60262 2.63771 2.8025 2.74359 2.94975 2.84019 3.07617 2.9858 3.16992 3.07884 3.13284 3.32238 3.34978 3.31559 3.42338 3.43345 3.44831 3.35643 
4.45305 4.40108 4.18452 4.1833 4.11197 4.0924 4.06133 3.83818 3.90254 3.70542 3.67958 3.60548 3.46509 3.37432 3.2959 3.18288 3.14771 3.09973 2.99927 2.92493 2.78862 2.67759 2.62243 2.56794 2.4729 2.38943 2.29987 2.14224 2.19398 2.01812 2.00452 1.95492 1.86443 1.79451 1.72285 1.64968 1.55503 1.49325 1.45338 1.3828 1.32868 1.28758 1.21378 1.17399 1.13189 1.11181 1.07508 1.04412 1.0234 1.00707 1 0.995421 1.00424 1.01172 1.02563 1.04886 1.077 1.08593 1.132 1.1494 1.20816 1.26961 1.29579 1.35067 1.39909 1.47505 1.533 1.56105 1.62098 1.68501 1.79617 1.86401 1.98133 1.91293 2.03981 2.02823 2.15976 2.21058 2.37215 2.35129 2.49359 2.47346 2.54747 2.59303 2.67166 2.74206 2.7326 2.8632 2.86026 2.98524 3.17561 3.14291 3.20376 3.1955 3.26541 3.43655 3.40305 3.3705 3.38489 3.45735 3.42978 
4.47859 4.37004 4.26262 4.18193 4.1519 4.04355 4.04452 3.81645 3.8115 3.79662 3.55076 3.58867 3.46202 3.37547 3.25496 3.24781 3.10726 3.02588 2.9682 2.80839 2.81807 2.70489 2.57262 2.60833 2.48622 2.38289 2.31366 2.21315 2.16474 2.12483 1.99458 1.90485 1.84253 1.79251 1.73853 1.59796 1.57167 1.5354 1.46548 1.36357 1.34056 1.2898 1.22858 1.17133 1.14877 1.11163 1.08027 1.04321 1.02851 1.00731 1 0.997553 0.999802 1.01257 1.02526 1.04078 1.04931 1.09463 1.13996 1.18561 1.21007 1.24267 1.32698 1.35367 1.42954 1.44847 1.52113 1.54222 1.58567 1.64932 1.76498 1.89286 1.91343 1.87265 2.02868 2.10973 2.16927 2.21777 2.33451 2.43449 2.50683 2.51996 2.61005 2.67855 2.67398 2.74241 2.84537 2.91141 3.03645 3.10545 3.15755 3.22842 3.16372 3.25601 3.37649 3.28635 3.39025 3.34556 3.3648 3.45645 3.55441 
4.48167 4.22241 4.33668 4.11997 4.11576 4.07709 3.89735 3.85421 3.86131 3.72214 3.59716 3.58721 3.51219 3.40066 3.2167 3.179 3.15184 3.04401 2.87806 2.96283 2.80526 2.7552 2.6522 2.49849 2.46913 2.43838 2.2933 2.24733 2.19245 2.07953 2.03088 1.90167 1.83242 1.75212 1.70473 1.63498 1.53931 1.49875 1.4536 1.38227 1.32671 1.29102 1.2165 1.19929 1.13884 1.10204 1.06262 1.04699 1.02543 1.00845 1 0.998144 1.00056 1.01147 1.03592 1.01761 1.08203 1.07442 1.14311 1.17376 1.2249 1.25699 1.2942 1.35109 1.43303 1.4533 1.56003 1.59049 1.63064 1.67604 1.75901 1.78149 1.90197 2.02705 2.03485 2.14952 2.21639 2.17117 2.33628 2.38647 2.48579 2.47962 2.69511 2.67784 2.71031 2.8681 2.83907 2.84933 3.07387 2.88142 3.14333 3.24807 3.12908 3.22479 3.27932 3.21617 3.40792 3.51228 3.35823 3.35686 3.63952 
4.50343 4.31541 4.22168 4.13144 4.10479 4.11503 3.88774 3.78566 3.92397 3.70869 3.72389 3.54891 3.40547 3.31886 3.26063 3.17804 3.09148 3.05785 2.99434 2.81197 2.80579 2.75028 2.5397 2.48914 2.41508 2.4298 2.29139 2.28645 2.15413 2.04818 1.99521 1.8871 1.83736 1.75851 1.71344 1.61943 1.54463 1.47047 1.45958 1.39164 1.32494 1.28196 1.21829 1.1962 1.14839 1.10423 1.07503 1.02605 1.02836 1.01008 1 0.999865 1.0058 1.00247 1.01974 1.05864 1.07143 1.10112 1.1546 1.17 1.18645 1.29313 1.31188 1.35873 1.41654 1.52172 1.54778 1.67061 1.63296 1.70147 1.74148 1.87126 1.91478 2.01308 2.04003 2.17187 2.1737 2.25428 2.27834 2.38045 2.33866 2.56229 2.63789 2.67868 2.70405 2.76076 2.88825 2.84626 2.98581 2.98846 3.056 3.10642 3.17298 3.27554 3.36927 3.22373 3.46203 3.42105 3.37876 3.44222 3.59874 
4.37167 4.32886 4.34419 4.11137 4.24521 3.93221 3.92657 3.81463 3.87412 3.70192 3.61043 3.4947 3.42215 3.31927 3.3071 3.22606 3.10407 2.94183 2.8435 2.85762 2.75754 2.67299 2.66639 2.53395 2.45322 2.35243 2.26973 2.14795 2.09529 2.04787 2.02979 1.93888 1.88542 1.75143 1.69533 1.64379 1.55612 1.51248 1.43735 1.39256 1.30632 1.2727 1.22181 1.18947 1.13756 1.1075 1.07319 1.03898 1.01929 1.00844 1 0.999174 0.999785 0.998299 1.01826 1.04025 1.06381 1.09135 1.14366 1.17077 1.18571 1.2533 1.3262 1.37631 1.40602 1.48952 1.5155 1.56906 1.66383 1.70755 1.77085 1.83778 1.9408 1.96637 2.06544 2.09588 2.12191 2.25488 2.34657 2.43657 2.49846 2.55199 2.69439 2.63425 2.84205 2.68706 2.81993 2.89374 2.97507 3.07508 3.16319 3.13691 3.09551 3.23246 3.36448 3.35584 3.42076 3.44279 3.41629 3.48538 3.47754 
4.36633 4.38778 4.25012 4.0893 4.17784 4.1143 3.92789 3.85116 3.70766 3.68521 3.62216 3.53632 3.44517 3.32598 3.33088 3.16945 2.99855 3.00879 2.9173 2.81044 2.7763 2.71166 2.55541 2.55334 2.44365 2.37939 2.31085 2.18058 2.13951 2.04209 2.00611 1.92288 1.85645 1.78775 1.70196 1.64939 1.60329 1.50809 1.44411 1.36769 1.33198 1.2803 1.23898 1.17125 1.13134 1.09621 1.06431 1.04358 1.02169 1.00933 1 0.998716 0.998694 1.02175 1.03418 1.03071 1.07592 1.10307 1.12628 1.18034 1.2446 1.25506 1.29502 1.36093 1.38373 1.55259 1.60423 1.57447 1.68808 1.65646 1.76014 1.89304 1.8695 1.96317 2.04026 2.17572 2.26838 2.23762 2.41748 2.31671 2.5104 2.63368 2.58311 2.65231 2.74996 2.74242 2.91357 2.94512 2.91785 2.9179 3.1259 3.18816 3.10537 3.31063 3.30616 3.35724 3.47324 3.50613 3.40147 3.61083 3.4503 
4.33948 4.31349 4.14972 4.15895 4.0834 3.98229 3.85516 3.83871 3.77733 3.70852 3.61432 3.58043 3.39233 3.32288 3.37488 3.20838 3.18266 2.97418 3.01676 2.80052 2.74354 2.68159 2.62714 2.4976 2.41032 2.35375 2.28493 2.22496 2.13997 2.0586 2.02109 1.84857 1.81199 1.76278 1.71957 1.62781 1.56114 1.49113 1.41773 1.38743 1.30766 1.26925 1.20909 1.18129 1.13792 1.0951 1.07752 1.04323 1.02172 1.00755 1 0.997867 1.00349 1.01627 1.0138 1.05991 1.07198 1.10848 1.12379 1.16957 1.23588 1.2845 1.28306 1.34054 1.40099 1.49974 1.50181 1.67867 1.6592 1.73537 1.79061 1.8017 1.92026 2.02092 2.07838 2.1581 2.20785 2.19107 2.29392 2.40436 2.39345 2.473 2.64101 2.66014 2.65029 2.92704 2.88937 2.98408 2.90166 3.00886 3.22229 3.151 3.23769 3.16706 3.31358 3.3759 3.45591 3.35482 3.48428 3.64554 3.5511 
4.38403 4.32232 4.26018 4.08555 4.09006 3.97747 3.96794 3.70993 3.70063 3.61667 3.58182 3.54738 3.52849 3.38722 3.35649 3.24276 3.04166 3.08744 2.99796 2.88286 2.75392 2.67945 2.662 2.4824 2.46151 2.38324 2.30546 2.15734 2.17242 2.0697 1.97622 1.95185 1.84389 1.75885 1.68746 1.59384 1.54334 1.51044 1.45463 1.38636 1.32746 1.27367 1.23516 1.16928 1.13288 1.08648 1.0554 1.03997 1.0214 1.01223 1 0.999438 0.996359 1.00733 1.03388 1.05028 1.07834 1.11581 1.1383 1.19302 1.26769 1.2859 1.31013 1.36328 1.44541 1.46056 1.569 1.60213 1.68143 1.74457 1.88748 1.82928 1.9459 1.99759 2.05544 2.20262 2.20935 2.26249 2.33184 2.3718 2.42071 2.64127 2.69478 2.68036 2.79345 2.70948 2.87974 2.88221 2.93063 3.16422 3.14594 3.16502 3.35591 3.31002 3.38074 3.45998 3.42962 3.54045 3.60083 3.53192 3.66602 
4.36883 4.35808 4.25765 4.11748 4.17401 4.07463 3.8905 3.9339 3.75396 3.71975 3.56362 3.55789 3.42395 3.33241 3.21807 3.10209 3.10079 2.94882 2.95789 2.78718 2.69806 2.64624 2.60532 2.56703 2.49322 2.42101 2.26985 2.16959 2.12034 2.02367 1.92807 1.88704 1.79763 1.78737 1.70784 1.63904 1.56092 1.50292 1.4142 1.36026 1.3025 1.27266 1.20003 1.20373 1.14943 1.08793 1.06186 1.04168 1.02032 1.00804 1 0.999137 0.99973 1.01101 1.02317 1.04092 1.07593 1.10661 1.15982 1.19033 1.21483 1.26293 1.34181 1.33709 1.44192 1.47931 1.58425 1.55725 1.69447 1.75272 1.7553 1.85219 1.87115 1.9931 2.0936 2.13717 2.23361 2.22061 2.42655 2.35986 2.51242 2.52953 2.74848 2.63132 2.74829 2.85729 2.91717 3.00832 3.00669 3.18223 3.20479 3.20149 3.19627 3.3737 3.33731 3.32128 3.35437 3.4199 3.45367 3.67061 3.54015 
4.31964 4.21047 4.14731 4.07856 4.01236 3.96836 3.92747 3.69881 3.72676 3.66953 3.52697 3.51585 3.32656 3.33812 3.30509 3.14496 3.08229 3.12665 2.91779 2.81544 2.76414 2.69324 2.62142 2.52246 2.40687 2.40315 2.23521 2.14841 2.12504 2.08925 1.95616 1.88265 1.81575 1.79105 1.73702 1.58606 1.55055 1.48269 1.43534 1.38201 1.32503 1.25938 1.21854 1.1748 1.12863 1.08232 1.06238 1.04411 1.02114 1.00686 1 0.997977 1.00469 1.00955 1.03311 1.05086 1.07914 1.10531 1.15387 1.19297 1.21385 1.25939 1.36051 1.38152 1.47166 1.45883 1.57577 1.62014 1.6323 1.739 1.79791 1.87328 1.97749 2.0329 2.00749 2.12338 2.29614 2.33972 2.34649 2.45736 2.52475 2.60905 2.59587 2.73151 2.80996 2.78831 2.96269 2.90486 3.0797 3.08363 3.11338 3.2326 3.34358 3.36179 3.36022 3.35384 3.44841 3.53 3.52448 3.56733 3.60716 
4.25804 4.33869 4.43156 4.12243 4.13917 4.00702 3.95562 3.89146 3.8109 3.68771 3.69845 3.50205 3.50199 3.30352 3.27791 3.03349 2.93532 2.92411 2.99125 2.81041 2.71881 2.69535 2.62368 2.49083 2.42472 2.2948 2.24242 2.23443 2.09911 2.0822 1.97368 1.92723 1.84267 1.72267 1.66862 1.61146 1.56662 1.49099 1.43986 1.33211 1.29468 1.25215 1.23582 1.18011 1.13298 1.1048 1.05798 1.04217 1.02423 1.00727 1 0.997037 1.00323 1.01102 1.04327 1.03586 1.09562 1.10075 1.14287 1.17709 1.21423 1.2615 1.33519 1.34622 1.46894 1.50127 1.57743 1.54574 1.70432 1.75842 1.78321 1.89813 1.93728 1.98753 2.06182 2.18436 2.18079 2.32651 2.34142 2.4546 2.55926 2.58132 2.58583 2.68154 2.75666 2.9261 2.91756 3.03805 3.07976 3.0831 3.24309 3.22354 3.32989 3.21731 3.35273 3.38628 3.44757 3.52118 3.55418 3.48705 3.5516 
4.32508 4.23585 4.25766 4.25873 4.08012 4.01311 3.86236 3.80406 3.76089 3.62099 3.5348 3.50101 3.45599 3.34295 3.19654 3.2161 3.093 2.99397 2.91235 2.81387 2.74783 2.63842 2.64145 2.54552 2.36872 2.36672 2.31441 2.1925 2.09482 2.08907 1.97464 1.87511 1.84657 1.75149 1.67637 1.61395 1.55867 1.46899 1.40512 1.33843 1.31196 1.26527 1.20883 1.17801 1.13907 1.09541 1.0544 1.04164 1.02794 1.00368 1 1.00105 1.009 1.01122 1.0413 1.05227 1.07447 1.08879 1.13077 1.1885 1.2128 1.2957 1.35151 1.36755 1.43611 1.51792 1.57211 1.64337 1.68492 1.74864 1.77518 1.86954 1.93408 2.01498 2.06032 2.14127 2.18728 2.24947 2.36821 2.3819 2.42685 2.49165 2.68893 2.86103 2.65217 2.78832 2.92544 2.9544 3.049 3.24468 3.29438 3.24867 3.28296 3.46684 3.44992 3.50386 3.50726 3.41344 3.61687 3.60902 3.54891 
4.32279 4.31964 4.18748 4.03515 3.91097 3.85353 3.97472 3.84228 3.76445 3.63099 3.58002 3.46143 3.44916 3.35052 3.25064 3.1875 3.0994 3.06191 2.96512 2.88552 2.71372 2.66984 2.60876 2.44511 2.45854 2.33158 2.24911 2.21292 2.10479 2.0047 1.99101 1.86206 1.81912 1.7398 1.72897 1.65462 1.55528 1.46908 1.41757 1.37738 1.30806 1.25957 1.21035 1.16004 1.1233 1.09659 1.06764 1.0442 1.01547 1.0063 1 1.00075 1.00548 1.01303 1.04588 1.0564 1.07974 1.12512 1.14987 1.21511 1.26351 1.28984 1.33067 1.37699 1.41861 1.4479 1.54589 1.64471 1.67889 1.73227 1.77595 1.83593 1.97576 1.98139 2.11666 2.22052 2.18248 2.26915 2.36532 2.47583 2.51322 2.55822 2.61729 2.67301 2.80746 2.7729 2.97381 2.94461 3.08188 3.07918 3.17091 3.30751 3.31678 3.44958 3.46567 3.45323 3.49737 3.50562 3.57998 3.64538 3.5889 
4.44737 4.20195 4.32202 4.14717 4.09952 3.99376 3.92312 3.79858 3.82732 3.55969 3.52614 3.49468 3.38884 3.28609 3.12108 3.11948 3.07753 3.01503 2.93299 2.8343 2.75881 2.60228 2.60134 2.48036 2.3909 2.36784 2.26017 2.14928 2.1565 2.05804 1.95769 1.89041 1.80557 1.7617 1.64785 1.64159 1.54979 1.479 1.43943 1.35167 1.2873 1.27662 1.21405 1.17326 1.13044 1.0913 1.05761 1.03651 1.02371 1.00604 1 0.999122 1.00487 1.0153 1.01238 1.06912 1.06271 1.11784 1.16782 1.17054 1.24061 1.30276 1.32819 1.39191 1.44038 1.52058 1.53288 1.57198 1.693 1.79858 1.84858 1.9668 1.9633 2.02213 2.10713 2.14591 2.26288 2.37918 2.47307 2.42326 2.50668 2.62195 2.61383 2.65488 2.84743 2.97655 2.8017 2.9462 3.02958 3.118 3.14353 3.30653 3.43078 3.31961 3.4115 3.31171 3.44793 3.37716 3.62011 3.60035 3.60606 
4.30171 4.27481 4.25795 4.07202 4.04616 4.05728 3.88799 3.75664 3.83812 3.54295 3.6242 3.39406 3.42215 3.25138 3.23661 3.2192 2.99408 2.95955 2.81496 2.77251 2.80498 2.70709 2.58897 2.38923 2.36478 2.30147 2.21288 2.17908 2.06778 2.04254 1.97159 1.90545 1.80601 1.79488 1.64282 1.62552 1.51688 1.47829 1.4234 1.38511 1.32396 1.25459 1.21246 1.16014 1.13517 1.09328 1.06448 1.04227 1.01674 1.00981 1 1.00115 1.00815 1.01898 1.03035 1.05357 1.09376 1.11392 1.14534 1.1688 1.23516 1.26393 1.37048 1.38384 1.44671 1.46909 1.60886 1.63514 1.66384 1.76546 1.76812 1.87081 1.90892 2.04499 1.92923 2.13881 2.2474 2.33884 2.41486 2.43124 2.5236 2.54046 2.61709 2.70263 2.86805 2.76493 2.89148 2.89791 3.02473 2.99231 3.25696 3.23845 3.40201 3.38323 3.46328 3.32639 3.44853 3.51435 3.55739 3.58392 3.67366 
4.30305 4.23219 4.17354 4.09582 3.96488 4.03681 3.9204 3.88239 3.73285 3.74237 3.62368 3.41376 3.35123 3.29532 3.11974 3.13523 3.14378 2.97485 2.89321 2.82185 2.79195 2.62353 2.58472 2.49557 2.46844 2.34797 2.346 2.14385 2.09427 2.02009 1.96681 1.88041 1.81379 1.7474 1.66763 1.62138 1.5548 1.47493 1.4247 1.36205 1.33364 1.26149 1.22588 1.1794 1.11043 1.09151 1.06177 1.04068 1.0175 1.00372 1 1.00008 1.00539 1.01984 1.03089 1.03979 1.08941 1.11784 1.15303 1.19283 1.27032 1.2931 1.30532 1.38992 1.43668 1.52647 1.56085 1.67349 1.76368 1.8026 1.78525 1.86394 1.9315 2.04185 2.07386 2.16263 2.27575 2.33003 2.3378 2.47061 2.57189 2.74027 2.70063 2.75387 2.75007 2.8154 2.87793 3.06109 3.01186 3.21626 3.15926 3.27382 3.30049 3.38684 3.32111 3.36114 3.52214 3.66401 3.43289 3.57773 3.67405 
4.23578 4.38492 4.27416 4.20565 4.12344 3.83195 3.87447 3.77556 3.81293 3.60244 3.62111 3.52483 3.36372 3.28994 3.19165 3.12935 3.05401 3.04003 2.93251 2.77849 2.68261 2.68717 2.55092 2.46783 2.35514 2.3028 2.29119 2.18528 2.08919 2.01906 1.91671 1.89718 1.80776 1.74417 1.65586 1.6521 1.52346 1.49497 1.44391 1.3585 1.30243 1.24727 1.20395 1.17148 1.12341 1.09958 1.06192 1.0353 1.02117 1.00843 1 1.00109 1.00188 1.0205 1.03556 1.05043 1.0948 1.11767 1.1664 1.20247 1.28162 1.3156 1.34819 1.39207 1.42057 1.52637 1.54435 1.6181 1.68625 1.72308 1.85752 1.92785 1.92121 2.04164 2.10404 2.19646 2.30371 2.27188 2.34834 2.38557 2.57185 2.52252 2.64688 2.74045 2.75206 2.86525 2.90099 3.12659 3.08095 3.04022 3.23792 3.17562 3.33831 3.34487 3.38682 3.49015 3.56853 3.54572 3.53814 3.61794 3.48822 
4.31676 4.11977 4.15339 4.1217 3.91298 3.9791 3.77782 3.79872 3.74674 3.71836 3.48249 3.51977 3.41658 3.23497 3.13667 3.13204 3.06114 2.9422 2.93633 2.82787 2.79357 2.65256 2.58144 2.51616 2.43462 2.34408 2.25938 2.13709 2.06987 2.03466 1.95441 1.83623 1.78005 1.72442 1.66513 1.60323 1.5501 1.4868 1.39279 1.38799 1.32572 1.26723 1.21923 1.169 1.11563 1.09617 1.05772 1.03628 1.0228 1.00595 1 1.00296 1.00744 1.01869 1.03395 1.06382 1.10267 1.12682 1.17649 1.17969 1.22754 1.29054 1.30922 1.43416 1.4584 1.47503 1.56821 1.60941 1.66258 1.73699 1.81804 1.86188 1.96647 1.97751 2.09625 2.25084 2.13792 2.31236 2.46146 2.35598 2.53078 2.54438 2.68369 2.81672 2.79889 2.88914 3.05175 2.9329 3.19311 3.19558 3.30873 3.31175 3.32528 3.33735 3.28059 3.54468 3.56649 3.58097 3.57441 3.63044 3.79486 
4.3414 4.32576 4.12975 4.05424 4.07966 3.99695 3.78751 3.81702 3.63769 3.58783 3.67601 3.50464 3.50456 3.26548 3.25562 3.1823 3.06005 2.986 2.91607 2.96386 2.76112 2.66032 2.53874 2.44914 2.41017 2.34889 2.29058 2.17609 2.12423 1.99583 1.92311 1.89195 1.85983 1.75582 1.72996 1.60397 1.53391 1.46907 1.40499 1.37 1.28409 1.25121 1.20123 1.15494 1.11889 1.09054 1.05536 1.03535 1.01554 1.00652 1 0.999164 1.00754 1.01332 1.03195 1.04167 1.06889 1.12076 1.15683 1.21474 1.24097 1.30472 1.31321 1.37625 1.39792 1.53492 1.59466 1.60083 1.64307 1.75947 1.83781 1.90037 1.91168 1.99825 2.20296 2.11045 2.21204 2.33344 2.32625 2.48696 2.56418 2.6312 2.67736 2.69443 2.81843 2.81037 2.98461 3.08344 3.07738 3.17018 3.25358 3.28936 3.39837 3.38681 3.35934 3.51409 3.43767 3.59726 3.66186 3.50708 3.62019 
4.28437 4.23907 4.20352 4.05826 4.07584 4.01186 3.87678 3.72845 3.67984 3.63727 3.55578 3.45923 3.30472 3.16751 3.29696 3.12739 3.09565 2.95494 2.91362 2.78299 2.73949 2.62079 2.55328 2.45992 2.41609 2.33713 2.25254 2.20384 2.0508 2.0281 1.95419 1.86549 1.76426 1.73513 1.68484 1.60628 1.551 1.48623 1.40371 1.37281 1.30241 1.25595 1.2052 1.15791 1.13221 1.09969 1.05201 1.04171 1.01918 1.009 1 1.00125 1.00845 1.01538 1.02858 1.04924 1.07667 1.11143 1.17037 1.21739 1.24864 1.27774 1.39953 1.40835 1.46645 1.50753 1.63086 1.68073 1.72598 1.75887 1.84419 1.89238 1.95064 2.04216 2.10774 2.19803 2.29144 2.39197 2.40403 2.44614 2.54932 2.62308 2.7249 2.75874 2.85162 2.88353 3.03647 3.0178 3.08998 3.09369 3.20937 3.37851 3.28931 3.32279 3.29333 3.43087 3.49863 3.53353 3.6983 3.6601 3.71299 
4.27895 4.3079 4.25649 4.12638 3.98662 3.95645 3.8744 3.79305 3.77592 3.63858 3.5413 3.49509 3.40868 3.2419 3.2392 3.1112 3.0156 2.9842 2.91556 2.8158 2.64945 2.65009 2.45884 2.53144 2.41767 2.31416 2.2484 2.18786 2.11163 1.97634 1.92895 1.86816 1.83568 1.7152 1.67148 1.60526 1.52228 1.51459 1.38902 1.35612 1.30422 1.24902 1.20318 1.18442 1.1256 1.09066 1.06152 1.03278 1.02181 1.00745 1 0.99913 1.0093 1.02948 1.035 1.0508 1.07524 1.12488 1.16848 1.2272 1.22347 1.29546 1.3316 1.37411 1.45803 1.525 1.57584 1.6502 1.72487 1.75437 1.84731 1.91983 1.96819 2.04166 2.10059 2.17241 2.23643 2.29845 2.40381 2.3735 2.58694 2.61341 2.63678 2.61576 2.82617 2.80785 3.02883 3.02427 3.10484 3.14114 3.20187 3.22251 3.28807 3.39973 3.38892 3.56231 3.46987 3.5537 3.55339 3.52939 3.62151 
4.29124 4.30463 4.13935 3.99754 3.97457 3.95397 3.77329 3.78487 3.66861 3.68786 3.50591 3.40799 3.39117 3.22977 3.12534 3.14455 3.01381 2.91905 2.86465 2.77144 2.73104 2.68941 2.48137 2.51695 2.39419 2.31767 2.21461 2.17873 2.09428 2.03301 1.94674 1.86242 1.73454 1.75136 1.66796 1.62235 1.51976 1.47582 1.39737 1.36174 1.33501 1.25181 1.20883 1.17224 1.1322 1.07566 1.05771 1.03917 1.01816 1.00562 1 0.996813 1.00378 1.02319 1.0334 1.07042 1.09517 1.10714 1.13597 1.20673 1.26283 1.26112 1.32364 1.44582 1.47053 1.48715 1.55721 1.65629 1.69679 1.68021 1.79982 1.89527 1.9204 2.08111 2.10496 2.21258 2.2441 2.29552 2.38316 2.53521 2.54876 2.55861 2.65497 2.83472 2.86878 2.89481 2.95799 3.13546 3.04872 3.07148 3.18793 3.21158 3.31712 3.31403 3.62447 3.48354 3.45131 3.51025 3.58404 3.60866 3.58981 
4.29688 4.32485 4.23108 4.07941 3.93636 3.77786 3.79614 3.70289 3.70029 3.50495 3.62402 3.42221 3.35313 3.27351 3.25313 3.19007 3.04882 3.03788 2.97262 2.79028 2.62131 2.64729 2.59353 2.48704 2.42714 2.35036 2.24715 2.20085 2.04545 2.00131 2.0108 1.90266 1.84163 1.72615 1.68648 1.56663 1.50624 1.48462 1.44023 1.33134 1.30136 1.25341 1.19279 1.14891 1.11622 1.08271 1.05588 1.0435 1.0177 1.00822 1 1.00152 1.00766 1.02469 1.04919 1.0651 1.09524 1.11785 1.1316 1.18171 1.28379 1.29294 1.34102 1.40116 1.43566 1.46428 1.54448 1.61324 1.74076 1.73658 1.85651 1.91755 2.01837 1.94643 2.12363 2.0858 2.2956 2.20616 2.46212 2.55162 2.62546 2.5287 2.66195 2.86825 2.82386 2.90885 2.94138 2.99237 3.05596 3.16229 3.31109 3.36321 3.29394 3.44199 3.37235 3.45961 3.55732 3.68027 3.61011 3.61946 3.6439 
4.25637 4.27491 4.23769 4.09523 4.01278 3.91213 3.77035 3.68811 3.70772 3.69211 3.44127 3.47406 3.31693 3.29856 3.16945 3.10664 2.9884 2.91642 2.87826 2.81704 2.72482 2.61317 2.51196 2.5566 2.38858 2.3288 2.23922 2.18494 2.09613 1.99068 1.93357 1.89317 1.81063 1.72566 1.65077 1.62497 1.51139 1.49483 1.43258 1.36815 1.32872 1.24919 1.19275 1.16533 1.12384 1.0895 1.06112 1.02986 1.01939 1.00575 1 0.999558 1.00234 1.0122 1.03649 1.0603 1.0983 1.1208 1.16409 1.17699 1.26154 1.30774 1.30253 1.41831 1.47623 1.51635 1.5673 1.5855 1.71826 1.75265 1.82578 1.85302 2.02887 2.04744 2.04406 2.25051 2.1884 2.38974 2.41686 2.511 2.63697 2.69496 2.67012 2.86775 2.80217 2.91689 2.89084 3.10198 3.11861 3.10275 3.16938 3.2613 3.30775 3.33102 3.52702 3.54942 3.5657 3.44403 3.72295 3.60003 3.74045 
4.39684 4.18596 4.19487 4.09269 4.09844 4.00263 3.86895 3.74897 3.53917 3.60856 3.50095 3.44196 3.34086 3.38599 3.19774 3.17518 3.07105 2.96903 2.85811 2.81173 2.69791 2.69122 2.56466 2.50079 2.42461 2.28109 2.30299 2.13664 2.0568 2.02151 1.9132 1.85532 1.7927 1.69913 1.65647 1.61682 1.55297 1.45256 1.44416 1.37591 1.30808 1.26609 1.2122 1.17117 1.11644 1.08398 1.06362 1.03666 1.01986 1.00714 1 1.00127 1.00942 1.01097 1.03409 1.06438 1.08666 1.11801 1.17821 1.20939 1.2336 1.31286 1.37654 1.39486 1.42047 1.47239 1.52155 1.60364 1.74685 1.73761 1.86426 1.86182 1.91497 2.1097 2.18094 2.18955 2.19721 2.43981 2.43256 2.42435 2.50437 2.71256 2.75071 2.72536 2.81504 2.8755 2.91999 3.0687 3.08704 3.21314 3.26209 3.23217 3.27369 3.29562 3.46008 3.42599 3.54407 3.58338 3.60711 3.57058 3.78935 
4.31561 4.40915 4.22317 4.22052 3.96039 3.81058 3.8205 3.75427 3.74252 3.70115 3.51409 3.4874 3.34801 3.314 3.18945 3.15042 3.04232 2.94631 2.85821 2.80165 2.73585 2.61442 2.6294 2.47378 2.44653 2.32527 2.28547 2.22153 2.08744 2.01008 1.93409 1.87787 1.79586 1.76743 1.6381 1.61219 1.54593 1.4953 1.41058 1.38498 1.30834 1.26028 1.2133 1.14992 1.11209 1.0959 1.06045 1.0332 1.01858 1.00897 1 0.999351 1.00792 1.01438 1.02656 1.07169 1.10707 1.11912 1.16087 1.22826 1.23142 1.29458 1.35066 1.35462 1.48795 1.47938 1.57621 1.64246 1.70082 1.73935 1.88329 1.87119 1.95266 2.07806 2.11748 2.20001 2.23719 2.32713 2.33929 2.35948 2.52394 2.59983 2.69813 2.65783 2.73467 2.87102 3.05992 3.03468 3.1627 3.18082 3.1547 3.58106 3.41221 3.47342 3.39658 3.52832 3.60927 3.57485 3.65491 3.74019 3.53275 
4.51795 4.20615 4.16724 3.93942 3.98557 4.10749 3.78142 3.83403 3.56341 3.71954 3.59156 3.38953 3.40708 3.20722 3.1755 3.18199 3.01995 3.00698 2.898 2.80059 2.75325 2.64147 2.57834 2.52035 2.44972 2.24142 2.26113 2.20604 2.10254 2.03872 1.98424 1.86202 1.80305 1.70683 1.6697 1.6035 1.53754 1.49965 1.41861 1.36194 1.30069 1.24974 1.22299 1.16403 1.1103 1.08095 1.04973 1.04165 1.01566 1.00721 1 0.999353 1 1.01448 1.04855 1.05263 1.10268 1.12921 1.16096 1.1958 1.22619 1.30598 1.37377 1.40815 1.45326 1.52784 1.55423 1.64816 1.63018 1.78936 1.83652 1.91101 1.93852 2.05675 2.12761 2.23161 2.27508 2.33757 2.41181 2.46103 2.52474 2.62195 2.71818 2.79931 2.89762 2.98789 3.06823 3.06352 3.10322 3.12076 3.18214 3.25413 3.34925 3.33188 3.52588 3.43232 3.53399 3.62696 3.59212 3.68987 3.69784 
4.26591 4.25746 4.1767 4.05933 4.05371 3.93962 3.84341 3.76195 3.55613 3.59853 3.51933 3.48309 3.42225 3.31487 3.30548 3.22977 2.97853 2.89043 2.86374 2.78105 2.71462 2.64403 2.57092 2.42626 2.44004 2.27891 2.26648 2.15596 2.09768 1.96765 1.9514 1.87066 1.82205 1.71122 1.6361 1.59748 1.53652 1.49174 1.42302 1.33949 1.30732 1.23213 1.21769 1.15932 1.12262 1.09587 1.05746 1.04192 1.0156 1.00729 1 1.0023 1.00462 1.02069 1.0505 1.05995 1.0868 1.11396 1.17367 1.21178 1.26483 1.29074 1.38147 1.41356 1.4486 1.5134 1.54792 1.60602 1.66469 1.79268 1.83396 1.93777 1.98074 2.01928 2.09943 2.23951 2.22882 2.33602 2.49821 2.52569 2.60494 2.58731 2.62089 2.84403 2.84513 2.87172 2.95079 3.05324 3.03367 3.06412 3.23651 3.30807 3.32023 3.42798 3.37319 3.36962 3.60925 3.61544 3.49316 3.61269 3.70788 
4.34587 4.22008 4.16399 4.09784 4.06576 3.94757 3.77843 3.72967 3.73779 3.58868 3.50517 3.46837 3.40927 3.23467 3.16489 3.09399 3.03301 2.92842 2.90756 2.87974 2.76762 2.71194 2.56994 2.43465 2.39708 2.34778 2.25211 2.20786 2.11502 2.02495 1.9187 1.90051 1.82544 1.76533 1.69472 1.59588 1.52385 1.46 1.42632 1.36132 1.29163 1.24343 1.18504 1.16051 1.10497 1.09537 1.05094 1.03819 1.01683 1.00327 1 1.00045 1.01035 1.0241 1.03231 1.06099 1.07225 1.12517 1.15613 1.21211 1.23691 1.29304 1.2887 1.44302 1.43552 1.54399 1.5866 1.63866 1.6834 1.69726 1.87094 1.94501 1.9468 2.09597 2.15428 2.17949 2.18023 2.35422 2.43129 2.42145 2.50431 2.61127 2.70343 2.76053 2.86375 2.94449 2.93569 3.06104 3.12706 3.12803 3.2592 3.38321 3.35796 3.39942 3.4813 3.56709 3.55782 3.61395 3.68218 3.77294 3.90067 
4.2429 4.15083 4.14005 4.09301 4.00377 3.86599 3.80849 3.81879 3.75196 3.5761 3.51252 3.44528 3.39598 3.34685 3.23741 3.04129 3.0882 2.92115 2.84742 2.7606 2.68189 2.58079 2.64929 2.42802 2.48154 2.35027 2.29072 2.17851 2.08452 2.03984 1.98186 1.9484 1.79429 1.72431 1.68896 1.59659 1.57319 1.46821 1.39254 1.34869 1.31881 1.25243 1.21126 1.1579 1.13408 1.09425 1.05293 1.04325 1.02086 1.00449 1 1.00122 1.00922 1.02673 1.0379 1.068 1.09473 1.13184 1.16648 1.20978 1.24247 1.30037 1.32868 1.37358 1.46739 1.56428 1.59083 1.66924 1.71513 1.79505 1.80435 1.85006 1.92431 2.03205 2.11936 2.27367 2.2857 2.2977 2.45053 2.37223 2.52089 2.61187 2.71973 2.84057 2.83484 2.84354 2.95735 3.08136 3.14748 3.07491 3.34687 3.38666 3.3252 3.42481 3.47897 3.52646 3.57213 3.62448 3.7331 3.64098 3.73848 
4.26803 4.29817 4.19874 4.05195 3.88223 3.92434 3.88765 3.7491 3.74257 3.56569 3.65018 3.44546 3.34296 3.28774 3.14816 3.0919 3.05486 2.92316 2.91238 2.81832 2.80137 2.57007 2.55891 2.47533 2.40778 2.32568 2.29552 2.1932 2.11903 2.08048 1.96132 1.85844 1.80992 1.77518 1.70069 1.61322 1.50274 1.46287 1.42684 1.36756 1.30758 1.24097 1.21111 1.15166 1.13203 1.09943 1.08281 1.0441 1.01468 1.00483 1 0.999745 1.00663 1.03207 1.02816 1.05592 1.09009 1.11948 1.15563 1.22484 1.23622 1.26768 1.32268 1.42621 1.42638 1.51644 1.55629 1.64998 1.66533 1.81198 1.78409 1.88091 2.02208 2.0611 2.13912 2.19482 2.24479 2.33477 2.36951 2.48133 2.58203 2.58803 2.73855 2.72042 2.74414 2.9285 3.11236 3.05976 3.1448 3.0847 3.25944 3.25051 3.36699 3.32778 3.43833 3.56144 3.34375 3.6083 3.68385 3.53047 3.53314 
4.27118 4.29607 4.18777 4.16059 4.05072 3.9935 3.81216 3.79857 3.7124 3.67598 3.49227 3.45024 3.5445 3.23651 3.19235 3.09602 3.05549 2.99209 2.94987 2.81147 2.66127 2.63289 2.52693 2.4503 2.41827 2.32997 2.18082 2.20336 2.05198 2.02415 1.96631 1.88116 1.83947 1.72403 1.67618 1.61463 1.5602 1.45279 1.40866 1.34972 1.3119 1.25232 1.21365 1.16544 1.11139 1.08999 1.05075 1.03818 1.017 1.00323 1 0.999583 1.00557 1.01917 1.0282 1.05789 1.07835 1.13881 1.16404 1.19968 1.21656 1.30022 1.35274 1.40006 1.42903 1.49273 1.57522 1.6476 1.62563 1.76803 1.87995 1.85659 1.99663 2.05898 2.13285 2.208 2.24617 2.29273 2.46324 2.43566 2.50864 2.66295 2.65774 2.75874 2.86245 2.89337 2.92223 3.11087 3.10175 3.17504 3.25401 3.33836 3.24417 3.3902 3.41826 3.50025 3.48529 3.51339 3.57643 3.68998 3.90821 
4.28031 4.35801 4.10496 4.17362 4.07163 3.99524 3.84427 3.86756 3.60518 3.5892 3.52032 3.39763 3.35674 3.259 3.26546 3.09949 3.05505 3.01722 2.88594 2.86991 2.66935 2.66048 2.57625 2.43489 2.3302 2.34928 2.31328 2.23992 2.09889 1.982 1.96064 1.83137 1.79036 1.73565 1.62499 1.59734 1.53901 1.47433 1.40931 1.34506 1.31362 1.25756 1.19582 1.15025 1.12913 1.08637 1.05671 1.03241 1.01743 1.00514 1 0.998819 1.01379 1.02285 1.03468 1.05562 1.086 1.12907 1.15415 1.20704 1.23356 1.2662 1.36559 1.39073 1.43405 1.53093 1.55028 1.6467 1.6932 1.77514 1.83362 1.95711 1.95272 2.07796 2.08766 2.23605 2.27911 2.25921 2.43534 2.50189 2.53139 2.77879 2.60733 2.75301 2.85687 2.99804 2.89834 3.13932 2.9917 3.10741 3.26499 3.26801 3.37847 3.35964 3.31218 3.45552 3.62417 3.64921 3.55401 3.70363 3.71424 
4.35312 4.09085 4.23113 4.20145 4.05177 3.85547 3.86844 3.78323 3.67799 3.58926 3.45336 3.39708 3.29424 3.25696 3.18315 3.18556 3.07858 2.90298 2.83668 2.83109 2.72286 2.63859 2.52061 2.49826 2.43946 2.34142 2.20408 2.16652 2.12127 2.05779 1.95069 1.90268 1.83733 1.79936 1.66034 1.6298 1.53877 1.4675 1.3949 1.35988 1.29733 1.25201 1.24771 1.15382 1.11343 1.08125 1.05961 1.03289 1.01893 1.00524 1 0.999091 1.00766 1.02375 1.02882 1.05498 1.08953 1.13024 1.1639 1.21021 1.25928 1.27818 1.33487 1.40231 1.48656 1.51215 1.56129 1.6654 1.73738 1.82097 1.85486 1.96601 1.97398 2.06629 2.15257 2.24421 2.29324 2.38871 2.40891 2.43356 2.47929 2.6158 2.78474 2.83804 2.80175 2.85287 2.99002 3.10392 3.10547 3.12434 3.29115 3.1808 3.38252 3.30422 3.43988 3.59118 3.55099 3.5576 3.59321 3.76926 3.74611 
4.37148 4.2392 4.11509 4.16752 3.99089 3.9676 3.87558 3.81745 3.60487 3.68597 3.66342 3.53611 3.37 3.2862 3.25687 3.12712 2.93541 2.9709 2.9242 2.85303 2.74409 2.70443 2.53761 2.4765 2.40562 2.29709 2.22582 2.14847 2.07979 2.02401 1.92235 1.88177 1.78158 1.75215 1.67922 1.55738 1.51583 1.47919 1.41212 1.35747 1.30613 1.28424 1.22414 1.16019 1.11491 1.07465 1.07498 1.03411 1.01804 1.00565 1 0.998913 1.01774 1.02082 1.03848 1.05261 1.07847 1.13035 1.17187 1.20694 1.23648 1.28285 1.31132 1.38599 1.44433 1.49984 1.59093 1.64493 1.72079 1.79274 1.86572 1.92494 2.00577 2.03798 2.11315 2.16537 2.29788 2.30259 2.42482 2.41954 2.46809 2.71187 2.66956 2.83586 2.95027 2.84867 2.95685 3.00277 3.03978 3.21613 3.24627 3.29844 3.23226 3.41698 3.40763 3.53099 3.44784 3.53602 3.79214 3.76254 3.80119 
