1.81424 1.7918 1.74762 1.77487 1.68602 1.67398 1.65832 1.59427 1.60885 1.56381 1.55229 1.51195 1.46704 1.49054 1.46904 1.43272 1.41823 1.33284 1.31954 1.33728 1.29369 1.25794 1.2584 1.24365 1.20198 1.20015 1.16141 1.16245 1.12251 1.12085 1.10863 1.05918 1.06075 1.04884 1.02706 1.00531 1.0114 0.995091 0.990587 0.983944 0.978654 0.970262 0.973376 0.97164 0.970042 0.9732 0.971787 0.978387 0.981264 0.991227 1 1.01061 1.0235 1.03429 1.05687 1.06904 1.08545 1.10495 1.12282 1.15515 1.17381 1.21167 1.22276 1.26307 1.30735 1.32291 1.36667 1.38145 1.40583 1.47522 1.48029 1.48637 1.57739 1.62472 1.64699 1.71032 1.73814 1.73111 1.79549 1.86169 1.8919 1.9421 1.96944 2.01941 2.10027 2.08211 2.21602 2.22051 2.27475 2.29828 2.27817 2.36769 2.41194 2.52094 2.52279 2.59942 2.56028 2.71293 2.70371 2.74671 2.8183 
1.81246 1.78609 1.78882 1.76036 1.73722 1.69007 1.66666 1.61957 1.62977 1.56191 1.53779 1.49522 1.49656 1.4696 1.46565 1.4422 1.368 1.32778 1.35438 1.33269 1.27559 1.25149 1.22973 1.21592 1.22509 1.17508 1.17493 1.13401 1.13288 1.10159 1.09761 1.08402 1.05275 1.04412 1.03535 1.04658 1.01936 1.01049 0.990678 0.979958 0.969402 0.975941 0.972125 0.969425 0.96962 0.969772 0.968964 0.978327 0.982883 0.991111 1 1.0109 1.02291 1.03657 1.049 1.06809 1.08767 1.11282 1.12611 1.15196 1.1771 1.1998 1.21369 1.2678 1.2801 1.31979 1.35251 1.37958 1.42798 1.44078 1.48505 1.50343 1.53518 1.59064 1.62272 1.66746 1.72246 1.78784 1.7769 1.84711 1.87572 1.9359 1.97893 2.03463 2.0838 2.07204 2.16684 2.21735 2.23595 2.28259 2.36859 2.38549 2.44698 2.48081 2.47251 2.57597 2.62071 2.67008 2.71104 2.78209 2.8265 
1.80643 1.79245 1.76831 1.75806 1.72971 1.65676 1.64716 1.68693 1.60423 1.56035 1.54501 1.52284 1.50497 1.44296 1.42093 1.39786 1.39405 1.3353 1.35013 1.33053 1.28371 1.26536 1.23192 1.22086 1.19413 1.19882 1.14231 1.12772 1.117 1.10294 1.0821 1.06031 1.04131 1.03208 1.04406 1.00992 1.01491 1.00057 0.990944 0.995502 0.976837 0.972872 0.978111 0.967237 0.964119 0.969663 0.977401 0.979212 0.984263 0.990508 1 1.01087 1.02336 1.03503 1.04815 1.07167 1.09227 1.10735 1.12672 1.16166 1.17122 1.19907 1.21363 1.26415 1.28546 1.30152 1.34709 1.38142 1.42508 1.42305 1.47567 1.52362 1.551 1.5861 1.64347 1.68487 1.7023 1.77154 1.76719 1.85792 1.89342 1.94132 1.97277 2.03171 2.09137 2.14607 2.10983 2.17654 2.22872 2.2796 2.3101 2.41946 2.39066 2.47273 2.46635 2.49111 2.65045 2.64669 2.68684 2.72311 2.79304 
1.84764 1.82333 1.76938 1.7862 1.74922 1.67445 1.64622 1.63857 1.6404 1.55248 1.53434 1.50116 1.47581 1.4377 1.48151 1.44784 1.39386 1.35747 1.31852 1.3225 1.31174 1.27074 1.24992 1.20994 1.1835 1.16915 1.14126 1.14326 1.11915 1.10453 1.07769 1.07841 1.07689 1.02361 1.02171 1.0159 0.999307 0.999315 0.997278 0.984067 0.973499 0.961222 0.973479 0.962262 0.96789 0.973664 0.972259 0.978215 0.984165 0.990983 1 1.01069 1.02254 1.03474 1.04793 1.06295 1.09193 1.11206 1.1308 1.15797 1.17003 1.19611 1.22141 1.24378 1.28048 1.31408 1.34998 1.37375 1.42173 1.45764 1.47082 1.537 1.53962 1.59054 1.63807 1.67109 1.69489 1.76413 1.78348 1.84814 1.85595 1.92995 1.97029 2.03706 2.03254 2.11485 2.1321 2.2038 2.26769 2.29494 2.33581 2.40545 2.45794 2.50068 2.53984 2.58297 2.64946 2.66751 2.78634 2.80195 2.7835 
1.76928 1.72261 1.77547 1.73071 1.68551 1.70568 1.66265 1.59615 1.57682 1.60063 1.56627 1.49172 1.43623 1.46855 1.44631 1.44483 1.35496 1.35769 1.34432 1.28326 1.29054 1.27076 1.20296 1.20472 1.22149 1.18255 1.15455 1.14206 1.12537 1.10769 1.09505 1.0506 1.05143 1.04495 1.02692 1.02082 1.01295 1.00267 0.99128 0.989864 0.973637 0.972328 0.977439 0.96672 0.974364 0.96802 0.96951 0.974266 0.982805 0.990696 1 1.01014 1.02435 1.0381 1.05091 1.07247 1.08871 1.11369 1.13706 1.15307 1.18282 1.19531 1.23602 1.25366 1.29557 1.30779 1.35184 1.3735 1.43887 1.45502 1.48653 1.51348 1.56468 1.61023 1.63297 1.70703 1.70507 1.78912 1.80454 1.82679 1.86495 1.9321 2.00825 1.98532 2.05712 2.10823 2.15657 2.1975 2.227 2.26701 2.34742 2.34826 2.39904 2.49631 2.5555 2.63339 2.60954 2.67097 2.79726 2.84812 2.78948 
1.82505 1.74725 1.75799 1.7129 1.68364 1.65432 1.65697 1.60314 1.58003 1.54083 1.56448 1.51371 1.44527 1.46993 1.4519 1.4258 1.3816 1.34872 1.34095 1.3186 1.29257 1.25459 1.24467 1.20253 1.20261 1.1523 1.14837 1.13387 1.10911 1.07355 1.10249 1.0678 1.04569 1.03892 1.02615 1.0356 1.00071 0.991259 1.0008 0.977377 0.978706 0.984307 0.968257 0.971369 0.964947 0.968929 0.971856 0.97729 0.982786 0.989389 1 1.01073 1.02429 1.03973 1.0509 1.07286 1.09058 1.10888 1.1373 1.15414 1.17945 1.20252 1.24238 1.25755 1.28499 1.31967 1.36187 1.39558 1.42565 1.46249 1.50978 1.5118 1.53976 1.57013 1.63469 1.64892 1.69276 1.77948 1.80089 1.84188 1.90851 1.92105 1.96001 2.00916 2.0838 2.11294 2.14938 2.13735 2.30752 2.23563 2.36382 2.39425 2.45332 2.44454 2.54443 2.52516 2.64762 2.64978 2.72144 2.74142 2.8219 
1.84995 1.79306 1.71213 1.75242 1.69992 1.67128 1.62891 1.63959 1.59259 1.58928 1.56126 1.52296 1.50663 1.43896 1.44825 1.39198 1.39814 1.36436 1.31104 1.33836 1.29028 1.25617 1.18902 1.22773 1.19754 1.1839 1.15569 1.13721 1.10474 1.1158 1.08256 1.0628 1.05986 1.05312 1.01887 1.01952 1.00353 0.998333 0.98806 0.99279 0.973884 0.977437 0.974781 0.968021 0.969866 0.969522 0.97239 0.974871 0.984732 0.990527 1 1.01073 1.02054 1.03765 1.05464 1.06889 1.08319 1.10989 1.13099 1.14503 1.17417 1.21353 1.22456 1.25418 1.2789 1.32498 1.3662 1.38726 1.39246 1.45137 1.50988 1.53466 1.56953 1.59269 1.65097 1.66743 1.70725 1.78021 1.80521 1.86185 1.92059 1.90931 1.9925 2.00835 2.06468 2.08272 2.10489 2.14468 2.25609 2.29069 2.38161 2.38521 2.37092 2.57699 2.48867 2.52676 2.73122 2.71461 2.70795 2.78254 2.77025 
1.79602 1.76102 1.73533 1.75958 1.72085 1.74022 1.66722 1.61224 1.58172 1.53897 1.61935 1.53595 1.50383 1.44413 1.4332 1.44723 1.35517 1.34645 1.35082 1.32365 1.28286 1.25277 1.25968 1.21054 1.17523 1.17908 1.16808 1.15204 1.12204 1.1017 1.08611 1.07881 1.06633 1.0234 1.01577 1.0321 1.00783 0.995178 0.983364 0.988568 0.985043 0.970807 0.978554 0.968117 0.958039 0.964266 0.971008 0.976871 0.983516 0.990455 1 1.0098 1.02311 1.03865 1.0501 1.07048 1.09215 1.11573 1.13039 1.16022 1.18032 1.19955 1.23371 1.2774 1.29384 1.31436 1.33077 1.38249 1.39451 1.43576 1.47478 1.50993 1.55575 1.5987 1.64396 1.67886 1.69195 1.79226 1.7957 1.82803 1.86828 1.91923 1.99296 2.05005 2.03018 2.06068 2.12386 2.18827 2.2802 2.31805 2.33059 2.4027 2.46658 2.45417 2.52442 2.61525 2.59723 2.67352 2.73374 2.76185 2.80124 
1.76897 1.85372 1.7681 1.72925 1.70321 1.69135 1.64706 1.62345 1.64911 1.56752 1.58183 1.5538 1.48674 1.49374 1.43978 1.38746 1.40401 1.3429 1.30465 1.29732 1.26741 1.2316 1.25734 1.2277 1.1802 1.17063 1.15161 1.13634 1.12562 1.07887 1.10145 1.06419 1.04898 1.0567 1.0335 1.00933 1.01985 1.00042 0.981502 0.983649 0.972582 0.965506 0.967263 0.966244 0.970925 0.965473 0.975416 0.977087 0.985176 0.991059 1 1.01049 1.02405 1.03444 1.05267 1.06863 1.08835 1.09926 1.12657 1.14193 1.17859 1.19497 1.22559 1.24886 1.29137 1.33515 1.35223 1.38956 1.41498 1.44709 1.49787 1.555 1.53288 1.57719 1.64773 1.67858 1.7393 1.79605 1.79518 1.81952 1.85516 1.93137 1.9774 1.98801 2.05145 2.10393 2.16146 2.20922 2.23769 2.27769 2.36734 2.42779 2.47437 2.51628 2.50324 2.59276 2.70103 2.75865 2.73784 2.78556 2.83785 
1.79706 1.7886 1.79318 1.71256 1.64168 1.69879 1.6788 1.64181 1.59486 1.52015 1.52007 1.52052 1.4641 1.4381 1.46715 1.38419 1.41507 1.38263 1.31386 1.3281 1.31351 1.2572 1.23855 1.23742 1.18958 1.17202 1.14551 1.14673 1.09218 1.08215 1.08052 1.07115 1.05429 1.03846 1.03742 1.00647 1.01131 0.986038 0.975277 0.991943 0.978588 0.979342 0.96025 0.969389 0.967514 0.970635 0.972169 0.97876 0.981787 0.990911 1 1.01087 1.02265 1.03636 1.05423 1.06457 1.09401 1.10265 1.13109 1.15118 1.17948 1.20554 1.22676 1.25292 1.29275 1.30942 1.35623 1.38575 1.42466 1.44709 1.47113 1.54843 1.54818 1.58341 1.61871 1.68707 1.70376 1.74424 1.78804 1.81266 1.90715 1.95193 1.97175 1.97238 2.07439 2.12661 2.18896 2.26659 2.24069 2.2511 2.33211 2.36155 2.42694 2.49344 2.49508 2.5592 2.62811 2.67434 2.71 2.85007 2.83423 
1.78698 1.75022 1.76738 1.75365 1.71757 1.7015 1.66191 1.64276 1.60703 1.56423 1.52721 1.48863 1.46022 1.47844 1.44402 1.42795 1.354 1.33507 1.3304 1.26426 1.31485 1.2617 1.21125 1.22871 1.16857 1.1878 1.17754 1.13697 1.11343 1.09137 1.10365 1.07191 1.06396 1.05483 1.00875 1.02052 1.0126 0.992213 0.989433 0.977284 0.98566 0.969561 0.967318 0.962973 0.969168 0.966916 0.971514 0.97359 0.98223 0.991265 1 1.01059 1.02123 1.03454 1.05451 1.06462 1.09244 1.10893 1.12584 1.15882 1.18017 1.19521 1.23389 1.25878 1.2828 1.32116 1.36657 1.37434 1.41308 1.45926 1.47491 1.52494 1.56243 1.59178 1.63938 1.68837 1.71775 1.75572 1.82384 1.8785 1.8722 1.9285 1.99766 1.97733 2.09569 2.13842 2.12192 2.22355 2.23908 2.32496 2.32039 2.36856 2.38925 2.50608 2.521 2.59044 2.61819 2.71546 2.77242 2.74387 2.79991 
1.84021 1.80045 1.7953 1.73168 1.69049 1.63415 1.66808 1.63133 1.56175 1.5659 1.51169 1.48931 1.52668 1.4555 1.43533 1.42522 1.40723 1.35487 1.32117 1.336 1.29502 1.28463 1.25581 1.19932 1.19229 1.15629 1.15655 1.12884 1.12031 1.1126 1.07005 1.04244 1.06843 1.05197 1.01935 1.02247 0.992522 1.00304 1.00515 0.976311 0.987097 0.974784 0.966808 0.965621 0.973428 0.96909 0.96917 0.97525 0.984636 0.990946 1 1.01146 1.0215 1.03585 1.05439 1.06908 1.08778 1.11104 1.13008 1.15527 1.16646 1.19997 1.23499 1.2704 1.30283 1.32372 1.37066 1.39363 1.41999 1.44598 1.48729 1.53462 1.58199 1.57736 1.6182 1.67215 1.69769 1.79787 1.79772 1.82913 1.8689 1.92365 1.99775 2.01941 2.04272 2.1283 2.16726 2.1875 2.27018 2.32348 2.31592 2.36554 2.4912 2.47708 2.53566 2.62094 2.62649 2.69738 2.70401 2.77073 2.77533 
1.79876 1.77014 1.7944 1.6854 1.7003 1.6812 1.64183 1.65458 1.56533 1.57533 1.53211 1.49586 1.49296 1.44268 1.42515 1.41027 1.33864 1.342 1.3498 1.32635 1.25909 1.23778 1.26347 1.19666 1.20027 1.18464 1.15417 1.12295 1.1249 1.09711 1.07004 1.07189 1.0627 1.02818 1.02026 1.0128 1.00814 0.977934 0.99475 0.98114 0.965696 0.970059 0.967865 0.967622 0.971944 0.972182 0.973667 0.975371 0.981972 0.99102 1 1.01095 1.02385 1.03782 1.05548 1.07436 1.08993 1.10194 1.12689 1.14533 1.18043 1.21366 1.23025 1.25452 1.2824 1.31253 1.34503 1.38213 1.40485 1.45834 1.48343 1.53181 1.56684 1.59142 1.64604 1.68019 1.72736 1.76873 1.8174 1.89962 1.91132 1.93093 1.97232 2.03259 2.06139 2.08946 2.18815 2.21957 2.24993 2.26465 2.35166 2.40303 2.44662 2.5021 2.54665 2.58509 2.62031 2.65185 2.69014 2.74898 2.88266 
1.79859 1.8112 1.80382 1.72451 1.70793 1.72275 1.62309 1.63011 1.61294 1.57064 1.57921 1.48577 1.53135 1.45242 1.45409 1.39125 1.3884 1.32524 1.2911 1.34212 1.29714 1.27678 1.24567 1.20186 1.17389 1.18669 1.13936 1.1207 1.10015 1.11225 1.06572 1.07683 1.05917 1.04581 1.01774 1.01416 1.00355 0.985992 0.999628 0.973904 0.968939 0.966194 0.965819 0.972346 0.976277 0.969133 0.972724 0.974292 0.983232 0.990778 1 1.0124 1.0246 1.03646 1.05511 1.07354 1.0887 1.10555 1.1302 1.16493 1.18809 1.19037 1.24137 1.24368 1.29859 1.32395 1.34283 1.37255 1.41475 1.4674 1.48485 1.5369 1.58807 1.5932 1.63081 1.68602 1.73037 1.73229 1.84465 1.85723 1.91525 1.92319 1.99536 2.02534 2.07845 2.13655 2.11841 2.22065 2.26813 2.30112 2.34623 2.39063 2.43639 2.47569 2.53566 2.57795 2.61366 2.64783 2.71203 2.80589 2.9105 
1.83784 1.77571 1.73905 1.7079 1.7076 1.66522 1.58649 1.62969 1.5866 1.58635 1.53478 1.48935 1.44958 1.45837 1.41153 1.38735 1.40501 1.38115 1.3015 1.30814 1.28643 1.28192 1.22807 1.22132 1.15491 1.19087 1.13317 1.13825 1.08859 1.08851 1.08052 1.06629 1.07831 1.03564 1.0239 1.01028 1.00736 0.984366 0.981386 0.980785 0.963158 0.970742 0.966235 0.963919 0.96492 0.968365 0.970283 0.975135 0.982647 0.990639 1 1.01083 1.02328 1.03925 1.049 1.07473 1.09134 1.10532 1.1267 1.15776 1.18551 1.19932 1.23319 1.2607 1.2948 1.3353 1.35215 1.3845 1.42093 1.448 1.50612 1.52569 1.55796 1.5998 1.6382 1.67724 1.72318 1.74583 1.79605 1.83206 1.88254 1.89456 1.96303 2.03351 2.10041 2.08838 2.19805 2.2255 2.25428 2.2571 2.33972 2.37798 2.42277 2.51618 2.53453 2.61621 2.62646 2.70385 2.7573 2.74522 2.77695 
1.8159 1.85532 1.80302 1.74311 1.69484 1.66402 1.66 1.58966 1.60228 1.54029 1.57465 1.50126 1.46995 1.43648 1.40826 1.39202 1.37412 1.33135 1.32173 1.33475 1.30195 1.24951 1.21288 1.21714 1.21226 1.16502 1.14708 1.12291 1.11355 1.09285 1.08077 1.03287 1.04439 1.03379 1.00427 1.00705 0.999196 0.997021 0.971818 0.978358 0.965795 0.979771 0.966884 0.969444 0.96777 0.969367 0.974756 0.976711 0.983165 0.990468 1 1.01138 1.02234 1.03423 1.05438 1.07024 1.09604 1.1109 1.13913 1.15496 1.16692 1.20808 1.24198 1.25565 1.28982 1.32537 1.33276 1.37795 1.40631 1.41841 1.50283 1.53531 1.53691 1.62425 1.63995 1.67358 1.72884 1.74515 1.80795 1.78388 1.91063 1.97711 1.95053 2.04631 2.09847 2.11651 2.14532 2.23004 2.20654 2.31658 2.33593 2.43021 2.45605 2.49686 2.53282 2.61774 2.64703 2.69015 2.67937 2.7526 2.82597 
1.77999 1.80587 1.78941 1.7366 1.67594 1.66206 1.64946 1.61839 1.5809 1.54156 1.50659 1.52842 1.46466 1.48061 1.4447 1.42416 1.40823 1.35426 1.3175 1.31245 1.25953 1.23518 1.26214 1.20181 1.18139 1.17248 1.16323 1.13851 1.12796 1.10283 1.08333 1.08842 1.05163 1.04939 1.03777 1.01036 1.00046 0.985871 0.992583 0.976879 0.967484 0.971685 0.971019 0.965313 0.967978 0.967195 0.972655 0.973778 0.983368 0.989629 1 1.01121 1.02347 1.03943 1.0498 1.07595 1.08173 1.11354 1.13073 1.15946 1.17224 1.20515 1.23592 1.27227 1.30214 1.32155 1.33629 1.38247 1.40587 1.44989 1.48166 1.53181 1.55412 1.60356 1.62911 1.68214 1.71083 1.76346 1.82819 1.84616 1.93461 1.90493 1.95316 2.0466 2.04786 2.11338 2.15867 2.25767 2.25716 2.28628 2.36572 2.38612 2.44847 2.54994 2.55235 2.52958 2.61086 2.66462 2.69099 2.80975 2.84356 
1.82477 1.81339 1.72379 1.71305 1.70211 1.72767 1.66113 1.60672 1.60817 1.52413 1.5406 1.49984 1.50345 1.47628 1.43584 1.38543 1.39292 1.3532 1.31656 1.30889 1.28061 1.25245 1.22631 1.22033 1.20428 1.18847 1.15338 1.13493 1.11146 1.09856 1.09623 1.05366 1.03387 1.0308 1.03411 1.01967 0.993262 1.00296 0.986662 0.991435 0.981924 0.969849 0.960573 0.963483 0.959108 0.970682 0.969874 0.977067 0.982797 0.989705 1 1.01073 1.02336 1.03775 1.05051 1.06727 1.09429 1.10656 1.12898 1.15454 1.17671 1.21146 1.21525 1.26274 1.28167 1.32112 1.35588 1.3799 1.42281 1.44591 1.4959 1.51433 1.56002 1.60388 1.65184 1.7015 1.721 1.72774 1.77907 1.84822 1.87951 1.95307 1.9278 2.00689 2.06426 2.099 2.17508 2.15247 2.31172 2.32137 2.35914 2.38112 2.43349 2.5285 2.51713 2.54957 2.58099 2.72287 2.71874 2.74047 2.80722 
1.85728 1.77383 1.75925 1.71326 1.74045 1.67369 1.61606 1.6248 1.56808 1.56069 1.53798 1.47748 1.48004 1.48885 1.40877 1.38077 1.405 1.33136 1.31206 1.33009 1.28064 1.26283 1.246 1.21611 1.18576 1.19132 1.16646 1.12254 1.11573 1.09037 1.09478 1.08426 1.05932 1.00935 1.04238 1.01104 0.997122 0.989018 0.984757 0.970805 0.976713 0.958217 0.965051 0.970986 0.97032 0.965369 0.971285 0.976986 0.98282 0.991071 1 1.01191 1.02523 1.03923 1.05118 1.06925 1.08817 1.11114 1.13077 1.15667 1.1817 1.2072 1.23352 1.25615 1.29534 1.32156 1.35516 1.38383 1.44022 1.44021 1.51259 1.50978 1.57585 1.58767 1.64973 1.68806 1.74153 1.76374 1.82838 1.82966 1.90606 1.94837 1.96219 2.03418 2.08731 2.13346 2.20278 2.15859 2.25145 2.29993 2.34334 2.42258 2.46377 2.48584 2.59043 2.55492 2.58868 2.66004 2.77063 2.81154 2.82982 
1.78843 1.77603 1.78426 1.72158 1.63025 1.73856 1.59861 1.60106 1.58883 1.55263 1.52144 1.52652 1.49499 1.45375 1.42216 1.40102 1.36989 1.35263 1.31396 1.28074 1.28732 1.25778 1.25437 1.19347 1.18948 1.18072 1.15081 1.10396 1.10523 1.10315 1.0852 1.07576 1.0622 1.02775 1.01546 1.01936 1.01067 0.981082 0.982568 0.979701 0.975893 0.980509 0.966036 0.96797 0.964503 0.963003 0.972456 0.976607 0.984002 0.989847 1 1.01141 1.02325 1.03461 1.05317 1.06483 1.08753 1.10415 1.12969 1.15396 1.18414 1.19936 1.23334 1.24511 1.28523 1.32361 1.33269 1.40523 1.40034 1.45426 1.50696 1.52148 1.55594 1.61514 1.65946 1.67149 1.7149 1.76514 1.80439 1.88243 1.86919 1.92716 1.9578 2.03884 2.04466 2.16125 2.1204 2.16887 2.29638 2.26095 2.33244 2.42353 2.43104 2.48083 2.48111 2.54941 2.6161 2.6647 2.78124 2.79099 2.83141 
1.82888 1.78391 1.71517 1.66446 1.70455 1.6428 1.65004 1.58959 1.60236 1.54857 1.54884 1.45988 1.47219 1.47635 1.44178 1.37766 1.36699 1.37201 1.30358 1.29588 1.25142 1.24711 1.22442 1.19156 1.21005 1.17317 1.16062 1.14586 1.14263 1.09777 1.07452 1.08787 1.03652 1.05559 1.02245 1.02234 0.988994 0.992578 1.00516 0.982789 0.967902 0.969634 0.966396 0.967562 0.964272 0.968665 0.972135 0.976539 0.981725 0.989934 1 1.01136 1.02449 1.03595 1.05274 1.06889 1.08925 1.11075 1.13314 1.16217 1.18193 1.2141 1.24104 1.27037 1.29441 1.33024 1.33768 1.40507 1.41884 1.46827 1.49743 1.54622 1.55741 1.6088 1.63142 1.68201 1.69495 1.7332 1.7965 1.85404 1.89477 1.94456 1.98873 2.01151 2.02062 2.16506 2.15344 2.22277 2.25991 2.2482 2.33432 2.45206 2.44498 2.42794 2.51928 2.56666 2.65082 2.67236 2.70474 2.86605 2.81086 
1.82825 1.78199 1.77942 1.74897 1.64367 1.69983 1.65772 1.63014 1.51782 1.56489 1.54195 1.47343 1.50619 1.45892 1.39871 1.38765 1.36306 1.35182 1.32272 1.3127 1.27345 1.24318 1.24474 1.18667 1.19142 1.15858 1.15188 1.12045 1.12049 1.09431 1.06767 1.05602 1.02304 1.0262 1.03263 1.0272 1.00934 0.996978 0.972447 0.981855 0.972508 0.97105 0.96896 0.967214 0.965841 0.973244 0.968345 0.975222 0.983158 0.989991 1 1.01121 1.02344 1.04102 1.05213 1.07428 1.09095 1.10128 1.12948 1.15992 1.16924 1.21513 1.23362 1.25485 1.29517 1.33154 1.34536 1.37998 1.41916 1.45275 1.48095 1.53921 1.55579 1.61958 1.63366 1.70351 1.75004 1.75276 1.84706 1.88968 1.8917 1.97203 2.00991 2.03258 2.07308 2.1107 2.12537 2.22577 2.21555 2.32771 2.32154 2.40934 2.49383 2.45847 2.53 2.63876 2.65146 2.69345 2.73779 2.79727 2.83837 
1.83871 1.80616 1.74316 1.67136 1.67183 1.6585 1.65599 1.60705 1.56541 1.58129 1.48483 1.47964 1.45101 1.3749 1.41698 1.4321 1.37509 1.33431 1.32807 1.30191 1.25956 1.24446 1.23393 1.23219 1.19341 1.13316 1.15145 1.1435 1.10557 1.09684 1.09901 1.06469 1.02864 1.03919 1.01019 1.01172 1.01139 0.992464 0.978932 0.973071 0.967824 0.969876 0.962064 0.967797 0.966861 0.962741 0.96674 0.974747 0.980882 0.990563 1 1.01076 1.02339 1.03755 1.05582 1.06611 1.09264 1.11627 1.12181 1.1667 1.17876 1.20175 1.23216 1.26246 1.28814 1.33392 1.36691 1.38846 1.43367 1.45052 1.49401 1.53082 1.56412 1.62741 1.66214 1.71506 1.72613 1.76112 1.8335 1.8705 1.91643 1.91576 2.00752 2.04584 2.08685 2.09633 2.15718 2.22627 2.29496 2.30003 2.3131 2.42068 2.4804 2.49757 2.57144 2.59614 2.61889 2.72759 2.79738 2.80527 2.83815 
1.83464 1.73251 1.72911 1.72998 1.73993 1.63928 1.61542 1.59148 1.5863 1.582 1.50324 1.5232 1.4557 1.43694 1.42875 1.39444 1.32971 1.3553 1.32431 1.26044 1.23549 1.24558 1.23808 1.21063 1.18984 1.19659 1.15933 1.10134 1.09848 1.08601 1.05834 1.06862 1.05206 1.02236 1.02105 1.01061 0.991681 0.984225 0.972321 0.979465 0.969678 0.976717 0.967155 0.958091 0.961718 0.970267 0.977683 0.978085 0.982603 0.990092 1 1.01114 1.02372 1.03971 1.0573 1.0708 1.0976 1.1104 1.13722 1.15635 1.17956 1.21292 1.23202 1.25947 1.30212 1.3244 1.35845 1.39269 1.4178 1.4553 1.47204 1.53446 1.59057 1.62599 1.652 1.68534 1.73945 1.7689 1.82018 1.88509 1.92641 1.96585 1.97026 2.08374 2.08126 2.16641 2.15796 2.21872 2.26023 2.29645 2.30612 2.38632 2.43172 2.48076 2.55086 2.60892 2.66255 2.7101 2.75567 2.84605 2.83939 
1.7836 1.79296 1.71484 1.7438 1.61359 1.6239 1.62119 1.59355 1.58198 1.58558 1.56254 1.51707 1.45688 1.42833 1.41698 1.41058 1.39126 1.33727 1.37346 1.29205 1.25488 1.27214 1.24823 1.19688 1.19107 1.16291 1.14813 1.12985 1.10916 1.09584 1.07535 1.06083 1.0493 1.03815 1.01279 0.998338 1.00756 0.974282 0.982842 0.985855 0.976153 0.96942 0.971584 0.959619 0.969575 0.964701 0.968985 0.976238 0.982804 0.990514 1 1.01118 1.02373 1.04364 1.05199 1.07642 1.09772 1.11947 1.13617 1.15749 1.17991 1.20419 1.24409 1.26693 1.29429 1.33166 1.36421 1.38084 1.42702 1.4534 1.51793 1.54616 1.58073 1.59241 1.65194 1.67441 1.72879 1.78715 1.81289 1.87869 1.88432 1.9168 2.00076 2.08234 2.18519 2.10005 2.17513 2.22152 2.27137 2.29369 2.34892 2.37767 2.42615 2.51204 2.58201 2.61072 2.64505 2.70447 2.73465 2.81126 2.8748 
1.78933 1.75265 1.74378 1.73526 1.72726 1.68756 1.63401 1.60404 1.56673 1.546 1.45105 1.50819 1.45382 1.4117 1.43067 1.41852 1.34603 1.36477 1.33599 1.29579 1.26309 1.24038 1.22556 1.20479 1.18295 1.17977 1.14066 1.13677 1.14077 1.08951 1.07087 1.05628 1.04254 1.03011 1.02679 1.01755 0.999223 0.984895 0.979824 0.972727 0.975778 0.965251 0.96101 0.961098 0.966968 0.972277 0.968711 0.974425 0.982568 0.989949 1 1.01202 1.02277 1.03926 1.05398 1.07445 1.09313 1.11456 1.13711 1.15232 1.17972 1.21752 1.23154 1.26877 1.28853 1.33027 1.37782 1.41167 1.42616 1.47586 1.49121 1.51854 1.57917 1.60493 1.67495 1.71765 1.70208 1.76728 1.80238 1.89803 1.93779 1.93937 2.03882 2.05051 2.05462 2.08635 2.17113 2.18971 2.26714 2.33522 2.39359 2.37976 2.44363 2.46729 2.55435 2.62033 2.62262 2.69016 2.79527 2.84291 2.89005 
1.7844 1.77841 1.75975 1.7463 1.65265 1.73974 1.64587 1.54507 1.56382 1.57525 1.5112 1.50625 1.47444 1.47553 1.40727 1.41698 1.36124 1.32612 1.33436 1.28481 1.25249 1.24325 1.2256 1.20027 1.1641 1.17418 1.15796 1.14978 1.08649 1.08136 1.07448 1.06055 1.04434 1.04372 1.01952 1.01384 0.994635 0.987756 0.98399 0.968328 0.961957 0.966218 0.958035 0.961356 0.963237 0.96611 0.97014 0.977371 0.980598 0.990358 1 1.01157 1.02423 1.03588 1.05438 1.07517 1.08658 1.1167 1.13673 1.15635 1.18481 1.21926 1.23599 1.27354 1.27871 1.3418 1.35319 1.39521 1.44303 1.47951 1.504 1.54856 1.57401 1.62463 1.67832 1.75472 1.76369 1.80386 1.81195 1.88006 1.88564 1.92346 2.01662 2.04185 2.10824 2.134 2.16239 2.20748 2.28602 2.31793 2.34808 2.41957 2.49673 2.54954 2.56062 2.64285 2.62931 2.78374 2.72161 2.8163 2.83273 
1.74966 1.74649 1.7321 1.7273 1.70448 1.66892 1.61866 1.55668 1.5455 1.56009 1.51487 1.51708 1.42936 1.40277 1.3751 1.35281 1.34616 1.32997 1.32525 1.30322 1.26864 1.25956 1.19896 1.19658 1.19963 1.16386 1.13277 1.12167 1.11087 1.08646 1.09124 1.04064 1.07002 1.0238 1.02181 1.01073 1.00214 0.988469 0.991017 0.965234 0.965552 0.971293 0.963028 0.965031 0.963386 0.967172 0.970008 0.97589 0.980356 0.990193 1 1.01103 1.02517 1.03646 1.05531 1.08054 1.08928 1.10926 1.13746 1.1543 1.18113 1.20974 1.23267 1.27345 1.29534 1.32637 1.35226 1.4014 1.44227 1.4644 1.47947 1.52491 1.58922 1.60648 1.66143 1.72387 1.74553 1.77447 1.88332 1.84494 1.8975 1.9376 1.99471 2.0371 2.07156 2.087 2.18267 2.25289 2.26431 2.32478 2.38141 2.44758 2.42858 2.53013 2.53551 2.61411 2.64609 2.69817 2.79848 2.82663 2.8752 
1.80047 1.73797 1.69502 1.69138 1.76885 1.62012 1.63866 1.55161 1.61678 1.56115 1.50788 1.48702 1.48538 1.42372 1.41435 1.37025 1.37104 1.32102 1.28505 1.27716 1.24544 1.2256 1.21939 1.20832 1.20599 1.17394 1.1477 1.14328 1.10327 1.08747 1.06476 1.05447 1.04307 1.01991 1.02467 1.00908 1.00045 0.98233 0.98583 0.973186 0.976566 0.975255 0.964982 0.963127 0.966111 0.973308 0.966997 0.975419 0.982885 0.989817 1 1.01255 1.02452 1.04206 1.04853 1.07467 1.08765 1.11947 1.1324 1.15022 1.17885 1.21709 1.23967 1.26772 1.28723 1.33415 1.37044 1.40903 1.41616 1.48106 1.49325 1.5565 1.57644 1.61971 1.64978 1.72672 1.71087 1.78503 1.8164 1.8489 1.91369 1.93216 2.01857 2.06281 2.06416 2.16775 2.19654 2.24595 2.31348 2.28953 2.37645 2.45547 2.41382 2.50491 2.62668 2.55044 2.72068 2.70772 2.77299 2.80643 2.87395 
1.74393 1.72033 1.72047 1.71353 1.67438 1.63779 1.61428 1.60207 1.5635 1.53592 1.52552 1.48547 1.50624 1.46044 1.40725 1.38348 1.31053 1.34738 1.29896 1.30307 1.29236 1.24741 1.20282 1.20193 1.18746 1.16894 1.12053 1.12705 1.11227 1.08915 1.08042 1.06906 1.05185 1.04146 1.03277 1.00086 0.989447 0.99749 0.989189 0.969421 0.973139 0.959653 0.970739 0.957892 0.96683 0.959018 0.968212 0.973598 0.98186 0.990217 1 1.01168 1.02735 1.03977 1.04976 1.07178 1.09542 1.11317 1.14461 1.16504 1.18591 1.21509 1.226 1.28002 1.30278 1.33275 1.3561 1.40549 1.42136 1.48333 1.52053 1.52167 1.5972 1.61027 1.63215 1.70519 1.74895 1.79884 1.80454 1.84278 1.88208 1.96696 2.01505 2.09619 2.09584 2.15167 2.21986 2.25059 2.31466 2.32206 2.39734 2.37627 2.54323 2.52538 2.59993 2.56154 2.69422 2.72697 2.7716 2.84439 2.88908 
1.80317 1.74032 1.74244 1.71861 1.62926 1.65569 1.60687 1.56486 1.55604 1.55592 1.51449 1.53049 1.45437 1.40206 1.41307 1.38212 1.34111 1.27551 1.32527 1.26733 1.28576 1.23245 1.22152 1.19293 1.153 1.19679 1.11725 1.12405 1.13197 1.05871 1.06556 1.04365 1.05067 1.02282 1.01074 1.00641 0.997271 0.986324 0.981906 0.965215 0.961659 0.963915 0.967974 0.961111 0.962481 0.960598 0.970916 0.972357 0.981976 0.989222 1 1.0118 1.02486 1.03813 1.05576 1.07261 1.09412 1.1143 1.13031 1.16074 1.18508 1.21331 1.24194 1.27381 1.30825 1.32631 1.37986 1.39965 1.43765 1.47368 1.50105 1.53304 1.57582 1.63415 1.65089 1.74134 1.74089 1.8014 1.83369 1.8717 1.92337 1.97793 1.99689 2.03032 2.0938 2.12725 2.19865 2.21254 2.28028 2.36029 2.33057 2.44499 2.54225 2.47665 2.51531 2.62967 2.73934 2.67675 2.78931 2.82119 2.85711 
1.75461 1.76286 1.68405 1.7194 1.64123 1.63112 1.64975 1.62067 1.51566 1.56867 1.53539 1.46519 1.45259 1.44456 1.42435 1.35494 1.36787 1.33635 1.27693 1.30764 1.27218 1.23588 1.20375 1.15227 1.17266 1.17017 1.12211 1.10643 1.13067 1.08645 1.07834 1.0591 1.04212 1.03637 1.01604 1.00563 0.987164 0.974192 0.986272 0.96246 0.97754 0.96633 0.969914 0.96501 0.959961 0.96948 0.96994 0.977463 0.980234 0.989347 1 1.01166 1.0255 1.04097 1.0577 1.0743 1.08855 1.11883 1.13764 1.15459 1.18951 1.21302 1.23838 1.26805 1.3017 1.31228 1.3574 1.41392 1.40999 1.47801 1.50344 1.53269 1.56281 1.62718 1.65862 1.70895 1.74781 1.8103 1.78905 1.86773 1.92541 1.96317 2.01055 2.08619 2.12587 2.17096 2.25541 2.24721 2.33858 2.36767 2.34222 2.46177 2.48787 2.57105 2.54511 2.60186 2.63181 2.77449 2.74183 2.82774 2.86257 
1.76401 1.73406 1.7444 1.68931 1.65212 1.62921 1.62457 1.59999 1.60195 1.53478 1.55258 1.4804 1.45897 1.43343 1.44366 1.38042 1.37257 1.30448 1.30524 1.27688 1.27607 1.23926 1.22724 1.1787 1.15049 1.16647 1.1285 1.08903 1.12019 1.08912 1.06703 1.06262 1.04233 1.02703 1.01457 1.01048 1.00241 0.992835 0.975582 0.970098 0.958473 0.962702 0.967144 0.959265 0.965047 0.964455 0.967285 0.970741 0.980011 0.990144 1 1.01185 1.02547 1.03859 1.05897 1.0707 1.09268 1.11642 1.13982 1.15835 1.18923 1.21008 1.23625 1.27052 1.31511 1.33235 1.35938 1.40693 1.4455 1.47707 1.52948 1.55658 1.57205 1.60151 1.70329 1.69386 1.75324 1.77341 1.85821 1.86739 1.92652 2.00116 2.00937 2.04406 2.09938 2.15765 2.20057 2.26283 2.30545 2.36127 2.44042 2.42182 2.49905 2.48014 2.56908 2.59822 2.70308 2.76304 2.81184 2.80707 2.8622 
1.7766 1.78134 1.72552 1.6904 1.64854 1.67843 1.57883 1.58779 1.52392 1.51869 1.48679 1.48501 1.47545 1.43595 1.3805 1.4003 1.38061 1.33167 1.32197 1.27109 1.26224 1.22133 1.22502 1.18424 1.20355 1.14277 1.13078 1.12106 1.09675 1.09253 1.04769 1.04752 1.02726 1.00573 1.00693 1.00183 0.989957 0.97816 0.962219 0.959441 0.971539 0.947882 0.965608 0.961318 0.959016 0.962359 0.968511 0.97427 0.981125 0.990573 1 1.01245 1.02646 1.03895 1.05525 1.07745 1.095 1.11423 1.14162 1.15982 1.17805 1.21968 1.24474 1.26789 1.29465 1.33766 1.34954 1.37408 1.44791 1.47429 1.52121 1.52719 1.56935 1.61564 1.67109 1.70486 1.7441 1.79426 1.86258 1.85047 1.90043 2.006 2.01012 2.07291 2.06927 2.16977 2.20733 2.25787 2.27535 2.35722 2.40346 2.43228 2.49694 2.54979 2.57986 2.6077 2.71704 2.72057 2.77433 2.88421 2.86748 
1.78597 1.71949 1.70829 1.67657 1.65414 1.67619 1.61819 1.62178 1.59089 1.48931 1.45648 1.46654 1.44542 1.45854 1.37762 1.38084 1.31911 1.31785 1.28064 1.2816 1.28904 1.23073 1.20674 1.17328 1.16111 1.13739 1.1403 1.12275 1.10834 1.07625 1.07427 1.0481 1.01447 1.02549 0.991038 1.00512 0.982632 0.98308 0.989547 0.98298 0.966124 0.95075 0.963537 0.958453 0.95994 0.967326 0.967674 0.974978 0.98214 0.990708 1 1.01097 1.02471 1.038 1.05655 1.06811 1.09576 1.1192 1.1342 1.16817 1.18752 1.21601 1.2327 1.26905 1.30785 1.32022 1.38173 1.39884 1.43387 1.46792 1.51654 1.54141 1.6009 1.6301 1.65017 1.69226 1.75067 1.78076 1.84465 1.84863 1.93845 1.96051 1.9752 2.06 2.11653 2.13921 2.17009 2.22669 2.27921 2.38821 2.3649 2.40454 2.47851 2.50261 2.56057 2.67286 2.72889 2.77973 2.83381 2.81251 2.83789 
1.80641 1.73917 1.69602 1.69153 1.61881 1.61604 1.59985 1.57737 1.58031 1.50775 1.4648 1.49489 1.43932 1.41972 1.39665 1.33365 1.33598 1.35788 1.27626 1.26059 1.25108 1.23528 1.21356 1.20963 1.17929 1.14493 1.14251 1.0931 1.08824 1.07007 1.07068 1.04207 1.01725 1.0255 1.01253 0.99458 1.00199 0.999136 0.966807 0.960445 0.971157 0.951088 0.957455 0.958321 0.958263 0.966039 0.970995 0.975397 0.979539 0.988454 1 1.01268 1.02312 1.04269 1.05846 1.07618 1.1036 1.11788 1.13495 1.16153 1.19464 1.22215 1.23828 1.27813 1.30175 1.33097 1.36058 1.39523 1.42903 1.49007 1.52124 1.55423 1.59163 1.6328 1.67559 1.73693 1.7618 1.80522 1.79901 1.88953 1.90767 1.96969 1.95598 2.05476 2.14616 2.14352 2.22192 2.27902 2.33617 2.34254 2.41681 2.48476 2.46298 2.47387 2.55437 2.66136 2.64386 2.70295 2.8594 2.86794 2.89488 
1.80185 1.72549 1.74541 1.65125 1.66049 1.59206 1.62186 1.59491 1.53078 1.53949 1.48628 1.48879 1.44134 1.39142 1.38784 1.38649 1.3453 1.31105 1.31264 1.27074 1.26927 1.22374 1.19438 1.18579 1.16704 1.10408 1.12906 1.11232 1.08884 1.09274 1.07291 1.05493 1.01736 1.031 1.01283 0.992859 0.985887 0.990894 0.964483 0.986854 0.96941 0.962211 0.965205 0.964464 0.963232 0.969838 0.967854 0.973767 0.98181 0.987948 1 1.01213 1.02613 1.03758 1.06045 1.07529 1.09351 1.1147 1.1388 1.15584 1.18843 1.22522 1.23784 1.26354 1.30619 1.33168 1.35478 1.40167 1.44153 1.46835 1.50744 1.51448 1.60324 1.60276 1.66477 1.71865 1.72184 1.84426 1.82522 1.90395 1.92852 1.93785 2.00798 2.0845 2.10409 2.17745 2.21106 2.24244 2.37106 2.35193 2.36252 2.42861 2.4964 2.51158 2.58258 2.60878 2.70973 2.72243 2.83985 2.84653 2.87669 
1.82703 1.69407 1.71715 1.67429 1.69039 1.60165 1.59604 1.60984 1.55197 1.49028 1.45274 1.48275 1.40969 1.40467 1.40624 1.33791 1.35115 1.3403 1.27555 1.29406 1.25968 1.23334 1.20537 1.20203 1.17773 1.14865 1.12548 1.11581 1.10668 1.07108 1.06943 1.04782 1.04307 1.04731 1.00459 1.00722 0.987092 0.990951 0.977059 0.977215 0.964415 0.961766 0.947467 0.950409 0.954501 0.968759 0.970145 0.974035 0.982984 0.989037 1 1.01161 1.02533 1.03795 1.05613 1.07791 1.09281 1.12482 1.14307 1.16517 1.18622 1.20331 1.23059 1.28752 1.32082 1.32565 1.34948 1.42234 1.44665 1.50422 1.51007 1.56725 1.61367 1.61338 1.6731 1.67451 1.74609 1.79507 1.82172 1.8697 1.96665 1.97369 2.01967 2.08339 2.07382 2.13443 2.17257 2.20581 2.30401 2.36847 2.43399 2.47065 2.50632 2.57722 2.62595 2.70012 2.68857 2.73598 2.76795 2.91109 2.93568 
1.72408 1.71427 1.75736 1.72056 1.58531 1.6115 1.56483 1.57889 1.56261 1.54601 1.49584 1.53435 1.44869 1.41788 1.37636 1.34207 1.31415 1.35222 1.30387 1.27068 1.23762 1.21418 1.19632 1.19492 1.17134 1.13478 1.14854 1.09558 1.09824 1.08008 1.06572 1.04735 1.02159 1.02219 0.996744 1.00041 0.993335 0.985117 0.976038 0.964128 0.971792 0.957427 0.95961 0.96002 0.95657 0.964661 0.963793 0.97121 0.979771 0.989187 1 1.01198 1.02495 1.04152 1.06132 1.072 1.10258 1.12819 1.13765 1.1643 1.18849 1.2183 1.24686 1.28555 1.31269 1.33359 1.39278 1.42689 1.43239 1.47833 1.53215 1.57022 1.59918 1.64379 1.6777 1.73055 1.79598 1.79854 1.83721 1.93579 1.94614 2.02314 2.03219 2.04191 2.14802 2.1365 2.20233 2.27854 2.25115 2.37718 2.4868 2.38418 2.49848 2.57337 2.60612 2.65317 2.66499 2.78214 2.801 2.88709 2.92624 
1.74817 1.75599 1.7432 1.65927 1.65941 1.60599 1.5933 1.5843 1.5325 1.48126 1.45535 1.47838 1.43737 1.44582 1.37434 1.34424 1.37269 1.29614 1.2743 1.23384 1.23439 1.24127 1.20622 1.16702 1.14349 1.12863 1.13579 1.11149 1.07477 1.07076 1.06349 1.04095 1.02478 1.01539 0.997271 0.994712 0.992769 0.982272 0.963181 0.963997 0.967922 0.957351 0.958381 0.960743 0.959891 0.957422 0.969936 0.974377 0.97915 0.989332 1 1.01255 1.02588 1.0427 1.05345 1.07514 1.10215 1.12093 1.13826 1.16935 1.20088 1.2196 1.23663 1.27295 1.29611 1.33039 1.3853 1.40586 1.45958 1.47292 1.49774 1.57116 1.58781 1.62291 1.70066 1.71569 1.77092 1.81497 1.83101 1.91294 1.95191 1.99606 2.07315 2.0482 2.14404 2.10649 2.21692 2.27595 2.29329 2.32528 2.42352 2.43845 2.52519 2.60202 2.62265 2.67878 2.73164 2.81227 2.83504 2.80364 2.9181 
1.73074 1.74326 1.70799 1.66838 1.62168 1.59711 1.56303 1.55926 1.47918 1.48625 1.4546 1.48125 1.4171 1.40559 1.39159 1.34156 1.3419 1.2952 1.24292 1.25672 1.26682 1.23517 1.19814 1.1535 1.13891 1.14646 1.12732 1.11647 1.07029 1.06876 1.06131 1.05887 1.02054 1.01433 0.994987 0.991699 0.983847 0.974295 0.963221 0.953481 0.958519 0.958061 0.955845 0.953174 0.959954 0.963912 0.962857 0.975137 0.976655 0.989854 1 1.01202 1.02515 1.04301 1.05474 1.0756 1.09889 1.1189 1.1413 1.19016 1.19127 1.21575 1.25119 1.28977 1.30885 1.33588 1.37437 1.41247 1.43849 1.4964 1.50657 1.56458 1.60514 1.63187 1.66959 1.72495 1.76189 1.78529 1.87083 1.88275 1.92661 1.99522 2.05972 2.11199 2.1711 2.17094 2.20922 2.23997 2.34647 2.37785 2.44944 2.47127 2.52759 2.51111 2.55025 2.68183 2.69095 2.72876 2.76756 2.84532 2.9163 
1.77113 1.68171 1.69274 1.69231 1.5822 1.64064 1.56674 1.57667 1.51242 1.50597 1.51814 1.45872 1.43836 1.4119 1.33843 1.36915 1.31778 1.32808 1.2771 1.26022 1.26083 1.20715 1.18308 1.18539 1.15178 1.14808 1.1291 1.11455 1.07331 1.06711 1.05435 1.03335 1.01542 1.00368 1.00321 0.985706 0.9856 0.978534 0.967671 0.961322 0.964667 0.961247 0.956149 0.955307 0.964572 0.958239 0.963345 0.972262 0.981257 0.988732 1 1.01119 1.02736 1.04011 1.0533 1.07766 1.09775 1.11705 1.1401 1.15992 1.19301 1.21709 1.24505 1.28322 1.31388 1.34405 1.36962 1.40778 1.44849 1.47645 1.51174 1.56726 1.59456 1.64261 1.68727 1.71382 1.78571 1.80977 1.8567 1.86678 1.89488 2.00398 2.02862 2.06174 2.11204 2.19072 2.20934 2.26819 2.32907 2.40344 2.41829 2.41875 2.52248 2.52174 2.56616 2.68884 2.74772 2.77962 2.84091 2.88976 2.87776 
1.73872 1.74201 1.70313 1.64278 1.56627 1.57662 1.63257 1.54045 1.58289 1.47995 1.502 1.4475 1.42018 1.41104 1.3929 1.35725 1.31411 1.30972 1.2816 1.25904 1.26121 1.19758 1.21843 1.1663 1.16544 1.13248 1.11918 1.11204 1.09018 1.06606 1.04753 1.0457 1.01158 1.00019 1.02111 0.990949 0.985411 0.956868 0.978154 0.976424 0.963329 0.953728 0.950657 0.957711 0.95886 0.960593 0.965565 0.971097 0.980621 0.989029 1 1.01338 1.02713 1.03979 1.06063 1.07777 1.09484 1.12574 1.14629 1.17096 1.19316 1.22072 1.2444 1.28863 1.30795 1.35039 1.38349 1.40666 1.46354 1.48238 1.52896 1.574 1.5945 1.67358 1.67117 1.73504 1.77384 1.80541 1.83428 1.9092 1.96475 1.99395 1.98158 2.13768 2.11133 2.19666 2.2323 2.29387 2.28245 2.36513 2.40252 2.43586 2.56434 2.53037 2.63064 2.69435 2.73547 2.74875 2.87269 2.87355 2.94135 
1.7163 1.71398 1.67756 1.66081 1.64729 1.6329 1.59436 1.5956 1.46623 1.52443 1.44789 1.45692 1.40608 1.38785 1.41382 1.3342 1.32013 1.28128 1.26268 1.24564 1.2407 1.22065 1.18493 1.16892 1.12591 1.11102 1.11716 1.09969 1.0764 1.07562 1.05965 1.0574 1.03637 0.997888 1.00064 0.970739 0.99363 0.973405 0.967758 0.955229 0.954407 0.944971 0.948158 0.961093 0.949621 0.962154 0.968282 0.973605 0.979581 0.989473 1 1.01303 1.02605 1.04446 1.06026 1.07908 1.10436 1.12344 1.1422 1.17313 1.20421 1.23083 1.26601 1.28579 1.31231 1.34714 1.38289 1.40591 1.43889 1.5097 1.52191 1.57051 1.61049 1.67578 1.69086 1.72836 1.74983 1.801 1.87796 1.9066 1.94667 2.01987 2.02059 2.08675 2.15717 2.19547 2.24516 2.26875 2.30384 2.44161 2.44518 2.45626 2.5654 2.58829 2.57805 2.65966 2.73878 2.74746 2.83903 2.91497 2.9635 
1.77509 1.71099 1.71368 1.66181 1.67105 1.55605 1.54644 1.56072 1.50521 1.54285 1.51203 1.45189 1.45115 1.40678 1.42074 1.33882 1.32804 1.28937 1.25664 1.25455 1.22813 1.1759 1.16679 1.1565 1.15207 1.15132 1.10336 1.08584 1.08377 1.06356 1.03226 1.03625 1.04724 1.01347 0.985843 0.987567 0.971639 0.968561 0.956166 0.974397 0.950988 0.95467 0.95466 0.955282 0.957495 0.957449 0.967667 0.967597 0.97914 0.989283 1 1.01349 1.02905 1.04327 1.06361 1.07895 1.09962 1.12513 1.14789 1.15687 1.2038 1.22721 1.25111 1.286 1.31963 1.35556 1.38034 1.39987 1.45335 1.48524 1.50308 1.56051 1.62028 1.63723 1.69627 1.71872 1.75858 1.80909 1.87516 1.8949 1.97702 2.00851 2.03803 2.09599 2.15972 2.15536 2.27252 2.26443 2.31653 2.32478 2.44042 2.44637 2.52686 2.55237 2.62649 2.65266 2.73851 2.82218 2.91291 2.81077 2.91495 
1.7651 1.65945 1.6828 1.60994 1.62324 1.61004 1.58147 1.55297 1.50572 1.45124 1.51307 1.42386 1.41326 1.37744 1.37678 1.35382 1.33518 1.27815 1.25506 1.26735 1.25014 1.22967 1.21977 1.19275 1.14504 1.12226 1.11157 1.10374 1.08689 1.05708 1.04297 1.03682 0.996729 1.01114 0.995336 0.994107 0.987059 0.977943 0.968473 0.952881 0.960939 0.948286 0.942903 0.951879 0.956145 0.963507 0.963075 0.972928 0.978931 0.990107 1 1.01424 1.02616 1.04506 1.06443 1.08069 1.10417 1.11916 1.14651 1.17221 1.19637 1.21995 1.25163 1.27052 1.31981 1.34723 1.39217 1.41269 1.45305 1.4764 1.51863 1.59121 1.61534 1.66205 1.69739 1.75463 1.79004 1.81794 1.8543 1.89999 1.97248 1.99716 2.06123 2.07989 2.10423 2.18142 2.2586 2.24427 2.29649 2.33497 2.46644 2.51476 2.50484 2.58646 2.61195 2.58799 2.74338 2.80735 2.87152 2.88126 2.98305 
1.74131 1.69956 1.60671 1.61401 1.57595 1.53221 1.50038 1.51805 1.51938 1.49236 1.44091 1.4649 1.39115 1.35937 1.35199 1.33858 1.31771 1.34143 1.27782 1.26105 1.21854 1.2059 1.16027 1.17904 1.14677 1.13434 1.13634 1.08153 1.08494 1.05309 1.07125 1.02578 1.01602 1.02357 0.991496 0.977381 0.98007 0.965522 0.978284 0.972428 0.939578 0.946719 0.953849 0.9491 0.954488 0.957839 0.960904 0.972018 0.977356 0.987293 1 1.01374 1.02544 1.04541 1.06058 1.08537 1.10148 1.1295 1.13715 1.17168 1.20137 1.23474 1.2556 1.298 1.32328 1.35495 1.37916 1.41883 1.46755 1.50073 1.54552 1.56637 1.61078 1.62818 1.69791 1.73874 1.79994 1.84685 1.86448 1.90202 1.9631 2.01659 2.07439 2.08569 2.09506 2.14414 2.24492 2.31485 2.35455 2.41113 2.4103 2.46906 2.59079 2.56686 2.58203 2.69698 2.76158 2.80639 2.81159 2.92668 2.90833 
1.80371 1.65538 1.64466 1.62188 1.65596 1.56571 1.55042 1.52076 1.50223 1.40965 1.46448 1.43831 1.452 1.35234 1.36141 1.34189 1.30799 1.29267 1.29292 1.24049 1.23769 1.2015 1.14897 1.14033 1.15688 1.1487 1.10201 1.10535 1.04904 1.0659 1.06452 1.01597 1.01259 1.00237 1.00898 0.987128 0.992531 0.951606 0.961087 0.960974 0.961066 0.947646 0.951373 0.953325 0.959028 0.954859 0.958283 0.970879 0.977116 0.988186 1 1.01265 1.02644 1.04547 1.06386 1.0785 1.09973 1.12587 1.14516 1.17304 1.21056 1.24399 1.26465 1.29459 1.33948 1.34736 1.38098 1.42577 1.45487 1.49505 1.54223 1.5422 1.61658 1.64079 1.69081 1.75542 1.75408 1.8319 1.83301 1.92076 1.99134 1.98896 2.06517 2.1187 2.13967 2.23768 2.231 2.31244 2.33679 2.3654 2.40392 2.50606 2.5441 2.56033 2.70547 2.641 2.7486 2.74769 2.86095 2.87921 2.98851 
1.73789 1.69978 1.64536 1.63245 1.58619 1.56775 1.50753 1.56495 1.51146 1.5014 1.43195 1.40494 1.39796 1.4237 1.39006 1.32712 1.29749 1.26111 1.23152 1.24956 1.22331 1.15035 1.17101 1.17821 1.15606 1.13175 1.10107 1.06236 1.07554 1.05104 1.01272 1.02344 1.0269 0.983985 0.988591 0.98812 0.982909 0.976969 0.962604 0.958038 0.956998 0.958559 0.957221 0.955437 0.954724 0.959086 0.964443 0.970037 0.977659 0.987013 1 1.01266 1.03074 1.03973 1.06058 1.08407 1.10652 1.12754 1.14489 1.17106 1.21185 1.2273 1.25844 1.30088 1.31231 1.35826 1.3992 1.42423 1.44545 1.52015 1.52923 1.60238 1.62729 1.65845 1.72747 1.75119 1.79144 1.82061 1.90196 1.89094 1.97751 2.03009 2.0606 2.13089 2.13164 2.19776 2.28386 2.26476 2.34223 2.41604 2.38099 2.48406 2.51709 2.54614 2.66765 2.72718 2.76105 2.78914 2.85497 2.88314 2.92584 
1.72394 1.67843 1.63663 1.71825 1.62329 1.56494 1.58261 1.56586 1.46469 1.48452 1.45192 1.43056 1.414 1.34067 1.29794 1.33447 1.32188 1.26741 1.2426 1.21039 1.24888 1.21979 1.21083 1.17675 1.14029 1.11506 1.10435 1.10436 1.08409 1.05852 1.04528 1.02605 1.00921 0.985765 0.990135 0.977973 0.968207 0.962672 0.964396 0.957519 0.945763 0.946184 0.95647 0.944064 0.956035 0.958086 0.964628 0.970377 0.978673 0.987805 1 1.01306 1.02989 1.0482 1.06712 1.07836 1.09906 1.12668 1.14602 1.17022 1.20332 1.2329 1.26403 1.29541 1.3298 1.36671 1.40603 1.45163 1.46763 1.5232 1.55441 1.58067 1.64959 1.67249 1.70758 1.74095 1.75965 1.84007 1.85273 1.96228 1.94545 2.03691 2.03851 2.09443 2.16446 2.1948 2.29434 2.26963 2.35945 2.38054 2.41475 2.47096 2.54968 2.60102 2.63252 2.71886 2.78888 2.77074 2.84845 2.88983 2.98378 
1.72687 1.73455 1.61863 1.60371 1.59395 1.59274 1.56162 1.53674 1.47461 1.46944 1.43111 1.41523 1.43338 1.36192 1.34015 1.27925 1.29255 1.26641 1.25865 1.25337 1.21884 1.19436 1.17965 1.14437 1.11785 1.12331 1.11352 1.0771 1.0861 1.05764 1.01912 1.02388 1.01669 0.995111 0.986378 0.988487 0.974388 0.962288 0.957938 0.953468 0.942737 0.952125 0.941575 0.955107 0.957363 0.958745 0.961754 0.9713 0.978025 0.98819 1 1.01256 1.02735 1.0453 1.0617 1.08034 1.10288 1.13073 1.14787 1.17273 1.20081 1.24181 1.2526 1.30899 1.30696 1.3408 1.37811 1.4291 1.47091 1.48137 1.5475 1.5712 1.62404 1.66715 1.71998 1.72055 1.78503 1.83053 1.90294 1.94903 1.95755 2.0487 2.07093 2.05784 2.16022 2.21485 2.23783 2.30249 2.3289 2.39057 2.44439 2.49669 2.54522 2.63433 2.64178 2.67035 2.78419 2.7475 2.8413 2.87522 2.96967 
1.65154 1.66543 1.66451 1.72728 1.5822 1.55375 1.52926 1.45654 1.47692 1.4501 1.46438 1.44178 1.35294 1.38754 1.3227 1.34097 1.36339 1.26607 1.24413 1.2493 1.19954 1.22293 1.16352 1.14912 1.12816 1.09795 1.09116 1.06644 1.07249 1.03798 1.03045 1.03574 1.00249 0.986368 0.996708 0.959794 0.96666 0.956595 0.965047 0.950616 0.943852 0.94426 0.954499 0.942303 0.950874 0.958279 0.964625 0.969346 0.976452 0.987661 1 1.01395 1.02766 1.04445 1.06151 1.08433 1.10395 1.12995 1.14331 1.16777 1.19903 1.23235 1.26322 1.28928 1.31698 1.36577 1.3961 1.4323 1.46183 1.48987 1.55604 1.61178 1.61311 1.65922 1.71849 1.77391 1.76721 1.83796 1.86947 1.94762 1.9756 1.99342 2.08433 2.11981 2.14684 2.25443 2.25692 2.28954 2.3074 2.37956 2.45217 2.56119 2.54263 2.62605 2.65717 2.70336 2.79179 2.83401 2.88111 2.91883 2.97027 
1.69431 1.66326 1.68707 1.61553 1.58275 1.53382 1.50565 1.54243 1.48735 1.42579 1.45069 1.38331 1.32648 1.376 1.33041 1.31783 1.2952 1.26898 1.24471 1.21173 1.18805 1.18376 1.15842 1.14869 1.15321 1.1105 1.10477 1.08717 1.07969 1.0435 1.02925 0.998913 0.988732 1.00126 0.974463 0.967771 0.956486 0.964894 0.950306 0.957747 0.949598 0.938274 0.944725 0.942767 0.953096 0.951576 0.958242 0.967704 0.97745 0.987894 1 1.01497 1.02704 1.04793 1.06355 1.0825 1.10582 1.12191 1.14423 1.17967 1.2088 1.22708 1.27115 1.29167 1.32305 1.35829 1.40548 1.41415 1.47035 1.51825 1.53017 1.59921 1.62031 1.67169 1.70318 1.74988 1.78274 1.82029 1.87791 1.92004 1.946 1.99599 2.05207 2.15431 2.14698 2.20266 2.31224 2.35127 2.39475 2.40972 2.39662 2.50229 2.55077 2.60508 2.66372 2.70467 2.80629 2.76741 2.86768 2.88947 2.97882 
1.66893 1.66526 1.69677 1.60982 1.61955 1.53956 1.58346 1.55904 1.48116 1.46287 1.43642 1.42038 1.38128 1.3601 1.33128 1.31609 1.30673 1.27705 1.24088 1.2377 1.21915 1.18799 1.14359 1.15447 1.11099 1.0924 1.092 1.04802 1.05343 1.02494 1.05148 1.00682 0.980698 1.00673 0.980452 0.974334 0.983436 0.954146 0.946972 0.944321 0.939522 0.941946 0.944508 0.94478 0.952001 0.956755 0.957218 0.9682 0.979522 0.987386 1 1.01389 1.0292 1.04593 1.0631 1.07823 1.10264 1.1309 1.15391 1.18757 1.20042 1.24569 1.26136 1.28503 1.32607 1.36517 1.42738 1.44643 1.46172 1.52188 1.53577 1.58333 1.63819 1.70552 1.7131 1.73499 1.8038 1.85218 1.91074 1.92061 1.98614 2.00461 2.12483 2.11603 2.21001 2.21604 2.28911 2.35335 2.33154 2.43368 2.45731 2.55655 2.59088 2.72743 2.72069 2.74868 2.74128 2.85896 2.95519 2.97427 2.9932 
1.70361 1.6696 1.61389 1.62823 1.58715 1.53849 1.50599 1.51824 1.53661 1.46281 1.44326 1.42499 1.40767 1.36921 1.35348 1.3017 1.28534 1.24866 1.22937 1.2431 1.21855 1.1846 1.17688 1.13233 1.12472 1.08115 1.1082 1.08069 1.06316 1.05602 1.02294 1.03121 0.995762 0.987331 0.975104 0.972419 0.963573 0.959745 0.955072 0.94207 0.945822 0.950511 0.94772 0.947134 0.950912 0.954714 0.962106 0.970194 0.977182 0.988186 1 1.01374 1.02921 1.04565 1.0686 1.08518 1.1 1.13219 1.16433 1.17449 1.20637 1.24359 1.26336 1.29254 1.32508 1.36022 1.39516 1.43662 1.48363 1.53459 1.57606 1.58362 1.67286 1.66789 1.7319 1.79276 1.82 1.89236 1.88808 1.93083 2.02612 2.0692 2.08058 2.11024 2.22491 2.21233 2.25752 2.30944 2.35685 2.3885 2.47882 2.56034 2.58439 2.60394 2.64976 2.72803 2.76204 2.86263 2.8814 2.92463 2.96009 
1.69569 1.62247 1.57646 1.61243 1.54262 1.52429 1.49749 1.51393 1.48549 1.43129 1.3842 1.40934 1.35226 1.32062 1.32525 1.31969 1.24992 1.28021 1.24311 1.19619 1.23661 1.15482 1.1693 1.15571 1.12231 1.0691 1.07206 1.07436 1.04917 1.03104 1.03629 1.01778 1.00223 0.982879 0.974578 0.957884 0.941571 0.959689 0.947845 0.946984 0.948459 0.942878 0.946033 0.947691 0.943004 0.955693 0.954494 0.969216 0.976419 0.987625 1 1.01361 1.02846 1.04778 1.06311 1.08299 1.10991 1.13545 1.16292 1.18416 1.21613 1.24171 1.28021 1.30391 1.31157 1.39246 1.40135 1.44282 1.49326 1.51538 1.561 1.5839 1.65513 1.67988 1.74328 1.76422 1.80491 1.8686 1.93022 1.92613 1.98577 2.02796 2.07577 2.16171 2.26732 2.28473 2.26384 2.31256 2.34517 2.44743 2.5047 2.50398 2.59851 2.6203 2.60991 2.80434 2.8166 2.8798 2.91007 2.9248 3.00283 
1.64238 1.6356 1.59435 1.56968 1.56391 1.56824 1.47739 1.47354 1.47039 1.43417 1.41336 1.4169 1.35087 1.37601 1.34315 1.31826 1.26539 1.25913 1.25267 1.17332 1.20256 1.19287 1.14013 1.17045 1.13725 1.07593 1.09356 1.05303 1.02012 1.03472 1.01783 0.985047 1.01488 0.97914 0.969532 0.972517 0.96125 0.965638 0.964267 0.957047 0.933002 0.935877 0.940811 0.941542 0.945456 0.950435 0.958729 0.963697 0.976299 0.987074 1 1.01409 1.0311 1.04955 1.06603 1.08842 1.1147 1.12687 1.1588 1.19209 1.20804 1.23497 1.26315 1.30437 1.32133 1.37911 1.40007 1.44982 1.49374 1.5517 1.57541 1.60086 1.65577 1.70144 1.72665 1.78062 1.84234 1.90681 1.92336 1.98401 1.99722 2.05002 2.08406 2.16836 2.21676 2.25798 2.30512 2.34907 2.38513 2.48447 2.50088 2.53301 2.64206 2.62415 2.71029 2.74392 2.78102 2.84544 2.96354 2.95645 3.0464 
1.71518 1.65903 1.62768 1.5598 1.56201 1.52392 1.55417 1.49909 1.47606 1.43486 1.41954 1.42904 1.34124 1.3201 1.29868 1.31661 1.25919 1.27303 1.23598 1.21709 1.20627 1.15479 1.13681 1.1106 1.0809 1.10897 1.07089 1.08122 1.06595 1.02209 1.04221 1.00726 0.988335 0.968501 0.981009 0.954421 0.970035 0.955979 0.941196 0.942182 0.940471 0.954607 0.938666 0.941544 0.940109 0.9496 0.96257 0.964214 0.977745 0.98662 1 1.01416 1.03006 1.04833 1.07098 1.08889 1.10503 1.12847 1.13964 1.19155 1.20335 1.24251 1.28176 1.29859 1.34144 1.37943 1.40252 1.43487 1.47711 1.52753 1.54904 1.60701 1.662 1.685 1.71397 1.78909 1.82097 1.88576 1.89966 1.94592 1.9868 2.03566 2.05897 2.17825 2.15884 2.25106 2.30136 2.34381 2.39806 2.43643 2.50815 2.54478 2.53789 2.60107 2.70327 2.77429 2.82257 2.847 2.94839 3.00935 3.03698 
1.70832 1.64098 1.6349 1.60858 1.55821 1.56555 1.48407 1.46128 1.42035 1.40962 1.35461 1.39158 1.35418 1.3006 1.31489 1.3009 1.27751 1.23485 1.24459 1.18136 1.19849 1.17279 1.11148 1.14044 1.06909 1.08843 1.06505 1.06833 1.03488 1.03531 1.02237 0.988629 1.00479 0.979895 0.962494 0.956501 0.938702 0.947602 0.948303 0.935256 0.953163 0.937536 0.933435 0.940296 0.937654 0.953587 0.958167 0.966005 0.975312 0.986418 1 1.01397 1.03185 1.04642 1.06886 1.08944 1.11211 1.12894 1.16549 1.18803 1.21981 1.24825 1.27709 1.29723 1.33993 1.3672 1.42153 1.45864 1.49524 1.5221 1.57363 1.62631 1.63657 1.68768 1.72356 1.77559 1.82303 1.86187 1.94061 1.95624 2.0492 2.05995 2.10735 2.12114 2.20572 2.20585 2.27329 2.41137 2.39105 2.45972 2.49256 2.58885 2.64508 2.73056 2.6622 2.76741 2.85828 2.89408 2.94836 2.97288 2.96421 
1.61713 1.62286 1.61428 1.57975 1.54039 1.48396 1.47989 1.49732 1.41601 1.41742 1.37388 1.35634 1.37144 1.3617 1.30755 1.26841 1.26516 1.25271 1.19892 1.21949 1.13167 1.14088 1.13888 1.13088 1.1435 1.09063 1.07575 1.05374 1.02126 1.03209 1.02079 0.993245 0.995586 0.981256 0.97961 0.962911 0.940952 0.945624 0.929252 0.945762 0.935068 0.942577 0.93367 0.934071 0.942987 0.947935 0.951412 0.962785 0.974114 0.986852 1 1.0138 1.03 1.04944 1.06529 1.08759 1.11794 1.13618 1.16849 1.18982 1.21527 1.25303 1.2744 1.31142 1.34852 1.39396 1.44111 1.4649 1.5094 1.51287 1.55013 1.6108 1.67012 1.67947 1.73339 1.8113 1.82093 1.8901 1.89672 1.99187 1.97685 2.0758 2.14737 2.17543 2.21848 2.25094 2.31935 2.36511 2.39639 2.53183 2.52987 2.59677 2.64469 2.62281 2.73059 2.70644 2.87756 2.8424 2.96993 2.95936 3.05668 
1.62154 1.62891 1.5576 1.58506 1.56077 1.49128 1.53973 1.42746 1.43671 1.40625 1.37993 1.35349 1.35303 1.34463 1.2984 1.26448 1.27656 1.24001 1.20047 1.17803 1.16897 1.1625 1.13885 1.1166 1.1197 1.09912 1.08925 1.03227 1.03235 1.00035 1.01332 0.972233 0.974734 0.974989 0.968501 0.942412 0.946592 0.932991 0.952902 0.932817 0.942008 0.940176 0.93533 0.93897 0.941907 0.948702 0.954481 0.963063 0.972885 0.986099 1 1.01542 1.03088 1.04526 1.06894 1.09157 1.11296 1.13203 1.15524 1.19578 1.21718 1.25195 1.28302 1.32886 1.35044 1.37884 1.429 1.462 1.48879 1.53911 1.57232 1.62903 1.67446 1.73386 1.77091 1.78915 1.84419 1.89249 1.92215 1.98475 2.04297 2.06846 2.14027 2.17955 2.22671 2.21013 2.3557 2.31248 2.37592 2.45942 2.53687 2.5945 2.63723 2.66837 2.78085 2.7592 2.81311 2.95294 2.99271 3.00083 3.0895 
1.62624 1.59684 1.59378 1.54712 1.55875 1.51759 1.49996 1.41897 1.43948 1.38565 1.35781 1.34917 1.31643 1.30151 1.30623 1.24009 1.23585 1.22302 1.19219 1.18546 1.1562 1.14512 1.1169 1.12121 1.09321 1.09968 1.07227 1.04634 1.03664 1.01013 1.00044 0.997155 0.980899 0.973185 0.968964 0.973367 0.952321 0.932862 0.930713 0.941882 0.932203 0.92761 0.934126 0.939165 0.951921 0.945439 0.957039 0.961707 0.97501 0.986108 1 1.01464 1.03362 1.05041 1.06906 1.08788 1.11626 1.14441 1.16415 1.19305 1.22328 1.2591 1.27854 1.31884 1.34346 1.37576 1.42369 1.46891 1.48787 1.53863 1.57259 1.63919 1.63891 1.70699 1.77204 1.80659 1.84943 1.86813 1.94528 1.98459 1.99141 2.08033 2.12417 2.1856 2.21438 2.28377 2.29434 2.37139 2.44087 2.51634 2.51744 2.56344 2.58664 2.68276 2.83978 2.83301 2.84845 2.86428 2.95192 2.96845 3.09292 
1.62175 1.53311 1.62219 1.49091 1.51958 1.44394 1.49798 1.45625 1.48277 1.3949 1.37362 1.33556 1.33286 1.30284 1.30316 1.28647 1.23014 1.18463 1.18215 1.17296 1.13701 1.15103 1.09546 1.10805 1.07699 1.05237 1.05271 1.04793 1.03118 1.02215 0.998291 0.969258 0.992877 0.954654 0.98107 0.943349 0.947546 0.928949 0.941272 0.930022 0.940476 0.9343 0.929419 0.929613 0.930704 0.950994 0.951767 0.960895 0.973415 0.985253 1 1.01478 1.03246 1.053 1.07015 1.08682 1.11389 1.14356 1.16428 1.20012 1.22724 1.26038 1.29502 1.31548 1.33898 1.40044 1.44531 1.46301 1.50755 1.55568 1.55304 1.63703 1.66696 1.674 1.73542 1.79457 1.84571 1.92974 1.96699 1.97857 2.06222 2.06662 2.12429 2.18632 2.21677 2.27701 2.36283 2.33406 2.43188 2.47295 2.53643 2.56787 2.69214 2.71941 2.76517 2.81994 2.80642 2.84714 2.93897 3.00872 3.13516 
1.57472 1.58997 1.55892 1.55866 1.53437 1.48222 1.41686 1.47116 1.44455 1.39166 1.35143 1.34051 1.27312 1.30439 1.26528 1.301 1.22413 1.20108 1.17661 1.19643 1.15011 1.10917 1.10122 1.08183 1.10388 1.07621 1.02933 1.02557 1.02882 0.999255 0.974259 0.95742 0.973637 0.958842 0.963439 0.956572 0.939037 0.920719 0.936125 0.924528 0.925259 0.933877 0.933833 0.938862 0.936637 0.946889 0.949292 0.96223 0.975136 0.98515 1 1.01665 1.03561 1.05089 1.07095 1.10004 1.10803 1.14849 1.16384 1.19939 1.2229 1.25681 1.28841 1.33309 1.35042 1.37184 1.42413 1.47049 1.50064 1.55445 1.60775 1.62858 1.68711 1.71626 1.73138 1.81049 1.88398 1.90788 1.94187 1.98771 2.087 2.08829 2.14419 2.24102 2.26706 2.27532 2.31499 2.37182 2.52646 2.47577 2.52437 2.60532 2.66657 2.66461 2.71497 2.8711 2.85563 2.88606 3.03101 3.09824 3.15619 
1.6443 1.58153 1.58949 1.49509 1.48089 1.46329 1.43322 1.41195 1.3768 1.3449 1.33479 1.32819 1.29161 1.30821 1.30132 1.2497 1.23844 1.19143 1.19532 1.18218 1.13393 1.13096 1.11642 1.07906 1.06324 1.06193 1.03282 1.03092 1.01713 1.00547 1.00425 0.963954 0.987174 0.963564 0.961605 0.954607 0.945316 0.921187 0.916141 0.9221 0.927981 0.939925 0.9301 0.933554 0.939187 0.951442 0.950061 0.957922 0.975993 0.986627 1 1.01723 1.03355 1.04837 1.07643 1.09368 1.12117 1.14951 1.17244 1.19832 1.21953 1.25762 1.288 1.33355 1.36179 1.40032 1.45725 1.49038 1.50665 1.55181 1.59804 1.64487 1.6812 1.75651 1.76999 1.81627 1.8664 1.88813 1.94122 2.04403 2.08655 2.10746 2.17995 2.2455 2.27592 2.30632 2.34808 2.40973 2.45741 2.50346 2.55006 2.63693 2.70473 2.8164 2.8203 2.85271 2.8822 2.96148 2.95491 3.00339 3.14314 
1.57364 1.56975 1.55518 1.51581 1.50342 1.47682 1.44691 1.42806 1.36265 1.35584 1.33964 1.31921 1.32175 1.30023 1.25485 1.22771 1.21309 1.19949 1.16849 1.19673 1.12762 1.12318 1.08683 1.07982 1.09506 1.05896 1.02727 1.02598 0.995298 0.978429 0.983969 0.979107 0.974585 0.959129 0.931318 0.950118 0.940464 0.918911 0.928592 0.922772 0.923088 0.918808 0.927621 0.92766 0.94081 0.94496 0.951433 0.962872 0.973915 0.985552 1 1.01683 1.03607 1.05294 1.06854 1.09126 1.12282 1.14022 1.18224 1.18456 1.23404 1.26435 1.30574 1.33235 1.35083 1.42509 1.42524 1.46519 1.52701 1.56815 1.61323 1.64573 1.67622 1.75064 1.77838 1.8248 1.88369 1.89171 1.98509 1.99155 2.05149 2.13037 2.16257 2.15874 2.29432 2.29595 2.32785 2.46823 2.44551 2.47833 2.66213 2.60667 2.70948 2.73632 2.78714 2.89577 2.90074 2.97425 2.996 3.11974 3.16578 
1.57816 1.54357 1.53826 1.48656 1.47467 1.46716 1.47856 1.42063 1.42955 1.37016 1.31459 1.31759 1.26973 1.29457 1.29694 1.21966 1.21529 1.18841 1.16701 1.11752 1.1253 1.09488 1.13476 1.06657 1.03857 1.07411 1.02809 1.01375 1.00266 0.999515 0.981067 0.960836 0.991656 0.937211 0.936637 0.923877 0.93524 0.94257 0.924774 0.92608 0.92857 0.916913 0.924242 0.9304 0.935197 0.939256 0.947617 0.957689 0.97255 0.984334 1 1.01853 1.03178 1.05227 1.07355 1.09949 1.12464 1.14671 1.18087 1.19669 1.24452 1.26368 1.2911 1.33655 1.35812 1.39292 1.44616 1.48846 1.51152 1.57271 1.59912 1.62017 1.70859 1.73168 1.77723 1.80025 1.85246 1.9212 1.92874 2.04947 2.05932 2.10706 2.17559 2.21015 2.27082 2.32114 2.33707 2.40876 2.48471 2.55286 2.5794 2.66995 2.68646 2.72711 2.791 2.81845 2.92854 2.91091 3.04429 3.05129 3.19254 
1.58255 1.52733 1.55861 1.50424 1.48071 1.43194 1.39317 1.38607 1.39834 1.37049 1.32022 1.32578 1.29945 1.24163 1.2511 1.25965 1.19363 1.16818 1.15367 1.14071 1.11273 1.10995 1.11673 1.06166 1.04803 1.05439 1.0341 1.00421 0.982253 0.985247 0.979383 0.969043 0.956673 0.938209 0.951021 0.941498 0.932799 0.926245 0.9317 0.923189 0.927831 0.9208 0.918086 0.934823 0.934804 0.940357 0.949407 0.96054 0.971296 0.984614 1 1.01611 1.03592 1.0573 1.07736 1.09827 1.128 1.15477 1.18292 1.20663 1.23236 1.26703 1.30341 1.33088 1.38122 1.40874 1.45327 1.50749 1.51959 1.56547 1.59821 1.65709 1.68703 1.75531 1.77551 1.83006 1.89996 1.94638 1.99218 2.02113 2.10098 2.10751 2.18795 2.20877 2.31408 2.31821 2.33016 2.47031 2.48337 2.56371 2.57718 2.69244 2.69826 2.7623 2.76503 2.87953 2.97648 2.92918 3.05994 3.07628 3.15413 
1.51967 1.51423 1.51747 1.49308 1.41541 1.46652 1.43062 1.40503 1.39429 1.33549 1.37154 1.24125 1.27447 1.23342 1.21488 1.17695 1.23524 1.1853 1.15418 1.14933 1.1128 1.13018 1.0497 1.0773 1.04595 1.01897 1.00388 0.988475 1.00524 0.972524 0.983734 0.959675 0.976707 0.957503 0.95458 0.912462 0.919727 0.911669 0.906698 0.916351 0.908586 0.912212 0.91426 0.927441 0.931076 0.936682 0.949956 0.964524 0.969644 0.98471 1 1.01684 1.03538 1.05539 1.07676 1.09654 1.12632 1.15499 1.17852 1.20859 1.24935 1.26733 1.30876 1.34622 1.38426 1.41149 1.44922 1.4766 1.53262 1.56825 1.59728 1.67757 1.70163 1.72812 1.78202 1.85408 1.89511 1.93861 1.97925 2.01168 2.07763 2.14654 2.20363 2.24545 2.27625 2.32901 2.40715 2.43212 2.52467 2.54274 2.61243 2.71449 2.65495 2.74885 2.83148 2.91723 3.00793 2.96334 3.0273 3.09048 3.20395 
1.53145 1.53616 1.51533 1.41097 1.429 1.32925 1.37859 1.40493 1.35356 1.32902 1.29557 1.30489 1.26339 1.29631 1.26347 1.19247 1.19704 1.14584 1.18038 1.12496 1.12355 1.07383 1.07064 1.09509 1.03541 1.02546 0.997753 0.988739 0.980668 0.971805 0.97898 0.936808 0.956104 0.949033 0.922607 0.921435 0.906675 0.908904 0.913724 0.912572 0.929633 0.916959 0.916656 0.915672 0.921569 0.940536 0.943295 0.959203 0.972757 0.985886 1 1.01652 1.03467 1.05898 1.07619 1.09899 1.12065 1.15963 1.18048 1.20516 1.2326 1.28002 1.29447 1.36035 1.37686 1.41213 1.46673 1.50766 1.5195 1.58235 1.58629 1.66554 1.72148 1.73112 1.81725 1.87451 1.83662 1.94461 1.99914 2.00824 2.12769 2.15125 2.18374 2.23193 2.27483 2.2926 2.40273 2.46062 2.47004 2.59349 2.59672 2.65671 2.79756 2.77588 2.78488 2.91551 2.99436 3.04854 3.11005 3.11722 3.10303 
1.50189 1.49991 1.48933 1.4717 1.48342 1.41332 1.42051 1.33581 1.35752 1.31364 1.2656 1.25043 1.24785 1.25022 1.21127 1.2218 1.18355 1.17242 1.15422 1.1328 1.06838 1.06634 1.02987 1.05595 1.03417 1.01236 1.03699 0.99473 0.978125 0.972982 0.953285 0.970647 0.94467 0.930035 0.941833 0.928895 0.91421 0.909866 0.917662 0.901006 0.914884 0.920033 0.919822 0.920115 0.929512 0.937031 0.944292 0.96044 0.970161 0.98418 1 1.01722 1.03403 1.0575 1.07793 1.0977 1.12658 1.14731 1.17783 1.22017 1.24144 1.27325 1.31272 1.34708 1.37117 1.42213 1.45626 1.50452 1.54652 1.58086 1.61311 1.66414 1.71794 1.74458 1.80916 1.82658 1.89612 1.98161 1.97457 2.00627 2.10615 2.10724 2.20924 2.26402 2.35592 2.30455 2.42975 2.47801 2.55556 2.55332 2.63548 2.6669 2.75144 2.78915 2.85711 2.94134 2.92335 3.03152 3.08858 3.18158 3.21938 
1.56453 1.45495 1.45485 1.49027 1.42837 1.37702 1.41375 1.32695 1.38348 1.30615 1.27973 1.25252 1.29174 1.22375 1.2453 1.18615 1.16332 1.13735 1.11588 1.09902 1.07868 1.08417 1.08406 1.02958 1.04227 1.04216 1.01939 0.966961 0.958401 0.968647 0.948896 0.938224 0.957949 0.934277 0.941277 0.919774 0.934109 0.916433 0.911031 0.906172 0.904186 0.917837 0.917642 0.911938 0.926363 0.938753 0.947471 0.954334 0.968636 0.984121 1 1.01748 1.03388 1.05906 1.07825 1.11103 1.13184 1.15493 1.18269 1.21607 1.24163 1.28976 1.3215 1.35169 1.3808 1.42375 1.46 1.49956 1.51913 1.58109 1.62748 1.70739 1.71179 1.76123 1.85198 1.85446 1.88715 1.9871 2.02077 2.04419 2.13427 2.1399 2.21242 2.21289 2.30237 2.38601 2.49849 2.52628 2.52282 2.58889 2.70105 2.71731 2.70222 2.83546 2.8639 2.92624 2.99831 3.05646 3.03505 3.07831 3.24921 
1.4979 1.51833 1.43117 1.45669 1.39111 1.39158 1.3342 1.31868 1.33193 1.31089 1.2756 1.27891 1.24719 1.25477 1.21477 1.18337 1.17706 1.19589 1.14473 1.07714 1.07764 1.05579 1.06532 1.0696 1.0172 1.00215 0.998978 0.982352 0.956156 0.97232 0.947107 0.931872 0.92342 0.937562 0.935003 0.922469 0.912589 0.912323 0.906978 0.907784 0.912616 0.903411 0.91833 0.920112 0.927318 0.931464 0.94092 0.954687 0.970337 0.984931 1 1.01901 1.03872 1.05989 1.08541 1.10306 1.12537 1.16082 1.19383 1.22103 1.2536 1.27449 1.31508 1.35795 1.39201 1.44287 1.48577 1.50824 1.58442 1.59323 1.65031 1.70157 1.7261 1.76999 1.83968 1.8659 1.93363 1.96309 2.00268 2.09618 2.12541 2.15114 2.25936 2.30481 2.35179 2.34784 2.44072 2.49511 2.48111 2.55294 2.68608 2.68768 2.6623 2.78131 2.8398 2.97652 2.9547 3.04342 3.15028 3.12759 3.19751 
1.47745 1.4887 1.4032 1.41936 1.44542 1.36541 1.39836 1.31343 1.3102 1.31001 1.26145 1.24907 1.24416 1.27635 1.16039 1.16413 1.14923 1.1394 1.12389 1.11008 1.07697 1.08974 1.07198 1.00174 1.02252 1.02288 0.984415 0.963739 0.994472 0.953656 0.936858 0.92048 0.939902 0.92905 0.915212 0.911355 0.907268 0.901635 0.895957 0.897347 0.907725 0.905405 0.908229 0.916058 0.930809 0.937836 0.944926 0.955982 0.969899 0.983879 1 1.01709 1.03903 1.05721 1.08394 1.10344 1.12678 1.15733 1.17847 1.22325 1.25206 1.27754 1.31773 1.33633 1.40646 1.44668 1.46183 1.51631 1.56943 1.59688 1.64667 1.67269 1.72486 1.77115 1.81184 1.83742 1.9193 1.96837 1.98317 2.08216 2.13299 2.16816 2.21092 2.2851 2.29157 2.38876 2.44644 2.47024 2.52398 2.57819 2.69317 2.78628 2.83289 2.80948 2.94638 2.91193 2.98289 3.03474 3.09771 3.11476 3.24669 
1.4316 1.44123 1.44014 1.36709 1.43016 1.4022 1.31618 1.33949 1.32498 1.29305 1.25813 1.23007 1.23487 1.21496 1.16137 1.16158 1.17337 1.12305 1.1591 1.06012 1.06978 1.06801 1.07639 1.03644 1.0191 1.00201 1.00037 0.987226 0.953239 0.960767 0.952532 0.92944 0.927692 0.930502 0.910617 0.922723 0.90148 0.907621 0.886215 0.906689 0.898481 0.90374 0.917902 0.916298 0.917158 0.932655 0.943489 0.955037 0.965861 0.984217 1 1.018 1.03725 1.05816 1.0806 1.10943 1.13336 1.1634 1.1934 1.22668 1.25964 1.29409 1.32791 1.35076 1.38827 1.43673 1.46793 1.53136 1.55802 1.61271 1.65038 1.69795 1.75531 1.7887 1.84266 1.90013 1.93658 1.97491 2.07422 2.07594 2.12155 2.18427 2.21708 2.27122 2.38444 2.39528 2.46792 2.44577 2.64406 2.56365 2.70114 2.77126 2.74461 2.89078 2.94485 2.91788 2.98173 3.0622 3.15402 3.16343 3.21176 
1.48686 1.48334 1.43894 1.45174 1.38684 1.34363 1.37514 1.30741 1.33614 1.3651 1.27684 1.22464 1.23233 1.21011 1.15363 1.15536 1.13534 1.13231 1.12941 1.09502 1.02626 1.02192 1.04384 1.04642 1.041 0.954343 1.00809 0.982273 0.937259 0.942574 0.955045 0.921555 0.926968 0.925762 0.91483 0.881798 0.910999 0.886112 0.900789 0.905139 0.910269 0.894176 0.913864 0.914433 0.93236 0.929488 0.941262 0.952077 0.968356 0.982864 1 1.01846 1.0421 1.06038 1.08019 1.10951 1.13657 1.16644 1.19489 1.21808 1.24797 1.28555 1.32742 1.36399 1.41352 1.44225 1.46308 1.50445 1.55121 1.58707 1.62955 1.66838 1.75798 1.80141 1.84213 1.87772 1.92654 1.97063 2.01954 2.05255 2.13281 2.17818 2.27002 2.28902 2.38097 2.42048 2.41446 2.48734 2.57023 2.60897 2.77483 2.74266 2.78301 2.85082 2.9223 2.95786 2.98611 3.0588 3.10719 3.21618 3.24123 
1.50227 1.46866 1.4396 1.44266 1.35567 1.35045 1.36274 1.33277 1.32192 1.28254 1.27779 1.241 1.22652 1.17637 1.23557 1.14576 1.15581 1.10294 1.1015 1.0714 1.08008 1.0536 1.02299 0.980226 0.99207 1.01209 0.963111 1.00081 0.943782 0.94479 0.947118 0.93124 0.913554 0.921685 0.909056 0.912658 0.907588 0.891487 0.902203 0.897914 0.896756 0.903116 0.904318 0.917122 0.91187 0.928012 0.943183 0.953314 0.968159 0.982476 1 1.01742 1.04023 1.05854 1.08316 1.10789 1.12839 1.16584 1.19872 1.22341 1.25179 1.28973 1.33042 1.36264 1.40732 1.43111 1.48995 1.50946 1.56522 1.60571 1.6658 1.70101 1.72624 1.7816 1.81028 1.89551 1.92794 1.98429 2.01705 2.12649 2.16173 2.21723 2.3045 2.27301 2.34648 2.40978 2.48956 2.52266 2.59038 2.62469 2.65734 2.74977 2.8121 2.91786 2.9098 2.93821 3.04981 3.04124 3.05003 3.21405 3.21562 
1.5005 1.45693 1.40036 1.42826 1.35442 1.28852 1.38206 1.32665 1.323 1.28199 1.24874 1.21053 1.21708 1.1906 1.1441 1.17304 1.09072 1.10351 1.08978 1.09374 1.03971 1.02641 1.03125 1.02447 1.00788 1.01333 0.978666 0.958386 0.95053 0.923118 0.931768 0.927866 0.924051 0.904012 0.901804 0.913258 0.905402 0.90915 0.900665 0.901556 0.897988 0.889055 0.914368 0.908296 0.926747 0.929924 0.938608 0.95275 0.966067 0.983115 1 1.01867 1.03857 1.06165 1.08471 1.11439 1.13466 1.162 1.19486 1.22827 1.25933 1.2783 1.33278 1.35766 1.40047 1.46442 1.48001 1.49475 1.59229 1.60322 1.65343 1.73114 1.76127 1.77355 1.84469 1.89207 1.96862 2.0158 2.06799 2.11872 2.12723 2.14596 2.28653 2.3263 2.36806 2.43082 2.45878 2.48059 2.55977 2.72191 2.70533 2.72072 2.80404 2.80059 2.91694 2.94034 3.08436 2.9895 3.16628 3.27711 3.254 
1.40458 1.40822 1.44208 1.42207 1.41019 1.37006 1.2778 1.32579 1.30062 1.2724 1.19646 1.25148 1.21101 1.17648 1.14588 1.15143 1.14555 1.11796 1.0788 1.04589 1.06534 1.03157 1.04531 1.00055 0.990271 1.02088 0.980416 0.979805 0.957585 0.941201 0.933776 0.924657 0.902851 0.915671 0.906086 0.898119 0.891024 0.891371 0.90545 0.890994 0.890321 0.906764 0.911692 0.910545 0.925434 0.930781 0.93762 0.953687 0.966818 0.982727 1 1.01917 1.03873 1.06471 1.08414 1.11048 1.14014 1.1592 1.19715 1.2206 1.27169 1.29594 1.31751 1.36187 1.40941 1.46014 1.47581 1.54601 1.56654 1.6031 1.6767 1.71095 1.75587 1.82734 1.85667 1.90524 1.94496 1.97278 2.08291 2.09273 2.16773 2.21842 2.30028 2.3096 2.41148 2.3902 2.48893 2.49173 2.58635 2.71822 2.64954 2.7158 2.81094 2.87981 2.89742 2.93425 3.06327 3.03105 3.17853 3.30101 3.25566 
1.44075 1.45828 1.43379 1.36764 1.31626 1.31686 1.31001 1.30861 1.2746 1.28953 1.21486 1.22268 1.21367 1.19615 1.13865 1.10541 1.13112 1.08353 1.03518 1.08606 1.07257 1.01409 1.02718 1.00407 0.994341 0.989406 0.975313 0.949782 0.960891 0.926337 0.921116 0.912021 0.913677 0.895048 0.902127 0.905076 0.885019 0.89208 0.901275 0.88317 0.888765 0.910766 0.9063 0.917967 0.923121 0.930232 0.944846 0.952221 0.96434 0.983552 1 1.01798 1.04367 1.06257 1.08454 1.11011 1.14178 1.17239 1.19655 1.2361 1.25061 1.28128 1.35212 1.35891 1.41609 1.45273 1.49115 1.55064 1.5694 1.61585 1.66833 1.70553 1.78286 1.84313 1.87725 1.93335 1.94749 2.01186 2.07302 2.08753 2.11851 2.23415 2.3286 2.29259 2.3767 2.44037 2.51747 2.52824 2.6128 2.65588 2.72285 2.76274 2.85292 2.8545 2.98255 2.91775 3.0488 3.08577 3.18436 3.22593 3.33694 
1.44527 1.40374 1.37823 1.37652 1.3713 1.3223 1.27555 1.27009 1.2696 1.26481 1.23715 1.26059 1.19636 1.20489 1.15752 1.11823 1.08665 1.0887 1.08621 1.07282 1.04264 1.0114 1.0207 0.985952 0.983435 0.97101 0.994948 0.989125 0.95865 0.911573 0.913378 0.933621 0.919435 0.903374 0.905955 0.891424 0.898931 0.896962 0.882464 0.898406 0.892336 0.891849 0.901671 0.909809 0.917908 0.924795 0.933309 0.94991 0.963664 0.983104 1 1.01893 1.04022 1.06054 1.0852 1.11423 1.13974 1.16383 1.18504 1.23426 1.26513 1.30454 1.35072 1.38568 1.41559 1.45688 1.5019 1.49923 1.59375 1.638 1.65308 1.68775 1.75927 1.78178 1.87952 1.93783 1.99325 1.98517 2.03955 2.11184 2.14755 2.23657 2.26944 2.31708 2.3897 2.44638 2.47187 2.56235 2.53277 2.64577 2.72591 2.74422 2.80366 2.91994 2.95557 3.04206 3.02715 3.07466 3.2306 3.25802 3.30452 
1.44009 1.40306 1.35351 1.34645 1.31961 1.36319 1.32111 1.33321 1.18882 1.26487 1.21136 1.16013 1.21188 1.17555 1.13759 1.1075 1.13915 1.09395 1.08574 1.07432 1.07937 1.01991 1.03922 1.04066 1.0053 0.998666 0.960372 0.958158 0.918701 0.945039 0.911453 0.910079 0.912624 0.879736 0.903974 0.89351 0.898133 0.901158 0.882029 0.882044 0.899742 0.895258 0.909282 0.908389 0.912939 0.920195 0.93995 0.952382 0.967432 0.982512 1 1.01924 1.04107 1.06205 1.08876 1.10893 1.13518 1.16379 1.20219 1.23472 1.26768 1.28529 1.34213 1.3874 1.41084 1.46345 1.49915 1.51173 1.59977 1.60921 1.65801 1.70985 1.74807 1.84319 1.82549 1.91006 1.94171 2.03465 2.02961 2.1257 2.17286 2.24987 2.30862 2.33585 2.37145 2.39414 2.49375 2.52883 2.6397 2.69504 2.70166 2.78189 2.81899 2.98746 2.94176 3.05978 3.11568 3.11809 3.16075 3.29731 3.28239 
1.45964 1.38764 1.33545 1.37613 1.3115 1.32937 1.32287 1.23216 1.24688 1.26095 1.20751 1.19432 1.1977 1.16085 1.15023 1.1558 1.11348 1.11027 1.04411 1.00359 1.08342 1.0383 1.01149 0.980286 0.996944 0.964078 0.920201 0.932993 0.919401 0.953458 0.920382 0.889484 0.899874 0.897601 0.890704 0.89925 0.873998 0.876335 0.90481 0.88235 0.899391 0.900007 0.900546 0.904576 0.917838 0.926478 0.938899 0.950987 0.965199 0.981416 1 1.02024 1.03879 1.06167 1.08945 1.11032 1.14749 1.1754 1.21497 1.23986 1.27665 1.30798 1.34307 1.37221 1.41729 1.47107 1.52171 1.55725 1.58364 1.59771 1.69581 1.74673 1.77167 1.83065 1.83943 1.92475 1.9576 2.01134 2.06305 2.13655 2.17276 2.2375 2.30074 2.30826 2.40885 2.47963 2.50052 2.5655 2.57985 2.61616 2.7628 2.77454 2.93333 2.9077 2.98672 3.03299 3.11355 3.1665 3.1507 3.2397 3.29397 
1.42138 1.46642 1.36021 1.32295 1.32465 1.32278 1.32002 1.27373 1.2337 1.24701 1.19623 1.1665 1.17865 1.15297 1.14664 1.14078 1.1036 1.06664 1.08604 1.01687 1.04281 1.05481 0.995468 0.982261 0.975807 0.939938 0.969995 0.963531 0.928235 0.923953 0.914528 0.894865 0.88212 0.903534 0.880367 0.875194 0.888742 0.885164 0.877899 0.888605 0.889492 0.904586 0.898324 0.903378 0.909169 0.926352 0.936295 0.951662 0.965741 0.98223 1 1.01995 1.04274 1.06605 1.09173 1.12101 1.14139 1.17217 1.20676 1.22821 1.27163 1.32372 1.33774 1.37433 1.41584 1.46529 1.50425 1.53782 1.57239 1.6613 1.67688 1.73089 1.76965 1.83982 1.85203 1.96058 1.98563 2.04467 2.06945 2.11716 2.17042 2.23846 2.2948 2.34709 2.43285 2.47323 2.4717 2.60769 2.65617 2.66545 2.7464 2.77333 2.85829 3.00848 2.974 2.98658 3.08644 3.23669 3.17525 3.28265 3.30254 
1.41217 1.38415 1.4376 1.34809 1.29745 1.32477 1.27609 1.30771 1.21967 1.23823 1.19733 1.17546 1.15357 1.13195 1.1221 1.12508 1.10892 1.12447 1.07414 1.05085 1.02899 1.01104 0.981612 1.002 0.977981 0.964538 0.948347 0.954666 0.926611 0.922414 0.91362 0.916156 0.912915 0.887543 0.889112 0.880639 0.892511 0.875395 0.865308 0.884113 0.885857 0.898702 0.901199 0.907183 0.917999 0.92179 0.9364 0.949398 0.96356 0.982559 1 1.02148 1.04026 1.06762 1.08711 1.11113 1.14615 1.16845 1.21795 1.24006 1.27236 1.29998 1.34523 1.38255 1.3988 1.45025 1.48928 1.52821 1.59144 1.6515 1.66528 1.7463 1.76884 1.87556 1.8507 1.93911 1.97125 2.06214 2.09447 2.10993 2.1481 2.25128 2.27227 2.35514 2.44454 2.46353 2.48938 2.52557 2.58175 2.71497 2.76488 2.81849 2.88649 2.92965 2.94022 3.04679 3.07115 3.17904 3.23614 3.30096 3.31569 
1.42779 1.37484 1.40298 1.33117 1.34906 1.34153 1.29435 1.25211 1.21806 1.23676 1.19625 1.20946 1.1471 1.17366 1.14105 1.09238 1.07189 1.07494 1.07912 1.06196 1.03351 1.02617 0.992957 0.979697 0.967486 0.919353 0.947639 0.910457 0.917185 0.918833 0.905838 0.890094 0.894647 0.893756 0.881535 0.878368 0.87967 0.858015 0.880052 0.881222 0.895488 0.888712 0.9006 0.903155 0.917 0.925939 0.934489 0.951185 0.964597 0.981772 1 1.01975 1.04159 1.06489 1.08574 1.11333 1.14448 1.17134 1.21003 1.2368 1.28949 1.30718 1.34815 1.3816 1.4171 1.47288 1.50885 1.53505 1.59551 1.61581 1.69523 1.70264 1.77567 1.8139 1.88577 1.91749 1.98498 2.00446 2.06659 2.15818 2.18887 2.2525 2.30791 2.31715 2.41293 2.45324 2.52504 2.57985 2.61537 2.65663 2.73673 2.80681 2.86344 2.97712 2.98725 3.10848 3.13634 3.11891 3.29661 3.2977 3.33 
1.39654 1.36098 1.38777 1.37469 1.29443 1.30376 1.28219 1.25013 1.24425 1.19077 1.19834 1.16953 1.14931 1.15123 1.12569 1.10683 1.11198 1.09213 1.07777 1.03923 1.05156 1.01316 1.01107 0.984407 0.998011 0.950403 0.958121 0.946395 0.912675 0.919308 0.931684 0.898937 0.889926 0.884645 0.876336 0.874198 0.883142 0.882041 0.881993 0.881355 0.904043 0.904701 0.905579 0.895301 0.909421 0.918432 0.934148 0.949222 0.964283 0.982175 1 1.02116 1.04218 1.06804 1.09086 1.11874 1.14659 1.17946 1.19637 1.23616 1.27861 1.30762 1.34146 1.3818 1.40646 1.46211 1.51596 1.56829 1.5971 1.64117 1.67516 1.73523 1.7634 1.82671 1.90641 1.90407 2.0008 2.06564 2.04434 2.11669 2.19624 2.21207 2.26782 2.35717 2.35666 2.50211 2.51516 2.61956 2.6529 2.68673 2.73722 2.79985 2.91169 2.90492 3.00316 3.09412 3.14195 3.14586 3.21706 3.26136 3.41715 
1.38864 1.35933 1.34656 1.31351 1.28805 1.30868 1.2313 1.2363 1.25438 1.22858 1.18112 1.17611 1.1307 1.12821 1.10174 1.09646 1.11649 1.09003 1.01039 1.07347 1.02192 1.02285 1.00407 0.988128 0.954965 0.92045 0.916698 0.923999 0.939126 0.915507 0.899834 0.892275 0.890209 0.876194 0.883305 0.881139 0.877667 0.888924 0.901444 0.895342 0.883878 0.883684 0.897323 0.898196 0.919505 0.919883 0.933113 0.951751 0.962957 0.980657 1 1.02014 1.0415 1.06479 1.0925 1.10976 1.14378 1.17407 1.20346 1.24166 1.25846 1.31942 1.3356 1.37347 1.41745 1.47189 1.51237 1.57777 1.61638 1.60817 1.7017 1.71577 1.79196 1.84996 1.87533 1.91986 2.00005 2.05633 2.09445 2.12057 2.18279 2.24611 2.30667 2.41617 2.41292 2.50184 2.59137 2.58829 2.64809 2.70497 2.77432 2.79151 2.93335 2.91045 3.01139 3.00863 3.1144 3.23191 3.25873 3.27763 3.36107 
1.38416 1.35818 1.3795 1.36762 1.34596 1.30109 1.29963 1.27573 1.24169 1.2339 1.21113 1.15303 1.16252 1.14553 1.10394 1.0933 1.10103 1.08 1.05567 1.06219 1.01721 1.01492 0.993682 0.986758 0.971613 0.946036 0.936146 0.927213 0.928734 0.916908 0.908148 0.905122 0.873817 0.885707 0.873786 0.873746 0.869846 0.867816 0.874398 0.878365 0.865645 0.889753 0.890039 0.903586 0.913996 0.923028 0.932118 0.946003 0.963646 0.981349 1 1.02063 1.04322 1.06604 1.08927 1.11502 1.14225 1.17699 1.20594 1.24326 1.28577 1.32175 1.35504 1.38148 1.41812 1.47298 1.51296 1.54006 1.59563 1.62173 1.69829 1.74116 1.7904 1.81591 1.86694 1.93993 1.98006 2.0207 2.10499 2.10967 2.21069 2.30148 2.32645 2.32425 2.39803 2.48474 2.55441 2.54899 2.63559 2.68127 2.76424 2.82181 2.86642 2.998 3.00052 3.11101 3.09311 3.17112 3.26108 3.30385 3.35692 
1.44126 1.37639 1.36211 1.33372 1.3301 1.28809 1.26156 1.26671 1.23515 1.18902 1.18549 1.16223 1.11674 1.15529 1.17641 1.07172 1.05454 1.01565 1.05891 1.03699 1.02231 1.00249 0.994511 0.933052 0.954524 0.961603 0.952227 0.949157 0.920575 0.934519 0.908524 0.880232 0.880208 0.884232 0.873347 0.867079 0.880846 0.862209 0.864 0.871855 0.872419 0.884176 0.893577 0.902461 0.909751 0.917213 0.930899 0.947086 0.964111 0.981451 1 1.02105 1.04118 1.06328 1.09362 1.11513 1.15381 1.17873 1.20563 1.23764 1.27285 1.30919 1.35633 1.37802 1.43615 1.46984 1.51114 1.57682 1.60278 1.65878 1.67356 1.74563 1.80952 1.82532 1.87457 1.92706 1.96424 2.03685 2.09628 2.14519 2.19828 2.21569 2.32076 2.35868 2.41977 2.49084 2.4829 2.60916 2.65771 2.74269 2.7751 2.81054 2.87884 2.91481 2.96543 3.09977 3.13273 3.18487 3.28079 3.33175 3.41396 
1.3849 1.38697 1.36465 1.34452 1.29891 1.28135 1.28235 1.22765 1.19456 1.23684 1.22095 1.14123 1.15497 1.11741 1.14873 1.11908 1.08445 1.0474 1.03726 1.0489 1.01044 0.993728 0.97316 0.985412 0.981138 0.949531 0.945247 0.929036 0.917639 0.907298 0.897917 0.892564 0.896278 0.880308 0.882915 0.87093 0.869012 0.884439 0.876541 0.871666 0.894676 0.882373 0.890063 0.902686 0.916123 0.919716 0.935246 0.949996 0.96415 0.981212 1 1.01996 1.0421 1.06745 1.08979 1.12224 1.15596 1.17265 1.20334 1.23886 1.28121 1.32365 1.35653 1.38529 1.42304 1.46017 1.50943 1.54787 1.58863 1.64903 1.68417 1.74839 1.80287 1.83682 1.86743 1.95414 2.01027 2.06714 2.11853 2.11458 2.2089 2.24085 2.33261 2.38339 2.43984 2.49735 2.52399 2.66056 2.64513 2.68996 2.78336 2.84248 2.88988 2.99678 3.04401 3.08 3.1338 3.20132 3.27021 3.3089 3.31986 
1.42113 1.42259 1.38276 1.30697 1.30475 1.28808 1.27038 1.19504 1.22576 1.21609 1.19752 1.1689 1.13997 1.13023 1.13713 1.11702 1.11465 1.04476 1.005 1.02549 1.00274 1.0253 0.985383 0.994615 0.952581 0.963361 0.953159 0.935558 0.905162 0.934202 0.893574 0.897603 0.883495 0.895633 0.878958 0.872046 0.880932 0.858697 0.882522 0.866149 0.886535 0.885537 0.879865 0.898322 0.909636 0.917156 0.938067 0.949964 0.964165 0.981931 1 1.01955 1.04303 1.06442 1.08989 1.11141 1.15234 1.18235 1.19957 1.2495 1.28718 1.31575 1.3463 1.38623 1.4172 1.47324 1.51591 1.57675 1.60869 1.64029 1.65872 1.74182 1.8133 1.82577 1.88244 1.90165 2.00088 2.0225 2.07097 2.17372 2.25528 2.26958 2.34988 2.39415 2.39901 2.46449 2.55671 2.61787 2.67978 2.68044 2.75396 2.80907 2.93227 2.95257 2.914 3.08681 3.13031 3.20556 3.18514 3.32923 3.3714 
1.41387 1.42476 1.36351 1.30383 1.3015 1.32045 1.22936 1.27638 1.23607 1.17643 1.20846 1.18295 1.17785 1.15317 1.13747 1.07576 1.07526 1.07563 1.0329 1.03461 1.0063 0.987706 0.985103 0.977221 0.970444 0.916406 0.929854 0.930607 0.946762 0.901866 0.914879 0.880594 0.895255 0.890693 0.873637 0.869537 0.877375 0.875102 0.877283 0.869054 0.880787 0.880159 0.886649 0.904889 0.910854 0.918991 0.933235 0.948814 0.96027 0.98046 1 1.02041 1.04562 1.07028 1.08715 1.12081 1.14521 1.17463 1.21028 1.24577 1.29315 1.31495 1.35164 1.40809 1.4421 1.46131 1.51256 1.54624 1.61834 1.63923 1.70801 1.76842 1.78541 1.83656 1.8899 1.92544 2.01492 2.05152 2.08206 2.16437 2.24626 2.23043 2.29556 2.40151 2.4146 2.46195 2.53448 2.61934 2.72343 2.70029 2.8038 2.77862 2.87478 2.97633 3.02762 3.1457 3.17455 3.0938 3.30898 3.30218 3.36262 
1.4224 1.28939 1.38082 1.32465 1.32537 1.28076 1.25807 1.21174 1.21943 1.18124 1.19545 1.16494 1.09066 1.14889 1.11592 1.09602 1.0262 1.05217 1.05652 1.06914 1.00704 1.01222 0.984575 0.953305 0.945911 0.961274 0.950935 0.900559 0.929297 0.916491 0.889583 0.885323 0.893166 0.892629 0.881798 0.869701 0.887048 0.879705 0.883484 0.88532 0.872456 0.883378 0.893286 0.892172 0.910966 0.92615 0.93216 0.946819 0.964107 0.982189 1 1.02136 1.04292 1.06636 1.09466 1.11793 1.15429 1.17769 1.21915 1.24767 1.27382 1.31705 1.34123 1.41373 1.42086 1.45973 1.51983 1.5507 1.60043 1.65272 1.70218 1.77321 1.78232 1.82943 1.89637 1.95348 1.98046 2.04798 2.13742 2.17281 2.18824 2.21192 2.28542 2.372 2.43465 2.49269 2.50857 2.6257 2.64537 2.74681 2.76809 2.78481 2.89537 3.00646 3.01655 3.01274 3.13067 3.18732 3.20099 3.3463 3.35229 
1.36802 1.35797 1.38242 1.32326 1.32873 1.26976 1.25293 1.19423 1.24072 1.24736 1.19055 1.17097 1.17548 1.08182 1.10102 1.06882 1.04243 1.04869 1.00639 1.03861 1.04324 0.990511 0.97958 0.982421 0.962135 0.955071 0.942926 0.944037 0.9016 0.923659 0.897242 0.893711 0.894656 0.867636 0.873032 0.874029 0.881237 0.886846 0.877459 0.891374 0.874472 0.881189 0.899964 0.907353 0.911374 0.914567 0.93122 0.948715 0.963409 0.981123 1 1.01993 1.04484 1.07008 1.09289 1.12701 1.1452 1.17727 1.2142 1.25797 1.28757 1.31731 1.35186 1.39566 1.42383 1.46113 1.51628 1.5619 1.60813 1.65151 1.69751 1.73084 1.80735 1.85762 1.90155 1.92517 2.01502 2.03067 2.10246 2.19647 2.22211 2.25421 2.32385 2.36899 2.45534 2.52559 2.51831 2.59391 2.63763 2.70154 2.78372 2.83959 2.89051 2.97039 3.04262 3.07344 3.08776 3.22491 3.19701 3.29875 3.41828 
1.34534 1.35067 1.30519 1.34893 1.29734 1.29574 1.2578 1.30157 1.22575 1.17295 1.18842 1.14154 1.19285 1.14545 1.11925 1.08921 1.06906 1.05309 1.02971 1.04497 1.00272 0.998194 0.980311 0.958366 0.959133 0.938641 0.953776 0.907056 0.919228 0.910705 0.894111 0.887582 0.905107 0.884853 0.871248 0.870372 0.862911 0.876406 0.886755 0.8755 0.876684 0.876621 0.892163 0.892515 0.908555 0.923813 0.929662 0.946784 0.962462 0.97987 1 1.01975 1.04472 1.06625 1.09735 1.11721 1.15221 1.1767 1.21111 1.23966 1.27926 1.29668 1.33307 1.3837 1.40703 1.45102 1.50234 1.55025 1.61525 1.66415 1.70761 1.74365 1.79079 1.84149 1.92158 1.94936 1.9739 2.05596 2.11485 2.16661 2.19587 2.27291 2.36982 2.36545 2.42863 2.56603 2.53022 2.64633 2.67008 2.6985 2.73981 2.78716 2.90734 2.99664 3.03386 3.12774 3.13005 3.19128 3.27902 3.30021 3.38646 
1.41589 1.34913 1.33438 1.31686 1.33489 1.25458 1.25321 1.23899 1.23022 1.15739 1.14565 1.17117 1.15003 1.15221 1.08736 1.06707 1.06981 1.03651 1.04559 1.02187 1.00998 0.991627 0.981126 0.944828 0.944453 0.94662 0.933525 0.908522 0.90977 0.883248 0.900836 0.881444 0.871623 0.900543 0.882332 0.866869 0.874504 0.871716 0.866514 0.866332 0.878358 0.880683 0.897847 0.898482 0.90991 0.919591 0.935523 0.94624 0.962994 0.980201 1 1.02182 1.04386 1.06787 1.09455 1.12298 1.14332 1.179 1.21437 1.24117 1.27956 1.30039 1.34651 1.37776 1.44218 1.48834 1.52286 1.57245 1.61128 1.64451 1.67048 1.72784 1.78489 1.84045 1.88393 1.93261 2.00361 2.06495 2.11709 2.16897 2.27487 2.28596 2.33017 2.36814 2.45131 2.49533 2.59994 2.60783 2.68186 2.64892 2.73159 2.8293 2.91321 2.88999 3.05169 3.08312 3.13155 3.2111 3.2345 3.29477 3.37108 
1.41261 1.35702 1.34737 1.30077 1.33133 1.30183 1.22831 1.24864 1.2039 1.22805 1.17613 1.14835 1.10984 1.13712 1.09595 1.1191 1.07789 1.07938 1.02151 1.04597 0.990412 0.994088 0.980475 0.93252 0.955912 0.941825 0.935136 0.91591 0.925003 0.901846 0.903904 0.868745 0.879977 0.85965 0.875451 0.866845 0.878191 0.872092 0.875184 0.868816 0.87712 0.878882 0.888986 0.897875 0.908066 0.917019 0.934683 0.946117 0.960933 0.980925 1 1.02133 1.04333 1.06827 1.09664 1.12235 1.15091 1.17772 1.21996 1.25069 1.28791 1.32706 1.36283 1.39165 1.43384 1.48581 1.51908 1.55877 1.61653 1.66293 1.71522 1.75973 1.78196 1.83274 1.89796 1.92536 2.01468 2.04057 2.11979 2.19687 2.21932 2.25852 2.30928 2.3593 2.4413 2.51604 2.53258 2.61157 2.61048 2.75551 2.80822 2.85419 2.91093 2.96197 3.04892 3.10283 3.15583 3.27372 3.22102 3.30303 3.41922 
1.3977 1.31844 1.32029 1.30593 1.33201 1.23608 1.24841 1.24557 1.22937 1.24484 1.14722 1.12317 1.17471 1.08857 1.09113 1.09544 1.08803 1.06454 1.0458 1.05879 0.968863 1.00923 0.975769 0.928597 0.957488 0.951729 0.937224 0.928081 0.911972 0.890901 0.898798 0.87702 0.89764 0.889521 0.865305 0.864456 0.862087 0.879967 0.864243 0.869892 0.87909 0.89177 0.885556 0.900829 0.903594 0.923035 0.927571 0.946884 0.963121 0.980221 1 1.0218 1.04343 1.06517 1.09035 1.12087 1.15094 1.17703 1.21534 1.24684 1.27718 1.31257 1.36397 1.40667 1.4561 1.4715 1.51471 1.55873 1.6077 1.66537 1.68078 1.77694 1.78717 1.83386 1.90149 1.97755 2.02546 2.05711 2.09784 2.17263 2.20384 2.2744 2.3621 2.45559 2.4651 2.47819 2.57926 2.58605 2.69957 2.73716 2.84507 2.8898 2.93242 2.95036 3.03389 3.07812 3.13671 3.31681 3.32955 3.37483 3.38237 
1.33478 1.31026 1.36009 1.34274 1.30318 1.27339 1.26765 1.22512 1.18214 1.17925 1.14878 1.17926 1.11567 1.10873 1.1088 1.096 1.0559 1.05427 1.0151 0.980635 0.997971 1.01485 0.947335 0.96622 0.959059 0.908461 0.924877 0.918896 0.916644 0.922825 0.931867 0.87895 0.889775 0.893465 0.875021 0.872757 0.86067 0.86821 0.869661 0.874606 0.875308 0.881291 0.897239 0.903171 0.91084 0.91896 0.933453 0.941773 0.962798 0.980235 1 1.02215 1.04238 1.06717 1.09505 1.11845 1.15157 1.1792 1.21246 1.25839 1.29193 1.33318 1.35415 1.38059 1.43433 1.47704 1.51796 1.57663 1.63165 1.64016 1.71262 1.76658 1.78442 1.82476 1.90945 1.96148 1.99811 2.07439 2.15807 2.11332 2.22113 2.26556 2.3397 2.33154 2.43564 2.4779 2.55665 2.67286 2.73344 2.71313 2.81219 2.86008 2.99013 2.93836 3.06908 3.0518 3.17104 3.20259 3.26432 3.33617 3.41563 
1.37641 1.35493 1.31637 1.31458 1.27246 1.25249 1.2201 1.22774 1.19117 1.21481 1.18377 1.14813 1.11182 1.11596 1.07733 1.09117 1.05863 1.01694 1.02808 1.03937 1.00598 0.998586 0.983651 0.959425 0.922856 0.950648 0.942414 0.914763 0.947413 0.913539 0.895543 0.874779 0.878484 0.873255 0.858787 0.86966 0.872643 0.853717 0.879828 0.866402 0.877787 0.884396 0.891635 0.899838 0.908357 0.914559 0.929561 0.942268 0.961171 0.980269 1 1.02277 1.04705 1.06416 1.09711 1.12463 1.15225 1.18841 1.21707 1.24585 1.27511 1.3288 1.35228 1.38632 1.43196 1.49776 1.52087 1.57567 1.61181 1.65453 1.71317 1.73431 1.75663 1.83817 1.90144 1.94287 2.01047 2.04524 2.09733 2.16441 2.22504 2.25906 2.32461 2.42385 2.48473 2.57463 2.58295 2.61662 2.62342 2.74237 2.78657 2.92407 2.89594 2.92933 3.07863 3.12932 3.18077 3.1345 3.26767 3.34678 3.43207 
