1.28853 1.27731 1.26932 1.26587 1.26104 1.25044 1.24765 1.23739 1.23094 1.22205 1.20934 1.21091 1.20103 1.19928 1.18582 1.18493 1.17668 1.17108 1.16296 1.15766 1.14898 1.14569 1.13823 1.13304 1.12792 1.11731 1.11465 1.11376 1.1047 1.09895 1.09015 1.08613 1.0817 1.07867 1.07352 1.06666 1.06169 1.05696 1.05109 1.0448 1.04227 1.04033 1.03293 1.02791 1.02483 1.02095 1.01645 1.01173 1.00797 1.00402 1 0.996338 0.992437 0.989049 0.985032 0.981312 0.978695 0.974923 0.97038 0.969299 0.964344 0.961979 0.956839 0.955505 0.954794 0.951559 0.947718 0.945119 0.944717 0.941275 0.936584 0.936567 0.930238 0.931495 0.923953 0.933089 0.924267 0.92346 0.919834 0.922568 0.914953 0.916329 0.911791 0.914777 0.90831 0.906219 0.905751 0.90664 0.903981 0.904353 0.902751 0.904982 0.89554 0.910095 0.905558 0.907585 0.911786 0.911458 0.892972 0.889353 0.895264 
1.28619 1.28487 1.27175 1.26519 1.25631 1.25015 1.2406 1.24058 1.23279 1.2208 1.21793 1.21036 1.19112 1.19717 1.19389 1.17919 1.18012 1.16908 1.16394 1.15772 1.15182 1.14762 1.14086 1.13803 1.12626 1.1174 1.11514 1.11253 1.10337 1.09795 1.09035 1.08894 1.08354 1.07821 1.07572 1.06889 1.06345 1.05771 1.05167 1.04622 1.04306 1.03716 1.03174 1.02773 1.02578 1.02035 1.01593 1.01203 1.00765 1.00394 1 0.996156 0.992218 0.988514 0.985549 0.981128 0.979825 0.974476 0.969878 0.967703 0.965563 0.963898 0.959881 0.959973 0.951332 0.949489 0.948374 0.94568 0.943904 0.943369 0.93666 0.930506 0.935975 0.925591 0.92841 0.92632 0.925119 0.919428 0.917679 0.912592 0.915448 0.921518 0.913302 0.911168 0.91224 0.909199 0.895683 0.895428 0.899939 0.901921 0.896971 0.903982 0.912045 0.904019 0.90545 0.904985 0.899689 0.905866 0.901674 0.90008 0.894752 
1.2865 1.28193 1.27405 1.26283 1.25494 1.25737 1.24272 1.23603 1.23038 1.22601 1.21022 1.21386 1.20267 1.18646 1.18556 1.18644 1.1759 1.17396 1.16708 1.15531 1.15084 1.14141 1.14242 1.13372 1.12762 1.11972 1.11783 1.10827 1.10093 1.10027 1.09194 1.08879 1.08176 1.07874 1.07407 1.06508 1.06194 1.05597 1.05215 1.04994 1.04172 1.0387 1.03335 1.02993 1.02397 1.02112 1.0159 1.0123 1.00747 1.00398 1 0.995985 0.992294 0.988821 0.984715 0.982108 0.977968 0.975313 0.973181 0.968255 0.966565 0.963466 0.96063 0.95211 0.954215 0.955065 0.948364 0.94559 0.942836 0.941225 0.940442 0.936378 0.935654 0.934173 0.9221 0.928686 0.922646 0.922379 0.919285 0.920347 0.922088 0.916874 0.915324 0.91369 0.918475 0.909985 0.908429 0.917534 0.909375 0.901549 0.897242 0.906999 0.891733 0.911302 0.899505 0.905579 0.902239 0.896049 0.905995 0.902469 0.89616 
1.29193 1.27903 1.27464 1.26453 1.25925 1.24566 1.23845 1.23886 1.22804 1.21903 1.21549 1.20532 1.19684 1.19178 1.18941 1.18486 1.17503 1.16581 1.16654 1.15583 1.14487 1.14287 1.13989 1.13017 1.12688 1.12105 1.11427 1.10967 1.10274 1.09788 1.09421 1.085 1.08147 1.07495 1.07092 1.06681 1.05971 1.05584 1.05046 1.04794 1.04124 1.03778 1.03508 1.02858 1.02563 1.0196 1.01563 1.01227 1.00785 1.0038 1 0.996233 0.992915 0.98902 0.985299 0.981838 0.980463 0.974933 0.972971 0.970548 0.964329 0.960977 0.960764 0.95448 0.952263 0.951526 0.949005 0.942929 0.942404 0.940365 0.936861 0.932762 0.934436 0.932866 0.924568 0.926701 0.930463 0.922702 0.923838 0.919954 0.912658 0.91777 0.917007 0.91176 0.905717 0.915703 0.908748 0.913406 0.904314 0.908654 0.905174 0.894806 0.910185 0.899292 0.90948 0.895416 0.90279 0.888471 0.898594 0.891448 0.890104 
1.27983 1.27311 1.27429 1.26577 1.25746 1.24371 1.24598 1.23193 1.22907 1.22561 1.2094 1.21177 1.20234 1.19007 1.18993 1.18006 1.17497 1.1674 1.16291 1.1571 1.15169 1.14426 1.14136 1.1317 1.12565 1.11997 1.1159 1.10785 1.10372 1.09521 1.09424 1.08756 1.08061 1.07509 1.07325 1.06893 1.06244 1.05616 1.05342 1.04591 1.04245 1.03744 1.03524 1.02943 1.0242 1.02019 1.01464 1.01215 1.00796 1.00401 1 0.996256 0.992145 0.988863 0.985091 0.982252 0.979457 0.975001 0.970548 0.969495 0.965211 0.963749 0.957578 0.957561 0.953177 0.951413 0.950439 0.9465 0.943323 0.939599 0.939911 0.933841 0.936541 0.925632 0.927011 0.927778 0.932599 0.92477 0.919795 0.91851 0.91396 0.914915 0.916944 0.913659 0.911995 0.908811 0.909331 0.909759 0.904567 0.901589 0.908224 0.908337 0.908369 0.899376 0.897768 0.889054 0.887134 0.905142 0.893379 0.904396 0.892204 
1.28275 1.28912 1.27324 1.258 1.25578 1.24773 1.23856 1.23183 1.22157 1.21245 1.2188 1.21211 1.20347 1.19067 1.18623 1.17786 1.1686 1.17038 1.16188 1.16063 1.1489 1.14776 1.14401 1.13184 1.12586 1.11721 1.11973 1.10812 1.10352 1.09963 1.09039 1.08829 1.08297 1.07363 1.07138 1.06789 1.06076 1.05563 1.05061 1.04728 1.04294 1.03777 1.03415 1.02948 1.02393 1.02013 1.0154 1.01172 1.00791 1.00376 1 0.996133 0.992565 0.988668 0.984744 0.981755 0.978643 0.974517 0.971667 0.96903 0.964459 0.961528 0.959899 0.954967 0.9555 0.949534 0.947326 0.947243 0.941112 0.94129 0.936746 0.934982 0.937649 0.936552 0.930142 0.923993 0.929893 0.92397 0.919628 0.916252 0.91815 0.921304 0.918067 0.916273 0.912972 0.913603 0.907139 0.910575 0.906867 0.907456 0.906563 0.908898 0.91179 0.907752 0.903755 0.903367 0.902676 0.90294 0.897207 0.897715 0.887466 
1.28453 1.28137 1.2667 1.26469 1.25637 1.24496 1.23698 1.23265 1.22746 1.21977 1.21037 1.20465 1.20415 1.19454 1.18773 1.18046 1.17421 1.17093 1.1614 1.15884 1.14972 1.14267 1.13716 1.13363 1.12632 1.11736 1.10881 1.10879 1.10304 1.09874 1.09694 1.08506 1.08025 1.07768 1.0721 1.06644 1.06316 1.05695 1.0501 1.04619 1.04063 1.03853 1.03324 1.02824 1.02466 1.01974 1.01591 1.01135 1.00807 1.00404 1 0.996061 0.992605 0.988677 0.985307 0.981279 0.978054 0.974757 0.97348 0.970092 0.96454 0.964376 0.960897 0.958855 0.953924 0.951928 0.951351 0.946492 0.946941 0.940602 0.93758 0.936185 0.937018 0.934974 0.930374 0.926886 0.925192 0.922312 0.927112 0.921961 0.922616 0.920524 0.917467 0.910981 0.921828 0.913203 0.914326 0.910205 0.91241 0.907578 0.909425 0.920002 0.913132 0.911334 0.904583 0.899144 0.899326 0.899612 0.907087 0.905566 0.905526 
1.28687 1.26974 1.26896 1.26481 1.25137 1.25085 1.24253 1.23803 1.23489 1.21742 1.21175 1.20855 1.20349 1.19468 1.18628 1.18777 1.16722 1.1672 1.16767 1.15778 1.15147 1.14419 1.13048 1.13213 1.11985 1.11971 1.1119 1.11033 1.10525 1.1005 1.09414 1.08693 1.0806 1.07538 1.07109 1.06663 1.06348 1.0564 1.0509 1.04399 1.0417 1.03689 1.03329 1.02867 1.02436 1.0201 1.01574 1.0122 1.00778 1.00384 1 0.996239 0.99245 0.989138 0.984894 0.982453 0.978362 0.974577 0.97106 0.971128 0.966855 0.960233 0.962008 0.960109 0.953394 0.951965 0.951248 0.947243 0.946574 0.939423 0.939742 0.93494 0.934182 0.935507 0.937789 0.930282 0.924304 0.923442 0.921751 0.926641 0.912385 0.921481 0.917268 0.914264 0.910027 0.911468 0.90778 0.914605 0.916639 0.915963 0.910785 0.904628 0.89826 0.906541 0.90592 0.894754 0.90818 0.917612 0.893991 0.896517 0.89884 
1.29066 1.27121 1.26836 1.25925 1.25525 1.25185 1.23843 1.22875 1.22675 1.22202 1.21086 1.20772 1.19646 1.19363 1.1877 1.18547 1.17376 1.1688 1.16176 1.14919 1.14823 1.14428 1.13477 1.12742 1.12717 1.11639 1.11125 1.10906 1.10198 1.09626 1.09085 1.08616 1.08466 1.0749 1.07137 1.0649 1.06045 1.05888 1.05144 1.04702 1.04368 1.03861 1.03261 1.02914 1.02451 1.01996 1.01553 1.01176 1.00792 1.00373 1 0.995858 0.992542 0.989432 0.986101 0.981595 0.978665 0.975284 0.971867 0.969572 0.966256 0.963034 0.959111 0.96001 0.9536 0.951602 0.946121 0.945319 0.940055 0.942688 0.935925 0.940729 0.934349 0.935429 0.930028 0.933001 0.926385 0.924647 0.923883 0.922024 0.916817 0.921786 0.911833 0.919735 0.91193 0.922435 0.914562 0.906524 0.912976 0.921967 0.907991 0.915324 0.907124 0.902205 0.899862 0.89368 0.907913 0.908145 0.903096 0.904963 0.903178 
1.29327 1.27721 1.27618 1.26008 1.25442 1.24767 1.2368 1.22624 1.22762 1.21758 1.21295 1.21069 1.19933 1.1904 1.18724 1.17888 1.17434 1.17039 1.16067 1.15353 1.14009 1.14714 1.13814 1.12876 1.12739 1.12218 1.11864 1.10699 1.1008 1.09729 1.08834 1.08481 1.08122 1.07698 1.07195 1.06675 1.06452 1.05584 1.0508 1.04513 1.04355 1.03728 1.03208 1.02862 1.02489 1.01991 1.0166 1.01219 1.00756 1.0039 1 0.996322 0.992346 0.988861 0.985798 0.982666 0.977928 0.975964 0.973567 0.966917 0.963357 0.965249 0.959409 0.956693 0.953157 0.953078 0.949281 0.946431 0.941314 0.940493 0.93867 0.939929 0.937873 0.931973 0.929592 0.930723 0.927427 0.931876 0.921259 0.91693 0.921863 0.913446 0.917549 0.912189 0.918894 0.913728 0.901319 0.912923 0.91375 0.915686 0.913853 0.907222 0.910228 0.903305 0.915076 0.902179 0.909534 0.903272 0.901991 0.909336 0.910586 
1.27534 1.28078 1.26438 1.26517 1.25161 1.24677 1.2375 1.23139 1.22832 1.22115 1.21039 1.19997 1.19788 1.19547 1.18626 1.18419 1.17747 1.17444 1.16006 1.15749 1.14835 1.14229 1.13686 1.12547 1.1296 1.12251 1.11492 1.10798 1.10312 1.09843 1.09043 1.08652 1.08061 1.07303 1.06989 1.06751 1.05895 1.05621 1.05235 1.04591 1.04226 1.03575 1.0321 1.02872 1.02371 1.02045 1.01632 1.01164 1.00782 1.00376 1 0.996144 0.992579 0.988754 0.985203 0.983268 0.978162 0.974613 0.97362 0.969134 0.966578 0.961478 0.960574 0.959139 0.954953 0.950848 0.948577 0.947059 0.949096 0.944928 0.939898 0.937411 0.930924 0.936128 0.933178 0.925446 0.929099 0.930476 0.924098 0.924888 0.918492 0.918906 0.912814 0.917356 0.917397 0.905238 0.912474 0.917011 0.919719 0.900102 0.913196 0.90929 0.903631 0.911126 0.916323 0.907537 0.910604 0.904976 0.908817 0.901507 0.893495 
1.2844 1.27933 1.26413 1.26444 1.2618 1.2432 1.23221 1.23736 1.22424 1.21637 1.21661 1.20683 1.20206 1.19028 1.18483 1.17847 1.17413 1.16403 1.16174 1.15396 1.1523 1.14737 1.13555 1.12644 1.12764 1.11974 1.11045 1.1041 1.09949 1.09603 1.09273 1.08284 1.08237 1.07456 1.0701 1.06444 1.06048 1.05487 1.0519 1.04695 1.04072 1.03852 1.03257 1.02842 1.0237 1.01972 1.01578 1.01146 1.00779 1.00386 1 0.996317 0.992647 0.989786 0.986272 0.982394 0.978769 0.974817 0.970912 0.969999 0.966012 0.962245 0.958475 0.956276 0.95646 0.948404 0.950897 0.9501 0.944105 0.941966 0.940325 0.938506 0.941127 0.938695 0.933084 0.929865 0.925952 0.927455 0.925978 0.917224 0.926926 0.926427 0.918197 0.924205 0.917446 0.915576 0.910161 0.913338 0.913016 0.913354 0.912122 0.904234 0.907409 0.906893 0.910498 0.906752 0.896693 0.910682 0.906649 0.913811 0.892522 
1.28542 1.27707 1.27012 1.26351 1.25235 1.24892 1.23691 1.23377 1.22479 1.216 1.21561 1.2068 1.20463 1.19465 1.18749 1.18046 1.17 1.16957 1.15883 1.15457 1.14512 1.1412 1.13613 1.1344 1.12164 1.12547 1.1125 1.1065 1.10363 1.0963 1.08959 1.08379 1.08036 1.07709 1.06916 1.06643 1.06075 1.05546 1.0496 1.04555 1.04204 1.03818 1.03288 1.0277 1.02403 1.01953 1.01599 1.01175 1.00777 1.00379 1 0.996179 0.992312 0.98925 0.984881 0.981306 0.979033 0.975732 0.973091 0.968104 0.965607 0.961293 0.960519 0.958635 0.954304 0.953277 0.952961 0.948358 0.944311 0.940639 0.948195 0.94037 0.933694 0.934733 0.931081 0.925102 0.928351 0.929079 0.92628 0.925385 0.924701 0.921032 0.918531 0.919372 0.914237 0.91706 0.917657 0.917553 0.916338 0.918923 0.905073 0.916447 0.904343 0.906977 0.905847 0.899391 0.895203 0.894635 0.909614 0.91125 0.92276 
1.2806 1.27601 1.27083 1.26677 1.25837 1.24928 1.23973 1.22945 1.22886 1.21754 1.21564 1.20046 1.19744 1.18739 1.18382 1.18682 1.17833 1.17051 1.1624 1.15004 1.14772 1.1415 1.13524 1.1281 1.12335 1.11712 1.11408 1.10885 1.10047 1.09483 1.08648 1.08841 1.08032 1.07748 1.06991 1.06297 1.06106 1.05461 1.05278 1.04776 1.04401 1.03496 1.03149 1.02755 1.02359 1.02036 1.01591 1.01143 1.00779 1.0038 1 0.996305 0.992518 0.988954 0.985661 0.980817 0.979528 0.975734 0.971831 0.969624 0.96658 0.962024 0.960133 0.956906 0.954651 0.953184 0.94963 0.949555 0.947284 0.946085 0.940117 0.939315 0.933256 0.933757 0.927978 0.930472 0.932518 0.929539 0.927971 0.92923 0.923176 0.917966 0.915108 0.913021 0.918177 0.921646 0.910521 0.909792 0.913642 0.907556 0.908084 0.912566 0.908443 0.902179 0.912408 0.91005 0.906785 0.899747 0.916967 0.899215 0.903478 
1.28287 1.27166 1.26273 1.26101 1.24471 1.24472 1.24357 1.23184 1.22326 1.21821 1.21763 1.21273 1.20205 1.19279 1.17951 1.1755 1.17377 1.17313 1.15863 1.15374 1.14683 1.14207 1.141 1.13287 1.12688 1.11861 1.1111 1.1102 1.09916 1.09531 1.0931 1.08462 1.07885 1.07654 1.0703 1.06772 1.05791 1.05555 1.0499 1.04611 1.04121 1.0361 1.03296 1.0272 1.02297 1.01984 1.01642 1.01165 1.00772 1.00363 1 0.99627 0.992484 0.98883 0.985584 0.982556 0.978594 0.975462 0.973644 0.970578 0.966174 0.962927 0.960152 0.95971 0.955461 0.955292 0.948118 0.948668 0.943971 0.943244 0.939806 0.939347 0.93235 0.930968 0.932952 0.929673 0.927496 0.929658 0.927802 0.926225 0.922443 0.920945 0.924543 0.927189 0.915788 0.913796 0.912895 0.908456 0.910449 0.914244 0.906713 0.911494 0.905943 0.904551 0.911946 0.908834 0.903274 0.911144 0.909696 0.898634 0.905275 
1.28494 1.27693 1.27655 1.26695 1.25497 1.25098 1.24292 1.23263 1.22695 1.21155 1.21398 1.20468 1.19399 1.18932 1.19056 1.17611 1.17328 1.17044 1.16047 1.15609 1.14571 1.14285 1.1395 1.12823 1.13063 1.12121 1.11291 1.10856 1.10542 1.09357 1.09093 1.08754 1.08021 1.07591 1.06992 1.06441 1.06087 1.05678 1.05191 1.04568 1.04226 1.03649 1.03501 1.02828 1.02379 1.01995 1.01563 1.01061 1.00781 1.00405 1 0.99626 0.992906 0.988774 0.985408 0.98248 0.979293 0.974955 0.972372 0.968537 0.966687 0.963999 0.960449 0.959827 0.953293 0.951541 0.951673 0.948287 0.948142 0.941765 0.940969 0.936164 0.941006 0.929572 0.935826 0.930221 0.930668 0.924249 0.923656 0.929868 0.92405 0.925404 0.918637 0.919329 0.915185 0.920004 0.917308 0.905079 0.914895 0.910608 0.912891 0.902215 0.90716 0.917142 0.911854 0.9077 0.907387 0.904202 0.90949 0.905697 0.91617 
1.28339 1.27276 1.26237 1.25703 1.25017 1.24115 1.23766 1.22905 1.2229 1.21334 1.2107 1.20315 1.1928 1.19212 1.17702 1.18339 1.16853 1.17105 1.16233 1.14662 1.146 1.13695 1.1355 1.12594 1.12685 1.11376 1.11614 1.10874 1.10365 1.1014 1.09051 1.08413 1.08138 1.07553 1.07048 1.06607 1.0591 1.05479 1.04892 1.04657 1.04131 1.0374 1.03211 1.02764 1.02298 1.01996 1.01537 1.0116 1.00771 1.00379 1 0.996166 0.99279 0.988837 0.986051 0.982168 0.979359 0.976205 0.973413 0.971273 0.967449 0.963135 0.962691 0.958483 0.953774 0.952006 0.948546 0.949049 0.946119 0.943455 0.940951 0.937317 0.937541 0.933492 0.930725 0.933765 0.928988 0.9294 0.926043 0.924558 0.922204 0.92356 0.921693 0.913218 0.918961 0.918943 0.91086 0.913397 0.919632 0.912856 0.915298 0.914226 0.91618 0.920415 0.899552 0.899578 0.914914 0.910314 0.90941 0.90921 0.902214 
1.28776 1.27224 1.25824 1.25902 1.25382 1.2456 1.23583 1.22875 1.22898 1.21749 1.20671 1.20502 1.20014 1.19076 1.18304 1.17823 1.17801 1.16204 1.16335 1.15347 1.14555 1.14348 1.13441 1.12859 1.12348 1.11754 1.11514 1.10782 1.10239 1.09262 1.09035 1.0818 1.07752 1.07631 1.07199 1.06459 1.05982 1.05487 1.04975 1.04524 1.04114 1.03601 1.03316 1.02901 1.02392 1.02006 1.01571 1.01178 1.00744 1.00368 1 0.996302 0.992911 0.989647 0.986334 0.983581 0.978855 0.976022 0.972943 0.970741 0.968556 0.96349 0.960559 0.957821 0.955746 0.954067 0.947508 0.951931 0.945048 0.94323 0.943648 0.942835 0.939221 0.936668 0.932728 0.933536 0.926489 0.928549 0.923276 0.920348 0.924442 0.925984 0.92929 0.915947 0.918028 0.917698 0.918526 0.915279 0.9047 0.913366 0.910681 0.91305 0.915889 0.909667 0.915933 0.906007 0.912396 0.907627 0.8992 0.905082 0.896131 
1.28663 1.27659 1.26379 1.25578 1.24786 1.23976 1.24435 1.23518 1.22423 1.22655 1.20853 1.20565 1.1949 1.1905 1.18683 1.17492 1.17197 1.1658 1.15898 1.15367 1.14862 1.13775 1.13766 1.12707 1.12685 1.11808 1.11127 1.10431 1.10073 1.09736 1.08874 1.08537 1.07956 1.07673 1.06705 1.06261 1.0576 1.05648 1.05043 1.04715 1.04172 1.03796 1.03234 1.02832 1.02319 1.01906 1.01545 1.01146 1.00733 1.00373 1 0.996244 0.992719 0.989585 0.985406 0.983155 0.979418 0.975356 0.973438 0.969247 0.968759 0.961037 0.959409 0.958019 0.955502 0.955217 0.951574 0.950905 0.947672 0.943937 0.943001 0.936348 0.93778 0.931899 0.937398 0.930042 0.923342 0.934765 0.924835 0.924615 0.929763 0.918014 0.923608 0.919439 0.920442 0.912759 0.910871 0.92163 0.916558 0.920285 0.925988 0.911023 0.90149 0.909802 0.909207 0.906912 0.912298 0.911205 0.908864 0.907928 0.908308 
1.28001 1.27263 1.26803 1.26039 1.24614 1.2465 1.24016 1.23393 1.22763 1.21967 1.21017 1.21166 1.2018 1.19059 1.19018 1.17688 1.17747 1.16437 1.16556 1.15301 1.14895 1.13904 1.13798 1.12945 1.12468 1.11826 1.10916 1.10642 1.10413 1.09548 1.08727 1.08489 1.08049 1.07535 1.06691 1.0666 1.0617 1.05628 1.05196 1.04617 1.04107 1.03606 1.03366 1.02819 1.02443 1.01981 1.01626 1.01112 1.00732 1.00367 1 0.996477 0.992533 0.989258 0.985412 0.98266 0.979835 0.975883 0.971938 0.96992 0.965209 0.962791 0.962296 0.95463 0.953737 0.955125 0.950267 0.947311 0.947981 0.944088 0.939408 0.937559 0.936973 0.938842 0.933059 0.931689 0.929332 0.929037 0.927488 0.925944 0.925108 0.924594 0.924977 0.919526 0.918511 0.913831 0.923835 0.918692 0.916438 0.914013 0.908594 0.909992 0.91231 0.914623 0.912147 0.901786 0.911001 0.910756 0.917442 0.915306 0.9068 
1.28102 1.27712 1.26267 1.25875 1.25661 1.23772 1.2417 1.22836 1.22242 1.21849 1.21235 1.20722 1.19551 1.19196 1.1806 1.17825 1.16831 1.17062 1.1601 1.1508 1.14502 1.13989 1.13274 1.1341 1.12617 1.12475 1.11378 1.10551 1.09565 1.09476 1.0919 1.08647 1.08122 1.07159 1.07069 1.06464 1.05962 1.05459 1.04895 1.04423 1.0422 1.03708 1.03145 1.0284 1.02311 1.02029 1.0162 1.01153 1.00701 1.00359 1 0.996406 0.992676 0.988966 0.986089 0.982573 0.979614 0.976268 0.972772 0.968409 0.967943 0.965252 0.961256 0.957823 0.956373 0.950148 0.950793 0.948401 0.946368 0.944985 0.94554 0.944755 0.936296 0.936893 0.937047 0.931789 0.930944 0.921659 0.921008 0.927634 0.921552 0.921351 0.926545 0.918553 0.924398 0.92135 0.919384 0.915527 0.909801 0.923545 0.905236 0.910305 0.923635 0.912236 0.911939 0.913477 0.91586 0.91626 0.919328 0.9097 0.89946 
1.28263 1.27892 1.26254 1.25978 1.2522 1.24024 1.23972 1.23266 1.22182 1.22233 1.21189 1.20842 1.20238 1.18947 1.18289 1.17878 1.17303 1.16101 1.16446 1.14814 1.15034 1.13972 1.13811 1.12608 1.1209 1.11457 1.11326 1.10554 1.09987 1.09815 1.08928 1.08925 1.07952 1.07486 1.0681 1.06585 1.05912 1.05331 1.05102 1.04455 1.04116 1.03621 1.03116 1.02561 1.02229 1.01842 1.0149 1.01167 1.00749 1.00393 1 0.996458 0.992758 0.988913 0.986092 0.982545 0.978604 0.976479 0.972204 0.970469 0.966289 0.96492 0.959396 0.95706 0.955619 0.954979 0.95327 0.947488 0.946395 0.944795 0.938375 0.940917 0.936039 0.939079 0.939794 0.934909 0.927254 0.927009 0.922991 0.927203 0.932039 0.929329 0.916697 0.921872 0.926849 0.919639 0.917468 0.91382 0.915696 0.921553 0.931513 0.909587 0.909717 0.917871 0.918064 0.913899 0.913189 0.911819 0.908067 0.915134 0.90661 
1.27798 1.27982 1.27104 1.26406 1.25521 1.24467 1.23773 1.23801 1.22758 1.22102 1.20949 1.20217 1.19427 1.19354 1.1844 1.1816 1.17435 1.16538 1.15343 1.15618 1.14196 1.14196 1.13222 1.1294 1.118 1.1154 1.11032 1.10729 1.09906 1.09796 1.0884 1.08671 1.08222 1.07635 1.06688 1.06399 1.05854 1.05686 1.04852 1.04464 1.04008 1.03731 1.03156 1.02739 1.02417 1.01923 1.01582 1.01115 1.00724 1.00351 1 0.996351 0.992951 0.989009 0.986032 0.981592 0.978182 0.976499 0.974406 0.969737 0.966705 0.964015 0.962573 0.959838 0.955272 0.954213 0.949572 0.948006 0.949838 0.946955 0.93909 0.938125 0.93617 0.932176 0.933846 0.936267 0.931715 0.930228 0.929777 0.924742 0.9299 0.927029 0.922611 0.926372 0.91658 0.918545 0.924748 0.928049 0.917925 0.918607 0.912279 0.919494 0.921239 0.91426 0.912378 0.899206 0.922334 0.907902 0.91501 0.912331 0.924107 
1.2792 1.27155 1.26884 1.26612 1.25322 1.24647 1.24371 1.23671 1.22325 1.21899 1.2148 1.20486 1.19315 1.18632 1.18308 1.17662 1.17107 1.16681 1.16014 1.14994 1.14594 1.14117 1.13645 1.13081 1.11843 1.1136 1.1138 1.1059 1.10008 1.09338 1.09156 1.08584 1.0798 1.07668 1.0677 1.06817 1.05875 1.05412 1.05001 1.04542 1.04131 1.03508 1.03167 1.02673 1.02272 1.01981 1.01573 1.01152 1.00771 1.00333 1 0.996369 0.992715 0.988725 0.986566 0.983456 0.979419 0.976698 0.971775 0.969884 0.966579 0.9624 0.962868 0.958949 0.954609 0.952713 0.951073 0.952186 0.946853 0.944154 0.943271 0.939238 0.936925 0.937615 0.932871 0.928684 0.937688 0.93036 0.923269 0.920952 0.927213 0.926706 0.920872 0.92601 0.928407 0.913773 0.91489 0.921352 0.913695 0.913451 0.912573 0.905822 0.923569 0.915928 0.922782 0.915095 0.91893 0.924925 0.917058 0.906863 0.914601 
1.27894 1.26767 1.27084 1.26139 1.24992 1.24348 1.23558 1.23218 1.2198 1.2194 1.21215 1.20549 1.19815 1.18776 1.18665 1.17458 1.16879 1.16392 1.15973 1.15244 1.14398 1.13503 1.13652 1.12474 1.12362 1.11675 1.10903 1.10183 1.10299 1.09586 1.08974 1.08216 1.08091 1.07163 1.06691 1.06439 1.05914 1.05613 1.04872 1.04374 1.03845 1.03515 1.02906 1.029 1.02286 1.01923 1.01565 1.0113 1.00743 1.00357 1 0.996468 0.992966 0.989665 0.985654 0.982255 0.980292 0.975845 0.973154 0.9704 0.967315 0.964605 0.960477 0.962023 0.958149 0.954629 0.954545 0.949163 0.944946 0.942932 0.944596 0.944918 0.939985 0.935071 0.939918 0.9315 0.931534 0.934974 0.932117 0.926629 0.926872 0.925676 0.932706 0.919413 0.922151 0.913545 0.922988 0.921276 0.915237 0.921429 0.916121 0.912789 0.921494 0.926801 0.924131 0.909684 0.911841 0.924234 0.920388 0.911265 0.919125 
1.2734 1.26976 1.27104 1.26041 1.24709 1.24106 1.23646 1.22877 1.21816 1.22483 1.20418 1.20561 1.19852 1.18924 1.18179 1.175 1.17153 1.16392 1.15885 1.15717 1.14262 1.1409 1.13403 1.12737 1.12385 1.11867 1.11024 1.10429 1.10096 1.09428 1.09084 1.08523 1.0794 1.07566 1.06804 1.06412 1.06089 1.05454 1.04921 1.04442 1.04172 1.03679 1.03291 1.02877 1.0233 1.01869 1.01492 1.01158 1.00754 1.00378 1 0.996417 0.992601 0.989164 0.98645 0.982377 0.979249 0.978339 0.97383 0.970273 0.966704 0.962637 0.959844 0.961258 0.956966 0.955322 0.953259 0.948789 0.946655 0.946711 0.943132 0.942956 0.937662 0.941598 0.934074 0.935682 0.933363 0.928978 0.926506 0.928338 0.928976 0.928084 0.924899 0.924749 0.924579 0.924522 0.911681 0.923034 0.919178 0.922017 0.915259 0.914134 0.924274 0.915247 0.916163 0.916806 0.917577 0.911463 0.917398 0.91729 0.921531 
1.28027 1.27821 1.26576 1.26407 1.255 1.23758 1.23162 1.23214 1.21868 1.21865 1.21392 1.19913 1.19982 1.18757 1.18166 1.17435 1.16923 1.16754 1.15995 1.15504 1.14691 1.14102 1.13756 1.127 1.1229 1.11567 1.11085 1.10741 1.09968 1.09527 1.09 1.08322 1.07717 1.07589 1.0665 1.0651 1.05671 1.05484 1.05081 1.04466 1.03997 1.03606 1.02998 1.02786 1.0231 1.01919 1.01595 1.01092 1.00723 1.00368 1 0.996335 0.99272 0.989818 0.985435 0.982473 0.97892 0.976447 0.973375 0.96894 0.968349 0.96633 0.962453 0.956934 0.956795 0.952402 0.953086 0.949096 0.9476 0.945338 0.941883 0.941381 0.940301 0.936477 0.934158 0.938192 0.934107 0.930031 0.933462 0.928106 0.925298 0.925564 0.930356 0.925264 0.925174 0.929269 0.916831 0.921081 0.915659 0.918685 0.916059 0.910525 0.91823 0.911568 0.921889 0.92761 0.920074 0.913265 0.913004 0.911537 0.916427 
1.28441 1.27396 1.26289 1.26303 1.25941 1.24674 1.23649 1.22886 1.22084 1.22252 1.20525 1.201 1.19024 1.19666 1.17966 1.18112 1.17104 1.16756 1.15726 1.15076 1.14607 1.14139 1.13313 1.12538 1.12252 1.11877 1.1139 1.10844 1.09844 1.0941 1.09008 1.08265 1.08214 1.0735 1.06997 1.06628 1.05919 1.05272 1.05028 1.04618 1.0394 1.03336 1.03251 1.02698 1.02274 1.01844 1.01451 1.01089 1.00754 1.0037 1 0.996395 0.992891 0.989338 0.985368 0.983699 0.980354 0.977341 0.97396 0.969814 0.967944 0.964298 0.962634 0.958446 0.955427 0.954734 0.952576 0.948212 0.94894 0.943951 0.944148 0.94517 0.944499 0.936693 0.936472 0.933603 0.9324 0.935121 0.932432 0.928364 0.926102 0.928465 0.934138 0.932889 0.925286 0.92895 0.923474 0.926165 0.916806 0.927064 0.923001 0.923382 0.916793 0.91297 0.912237 0.919977 0.913282 0.925263 0.912271 0.917891 0.913332 
1.27842 1.26926 1.26254 1.25505 1.24481 1.23913 1.23869 1.22685 1.22437 1.20822 1.20223 1.20146 1.19301 1.18833 1.17328 1.18577 1.1668 1.16438 1.15557 1.14884 1.14903 1.14256 1.13228 1.12927 1.12118 1.11598 1.10857 1.10596 1.10239 1.09333 1.08916 1.08396 1.07616 1.07251 1.07044 1.064 1.05877 1.05414 1.0502 1.04551 1.04046 1.03517 1.03196 1.0272 1.02216 1.01912 1.0153 1.01178 1.00781 1.00381 1 0.996346 0.993029 0.989096 0.986444 0.982917 0.980133 0.977827 0.973686 0.970159 0.968909 0.965282 0.961325 0.958879 0.958602 0.957644 0.951787 0.952012 0.948772 0.945164 0.944099 0.937426 0.937198 0.940096 0.933624 0.930178 0.932636 0.931972 0.929039 0.926431 0.925726 0.929496 0.92221 0.925157 0.915242 0.919263 0.923363 0.919958 0.91659 0.921429 0.926315 0.912014 0.921171 0.913546 0.916097 0.919183 0.924282 0.919056 0.918756 0.914782 0.928174 
1.27076 1.27042 1.2617 1.25233 1.24425 1.24611 1.23285 1.22904 1.22546 1.21069 1.20864 1.19842 1.194 1.19193 1.17771 1.17348 1.17056 1.16626 1.1574 1.15267 1.14441 1.13757 1.13583 1.13122 1.12008 1.11817 1.10932 1.10629 1.10226 1.09686 1.08747 1.08334 1.07806 1.07533 1.07057 1.06251 1.05769 1.05387 1.04969 1.04308 1.04036 1.03545 1.03214 1.02709 1.02324 1.01934 1.01586 1.01109 1.00724 1.00384 1 0.996578 0.992774 0.989333 0.986368 0.982411 0.979198 0.975334 0.974267 0.971513 0.966506 0.965631 0.96264 0.961398 0.961847 0.955587 0.95599 0.95207 0.95046 0.947237 0.94804 0.945125 0.939473 0.937343 0.942518 0.932956 0.937116 0.934186 0.928412 0.936202 0.928138 0.923877 0.9289 0.921734 0.926415 0.919068 0.925069 0.92338 0.91221 0.923589 0.921478 0.918579 0.920118 0.928039 0.914334 0.915928 0.912786 0.920451 0.923378 0.910947 0.908073 
1.28406 1.26097 1.26368 1.2571 1.24614 1.23922 1.23602 1.23148 1.22869 1.21425 1.20669 1.20246 1.19157 1.18926 1.18077 1.17897 1.17263 1.16667 1.15562 1.14957 1.14577 1.14338 1.13198 1.12862 1.12208 1.11688 1.10831 1.09936 1.0989 1.09193 1.08817 1.0858 1.08213 1.07597 1.06928 1.06359 1.06153 1.05413 1.0493 1.04503 1.03979 1.03651 1.0313 1.02677 1.02202 1.01942 1.0152 1.01193 1.00749 1.00362 1 0.996649 0.993119 0.989844 0.986199 0.983716 0.97973 0.97659 0.974244 0.970731 0.967209 0.96716 0.965447 0.960568 0.95526 0.95614 0.95246 0.949664 0.95006 0.94546 0.948748 0.942182 0.935573 0.93905 0.939436 0.944163 0.928936 0.934646 0.93073 0.93279 0.925605 0.922132 0.924366 0.926359 0.927918 0.931929 0.922543 0.927373 0.919897 0.916171 0.928267 0.925369 0.926225 0.925282 0.915246 0.920514 0.909713 0.914947 0.920368 0.929626 0.909359 
1.28727 1.27674 1.27079 1.25881 1.25619 1.23878 1.23713 1.23376 1.22459 1.21289 1.20667 1.196 1.20277 1.18566 1.18548 1.17766 1.16725 1.16244 1.1511 1.15274 1.14448 1.13684 1.13084 1.12253 1.12023 1.12031 1.11295 1.10314 1.09637 1.09413 1.08971 1.08679 1.08011 1.07286 1.07187 1.06385 1.05976 1.05492 1.04891 1.04776 1.04116 1.0342 1.02996 1.02781 1.02251 1.01935 1.01515 1.01118 1.0073 1.0036 1 0.996317 0.992936 0.989556 0.985951 0.983345 0.980581 0.97645 0.972256 0.97037 0.968348 0.96391 0.96165 0.961062 0.960855 0.954441 0.949785 0.950691 0.944005 0.945545 0.950021 0.944306 0.940942 0.940197 0.939373 0.930309 0.936556 0.930502 0.933203 0.934891 0.928018 0.924994 0.923104 0.925124 0.924895 0.926361 0.918178 0.925745 0.918091 0.917657 0.915732 0.919004 0.92639 0.921961 0.919799 0.922982 0.925253 0.919475 0.923858 0.921573 0.915787 
1.27429 1.26041 1.26768 1.26419 1.2396 1.24645 1.23884 1.22784 1.23008 1.21662 1.20566 1.20208 1.19524 1.19252 1.17897 1.17405 1.16566 1.17047 1.1604 1.14435 1.14653 1.14037 1.13272 1.13052 1.12407 1.11533 1.10605 1.10557 1.10005 1.09218 1.08599 1.08029 1.07538 1.07295 1.06664 1.06307 1.05887 1.05221 1.05017 1.0431 1.04096 1.03462 1.03143 1.02695 1.02281 1.01949 1.01545 1.01141 1.00718 1.00366 1 0.996509 0.993398 0.989511 0.98653 0.982281 0.97852 0.976009 0.975206 0.970431 0.968166 0.964139 0.962837 0.961926 0.956236 0.955483 0.950061 0.957234 0.947064 0.94661 0.944873 0.941118 0.940441 0.9386 0.93268 0.935367 0.934115 0.932833 0.928635 0.934009 0.928907 0.924921 0.928103 0.925719 0.920385 0.922423 0.923318 0.915357 0.920452 0.915369 0.915487 0.913362 0.919864 0.917644 0.918628 0.922433 0.921354 0.911516 0.918461 0.921799 0.922282 
1.2821 1.27248 1.25975 1.25231 1.2426 1.24984 1.24185 1.23304 1.22406 1.21244 1.21241 1.20513 1.19214 1.18975 1.18473 1.1723 1.17312 1.15873 1.15137 1.14893 1.14278 1.13793 1.13146 1.12965 1.12699 1.11432 1.10855 1.10377 1.09551 1.09776 1.08887 1.07994 1.07828 1.07352 1.06986 1.06338 1.05884 1.05576 1.04884 1.04439 1.03911 1.03593 1.03093 1.02666 1.02292 1.02004 1.01513 1.01096 1.00713 1.00363 1 0.996624 0.993025 0.989603 0.986101 0.983553 0.978886 0.976765 0.973966 0.971404 0.969344 0.966685 0.963713 0.957845 0.955459 0.956255 0.953945 0.949454 0.954092 0.948962 0.942508 0.945002 0.943095 0.94172 0.937343 0.935438 0.93325 0.932714 0.93979 0.931004 0.925794 0.921109 0.930327 0.92894 0.922027 0.921829 0.926112 0.9306 0.922987 0.925087 0.917724 0.915897 0.917276 0.921484 0.923539 0.916016 0.91933 0.92397 0.934743 0.925662 0.915948 
1.27425 1.27967 1.26901 1.25786 1.25132 1.24003 1.23369 1.23807 1.22205 1.20931 1.20589 1.19701 1.1949 1.18604 1.18091 1.17641 1.16788 1.163 1.15771 1.15269 1.14379 1.14018 1.13231 1.12352 1.11928 1.11582 1.11034 1.10336 1.09647 1.08947 1.08873 1.08189 1.0762 1.07238 1.06739 1.0628 1.05665 1.05456 1.04897 1.04559 1.03867 1.03539 1.02894 1.02664 1.02343 1.01951 1.01541 1.01137 1.00738 1.00351 1 0.996503 0.992727 0.990267 0.987 0.983321 0.979578 0.97557 0.974051 0.971101 0.968051 0.963486 0.964108 0.96342 0.959512 0.955052 0.95516 0.951978 0.950616 0.949221 0.944782 0.94057 0.941011 0.945833 0.938349 0.933805 0.932275 0.93513 0.93429 0.931332 0.933987 0.931038 0.929942 0.932887 0.925913 0.933481 0.931968 0.926709 0.920337 0.917401 0.932807 0.927319 0.922199 0.924698 0.931662 0.920481 0.908824 0.919878 0.91986 0.923668 0.913114 
1.27713 1.26562 1.25899 1.25721 1.26221 1.23837 1.23776 1.23079 1.21858 1.2125 1.21014 1.19712 1.19581 1.19195 1.1795 1.17376 1.17009 1.16243 1.15754 1.15136 1.14268 1.13585 1.1324 1.12623 1.123 1.12047 1.10906 1.10461 1.09876 1.09302 1.089 1.08222 1.07693 1.06976 1.06697 1.06125 1.0589 1.05263 1.04751 1.04401 1.03845 1.03466 1.0306 1.02633 1.0228 1.0192 1.01451 1.01065 1.00721 1.00356 1 0.996455 0.993244 0.990014 0.986105 0.983461 0.980201 0.976071 0.974877 0.969861 0.971625 0.965201 0.964872 0.960015 0.957547 0.955714 0.956042 0.953721 0.948772 0.949143 0.944037 0.944363 0.937107 0.935903 0.93509 0.932339 0.931235 0.928773 0.93226 0.934166 0.93746 0.92856 0.933937 0.934894 0.922666 0.917562 0.929527 0.921943 0.92167 0.93144 0.915302 0.918914 0.918236 0.919897 0.924606 0.922557 0.925247 0.914607 0.928165 0.921798 0.923421 
1.28065 1.27553 1.27089 1.26004 1.248 1.24091 1.23716 1.22312 1.22222 1.21573 1.20666 1.20479 1.19212 1.18711 1.17752 1.17106 1.17326 1.1572 1.1565 1.14516 1.14723 1.13855 1.12868 1.12637 1.11706 1.11643 1.11049 1.10372 1.09822 1.09313 1.08699 1.08316 1.07838 1.07123 1.0652 1.05983 1.05747 1.05061 1.04759 1.04492 1.03859 1.03577 1.03071 1.02819 1.02416 1.01845 1.01463 1.01075 1.00736 1.00348 1 0.996381 0.993216 0.99019 0.986919 0.983059 0.981039 0.977915 0.974879 0.97051 0.971589 0.966073 0.962305 0.959076 0.958894 0.957118 0.951317 0.950083 0.949695 0.952355 0.944114 0.944045 0.942201 0.936689 0.940374 0.936778 0.934177 0.929831 0.930196 0.93123 0.932926 0.927316 0.923615 0.923176 0.930924 0.91868 0.917764 0.93842 0.931043 0.920395 0.925869 0.912845 0.918453 0.923947 0.920178 0.926868 0.910687 0.9202 0.921886 0.924059 0.932387 
1.27713 1.26882 1.26178 1.24972 1.25709 1.2464 1.23252 1.22569 1.21579 1.21084 1.21034 1.1999 1.19927 1.18606 1.17608 1.17493 1.17002 1.15751 1.15228 1.14445 1.14173 1.13597 1.1321 1.12897 1.12496 1.10982 1.10879 1.10212 1.09987 1.09463 1.08725 1.08451 1.07771 1.07226 1.06634 1.06226 1.05667 1.05332 1.04637 1.04296 1.03825 1.03477 1.03132 1.02593 1.02315 1.01907 1.01418 1.01077 1.00715 1.0034 1 0.996541 0.993189 0.990109 0.986878 0.983688 0.980229 0.976238 0.97518 0.971134 0.968808 0.965619 0.96218 0.962015 0.960057 0.955689 0.952231 0.953395 0.948763 0.945894 0.943763 0.944531 0.938988 0.941622 0.943843 0.941195 0.932831 0.942548 0.932378 0.934126 0.930479 0.930552 0.933711 0.924961 0.932089 0.929497 0.92008 0.916997 0.923013 0.914667 0.921336 0.924166 0.926745 0.927029 0.933239 0.924462 0.922181 0.925299 0.932258 0.912223 0.918487 
1.27922 1.26425 1.27036 1.25557 1.2532 1.24468 1.23712 1.22455 1.2267 1.21383 1.20601 1.19528 1.19837 1.18756 1.18536 1.17534 1.16526 1.16333 1.15909 1.14703 1.14121 1.13735 1.13291 1.1202 1.12046 1.11304 1.10955 1.10449 1.09654 1.09418 1.08667 1.08201 1.07712 1.06876 1.0683 1.0627 1.05871 1.05252 1.04638 1.04255 1.03993 1.03424 1.03026 1.02568 1.02269 1.01919 1.01496 1.01057 1.00723 1.00346 1 0.996532 0.993397 0.990509 0.986321 0.98279 0.981384 0.975835 0.9749 0.971628 0.97096 0.96702 0.962338 0.961103 0.960224 0.95576 0.954921 0.952257 0.94928 0.949798 0.947182 0.939445 0.940129 0.940911 0.938722 0.93152 0.935209 0.932468 0.930226 0.937145 0.933818 0.928205 0.930608 0.922165 0.927871 0.92579 0.926774 0.924232 0.91863 0.91968 0.932725 0.933414 0.924406 0.92551 0.925885 0.92121 0.916981 0.930244 0.927876 0.928957 0.928419 
1.26806 1.28012 1.26744 1.24422 1.24795 1.24085 1.23771 1.21687 1.22167 1.20903 1.20905 1.20149 1.18979 1.17983 1.17816 1.1776 1.16139 1.15813 1.15531 1.15051 1.14577 1.13888 1.12859 1.12406 1.12268 1.11432 1.11441 1.10459 1.09985 1.08886 1.08707 1.0826 1.07667 1.07322 1.066 1.06303 1.05541 1.05383 1.04921 1.04547 1.03976 1.03337 1.03075 1.02632 1.02253 1.01786 1.01383 1.01115 1.007 1.00358 1 0.996488 0.993374 0.990048 0.986627 0.983141 0.97938 0.97716 0.973089 0.972171 0.971394 0.965479 0.963424 0.964386 0.959242 0.954934 0.95369 0.952491 0.952434 0.952282 0.944663 0.942807 0.941409 0.943748 0.940186 0.938991 0.930201 0.92991 0.936926 0.932998 0.933131 0.927283 0.923729 0.926467 0.929456 0.926361 0.926088 0.921606 0.924592 0.921608 0.925109 0.927462 0.924796 0.931513 0.923431 0.923356 0.92704 0.924979 0.91572 0.921256 0.920917 
1.27271 1.26997 1.26097 1.25454 1.24529 1.24111 1.23199 1.22007 1.21992 1.21029 1.20814 1.19782 1.18728 1.18525 1.17902 1.17323 1.17063 1.16345 1.15864 1.15107 1.14121 1.13831 1.13344 1.12486 1.11847 1.11379 1.10948 1.09948 1.09182 1.09494 1.08692 1.08444 1.07642 1.0709 1.06603 1.0622 1.05825 1.0512 1.04838 1.04322 1.03823 1.03608 1.0303 1.0263 1.02354 1.01875 1.01461 1.011 1.00759 1.0037 1 0.996478 0.993262 0.990291 0.986143 0.983107 0.980015 0.976925 0.975414 0.973106 0.970406 0.965591 0.960597 0.962486 0.956589 0.955954 0.95684 0.952169 0.952343 0.949698 0.948383 0.950851 0.943548 0.94356 0.93703 0.942745 0.936355 0.935867 0.93245 0.930735 0.927143 0.93557 0.928051 0.933819 0.932446 0.930616 0.92669 0.922257 0.930061 0.921285 0.927949 0.931999 0.927123 0.920095 0.927061 0.925554 0.919404 0.925734 0.927461 0.92435 0.920377 
1.27915 1.27397 1.26009 1.25987 1.24666 1.24574 1.22988 1.23174 1.22213 1.22042 1.19943 1.20537 1.1982 1.18065 1.1818 1.17142 1.16663 1.15833 1.14978 1.1422 1.14548 1.13898 1.13605 1.12674 1.11717 1.11266 1.10936 1.10624 1.09703 1.09009 1.08496 1.07892 1.07487 1.07235 1.06794 1.0625 1.05657 1.05271 1.04579 1.04237 1.03755 1.03461 1.03041 1.02659 1.02312 1.01799 1.01429 1.01105 1.00711 1.00357 1 0.996614 0.993342 0.989098 0.987782 0.984248 0.980286 0.977224 0.973582 0.970781 0.966522 0.967051 0.96496 0.959961 0.960576 0.95869 0.955853 0.954819 0.953588 0.94904 0.944298 0.944123 0.942533 0.937525 0.934719 0.93616 0.934484 0.934775 0.935428 0.929393 0.930225 0.938577 0.925899 0.92793 0.927146 0.927684 0.922729 0.92028 0.931368 0.925577 0.914501 0.93297 0.920823 0.929949 0.922815 0.92897 0.908976 0.937202 0.921546 0.926007 0.929169 
1.28492 1.26876 1.25809 1.25353 1.24368 1.24182 1.23954 1.21839 1.22437 1.21138 1.20931 1.19646 1.19355 1.18928 1.17894 1.16698 1.16735 1.16248 1.14989 1.14264 1.14073 1.1391 1.1327 1.12896 1.11975 1.11623 1.11 1.10137 1.09818 1.09196 1.08683 1.07957 1.07722 1.07219 1.06818 1.06256 1.05781 1.0527 1.04994 1.04241 1.03917 1.03676 1.0318 1.0253 1.02305 1.01866 1.01513 1.01112 1.00713 1.00354 1 0.996652 0.992703 0.989696 0.987179 0.98334 0.980776 0.978215 0.975002 0.970938 0.970598 0.966283 0.963734 0.960102 0.960201 0.957576 0.954681 0.955021 0.953735 0.947626 0.948799 0.945438 0.941654 0.939003 0.941293 0.934209 0.939641 0.936267 0.937045 0.936215 0.937459 0.929351 0.938967 0.929053 0.934554 0.927923 0.933908 0.924014 0.93341 0.933146 0.928139 0.927475 0.920162 0.932267 0.940648 0.942307 0.923946 0.923423 0.91974 0.926786 0.920365 
1.27846 1.27016 1.26115 1.25829 1.24551 1.24282 1.23657 1.23523 1.21567 1.21313 1.20503 1.20077 1.18842 1.18774 1.17575 1.17349 1.16154 1.16334 1.1509 1.15047 1.13951 1.138 1.13139 1.1236 1.11753 1.11278 1.11058 1.10466 1.10097 1.08894 1.09036 1.07964 1.07574 1.06969 1.06653 1.06088 1.05891 1.05257 1.04655 1.04594 1.04039 1.03655 1.03018 1.02622 1.02163 1.01823 1.0149 1.01036 1.0065 1.00365 1 0.996772 0.99366 0.989828 0.98628 0.983888 0.981339 0.978463 0.972729 0.974848 0.970384 0.966713 0.964427 0.960728 0.957213 0.958246 0.958769 0.953201 0.949742 0.947003 0.947962 0.942158 0.942985 0.938065 0.939209 0.937549 0.93904 0.935858 0.937534 0.934544 0.931814 0.931855 0.929167 0.931481 0.931138 0.926097 0.930224 0.927594 0.930315 0.917739 0.924083 0.933893 0.918055 0.930994 0.929401 0.939318 0.922487 0.922057 0.9364 0.924622 0.931979 
1.27337 1.2771 1.25979 1.26192 1.25149 1.24084 1.22537 1.22658 1.22177 1.20651 1.20453 1.19367 1.18967 1.18416 1.17582 1.17448 1.17012 1.16112 1.15518 1.15384 1.14835 1.13702 1.13143 1.12522 1.11996 1.11044 1.10645 1.10172 1.09398 1.09403 1.08494 1.08231 1.07209 1.07316 1.06686 1.06019 1.0555 1.05286 1.04928 1.04389 1.03859 1.03543 1.03128 1.02725 1.02313 1.01746 1.01495 1.01077 1.00732 1.00357 1 0.996629 0.992863 0.989314 0.986478 0.983594 0.981523 0.977013 0.974798 0.973533 0.972667 0.966573 0.966916 0.961087 0.959222 0.957617 0.957251 0.949776 0.949697 0.947624 0.947617 0.949478 0.942095 0.946078 0.941476 0.937424 0.936958 0.937335 0.930827 0.934452 0.931676 0.92864 0.928613 0.929285 0.929248 0.927547 0.921435 0.924486 0.929161 0.922388 0.929404 0.931084 0.922076 0.929366 0.927492 0.935655 0.934002 0.93656 0.936664 0.921439 0.937389 
1.27677 1.26485 1.266 1.24545 1.25534 1.24011 1.23455 1.22506 1.21944 1.21291 1.20808 1.20146 1.19403 1.19014 1.18115 1.17635 1.16973 1.16399 1.15539 1.14558 1.14952 1.13513 1.13109 1.12739 1.12269 1.11326 1.10737 1.10082 1.09684 1.08907 1.0862 1.08584 1.07386 1.07237 1.06838 1.06348 1.06114 1.05476 1.04754 1.04392 1.03942 1.03385 1.032 1.02626 1.023 1.01856 1.01477 1.01099 1.00676 1.00355 1 0.996593 0.992976 0.989579 0.987418 0.983215 0.980119 0.978624 0.976293 0.972361 0.970836 0.964768 0.964111 0.962386 0.957967 0.957297 0.957188 0.952369 0.953598 0.949199 0.948721 0.939723 0.942677 0.939792 0.943671 0.940125 0.940669 0.931298 0.932445 0.931542 0.931832 0.927961 0.932663 0.934169 0.923819 0.930012 0.920148 0.929772 0.935111 0.922833 0.924617 0.93368 0.925406 0.926484 0.912043 0.931953 0.932952 0.937241 0.926413 0.933135 0.922147 
1.27886 1.2623 1.27044 1.25226 1.24208 1.24243 1.23599 1.22514 1.22655 1.22279 1.20462 1.20157 1.18646 1.18081 1.1824 1.17116 1.17228 1.1568 1.14505 1.14365 1.14427 1.1399 1.13586 1.12234 1.12013 1.11256 1.10612 1.10077 1.09865 1.09471 1.08681 1.0804 1.07731 1.06975 1.06748 1.06373 1.05893 1.05033 1.04811 1.04285 1.03924 1.03601 1.0306 1.02578 1.02289 1.01863 1.01389 1.01035 1.00737 1.00324 1 0.996654 0.993533 0.989143 0.986961 0.984213 0.980055 0.977961 0.974485 0.971574 0.967934 0.964696 0.960829 0.959806 0.957612 0.95994 0.953174 0.952194 0.949727 0.947963 0.944742 0.940941 0.943681 0.940203 0.941697 0.938854 0.941116 0.936797 0.930441 0.937308 0.935696 0.934821 0.933556 0.931851 0.935082 0.937579 0.930204 0.929444 0.933617 0.922995 0.92998 0.922597 0.927125 0.931851 0.920612 0.937293 0.922935 0.932653 0.928057 0.917773 0.936043 
1.2795 1.269 1.25661 1.24868 1.24795 1.24567 1.23264 1.22335 1.21767 1.20302 1.20348 1.19261 1.18972 1.18718 1.18439 1.17012 1.17304 1.16157 1.15042 1.14598 1.14096 1.13376 1.12906 1.12704 1.11782 1.11457 1.10862 1.10078 1.09775 1.09204 1.08608 1.08092 1.07949 1.07187 1.06686 1.06064 1.0568 1.05373 1.04647 1.04374 1.03695 1.03612 1.03183 1.02703 1.02106 1.01798 1.01452 1.01065 1.00729 1.00362 1 0.996417 0.993393 0.990205 0.986686 0.98348 0.980619 0.976849 0.973397 0.970544 0.970606 0.969138 0.964486 0.962003 0.958236 0.955005 0.955082 0.952026 0.949344 0.947579 0.946402 0.947446 0.944615 0.944036 0.938689 0.937812 0.933349 0.935245 0.933814 0.938079 0.929965 0.923819 0.924209 0.939721 0.930138 0.932761 0.934765 0.923786 0.93251 0.930204 0.926752 0.930376 0.925762 0.937024 0.931337 0.935557 0.932361 0.912564 0.931933 0.916452 0.937216 
1.26527 1.27156 1.26408 1.25215 1.24883 1.24339 1.22793 1.21994 1.21318 1.20372 1.20349 1.20194 1.18927 1.18284 1.17685 1.16963 1.1713 1.16103 1.15484 1.14863 1.14108 1.13874 1.13292 1.12589 1.11613 1.11001 1.1035 1.10345 1.09951 1.08779 1.08916 1.08082 1.0736 1.07276 1.06841 1.06022 1.05542 1.05101 1.04906 1.04084 1.04126 1.03567 1.02999 1.02625 1.02208 1.01804 1.01438 1.01107 1.00717 1.00351 1 0.996666 0.993264 0.989627 0.987083 0.983766 0.980165 0.977386 0.974222 0.97402 0.970065 0.968154 0.964017 0.964312 0.959438 0.960812 0.954049 0.955139 0.953258 0.949183 0.948803 0.945349 0.945033 0.946074 0.940222 0.942179 0.936355 0.939984 0.935262 0.938849 0.940588 0.937517 0.92745 0.934169 0.936555 0.922195 0.930867 0.925212 0.924133 0.925588 0.931225 0.929518 0.927615 0.937648 0.931678 0.934746 0.923773 0.941687 0.944914 0.929961 0.919089 
1.28206 1.27074 1.26209 1.25502 1.25317 1.24051 1.22891 1.23541 1.21686 1.21182 1.20432 1.19432 1.18584 1.18804 1.17336 1.17158 1.16714 1.16136 1.15374 1.14513 1.14093 1.1364 1.1273 1.12269 1.12316 1.11394 1.10839 1.10617 1.09879 1.09088 1.09099 1.07932 1.07565 1.0728 1.06673 1.05998 1.0556 1.04923 1.04691 1.04118 1.03879 1.03462 1.02952 1.02674 1.02117 1.01825 1.01444 1.01037 1.00688 1.00343 1 0.996499 0.993369 0.989591 0.986992 0.983412 0.98121 0.978087 0.974805 0.974137 0.970345 0.969998 0.966371 0.965027 0.961154 0.959561 0.958131 0.948473 0.952877 0.951704 0.947551 0.949474 0.942032 0.944193 0.942866 0.941705 0.932007 0.937186 0.93865 0.938346 0.934821 0.936923 0.929362 0.934102 0.926683 0.930045 0.928064 0.935566 0.921511 0.932414 0.928806 0.928715 0.921983 0.929249 0.931302 0.917446 0.920652 0.915439 0.936391 0.933579 0.928446 
1.27669 1.27919 1.26396 1.25695 1.2484 1.23953 1.22657 1.22412 1.22497 1.21151 1.1926 1.19289 1.19484 1.18607 1.17825 1.16273 1.1669 1.1631 1.15852 1.15097 1.14052 1.13546 1.13201 1.12611 1.11833 1.11088 1.10852 1.10387 1.09564 1.09309 1.08599 1.08063 1.0769 1.07126 1.06333 1.06222 1.05756 1.05274 1.05109 1.04518 1.03979 1.03497 1.03139 1.02641 1.02141 1.01817 1.01367 1.01147 1.007 1.00348 1 0.996594 0.992964 0.989776 0.987029 0.983205 0.98215 0.976599 0.975589 0.971508 0.969226 0.967941 0.964936 0.964046 0.959855 0.959012 0.952636 0.953771 0.952613 0.9476 0.950132 0.941937 0.944073 0.941655 0.939553 0.942963 0.935989 0.932149 0.936466 0.937378 0.937957 0.930566 0.937747 0.936606 0.924053 0.928767 0.925183 0.929107 0.926459 0.940698 0.926549 0.934231 0.922819 0.929316 0.925344 0.921418 0.928267 0.931775 0.926552 0.942576 0.933977 
1.27364 1.26504 1.25686 1.25062 1.24358 1.24668 1.22918 1.22829 1.21459 1.21238 1.20419 1.19818 1.18896 1.18143 1.18024 1.17559 1.17092 1.16074 1.1565 1.14562 1.14678 1.13753 1.12605 1.12501 1.1227 1.11176 1.10684 1.09842 1.09061 1.09042 1.08456 1.08137 1.07445 1.0714 1.06639 1.06009 1.05987 1.05171 1.04557 1.04521 1.03874 1.03354 1.03025 1.02622 1.022 1.01849 1.01368 1.0112 1.00713 1.00363 1 0.996637 0.993014 0.990425 0.987473 0.982853 0.981287 0.977622 0.974997 0.973956 0.968484 0.965815 0.965374 0.961652 0.959975 0.956909 0.956958 0.952012 0.952777 0.948287 0.94685 0.943921 0.942661 0.947173 0.940897 0.94143 0.936637 0.941565 0.941115 0.941049 0.941358 0.922821 0.940632 0.93218 0.927209 0.926795 0.92816 0.925965 0.918801 0.937893 0.938595 0.935895 0.936856 0.923138 0.92615 0.931772 0.930213 0.929909 0.934105 0.9256 0.923972 
1.27363 1.26575 1.25372 1.25358 1.25565 1.24325 1.22656 1.22367 1.22015 1.20756 1.20518 1.19865 1.19706 1.18867 1.18033 1.17973 1.17035 1.16738 1.15636 1.14872 1.14239 1.13501 1.13042 1.13043 1.11555 1.11349 1.10504 1.09905 1.10016 1.08653 1.08511 1.08187 1.07417 1.06808 1.06681 1.06081 1.05724 1.05159 1.04929 1.04305 1.03647 1.03437 1.02967 1.02454 1.02148 1.01785 1.01512 1.01053 1.00729 1.00329 1 0.996476 0.993089 0.990034 0.986018 0.984046 0.982528 0.979534 0.975233 0.970812 0.969972 0.969123 0.966907 0.961717 0.961303 0.955029 0.953532 0.954541 0.955882 0.950961 0.95242 0.945878 0.948142 0.948026 0.942039 0.940422 0.942686 0.937291 0.937769 0.935439 0.929246 0.932664 0.934864 0.930641 0.932941 0.935614 0.92796 0.936502 0.92688 0.925864 0.928943 0.925312 0.919585 0.931837 0.932213 0.925793 0.939144 0.928633 0.924006 0.925474 0.932531 
1.27877 1.27042 1.26216 1.25691 1.25212 1.23973 1.2331 1.22636 1.21605 1.20851 1.20368 1.1948 1.18553 1.19393 1.18366 1.17042 1.16169 1.15711 1.15028 1.15252 1.14549 1.13101 1.13103 1.1206 1.11566 1.11542 1.10722 1.09772 1.09528 1.09522 1.08492 1.08311 1.07933 1.06896 1.06308 1.06101 1.05671 1.05295 1.04974 1.0433 1.03956 1.0339 1.03101 1.0255 1.02137 1.01827 1.01325 1.01027 1.00718 1.00365 1 0.99658 0.993553 0.990236 0.986812 0.983562 0.979984 0.977536 0.974322 0.972596 0.972669 0.970688 0.964187 0.962373 0.959888 0.962685 0.955811 0.958487 0.948257 0.953421 0.945173 0.951537 0.943817 0.947608 0.946418 0.9406 0.942892 0.936793 0.941879 0.939862 0.934788 0.92954 0.931916 0.935243 0.935909 0.930228 0.927996 0.930685 0.929535 0.928972 0.9302 0.930345 0.927325 0.925747 0.924745 0.935948 0.921111 0.932674 0.935733 0.92416 0.937567 
1.2721 1.25939 1.26669 1.24843 1.24368 1.2409 1.23404 1.23257 1.21975 1.20837 1.20261 1.19898 1.18907 1.17945 1.18026 1.17742 1.166 1.16109 1.15456 1.15217 1.13983 1.12923 1.12995 1.12282 1.11507 1.1102 1.10605 1.09739 1.09807 1.09028 1.08297 1.08262 1.07339 1.07203 1.06959 1.06377 1.05674 1.05164 1.04763 1.04089 1.03736 1.03544 1.03199 1.02496 1.02025 1.01856 1.01485 1.01091 1.00658 1.0035 1 0.996588 0.993203 0.990745 0.98633 0.984155 0.980565 0.977982 0.976544 0.97179 0.97241 0.966598 0.965106 0.961643 0.958557 0.962195 0.95737 0.957622 0.954703 0.949276 0.94856 0.94912 0.948633 0.946768 0.940472 0.938667 0.941906 0.94207 0.941545 0.938598 0.932463 0.936158 0.933145 0.938113 0.933686 0.927147 0.926445 0.93218 0.931247 0.926286 0.939443 0.939217 0.927619 0.927505 0.945555 0.931905 0.923592 0.936875 0.933336 0.936825 0.919803 
1.27839 1.26503 1.25827 1.25866 1.24739 1.23529 1.22548 1.22524 1.20979 1.20487 1.20663 1.2026 1.1895 1.17853 1.17457 1.17637 1.16344 1.15655 1.1523 1.14969 1.14551 1.13582 1.12781 1.12391 1.1203 1.11437 1.10949 1.10437 1.10075 1.09101 1.08524 1.0811 1.07054 1.07188 1.06359 1.06088 1.05457 1.05254 1.04596 1.04327 1.03982 1.03442 1.02898 1.02641 1.02165 1.01743 1.01429 1.01043 1.007 1.00338 1 0.996675 0.992984 0.990081 0.987668 0.984461 0.981528 0.9791 0.974987 0.972333 0.969648 0.967826 0.96527 0.962613 0.961475 0.956767 0.958423 0.95188 0.952539 0.950896 0.952576 0.946072 0.945009 0.946789 0.941536 0.943203 0.940332 0.947033 0.93826 0.936632 0.936413 0.936114 0.934475 0.933952 0.933297 0.927685 0.933833 0.926624 0.935782 0.930596 0.933532 0.927613 0.936451 0.933263 0.937736 0.935723 0.929424 0.941199 0.933561 0.937775 0.937083 
1.27284 1.26213 1.26267 1.24682 1.24596 1.23906 1.21931 1.22104 1.21672 1.21012 1.20087 1.19924 1.18784 1.18447 1.18221 1.16321 1.16043 1.16538 1.15512 1.14982 1.14554 1.13229 1.13011 1.11668 1.1244 1.1077 1.10578 1.10043 1.0946 1.09353 1.08379 1.08111 1.07454 1.07341 1.06792 1.0601 1.05634 1.05479 1.04659 1.04259 1.0396 1.034 1.02998 1.02609 1.02122 1.01782 1.01487 1.01113 1.00673 1.00337 1 0.99677 0.993458 0.990635 0.98773 0.983915 0.981134 0.978177 0.975313 0.972778 0.970419 0.96606 0.964878 0.961748 0.958569 0.956493 0.958283 0.952243 0.959081 0.950555 0.949596 0.946926 0.945408 0.946572 0.942683 0.944898 0.935155 0.937507 0.942154 0.940787 0.935659 0.932616 0.9352 0.937339 0.935444 0.937863 0.928282 0.931275 0.933489 0.934453 0.933735 0.936627 0.934304 0.929001 0.931717 0.928858 0.933162 0.934793 0.945013 0.932065 0.924884 
1.27738 1.27146 1.25497 1.2575 1.25261 1.23269 1.23394 1.23499 1.21591 1.21211 1.20563 1.19826 1.1864 1.18118 1.17009 1.16834 1.16387 1.1603 1.15021 1.14906 1.14085 1.13877 1.12535 1.12012 1.11146 1.11103 1.11206 1.10321 1.09858 1.08613 1.08544 1.08006 1.07628 1.06872 1.06535 1.06273 1.05944 1.05301 1.04996 1.04421 1.04013 1.03533 1.03187 1.02451 1.02238 1.01792 1.01383 1.01031 1.00687 1.00356 1 0.996502 0.993561 0.990905 0.986968 0.983563 0.982243 0.977018 0.975891 0.972794 0.970843 0.967983 0.965039 0.964106 0.959877 0.958526 0.956859 0.953306 0.95185 0.952237 0.949499 0.944705 0.947153 0.941958 0.944741 0.939612 0.937011 0.940363 0.939621 0.933595 0.938345 0.934528 0.937008 0.934689 0.935335 0.934417 0.932201 0.928836 0.921789 0.938235 0.935389 0.920944 0.935426 0.937003 0.934946 0.931719 0.929906 0.928598 0.930504 0.946137 0.930927 
1.27325 1.26394 1.26064 1.24728 1.24322 1.23229 1.2254 1.22498 1.21806 1.2023 1.20871 1.19677 1.19205 1.19019 1.17487 1.16614 1.16675 1.15993 1.15234 1.14882 1.14099 1.13469 1.13085 1.12288 1.11767 1.11163 1.10753 1.10217 1.09858 1.09153 1.08359 1.08087 1.07235 1.07123 1.06331 1.06225 1.0592 1.05108 1.05003 1.04429 1.03832 1.03344 1.03126 1.02571 1.02332 1.01843 1.01483 1.01019 1.00726 1.0033 1 0.996607 0.993675 0.990759 0.986761 0.984386 0.981302 0.98046 0.976175 0.973385 0.969329 0.969312 0.967488 0.963621 0.9612 0.961319 0.955718 0.95792 0.948547 0.951675 0.950139 0.952504 0.945024 0.941445 0.946071 0.944032 0.939994 0.933264 0.936918 0.937056 0.936841 0.941105 0.938171 0.938409 0.938928 0.936367 0.943949 0.927425 0.933895 0.927688 0.930036 0.924088 0.936507 0.934647 0.933342 0.93433 0.931557 0.931521 0.928653 0.936672 0.941355 
1.27422 1.26739 1.25918 1.2509 1.25212 1.23861 1.22927 1.22329 1.20463 1.21016 1.20325 1.19953 1.18865 1.18404 1.17517 1.17693 1.16011 1.16386 1.15094 1.15008 1.13265 1.13317 1.129 1.12596 1.11439 1.11332 1.1081 1.09873 1.09566 1.08736 1.08306 1.07987 1.07422 1.07206 1.06396 1.06006 1.05583 1.04881 1.04783 1.0422 1.03577 1.03434 1.02907 1.027 1.02248 1.01794 1.01486 1.01075 1.00716 1.00339 1 0.996658 0.993355 0.990031 0.987666 0.983948 0.980741 0.978225 0.975255 0.972774 0.972601 0.966223 0.968939 0.960415 0.956959 0.959197 0.956292 0.954115 0.953153 0.95116 0.950509 0.950095 0.950247 0.947546 0.939967 0.938244 0.9384 0.943314 0.940955 0.931553 0.936549 0.934057 0.932748 0.93365 0.931326 0.932624 0.937488 0.93169 0.929566 0.946573 0.942323 0.917555 0.931931 0.930954 0.922871 0.927736 0.930605 0.936348 0.927514 0.930757 0.932773 
1.27069 1.26553 1.26275 1.24347 1.25113 1.23717 1.23567 1.22687 1.21487 1.20912 1.19867 1.19063 1.19199 1.17917 1.18093 1.17554 1.15862 1.1557 1.15419 1.14594 1.1373 1.13692 1.12679 1.12548 1.11667 1.11021 1.10488 1.09868 1.09636 1.0928 1.08486 1.08372 1.07529 1.0737 1.06867 1.06279 1.05608 1.05095 1.04595 1.04342 1.0369 1.03412 1.02936 1.02638 1.02249 1.0179 1.01432 1.01087 1.00684 1.00341 1 0.996556 0.993229 0.990153 0.987119 0.984036 0.981134 0.978825 0.975886 0.970992 0.96815 0.968172 0.963709 0.962919 0.962921 0.955623 0.955983 0.954025 0.95284 0.952382 0.952017 0.950841 0.945543 0.942859 0.94826 0.943752 0.943373 0.934406 0.942067 0.93535 0.933009 0.94341 0.938482 0.933479 0.934992 0.922081 0.939508 0.927442 0.929766 0.939357 0.933287 0.933469 0.93018 0.941084 0.934142 0.936367 0.93175 0.929377 0.926627 0.946909 0.939731 
1.27893 1.26811 1.26529 1.25628 1.25197 1.23021 1.22672 1.22593 1.21962 1.21317 1.199 1.2059 1.18678 1.17486 1.17256 1.17304 1.16118 1.15649 1.15303 1.13775 1.13649 1.13387 1.12725 1.12735 1.11668 1.11252 1.10068 1.09952 1.09444 1.09252 1.08581 1.07785 1.07815 1.07142 1.06547 1.06107 1.05582 1.05089 1.04555 1.04437 1.04007 1.03374 1.03016 1.02565 1.0211 1.01792 1.01403 1.01088 1.00652 1.00353 1 0.996721 0.993379 0.990134 0.987515 0.983675 0.982392 0.978116 0.97602 0.971774 0.970656 0.965794 0.962033 0.965735 0.961919 0.95587 0.956963 0.956919 0.952298 0.948244 0.951775 0.946796 0.945535 0.948454 0.948948 0.941503 0.939267 0.939424 0.936395 0.93709 0.943632 0.934307 0.936175 0.93458 0.937954 0.932693 0.925139 0.928254 0.923919 0.932595 0.928441 0.923855 0.923332 0.935486 0.932686 0.927449 0.935528 0.936804 0.942978 0.939946 0.923749 
1.27649 1.27069 1.25761 1.24952 1.24609 1.23418 1.23171 1.22552 1.21328 1.20744 1.20226 1.19945 1.19208 1.18724 1.18 1.16881 1.16209 1.15869 1.15609 1.15053 1.14036 1.13918 1.13175 1.11933 1.12044 1.11024 1.11062 1.10058 1.09341 1.09449 1.0854 1.0788 1.07179 1.06778 1.06216 1.05908 1.05562 1.0529 1.04583 1.04223 1.03857 1.03239 1.02925 1.02672 1.02297 1.01864 1.01358 1.01078 1.00687 1.00358 1 0.996796 0.993554 0.991134 0.986798 0.984014 0.980914 0.978835 0.975511 0.972851 0.972192 0.96874 0.966551 0.966123 0.961106 0.958946 0.959789 0.948575 0.952599 0.948265 0.95011 0.949308 0.948902 0.949884 0.944909 0.944214 0.943928 0.941116 0.941488 0.938205 0.940793 0.937913 0.935338 0.939831 0.928339 0.935581 0.942682 0.933286 0.93583 0.93065 0.932572 0.930706 0.932451 0.931821 0.928124 0.925366 0.931463 0.934088 0.930434 0.931366 0.935072 
1.27358 1.27166 1.2603 1.24963 1.24042 1.24027 1.2374 1.2297 1.21636 1.20298 1.20775 1.19655 1.19913 1.18319 1.17694 1.17523 1.16592 1.15659 1.14786 1.14729 1.13738 1.13166 1.12739 1.12487 1.11742 1.11336 1.09983 1.10045 1.09594 1.0864 1.08348 1.0782 1.07844 1.07131 1.06462 1.06116 1.05519 1.05273 1.04639 1.04219 1.03931 1.0338 1.03004 1.02514 1.02297 1.01825 1.01455 1.0109 1.00683 1.00335 1 0.996551 0.993266 0.990277 0.987896 0.984113 0.981946 0.979519 0.975967 0.973123 0.972239 0.969051 0.964367 0.967659 0.9634 0.962139 0.959209 0.957878 0.953229 0.948568 0.953393 0.951392 0.949534 0.949 0.945034 0.938766 0.938559 0.944711 0.940657 0.945137 0.933011 0.939959 0.93514 0.933127 0.941884 0.93445 0.925676 0.930254 0.939317 0.935801 0.924467 0.936312 0.932192 0.935852 0.941612 0.938416 0.932195 0.943578 0.932793 0.931195 0.946347 
1.27267 1.26347 1.26038 1.25269 1.24378 1.23626 1.23372 1.21912 1.21752 1.20594 1.20288 1.19831 1.18406 1.19087 1.17375 1.17163 1.17058 1.15602 1.1484 1.14764 1.13851 1.13268 1.13365 1.12139 1.11625 1.11029 1.10526 1.10396 1.09583 1.08983 1.08552 1.08 1.07092 1.07212 1.06255 1.06035 1.05584 1.05066 1.04611 1.04377 1.03856 1.03552 1.03089 1.02542 1.02216 1.01785 1.0153 1.01035 1.00714 1.00341 1 0.996653 0.993666 0.989766 0.986743 0.983317 0.982469 0.977518 0.975745 0.973494 0.972544 0.966969 0.965069 0.963946 0.961183 0.959856 0.956661 0.955922 0.957234 0.950136 0.950715 0.949513 0.947348 0.941523 0.949674 0.940585 0.941187 0.938326 0.936524 0.938406 0.949416 0.937558 0.943612 0.934771 0.933974 0.92822 0.933692 0.930989 0.935115 0.928942 0.936215 0.935246 0.931871 0.93093 0.947421 0.941759 0.938458 0.941107 0.92938 0.928849 0.945112 
1.27799 1.2547 1.25904 1.24882 1.24819 1.23878 1.23212 1.22375 1.21592 1.20186 1.20891 1.1946 1.19075 1.17707 1.17224 1.16987 1.16029 1.15775 1.15359 1.14969 1.14586 1.1366 1.12849 1.11906 1.11804 1.10659 1.10614 1.10404 1.09742 1.08996 1.08552 1.08037 1.07291 1.06787 1.06379 1.06182 1.05671 1.05151 1.04566 1.04306 1.03947 1.03496 1.02922 1.0241 1.0204 1.0173 1.01367 1.01044 1.00664 1.00329 1 0.996649 0.993224 0.990112 0.986588 0.984873 0.981342 0.978387 0.976416 0.975096 0.970526 0.968524 0.966587 0.964203 0.961144 0.956298 0.957135 0.956098 0.957427 0.950786 0.949859 0.951847 0.948269 0.944955 0.948711 0.941935 0.941581 0.945625 0.943427 0.937305 0.94375 0.937061 0.933158 0.934741 0.940301 0.93193 0.941756 0.932114 0.944833 0.91858 0.930921 0.933318 0.929787 0.921084 0.926096 0.932226 0.934611 0.934461 0.935695 0.92834 0.942352 
1.2688 1.26674 1.25348 1.25533 1.24697 1.22943 1.23069 1.22319 1.21087 1.20568 1.20074 1.18972 1.19633 1.18932 1.18328 1.17232 1.16463 1.15584 1.15215 1.15174 1.1442 1.13531 1.12317 1.12416 1.11562 1.11108 1.1059 1.10243 1.09589 1.09099 1.08702 1.08009 1.07726 1.06868 1.06166 1.06005 1.05667 1.04873 1.04506 1.03888 1.03879 1.03405 1.0297 1.02509 1.0215 1.01781 1.01359 1.01 1.00723 1.00321 1 0.996561 0.99309 0.990583 0.986931 0.983991 0.981034 0.978091 0.976608 0.973391 0.972315 0.969106 0.966912 0.962759 0.960456 0.958913 0.95701 0.956052 0.955955 0.950525 0.948997 0.946522 0.946119 0.940292 0.946369 0.952744 0.940989 0.943142 0.934645 0.934559 0.931175 0.938421 0.934938 0.937613 0.941494 0.929774 0.937808 0.939847 0.939304 0.935534 0.931666 0.940569 0.92724 0.945943 0.927621 0.942957 0.938733 0.940601 0.929986 0.942817 0.935128 
1.26949 1.26278 1.25594 1.24953 1.24158 1.23491 1.22929 1.22346 1.21771 1.21633 1.19962 1.19458 1.18235 1.18462 1.17031 1.1695 1.16795 1.1594 1.15507 1.14689 1.13667 1.13196 1.12279 1.12946 1.11435 1.1116 1.10581 1.09587 1.09678 1.08626 1.08294 1.08087 1.07327 1.06618 1.06302 1.06045 1.05557 1.05299 1.0448 1.04208 1.03803 1.03441 1.02959 1.02534 1.02243 1.01768 1.01351 1.01083 1.00693 1.0032 1 0.996807 0.993539 0.990538 0.987877 0.983839 0.981086 0.978915 0.977058 0.972165 0.973221 0.96874 0.968833 0.963504 0.963012 0.95929 0.959272 0.955486 0.952494 0.94996 0.95129 0.953422 0.949669 0.948584 0.939825 0.950803 0.946629 0.938405 0.947535 0.940328 0.940158 0.94312 0.947235 0.935228 0.934705 0.939187 0.930133 0.938183 0.92607 0.931249 0.9297 0.931486 0.939522 0.937323 0.932454 0.938227 0.934524 0.941131 0.936409 0.938504 0.926447 
1.28067 1.26472 1.25887 1.24565 1.24921 1.23638 1.22475 1.21699 1.21612 1.20869 1.20585 1.19134 1.18633 1.18572 1.17293 1.17085 1.16648 1.15096 1.15067 1.15135 1.14163 1.13891 1.12418 1.12547 1.11493 1.10711 1.10614 1.09886 1.09343 1.08926 1.08593 1.07817 1.07741 1.06861 1.06693 1.06191 1.05657 1.05063 1.04671 1.0447 1.03793 1.03321 1.0305 1.02591 1.02188 1.0188 1.01439 1.01073 1.00699 1.00347 1 0.996701 0.993523 0.990556 0.987747 0.985145 0.981523 0.977819 0.976006 0.973287 0.970539 0.967567 0.967664 0.965721 0.962886 0.95969 0.957896 0.953661 0.95348 0.953603 0.950742 0.948492 0.94792 0.952239 0.943498 0.944472 0.946263 0.939475 0.947276 0.936379 0.941409 0.933372 0.935925 0.939979 0.931951 0.933994 0.930551 0.941004 0.932922 0.922614 0.936941 0.929343 0.942877 0.931646 0.938746 0.939846 0.940668 0.940181 0.934507 0.938277 0.936691 
1.27494 1.26243 1.26197 1.24958 1.25141 1.24212 1.22976 1.21833 1.21329 1.20953 1.20506 1.19888 1.18521 1.18196 1.17512 1.1752 1.1658 1.152 1.15401 1.14744 1.13849 1.13059 1.12497 1.12214 1.11838 1.11115 1.10828 1.09594 1.09424 1.0846 1.08366 1.0782 1.07232 1.06905 1.06884 1.06021 1.0553 1.05007 1.04674 1.04176 1.03788 1.03207 1.02922 1.02443 1.02258 1.01829 1.0139 1.01077 1.00724 1.00349 1 0.996655 0.993581 0.989899 0.98682 0.984725 0.981197 0.980328 0.975837 0.974787 0.969365 0.971076 0.965319 0.966793 0.961496 0.9588 0.960284 0.956538 0.958981 0.95683 0.948956 0.952618 0.948779 0.942151 0.945573 0.938335 0.945275 0.942351 0.93866 0.931635 0.936327 0.940043 0.936445 0.931414 0.938483 0.939379 0.947529 0.930643 0.927066 0.947174 0.932124 0.932341 0.928967 0.932142 0.92464 0.930902 0.928819 0.94364 0.935158 0.928716 0.93988 
1.27751 1.2642 1.25496 1.25654 1.23611 1.23727 1.23202 1.22031 1.21554 1.20118 1.19749 1.19595 1.18936 1.18682 1.1757 1.17161 1.16279 1.15579 1.14986 1.14663 1.14309 1.13832 1.12358 1.11336 1.11785 1.10978 1.10664 1.10139 1.09659 1.08917 1.08788 1.07805 1.07548 1.06983 1.06716 1.06087 1.05703 1.05072 1.04698 1.04121 1.03862 1.03512 1.03031 1.02535 1.02154 1.01751 1.0134 1.01009 1.00679 1.00353 1 0.996701 0.993315 0.990243 0.987157 0.985488 0.982137 0.978899 0.975378 0.97584 0.972357 0.967444 0.966085 0.965464 0.962727 0.957375 0.959899 0.958776 0.955438 0.951434 0.948572 0.947952 0.949993 0.95083 0.949113 0.946355 0.939802 0.941816 0.940728 0.932438 0.935985 0.936339 0.933698 0.948878 0.930311 0.940054 0.928474 0.9312 0.941312 0.932628 0.929747 0.938203 0.928361 0.9381 0.949691 0.937763 0.924841 0.926683 0.926084 0.935198 0.936682 
1.26974 1.27625 1.26308 1.26194 1.23783 1.23308 1.22993 1.22555 1.21495 1.20711 1.1974 1.19775 1.19046 1.18033 1.18075 1.16678 1.16405 1.15621 1.1488 1.14659 1.14164 1.13967 1.12811 1.11753 1.1203 1.11061 1.09827 1.10391 1.09378 1.08669 1.08081 1.07948 1.0746 1.06872 1.06933 1.06006 1.05433 1.05252 1.04601 1.04066 1.03939 1.03321 1.03019 1.02653 1.02106 1.0183 1.01435 1.01033 1.00711 1.00339 1 0.996817 0.993699 0.990613 0.987471 0.984181 0.981832 0.977089 0.976045 0.973325 0.973333 0.9674 0.964099 0.962801 0.961427 0.95866 0.956426 0.956214 0.954632 0.954129 0.949527 0.949197 0.951539 0.94266 0.945221 0.944167 0.947788 0.938463 0.93908 0.940202 0.933761 0.938599 0.930708 0.934215 0.937913 0.927115 0.941829 0.935887 0.937102 0.927781 0.934972 0.9342 0.936954 0.936117 0.950909 0.941736 0.935471 0.931036 0.938847 0.936176 0.928089 
1.26114 1.25987 1.25837 1.2581 1.24363 1.23331 1.23266 1.22329 1.21993 1.21158 1.20628 1.19949 1.18074 1.18115 1.17756 1.17383 1.16282 1.15469 1.15687 1.14268 1.14011 1.13413 1.13084 1.12293 1.11586 1.11192 1.10287 1.09755 1.09626 1.08919 1.08759 1.07694 1.07025 1.06943 1.06403 1.05999 1.05548 1.04912 1.048 1.04392 1.03956 1.03246 1.02929 1.02523 1.0222 1.01675 1.01394 1.00974 1.00649 1.00362 1 0.996794 0.99329 0.99053 0.987588 0.983824 0.981489 0.978869 0.977062 0.973006 0.96931 0.970112 0.967776 0.964567 0.965436 0.959355 0.95836 0.957847 0.953103 0.946826 0.94899 0.948806 0.950178 0.94294 0.945751 0.945653 0.940912 0.942393 0.941026 0.946621 0.942776 0.935273 0.928932 0.936104 0.929233 0.935206 0.935881 0.932788 0.939765 0.930438 0.931483 0.931698 0.938747 0.935488 0.934121 0.932038 0.929898 0.945416 0.931012 0.93484 0.950822 
1.27504 1.26146 1.25819 1.2545 1.24452 1.22784 1.23416 1.22157 1.21378 1.2107 1.20494 1.19196 1.18109 1.17827 1.18172 1.1637 1.16079 1.15908 1.15262 1.14163 1.14179 1.13128 1.12529 1.11973 1.12065 1.10906 1.1057 1.10295 1.09145 1.09149 1.08347 1.0798 1.0717 1.0714 1.06413 1.06086 1.05461 1.05013 1.04396 1.04257 1.03814 1.03311 1.03064 1.02595 1.02155 1.01724 1.01435 1.00971 1.00665 1.00327 1 0.997015 0.993137 0.990127 0.987846 0.984288 0.981396 0.979508 0.976634 0.973005 0.971898 0.966136 0.965607 0.967382 0.962216 0.957608 0.955362 0.956323 0.949297 0.953674 0.953277 0.943196 0.949697 0.950573 0.953139 0.947149 0.944628 0.94403 0.942343 0.938491 0.942827 0.931608 0.939876 0.931019 0.937756 0.935147 0.94306 0.934197 0.93747 0.935045 0.933945 0.933352 0.931809 0.929501 0.933436 0.931773 0.938065 0.935118 0.939082 0.940586 0.949359 
1.27214 1.2668 1.26067 1.25473 1.24399 1.24147 1.23165 1.22921 1.21902 1.20835 1.20237 1.19243 1.18406 1.18172 1.1766 1.17334 1.16857 1.15834 1.14729 1.14744 1.14424 1.13604 1.13052 1.12066 1.12122 1.11062 1.10727 1.10208 1.09796 1.08884 1.08598 1.0805 1.07314 1.06852 1.06711 1.05824 1.05465 1.0527 1.04618 1.04107 1.03645 1.0322 1.02856 1.02616 1.02187 1.0174 1.01467 1.01035 1.00681 1.0033 1 0.996584 0.993657 0.990686 0.987877 0.985064 0.981696 0.979921 0.976774 0.975829 0.972364 0.96844 0.966201 0.961623 0.960752 0.959707 0.95972 0.957206 0.954213 0.951024 0.951932 0.949881 0.947091 0.946776 0.944924 0.940897 0.943921 0.942458 0.942315 0.945532 0.94594 0.941701 0.939209 0.937929 0.945572 0.940498 0.937737 0.934063 0.93559 0.930709 0.939916 0.939793 0.933863 0.939665 0.939627 0.936253 0.937176 0.941769 0.962842 0.935289 0.93357 
1.27166 1.26811 1.26415 1.25098 1.24294 1.23378 1.23149 1.22279 1.22111 1.20966 1.20278 1.18917 1.19087 1.17858 1.1793 1.16818 1.16378 1.15987 1.15616 1.14599 1.13231 1.12606 1.12485 1.12216 1.11417 1.11049 1.10297 1.10047 1.09737 1.08949 1.08212 1.07628 1.07311 1.06778 1.06536 1.06041 1.05683 1.05149 1.0465 1.04215 1.03805 1.03403 1.03057 1.02524 1.02051 1.01696 1.01307 1.01035 1.00654 1.0033 1 0.996774 0.993366 0.990173 0.98826 0.984714 0.981789 0.981003 0.97488 0.975542 0.972914 0.968516 0.967938 0.966645 0.967709 0.960034 0.957447 0.95714 0.952184 0.950927 0.946227 0.948907 0.949818 0.946939 0.943565 0.942667 0.94606 0.939917 0.941495 0.941473 0.936597 0.935889 0.942055 0.941939 0.940402 0.938421 0.940287 0.938445 0.930155 0.943585 0.94419 0.937796 0.935079 0.939771 0.934698 0.931824 0.935375 0.941578 0.943028 0.943782 0.936263 
1.26936 1.27038 1.26184 1.25127 1.2478 1.2349 1.22955 1.21967 1.21466 1.20932 1.20784 1.19595 1.19524 1.18713 1.17478 1.16417 1.1668 1.16075 1.1523 1.14188 1.13892 1.13297 1.1262 1.12457 1.11214 1.11483 1.10675 1.09855 1.09579 1.08689 1.08231 1.08162 1.0748 1.07045 1.06382 1.06126 1.05558 1.05173 1.04503 1.03943 1.03947 1.03234 1.02972 1.02537 1.02057 1.0184 1.0136 1.01009 1.007 1.00343 1 0.996798 0.993544 0.990492 0.986694 0.984544 0.980843 0.979488 0.974929 0.973057 0.969995 0.968448 0.969385 0.965291 0.960853 0.959385 0.956545 0.960068 0.952309 0.960353 0.950043 0.947372 0.94811 0.949562 0.944969 0.947759 0.937219 0.944625 0.942376 0.939327 0.939115 0.935505 0.938302 0.940839 0.942716 0.934988 0.940169 0.935228 0.934496 0.937211 0.927915 0.925687 0.942049 0.940414 0.936936 0.942508 0.94894 0.925911 0.938825 0.941255 0.943069 
1.27538 1.27383 1.25521 1.24508 1.23572 1.23932 1.2333 1.22523 1.21565 1.21333 1.19846 1.19016 1.18252 1.18237 1.1727 1.16132 1.16331 1.15842 1.15497 1.14611 1.13613 1.13075 1.12427 1.12116 1.1176 1.11526 1.10556 1.10013 1.09372 1.08589 1.08401 1.07788 1.07337 1.06749 1.06292 1.06248 1.05487 1.04977 1.04672 1.0419 1.03779 1.03289 1.02926 1.02473 1.02103 1.01869 1.01415 1.01073 1.00672 1.00325 1 0.996799 0.993599 0.990291 0.987686 0.984125 0.982193 0.979069 0.977006 0.97311 0.973643 0.966579 0.965115 0.962604 0.964348 0.959921 0.955716 0.956898 0.952868 0.952459 0.950747 0.954527 0.944988 0.945937 0.941091 0.941171 0.938788 0.941661 0.940395 0.939718 0.942948 0.93969 0.945173 0.939588 0.947994 0.935148 0.94239 0.931201 0.939779 0.942457 0.938155 0.927835 0.945723 0.940169 0.938508 0.941554 0.934389 0.949847 0.935072 0.940023 0.949218 
1.27308 1.26427 1.25723 1.24151 1.23345 1.24139 1.23291 1.22226 1.21037 1.21228 1.20764 1.19144 1.18542 1.18161 1.16451 1.16897 1.16881 1.1559 1.15591 1.14743 1.13729 1.12974 1.12397 1.12039 1.11329 1.11374 1.10845 1.10501 1.09517 1.08682 1.08498 1.07786 1.07579 1.07026 1.0637 1.05942 1.05372 1.05017 1.04475 1.04132 1.03836 1.03427 1.02878 1.02549 1.02133 1.01757 1.01454 1.01023 1.00668 1.00334 1 0.996682 0.993344 0.990578 0.986978 0.985681 0.981964 0.980082 0.975847 0.972855 0.97149 0.969317 0.968646 0.963485 0.964733 0.95992 0.956508 0.957504 0.957692 0.950631 0.946788 0.949672 0.953975 0.945964 0.940813 0.945037 0.944644 0.942363 0.941443 0.939894 0.945119 0.938766 0.94174 0.94126 0.938172 0.940967 0.944675 0.937569 0.933388 0.930103 0.932662 0.931875 0.941184 0.93694 0.94356 0.934252 0.935209 0.940832 0.938853 0.946072 0.942457 
1.27113 1.26796 1.25296 1.25159 1.24346 1.23841 1.23532 1.21728 1.21705 1.21181 1.19852 1.1928 1.18422 1.18094 1.17245 1.16385 1.16154 1.15894 1.14459 1.14558 1.13482 1.13225 1.12606 1.11897 1.11153 1.10942 1.10817 1.09928 1.09172 1.08807 1.08138 1.0755 1.07388 1.06978 1.06243 1.06015 1.05858 1.04809 1.04495 1.0406 1.03536 1.03415 1.02997 1.02642 1.02119 1.01739 1.01369 1.01053 1.00686 1.00339 1 0.996758 0.993429 0.990401 0.988127 0.983709 0.982193 0.978997 0.976152 0.97483 0.971703 0.967892 0.967092 0.964302 0.960867 0.962957 0.954512 0.954282 0.951603 0.949506 0.955757 0.950921 0.945923 0.951377 0.945939 0.95323 0.941684 0.941289 0.934968 0.936904 0.940585 0.941402 0.945706 0.941712 0.931959 0.939141 0.936322 0.932754 0.937051 0.940833 0.936801 0.937542 0.932517 0.931838 0.93391 0.944379 0.942021 0.932131 0.944727 0.941851 0.953249 
1.26786 1.26557 1.2578 1.26175 1.2368 1.22935 1.23014 1.2206 1.21653 1.20188 1.20751 1.18845 1.1909 1.18482 1.17749 1.16825 1.1591 1.15592 1.15107 1.14569 1.13768 1.13582 1.12312 1.12383 1.1181 1.10871 1.10465 1.10048 1.09443 1.09065 1.08591 1.07685 1.07327 1.06873 1.0675 1.0606 1.05748 1.05033 1.04576 1.04171 1.03878 1.0336 1.02985 1.0247 1.02068 1.01862 1.01406 1.01004 1.00678 1.00334 1 0.996753 0.993519 0.990207 0.987424 0.984593 0.981442 0.978767 0.977006 0.973181 0.972538 0.970912 0.967825 0.962407 0.963292 0.958497 0.958985 0.95368 0.95624 0.954496 0.953419 0.947986 0.948418 0.947598 0.940398 0.945293 0.947789 0.945279 0.945191 0.937302 0.943784 0.935893 0.93879 0.940895 0.935603 0.939288 0.936463 0.943732 0.93178 0.941545 0.940969 0.945124 0.946552 0.943481 0.942043 0.939384 0.941937 0.948917 0.950673 0.944649 0.94272 
1.27165 1.26552 1.25885 1.24902 1.24248 1.22835 1.23578 1.22278 1.21727 1.20847 1.19683 1.19723 1.18802 1.17585 1.17389 1.16821 1.1643 1.15766 1.15541 1.15155 1.14711 1.12909 1.12238 1.123 1.11893 1.11116 1.10448 1.09829 1.09681 1.09043 1.08478 1.07615 1.07319 1.06907 1.06335 1.05803 1.05614 1.0512 1.04658 1.04137 1.03781 1.03286 1.02908 1.02536 1.0202 1.01752 1.01457 1.01095 1.00653 1.00327 1 0.996807 0.993779 0.990405 0.986561 0.984197 0.981804 0.978945 0.976662 0.974296 0.970319 0.969166 0.966015 0.966325 0.962704 0.964624 0.956925 0.954994 0.954675 0.952553 0.953014 0.945303 0.948015 0.94922 0.944851 0.945069 0.938389 0.941372 0.945963 0.945295 0.940655 0.938396 0.940889 0.940528 0.926681 0.938923 0.933718 0.936589 0.937036 0.94423 0.941129 0.945788 0.939527 0.93569 0.93298 0.940307 0.935698 0.945852 0.938314 0.937226 0.943899 
1.27475 1.25798 1.25893 1.25083 1.2374 1.23877 1.22906 1.22145 1.21975 1.21454 1.20176 1.18585 1.1886 1.1818 1.17546 1.17673 1.16333 1.15843 1.14849 1.14199 1.14286 1.13148 1.12772 1.11816 1.11309 1.11097 1.10963 1.09611 1.09266 1.08974 1.0816 1.08 1.07598 1.0716 1.06235 1.06056 1.05489 1.05239 1.04608 1.03977 1.03581 1.03405 1.02751 1.0246 1.02221 1.01737 1.01371 1.01014 1.00658 1.00322 1 0.996761 0.993523 0.990431 0.987075 0.984812 0.980007 0.97925 0.975785 0.976144 0.971857 0.966585 0.96415 0.963304 0.963695 0.960464 0.958557 0.957715 0.954217 0.958903 0.953198 0.948246 0.948409 0.946309 0.944278 0.945238 0.943635 0.936418 0.945429 0.94016 0.938721 0.940616 0.943231 0.939083 0.929733 0.938959 0.934315 0.941843 0.93873 0.935987 0.931418 0.929235 0.944572 0.931908 0.942053 0.94275 0.930057 0.947489 0.946967 0.945886 0.949775 
1.28063 1.26179 1.25833 1.25114 1.24717 1.23691 1.22379 1.23159 1.21912 1.20761 1.20261 1.19967 1.19659 1.18358 1.178 1.17297 1.17032 1.15549 1.15552 1.14696 1.13586 1.12365 1.12703 1.11887 1.11475 1.11395 1.10526 1.09885 1.09247 1.08605 1.08187 1.07629 1.07289 1.06844 1.06211 1.05881 1.05539 1.05148 1.04385 1.04045 1.03613 1.03304 1.02883 1.02494 1.02125 1.01745 1.01435 1.0109 1.00708 1.00346 1 0.996795 0.9935 0.990743 0.988106 0.983715 0.982083 0.978994 0.977773 0.9768 0.973419 0.971145 0.968689 0.967674 0.965824 0.96265 0.958537 0.957695 0.958339 0.953911 0.950612 0.950025 0.947316 0.947907 0.942957 0.951085 0.93633 0.947195 0.940618 0.943506 0.946759 0.937249 0.940966 0.947117 0.932808 0.933195 0.936276 0.929073 0.936069 0.941929 0.94473 0.939759 0.940261 0.934124 0.941578 0.935454 0.942116 0.935366 0.95481 0.942393 0.945161 
1.27762 1.26334 1.25811 1.24434 1.24367 1.23429 1.23326 1.22003 1.21273 1.20231 1.20386 1.2031 1.1873 1.17786 1.17686 1.18196 1.1616 1.15399 1.15459 1.14882 1.13211 1.13206 1.12228 1.12055 1.11487 1.11425 1.10496 1.10132 1.09323 1.08562 1.08291 1.07669 1.0749 1.07026 1.06533 1.05964 1.05466 1.05109 1.0476 1.041 1.03591 1.03265 1.03097 1.02636 1.02165 1.01701 1.01364 1.00948 1.00696 1.00343 1 0.996511 0.993032 0.990021 0.987153 0.985304 0.983073 0.979793 0.975271 0.975805 0.970249 0.96909 0.964001 0.966095 0.964816 0.963783 0.959126 0.95684 0.961088 0.956165 0.949639 0.952775 0.947244 0.952584 0.955055 0.948772 0.944836 0.943491 0.934908 0.943679 0.937025 0.930621 0.939787 0.939433 0.939276 0.944322 0.931576 0.940253 0.946333 0.935883 0.929772 0.952862 0.942081 0.935751 0.938517 0.941472 0.931069 0.951118 0.954035 0.947548 0.939919 
1.27271 1.26381 1.2546 1.25182 1.23537 1.2388 1.22358 1.22046 1.21331 1.20835 1.20306 1.19408 1.19569 1.17452 1.17897 1.17167 1.15232 1.1582 1.14962 1.14642 1.13821 1.13408 1.12559 1.12406 1.11936 1.10732 1.10412 1.10151 1.09551 1.09262 1.08611 1.07916 1.07317 1.06759 1.06473 1.05848 1.05478 1.04987 1.04473 1.04129 1.0366 1.0316 1.03077 1.02559 1.02078 1.01835 1.01429 1.01028 1.00696 1.00326 1 0.996834 0.99324 0.990326 0.987513 0.983985 0.981223 0.979974 0.975669 0.974762 0.970948 0.968906 0.967853 0.963393 0.963786 0.960839 0.956587 0.952924 0.953406 0.949512 0.955498 0.947489 0.950667 0.954076 0.944072 0.944292 0.941902 0.948077 0.948384 0.933875 0.939077 0.937188 0.940894 0.946389 0.949469 0.939608 0.937549 0.935424 0.938929 0.945017 0.937231 0.941581 0.929383 0.949491 0.932955 0.934432 0.943548 0.944728 0.939554 0.948413 0.938127 
1.26518 1.26218 1.25321 1.24457 1.2402 1.23711 1.23174 1.22504 1.21024 1.20926 1.20716 1.19078 1.18517 1.18731 1.16704 1.17338 1.16055 1.15174 1.15552 1.14899 1.13591 1.12744 1.12603 1.11872 1.11852 1.10512 1.10899 1.09505 1.0934 1.09006 1.08045 1.07712 1.07437 1.06651 1.06659 1.06139 1.05127 1.05188 1.0459 1.04135 1.03947 1.03256 1.02965 1.02451 1.02159 1.01672 1.01446 1.01 1.00672 1.00316 1 0.996792 0.99346 0.990086 0.987339 0.983584 0.982537 0.978796 0.977492 0.973608 0.969795 0.965696 0.967666 0.964452 0.96231 0.959727 0.958468 0.958504 0.955449 0.955051 0.952017 0.951739 0.946259 0.950241 0.947752 0.944183 0.947629 0.938499 0.94009 0.939975 0.937505 0.93865 0.943344 0.944472 0.9393 0.943282 0.937781 0.944475 0.946212 0.932211 0.93291 0.941768 0.931208 0.933963 0.923302 0.931689 0.943718 0.937949 0.94058 0.938154 0.944321 
1.2721 1.2691 1.26493 1.24706 1.23674 1.23496 1.22862 1.2203 1.21791 1.20508 1.20481 1.1979 1.18159 1.1797 1.1769 1.1695 1.16946 1.15799 1.15526 1.14135 1.13858 1.1289 1.12834 1.11937 1.11627 1.10646 1.10306 1.10343 1.09518 1.08871 1.08532 1.07914 1.0736 1.06925 1.06569 1.05352 1.0545 1.04971 1.04651 1.04167 1.03797 1.0329 1.02948 1.02606 1.02237 1.01706 1.01422 1.00939 1.00642 1.00356 1 0.996896 0.993375 0.990194 0.987205 0.984879 0.981985 0.979094 0.975527 0.974902 0.972196 0.968122 0.968485 0.963821 0.960722 0.962706 0.960936 0.955868 0.955332 0.951167 0.952042 0.950371 0.954528 0.948619 0.945528 0.949476 0.945413 0.940929 0.938023 0.945277 0.948302 0.932443 0.941208 0.943037 0.942217 0.943033 0.934919 0.946418 0.94584 0.940369 0.938771 0.936899 0.94541 0.931858 0.934491 0.953672 0.928008 0.934912 0.942892 0.946216 0.953092 
1.26937 1.26348 1.26238 1.25348 1.24892 1.22535 1.23465 1.22799 1.20889 1.20635 1.20473 1.19047 1.18491 1.18176 1.17025 1.18087 1.15741 1.16036 1.14857 1.14932 1.13619 1.13024 1.12612 1.11897 1.11074 1.10755 1.10043 1.10041 1.09595 1.09108 1.08316 1.08058 1.0723 1.06979 1.06285 1.05784 1.05673 1.04843 1.04405 1.04168 1.03867 1.03359 1.02886 1.02267 1.02293 1.01789 1.0137 1.01074 1.00651 1.00349 1 0.996741 0.993431 0.990336 0.987018 0.986021 0.982201 0.97937 0.975245 0.973698 0.971729 0.968695 0.967481 0.965479 0.963124 0.958034 0.956816 0.95856 0.957712 0.9516 0.952535 0.951592 0.952685 0.94223 0.944728 0.950193 0.942474 0.945497 0.943911 0.942611 0.942056 0.940726 0.933838 0.937043 0.934401 0.939529 0.939562 0.941469 0.940596 0.942496 0.93712 0.940025 0.931851 0.939681 0.94191 0.941714 0.920325 0.936356 0.949203 0.938677 0.940653 
1.27764 1.26571 1.25355 1.24435 1.24234 1.24003 1.23173 1.21355 1.20916 1.20063 1.20614 1.19548 1.19588 1.1822 1.17026 1.16579 1.16484 1.15921 1.1511 1.14728 1.13662 1.13312 1.12337 1.1257 1.11611 1.1077 1.10845 1.09768 1.09464 1.08782 1.08228 1.07928 1.07348 1.07021 1.06483 1.05917 1.05247 1.05042 1.04664 1.04078 1.03791 1.03374 1.02794 1.02532 1.02169 1.01736 1.01403 1.01001 1.00697 1.00349 1 0.996695 0.993724 0.989723 0.987919 0.985175 0.982675 0.979533 0.977415 0.973462 0.97395 0.968217 0.969388 0.965147 0.963428 0.958337 0.960508 0.957154 0.956624 0.953529 0.94742 0.950947 0.949254 0.94844 0.945979 0.942508 0.943098 0.942288 0.949504 0.952683 0.938722 0.940058 0.936315 0.943356 0.943995 0.941639 0.945826 0.936995 0.941991 0.947054 0.936025 0.936199 0.940001 0.937667 0.937407 0.945358 0.944742 0.940877 0.94266 0.94329 0.947911 
1.27248 1.27428 1.26402 1.24575 1.24122 1.2367 1.22634 1.22754 1.2176 1.20639 1.20076 1.2017 1.19338 1.1796 1.17406 1.16795 1.16477 1.15349 1.14753 1.14579 1.13768 1.12718 1.12636 1.12066 1.11895 1.10617 1.11007 1.10007 1.09102 1.09144 1.08109 1.07523 1.07405 1.0657 1.06294 1.06295 1.05552 1.04985 1.04413 1.0408 1.03771 1.03342 1.02913 1.02593 1.02163 1.01659 1.0141 1.01031 1.00643 1.00343 1 0.996508 0.993817 0.99008 0.987681 0.985639 0.981759 0.979552 0.977396 0.974539 0.97037 0.967631 0.965987 0.964861 0.963935 0.958368 0.958922 0.954407 0.955403 0.954236 0.948708 0.951652 0.951334 0.946371 0.948281 0.945447 0.950584 0.949014 0.937217 0.944702 0.938497 0.944836 0.945361 0.939193 0.938915 0.933127 0.93613 0.938759 0.935221 0.932421 0.942576 0.934617 0.934503 0.936827 0.947166 0.945999 0.944043 0.932639 0.941447 0.946693 0.936123 
1.28224 1.26159 1.26039 1.25023 1.24612 1.23887 1.22572 1.21952 1.21353 1.20661 1.202 1.19573 1.18799 1.18501 1.17424 1.16945 1.16071 1.1514 1.15565 1.14784 1.13627 1.1243 1.12253 1.12074 1.11407 1.11175 1.10957 1.09934 1.09292 1.08771 1.08292 1.07734 1.07066 1.06969 1.0634 1.05737 1.05665 1.05017 1.04547 1.04022 1.03717 1.03276 1.02867 1.02431 1.02103 1.01614 1.01368 1.0102 1.00667 1.00331 1 0.996937 0.993704 0.990555 0.987134 0.983687 0.981471 0.98013 0.976163 0.974468 0.970052 0.966685 0.969137 0.964047 0.964047 0.963498 0.958553 0.958262 0.953886 0.952754 0.956319 0.950595 0.949671 0.945099 0.952544 0.948971 0.946198 0.941235 0.93416 0.943301 0.943031 0.94124 0.937315 0.936155 0.93587 0.945998 0.945085 0.939366 0.947333 0.942297 0.94064 0.951734 0.932389 0.942777 0.935046 0.94561 0.943255 0.941252 0.94265 0.946124 0.942134 
1.27212 1.26579 1.25947 1.25339 1.24363 1.23582 1.22912 1.22107 1.21241 1.2055 1.20086 1.2009 1.18834 1.18389 1.17285 1.17243 1.16069 1.15555 1.15159 1.14466 1.13704 1.12934 1.12971 1.11878 1.12024 1.11497 1.10234 1.09896 1.09193 1.08525 1.08601 1.07595 1.0726 1.06871 1.06208 1.05976 1.05538 1.04945 1.04703 1.04306 1.03695 1.03189 1.03004 1.02427 1.02127 1.01744 1.0138 1.01025 1.00669 1.00344 1 0.996899 0.993524 0.990513 0.987805 0.985254 0.981138 0.979944 0.975921 0.973555 0.971066 0.968641 0.967675 0.967549 0.962853 0.95988 0.959397 0.957567 0.955198 0.954314 0.945588 0.952022 0.951567 0.950126 0.951299 0.945767 0.947599 0.940654 0.940353 0.939626 0.942298 0.939079 0.935563 0.93567 0.944384 0.94011 0.937658 0.929613 0.925923 0.940839 0.943401 0.936353 0.943266 0.94872 0.930063 0.943653 0.942834 0.941982 0.93291 0.941786 0.936044 
1.27732 1.2618 1.26344 1.25871 1.25168 1.24101 1.22384 1.21469 1.21995 1.20969 1.21064 1.1997 1.19298 1.18389 1.1731 1.16877 1.16814 1.15824 1.1457 1.14362 1.13852 1.13287 1.13333 1.11924 1.11479 1.10904 1.10223 1.09897 1.09255 1.09147 1.08024 1.07696 1.07582 1.06931 1.06815 1.05936 1.05254 1.04927 1.04614 1.04195 1.03572 1.03265 1.02769 1.02549 1.02109 1.01665 1.01366 1.01022 1.00696 1.00335 1 0.996959 0.993883 0.990569 0.986697 0.984762 0.982661 0.980105 0.976702 0.97412 0.971308 0.970712 0.964889 0.963926 0.964218 0.961779 0.957566 0.955831 0.953535 0.958078 0.952164 0.948509 0.952052 0.947512 0.947101 0.953463 0.949633 0.943749 0.93979 0.944108 0.946383 0.942964 0.934938 0.941028 0.94677 0.936517 0.937892 0.937739 0.942851 0.942692 0.937812 0.943953 0.947589 0.932272 0.948448 0.934754 0.940952 0.945079 0.938698 0.941477 0.946692 
1.27325 1.25915 1.24805 1.25325 1.24423 1.23566 1.2269 1.22291 1.20198 1.2016 1.20488 1.20296 1.18327 1.18825 1.17148 1.16415 1.16323 1.15458 1.15324 1.14353 1.14305 1.13375 1.13186 1.11675 1.11563 1.11059 1.10707 1.1006 1.09478 1.09285 1.08461 1.07933 1.07411 1.06952 1.06407 1.06169 1.05388 1.04876 1.04838 1.04018 1.03738 1.03315 1.0293 1.02587 1.02128 1.01709 1.01386 1.0103 1.00664 1.00326 1 0.996573 0.993904 0.990835 0.987059 0.985385 0.982178 0.978986 0.976019 0.97603 0.973474 0.969835 0.967992 0.966327 0.962168 0.963816 0.962171 0.96406 0.9522 0.960112 0.952696 0.954379 0.952164 0.946396 0.950043 0.945714 0.9419 0.944338 0.940233 0.940534 0.94308 0.941879 0.940564 0.944178 0.933462 0.938502 0.93258 0.938091 0.934807 0.943021 0.937704 0.930562 0.944259 0.939886 0.933953 0.932924 0.940915 0.946391 0.947025 0.954563 0.935767 
1.27389 1.25747 1.26205 1.25109 1.24139 1.23029 1.22267 1.21388 1.21737 1.21717 1.20961 1.18941 1.17892 1.17403 1.17783 1.16588 1.16194 1.15706 1.15186 1.14832 1.13529 1.13089 1.12607 1.12706 1.11289 1.10584 1.09913 1.10378 1.09122 1.09003 1.08574 1.08238 1.07418 1.0695 1.06411 1.05703 1.05465 1.04996 1.0458 1.04196 1.03937 1.03354 1.02905 1.02493 1.02091 1.01794 1.01353 1.00956 1.00624 1.00326 1 0.996627 0.993362 0.990834 0.988093 0.984127 0.980729 0.97971 0.977108 0.974337 0.972099 0.973422 0.968926 0.965361 0.962854 0.961479 0.960935 0.955339 0.957468 0.953845 0.951422 0.951913 0.947162 0.946178 0.952093 0.945875 0.943383 0.940508 0.943267 0.947109 0.94303 0.944988 0.940726 0.942892 0.934741 0.941251 0.94684 0.935591 0.944319 0.937939 0.946864 0.937783 0.946592 0.937387 0.952519 0.95643 0.942443 0.94035 0.930402 0.948243 0.937893 
1.27319 1.26169 1.26617 1.25274 1.24836 1.23857 1.22636 1.21248 1.21217 1.20313 1.19536 1.19708 1.18917 1.17799 1.17011 1.16786 1.1571 1.15725 1.15174 1.1454 1.14035 1.13128 1.12961 1.12282 1.11384 1.10838 1.10354 1.09752 1.09135 1.08803 1.08066 1.07919 1.07457 1.06573 1.06127 1.05766 1.05484 1.05087 1.04761 1.04038 1.03775 1.03534 1.03011 1.02507 1.02126 1.01789 1.01376 1.01042 1.00618 1.00314 1 0.996405 0.993177 0.990422 0.987885 0.984576 0.982139 0.97941 0.976928 0.973588 0.971599 0.970979 0.965693 0.963039 0.964355 0.961196 0.960185 0.9596 0.958628 0.95433 0.947324 0.950144 0.945709 0.953331 0.943388 0.949854 0.946565 0.944709 0.942629 0.944966 0.945254 0.938582 0.941514 0.947262 0.947523 0.942666 0.94067 0.939197 0.938129 0.940474 0.93565 0.936288 0.94813 0.947705 0.9427 0.947023 0.930467 0.939248 0.931477 0.933793 0.943035 
1.27208 1.2631 1.26911 1.25855 1.24066 1.23457 1.2331 1.22065 1.21296 1.2052 1.20005 1.19218 1.19013 1.18329 1.17512 1.17103 1.15989 1.1544 1.14983 1.14766 1.13742 1.13557 1.12836 1.12201 1.11954 1.11112 1.10008 1.09984 1.09413 1.09151 1.08754 1.07868 1.07139 1.06797 1.06314 1.06112 1.05421 1.04993 1.0462 1.04091 1.03492 1.0328 1.02872 1.0257 1.02184 1.01716 1.01426 1.01019 1.00666 1.0034 1 0.996643 0.99374 0.99079 0.987676 0.983806 0.982557 0.979078 0.976854 0.973419 0.971355 0.969992 0.966642 0.964281 0.962705 0.959636 0.961362 0.955932 0.953839 0.95269 0.955335 0.952489 0.951324 0.944447 0.948619 0.945848 0.942034 0.943566 0.944448 0.936436 0.94411 0.936702 0.945829 0.945491 0.939066 0.932374 0.930828 0.938522 0.944873 0.941793 0.939951 0.948646 0.945122 0.926163 0.937185 0.942907 0.935781 0.93742 0.936173 0.936484 0.946381 
1.27131 1.26015 1.25947 1.24379 1.25176 1.23564 1.22452 1.23326 1.2022 1.20827 1.19895 1.19983 1.18191 1.17656 1.1713 1.16935 1.15963 1.15968 1.14577 1.14669 1.14135 1.13028 1.12384 1.11865 1.11948 1.10657 1.1049 1.09909 1.08877 1.0857 1.08685 1.0801 1.07207 1.06783 1.06387 1.06081 1.0547 1.04842 1.04479 1.04219 1.03741 1.03155 1.03225 1.02414 1.02117 1.01784 1.01425 1.00966 1.00648 1.00326 1 0.996781 0.993956 0.989668 0.988378 0.984646 0.983175 0.978773 0.974477 0.974278 0.974022 0.969432 0.968376 0.967976 0.966769 0.95953 0.959402 0.960511 0.957762 0.952322 0.95261 0.954979 0.951372 0.947238 0.948176 0.947227 0.942616 0.946351 0.945393 0.938921 0.937504 0.945192 0.938304 0.940707 0.936214 0.941114 0.939851 0.935888 0.935127 0.942516 0.942968 0.951042 0.941386 0.950058 0.944244 0.937198 0.927747 0.943998 0.942825 0.953668 0.935868 
1.2772 1.27075 1.25967 1.25042 1.24535 1.22737 1.22677 1.21525 1.21908 1.212 1.1973 1.19517 1.18928 1.18494 1.18253 1.16625 1.16167 1.1592 1.15017 1.14553 1.1408 1.13379 1.12138 1.12245 1.11131 1.11113 1.10625 1.09841 1.09138 1.0885 1.08189 1.08184 1.07557 1.07205 1.0649 1.0606 1.05383 1.05048 1.04298 1.04111 1.04006 1.03431 1.02894 1.0256 1.02192 1.01651 1.01401 1.00964 1.00634 1.00349 1 0.996913 0.99368 0.991178 0.987631 0.98543 0.981103 0.981284 0.977981 0.974631 0.973035 0.96948 0.966176 0.962056 0.963552 0.959921 0.95983 0.957977 0.956475 0.953512 0.954992 0.95185 0.949693 0.94638 0.948386 0.948526 0.953443 0.942152 0.943543 0.944223 0.939813 0.940744 0.936838 0.943188 0.945279 0.939471 0.930801 0.933288 0.933327 0.93862 0.947939 0.945593 0.941475 0.93742 0.946108 0.948768 0.958862 0.937118 0.936459 0.964809 0.935895 
1.27032 1.26309 1.25153 1.24231 1.23628 1.23343 1.22762 1.22184 1.21648 1.20302 1.19632 1.19516 1.1862 1.18038 1.17141 1.16523 1.16427 1.15567 1.15148 1.14616 1.14106 1.12983 1.1257 1.11793 1.11391 1.10578 1.09865 1.10255 1.09309 1.08818 1.08256 1.08056 1.07177 1.068 1.06478 1.06173 1.05482 1.0517 1.04597 1.04025 1.03614 1.03388 1.02952 1.02475 1.02148 1.01928 1.01369 1.01026 1.00663 1.00318 1 0.996796 0.993391 0.990911 0.988652 0.98544 0.983289 0.979246 0.978986 0.973889 0.970544 0.968753 0.967889 0.964035 0.964376 0.962399 0.958806 0.960566 0.957377 0.955975 0.948174 0.950081 0.947913 0.946729 0.947923 0.952756 0.939797 0.944824 0.943401 0.948842 0.938001 0.944317 0.944793 0.936048 0.941303 0.939403 0.937797 0.946172 0.941117 0.94709 0.934726 0.935196 0.942594 0.930518 0.950227 0.949412 0.94249 0.932961 0.958368 0.943747 0.94904 
