3.6925 3.70907 3.67827 3.596 3.48675 3.37092 3.48313 3.29364 3.25305 3.34908 3.22161 3.14029 3.01432 3.00388 2.98461 2.88489 2.82734 2.72983 2.74249 2.5391 2.48394 2.48322 2.35525 2.31392 2.2772 2.17762 1.99564 2.00838 1.9262 1.91914 1.80181 1.76879 1.76316 1.63144 1.53372 1.50776 1.4483 1.4184 1.341 1.30754 1.23183 1.21247 1.16012 1.13323 1.10469 1.06864 1.0392 1.01764 1.00547 1.0016 1 1.00553 1.0157 1.02978 1.04562 1.07305 1.1042 1.12852 1.18748 1.20581 1.24027 1.33668 1.38513 1.4074 1.49345 1.53054 1.6426 1.67745 1.75278 1.86117 1.92602 2.0054 2.04782 2.06597 2.14094 2.28204 2.31773 2.4384 2.35661 2.49405 2.64935 2.64562 2.78023 2.87379 2.95535 3.11864 2.95013 3.0829 3.2609 3.25775 3.48439 3.48261 3.542 3.52997 3.43832 3.85909 3.80438 3.33322 3.58477 3.66078 3.86825 
3.68445 3.63477 3.64089 3.55766 3.51141 3.36292 3.48557 3.32775 3.31093 3.17397 3.13304 3.18307 2.98302 3.05129 2.91671 2.90408 2.87402 2.69243 2.55787 2.60369 2.52808 2.49765 2.40717 2.36282 2.25534 2.09259 2.14241 2.05584 1.94639 1.92985 1.83503 1.76921 1.71578 1.63246 1.57298 1.52387 1.43519 1.37251 1.29337 1.29739 1.24826 1.20136 1.16427 1.12475 1.09729 1.06529 1.03336 1.01928 1.01023 1.00275 1 1.00265 1.01416 1.03245 1.04988 1.07028 1.09373 1.1429 1.16853 1.22628 1.26445 1.34151 1.35806 1.41948 1.47124 1.58306 1.61769 1.67709 1.70481 1.82632 1.89762 1.98959 2.00974 2.09044 2.21083 2.23546 2.36484 2.40228 2.45087 2.43312 2.56893 2.7832 2.84777 2.84725 2.89015 2.87503 3.04469 3.17251 3.1954 3.22542 3.41104 3.49213 3.48787 3.52121 3.53338 3.699 3.7637 3.78728 3.80126 3.82524 3.80459 
3.7645 3.70852 3.54233 3.64535 3.55503 3.51942 3.33056 3.28993 3.32785 3.13839 3.16262 3.00499 3.09495 2.92942 2.96553 2.83087 2.89687 2.83121 2.54927 2.6845 2.56846 2.47308 2.35349 2.42318 2.2922 2.21205 2.08239 2.08234 1.95779 1.92544 1.85107 1.73398 1.72478 1.65469 1.57008 1.51299 1.47714 1.37047 1.36089 1.25955 1.27675 1.22021 1.15822 1.11625 1.09717 1.06983 1.03829 1.02626 1.01068 1.00056 1 1.00666 1.0148 1.02967 1.04684 1.07433 1.10885 1.13343 1.18032 1.20725 1.26729 1.32474 1.37746 1.43268 1.49304 1.55591 1.66386 1.711 1.72182 1.80311 1.94597 2.00311 2.05835 2.05511 2.12296 2.29755 2.41375 2.45647 2.41747 2.57626 2.57097 2.72774 2.72817 2.82094 2.9479 2.87765 3.10488 3.13323 3.34854 3.2933 3.34655 3.41246 3.68794 3.6294 3.54826 3.67877 3.66276 3.77608 3.88328 3.74663 3.9456 
3.73376 3.63607 3.63894 3.52153 3.58733 3.53434 3.43403 3.27504 3.3203 3.2385 3.13847 3.01601 3.03032 3.00287 2.94077 2.92719 2.88997 2.73097 2.6226 2.47996 2.62069 2.48042 2.42995 2.40482 2.16551 2.18811 2.09124 2.03391 2.039 1.92924 1.83514 1.79663 1.68599 1.63607 1.57955 1.50348 1.48653 1.41358 1.33691 1.29272 1.25087 1.19767 1.15597 1.12827 1.09744 1.06749 1.04098 1.01102 1.01194 1.00335 1 1.00365 1.01146 1.02218 1.04687 1.07328 1.09948 1.14404 1.17093 1.20914 1.27267 1.33762 1.37213 1.41005 1.4945 1.49785 1.63542 1.67208 1.76727 1.83077 1.88347 2.00012 2.11318 2.06448 2.1704 2.23613 2.34631 2.49588 2.43879 2.51325 2.66131 2.7071 2.87693 2.71054 2.80462 2.91645 3.10243 3.26025 3.22466 3.30445 3.50341 3.40104 3.57102 3.57832 3.63433 3.70521 3.63636 3.71624 3.67082 3.87219 3.89972 
3.78271 3.80736 3.60492 3.59062 3.50225 3.40602 3.37866 3.35008 3.24276 3.23118 3.2009 3.10573 3.01716 2.95825 2.89023 2.92713 2.76705 2.74141 2.68845 2.625 2.64676 2.43787 2.42968 2.34039 2.22481 2.18229 2.18125 2.04283 1.96487 1.85763 1.85435 1.72332 1.71499 1.67853 1.56947 1.5399 1.43487 1.41641 1.34556 1.26994 1.24448 1.18687 1.1515 1.13016 1.08956 1.0589 1.04034 1.01916 1.00727 1.00222 1 1.00494 1.01347 1.03193 1.0575 1.07493 1.09872 1.11739 1.16541 1.22043 1.288 1.34272 1.38733 1.39836 1.49014 1.57099 1.60276 1.6705 1.69478 1.81769 1.8377 1.89275 2.04735 2.132 2.20159 2.29818 2.3467 2.42251 2.55822 2.51872 2.6903 2.62754 2.73079 2.79395 3.0266 2.96515 3.03008 3.1451 3.21761 3.27407 3.33581 3.26119 3.58285 3.47398 3.6246 3.73989 3.69395 3.78372 3.63711 3.83247 3.86876 
3.63722 3.58448 3.63258 3.51651 3.42899 3.45687 3.37099 3.39924 3.22243 3.25298 3.16379 3.04821 3.10532 2.94587 2.98706 2.78255 2.85436 2.71078 2.5803 2.69162 2.54457 2.47316 2.41708 2.34067 2.19724 2.09473 2.0729 2.03633 1.97689 1.91093 1.84203 1.7521 1.70081 1.69142 1.59526 1.49104 1.44469 1.40567 1.33594 1.2927 1.24788 1.19659 1.14484 1.1222 1.08326 1.07583 1.0377 1.01939 1.00791 1.00419 1 1.00217 1.01475 1.02544 1.05419 1.0847 1.09063 1.14431 1.20028 1.21691 1.27459 1.30327 1.40821 1.44653 1.4671 1.55111 1.59114 1.69564 1.72428 1.83613 1.85307 1.98839 2.1067 1.92448 2.14803 2.32244 2.29325 2.43009 2.52757 2.56176 2.56929 2.62811 2.86829 2.74139 2.84978 3.0602 3.06914 3.1378 3.38569 3.07717 3.33441 3.44524 3.44098 3.61297 3.66455 3.65398 3.64756 3.76023 3.75248 3.66393 3.90666 
3.7768 3.69856 3.5561 3.58719 3.4991 3.48787 3.40297 3.31027 3.23795 3.22085 3.07305 3.2087 3.06695 2.98003 2.96478 2.85783 2.77163 2.7657 2.68261 2.68871 2.54081 2.46297 2.42553 2.32967 2.3433 2.15935 2.09412 2.07101 1.92897 1.85048 1.80693 1.75091 1.72855 1.61717 1.56284 1.4904 1.46606 1.41429 1.37564 1.28806 1.24746 1.18432 1.15267 1.11408 1.09312 1.0618 1.02737 1.02112 1.00851 1.00209 1 1.00321 1.0156 1.02994 1.03778 1.06552 1.10756 1.13325 1.1806 1.21978 1.26705 1.30801 1.37276 1.40601 1.46101 1.53616 1.57894 1.68178 1.78767 1.77522 1.90609 2.01919 1.98789 2.07921 2.18473 2.26533 2.3298 2.44997 2.49854 2.55342 2.59473 2.77262 2.72909 2.83064 2.97514 2.96264 3.18524 3.14962 3.22395 3.3611 3.32055 3.49616 3.41127 3.58736 3.57685 3.65481 3.70211 3.70731 3.90594 3.88663 3.77256 
3.72781 3.63089 3.5831 3.56759 3.56898 3.44699 3.3333 3.37933 3.28464 3.32491 3.14648 3.18408 3.04068 3.02587 2.98688 2.78323 2.85091 2.72446 2.7052 2.55218 2.55959 2.44175 2.42186 2.31102 2.27917 2.14722 2.13903 2.00614 1.94602 1.9078 1.87841 1.78795 1.64861 1.58137 1.58211 1.4582 1.45523 1.36164 1.34655 1.29085 1.25085 1.20984 1.1599 1.12894 1.08018 1.05239 1.03782 1.022 1.00484 1.00341 1 1.00407 1.0162 1.02474 1.04559 1.06247 1.1064 1.13984 1.17366 1.21604 1.26961 1.30122 1.33837 1.41819 1.52806 1.56622 1.60563 1.64758 1.74902 1.78393 1.88865 1.9359 1.99467 2.11465 2.16967 2.18437 2.27614 2.42472 2.42728 2.49121 2.65919 2.67807 2.78775 2.92244 2.84055 2.99878 3.12914 3.09453 3.22923 3.29748 3.25593 3.40856 3.42586 3.48567 3.51162 3.51748 3.71946 3.73715 3.77011 3.93099 3.72821 
3.70247 3.70302 3.62628 3.437 3.47671 3.49053 3.39915 3.30775 3.25976 3.23194 3.1824 3.08099 3.02076 2.97382 2.92286 2.88514 2.80857 2.74648 2.62253 2.65086 2.50791 2.4005 2.3518 2.33633 2.2327 2.16071 2.13503 2.04568 1.93644 1.93383 1.87803 1.76412 1.71097 1.61532 1.60886 1.49 1.45203 1.38518 1.32304 1.27902 1.25139 1.21075 1.15009 1.12455 1.08796 1.0631 1.0241 1.02245 1.0084 1.00194 1 1.00525 1.01327 1.02557 1.0489 1.07893 1.09469 1.13931 1.17109 1.22407 1.2875 1.32248 1.3572 1.44456 1.49437 1.52593 1.61558 1.67774 1.77718 1.81457 1.90633 1.96715 2.07066 2.0737 2.13836 2.2487 2.30712 2.33611 2.44094 2.4091 2.64811 2.70628 2.68651 2.69667 2.92043 2.9325 3.14715 3.18049 3.19411 3.31809 3.31854 3.47612 3.47673 3.52096 3.65139 3.7798 3.82428 3.7261 3.92066 3.86237 3.95051 
3.73007 3.61124 3.62975 3.53659 3.55588 3.56285 3.36976 3.41971 3.21926 3.21461 3.14215 3.0651 3.04814 2.93214 2.87236 2.88667 2.89482 2.72268 2.69474 2.66197 2.54432 2.54712 2.41631 2.32702 2.24112 2.20825 2.14682 2.06479 2.00336 1.93486 1.83482 1.77455 1.66942 1.60218 1.60321 1.51785 1.43333 1.41786 1.34434 1.31969 1.24086 1.19581 1.15459 1.1216 1.08564 1.06253 1.04126 1.02064 1.01069 1.00191 1 1.00047 1.00977 1.0268 1.05192 1.08316 1.10593 1.14927 1.16411 1.24686 1.27268 1.28882 1.36864 1.42934 1.49628 1.57069 1.66105 1.70029 1.76278 1.83863 1.93346 1.9226 2.06501 2.13552 2.21451 2.25423 2.4634 2.27918 2.47163 2.56355 2.65415 2.78124 2.78658 2.96446 2.9707 2.99694 2.9767 3.14363 3.22825 3.27069 3.33621 3.38121 3.56224 3.52964 3.58466 3.58088 3.72236 3.83259 3.77531 3.73361 3.85698 
3.80646 3.59824 3.65929 3.5791 3.54319 3.43444 3.41763 3.33986 3.30047 3.1912 3.16388 3.07776 3.06962 2.89124 2.96003 2.83671 2.7949 2.70992 2.68251 2.58676 2.47958 2.49074 2.4288 2.32617 2.19395 2.20451 2.15239 2.02072 1.96429 1.92646 1.82647 1.76342 1.72305 1.65261 1.57748 1.54904 1.41381 1.38687 1.33638 1.29651 1.25469 1.20939 1.16041 1.13225 1.08522 1.0664 1.04146 1.01767 1.00406 0.999849 1 1.00403 1.01612 1.03163 1.04544 1.07311 1.10144 1.13896 1.19118 1.20382 1.25943 1.3331 1.35759 1.44903 1.49563 1.54561 1.60632 1.69259 1.74265 1.82467 1.85389 1.96046 2.03147 2.0783 2.14688 2.27747 2.26285 2.45658 2.54169 2.59559 2.669 2.75725 2.78803 2.87075 2.92098 3.05038 3.06425 3.24379 3.22153 3.28164 3.30307 3.50435 3.40117 3.43773 3.67536 3.66022 3.68502 3.86915 3.88665 3.71651 3.86947 
3.65792 3.5797 3.58876 3.54887 3.5821 3.49107 3.30599 3.30201 3.2905 3.25503 3.16819 3.10746 3.04672 3.0337 2.88372 2.8543 2.78491 2.7599 2.67966 2.59804 2.52817 2.46581 2.40257 2.28233 2.2552 2.1564 2.1432 2.10133 2.0079 1.91628 1.8362 1.72769 1.67959 1.64456 1.55946 1.5101 1.43385 1.37869 1.31561 1.28773 1.24783 1.19816 1.17329 1.10033 1.08347 1.07078 1.03271 1.01874 1.01428 1.00046 1 1.00648 1.01495 1.02677 1.04411 1.08061 1.10949 1.14529 1.16371 1.23481 1.27422 1.30803 1.37812 1.40333 1.49048 1.5482 1.59306 1.68323 1.77585 1.773 1.91905 1.93014 2.04092 2.09848 2.0859 2.24194 2.32285 2.27756 2.40829 2.56555 2.65097 2.71999 2.71693 2.89805 2.96052 2.96525 3.04878 3.17006 3.17499 3.22611 3.37382 3.37451 3.51742 3.4802 3.47874 3.6056 3.67178 3.69757 3.68512 3.82956 3.89646 
3.68712 3.68972 3.61696 3.52097 3.58192 3.47863 3.4517 3.27878 3.2447 3.27553 3.20565 3.06429 3.04444 2.92749 3.01176 2.89774 2.76871 2.72279 2.68223 2.52076 2.62286 2.44173 2.41753 2.38135 2.2615 2.22097 2.12075 2.033 1.95004 1.9098 1.7945 1.8078 1.72706 1.66085 1.53713 1.50696 1.45793 1.39617 1.29399 1.29919 1.24299 1.22267 1.1572 1.12751 1.09576 1.07259 1.03268 1.02036 1.00743 1.00169 1 1.00287 1.00779 1.02874 1.0544 1.07126 1.10465 1.11897 1.1904 1.21427 1.27792 1.28496 1.34835 1.43569 1.51645 1.53127 1.57965 1.64594 1.73044 1.83818 1.83342 1.94756 1.9752 2.07725 2.14508 2.16582 2.36729 2.46815 2.47461 2.53977 2.57045 2.67951 2.90231 2.92866 2.95147 2.9687 3.04633 3.08536 3.26269 3.40822 3.41382 3.4224 3.56197 3.53051 3.69828 3.56188 3.62328 3.65252 3.72079 3.87227 3.74707 
3.58374 3.74839 3.61146 3.68565 3.54619 3.45196 3.31645 3.33873 3.30979 3.25005 3.18132 3.07069 3.08867 2.94152 2.92515 2.82561 2.76097 2.77274 2.70853 2.55856 2.4585 2.48422 2.39902 2.26209 2.22063 2.17942 2.16333 2.03968 1.95839 1.88758 1.85648 1.76014 1.70042 1.5924 1.56725 1.53655 1.46152 1.37774 1.33889 1.27232 1.26115 1.16215 1.16341 1.11359 1.08915 1.06219 1.04187 1.02279 1.00595 1.00114 1 1.00348 1.0135 1.03334 1.06001 1.06235 1.10283 1.13189 1.18867 1.22734 1.24767 1.29254 1.33824 1.39972 1.44714 1.51839 1.63373 1.73282 1.70116 1.82681 1.80347 1.92341 1.98327 2.08239 2.18495 2.21198 2.33364 2.44581 2.552 2.50493 2.67281 2.65223 2.7146 2.73059 2.91503 3.00786 3.08621 3.21821 3.22037 3.20029 3.36526 3.19907 3.39192 3.6272 3.50581 3.63415 3.62993 3.74155 3.88252 3.82609 3.85977 
3.79279 3.74057 3.60408 3.5451 3.53432 3.34295 3.37669 3.32192 3.29168 3.24173 3.12573 3.02223 3.08259 2.9391 2.84254 2.89374 2.75715 2.70941 2.66364 2.60561 2.49868 2.44654 2.3906 2.30104 2.17207 2.19558 2.08299 2.0493 1.9712 1.92303 1.80571 1.74716 1.65724 1.62112 1.54788 1.52651 1.44963 1.41304 1.34123 1.27807 1.2473 1.20374 1.1654 1.11426 1.09461 1.06112 1.04068 1.02234 1.00939 1.00088 1 1.0032 1.01953 1.02784 1.04617 1.0723 1.10842 1.13321 1.18496 1.19253 1.24567 1.33604 1.39292 1.43546 1.50759 1.51397 1.60987 1.64556 1.68885 1.81533 1.81267 1.93866 2.02158 2.07983 2.11795 2.22712 2.28653 2.37428 2.41647 2.57619 2.67954 2.70521 2.74734 2.83913 2.98521 3.03009 3.14801 3.08514 3.22769 3.2462 3.35807 3.35038 3.46927 3.43351 3.55405 3.62119 3.54236 3.77921 3.65287 3.79279 3.95132 
3.71796 3.54458 3.59813 3.53234 3.43512 3.48399 3.28938 3.3497 3.20673 3.16832 3.07031 3.05834 2.96573 2.90306 2.93412 2.88319 2.73548 2.81406 2.61415 2.61137 2.57007 2.50474 2.38405 2.26618 2.24641 2.19079 2.10057 2.02356 1.94381 1.87345 1.79779 1.7268 1.65861 1.59029 1.54642 1.49323 1.4473 1.40433 1.33933 1.27915 1.24902 1.18657 1.14683 1.10335 1.0767 1.06516 1.0387 1.02589 1.01165 0.999195 1 1.00368 1.01401 1.03115 1.05306 1.07195 1.10982 1.14721 1.18367 1.23234 1.2734 1.314 1.38588 1.44821 1.488 1.5414 1.58276 1.69913 1.73604 1.79732 1.8022 1.89693 2.05004 2.06334 2.10738 2.26648 2.25621 2.28443 2.30543 2.5677 2.53299 2.60835 2.72171 2.96336 2.90566 3.00446 3.06817 3.17982 3.25719 3.23989 3.27887 3.36059 3.47776 3.47555 3.41157 3.56418 3.56821 3.73338 3.6625 3.77981 3.90041 
3.66709 3.64447 3.57793 3.47072 3.46565 3.38374 3.40638 3.3006 3.27041 3.14057 3.11723 3.07701 3.00963 3.02033 2.86999 2.8921 2.74267 2.65776 2.60904 2.59433 2.41089 2.4724 2.38874 2.25112 2.23092 2.16038 2.04613 2.00147 1.9364 1.87787 1.82584 1.75426 1.68263 1.62963 1.5341 1.54141 1.46219 1.42264 1.3623 1.26028 1.24033 1.19485 1.15681 1.13641 1.08959 1.06664 1.03887 1.01797 1.01009 1.00196 1 1.0036 1.01861 1.02366 1.04747 1.06428 1.10306 1.13304 1.19422 1.21227 1.27678 1.31156 1.36356 1.41784 1.48071 1.51652 1.59236 1.68233 1.72346 1.83613 1.83889 1.92231 1.98792 2.05584 2.18048 2.20964 2.32436 2.44042 2.4382 2.54125 2.50982 2.6747 2.77202 2.88924 2.85127 3.06798 3.07205 3.13817 3.17513 3.35483 3.34775 3.35437 3.351 3.52128 3.58865 3.68501 3.47109 3.69646 3.68331 3.81272 3.74107 
3.6545 3.60648 3.58946 3.45783 3.48448 3.43515 3.34026 3.33506 3.31852 3.22819 3.10814 3.09369 3.10743 3.04516 2.87253 2.92245 2.83086 2.76651 2.67272 2.61663 2.54678 2.38214 2.38115 2.34871 2.28503 2.19253 2.07692 1.99681 1.90504 1.86443 1.81715 1.69657 1.69235 1.61868 1.57368 1.50931 1.4247 1.39596 1.35744 1.30797 1.24558 1.20175 1.14906 1.13825 1.08583 1.05868 1.03642 1.01618 1.0027 1.00233 1 1.0033 1.01025 1.02368 1.04221 1.06127 1.11065 1.14969 1.19163 1.20906 1.26437 1.31434 1.36788 1.3922 1.48361 1.49693 1.5948 1.67074 1.6943 1.78322 1.86485 1.97087 1.9956 2.07262 2.05745 2.26731 2.28463 2.35834 2.44882 2.45404 2.66387 2.72103 2.74102 2.86599 2.9329 2.91375 2.91573 3.1933 3.17508 3.28183 3.32098 3.40899 3.35739 3.51305 3.51053 3.61067 3.6492 3.61739 3.71743 3.68584 3.83322 
3.75343 3.66653 3.61817 3.56206 3.52609 3.39908 3.4634 3.3226 3.29661 3.17295 3.15188 3.07921 3.06703 2.98148 2.82256 2.91148 2.80016 2.68967 2.78423 2.55581 2.46723 2.46679 2.43328 2.32911 2.25334 2.17039 2.05598 2.06211 2.00785 1.90642 1.83002 1.7769 1.67445 1.65346 1.55002 1.5287 1.42831 1.35899 1.31795 1.29657 1.25374 1.19811 1.16046 1.11543 1.09847 1.0628 1.03753 1.01752 1.00854 1.00067 1 1.0062 1.01448 1.02878 1.04679 1.081 1.0861 1.13878 1.17374 1.21818 1.26547 1.30581 1.3438 1.42523 1.48183 1.56413 1.60675 1.65884 1.70959 1.78702 1.79803 1.94182 1.94592 2.04984 2.19438 2.23281 2.2805 2.41978 2.44269 2.56868 2.68766 2.70465 2.76096 2.79588 2.95858 2.95067 2.97757 3.16488 3.17932 3.29687 3.37606 3.38396 3.35666 3.45778 3.5942 3.6014 3.62425 3.60294 3.7331 3.66727 3.7463 
3.66631 3.6243 3.63443 3.53951 3.5022 3.37498 3.37907 3.35488 3.3478 3.16035 3.23468 3.09547 2.99575 2.9431 2.85218 2.87025 2.7907 2.6977 2.59537 2.58495 2.54886 2.47713 2.40957 2.3317 2.20526 2.19273 2.072 2.04229 1.96638 1.85642 1.81255 1.73129 1.68573 1.6195 1.54441 1.5105 1.44341 1.41621 1.32646 1.30788 1.25091 1.17554 1.14438 1.12489 1.0793 1.05306 1.04235 1.02312 1.00859 1.00295 1 1.00546 1.01327 1.02414 1.04873 1.0674 1.0937 1.14436 1.16732 1.22125 1.28731 1.30723 1.35978 1.4032 1.46952 1.52099 1.62967 1.72313 1.73108 1.73792 1.87008 1.9212 1.98376 2.06784 2.18977 2.18575 2.30553 2.3215 2.3579 2.53649 2.6401 2.61175 2.78836 2.9394 2.8512 2.94129 3.05002 3.16467 3.15747 3.21472 3.29779 3.35905 3.48603 3.44879 3.55355 3.65991 3.6809 3.66393 3.76246 3.7376 3.8641 
3.59153 3.62091 3.58118 3.5617 3.42212 3.46397 3.36611 3.27259 3.21039 3.23641 3.16369 3.16209 3.02089 2.91537 2.82991 2.80749 2.78408 2.72066 2.62327 2.64376 2.56653 2.43838 2.41184 2.32621 2.20851 2.18058 2.08787 2.00515 1.88977 1.8739 1.85222 1.7658 1.69253 1.59198 1.54327 1.50434 1.44192 1.37559 1.31926 1.32237 1.23165 1.20405 1.14279 1.11622 1.08717 1.07402 1.03707 1.02187 1.01013 1.00219 1 1.00131 1.01396 1.02083 1.04535 1.08095 1.10641 1.13363 1.16537 1.19282 1.26916 1.31493 1.37804 1.44012 1.46528 1.54853 1.54773 1.65114 1.70115 1.83809 1.89773 1.99388 2.03768 2.03548 2.12012 2.25094 2.30324 2.35894 2.3641 2.4725 2.58397 2.70064 2.76968 2.81758 2.99897 2.90705 2.95136 3.04233 3.10418 3.32529 3.40561 3.31442 3.38958 3.50276 3.59031 3.67363 3.5495 3.6225 3.79134 3.7909 3.84775 
3.65351 3.55963 3.60364 3.51561 3.56397 3.49952 3.37243 3.31025 3.23446 3.14641 3.09639 3.00285 3.01118 2.99854 2.83567 2.83276 2.72942 2.68023 2.65545 2.58322 2.48134 2.42168 2.33657 2.32234 2.15592 2.22337 2.05986 1.98161 1.94182 1.87106 1.7876 1.71208 1.65241 1.65226 1.51287 1.523 1.43498 1.39384 1.33018 1.28396 1.231 1.20153 1.1529 1.1187 1.08963 1.06519 1.02689 1.01619 1.0101 1.00379 1 1.00553 1.01287 1.02462 1.04446 1.07033 1.10274 1.13232 1.15866 1.20371 1.27805 1.29033 1.37304 1.40678 1.46309 1.56519 1.58839 1.66026 1.73783 1.7975 1.81944 1.90937 1.99622 2.14698 2.0878 2.13221 2.33183 2.36508 2.35089 2.52936 2.65233 2.62749 2.82656 2.83365 2.80843 2.98306 3.01788 3.13746 3.28214 3.18727 3.38708 3.41675 3.46335 3.52897 3.56441 3.55451 3.54545 3.7122 3.71864 3.80483 3.85395 
3.68778 3.68046 3.60292 3.58668 3.4692 3.5057 3.37452 3.28957 3.19972 3.14948 3.16034 3.07948 2.95111 3.03085 2.95812 2.82876 2.76648 2.696 2.69458 2.54298 2.48241 2.45946 2.38951 2.34787 2.18401 2.15883 2.10223 2.00981 1.94889 1.88908 1.81576 1.72408 1.6772 1.58223 1.54287 1.5219 1.42154 1.37164 1.34203 1.28033 1.2246 1.18265 1.16632 1.10923 1.07629 1.05185 1.04312 1.01944 1.01034 1.00013 1 1.00644 1.01458 1.01871 1.04886 1.05941 1.10707 1.13613 1.17305 1.23604 1.26753 1.33095 1.37109 1.37638 1.48597 1.53819 1.59533 1.65289 1.76778 1.77823 1.90635 1.89374 2.01003 2.09643 2.11111 2.28472 2.28174 2.39308 2.39122 2.48147 2.61853 2.61033 2.78152 2.90911 2.73525 3.04376 3.0479 3.1154 3.15369 3.24658 3.41724 3.41009 3.39547 3.40518 3.47482 3.65924 3.53138 3.72951 3.75554 3.76884 3.74676 
3.69567 3.57525 3.57615 3.55345 3.45949 3.43854 3.28898 3.29555 3.20567 3.17858 3.10796 3.02793 3.06387 3.02412 2.8492 2.85491 2.79725 2.71548 2.6041 2.63086 2.52006 2.38475 2.42436 2.34418 2.26893 2.10338 2.04364 2.00619 1.97801 1.88419 1.78041 1.75367 1.67646 1.61986 1.54804 1.48588 1.40065 1.38125 1.31941 1.28242 1.24554 1.1931 1.15612 1.12225 1.08449 1.05614 1.03015 1.02188 1.00873 1.00124 1 1.004 1.00841 1.02467 1.03861 1.06684 1.09282 1.13011 1.15609 1.22128 1.26157 1.32261 1.34014 1.41957 1.45798 1.51356 1.56128 1.62414 1.69888 1.82594 1.88299 1.93998 2.01055 2.0726 2.12925 2.1737 2.27991 2.39797 2.4615 2.47729 2.61124 2.63776 2.71601 2.83671 2.83369 2.87648 3.01232 3.08034 3.23858 3.26881 3.36208 3.29198 3.32275 3.39801 3.56861 3.47723 3.62469 3.57431 3.74241 3.77126 3.63418 
3.70478 3.56629 3.55065 3.54595 3.5394 3.3668 3.38428 3.3666 3.26366 3.2572 3.19065 3.04054 3.02544 2.87606 2.9259 2.84141 2.74854 2.63952 2.60068 2.59264 2.53432 2.49454 2.34231 2.21221 2.17731 2.1409 2.06607 1.99945 1.91944 1.82884 1.749 1.7572 1.70588 1.5979 1.54276 1.509 1.46419 1.40374 1.31219 1.26483 1.23249 1.19826 1.13871 1.12037 1.10147 1.06026 1.04244 1.01578 1.01166 1.00176 1 1.00451 1.0133 1.03009 1.05123 1.07154 1.09257 1.13445 1.15764 1.20568 1.24956 1.31998 1.35428 1.42059 1.41677 1.57726 1.6045 1.67992 1.72971 1.76269 1.85388 1.87864 1.96747 2.08331 2.17073 2.2307 2.3209 2.28233 2.41493 2.52622 2.57668 2.67253 2.76814 2.8747 2.9481 2.87637 2.99508 3.16241 3.08822 3.1664 3.352 3.24669 3.35327 3.53451 3.46611 3.4954 3.61326 3.6635 3.77815 3.7316 3.70988 
3.67519 3.5378 3.48096 3.53819 3.4913 3.34831 3.36414 3.25207 3.26799 3.31418 3.17508 3.04626 2.9556 2.91214 2.89999 2.76212 2.80778 2.66685 2.64704 2.66871 2.48525 2.42883 2.43107 2.315 2.17243 2.14587 2.12255 2.06822 1.93519 1.85246 1.78834 1.76548 1.65813 1.58467 1.60977 1.46802 1.41826 1.35868 1.31945 1.26085 1.23656 1.17883 1.15792 1.12009 1.08001 1.05704 1.04148 1.02241 1.00882 1.00055 1 1.0024 1.01255 1.0298 1.03064 1.07453 1.09415 1.138 1.17184 1.22639 1.27047 1.33216 1.34701 1.41557 1.44825 1.50043 1.55757 1.66177 1.72608 1.77667 1.83011 1.92353 2.05358 2.05467 2.0998 2.22282 2.25858 2.32513 2.46344 2.55751 2.55232 2.72591 2.75131 2.74625 2.88257 2.92998 3.04432 3.07671 3.1919 3.22534 3.22292 3.23953 3.49851 3.45501 3.60121 3.36274 3.51028 3.65203 3.69884 3.70429 3.74219 
3.65489 3.51752 3.56647 3.53738 3.46594 3.47665 3.30982 3.34152 3.2753 3.11043 3.03961 3.01709 2.99627 2.97054 2.88945 2.81411 2.77111 2.74817 2.7011 2.52551 2.50463 2.45633 2.38771 2.27163 2.19278 2.15143 2.07553 1.98422 1.903 1.89755 1.83165 1.77004 1.67672 1.62594 1.57256 1.49092 1.45822 1.37369 1.34705 1.26307 1.21896 1.15973 1.14312 1.11548 1.08821 1.05318 1.04645 1.01689 1.00501 0.998633 1 1.00051 1.01424 1.02538 1.04517 1.06266 1.09256 1.14052 1.16254 1.21674 1.24068 1.30816 1.33871 1.39503 1.48427 1.51687 1.57258 1.622 1.736 1.82839 1.8009 1.88242 1.97425 1.96274 2.14297 2.24073 2.30001 2.36095 2.41151 2.54922 2.62156 2.73984 2.68731 2.82473 2.86614 2.88022 2.94777 3.02894 3.23414 3.23983 3.25387 3.38694 3.40321 3.49487 3.49674 3.45865 3.53253 3.68866 3.70635 3.85826 3.78606 
3.66667 3.51964 3.67414 3.47577 3.44732 3.45104 3.40112 3.23368 3.16509 3.1863 3.11827 2.98343 3.04945 2.95403 2.90299 2.77169 2.79296 2.64332 2.58737 2.49053 2.5736 2.45218 2.33468 2.30873 2.16938 2.0608 2.07559 2.00634 1.97104 1.88537 1.77352 1.72723 1.68985 1.61424 1.58622 1.54058 1.41732 1.36308 1.3529 1.29196 1.23085 1.16904 1.13235 1.10715 1.09046 1.05748 1.03305 1.01371 1.01039 1.00302 1 1.00497 1.01024 1.02993 1.03901 1.07101 1.09777 1.1317 1.16006 1.21933 1.24851 1.28404 1.34081 1.38297 1.46594 1.51316 1.60455 1.65221 1.71946 1.79509 1.85056 1.95526 1.95829 2.06835 2.16593 2.20735 2.23683 2.28294 2.32448 2.58775 2.52362 2.63757 2.66906 2.7651 2.8315 2.89695 2.93815 2.91285 3.24453 3.10149 3.25299 3.32064 3.36449 3.47078 3.51947 3.55393 3.60887 3.62887 3.71625 3.66205 3.74044 
3.66423 3.66909 3.59127 3.5907 3.49826 3.42327 3.32465 3.28316 3.24339 3.17135 3.06898 3.04027 2.98722 2.87784 2.86446 2.76715 2.79279 2.68387 2.61648 2.51329 2.45191 2.40684 2.30998 2.25155 2.24982 2.18062 2.03737 2.00197 1.91504 1.85763 1.78592 1.73746 1.67686 1.60095 1.51486 1.50234 1.42612 1.4195 1.3254 1.28311 1.24208 1.19383 1.14569 1.12139 1.09085 1.05579 1.03703 1.01722 1.01171 1.00169 1 1.00548 1.01063 1.02881 1.04893 1.0714 1.10429 1.13051 1.1522 1.20498 1.2458 1.30018 1.32971 1.39413 1.51124 1.55024 1.56445 1.61511 1.73993 1.78804 1.83115 1.87536 1.92943 1.99195 2.15664 2.17814 2.23643 2.39301 2.43555 2.48609 2.58602 2.66266 2.75552 2.75197 2.83759 2.86842 3.07624 3.07992 3.17021 3.289 3.21047 3.44535 3.50125 3.45397 3.48042 3.55508 3.58479 3.51043 3.70902 3.56886 3.75522 
3.67833 3.60115 3.51672 3.48275 3.49576 3.43354 3.24036 3.2234 3.19607 3.1918 3.11141 3.06893 3.0331 2.91666 2.88703 2.78832 2.75236 2.71499 2.641 2.5791 2.3761 2.38349 2.34137 2.32296 2.21996 2.13938 2.04256 1.98459 1.87163 1.86479 1.87811 1.69171 1.67177 1.60018 1.56756 1.46259 1.42003 1.35198 1.33912 1.27692 1.23769 1.19354 1.15491 1.10874 1.09615 1.06311 1.03257 1.02511 1.00628 1.00026 1 1.00416 1.01379 1.02526 1.04522 1.05733 1.09948 1.12146 1.1686 1.21126 1.26477 1.32345 1.34625 1.39226 1.40139 1.51615 1.56558 1.66962 1.72602 1.73912 1.84465 1.96307 1.9524 2.03675 2.16884 2.19783 2.25669 2.33672 2.3624 2.42796 2.56875 2.60378 2.70002 2.79073 2.81272 2.85716 3.00616 3.05379 3.20881 3.19058 3.1862 3.27936 3.29267 3.3087 3.43392 3.41686 3.49377 3.595 3.64601 3.71974 3.72328 
3.68361 3.55337 3.58053 3.50789 3.54973 3.4171 3.27403 3.32148 3.21327 3.15065 3.06117 2.99529 2.99193 2.98917 2.88415 2.80426 2.73861 2.68261 2.56358 2.48366 2.46739 2.42223 2.35993 2.29436 2.25879 2.15523 2.04694 2.01319 1.89016 1.86018 1.79588 1.68031 1.72359 1.56069 1.54999 1.44184 1.44428 1.36959 1.32986 1.28128 1.2508 1.16789 1.15368 1.13227 1.09562 1.0483 1.04055 1.02219 1.00642 1.00265 1 1.00451 1.00782 1.02835 1.04173 1.07696 1.08919 1.11512 1.15359 1.20287 1.26953 1.29149 1.34727 1.38377 1.4547 1.52876 1.58793 1.62553 1.73899 1.77573 1.88763 1.87113 2.01073 2.04125 2.14548 2.159 2.23718 2.30438 2.38558 2.46917 2.63731 2.62412 2.6949 2.72695 2.78089 2.95616 2.83311 3.00773 2.93971 3.186 3.23301 3.20931 3.30194 3.40874 3.4141 3.43268 3.65548 3.50676 3.7014 3.67279 3.69037 
3.71242 3.6226 3.5801 3.51953 3.35278 3.42792 3.30597 3.25603 3.1498 3.15563 3.13021 2.9945 2.95897 2.87631 2.94823 2.78402 2.79453 2.55667 2.62789 2.52932 2.45901 2.45418 2.38221 2.21194 2.25759 2.17677 2.07879 1.9364 1.92743 1.81438 1.77827 1.71672 1.66751 1.60487 1.5408 1.46326 1.43352 1.34031 1.34215 1.25671 1.2238 1.19733 1.15315 1.10865 1.09766 1.0572 1.03276 1.01753 1.00755 1.0016 1 1.00301 1.0138 1.02546 1.04313 1.06931 1.09621 1.1214 1.14349 1.21241 1.22874 1.31148 1.35095 1.39994 1.48966 1.49296 1.60658 1.62783 1.70447 1.73486 1.8149 1.95312 1.93508 2.01432 2.14765 2.17175 2.29787 2.38948 2.43621 2.41207 2.58904 2.56418 2.68078 2.86904 2.81028 2.91171 3.02865 3.02484 3.11146 3.2175 3.23934 3.38623 3.36243 3.44776 3.41394 3.63243 3.55526 3.68115 3.66711 3.73966 3.70396 
3.66802 3.64484 3.53774 3.52314 3.40637 3.33733 3.33106 3.24843 3.10455 3.1531 3.03855 3.00363 2.94032 2.91588 2.88409 2.75859 2.7247 2.70745 2.55834 2.54387 2.44801 2.38389 2.27402 2.25163 2.16256 2.16664 2.03938 1.98568 1.95606 1.84175 1.83896 1.69922 1.66711 1.55729 1.51016 1.48156 1.44542 1.38901 1.3253 1.26557 1.23537 1.19386 1.15191 1.1211 1.07544 1.05713 1.03962 1.02748 1.00886 1.00084 1 1.00474 1.01596 1.02401 1.05194 1.06319 1.11094 1.11004 1.16779 1.21593 1.28309 1.29696 1.3741 1.398 1.47102 1.54481 1.57036 1.64929 1.6313 1.7562 1.83583 1.88944 2.01986 2.08591 2.12229 2.18407 2.24295 2.33789 2.32564 2.47747 2.57238 2.69142 2.69631 2.76542 2.8163 2.8312 2.95058 3.08775 3.05077 3.15158 3.29378 3.35733 3.44551 3.43296 3.53059 3.50229 3.4793 3.70505 3.69271 3.70396 3.70877 
3.63938 3.64412 3.54081 3.51944 3.45221 3.44216 3.38696 3.27276 3.20513 3.15518 3.07927 2.98468 2.93144 2.96982 2.85015 2.76633 2.75211 2.67233 2.55266 2.50557 2.52552 2.3161 2.30967 2.22548 2.22201 2.11407 2.0312 1.96555 1.93788 1.8698 1.79989 1.74269 1.64057 1.54016 1.4938 1.49321 1.41193 1.3853 1.32709 1.31351 1.24507 1.17838 1.14985 1.10609 1.08448 1.05611 1.03265 1.01869 1.00818 1.00035 1 1.00352 1.01262 1.02608 1.04514 1.06809 1.10189 1.12847 1.15339 1.2359 1.26797 1.25989 1.35356 1.39123 1.4536 1.47337 1.5478 1.63793 1.6565 1.7386 1.83594 1.86423 1.98014 1.97651 2.07192 2.17483 2.2674 2.35051 2.44224 2.40274 2.46066 2.63329 2.60916 2.82015 2.8619 2.84024 3.00588 3.03938 3.1938 3.25578 3.18831 3.28394 3.44102 3.26508 3.44645 3.49242 3.5531 3.59871 3.58558 3.7434 3.6943 
3.62225 3.57882 3.55808 3.54507 3.43125 3.39069 3.30489 3.27313 3.24928 3.11852 3.11826 3.04128 3.01823 2.92124 2.89151 2.72403 2.68663 2.6686 2.60367 2.48557 2.48001 2.34851 2.32912 2.24563 2.14562 2.13543 2.01323 1.99357 1.89256 1.87752 1.78108 1.69754 1.65924 1.62008 1.51875 1.46856 1.4076 1.37796 1.31499 1.27056 1.24244 1.17627 1.1377 1.10401 1.07983 1.05862 1.04231 1.02555 1.00775 1.00252 1 1.00442 1.00735 1.02981 1.04805 1.06088 1.09398 1.13182 1.16123 1.21447 1.24598 1.27834 1.33761 1.37201 1.4374 1.5072 1.58805 1.65762 1.71866 1.7788 1.78824 1.91859 1.96665 2.068 2.13946 2.17413 2.22782 2.25445 2.34994 2.41818 2.52192 2.63473 2.66699 2.6931 2.8509 2.88379 2.99056 3.01988 3.14757 3.22261 3.25426 3.19111 3.29694 3.39705 3.45392 3.40325 3.53901 3.54523 3.67956 3.58145 3.57346 
3.67029 3.62889 3.59041 3.45778 3.42639 3.3273 3.29053 3.28511 3.20747 3.16977 3.06855 3.01325 2.97851 2.91628 2.96253 2.7773 2.66156 2.64048 2.63151 2.62411 2.43897 2.33769 2.27837 2.22849 2.15331 2.10442 2.01293 1.98593 1.87553 1.85236 1.74403 1.74492 1.63848 1.56416 1.53195 1.45323 1.42914 1.34925 1.34532 1.27537 1.22585 1.19093 1.15278 1.12426 1.07133 1.06233 1.02946 1.02335 1.00954 1.00225 1 1.00525 1.01265 1.02508 1.03985 1.0666 1.09178 1.1263 1.17656 1.20811 1.23967 1.29399 1.36083 1.38781 1.44359 1.50733 1.55629 1.63861 1.65973 1.78753 1.86582 1.86419 1.90363 2.06017 2.11075 2.18881 2.21454 2.37388 2.3183 2.40037 2.46509 2.61694 2.67744 2.62224 2.70112 2.90589 2.95254 2.98602 3.06711 3.18264 3.23235 3.33406 3.30788 3.44696 3.43549 3.4942 3.52636 3.56644 3.51892 3.60028 3.70358 
3.68299 3.6399 3.55101 3.48913 3.39144 3.40697 3.38613 3.27332 3.2585 3.06409 3.05527 3.05746 2.94841 2.87789 2.86487 2.75491 2.74376 2.63311 2.57222 2.60166 2.38744 2.39264 2.2751 2.2806 2.19775 2.11566 2.00529 1.95718 1.92314 1.82542 1.77176 1.73341 1.66313 1.54457 1.54688 1.47864 1.40731 1.36056 1.31882 1.29767 1.24084 1.20536 1.13204 1.11398 1.08312 1.05762 1.03706 1.02206 1.00721 0.999415 1 1.00265 1.01333 1.02297 1.04481 1.07007 1.08442 1.13914 1.16334 1.19551 1.24644 1.28341 1.34016 1.42343 1.42361 1.51851 1.5869 1.61488 1.71166 1.73853 1.81701 1.93044 1.9603 1.97971 2.1202 2.14426 2.2014 2.25188 2.38939 2.40965 2.47075 2.6504 2.76859 2.68192 2.77545 2.90577 2.95204 2.99275 3.04221 3.10621 3.21647 3.3193 3.44688 3.3594 3.31412 3.43617 3.50378 3.59188 3.62328 3.61562 3.69206 
3.69402 3.56214 3.55486 3.43653 3.455 3.37278 3.18012 3.25244 3.13474 3.09767 3.10187 3.00964 2.90749 2.90002 2.75647 2.67538 2.71876 2.68573 2.60387 2.55878 2.4438 2.34874 2.32157 2.2762 2.18181 2.09557 2.02522 1.95897 1.90682 1.84849 1.77345 1.71387 1.61878 1.60076 1.50342 1.47269 1.40844 1.36919 1.30617 1.27518 1.22396 1.18787 1.13649 1.11637 1.06376 1.06128 1.05027 1.01858 1.0052 1.00034 1 1.0041 1.01191 1.02449 1.03897 1.05826 1.09465 1.11724 1.16191 1.21422 1.20772 1.29803 1.32297 1.39178 1.47412 1.53798 1.57328 1.63026 1.65615 1.71581 1.81839 1.87484 1.90779 2.01939 2.10669 2.11956 2.21563 2.28667 2.41478 2.44606 2.54909 2.55004 2.72038 2.75511 2.8589 2.85397 2.89837 2.9661 3.03746 3.07945 3.278 3.21784 3.30418 3.48932 3.48334 3.43953 3.55409 3.54636 3.58811 3.70056 3.59302 
3.6362 3.55812 3.55071 3.49742 3.37914 3.30424 3.41928 3.26306 3.17294 3.08365 3.03077 3.03498 2.92 2.90916 2.81459 2.75878 2.69368 2.7195 2.60948 2.52621 2.42032 2.32728 2.32326 2.22176 2.15476 2.12839 2.01759 1.95629 1.96944 1.88461 1.76801 1.6878 1.64781 1.58251 1.54198 1.47168 1.4439 1.37549 1.33247 1.29241 1.22104 1.18856 1.14736 1.10638 1.09905 1.05448 1.03715 1.01759 1.00954 1.00302 1 1.00325 1.01467 1.0259 1.04615 1.05971 1.08649 1.12014 1.15471 1.17723 1.25451 1.29735 1.32229 1.40817 1.42157 1.48432 1.56444 1.62567 1.72265 1.72963 1.82332 1.87147 1.999 2.04018 2.02895 2.16032 2.22451 2.40024 2.38574 2.46466 2.62349 2.58328 2.66818 2.64068 2.73701 2.89147 2.89733 2.94546 3.0764 3.13814 3.15208 3.261 3.28069 3.35821 3.38773 3.42931 3.49245 3.48584 3.65326 3.44613 3.62896 
3.65557 3.63632 3.51322 3.47932 3.47442 3.33547 3.35798 3.31396 3.19887 3.18474 3.06099 2.98436 2.90993 2.8777 2.79993 2.80031 2.63602 2.63912 2.56459 2.52471 2.39429 2.39162 2.23394 2.24993 2.2188 2.10256 2.06764 1.99206 1.87765 1.83907 1.76413 1.71956 1.6362 1.60542 1.48907 1.49549 1.40263 1.35127 1.33491 1.26707 1.21493 1.18439 1.13081 1.11366 1.07984 1.04788 1.03122 1.01309 1.0072 1.00243 1 1.00176 1.0114 1.02555 1.04816 1.0586 1.09034 1.11782 1.16003 1.20979 1.24963 1.26208 1.36034 1.37629 1.4448 1.47787 1.56873 1.61603 1.63357 1.68915 1.796 1.84502 1.98643 1.96866 2.06836 2.12424 2.21894 2.2779 2.37367 2.39969 2.51848 2.53854 2.65252 2.68429 2.83416 2.8462 2.811 2.85776 3.06577 3.15269 3.07385 3.27905 3.34814 3.30812 3.35935 3.32995 3.50075 3.6099 3.6369 3.57253 3.70799 
3.69117 3.59912 3.54164 3.49829 3.50456 3.42994 3.27846 3.25031 3.17677 3.14015 3.09591 3.0307 2.95818 2.84941 2.7693 2.72598 2.65619 2.61127 2.59309 2.51275 2.45496 2.30437 2.26426 2.21309 2.19862 2.10036 2.01164 1.92722 1.91089 1.79519 1.75281 1.75968 1.64648 1.57711 1.53382 1.48859 1.42539 1.35596 1.34046 1.2726 1.21416 1.18387 1.15133 1.11112 1.09514 1.06113 1.03114 1.01907 1.00698 1.00139 1 1.00365 1.01104 1.02621 1.03297 1.05782 1.09272 1.12487 1.15711 1.20006 1.21734 1.2697 1.31795 1.3897 1.42581 1.46238 1.53335 1.59928 1.70439 1.7297 1.76581 1.89758 1.94526 2.02318 2.04554 2.10896 2.1565 2.27238 2.28001 2.40674 2.47409 2.5325 2.55412 2.62249 2.76383 2.91161 2.83918 2.95033 3.02981 3.11972 3.17593 3.25559 3.30421 3.30943 3.38395 3.34551 3.3566 3.52326 3.4941 3.6208 3.56269 
3.64888 3.63012 3.5137 3.48291 3.36961 3.3992 3.30811 3.20376 3.16103 3.1587 3.11642 3.01057 2.89399 2.8677 2.82403 2.78591 2.68304 2.62174 2.57636 2.57268 2.40645 2.35604 2.2675 2.21728 2.20487 2.07674 2.0043 1.98131 1.9074 1.83312 1.76705 1.72254 1.6551 1.60777 1.53069 1.49582 1.40237 1.37439 1.32454 1.27432 1.239 1.19156 1.16298 1.1195 1.09157 1.05072 1.04002 1.02061 1.01046 1.00021 1 1.00514 1.01011 1.03291 1.03324 1.05989 1.09081 1.116 1.12883 1.19626 1.26095 1.29134 1.34161 1.3967 1.43012 1.47825 1.52913 1.61944 1.66132 1.74874 1.79658 1.84781 1.90583 2.03546 2.04278 2.08718 2.10472 2.2021 2.2808 2.5028 2.36205 2.51422 2.71032 2.69486 2.80389 2.76139 2.74133 2.93812 3.00115 3.00687 3.11845 3.2074 3.3865 3.20151 3.34555 3.55203 3.43104 3.49933 3.56561 3.6543 3.70774 
3.62192 3.52642 3.59194 3.38082 3.45227 3.44148 3.24712 3.22959 3.20121 3.17904 3.08798 3.0401 2.95478 2.92266 2.76807 2.69593 2.71185 2.62172 2.6194 2.56888 2.44023 2.3725 2.28601 2.2007 2.21011 2.11686 2.0202 1.92163 1.85506 1.83191 1.74646 1.73132 1.67376 1.55751 1.5259 1.48064 1.41942 1.36352 1.32869 1.25164 1.24447 1.17247 1.14685 1.1054 1.08698 1.04809 1.03342 1.01905 1.01005 1.00061 1 1.00147 1.00881 1.02604 1.04334 1.05728 1.08317 1.12999 1.17071 1.18607 1.22608 1.26791 1.32211 1.39313 1.44703 1.53682 1.5079 1.59264 1.73246 1.74394 1.81018 1.85712 1.88663 2.01679 2.06299 2.0994 2.16774 2.35207 2.34519 2.46824 2.40732 2.54447 2.68923 2.69762 2.76169 2.82741 2.87496 3.00908 2.9722 3.05406 3.21821 3.26473 3.31712 3.31131 3.43745 3.52388 3.40525 3.6008 3.52203 3.58231 3.55017 
3.63887 3.60408 3.5757 3.43793 3.46175 3.35593 3.25604 3.16534 3.17371 3.145 3.07973 3.00249 2.96175 2.85513 2.81617 2.71683 2.65045 2.58676 2.56375 2.45846 2.43927 2.28211 2.29675 2.20939 2.1752 2.11916 2.02781 1.90011 1.86188 1.83628 1.74732 1.73312 1.66558 1.55968 1.54058 1.48478 1.37526 1.36183 1.31268 1.28947 1.22066 1.17953 1.16027 1.11913 1.08563 1.05881 1.04069 1.02199 1.00884 1.00086 1 1.00299 1.01058 1.02921 1.04925 1.06334 1.08326 1.12608 1.17316 1.20084 1.21539 1.27062 1.32 1.38872 1.40428 1.49575 1.50472 1.61752 1.6478 1.75383 1.75942 1.87008 1.90305 1.98553 2.01762 2.1293 2.20999 2.25328 2.34774 2.33906 2.45001 2.53402 2.62072 2.68703 2.71327 2.83231 2.92465 2.93926 3.06974 3.0498 3.04618 3.25373 3.27327 3.30687 3.34789 3.35917 3.48099 3.5127 3.44129 3.65571 3.51376 
3.69108 3.60943 3.57148 3.43426 3.43135 3.3371 3.38789 3.17137 3.12203 3.15748 3.02716 3.01081 2.90722 2.85477 2.82403 2.71219 2.66559 2.63749 2.57354 2.43865 2.4213 2.32644 2.31584 2.26911 2.13039 2.07881 2.01394 1.93474 1.87631 1.83364 1.74704 1.67612 1.6326 1.57626 1.54744 1.46289 1.41836 1.39946 1.31462 1.26423 1.22781 1.16136 1.15481 1.13632 1.08921 1.05371 1.0369 1.0197 1.00783 1.0013 1 1.00194 1.00841 1.01931 1.03925 1.05211 1.09197 1.11936 1.13533 1.17774 1.22824 1.29672 1.32684 1.36871 1.41553 1.45247 1.5085 1.57261 1.61582 1.73654 1.8262 1.82332 1.9246 1.98924 2.01563 2.14111 2.25816 2.23966 2.32723 2.29865 2.49351 2.56935 2.53572 2.58143 2.7405 2.75302 2.79998 2.89393 2.97026 3.1089 3.12265 3.26588 3.34811 3.36594 3.40766 3.4139 3.511 3.47428 3.52507 3.5616 3.57489 
3.59583 3.63897 3.59955 3.52705 3.35389 3.39482 3.30121 3.27578 3.14743 3.13631 2.9832 3.0013 2.95254 2.86064 2.86615 2.75892 2.65804 2.59862 2.53798 2.42553 2.40294 2.36404 2.36022 2.26112 2.1105 2.10674 2.04822 1.97782 1.88364 1.83258 1.74469 1.69139 1.59243 1.58468 1.50342 1.49166 1.38872 1.34821 1.30107 1.25529 1.23368 1.19678 1.15341 1.11463 1.09548 1.05614 1.03555 1.01878 1.00874 1.00278 1 1.00324 1.01149 1.02094 1.04532 1.06448 1.08766 1.11191 1.16646 1.2062 1.24056 1.288 1.34066 1.35758 1.44411 1.4954 1.52038 1.57903 1.70029 1.71839 1.8058 1.87907 1.87233 1.97212 2.03244 2.04626 2.1287 2.26876 2.35357 2.35105 2.44097 2.50869 2.55233 2.58561 2.70972 2.86937 2.81473 2.85367 3.05774 3.00863 3.12758 3.18499 3.28572 3.2677 3.28402 3.33771 3.39636 3.51487 3.49296 3.5375 3.49754 
3.58393 3.61282 3.47998 3.45853 3.47022 3.30848 3.25849 3.22458 3.19043 3.18564 3.01901 2.99949 2.91638 2.87038 2.83099 2.72825 2.6397 2.65019 2.5337 2.41615 2.42002 2.3892 2.32933 2.26812 2.15475 2.13538 2.04442 1.98111 1.93503 1.82067 1.75074 1.68113 1.64468 1.57115 1.53248 1.48418 1.42452 1.36236 1.35413 1.28181 1.2384 1.18404 1.14289 1.10872 1.07507 1.06591 1.03839 1.02116 1.00947 1.00302 1 1.00314 1.00993 1.02387 1.03329 1.05951 1.08609 1.10573 1.16947 1.19564 1.23531 1.25653 1.29594 1.36489 1.44606 1.49031 1.54166 1.56677 1.65215 1.70061 1.76966 1.88644 1.90599 1.95628 2.03585 2.09022 2.14725 2.15181 2.31889 2.39269 2.40044 2.5561 2.47985 2.68928 2.64685 2.75561 2.84215 2.91164 2.90076 3.0701 3.07161 3.20632 3.13015 3.27315 3.29122 3.43475 3.41551 3.39683 3.47652 3.61928 3.55176 
3.58257 3.64842 3.53945 3.48693 3.42383 3.32045 3.29448 3.23259 3.08607 3.10804 3.093 3.00351 2.98423 2.87981 2.80983 2.77023 2.63768 2.59103 2.5284 2.49407 2.42348 2.35857 2.27808 2.2124 2.10402 2.09502 2.02755 1.92207 1.87793 1.81125 1.76291 1.72782 1.68795 1.57366 1.53914 1.46533 1.43594 1.37651 1.31756 1.26846 1.2116 1.16907 1.15862 1.11785 1.07479 1.05355 1.04416 1.02681 1.01043 1.00249 1 1.00405 1.0128 1.02049 1.03946 1.05724 1.09096 1.11892 1.14739 1.16173 1.22393 1.27003 1.32284 1.38175 1.41323 1.47702 1.55636 1.56819 1.65649 1.713 1.78417 1.83847 1.8767 1.95907 2.0027 2.12444 2.16431 2.16673 2.24527 2.30043 2.38182 2.50015 2.55206 2.60561 2.78151 2.777 2.90774 2.83537 2.96904 2.97904 3.07068 3.15897 3.35821 3.30703 3.3394 3.39869 3.37432 3.31212 3.36571 3.51467 3.52653 
3.67892 3.61788 3.57912 3.45635 3.35091 3.39365 3.30928 3.18559 3.20171 3.16924 3.00806 2.97009 2.95884 2.92965 2.77431 2.71959 2.70212 2.59966 2.59183 2.47792 2.42476 2.33886 2.32068 2.21387 2.14141 2.07163 2.0796 1.94835 1.88008 1.81695 1.7569 1.70219 1.66669 1.61853 1.53938 1.45456 1.42248 1.36201 1.29838 1.28282 1.24227 1.19783 1.15164 1.10915 1.09765 1.05762 1.03241 1.02714 1.00937 1.00219 1 1.00158 1.01121 1.02323 1.05051 1.07671 1.08473 1.08805 1.13885 1.20171 1.26795 1.29033 1.31764 1.34894 1.40509 1.47608 1.49961 1.58906 1.62053 1.71919 1.754 1.80477 1.87649 1.95828 1.97082 2.10718 2.14856 2.24403 2.31779 2.37727 2.34407 2.50062 2.51636 2.60974 2.70183 2.73367 2.86978 2.9256 2.96738 3.07938 3.01386 3.2156 3.1932 3.2277 3.34396 3.4015 3.49804 3.30051 3.54588 3.57546 3.80156 
3.67849 3.61328 3.51826 3.48925 3.43354 3.376 3.23224 3.16239 3.21734 3.10485 3.16216 3.00329 2.91284 2.87474 2.82816 2.8371 2.63655 2.60032 2.56602 2.56453 2.41271 2.31621 2.27101 2.2271 2.20578 2.08756 2.03099 1.99202 1.90803 1.83548 1.80808 1.70807 1.63409 1.5969 1.52355 1.47562 1.4391 1.35725 1.28896 1.26409 1.21541 1.19852 1.14229 1.12121 1.08655 1.05908 1.03992 1.02526 1.00869 1.00495 1 1.00312 1.00729 1.02206 1.02585 1.06912 1.07331 1.12228 1.14636 1.18506 1.23078 1.25692 1.32584 1.35943 1.38288 1.48701 1.56114 1.5947 1.63635 1.73541 1.77584 1.84696 1.91798 1.96998 2.00772 2.0664 2.18494 2.18474 2.29139 2.34947 2.41363 2.553 2.49518 2.66303 2.63299 2.8704 2.83892 2.85753 2.87528 2.96004 3.06488 3.12794 3.10264 3.24346 3.22986 3.50705 3.38931 3.56459 3.55071 3.49267 3.55756 
3.65325 3.58571 3.51387 3.45701 3.41672 3.40206 3.40071 3.19404 3.14616 3.11468 3.01167 3.04254 3.01145 2.81855 2.79583 2.80892 2.71353 2.58605 2.57353 2.46469 2.46344 2.33838 2.25371 2.21642 2.14082 2.10941 2.03218 1.94701 1.89671 1.84129 1.7568 1.68558 1.67511 1.58009 1.53055 1.455 1.41108 1.37391 1.3202 1.27598 1.22481 1.17882 1.14077 1.12628 1.08006 1.05063 1.03841 1.02652 1.01034 1.00179 1 1.00292 1.00455 1.0166 1.03959 1.06127 1.08109 1.11159 1.16641 1.16609 1.22073 1.26189 1.31637 1.34472 1.39383 1.45483 1.51924 1.53183 1.68456 1.71532 1.73445 1.8104 1.93135 1.90119 1.97345 2.06716 2.18961 2.19417 2.2369 2.36232 2.40554 2.42133 2.60175 2.58522 2.73392 2.80864 2.79523 2.82603 3.01392 3.02584 3.09258 3.13692 3.13602 3.18468 3.23301 3.26647 3.37454 3.43375 3.3885 3.47309 3.43118 
3.67218 3.58806 3.49348 3.51099 3.29884 3.42155 3.30013 3.15805 3.20224 3.13959 3.01435 2.94576 2.96946 2.84089 2.84856 2.72964 2.70707 2.62832 2.57155 2.52711 2.39878 2.44496 2.27913 2.2583 2.13397 2.08257 2.04367 1.98498 1.92759 1.84197 1.78443 1.68328 1.64578 1.59777 1.5488 1.46815 1.41436 1.354 1.30292 1.2637 1.21896 1.18836 1.13558 1.12158 1.08469 1.06018 1.03633 1.02033 1.01215 1.00266 1 1.00353 1.01022 1.0269 1.03833 1.05639 1.07904 1.1169 1.1428 1.20005 1.22037 1.25346 1.29447 1.36328 1.38458 1.45804 1.52104 1.56825 1.59531 1.67703 1.74875 1.82171 1.87953 1.98241 1.99312 1.98409 2.16789 2.13743 2.25687 2.30133 2.43498 2.55629 2.54144 2.66312 2.65548 2.76075 2.78639 2.88388 2.96378 2.9769 3.07228 3.18884 3.26462 3.3028 3.2777 3.29632 3.41828 3.38517 3.43702 3.54184 3.51846 
3.68181 3.65008 3.55961 3.48644 3.35744 3.42271 3.3387 3.28474 3.15603 3.17543 3.00247 2.97519 2.95566 2.94339 2.82631 2.70911 2.64064 2.61676 2.59386 2.46519 2.48179 2.36107 2.2832 2.21853 2.20363 2.09733 2.03434 2.00136 1.93024 1.84933 1.80371 1.72336 1.66431 1.58358 1.52695 1.46959 1.43013 1.3757 1.30624 1.28037 1.21645 1.18755 1.17089 1.10599 1.07951 1.06225 1.04081 1.02897 1.012 1.00159 1 1.00346 1.01336 1.01525 1.02439 1.06261 1.06431 1.10734 1.13822 1.15438 1.20002 1.25114 1.29571 1.33796 1.3931 1.4588 1.50912 1.52491 1.64245 1.68577 1.75826 1.82577 1.82446 1.93198 1.99439 2.01542 2.16868 2.26704 2.35721 2.27921 2.41763 2.45116 2.51521 2.66629 2.65156 2.75262 2.69484 2.82254 3.03191 3.00908 3.09421 3.14853 3.046 3.13656 3.3603 3.3053 3.26544 3.44902 3.45243 3.48569 3.46922 
3.6685 3.63497 3.53225 3.51233 3.43901 3.3946 3.30035 3.28311 3.25659 3.16934 3.08312 3.00327 3.01536 2.90638 2.83509 2.73804 2.6909 2.5832 2.5577 2.48389 2.38362 2.35645 2.33371 2.24008 2.15311 2.09454 1.98596 1.96376 1.87936 1.87064 1.79701 1.69154 1.64007 1.61419 1.52719 1.44142 1.40721 1.37173 1.34658 1.26673 1.23227 1.20193 1.16747 1.11197 1.08642 1.06762 1.04561 1.02509 1.0104 1.00485 1 1.00045 1.01071 1.01307 1.03414 1.05523 1.08131 1.11844 1.12828 1.17432 1.192 1.25509 1.31385 1.33275 1.38873 1.43975 1.51839 1.56584 1.64274 1.73189 1.73659 1.82724 1.8821 1.97046 1.97677 2.06814 2.09655 2.23241 2.28116 2.27818 2.47064 2.46572 2.56367 2.59517 2.71963 2.80664 2.79672 2.81065 3.02743 3.01771 2.93126 3.04531 3.18251 3.15131 3.16111 3.25237 3.40801 3.42766 3.34568 3.54973 3.51724 
3.59267 3.62212 3.51288 3.53818 3.43562 3.44494 3.29017 3.19171 3.1211 3.13272 3.08224 2.97706 2.92947 2.92374 2.79977 2.74265 2.71524 2.66154 2.5449 2.49201 2.53113 2.37507 2.28704 2.2225 2.14848 2.07549 2.01585 1.97752 1.95352 1.86254 1.75366 1.72416 1.64997 1.60249 1.51771 1.46539 1.4301 1.3798 1.34488 1.27078 1.24157 1.19472 1.16446 1.12195 1.10156 1.05972 1.04576 1.02789 1.01256 1.00428 1 1.00117 1.00827 1.02015 1.03363 1.04658 1.06801 1.11718 1.14653 1.19047 1.18859 1.2667 1.30001 1.33274 1.40628 1.44304 1.49173 1.54423 1.60292 1.65906 1.76301 1.86559 1.8239 1.93858 2.00173 2.09841 2.07093 2.19728 2.26442 2.3389 2.4209 2.4145 2.60546 2.4996 2.6605 2.70462 2.83412 2.7825 2.84923 2.98225 2.95943 3.10053 3.05573 3.14154 3.21574 3.26826 3.20054 3.37015 3.37473 3.34534 3.57515 
3.70614 3.62904 3.59535 3.48746 3.44012 3.35516 3.33887 3.27656 3.16442 3.13631 3.0813 3.01433 2.9591 2.85508 2.7983 2.76197 2.67718 2.59555 2.55405 2.52696 2.38828 2.36029 2.28134 2.21197 2.13593 2.10569 2.03152 1.99077 1.9281 1.85651 1.77722 1.72454 1.64808 1.61018 1.53592 1.48199 1.42832 1.37573 1.32513 1.29762 1.23919 1.19084 1.15346 1.12081 1.08782 1.0538 1.04062 1.02413 1.0109 1.00407 1 0.99903 1.00881 1.01407 1.03447 1.06128 1.07094 1.10718 1.15071 1.17616 1.19763 1.28091 1.30426 1.35168 1.41534 1.44031 1.51481 1.5873 1.62832 1.65267 1.73937 1.77946 1.87576 1.84889 1.96894 2.03252 2.12336 2.22674 2.22344 2.26654 2.41354 2.43632 2.55026 2.52456 2.56788 2.64605 2.78914 2.79221 2.91465 2.93049 2.94593 2.95399 3.02722 3.06177 3.15219 3.29193 3.30356 3.25541 3.53718 3.40382 3.60983 
3.70508 3.65772 3.55938 3.46439 3.42622 3.38102 3.30724 3.27995 3.20774 3.14404 3.05504 2.98309 2.95847 2.85248 2.8664 2.75491 2.75082 2.64513 2.5483 2.47496 2.42167 2.35004 2.27665 2.23578 2.20573 2.16286 2.03437 1.99574 1.86621 1.85068 1.74938 1.72494 1.68472 1.6115 1.53888 1.44817 1.45196 1.36091 1.32881 1.29872 1.23468 1.18738 1.13873 1.10691 1.09765 1.06105 1.0457 1.02091 1.01247 1.00303 1 1.0022 1.00447 1.01501 1.02598 1.05905 1.07914 1.10183 1.15316 1.17018 1.22037 1.25294 1.28773 1.35094 1.38414 1.44331 1.4976 1.5305 1.56896 1.68902 1.6933 1.77357 1.84818 1.92694 1.93212 2.02054 2.09793 2.19266 2.2979 2.26741 2.37036 2.43759 2.57842 2.54071 2.6842 2.71383 2.65409 2.8314 2.8691 3.00813 3.10788 3.04901 3.20456 3.12872 3.24988 3.34218 3.37741 3.25012 3.27899 3.45672 3.51013 
3.63767 3.63557 3.57341 3.52019 3.49613 3.41418 3.21996 3.35638 3.24731 3.13626 3.0801 3.00792 2.90302 2.87046 2.80103 2.79936 2.69819 2.63164 2.5757 2.51022 2.4859 2.39467 2.29937 2.19475 2.16853 2.08669 2.07667 1.97219 1.88645 1.8474 1.78332 1.74211 1.67059 1.56968 1.52865 1.47585 1.44861 1.36749 1.32767 1.27717 1.25349 1.20668 1.15934 1.11141 1.08045 1.06171 1.03837 1.02586 1.01163 1.0039 1 0.999244 1.00592 1.02233 1.02877 1.06133 1.07313 1.11185 1.11747 1.17605 1.219 1.22516 1.31963 1.33638 1.38849 1.46632 1.50326 1.58243 1.61873 1.5944 1.75492 1.75459 1.80281 1.89814 1.94508 1.97932 2.08561 2.16186 2.18278 2.33448 2.36669 2.32889 2.44048 2.53957 2.65463 2.6653 2.72313 2.81418 2.85821 2.92511 3.03295 3.07816 3.07057 3.13833 3.15629 3.34476 3.31545 3.4083 3.43993 3.54678 3.53916 
3.68399 3.62578 3.61262 3.50621 3.46259 3.3467 3.31375 3.29648 3.20787 3.1423 3.0592 2.98669 2.96956 2.91827 2.87836 2.76932 2.73498 2.64665 2.58691 2.47697 2.41843 2.36767 2.25225 2.28522 2.16 2.11747 2.04941 1.94356 1.87483 1.86216 1.79312 1.73991 1.64497 1.61184 1.51546 1.50745 1.4349 1.38749 1.32526 1.27831 1.24782 1.20603 1.1733 1.13082 1.08733 1.06673 1.0458 1.02165 1.01413 1.00241 1 1.00079 1.00875 1.01641 1.03459 1.05217 1.0754 1.1061 1.124 1.15216 1.20283 1.23731 1.30973 1.33064 1.39168 1.46319 1.49976 1.53499 1.57345 1.70802 1.75221 1.80045 1.81389 1.94285 1.97636 2.02751 2.10232 2.19734 2.26238 2.34138 2.4646 2.40675 2.44713 2.55346 2.52667 2.67008 2.68153 2.90871 2.84588 2.86288 2.95074 3.09972 3.16952 3.16557 3.24592 3.21755 3.15449 3.2842 3.37108 3.4202 3.41424 
3.715 3.61341 3.58274 3.55377 3.46062 3.46456 3.37396 3.34285 3.24795 3.11666 3.09609 3.03897 2.96487 3.00352 2.87088 2.81755 2.74181 2.64389 2.54713 2.48189 2.4618 2.3729 2.29923 2.24835 2.19313 2.09579 2.04041 1.97146 1.90494 1.85075 1.77225 1.67513 1.66069 1.61092 1.51106 1.50061 1.42913 1.39412 1.3069 1.30287 1.23506 1.19485 1.17345 1.11768 1.09099 1.06774 1.03474 1.03079 1.01193 1.00424 1 0.999871 1.00753 1.01296 1.03735 1.05413 1.06814 1.11205 1.12984 1.18106 1.20286 1.23657 1.30896 1.34496 1.39714 1.43331 1.47956 1.5445 1.62121 1.65349 1.74122 1.73378 1.81937 1.94337 1.94845 2.03843 2.12103 2.14492 2.21044 2.40315 2.3579 2.50977 2.49089 2.49995 2.57826 2.66984 2.76019 2.81813 2.87552 2.84333 2.8953 3.05445 3.03158 3.24676 3.17981 3.38842 3.31616 3.31356 3.31645 3.43036 3.47012 
3.71536 3.59913 3.59408 3.52065 3.51284 3.33801 3.35731 3.32661 3.24976 3.20723 3.09806 3.06605 2.9862 2.9012 2.83549 2.78808 2.7213 2.63318 2.52945 2.46869 2.48211 2.35585 2.36063 2.20872 2.15242 2.06942 2.06925 1.97172 1.91059 1.85939 1.77836 1.71968 1.65165 1.59147 1.56116 1.49899 1.42083 1.38521 1.31873 1.30669 1.23733 1.1917 1.15559 1.12836 1.09907 1.07368 1.04777 1.02732 1.01401 1.00187 1 0.99888 1.00843 1.01238 1.0247 1.05329 1.06225 1.10587 1.13757 1.16482 1.21784 1.28296 1.30085 1.35173 1.37248 1.42816 1.47651 1.54769 1.59196 1.68589 1.72126 1.78244 1.86286 1.86705 1.9292 2.0393 2.06022 2.15831 2.24131 2.25961 2.28151 2.44787 2.56962 2.55137 2.59997 2.64729 2.80155 2.79389 2.86777 2.91719 2.94954 3.03925 3.11864 3.15956 3.21871 3.31997 3.34847 3.35601 3.27255 3.41589 3.47172 
3.65385 3.70447 3.56031 3.57868 3.53863 3.428 3.31746 3.26689 3.19555 3.20174 3.05873 3.09171 2.95309 2.9387 2.81209 2.77199 2.73293 2.67967 2.54986 2.53297 2.42758 2.40761 2.3458 2.28805 2.20305 2.12114 2.03513 1.97857 1.90273 1.84717 1.81176 1.74067 1.67639 1.61476 1.54767 1.50276 1.4106 1.38237 1.35391 1.28975 1.24776 1.19698 1.16546 1.13484 1.09028 1.07254 1.04015 1.02755 1.01414 1.00377 1 0.999966 1.00605 1.01692 1.0292 1.03732 1.06723 1.09226 1.11892 1.16906 1.20854 1.22277 1.2923 1.31078 1.36691 1.38641 1.48075 1.51285 1.57432 1.65622 1.71226 1.75036 1.83646 1.82363 1.9982 1.97209 2.10728 2.12202 2.19347 2.262 2.33995 2.43484 2.57467 2.55257 2.62461 2.69213 2.72826 2.81942 2.87644 2.84859 3.06019 3.05301 3.09909 3.08361 3.14304 3.21831 3.14465 3.34777 3.37256 3.48155 3.56446 
3.78296 3.64921 3.56358 3.52797 3.49146 3.36161 3.41987 3.25031 3.22861 3.15245 3.11959 2.98509 3.0672 2.92732 2.81177 2.87356 2.75589 2.65051 2.55102 2.51109 2.4185 2.42809 2.31127 2.28726 2.21089 2.10955 2.06894 2.04701 1.89842 1.83204 1.7879 1.69908 1.64966 1.6086 1.55735 1.50795 1.46231 1.38198 1.35093 1.30349 1.23725 1.20931 1.15821 1.13255 1.09155 1.07733 1.05142 1.02306 1.01503 1.004 1 0.999588 1.00533 1.01546 1.03305 1.0484 1.0756 1.08543 1.11834 1.17455 1.19026 1.23724 1.2605 1.29388 1.35933 1.45337 1.52736 1.56754 1.58256 1.60633 1.66457 1.71542 1.81606 1.90703 1.96155 1.94915 2.09908 2.13903 2.25179 2.1713 2.26205 2.43294 2.39815 2.48004 2.69501 2.65547 2.79998 2.69477 2.88925 2.84928 2.8637 3.09299 3.16604 3.10438 3.22247 3.25174 3.27914 3.31125 3.32425 3.44243 3.43754 
3.7699 3.70197 3.55692 3.48659 3.43951 3.42045 3.31544 3.35747 3.28665 3.13946 3.09049 3.04606 2.99489 2.934 2.94064 2.7737 2.66287 2.62367 2.57651 2.57899 2.49712 2.40274 2.31682 2.16482 2.19636 2.14461 2.03944 2.0072 1.90735 1.89134 1.78863 1.73604 1.66116 1.58717 1.53651 1.5368 1.43157 1.38451 1.36204 1.29384 1.24489 1.21505 1.16233 1.11623 1.09374 1.072 1.04459 1.02425 1.01593 1.00572 1 1.00001 1.00428 1.00721 1.02513 1.05041 1.05552 1.09182 1.13284 1.13883 1.16717 1.22898 1.28356 1.30917 1.37949 1.41971 1.49495 1.50156 1.57432 1.62907 1.67743 1.76731 1.76035 1.90505 1.84339 2.00904 2.06495 2.08582 2.20551 2.19852 2.29291 2.3278 2.44481 2.44165 2.57131 2.63574 2.70686 2.786 2.76591 2.80266 2.86859 3.03319 3.0537 3.1543 3.20425 3.29162 3.18036 3.16465 3.31692 3.54814 3.4128 
3.72768 3.71035 3.58702 3.48914 3.4568 3.34353 3.35123 3.29622 3.23147 3.17355 3.10967 3.07071 2.95549 2.90911 2.84544 2.78902 2.67295 2.68811 2.6166 2.54577 2.42967 2.36941 2.34078 2.21626 2.20595 2.16016 2.04846 2.02449 1.91776 1.89108 1.79543 1.7506 1.66029 1.63074 1.53785 1.49464 1.39722 1.39473 1.34311 1.29914 1.24491 1.19255 1.15849 1.14036 1.08944 1.06949 1.04548 1.02755 1.01538 1.00461 1 0.997053 1.00624 1.00698 1.03325 1.0313 1.06131 1.09913 1.11508 1.1667 1.20571 1.24029 1.2776 1.3325 1.37402 1.41769 1.46471 1.53631 1.54983 1.58612 1.68933 1.75184 1.75229 1.91132 1.92627 2.05795 2.0898 2.12648 2.11793 2.19042 2.36719 2.42964 2.45142 2.46449 2.6204 2.71102 2.72581 2.67489 2.88683 2.76039 3.00415 3.00698 2.99186 3.07836 3.05416 3.15429 3.15055 3.3391 3.34268 3.31461 3.31774 
3.72573 3.65555 3.62798 3.61368 3.44121 3.41536 3.27804 3.31691 3.25199 3.16324 3.09281 3.00714 2.95751 2.94001 2.81613 2.76142 2.73678 2.66816 2.62799 2.55486 2.43934 2.34171 2.28685 2.24737 2.19931 2.15368 2.06638 1.98678 1.91534 1.85975 1.83884 1.758 1.66805 1.60197 1.54052 1.50406 1.45223 1.377 1.3416 1.2904 1.24132 1.20094 1.16689 1.13719 1.0903 1.07413 1.04696 1.03209 1.01822 1.00357 1 1.00136 1.00269 1.01716 1.02527 1.05703 1.07752 1.0891 1.12715 1.1497 1.21752 1.24158 1.28149 1.30693 1.39421 1.41558 1.50091 1.54515 1.6381 1.66874 1.70123 1.74394 1.7645 1.90422 1.8897 1.99359 2.11721 2.17026 2.15062 2.19462 2.27909 2.42558 2.39892 2.4872 2.55668 2.67773 2.72724 2.79629 2.80255 2.89797 2.9776 2.96774 3.06124 3.1228 3.03348 3.18131 3.23705 3.24976 3.39125 3.34457 3.41105 
3.71067 3.59483 3.60983 3.5227 3.52798 3.40211 3.37256 3.31174 3.26876 3.19902 3.09896 3.06341 2.98425 2.79213 2.86647 2.76561 2.77482 2.67184 2.58508 2.53048 2.46975 2.40301 2.34675 2.29071 2.20184 2.12721 2.08579 1.99712 1.92186 1.84941 1.80332 1.7045 1.67834 1.61936 1.54547 1.47605 1.42931 1.40061 1.34431 1.27648 1.2381 1.2083 1.17116 1.14776 1.10028 1.0755 1.05201 1.02159 1.01051 1.00622 1 0.99964 1.00406 1.01038 1.02632 1.0383 1.05814 1.0815 1.12184 1.1392 1.18858 1.2184 1.27683 1.30653 1.37827 1.42281 1.52541 1.5102 1.61176 1.66401 1.65747 1.76069 1.81808 1.85396 1.8945 2.01102 2.09075 2.1123 2.17573 2.32788 2.30139 2.42821 2.42426 2.48981 2.47048 2.55683 2.65721 2.65044 2.71468 2.81962 2.93114 2.93013 2.9977 3.22734 3.06143 3.20143 3.35678 3.18327 3.32253 3.36401 3.2466 
3.76079 3.60199 3.57734 3.50363 3.44526 3.4294 3.33988 3.31132 3.22144 3.0346 3.03073 3.08536 2.9377 2.99681 2.90905 2.75669 2.65423 2.70071 2.59831 2.55854 2.4304 2.37816 2.33722 2.26874 2.22653 2.145 2.04674 1.97518 1.94264 1.86054 1.81679 1.73303 1.68976 1.61053 1.5431 1.49993 1.45604 1.39849 1.33213 1.28247 1.2625 1.20056 1.17105 1.12598 1.10862 1.08135 1.04314 1.02616 1.01769 1.00631 1 0.999679 1.00149 1.01774 1.02317 1.03196 1.05744 1.08523 1.12188 1.15 1.20242 1.19508 1.28814 1.29748 1.35173 1.41189 1.44641 1.46045 1.62019 1.60564 1.70678 1.71176 1.78478 1.87265 1.85192 1.9593 2.01858 2.16024 2.09023 2.32623 2.31952 2.383 2.41717 2.48301 2.5717 2.60618 2.78989 2.71606 2.83115 2.92089 2.93183 2.92068 3.13158 3.05187 3.04791 3.10075 3.27279 3.2196 3.28039 3.35519 3.467 
3.72702 3.67126 3.61301 3.56158 3.51354 3.44564 3.36048 3.30632 3.21406 3.20218 3.15298 3.09781 2.95485 2.96342 2.907 2.80251 2.70699 2.69875 2.56926 2.53094 2.49359 2.41977 2.2936 2.2528 2.15802 2.14298 2.09545 1.98992 1.89595 1.85849 1.82438 1.73149 1.67434 1.62387 1.56013 1.49807 1.44976 1.4002 1.35663 1.29013 1.26317 1.18326 1.17072 1.14381 1.0973 1.06534 1.0508 1.0254 1.01579 1.0053 1 0.999777 0.999871 1.0122 1.02366 1.03855 1.06514 1.09016 1.11103 1.16069 1.17296 1.23388 1.25585 1.31206 1.37469 1.38527 1.46004 1.46012 1.53737 1.67139 1.6493 1.74314 1.79905 1.87696 1.9202 2.01563 2.05719 2.12186 2.18447 2.134 2.29187 2.43095 2.34592 2.44731 2.55346 2.6707 2.69576 2.74745 2.7607 2.86503 2.88068 2.95559 3.05259 3.21176 3.07521 3.13498 3.23699 3.32593 3.32486 3.27684 3.50739 
3.76128 3.60493 3.67858 3.61884 3.50205 3.50769 3.35462 3.34986 3.22535 3.17932 3.16544 3.06324 2.97311 2.9352 2.93436 2.86672 2.7943 2.66728 2.66243 2.57235 2.43345 2.38703 2.36051 2.25136 2.17524 2.13072 2.0763 2.00003 1.92604 1.83099 1.83436 1.73973 1.69897 1.65316 1.58468 1.49962 1.45862 1.3931 1.32711 1.29493 1.26173 1.21361 1.15416 1.13263 1.09645 1.06662 1.04727 1.03558 1.01435 1.00361 1 1.00132 1.00564 1.01657 1.00995 1.04687 1.06132 1.08242 1.13204 1.13831 1.17932 1.21047 1.25899 1.26653 1.33545 1.38021 1.43741 1.4638 1.58039 1.62497 1.67978 1.74655 1.81209 1.85533 1.91717 1.98567 1.97457 2.15318 2.17466 2.21362 2.31811 2.36469 2.41689 2.48653 2.45825 2.60062 2.60456 2.64427 2.81236 2.88834 2.82974 2.96798 2.96836 2.96766 3.03067 2.94801 3.20797 3.13911 3.19192 3.23584 3.42489 
3.72151 3.63916 3.56037 3.49391 3.55181 3.4631 3.46769 3.28581 3.25897 3.18883 3.1837 3.07884 3.00806 2.91199 2.85181 2.82518 2.69186 2.62116 2.62204 2.53637 2.46985 2.418 2.30136 2.27008 2.17411 2.1591 2.064 2.02027 1.91044 1.88244 1.82815 1.73907 1.66668 1.60395 1.55604 1.51016 1.43954 1.37762 1.32975 1.31893 1.25639 1.20312 1.17799 1.13566 1.09812 1.07738 1.0438 1.02923 1.0159 1.00355 1 0.998481 1.00098 1.01253 1.02745 1.03202 1.07043 1.0892 1.09347 1.12832 1.17661 1.21367 1.26787 1.30368 1.37794 1.43403 1.46771 1.49168 1.55533 1.65268 1.69038 1.75143 1.78516 1.79435 1.90415 1.94844 2.08933 2.17839 2.07274 2.2618 2.22468 2.36427 2.37515 2.36391 2.49609 2.64403 2.79867 2.61285 2.76502 2.65774 2.91676 2.8829 2.93087 3.02819 3.02876 3.12704 3.07782 3.19496 3.20137 3.28458 3.43004 
3.71777 3.64557 3.51715 3.58611 3.48575 3.45429 3.3668 3.31848 3.30494 3.19015 3.12066 3.13977 2.99713 2.88825 2.83541 2.86024 2.68266 2.5906 2.64529 2.51902 2.49119 2.43101 2.33035 2.26148 2.20803 2.16989 2.08783 2.01724 1.94884 1.8629 1.77041 1.76732 1.72485 1.64923 1.56787 1.5019 1.45096 1.37337 1.36828 1.27925 1.25084 1.22667 1.18383 1.12318 1.10083 1.07222 1.05108 1.0352 1.01717 1.00621 1 0.99782 1.00355 1.01195 1.01858 1.04205 1.06221 1.08833 1.09511 1.14133 1.16348 1.24818 1.23266 1.29267 1.35712 1.39086 1.45165 1.53406 1.60312 1.63351 1.64727 1.74554 1.80609 1.85482 1.89249 1.93982 1.93479 2.10348 2.08583 2.21242 2.30465 2.28886 2.41851 2.40006 2.49537 2.50556 2.56536 2.70036 2.71405 2.70511 2.89616 3.02423 2.85886 2.80907 3.04939 3.15591 3.2707 3.25987 3.18905 3.30306 3.18406 
3.64584 3.71376 3.61586 3.55705 3.635 3.43807 3.41252 3.30146 3.27138 3.26783 3.06368 3.13732 2.97704 2.88347 2.9109 2.7711 2.72545 2.68633 2.54029 2.54732 2.43437 2.41669 2.32174 2.27709 2.21678 2.09797 2.07975 1.95576 1.94835 1.92098 1.77971 1.75377 1.69882 1.61568 1.55866 1.49439 1.4566 1.40998 1.36119 1.30335 1.26009 1.21831 1.17643 1.13746 1.1042 1.06968 1.04814 1.02786 1.01431 1.00796 1 0.997093 1.00799 1.01541 1.02389 1.0474 1.05365 1.08029 1.09862 1.16042 1.1601 1.23954 1.28649 1.28799 1.34893 1.4119 1.44805 1.50233 1.53836 1.59462 1.67445 1.74968 1.8256 1.82684 1.91101 1.96755 2.00561 2.14761 2.16749 2.2846 2.25165 2.29698 2.35082 2.46855 2.49241 2.56381 2.67389 2.67525 2.76864 2.68304 2.90028 2.99361 2.91407 3.04791 3.08681 3.15135 3.13698 3.22338 3.14301 3.53874 3.41555 
3.76571 3.76124 3.55823 3.58466 3.47011 3.46007 3.38319 3.37303 3.25938 3.17023 3.10692 3.06193 2.95884 2.95354 2.89559 2.80242 2.62085 2.76048 2.6464 2.51865 2.4831 2.39482 2.34183 2.3081 2.22583 2.15711 2.08356 1.99383 1.9626 1.86043 1.78173 1.7923 1.67361 1.65146 1.56663 1.5127 1.44776 1.40028 1.3171 1.31106 1.25683 1.20684 1.18396 1.14378 1.11243 1.07465 1.05466 1.02779 1.01826 1.00542 1 0.99815 1.00126 1.00458 1.03001 1.0433 1.06219 1.09973 1.12294 1.14581 1.14867 1.19922 1.22839 1.33039 1.36048 1.39682 1.39464 1.47965 1.58424 1.61387 1.70002 1.72093 1.84121 1.84153 1.89021 2.00729 1.98031 2.0331 2.04509 2.21924 2.19892 2.29111 2.36341 2.44755 2.44303 2.65937 2.68927 2.68661 2.62632 2.84741 2.86643 3.01608 2.87824 3.14242 3.21589 3.20841 3.13974 3.26468 3.27757 3.37064 3.36602 
3.70353 3.64309 3.64391 3.65557 3.51659 3.44287 3.42006 3.2823 3.23048 3.13719 3.15787 2.99888 2.98547 2.85606 2.92098 2.83348 2.79619 2.69692 2.59307 2.52878 2.47731 2.41595 2.33559 2.25182 2.20522 2.16588 2.06426 2.00123 1.94263 1.84238 1.82744 1.756 1.65229 1.61997 1.58366 1.51336 1.44548 1.39745 1.34179 1.31055 1.27088 1.21351 1.18705 1.13889 1.09632 1.07258 1.05913 1.03235 1.01587 1.00765 1 0.998448 1.00444 1.01353 1.02003 1.04335 1.06375 1.07397 1.09791 1.1404 1.13845 1.21017 1.26209 1.33937 1.33315 1.39108 1.52449 1.46251 1.51065 1.55679 1.69496 1.68769 1.79097 1.83362 1.95825 1.90685 2.00439 2.05284 2.16707 2.19 2.35066 2.27818 2.49081 2.32702 2.52376 2.49992 2.61154 2.68853 2.84513 2.70075 2.72841 2.92937 2.96827 2.96607 3.03756 3.08166 3.11958 3.24017 3.23204 3.22835 3.31475 
3.75284 3.6631 3.58304 3.63803 3.59813 3.52837 3.33241 3.3531 3.25363 3.20966 3.20963 3.01285 3.01805 2.96879 2.88943 2.80933 2.7149 2.71633 2.65453 2.57212 2.43131 2.40434 2.37574 2.27015 2.22741 2.16461 2.07561 2.03336 1.94364 1.86184 1.79588 1.72603 1.6755 1.62796 1.58047 1.51033 1.45589 1.37036 1.35554 1.33203 1.2488 1.20846 1.16218 1.14495 1.09466 1.07301 1.05043 1.02942 1.01933 1.00527 1 0.997727 0.995148 1.00292 1.02205 1.03343 1.07376 1.08913 1.12859 1.15485 1.21107 1.19727 1.26262 1.26169 1.33936 1.40927 1.4207 1.45634 1.52181 1.59231 1.62695 1.64126 1.85423 1.87125 1.79047 1.96343 1.97061 2.15294 2.05536 2.16723 2.29349 2.1355 2.35338 2.48081 2.54676 2.59166 2.50993 2.57881 2.70678 2.72078 2.841 2.90958 2.9003 2.75236 3.03115 3.17138 3.00682 3.20418 3.21217 3.21191 3.23501 
3.81208 3.70751 3.63139 3.56205 3.497 3.42727 3.42747 3.2955 3.1804 3.11893 3.13909 3.07457 3.10776 2.94427 2.90113 2.83732 2.78101 2.71073 2.59668 2.51491 2.5689 2.46229 2.33564 2.20073 2.25984 2.14612 2.09619 2.0139 1.93124 1.87476 1.83068 1.78435 1.68238 1.62832 1.53979 1.48617 1.46139 1.38442 1.33695 1.31535 1.26566 1.22858 1.16812 1.13683 1.09815 1.07336 1.05446 1.03306 1.02355 1.0047 1 0.998793 0.999122 1.01024 1.01636 1.04632 1.05623 1.08672 1.0995 1.13305 1.19473 1.22038 1.21917 1.2914 1.39479 1.39004 1.44469 1.4948 1.5061 1.63215 1.59902 1.65196 1.86779 1.87611 1.95633 1.95155 1.98683 1.99883 2.05283 2.11102 2.26345 2.3414 2.16315 2.37198 2.60121 2.47298 2.66624 2.64096 2.76149 2.92489 2.95142 3.0242 2.9004 2.92547 3.1467 3.05519 3.06386 3.11906 3.19095 3.1338 3.37391 
3.77973 3.63778 3.64242 3.53575 3.53798 3.49108 3.37183 3.28142 3.25055 3.21101 3.21018 3.01655 2.9336 2.85691 2.95743 2.80289 2.76512 2.73922 2.58215 2.52416 2.51423 2.39826 2.31725 2.29554 2.25897 2.17119 2.08945 1.99127 1.94132 1.88334 1.82195 1.73034 1.69054 1.63371 1.60555 1.49136 1.45345 1.41593 1.32986 1.31154 1.24318 1.22286 1.17125 1.13602 1.11033 1.0649 1.05788 1.02789 1.01709 1.00681 1 0.998116 0.995403 1.0085 1.02433 1.04079 1.03675 1.06201 1.10956 1.13062 1.19919 1.21486 1.22685 1.30346 1.34875 1.43155 1.44155 1.46249 1.61334 1.51105 1.60137 1.66967 1.70334 1.77069 1.80733 1.77441 2.04098 2.16454 2.11536 2.22221 2.21248 2.42424 2.36594 2.30518 2.53085 2.61178 2.62141 2.60502 2.75455 2.81795 2.79572 2.93356 3.07343 3.06485 3.09475 2.87276 3.10529 2.9972 3.09291 3.2121 3.29472 
3.81709 3.73724 3.72852 3.56231 3.49002 3.44118 3.36361 3.31918 3.2081 3.21849 3.20566 3.10256 2.99387 2.92171 2.89273 2.8018 2.72482 2.70099 2.63351 2.53498 2.52405 2.37545 2.34072 2.25575 2.23718 2.16244 2.04959 2.04502 1.95903 1.90271 1.78741 1.71525 1.70947 1.633 1.58463 1.52647 1.43731 1.39708 1.36054 1.29415 1.26274 1.23609 1.19101 1.14315 1.12306 1.06921 1.05942 1.03134 1.02295 1.00287 1 0.995451 1.00046 1.00611 1.02167 1.03539 1.05186 1.09914 1.08025 1.11906 1.18891 1.20992 1.2427 1.26079 1.34133 1.43911 1.42655 1.5544 1.49681 1.58643 1.64069 1.72862 1.71959 1.80589 1.82405 1.87073 1.9907 2.1122 2.12751 2.03112 2.29407 2.19417 2.36238 2.38723 2.43608 2.52731 2.56518 2.75619 2.52409 2.75339 2.88132 2.90803 3.14018 2.86763 2.91356 3.06681 3.06735 3.00394 3.00516 3.11593 3.30259 
3.78014 3.68509 3.60344 3.53654 3.50389 3.50775 3.41523 3.29298 3.25405 3.25434 3.09904 3.14571 2.95381 2.95065 2.89555 2.79351 2.81236 2.68496 2.65651 2.55025 2.51 2.42062 2.38415 2.26378 2.19424 2.09988 2.09377 1.99327 1.88318 1.91792 1.82431 1.77625 1.67174 1.6075 1.56412 1.5161 1.4664 1.40881 1.34776 1.32406 1.24087 1.22427 1.18564 1.13971 1.11576 1.08166 1.06435 1.02792 1.01918 1.00925 1 0.99925 0.998486 1.00779 1.01632 1.02774 1.04875 1.07906 1.12873 1.13753 1.1606 1.1801 1.21414 1.33061 1.38111 1.38521 1.48111 1.4481 1.55978 1.58681 1.61322 1.60355 1.75536 1.80941 1.87796 2.00045 2.05178 2.08179 2.22503 2.14728 2.15613 2.41491 2.4761 2.4493 2.69726 2.47135 2.49826 2.58037 2.70097 2.83428 2.83212 2.90782 2.94061 2.91307 2.9876 3.07711 3.24331 3.10932 3.08248 3.28565 3.38181 
3.76763 3.66334 3.63703 3.63991 3.48857 3.45721 3.38073 3.34145 3.2639 3.21014 3.13119 3.10161 3.01614 2.96641 2.92115 2.76907 2.7458 2.71021 2.58501 2.54353 2.45648 2.43545 2.32518 2.30221 2.17347 2.15723 2.1056 2.04712 1.9695 1.8877 1.80464 1.74753 1.70712 1.61415 1.54488 1.51963 1.46549 1.3771 1.34417 1.32976 1.27083 1.20802 1.17621 1.13827 1.10169 1.0811 1.0473 1.03373 1.01505 1.00566 1 0.996867 0.998953 1.00834 1.03205 1.03449 1.04201 1.07983 1.11178 1.1239 1.19726 1.20604 1.26163 1.26498 1.34019 1.37744 1.35036 1.53216 1.51674 1.60934 1.56219 1.76445 1.83509 1.75663 1.83738 1.95866 2.01604 2.13217 2.06351 2.15755 2.16313 2.45951 2.21756 2.52156 2.49543 2.54644 2.51077 2.60636 2.79418 2.77277 2.73118 2.68459 2.87527 2.99163 2.90552 3.07186 3.13624 3.21736 2.99264 3.1337 3.21958 
3.85554 3.71547 3.68233 3.56711 3.58272 3.43864 3.37339 3.3347 3.26996 3.1992 3.20975 3.15996 3.03452 2.94803 2.80551 2.90041 2.7461 2.69977 2.65897 2.56264 2.50645 2.45525 2.34034 2.35898 2.20654 2.15505 2.15 2.05085 1.88774 1.87639 1.80585 1.76809 1.67933 1.64352 1.55485 1.52355 1.46712 1.40174 1.38403 1.32964 1.25751 1.22884 1.17385 1.14453 1.09998 1.08658 1.05415 1.03494 1.01712 1.0065 1 1.00112 1.00217 1.00648 1.02342 1.04152 1.06494 1.08334 1.10606 1.09639 1.16996 1.21994 1.23509 1.24333 1.35188 1.36191 1.39462 1.4537 1.47616 1.55575 1.73567 1.62588 1.75872 1.75432 1.82625 1.83755 2.05688 1.93765 2.15727 2.1902 2.16448 2.21556 2.4389 2.43075 2.63705 2.65543 2.55966 2.75873 2.54884 2.74209 2.70547 2.78417 2.98392 2.88569 2.98561 3.15713 3.09679 3.18138 3.19582 3.49149 3.19273 
3.79526 3.79048 3.58998 3.5519 3.49473 3.46809 3.34833 3.36523 3.29149 3.20146 3.14035 3.15607 2.9961 2.877 2.83551 2.8626 2.80989 2.63807 2.60636 2.58534 2.53837 2.4036 2.33113 2.29457 2.19428 2.12904 2.0871 2.03436 1.94456 1.90107 1.79911 1.74309 1.69996 1.65891 1.60043 1.50195 1.45532 1.40419 1.35303 1.32993 1.2531 1.22248 1.18719 1.144 1.1114 1.07336 1.04897 1.03242 1.02255 1.01011 1 0.999047 0.998464 0.999216 1.01436 1.0309 1.04737 1.04653 1.07919 1.11186 1.14671 1.15051 1.24029 1.27609 1.40664 1.38546 1.47843 1.40499 1.48668 1.61717 1.65135 1.77579 1.77847 1.71138 1.89493 1.98566 1.96241 1.97852 2.07691 2.20658 2.1919 2.26034 2.20714 2.36787 2.30572 2.5152 2.65384 2.69971 2.83584 2.76049 2.76184 2.8859 2.64891 2.97126 2.86343 3.15702 3.08711 3.13545 3.36462 2.97711 3.30756 
3.76181 3.71916 3.633 3.61944 3.5057 3.45997 3.44933 3.3371 3.25307 3.13483 3.07115 2.99336 3.07674 3.04255 2.89249 2.87372 2.76073 2.67481 2.67159 2.56499 2.4654 2.39975 2.32947 2.3063 2.24721 2.10661 2.04171 1.96604 1.93422 1.86772 1.79327 1.73649 1.71918 1.6347 1.55016 1.54137 1.45288 1.39803 1.3372 1.32018 1.26852 1.23642 1.19347 1.16173 1.10318 1.08372 1.0549 1.02914 1.02478 1.00614 1 0.999131 1.00175 1.00431 1.01612 1.01604 1.04312 1.09004 1.10331 1.13808 1.20595 1.18745 1.21976 1.24876 1.23413 1.35981 1.48379 1.48377 1.50783 1.58291 1.59576 1.72857 1.60991 1.91031 2.00283 1.91843 2.01727 1.98235 1.97393 2.16085 2.4068 2.20322 2.14088 2.45744 2.57189 2.4398 2.66012 2.73152 2.79462 2.61799 2.78152 2.90837 2.75284 2.7464 3.10384 2.71215 2.6875 3.2441 2.9329 3.12478 3.27911 
3.70818 3.77858 3.58191 3.49386 3.51326 3.52912 3.45536 3.28166 3.23684 3.23957 3.14946 3.11155 3.01959 2.95819 2.9654 2.85462 2.76056 2.71473 2.60824 2.55198 2.5001 2.41959 2.33818 2.30267 2.22515 2.12066 2.08019 2.03356 1.96566 1.92291 1.79185 1.74553 1.67117 1.64727 1.59272 1.5131 1.45003 1.3952 1.35912 1.32219 1.26388 1.21135 1.16536 1.13716 1.10159 1.08024 1.05346 1.03351 1.01779 1.00829 1 0.996137 0.998242 1.0171 1.0222 1.03077 1.048 1.03634 1.12603 1.11926 1.16376 1.2011 1.25117 1.30616 1.32368 1.44695 1.39495 1.40826 1.5078 1.548 1.62515 1.69103 1.6416 1.92807 1.95171 1.83911 1.88744 2.07291 2.0908 2.1513 2.23632 2.19466 2.12758 2.46927 2.38877 2.37349 2.63909 2.52639 2.70877 2.89775 2.72719 2.8017 2.98849 2.84559 2.73848 3.02415 3.31583 3.07614 3.32068 3.16854 3.28702 
3.78776 3.76569 3.58307 3.56713 3.53116 3.46585 3.43891 3.37527 3.34669 3.20382 3.13753 3.06838 3.0753 2.88125 2.86426 2.76879 2.76721 2.70744 2.6352 2.5252 2.47044 2.43185 2.35542 2.31371 2.23444 2.1217 2.06782 1.97839 1.95495 1.85604 1.859 1.77504 1.71398 1.63697 1.57553 1.5179 1.44007 1.41273 1.35134 1.306 1.2576 1.23029 1.19271 1.13715 1.10451 1.09264 1.04784 1.04126 1.0258 1.00866 1 0.997765 0.989138 1.01392 1.02859 1.02051 1.03993 1.09042 1.10626 1.15477 1.18575 1.23174 1.23473 1.27059 1.41151 1.32769 1.48865 1.48141 1.51887 1.60137 1.57049 1.62395 1.73361 1.73468 1.85016 2.01265 2.03509 2.14978 2.09292 2.1555 2.21868 2.10863 2.09899 2.4222 2.56248 2.59874 2.57417 2.64194 2.73826 2.69533 2.9555 2.73528 2.79948 3.18434 2.81459 3.0012 2.94382 2.8374 3.15942 2.6972 3.22561 
3.83821 3.81019 3.64335 3.58352 3.52814 3.50683 3.51471 3.38782 3.28779 3.16831 3.21758 3.08986 2.97432 2.95608 2.92224 2.84024 2.78941 2.69004 2.5773 2.59271 2.51858 2.41724 2.31302 2.30276 2.19098 2.11363 2.10804 2.04358 1.95561 1.9152 1.80304 1.7754 1.69692 1.61919 1.59554 1.51821 1.45412 1.39774 1.35019 1.31832 1.24628 1.19243 1.17759 1.1497 1.12358 1.08184 1.05518 1.03945 1.0175 1.00897 1 0.997403 0.994081 1.01758 1.0025 1.01892 1.03041 1.03412 1.07578 1.08607 1.16863 1.18927 1.26717 1.29775 1.30411 1.34712 1.40623 1.4429 1.51563 1.64123 1.63723 1.67555 1.66592 1.83886 1.84421 1.87646 1.91382 2.00336 1.91901 2.09985 2.14491 2.22644 2.27942 2.36767 2.30558 2.67285 2.51181 2.3802 2.61255 2.60629 2.75946 2.92662 2.71314 2.83931 2.88194 2.63039 2.83731 3.17741 3.06046 3.17465 3.16737 
3.79817 3.75262 3.64171 3.65946 3.47664 3.45571 3.40704 3.28789 3.19496 3.23601 3.16561 3.10845 3.04449 2.89609 2.93265 2.8291 2.75253 2.67583 2.57095 2.54737 2.48737 2.36182 2.38236 2.29754 2.22359 2.17126 2.08723 2.03897 1.93969 1.86542 1.82211 1.73698 1.69676 1.64174 1.56807 1.51815 1.48877 1.39025 1.3631 1.29473 1.28471 1.24877 1.17656 1.14048 1.10784 1.07559 1.06473 1.03578 1.02511 1.00759 1 0.997804 0.997293 0.997951 1.02668 1.04496 1.05772 1.07023 1.08203 1.14489 1.15105 1.18927 1.2993 1.27498 1.29301 1.42583 1.3699 1.5239 1.54265 1.54422 1.69082 1.64004 1.64847 1.86006 1.72272 1.9271 1.95765 2.04902 2.08932 2.28169 2.29223 2.07215 2.33515 2.48505 2.59808 2.19197 2.66712 2.81444 2.74327 2.66999 2.96975 2.78278 2.78963 2.94816 2.99773 3.22887 3.29113 2.93396 2.9253 3.20155 3.0643 
3.83477 3.70401 3.77284 3.57767 3.54486 3.54219 3.33303 3.28639 3.30869 3.1945 3.1355 3.1527 3.04504 2.95393 2.89379 2.91502 2.74721 2.67193 2.60898 2.6211 2.39947 2.45279 2.37682 2.30951 2.20109 2.14446 2.05771 1.95359 1.94883 1.88714 1.81072 1.78723 1.69759 1.63296 1.57961 1.48271 1.48316 1.40807 1.37677 1.28201 1.2591 1.21952 1.19302 1.1373 1.12256 1.06937 1.06054 1.03566 1.01573 1.00803 1 0.998836 0.995832 0.996239 1.01422 1.01937 1.04581 1.07373 1.11242 1.13349 1.15802 1.22709 1.16796 1.23757 1.33918 1.3984 1.49031 1.42108 1.46728 1.52543 1.49185 1.65964 1.70241 1.6768 1.91777 1.81503 1.82566 1.96492 1.98695 2.04042 2.21894 2.07077 2.3121 2.38251 2.31009 2.24728 2.78671 2.56384 2.49964 2.71296 2.97318 3.10172 2.64505 2.81453 3.04584 3.0126 2.92532 3.02072 3.20499 3.47154 3.21052 
3.75893 3.69173 3.68703 3.66027 3.53007 3.4161 3.33571 3.31743 3.26217 3.25386 3.15831 3.09688 2.98759 3.00053 2.93573 2.76882 2.70731 2.67735 2.60335 2.51309 2.47911 2.43164 2.36364 2.25057 2.20471 2.14503 2.08629 2.01003 1.91556 1.8768 1.82934 1.74511 1.68307 1.62078 1.58468 1.50664 1.46876 1.39286 1.36953 1.32346 1.2703 1.21918 1.1777 1.15137 1.10748 1.08639 1.05905 1.03172 1.01237 1.01059 1 0.998914 0.99192 1.00795 1.02016 1.01861 1.07498 1.05843 1.09606 1.13414 1.15739 1.19169 1.25819 1.23597 1.27351 1.34115 1.3725 1.53271 1.46817 1.47383 1.63387 1.69386 1.79186 1.81928 1.86769 1.84104 2.04521 1.9756 1.98805 1.977 2.35351 2.33334 2.29744 2.31704 2.23337 2.45191 2.74391 2.93837 2.70752 2.75657 2.71184 3.01048 2.67988 2.83783 2.88881 2.84887 3.20662 3.01738 3.15191 3.41814 3.08819 
3.75327 3.73165 3.60027 3.54976 3.51349 3.42449 3.48136 3.41604 3.2212 3.16881 3.22182 3.08393 3.0051 2.97429 2.89664 2.80771 2.81234 2.67977 2.63037 2.61347 2.50089 2.39741 2.37939 2.32277 2.24253 2.18105 2.07366 2.00664 1.99025 1.85897 1.8064 1.7646 1.72147 1.66472 1.61613 1.5095 1.4726 1.40657 1.34589 1.29167 1.25187 1.22506 1.17946 1.15387 1.12098 1.08013 1.06186 1.02872 1.02626 1.01092 1 0.997693 1.00078 1.01158 1.01393 1.03064 1.06339 1.06623 1.08793 1.14714 1.14765 1.16605 1.27464 1.29014 1.35078 1.35293 1.45831 1.3884 1.34804 1.5992 1.5457 1.67016 1.78224 1.68832 1.95288 2.07541 1.84934 1.86741 1.97529 2.19972 2.05727 2.18631 2.34491 2.35902 2.4741 2.33022 2.49599 2.76024 2.32887 2.75583 2.8598 2.94247 2.52269 2.50982 2.68597 2.85722 3.17862 2.55036 2.6334 3.05191 3.33754 
3.67681 3.79376 3.59717 3.63902 3.5667 3.45811 3.40102 3.41662 3.32701 3.11024 3.17941 3.1165 3.01982 2.92991 2.84991 2.8741 2.73206 2.65358 2.67232 2.57671 2.54018 2.39659 2.33609 2.26404 2.18333 2.13975 2.11543 1.99826 1.94363 1.89273 1.84985 1.74825 1.69643 1.65119 1.58607 1.50507 1.44067 1.42469 1.37791 1.29429 1.28191 1.24158 1.19591 1.12623 1.10102 1.09257 1.03985 1.04111 1.02662 1.00942 1 0.996141 0.998314 1.00045 1.00079 1.03486 1.02034 1.06319 1.06303 1.08241 1.18265 1.15874 1.19268 1.25878 1.27025 1.2584 1.37876 1.33658 1.63014 1.57612 1.44833 1.55368 1.60819 1.81221 1.62293 1.72183 2.04448 2.00567 2.08787 2.009 2.35408 2.102 2.27391 2.23251 2.2672 2.57589 2.23228 2.60812 2.71019 2.8523 2.30515 3.12242 2.9443 2.6084 2.94569 2.69226 2.87857 3.19203 3.28302 2.81561 3.24116 
3.7983 3.80268 3.72836 3.56823 3.54435 3.46745 3.3132 3.35505 3.29695 3.1954 3.14803 3.09762 3.08324 2.92591 2.84877 2.8476 2.7725 2.72908 2.62463 2.52301 2.512 2.47704 2.3636 2.2713 2.27917 2.14935 2.08598 2.0156 1.97692 1.90762 1.82396 1.76295 1.69796 1.62667 1.55818 1.50466 1.4347 1.42009 1.39972 1.30603 1.29089 1.23194 1.20406 1.16088 1.1159 1.08033 1.06117 1.04013 1.02248 1.00618 1 0.997087 0.98467 0.99911 0.991804 1.03101 0.99671 1.03966 1.0576 1.06925 1.10555 1.1481 1.21501 1.18117 1.31382 1.19712 1.22935 1.4608 1.43267 1.61442 1.5396 1.60058 1.62994 1.6599 1.74845 2.09031 1.90494 1.80492 2.11554 2.1359 1.82349 2.00638 2.1425 2.13056 2.07327 2.38425 2.55866 2.81298 2.64246 2.64187 2.95286 2.50232 2.68062 2.67441 2.64097 2.46813 2.83152 2.94475 3.16606 3.13565 2.99912 
3.76091 3.7302 3.70174 3.5592 3.60849 3.49643 3.47576 3.38049 3.24046 3.29446 3.16692 3.1121 3.03362 2.93514 2.93352 2.89495 2.82815 2.68827 2.61887 2.56547 2.51037 2.46017 2.35289 2.31089 2.18206 2.14675 2.05221 2.05701 1.93069 1.9308 1.84464 1.79337 1.69922 1.64017 1.58818 1.52722 1.49733 1.41616 1.37711 1.32557 1.26389 1.23357 1.21403 1.16748 1.11258 1.08524 1.05117 1.0453 1.03227 1.00474 1 0.994546 0.995154 0.995886 1.00143 1.03479 1.01544 1.12025 1.073 1.09217 1.12915 1.20131 1.24917 1.20945 1.37732 1.30798 1.35573 1.59931 1.41417 1.48984 1.6616 1.68327 1.72175 1.67442 1.68249 1.61926 2.0337 1.75749 2.13195 2.11181 2.17139 2.09948 2.05464 2.27451 2.30807 2.14457 2.21245 2.25606 2.56451 2.40999 2.3154 2.57242 2.58019 3.20502 3.27259 2.68914 2.85964 2.90855 2.78333 2.64526 2.59527 
3.66117 3.72164 3.73413 3.58652 3.59758 3.51019 3.41784 3.36111 3.27312 3.17338 3.18656 3.07313 3.03254 3.00093 2.93731 2.84279 2.67593 2.73038 2.62867 2.58623 2.52655 2.43396 2.35885 2.29768 2.26352 2.17205 2.08036 1.97758 1.97309 1.90247 1.82746 1.7879 1.71475 1.65337 1.5558 1.53176 1.47012 1.38095 1.32685 1.31098 1.29244 1.22758 1.16955 1.1443 1.12024 1.07216 1.05297 1.03659 1.02393 1.00745 1 0.993045 0.993566 0.998177 1.0159 1.00406 1.05168 1.07568 1.09477 1.11393 1.14871 1.17357 1.283 1.16829 1.23671 1.36838 1.37845 1.44282 1.31863 1.65318 1.481 1.57628 1.55359 1.83171 1.81987 2.02791 1.87392 1.99548 1.92875 2.04761 2.27661 2.37057 1.85383 2.45707 2.0653 2.22698 2.76449 2.01218 2.24603 2.65623 2.40509 2.24511 2.66164 3.08956 2.9984 2.65147 2.91114 2.83336 2.7549 3.18658 3.14266 
3.91673 3.73002 3.74497 3.59084 3.52083 3.52232 3.39403 3.34733 3.28187 3.21755 3.08829 3.094 3.04059 2.99431 2.94464 2.83922 2.75451 2.72212 2.65862 2.54387 2.50978 2.44597 2.38454 2.32402 2.27877 2.21705 2.12244 1.97995 1.93906 1.91507 1.79993 1.78434 1.70537 1.64274 1.60806 1.50747 1.47873 1.41223 1.37596 1.36025 1.25816 1.2313 1.19274 1.1472 1.11839 1.10514 1.0701 1.05095 1.01911 1.01003 1 0.997484 0.991776 1.00384 1.0234 1.0239 1.05752 0.99691 1.0015 1.09777 1.05558 1.23557 1.20453 1.18907 1.20042 1.26007 1.52577 1.32478 1.57065 1.52933 1.68194 1.545 1.72631 1.74801 1.73623 1.81781 1.7206 1.9641 1.97744 1.89454 2.03352 1.78488 2.2437 2.31652 2.31308 2.05034 2.43105 2.21315 2.82805 2.57481 2.5892 2.32176 3.34028 2.70809 2.88438 2.92015 2.5458 3.11873 2.7366 3.78574 3.08817 
3.77887 3.71784 3.68123 3.68127 3.51971 3.48363 3.39455 3.3775 3.34454 3.23689 3.10507 3.15512 2.97982 3.01908 2.93028 2.81734 2.77313 2.65118 2.62389 2.55185 2.52618 2.41611 2.40242 2.28209 2.2661 2.15961 2.04594 2.02684 1.9493 1.8752 1.83546 1.74363 1.67482 1.60534 1.54977 1.48562 1.48138 1.44405 1.36279 1.32246 1.27422 1.23157 1.20407 1.16157 1.13518 1.1067 1.04476 1.05433 1.01757 1.00937 1 0.994005 0.985881 0.987389 1.00623 1.01862 0.99308 1.04408 1.06375 1.09502 1.1443 1.2388 1.18699 1.10497 1.21975 1.16088 1.41972 1.39751 1.35237 1.58463 1.63533 1.35868 1.44182 1.61716 1.47344 1.63703 1.62681 1.72718 1.90973 2.28286 2.0164 2.0098 1.92604 2.1844 2.08793 2.6646 2.05064 2.24139 2.259 2.6905 2.82764 2.95028 2.45505 2.74582 2.32754 3.02299 2.89111 2.73855 3.21384 2.57862 3.29773 
3.83924 3.72971 3.6767 3.64451 3.50295 3.49891 3.47223 3.39756 3.33109 3.27678 3.11583 3.11675 3.01948 2.96312 2.8775 2.8131 2.75765 2.73833 2.64173 2.54054 2.52193 2.40566 2.35096 2.2872 2.21747 2.18057 2.09095 2.05579 1.97892 1.87504 1.8269 1.75381 1.70423 1.64051 1.61077 1.55024 1.49415 1.43934 1.36613 1.30861 1.28474 1.2062 1.21006 1.16537 1.10242 1.0634 1.05212 1.05185 1.02752 1.01074 1 0.990747 1.01041 1.01914 0.979286 0.990159 0.999872 1.07028 1.06201 1.14087 1.1184 1.20814 1.12447 1.11752 1.30631 1.31881 1.40653 1.37802 1.35261 1.43476 1.67035 1.44084 1.48909 1.86976 1.4302 1.86901 1.85571 2.07279 1.8805 2.37183 1.77609 1.89395 1.9463 2.17966 2.5591 2.26941 2.24693 2.84144 3.18788 2.69363 2.47672 2.63514 3.02654 2.93273 2.86279 3.41001 2.86085 2.43677 2.88223 3.48953 3.20499 
3.80353 3.76346 3.71024 3.64779 3.53728 3.49456 3.45508 3.3293 3.28576 3.24966 3.21514 3.14751 3.01201 3.00888 2.96299 2.79631 2.7857 2.71703 2.66609 2.58941 2.53617 2.44182 2.38467 2.28903 2.24494 2.15964 2.10186 2.05111 1.96159 1.90639 1.84711 1.76166 1.67354 1.63025 1.60377 1.57791 1.47231 1.40381 1.34753 1.34443 1.28828 1.24866 1.17075 1.14337 1.09028 1.11342 1.05292 1.03239 1.03165 1.01409 1 0.991648 1.00106 0.99269 1.01665 0.983026 0.991265 1.02251 1.02063 1.06499 1.20772 1.13661 1.15932 1.16823 1.2859 1.36252 1.37958 1.31462 1.51874 1.40085 1.50279 1.49485 1.47388 1.76243 1.74546 2.02003 1.66924 1.6229 1.60563 2.20628 1.88331 1.79174 2.35902 1.80485 2.07515 2.35098 2.51712 2.37977 2.17829 2.82367 2.46453 3.11746 2.47971 2.46777 2.95085 2.25638 3.36011 2.78194 3.36955 3.03936 2.76772 
3.80393 3.8222 3.58984 3.65693 3.51107 3.47034 3.44385 3.36107 3.21148 3.21457 3.16498 3.13826 3.05433 2.95431 2.81857 2.81865 2.75529 2.70117 2.67233 2.50823 2.47583 2.41568 2.37 2.26571 2.22176 2.15027 2.09324 2.0114 1.99889 1.84867 1.82185 1.77527 1.6997 1.61413 1.57196 1.56005 1.45536 1.39724 1.3498 1.32232 1.29478 1.19799 1.20321 1.14759 1.10239 1.09718 1.04676 1.04285 1.026 1.01301 1 0.99209 0.987293 0.998106 0.98942 1.01549 1.06861 1.09602 1.07671 1.06289 1.09124 1.14016 1.13722 1.22529 1.24964 1.16872 1.42644 1.34318 1.59625 1.48877 1.44219 1.37087 1.61777 1.54472 1.57789 1.73199 1.86579 2.05301 2.13896 1.8196 2.53731 1.82106 2.5895 2.04628 2.41732 2.22766 2.27206 2.5451 2.24404 2.51197 2.85235 2.63896 3.30951 2.33251 2.46712 3.09573 3.30175 2.9446 2.39115 2.89769 3.50264 
3.86089 3.87396 3.69927 3.62317 3.54651 3.543 3.4656 3.33357 3.27509 3.25809 3.1158 3.17033 3.05535 2.9853 2.90994 2.83282 2.79563 2.7278 2.65809 2.56399 2.51576 2.4016 2.37591 2.31448 2.22164 2.13868 2.07084 2.02088 1.97386 1.91125 1.84888 1.80093 1.6933 1.66631 1.59148 1.51257 1.47843 1.45719 1.35711 1.29798 1.26533 1.25608 1.1935 1.17001 1.12735 1.10212 1.05782 1.05222 1.01581 1.01421 1 1.00021 1.00152 1.00161 0.971399 0.9902 1.03083 1.0078 1.07177 1.11434 1.13535 1.24214 1.10619 1.26083 1.24783 1.17069 1.39956 1.54402 1.35074 1.30669 1.35511 1.36612 1.61543 1.62602 1.58098 1.57536 1.99635 1.70624 1.68001 2.45088 1.72211 1.77781 1.85479 1.89074 2.50091 2.11888 1.98195 2.47455 2.89873 2.19875 2.2841 2.8805 2.31963 2.83201 3.06328 2.38088 2.95479 2.59852 3.44054 2.47927 2.62714 
