1.22377 1.21014 1.20432 1.20166 1.19985 1.18661 1.18101 1.18221 1.1752 1.16207 1.15045 1.14914 1.14667 1.14337 1.13517 1.12978 1.12112 1.12277 1.11324 1.10506 1.09586 1.0996 1.09566 1.08575 1.08382 1.07788 1.07644 1.07436 1.06337 1.06568 1.06141 1.05512 1.05752 1.04554 1.04436 1.04211 1.03713 1.03358 1.02817 1.02774 1.02623 1.02239 1.01934 1.01453 1.014 1.01156 1.008 1.00698 1.00385 1.0022 1 0.997774 0.995886 0.995175 0.992353 0.991235 0.989577 0.990545 0.985957 0.986634 0.98101 0.980437 0.983697 0.98202 0.980633 0.980345 0.981691 0.976992 0.979449 0.976905 0.973376 0.977542 0.974653 0.983867 0.97718 0.980798 0.980869 0.978174 0.986115 0.974371 0.980197 0.98636 0.97848 0.987532 0.990077 0.989037 0.990918 0.98445 0.985881 0.991874 0.994132 1.00579 1.00586 0.994053 1.00951 0.994018 0.993054 1.01318 1.01266 1.00803 1.02393 
1.22128 1.19965 1.20991 1.20869 1.19383 1.17246 1.17045 1.17959 1.17511 1.15987 1.15798 1.15408 1.13457 1.14455 1.13981 1.1366 1.11973 1.116 1.10718 1.11089 1.10494 1.09708 1.09304 1.08948 1.07774 1.08544 1.07991 1.07349 1.06615 1.06418 1.05966 1.05724 1.05618 1.04681 1.04561 1.0377 1.03273 1.03401 1.02965 1.02487 1.0238 1.02127 1.01838 1.01626 1.01278 1.01092 1.00912 1.00697 1.00447 1.00189 1 0.99784 0.996265 0.994302 0.992499 0.990454 0.989314 0.990262 0.985771 0.984904 0.984826 0.982864 0.98548 0.981062 0.979659 0.983555 0.978109 0.977135 0.981334 0.983168 0.978057 0.974985 0.981766 0.983249 0.981011 0.979255 0.982984 0.982682 0.981027 0.98835 0.9713 0.982311 0.985403 0.977428 0.98147 0.986745 0.988175 0.99981 0.983453 0.985381 0.991227 1.00158 1.00605 1.00369 0.995537 0.999667 1.00791 1.01404 0.992778 1.00784 1.00582 
1.2092 1.21241 1.2006 1.19106 1.19183 1.18052 1.1793 1.17864 1.16713 1.15991 1.15628 1.14521 1.14373 1.13387 1.13331 1.12861 1.12708 1.12366 1.10917 1.11004 1.09606 1.09267 1.09601 1.09603 1.08155 1.07455 1.07289 1.06537 1.06742 1.0589 1.05376 1.05811 1.05518 1.04876 1.04066 1.04131 1.03627 1.03661 1.03201 1.02893 1.02217 1.01743 1.01859 1.01717 1.01446 1.01231 1.0087 1.00639 1.004 1.00185 1 0.998086 0.995774 0.99441 0.991656 0.990566 0.988261 0.987349 0.987112 0.985567 0.98684 0.985057 0.982407 0.981335 0.984266 0.981153 0.981504 0.983486 0.979142 0.982951 0.976694 0.97469 0.976909 0.979483 0.980984 0.980458 0.991186 0.981736 0.970428 0.985284 0.988358 0.980791 0.982388 0.989442 0.986315 0.992017 0.99111 0.991349 0.987134 0.989313 0.987701 1.00077 1.00209 1.01685 1.00795 1.01326 1.00342 1.01622 1.00383 1.01082 1.00775 
1.22245 1.2091 1.20224 1.20361 1.18462 1.17852 1.18068 1.17971 1.14845 1.16415 1.14556 1.15042 1.14105 1.13999 1.12639 1.12219 1.12395 1.12192 1.11084 1.1058 1.10413 1.10278 1.09675 1.0888 1.08202 1.07971 1.07245 1.07495 1.06545 1.06216 1.06028 1.05522 1.0538 1.04857 1.04772 1.04038 1.03321 1.03106 1.03076 1.02892 1.0236 1.02319 1.01994 1.01676 1.01419 1.0109 1.00877 1.00555 1.00437 1.00207 1 0.998312 0.996482 0.995007 0.991985 0.990202 0.989247 0.990034 0.987568 0.984297 0.987153 0.983512 0.980832 0.982272 0.983204 0.978788 0.981811 0.987084 0.981987 0.983002 0.97454 0.972074 0.982873 0.982646 0.980296 0.983197 0.981607 0.981299 0.987203 0.988245 0.975698 0.976143 0.988318 0.983037 0.987886 0.989998 0.996733 0.989287 0.994218 0.999792 0.998837 1.00077 1.00708 0.994952 1.00898 1.01298 1.00209 1.00347 0.996328 1.01105 1.01589 
1.22616 1.21115 1.19829 1.1884 1.18811 1.17653 1.1709 1.17273 1.16916 1.16624 1.15527 1.15035 1.14277 1.12776 1.13133 1.12411 1.12319 1.11577 1.11639 1.11881 1.10039 1.09134 1.08864 1.08759 1.08191 1.07625 1.07376 1.07271 1.06375 1.06002 1.055 1.05987 1.05341 1.04414 1.0441 1.04184 1.03736 1.03521 1.03289 1.02806 1.02327 1.02401 1.02083 1.01724 1.01478 1.01023 1.00894 1.00591 1.00447 1.00209 1 0.998444 0.995782 0.993695 0.992875 0.992081 0.989273 0.988481 0.987692 0.987055 0.986869 0.983349 0.984126 0.979929 0.982618 0.982947 0.983985 0.981435 0.977644 0.97507 0.982076 0.983252 0.972755 0.990407 0.980658 0.986414 0.975196 0.982824 0.976894 0.976648 0.982833 0.978814 0.982658 0.973609 0.977657 0.992131 0.99624 0.992591 0.975289 0.993646 1.00419 1.00331 0.999943 1.01507 1.00439 1.00256 0.99833 1.02471 1.01865 1.01395 1.01004 
1.21362 1.20477 1.18992 1.18932 1.18224 1.17934 1.17093 1.1762 1.16827 1.1665 1.14774 1.15343 1.1373 1.13796 1.13402 1.1322 1.11682 1.12662 1.10887 1.10669 1.10835 1.09636 1.09298 1.08111 1.08936 1.07316 1.07063 1.06468 1.06025 1.06219 1.05333 1.05598 1.05156 1.04514 1.04795 1.03971 1.0392 1.03244 1.03233 1.02658 1.0248 1.01971 1.01786 1.01555 1.0139 1.01129 1.0082 1.00677 1.00369 1.002 1 0.998202 0.996165 0.99433 0.993379 0.992128 0.989385 0.988121 0.986997 0.986733 0.983863 0.985083 0.981011 0.984018 0.984351 0.979756 0.980304 0.982525 0.983542 0.970073 0.979494 0.984246 0.976534 0.97622 0.975783 0.975645 0.986462 0.981022 0.981094 0.986616 0.980334 0.98554 0.988186 0.976907 0.985681 0.981245 0.985944 0.995621 0.997486 0.99577 0.993472 1.00445 0.99787 1.00795 1.00384 1.01523 1.00286 1.01734 1.01453 1.02433 1.02883 
1.2065 1.21103 1.20469 1.19389 1.18739 1.17315 1.17495 1.16734 1.16933 1.15373 1.1507 1.14765 1.13745 1.13934 1.13229 1.12053 1.12343 1.12074 1.10404 1.1007 1.10102 1.0943 1.09419 1.07867 1.08076 1.07884 1.07597 1.06946 1.06618 1.06021 1.06095 1.05529 1.04752 1.04404 1.04885 1.03966 1.03379 1.03172 1.02827 1.02427 1.02533 1.02052 1.01872 1.01626 1.01391 1.01107 1.00765 1.00619 1.0039 1.00174 1 0.998269 0.996563 0.994227 0.994878 0.992476 0.991101 0.987773 0.98747 0.987926 0.98593 0.98828 0.983873 0.984888 0.981441 0.986181 0.979058 0.986799 0.982156 0.981059 0.985235 0.984837 0.979539 0.986735 0.979066 0.985068 0.988978 0.99109 0.984143 0.990293 0.982386 1.00309 0.995203 0.991055 0.993925 0.984773 0.992376 0.986714 0.991371 0.992529 0.987131 0.994692 0.994889 1.00549 0.997087 1.02972 1.01138 1.02008 1.0187 1.01058 1.02988 
1.21272 1.21227 1.19604 1.19635 1.18742 1.18152 1.17726 1.16882 1.17306 1.16771 1.15635 1.14229 1.13423 1.13756 1.13077 1.12498 1.11807 1.1127 1.11328 1.10646 1.10413 1.08721 1.0929 1.08253 1.07658 1.06991 1.07135 1.06653 1.06676 1.06763 1.05543 1.05885 1.045 1.04197 1.04638 1.03655 1.03715 1.03237 1.03053 1.02646 1.02283 1.0211 1.01877 1.01464 1.01337 1.0102 1.00826 1.00652 1.00422 1.00214 1 0.997927 0.996674 0.995355 0.992693 0.991867 0.990149 0.990622 0.988028 0.988142 0.986447 0.985387 0.984014 0.981373 0.9821 0.9787 0.980508 0.984436 0.97997 0.983058 0.979976 0.975299 0.977896 0.97981 0.984197 0.973709 0.988609 0.975955 0.987697 0.977137 0.979633 0.986706 0.994407 0.990846 1.0029 0.998133 0.989414 1.00121 0.98476 1.0045 1.00339 1.00973 1.0059 1.01128 1.00041 1.01805 1.01273 1.01969 1.00187 1.0363 1.0129 
1.20023 1.21374 1.18807 1.20036 1.18496 1.18123 1.17471 1.17278 1.16914 1.15139 1.15799 1.1313 1.15113 1.14082 1.13002 1.12581 1.12021 1.11155 1.10891 1.10661 1.09324 1.09994 1.09691 1.0771 1.08568 1.07727 1.07848 1.06764 1.06883 1.06008 1.05263 1.05152 1.05425 1.04382 1.04667 1.03889 1.0365 1.03056 1.02819 1.02692 1.02383 1.02093 1.01874 1.01642 1.01264 1.01021 1.0094 1.00591 1.00376 1.00182 1 0.998055 0.996149 0.995909 0.993011 0.991642 0.990871 0.988353 0.989345 0.98499 0.984772 0.984666 0.983521 0.984247 0.981613 0.98325 0.983354 0.982363 0.982656 0.981303 0.98543 0.984833 0.983312 0.979812 0.98493 0.98428 0.980553 0.981885 0.979956 0.988327 0.984833 0.983978 0.985067 0.991226 0.991756 0.996203 1.00396 0.993703 0.991048 1.00065 1.01063 0.994574 1.00423 1.00324 1.00185 0.999687 1.01187 1.02291 1.00222 1.01529 1.02242 
1.21264 1.20399 1.20484 1.19116 1.18154 1.18826 1.17155 1.17507 1.15362 1.16549 1.1561 1.14344 1.14087 1.12764 1.13467 1.12903 1.12253 1.11395 1.10908 1.1072 1.10111 1.09518 1.09113 1.08525 1.07785 1.07513 1.07403 1.06954 1.06907 1.05984 1.05336 1.05879 1.05222 1.04571 1.03851 1.03549 1.0341 1.03047 1.03062 1.02438 1.02545 1.02093 1.01897 1.01621 1.01233 1.00955 1.00807 1.0054 1.00371 1.00176 1 0.998248 0.996427 0.995035 0.994064 0.990982 0.990765 0.988766 0.989208 0.987302 0.985629 0.984202 0.985133 0.983103 0.981766 0.984308 0.979855 0.982236 0.982535 0.982864 0.982345 0.975912 0.985375 0.986753 0.988888 0.983322 0.981693 0.987486 0.999583 0.993597 0.999 0.980669 0.991343 0.998601 1.00227 0.997778 0.992514 0.982322 0.997886 0.999518 0.994165 0.999578 1.0112 1.00327 1.01105 1.01434 1.02133 1.02098 1.00864 1.02329 1.01357 
1.20692 1.20601 1.19297 1.19743 1.19197 1.18308 1.17303 1.16735 1.16522 1.15281 1.13773 1.14528 1.13775 1.1374 1.13127 1.11977 1.1119 1.10716 1.11164 1.10305 1.09421 1.09181 1.09213 1.08773 1.07834 1.07669 1.0712 1.06971 1.06667 1.05892 1.05672 1.05073 1.05017 1.04747 1.04675 1.03919 1.03514 1.03197 1.02849 1.02755 1.02327 1.0213 1.01865 1.01495 1.01429 1.0093 1.00878 1.00536 1.00342 1.00168 1 0.998115 0.996516 0.994774 0.994123 0.992681 0.991981 0.990353 0.98852 0.987196 0.987861 0.986435 0.989967 0.984815 0.981537 0.984533 0.979861 0.978543 0.98098 0.988389 0.98457 0.986649 0.981007 0.987702 0.983592 0.983051 0.982083 0.979855 0.983213 0.988104 0.988803 0.982765 0.991288 0.98575 0.986604 1.00112 0.997644 0.997531 0.997294 0.996331 1.00413 1.0064 1.0012 1.00807 1.00655 1.01413 1.00662 1.02107 1.00553 1.00699 1.03715 
1.20229 1.20749 1.19888 1.18482 1.17803 1.1834 1.16303 1.16398 1.16298 1.15178 1.15651 1.13488 1.14128 1.1374 1.12614 1.12125 1.11809 1.11047 1.10262 1.09817 1.09665 1.09452 1.08928 1.08324 1.0827 1.0752 1.07275 1.06824 1.06325 1.06261 1.05921 1.0508 1.05155 1.04576 1.04122 1.03919 1.03606 1.0338 1.02947 1.02792 1.02466 1.02199 1.01789 1.01514 1.01384 1.01194 1.0088 1.00584 1.00404 1.00205 1 0.997931 0.997023 0.99481 0.994188 0.992362 0.988855 0.988394 0.986627 0.989572 0.986198 0.984813 0.988351 0.982425 0.984343 0.98243 0.983423 0.977537 0.980785 0.986054 0.985309 0.98063 0.984563 0.981885 0.987167 0.981605 0.982626 0.982873 0.974443 0.984563 0.984576 0.988657 0.988569 0.997894 0.997209 1.00237 1.00185 0.998526 0.984472 0.999812 0.990977 1.00633 1.00458 1.01011 1.00121 1.0177 1.02041 1.028 1.0121 1.02019 1.01626 
1.20483 1.18912 1.20805 1.1889 1.19168 1.17936 1.16998 1.16968 1.16344 1.15517 1.14863 1.13965 1.14303 1.13736 1.13406 1.12166 1.11027 1.11147 1.10991 1.10317 1.09592 1.09011 1.08159 1.08479 1.07494 1.07785 1.07442 1.06438 1.06329 1.06517 1.05697 1.05248 1.04762 1.04661 1.03911 1.03359 1.03571 1.02836 1.02925 1.02471 1.02195 1.02103 1.01851 1.01582 1.01318 1.0116 1.00805 1.00549 1.0041 1.00203 1 0.998343 0.996249 0.995196 0.993062 0.991169 0.991443 0.990626 0.990378 0.988102 0.98964 0.989253 0.981522 0.986855 0.983813 0.983343 0.982493 0.9789 0.977863 0.982256 0.98189 0.984845 0.983364 0.984719 0.981545 0.980493 0.988224 0.985392 0.98873 0.987512 0.996143 0.98426 0.989492 0.98983 0.998806 0.992382 0.997238 1.00904 0.99151 0.995161 1.00344 1.01194 1.00644 1.00122 1.00682 1.01131 1.01249 1.03082 1.02772 1.03018 1.01683 
1.19818 1.1939 1.20213 1.19002 1.17646 1.17512 1.16876 1.1737 1.16298 1.15842 1.15036 1.14734 1.15094 1.13065 1.12375 1.124 1.11924 1.10659 1.10237 1.10068 1.09845 1.09263 1.09174 1.08054 1.08054 1.07442 1.0707 1.07226 1.0638 1.05817 1.05043 1.04838 1.04817 1.04844 1.038 1.04211 1.03933 1.03136 1.0256 1.02332 1.02163 1.02051 1.01919 1.01466 1.01308 1.00937 1.00864 1.00567 1.00376 1.00186 1 0.998446 0.996798 0.99411 0.993362 0.991238 0.991214 0.987676 0.986894 0.986278 0.98676 0.988045 0.986477 0.980492 0.985191 0.988555 0.98434 0.980466 0.982759 0.990901 0.982423 0.989705 0.979982 0.986486 0.984549 0.99328 0.991883 0.985212 0.975138 0.985345 0.992753 0.9916 0.99289 1.00169 0.993163 0.99366 0.997975 1.00641 1.00494 1.00422 1.00008 1.01243 1.00062 1.00845 1.01011 1.02556 1.00424 1.01666 1.01496 1.03594 1.0161 
1.20573 1.19804 1.17862 1.1879 1.17831 1.17709 1.16876 1.16872 1.15897 1.14902 1.15108 1.1372 1.14332 1.12829 1.12937 1.12338 1.11126 1.09999 1.11044 1.09928 1.09559 1.09418 1.08485 1.08031 1.08607 1.07953 1.07148 1.06748 1.06833 1.06233 1.05844 1.05283 1.04712 1.04545 1.03933 1.03502 1.03437 1.03159 1.02966 1.02512 1.02347 1.01964 1.01818 1.01386 1.01114 1.00991 1.0093 1.00653 1.00364 1.00177 1 0.998288 0.997042 0.994158 0.993629 0.993003 0.991041 0.991224 0.98861 0.987645 0.987173 0.986459 0.985231 0.986807 0.986702 0.982582 0.986865 0.982836 0.992215 0.983001 0.984004 0.985922 0.982172 0.983595 0.988714 0.982453 0.987556 0.983801 0.98038 0.991147 0.990015 0.988857 0.98735 0.998484 0.983149 1.00423 0.998958 0.995688 1.00143 0.993413 1.01277 1.01416 1.01063 1.00641 0.998544 1.01136 1.02305 1.02478 1.02294 1.02319 1.02469 
1.20006 1.19257 1.18309 1.19359 1.17134 1.18193 1.17974 1.17074 1.16105 1.1628 1.14779 1.13355 1.13198 1.12967 1.13113 1.11723 1.12 1.11526 1.10767 1.09846 1.09867 1.08251 1.08855 1.08016 1.07431 1.07274 1.07092 1.06541 1.0592 1.05898 1.05505 1.04774 1.05071 1.04009 1.0434 1.03723 1.03089 1.02997 1.02972 1.02532 1.02464 1.0201 1.01726 1.01506 1.01249 1.00917 1.00822 1.00598 1.00347 1.00172 1 0.998078 0.996858 0.994769 0.993575 0.991787 0.990932 0.990079 0.990303 0.987344 0.987235 0.985476 0.988018 0.986725 0.985842 0.988499 0.986124 0.985828 0.980955 0.986786 0.980514 0.978692 0.983085 0.986413 0.986919 0.988569 0.991117 0.992372 0.989234 0.99294 0.99099 0.982809 0.995724 1.00148 0.993666 0.995349 0.999552 1.00219 0.997396 1.00668 1.01173 1.01556 1.01399 1.01014 1.01887 1.01968 1.01104 1.01225 1.02396 1.01959 1.03116 
1.2056 1.20424 1.19657 1.17532 1.18622 1.16954 1.17053 1.15779 1.15967 1.14532 1.14703 1.13534 1.13107 1.12476 1.12637 1.12328 1.11796 1.10871 1.10643 1.0948 1.09532 1.09673 1.08507 1.08215 1.08952 1.07395 1.07446 1.06568 1.06128 1.05896 1.05724 1.05409 1.04699 1.04527 1.0405 1.03962 1.03613 1.03246 1.02891 1.0271 1.02102 1.02093 1.01676 1.01218 1.01116 1.00934 1.00706 1.00593 1.00375 1.00169 1 0.998379 0.996622 0.994895 0.994009 0.993152 0.990401 0.988317 0.988978 0.986727 0.988827 0.984542 0.985662 0.984395 0.983931 0.986434 0.984897 0.981622 0.983176 0.988492 0.982099 0.98275 0.987704 0.990545 0.986566 0.990857 0.981545 0.98847 0.984618 0.996262 0.990668 1.00134 0.981236 0.988604 0.99496 1.00999 0.990276 0.991645 1.00877 0.997436 1.00427 1.00808 1.01434 1.00803 1.01105 1.0066 1.01624 1.01138 1.03279 1.03564 1.01333 
1.20568 1.19059 1.19445 1.19705 1.17863 1.17527 1.17129 1.16082 1.1576 1.14703 1.1475 1.13039 1.14173 1.12403 1.1188 1.11831 1.11288 1.10102 1.1123 1.10048 1.08645 1.09362 1.09365 1.08454 1.07705 1.0714 1.06994 1.06908 1.06665 1.06017 1.0522 1.05138 1.04151 1.04269 1.03969 1.0337 1.03441 1.03221 1.02716 1.02515 1.02238 1.0188 1.01748 1.01455 1.01125 1.00987 1.00875 1.00589 1.00372 1.0019 1 0.998314 0.996506 0.995105 0.993751 0.991773 0.99313 0.990287 0.989448 0.987812 0.988054 0.98874 0.988701 0.986537 0.986832 0.983823 0.985242 0.98515 0.992992 0.983389 0.985573 0.984508 0.987247 0.986953 0.984411 0.990778 0.990322 0.987035 0.985011 0.992984 0.995903 0.978539 1.00006 0.997407 0.998093 0.998873 1.01283 0.992597 1.00184 1.00054 1.01598 1.01059 1.0112 1.01259 1.00612 1.03063 1.04102 1.01975 1.03817 1.0319 1.02823 
1.20627 1.20282 1.20147 1.18296 1.18153 1.17985 1.15925 1.16879 1.1612 1.14941 1.15003 1.14045 1.12406 1.12513 1.1326 1.11803 1.11249 1.11573 1.1081 1.10625 1.09602 1.08778 1.08185 1.08859 1.07934 1.07492 1.0659 1.06504 1.0607 1.05779 1.05717 1.04823 1.04594 1.04174 1.04114 1.03704 1.03576 1.02969 1.02508 1.02347 1.01971 1.01902 1.01625 1.01093 1.01208 1.00858 1.00871 1.00631 1.00395 1.00178 1 0.998649 0.996743 0.995108 0.993352 0.991389 0.992183 0.990436 0.990034 0.986327 0.985889 0.987975 0.986006 0.986246 0.982565 0.989648 0.9862 0.98306 0.978958 0.98209 0.986912 0.985559 0.993126 0.988114 0.989371 0.982418 0.99065 0.987268 0.9904 0.993753 0.990752 0.990715 0.993164 0.992347 1.00081 1.00004 1.00182 1.00847 1.00602 1.01128 1.01312 1.00468 1.03189 0.999615 1.01749 1.00349 1.00617 1.01815 1.02651 1.01986 1.03215 
1.20468 1.19607 1.18714 1.18045 1.18535 1.16888 1.16649 1.16151 1.15103 1.14517 1.14282 1.14714 1.11842 1.12387 1.11921 1.12219 1.11931 1.11308 1.10102 1.09573 1.09789 1.09277 1.08823 1.08081 1.07463 1.08004 1.06677 1.069 1.06573 1.05846 1.04908 1.04779 1.05025 1.04143 1.03787 1.03536 1.03603 1.02775 1.02515 1.02627 1.02532 1.01731 1.01522 1.01536 1.01201 1.01007 1.0082 1.00586 1.00374 1.00195 1 0.998474 0.997017 0.995686 0.994297 0.992259 0.991345 0.992693 0.990832 0.992598 0.989592 0.988588 0.987341 0.985694 0.981466 0.988659 0.980757 0.988637 0.986678 0.987059 0.981479 0.989382 0.991093 0.995316 0.990001 0.983299 0.989074 0.995094 0.999894 0.988336 0.984627 0.999861 0.996096 1.00306 0.993821 0.998873 0.997348 0.991739 1.00531 1.00831 1.01502 1.00629 1.00948 1.02447 1.01423 1.01973 1.02571 1.00451 1.01796 1.04244 1.02353 
1.20458 1.1972 1.188 1.17782 1.18276 1.18593 1.16301 1.15978 1.1524 1.14187 1.13782 1.13031 1.13347 1.13324 1.12616 1.12108 1.11549 1.10297 1.10291 1.09746 1.08866 1.08366 1.08032 1.07945 1.07822 1.06999 1.06664 1.06443 1.05644 1.0585 1.052 1.04997 1.04573 1.03923 1.04275 1.03619 1.03212 1.03123 1.02678 1.02389 1.02137 1.02187 1.01709 1.01267 1.01151 1.0096 1.00662 1.00518 1.003 1.00171 1 0.998509 0.996533 0.995584 0.993323 0.994119 0.990934 0.989147 0.989424 0.992115 0.988005 0.984258 0.98854 0.988926 0.982669 0.983515 0.9818 0.990596 0.982932 0.988864 0.988231 0.988425 0.994332 0.985518 0.981659 0.985547 0.994166 0.990068 0.992959 0.998398 0.994054 0.996058 0.988461 0.999278 1.00118 0.999763 0.996244 1.00174 1.01256 1.0113 1.01007 1.01997 1.01357 1.0231 1.02859 1.01902 1.02775 1.03019 1.02559 1.02156 1.02439 
1.20516 1.18772 1.18424 1.19074 1.18111 1.18521 1.16655 1.16387 1.14565 1.1412 1.1497 1.13961 1.14181 1.12224 1.12448 1.12078 1.10603 1.10526 1.10459 1.10113 1.09636 1.08552 1.08513 1.07829 1.07269 1.07621 1.06788 1.06543 1.05592 1.06007 1.05114 1.05378 1.0471 1.04066 1.03551 1.03688 1.03495 1.03106 1.02683 1.02499 1.02388 1.01833 1.01596 1.01431 1.0103 1.00872 1.00751 1.00468 1.00346 1.00155 1 0.998522 0.996351 0.996096 0.994007 0.992002 0.989128 0.990225 0.98668 0.991683 0.987266 0.988118 0.985147 0.98649 0.985146 0.988099 0.986863 0.985655 0.985919 0.986785 0.988883 0.988411 0.987471 0.98584 0.987324 0.989373 0.991208 0.985032 0.996589 0.989387 0.990084 0.986665 1.00073 0.999485 0.998435 0.998965 0.995817 1.00591 1.01149 1.00316 1.01403 1.00366 1.02598 1.01391 1.02062 1.0149 1.03065 1.0267 1.02245 1.03141 1.04925 
1.20138 1.18476 1.17414 1.18566 1.17022 1.16855 1.17432 1.15503 1.14464 1.14843 1.13905 1.14175 1.13636 1.1409 1.11982 1.12414 1.11361 1.09902 1.10227 1.096 1.09069 1.08548 1.07501 1.08342 1.07413 1.07224 1.06749 1.05809 1.06017 1.05412 1.05497 1.05003 1.04548 1.04078 1.04055 1.03385 1.03137 1.02819 1.02689 1.02455 1.02041 1.01963 1.0165 1.01439 1.01093 1.00943 1.00738 1.00428 1.00372 1.0021 1 0.998253 0.997129 0.995258 0.993724 0.993107 0.99265 0.991853 0.991479 0.989378 0.986005 0.987365 0.986867 0.986611 0.987781 0.98429 0.989054 0.982823 0.98453 0.984532 0.98597 0.992568 0.983769 0.982776 0.992641 0.985754 1.00019 0.995009 0.996398 0.997898 1.00149 0.997327 1.00247 0.994501 0.997861 1.00776 1.01368 0.997318 1.00061 0.99751 1.00385 1.01602 1.01923 1.01448 1.02482 1.02046 1.02693 1.0291 1.02514 1.04459 1.02245 
1.18737 1.18803 1.17277 1.18659 1.17989 1.16421 1.15159 1.17579 1.14982 1.14789 1.14368 1.13675 1.13767 1.13219 1.11987 1.11769 1.11304 1.11034 1.10238 1.10043 1.09455 1.08634 1.08583 1.07731 1.07522 1.07018 1.06608 1.06185 1.06118 1.0573 1.05262 1.04716 1.04298 1.04557 1.03957 1.03636 1.03015 1.02591 1.02739 1.02386 1.0199 1.0184 1.01517 1.01494 1.01077 1.00994 1.00694 1.00476 1.00326 1.00168 1 0.998488 0.996878 0.995356 0.993717 0.993834 0.992999 0.990293 0.989154 0.989472 0.986973 0.987157 0.989742 0.98733 0.988907 0.985513 0.990513 0.984596 0.9868 0.988301 0.988922 0.981373 0.987567 0.992999 0.9841 0.99442 0.991752 0.996267 0.994891 0.986976 0.996123 0.990869 1.005 1.00114 0.997645 1.00246 0.993232 1.00816 1.00838 1.00271 1.00821 1.01381 1.02211 1.02339 1.01421 1.032 1.01797 1.02949 1.02913 1.04003 1.03792 
1.20429 1.20693 1.18875 1.18901 1.18262 1.18263 1.15642 1.15724 1.14451 1.13851 1.13789 1.13336 1.13035 1.12371 1.12709 1.11077 1.11048 1.11544 1.09775 1.10063 1.0866 1.08581 1.08098 1.08401 1.07683 1.06423 1.07224 1.06421 1.05936 1.05392 1.05126 1.0513 1.04459 1.04223 1.03915 1.03035 1.0338 1.03122 1.02604 1.02481 1.01787 1.01747 1.01711 1.0142 1.01265 1.00874 1.00743 1.00527 1.00355 1.00136 1 0.99845 0.996891 0.99564 0.994622 0.993056 0.992098 0.990487 0.99217 0.989117 0.988364 0.990171 0.983131 0.988844 0.988487 0.988555 0.993882 0.98501 0.986329 0.987442 0.989311 0.986534 0.988553 0.988022 0.988703 0.989406 0.992362 0.996534 0.98914 0.99288 0.992324 0.997009 0.996583 1.00154 0.998661 1.00658 1.01039 1.01474 1.00918 1.02246 1.02958 1.00349 1.02077 1.0073 1.01946 1.02008 1.03216 1.04063 1.03561 1.04093 1.03745 
1.21238 1.19275 1.19204 1.17262 1.17481 1.17654 1.16305 1.15795 1.14921 1.13941 1.13673 1.13764 1.12397 1.11834 1.11798 1.11391 1.10842 1.10019 1.09922 1.09612 1.09286 1.08489 1.0862 1.08419 1.0827 1.06705 1.0709 1.06332 1.05846 1.05272 1.05223 1.05006 1.04191 1.03626 1.03505 1.03289 1.03036 1.02919 1.02303 1.0221 1.01812 1.01876 1.01743 1.0147 1.01038 1.01047 1.00704 1.0049 1.00358 1.00151 1 0.998513 0.996878 0.995385 0.99443 0.99203 0.991478 0.989261 0.991355 0.991804 0.988522 0.990298 0.990155 0.984307 0.986324 0.990833 0.981695 0.990555 0.979863 0.9876 0.991528 0.989464 0.988054 0.989264 0.997646 0.989165 0.996776 0.982785 0.987904 0.998505 0.993235 0.995499 1.0005 1.00876 1.00211 1.01772 0.98873 0.997056 1.01693 1.00522 1.00524 1.01492 1.01328 1.03136 1.01482 1.04238 1.03373 1.03958 1.02779 1.03996 1.03687 
1.20043 1.1975 1.19369 1.18381 1.16823 1.16519 1.15881 1.16174 1.15092 1.14739 1.13814 1.13318 1.12929 1.11986 1.11387 1.11022 1.10746 1.10647 1.1058 1.09821 1.09013 1.09337 1.08339 1.07785 1.07704 1.06531 1.06508 1.06387 1.0526 1.05718 1.05511 1.05268 1.04353 1.044 1.03777 1.0376 1.03014 1.03046 1.02538 1.02246 1.0198 1.01918 1.0197 1.01394 1.01114 1.0096 1.00788 1.00534 1.00302 1.00154 1 0.998555 0.996816 0.996365 0.993687 0.992563 0.991535 0.992242 0.991873 0.991567 0.990407 0.987741 0.987914 0.985348 0.987028 0.989502 0.98827 0.986771 0.983838 0.987247 0.99032 0.989722 0.989577 0.990487 0.989845 0.995783 0.993963 0.993911 1.00188 0.990528 0.997134 1.00184 0.995774 1.01349 0.997331 1.00831 1.01513 1.00375 1.01141 1.01521 1.02111 1.01332 1.01766 1.01689 1.02482 1.02426 1.03348 1.03348 1.04766 1.02395 1.02346 
1.21016 1.18788 1.17817 1.18575 1.17568 1.16253 1.16258 1.15427 1.15733 1.14763 1.13212 1.13193 1.13353 1.12477 1.12687 1.11928 1.11432 1.10904 1.1083 1.08969 1.08268 1.08695 1.08631 1.08372 1.08323 1.07714 1.06273 1.06279 1.05837 1.05449 1.05039 1.04929 1.04579 1.04217 1.03678 1.03471 1.03328 1.0278 1.03007 1.02302 1.01861 1.01636 1.01689 1.01308 1.01111 1.00885 1.00642 1.00489 1.00379 1.00161 1 0.998419 0.996639 0.995414 0.994294 0.993249 0.99264 0.992854 0.988115 0.991388 0.986845 0.99114 0.986885 0.989491 0.98736 0.986516 0.981648 0.987655 0.986202 0.986662 0.98185 0.98442 0.99692 0.990026 0.993254 0.989259 0.993474 0.992734 0.993975 0.992806 0.998057 0.995481 1.01227 1.01116 0.99838 1.00307 1.00364 1.00871 1.01382 1.01212 1.00306 1.01074 1.01849 1.0217 1.02347 1.01607 1.02488 1.03422 1.03705 1.03034 1.04506 
1.19599 1.19115 1.18578 1.17754 1.18139 1.17121 1.16313 1.15785 1.15272 1.155 1.15277 1.14164 1.1319 1.1245 1.1159 1.11067 1.10436 1.10617 1.10136 1.0999 1.0968 1.08616 1.07992 1.07322 1.07 1.06576 1.06845 1.06049 1.05583 1.05399 1.04959 1.04295 1.04512 1.0393 1.03661 1.03524 1.03426 1.02473 1.02482 1.02523 1.01937 1.0182 1.01474 1.01323 1.01067 1.0095 1.00647 1.00546 1.00345 1.00175 1 0.998582 0.997052 0.996367 0.994078 0.994104 0.993717 0.989612 0.990396 0.99053 0.992254 0.990485 0.987013 0.992412 0.98868 0.987939 0.991306 0.985642 0.99155 0.9851 0.991794 0.987171 0.99121 0.993032 0.992481 0.988719 0.989869 0.988375 0.993731 0.992527 1.00755 0.998688 1.01447 1.00011 1.0159 0.99471 1.00674 1.02106 1.01299 1.02438 1.00848 1.01249 1.02672 1.02102 1.04209 1.02537 1.02076 1.02986 1.02861 1.04211 1.0479 
1.19553 1.19429 1.18695 1.18054 1.17652 1.16034 1.16143 1.16332 1.14433 1.14657 1.13854 1.14218 1.12271 1.12784 1.11241 1.11439 1.10208 1.10528 1.10159 1.09419 1.09005 1.08143 1.08509 1.07537 1.07804 1.07348 1.06562 1.05524 1.05725 1.05282 1.04503 1.04538 1.04318 1.04491 1.03823 1.03576 1.02948 1.02911 1.02718 1.02454 1.02213 1.01947 1.01529 1.01521 1.00998 1.00937 1.0059 1.00566 1.00368 1.00143 1 0.998349 0.997559 0.996108 0.99424 0.992585 0.992171 0.991886 0.986944 0.992064 0.987731 0.99204 0.991138 0.990623 0.988353 0.985279 0.991953 0.984297 0.991071 0.987614 0.989236 0.989261 0.992697 0.986757 0.997731 0.988849 1.00107 0.996592 0.992694 0.995649 1.00038 0.995419 1.01123 1.0083 1.00893 1.00688 1.01108 1.00909 1.01337 1.00897 1.01224 1.00876 1.01156 1.02932 1.02555 1.04038 1.02087 1.01713 1.02773 1.04869 1.05256 
1.20358 1.18895 1.18214 1.17267 1.18198 1.16076 1.15283 1.15549 1.15437 1.13756 1.13726 1.13436 1.13506 1.12274 1.11936 1.11321 1.10766 1.10977 1.1044 1.08768 1.09641 1.09119 1.08002 1.07849 1.07635 1.07307 1.06246 1.06045 1.05924 1.05461 1.04909 1.04431 1.04065 1.03789 1.03501 1.03633 1.03028 1.0289 1.02426 1.02517 1.01883 1.01879 1.0152 1.01263 1.01107 1.00904 1.00669 1.00539 1.00288 1.00133 1 0.998269 0.997593 0.996052 0.994409 0.994135 0.991388 0.991261 0.992043 0.991133 0.989881 0.990963 0.990192 0.991835 0.990862 0.985181 0.987999 0.992848 0.988543 0.991268 0.989208 0.989905 0.992667 0.985724 0.985634 0.993702 0.996976 0.996674 0.989654 1.00029 1.00514 0.996137 0.990065 1.00392 1.0158 1.00293 1.01435 1.01158 1.01528 1.01392 1.01367 1.0177 1.03599 1.02518 1.03237 1.03659 1.04884 1.0333 1.03763 1.039 1.04215 
1.19582 1.19176 1.18065 1.17711 1.15954 1.16645 1.15199 1.16071 1.14673 1.14926 1.13342 1.13061 1.12092 1.13347 1.11377 1.10381 1.10445 1.1049 1.10357 1.08514 1.0928 1.08492 1.07964 1.06814 1.07328 1.06605 1.06673 1.05993 1.05899 1.05369 1.04807 1.0419 1.04378 1.03956 1.03912 1.03001 1.03366 1.02972 1.02585 1.02345 1.01739 1.01832 1.01329 1.01176 1.01029 1.00978 1.0067 1.00452 1.0037 1.00174 1 0.998566 0.997438 0.996281 0.995355 0.993942 0.994227 0.99061 0.993095 0.986572 0.990817 0.989185 0.991257 0.987109 0.990578 0.994032 0.986869 0.988548 0.986605 0.991783 0.988494 0.991498 0.999654 0.993336 0.997977 0.991561 1.00241 0.992214 1.00153 0.998159 1.00596 0.998282 0.995768 1.00775 1.01358 1.0144 1.02275 1.00814 1.01546 1.01194 1.02958 1.02597 1.03084 1.02888 1.01623 1.0257 1.02025 1.03174 1.03944 1.03266 1.05632 
1.18512 1.18946 1.18246 1.17929 1.16749 1.16904 1.16613 1.15491 1.14417 1.15105 1.13624 1.13748 1.12525 1.12241 1.11825 1.10742 1.10461 1.0988 1.09299 1.08455 1.09224 1.08756 1.0886 1.07871 1.0721 1.06886 1.06029 1.06061 1.058 1.05016 1.04766 1.04709 1.04702 1.03858 1.03998 1.03427 1.0289 1.02944 1.02198 1.0226 1.01697 1.01517 1.01452 1.01252 1.01078 1.00867 1.00593 1.00462 1.00263 1.00144 1 0.998546 0.99754 0.995457 0.995183 0.995346 0.991283 0.99071 0.991517 0.989813 0.987914 0.988386 0.991397 0.989809 0.988983 0.987392 0.989564 0.983633 0.987066 0.99127 0.989891 0.988995 0.987872 0.998291 0.986892 0.994324 0.994257 1.00212 1.00684 0.996082 1.00071 1.01623 1.00857 1.01664 1.01284 1.0096 1.01088 1.01229 1.00416 1.01685 1.00987 1.02578 1.02218 1.0164 1.02458 1.03245 1.0379 1.04966 1.04708 1.04124 1.04689 
1.20114 1.1836 1.17203 1.17453 1.1732 1.16791 1.16432 1.15267 1.158 1.14716 1.14656 1.12152 1.13269 1.12346 1.11719 1.09876 1.10311 1.10659 1.09706 1.09117 1.08913 1.08557 1.08216 1.07509 1.07164 1.06475 1.06737 1.0581 1.06064 1.04775 1.05013 1.04337 1.04434 1.03919 1.03596 1.03211 1.03391 1.02691 1.02551 1.02392 1.01821 1.01473 1.01546 1.01244 1.01142 1.00713 1.00632 1.00417 1.00332 1.0018 1 0.998659 0.997112 0.995158 0.995168 0.994257 0.991783 0.993118 0.994463 0.990768 0.990979 0.99222 0.991427 0.987779 0.992488 0.986358 0.991056 0.987135 0.990653 0.995821 0.990479 0.995108 0.992315 0.988303 0.998232 0.988298 0.998726 0.998899 1.00976 0.999809 0.994668 0.996106 1.00149 1.00855 1.01307 1.00363 1.00616 1.01151 1.01865 1.00714 1.03042 1.02442 1.01888 1.02208 1.03186 1.05258 1.02956 1.04238 1.04102 1.03917 1.04014 
1.18259 1.19879 1.17828 1.18168 1.17029 1.16039 1.15492 1.15253 1.14791 1.14855 1.13591 1.12593 1.1312 1.11492 1.12227 1.11535 1.10148 1.10145 1.09436 1.08667 1.09121 1.08017 1.08188 1.07041 1.06594 1.06881 1.06096 1.06572 1.05988 1.05374 1.04571 1.04744 1.04086 1.03922 1.03312 1.03086 1.03095 1.02594 1.02676 1.02298 1.02093 1.0138 1.01472 1.01287 1.00991 1.00734 1.00633 1.00535 1.0034 1.00145 1 0.998747 0.997279 0.996336 0.99428 0.994267 0.991585 0.991871 0.993047 0.990803 0.989297 0.989621 0.992422 0.986527 0.988033 0.990421 0.991732 0.988119 0.992328 0.991016 0.98892 0.9967 0.988211 0.995989 0.991385 0.991356 0.996215 1.00043 1.00633 0.994665 0.994565 0.994509 1.00698 1.0025 1.01561 0.999936 1.00445 1.02419 1.01739 1.01462 1.02722 1.02333 1.01744 1.02812 1.06054 1.01381 1.04061 1.04189 1.04708 1.05646 1.04839 
1.19148 1.1808 1.1802 1.17659 1.16938 1.16481 1.15338 1.16199 1.15206 1.13726 1.14046 1.12875 1.12561 1.12636 1.11078 1.1168 1.09364 1.09816 1.10102 1.09641 1.08302 1.09029 1.07105 1.08011 1.07726 1.07111 1.06064 1.05574 1.05467 1.05024 1.05081 1.04662 1.04399 1.03546 1.03401 1.03592 1.02944 1.02662 1.02233 1.02125 1.01705 1.0187 1.01519 1.01248 1.01133 1.00811 1.00695 1.00421 1.00292 1.00139 1 0.998597 0.997594 0.996657 0.994985 0.992857 0.993651 0.99279 0.990771 0.989754 0.990692 0.990386 0.99411 0.98978 0.985062 0.987848 0.98984 0.989708 0.992455 0.993211 0.993396 0.991617 0.995386 1.00106 0.997197 0.988747 1.00153 0.995374 1.0003 0.997293 1.00776 0.995963 0.997033 1.00408 1.00711 1.02232 1.0165 1.02905 1.01522 1.02005 1.02691 1.0205 1.03142 1.01212 1.02451 1.0363 1.03899 1.04476 1.04641 1.04993 1.03141 
1.18708 1.18106 1.19044 1.17436 1.16851 1.15813 1.15475 1.15677 1.13709 1.13186 1.13554 1.11978 1.12409 1.1225 1.12039 1.10866 1.10496 1.09647 1.09864 1.09171 1.08153 1.08101 1.07756 1.08182 1.06639 1.06549 1.06296 1.05423 1.05951 1.04767 1.04945 1.04381 1.04119 1.03402 1.03524 1.03604 1.03058 1.02644 1.02474 1.02198 1.01857 1.01797 1.01456 1.01413 1.0083 1.00824 1.00615 1.00464 1.00276 1.00124 1 0.998522 0.997867 0.996351 0.994689 0.995541 0.992818 0.991609 0.991167 0.992939 0.991024 0.994791 0.986694 0.991557 0.993762 0.991934 0.992479 0.990744 0.994698 0.996939 0.989213 0.997256 0.990813 0.990185 1.00061 0.991397 0.999641 1.00337 0.988614 1.00019 1.00454 1.00522 1.0106 1.01384 1.01498 1.0146 1.00856 1.02064 1.01669 1.02432 1.01202 1.03261 1.02384 1.04018 1.03411 1.04156 1.02359 1.05869 1.03467 1.05859 1.06936 
1.19474 1.19442 1.19086 1.1832 1.17757 1.17038 1.16149 1.15728 1.15024 1.15012 1.1368 1.13142 1.12719 1.11444 1.10665 1.11258 1.10534 1.10647 1.09858 1.09714 1.08793 1.0845 1.07474 1.07824 1.06867 1.06813 1.06111 1.06016 1.0538 1.05233 1.0542 1.04489 1.03934 1.03695 1.02953 1.033 1.02978 1.0285 1.02402 1.02251 1.01791 1.01707 1.01372 1.0129 1.0096 1.00916 1.00676 1.00439 1.00304 1.00161 1 0.998612 0.997418 0.996602 0.995582 0.99438 0.992893 0.992458 0.991887 0.991305 0.991666 0.990269 0.988656 0.98917 0.989684 0.99049 0.989507 0.987717 0.994279 0.988966 0.986876 0.99588 0.992817 0.998641 0.99064 0.995231 1.00174 0.999648 1.00101 1.00079 1.00753 1.00807 1.01263 1.00599 1.0129 1.00242 1.01287 1.00924 1.02918 1.01305 1.03232 1.04801 1.02774 1.02904 1.03834 1.04364 1.03836 1.04037 1.05683 1.06 1.05375 
1.1823 1.18254 1.17963 1.16702 1.17089 1.15144 1.15754 1.14539 1.14649 1.13792 1.12101 1.12228 1.12822 1.12675 1.11324 1.11005 1.10767 1.10124 1.10045 1.08904 1.08118 1.08854 1.07719 1.07052 1.07457 1.07586 1.0603 1.05729 1.0535 1.05052 1.04731 1.04789 1.04208 1.0412 1.03479 1.02767 1.02959 1.02746 1.02623 1.01902 1.01943 1.01499 1.01536 1.01168 1.01014 1.00933 1.00679 1.00467 1.00329 1.0014 1 0.998739 0.997711 0.996991 0.994238 0.995754 0.993036 0.992018 0.995256 0.992189 0.991147 0.990828 0.991148 0.991128 0.989632 0.988667 0.991013 0.996737 0.987618 0.991855 0.991168 0.997683 0.995795 0.992233 0.996654 1.00122 0.999194 1.00484 1.00004 0.996474 1.00019 1.01065 1.00463 1.0138 1.0073 1.02251 1.02097 1.00147 1.01726 1.02225 1.02114 1.03385 1.02873 1.04378 1.02682 1.03885 1.03332 1.03684 1.05929 1.04939 1.05823 
1.17935 1.17738 1.18433 1.17057 1.16735 1.15264 1.14763 1.1525 1.14076 1.12727 1.14324 1.12643 1.12381 1.12059 1.11556 1.10653 1.10379 1.10151 1.09239 1.08586 1.08866 1.07744 1.08227 1.08484 1.06666 1.06511 1.05922 1.05598 1.05562 1.0467 1.04589 1.04319 1.04153 1.03378 1.03119 1.03382 1.03193 1.02439 1.02353 1.0192 1.01678 1.01499 1.01345 1.01188 1.00973 1.0079 1.00599 1.00413 1.00316 1.00142 1 0.998614 0.996801 0.996373 0.995151 0.995456 0.992199 0.992368 0.992481 0.993256 0.993323 0.994353 0.989799 0.990887 0.989491 0.994052 0.992755 0.989314 0.983479 0.984479 0.991127 0.989143 0.995236 0.996626 0.997654 1.00045 1.00442 1.00245 0.998156 1.00211 1.02062 0.998565 1.00248 1.01178 0.999584 1.02116 1.01251 1.01894 1.03422 1.0158 1.01354 1.01353 1.02599 1.02496 1.01918 1.04706 1.04098 1.04477 1.04698 1.0493 1.06357 
1.19294 1.18578 1.17893 1.16932 1.15405 1.15419 1.15573 1.14651 1.1336 1.13983 1.14112 1.1399 1.12053 1.10445 1.10792 1.10586 1.10513 1.09383 1.09258 1.08325 1.08239 1.08267 1.07677 1.06753 1.07142 1.06 1.0649 1.05467 1.05433 1.05131 1.04429 1.04926 1.04077 1.03774 1.03294 1.0347 1.02983 1.02945 1.02432 1.01993 1.02154 1.01515 1.01434 1.01369 1.01052 1.00736 1.007 1.00424 1.0029 1.00125 1 0.99879 0.997717 0.996156 0.996593 0.99538 0.995875 0.993377 0.991987 0.992027 0.989724 0.991794 0.990502 0.991052 0.993671 0.992519 0.988563 0.989116 0.991641 0.989767 0.991897 0.991028 0.993148 0.990389 0.999148 1.00123 0.992778 0.992067 0.99503 0.996586 0.999939 1.00864 1.02187 1.01141 1.01536 1.01726 1.01574 1.01498 1.01832 1.02589 1.01452 1.02293 1.02841 1.04337 1.04096 1.04598 1.04012 1.03486 1.05256 1.05543 1.06973 
1.17866 1.18103 1.17454 1.18186 1.16385 1.15297 1.15676 1.14449 1.14445 1.14289 1.1249 1.12761 1.1142 1.10959 1.103 1.10643 1.10698 1.10374 1.08949 1.09214 1.08599 1.08719 1.07499 1.07446 1.06329 1.06241 1.06007 1.06057 1.05041 1.05041 1.04554 1.04607 1.04114 1.03854 1.03181 1.02937 1.03073 1.02534 1.02381 1.02281 1.01862 1.01343 1.01315 1.01192 1.01007 1.00756 1.00634 1.00488 1.00292 1.00127 1 0.998874 0.997831 0.997076 0.996084 0.995493 0.99523 0.993179 0.994343 0.993478 0.990562 0.993408 0.993197 0.989843 0.991008 0.996467 0.990539 0.993642 0.993538 0.996079 0.994142 0.996096 1.00167 0.992941 0.999704 0.998614 1.00076 1.00603 1.00639 1.01148 1.01082 1.00646 1.00397 1.02 1.01164 1.01616 1.01281 1.02064 1.03127 1.02616 1.02255 1.02757 1.03832 1.04657 1.03794 1.03719 1.03006 1.04124 1.05111 1.06694 1.04177 
1.19861 1.18574 1.18846 1.17047 1.16889 1.16354 1.16085 1.1453 1.143 1.1289 1.12939 1.12672 1.1212 1.11229 1.11296 1.1077 1.09894 1.10226 1.09622 1.0894 1.08081 1.08065 1.08128 1.07994 1.06281 1.06467 1.06142 1.05595 1.04874 1.04912 1.04091 1.04285 1.03906 1.03231 1.03774 1.03021 1.02526 1.02365 1.02206 1.02167 1.02016 1.015 1.01363 1.01121 1.00946 1.00802 1.00728 1.00424 1.00232 1.00146 1 0.998822 0.997742 0.997594 0.995557 0.99455 0.996087 0.993994 0.993577 0.990217 0.9908 0.993835 0.994685 0.992945 0.994579 0.995562 0.995847 0.992957 0.993516 0.991523 0.990805 0.985222 0.993317 0.99858 0.995663 0.996389 1.00146 0.998637 1.00834 0.994912 1.00404 1.01303 1.01734 1.01617 1.01393 1.01987 1.01324 1.03257 1.02752 1.02811 1.03309 1.01833 1.04766 1.0331 1.0371 1.02695 1.04777 1.04452 1.04391 1.06134 1.06516 
1.19368 1.17839 1.17127 1.17402 1.15394 1.15943 1.15263 1.14832 1.15075 1.12997 1.13869 1.13359 1.12576 1.11563 1.11674 1.09965 1.10202 1.10119 1.09847 1.09369 1.08133 1.08056 1.0759 1.07416 1.07038 1.06299 1.06375 1.06009 1.04841 1.05102 1.04743 1.03813 1.04725 1.0367 1.03378 1.03209 1.02247 1.02431 1.02065 1.0212 1.01687 1.01611 1.01275 1.01105 1.01075 1.00989 1.00615 1.00339 1.00299 1.00144 1 0.998822 0.997448 0.99618 0.996049 0.994534 0.994944 0.995299 0.99184 0.994634 0.989611 0.990151 0.991713 0.993949 0.993277 0.988599 0.991181 0.988079 0.993717 0.992671 0.991893 1.0022 0.991513 0.999905 0.997395 1.00033 1.00732 1.00022 1.0066 1.00489 1.00514 1.00553 1.00639 1.0124 1.01681 1.01115 1.02015 1.02771 1.0273 1.01302 1.04351 1.03599 1.02528 1.02725 1.02778 1.03861 1.04441 1.04998 1.0603 1.04793 1.05949 
1.19599 1.17191 1.18185 1.16473 1.15653 1.16407 1.15834 1.14459 1.1441 1.13727 1.12882 1.13038 1.11982 1.11952 1.10852 1.10346 1.09301 1.09912 1.09598 1.08762 1.07877 1.08161 1.08137 1.07041 1.0731 1.06983 1.05608 1.05787 1.05171 1.04687 1.04159 1.04162 1.0395 1.03494 1.03209 1.03118 1.02897 1.02529 1.02527 1.02345 1.01817 1.01649 1.01287 1.01255 1.00844 1.0079 1.006 1.00435 1.003 1.00111 1 0.998948 0.997745 0.997145 0.995094 0.995192 0.993538 0.994975 0.99276 0.996314 0.990146 0.993942 0.993651 0.991382 0.993299 0.991768 0.990492 0.997036 0.993431 0.9928 0.992666 1.00037 0.991102 0.993237 1.00424 0.995437 1.00278 1.00629 0.999269 1.00863 1.01564 1.00461 1.00568 1.00488 1.01631 1.02597 1.01779 1.0212 1.04084 1.01192 1.04015 1.02669 1.04443 1.03619 1.0293 1.03838 1.04546 1.04703 1.0652 1.05061 1.0748 
1.18344 1.186 1.1727 1.16724 1.1608 1.14712 1.14014 1.15073 1.12998 1.14552 1.12882 1.12797 1.12132 1.11866 1.11515 1.10329 1.09629 1.10033 1.08724 1.08885 1.08393 1.07036 1.07698 1.07355 1.06213 1.06217 1.05849 1.05549 1.04668 1.05197 1.04307 1.04082 1.03891 1.03251 1.03732 1.0281 1.02581 1.02571 1.02162 1.01651 1.01724 1.01568 1.01471 1.01214 1.00977 1.00815 1.00682 1.00366 1.0026 1.0012 1 0.998799 0.997631 0.996604 0.996149 0.995565 0.994977 0.993177 0.994218 0.994499 0.992405 0.992897 0.992865 0.993948 0.992944 0.99263 0.98631 0.992532 0.994028 0.991233 0.997816 0.99411 0.996808 1.00283 1.00508 0.997211 0.998445 1.00884 1.00206 1.00705 1.00947 1.01127 1.00176 1.01397 1.01871 1.00706 1.02445 1.03132 1.03267 1.01156 1.02766 1.02572 1.04344 1.03898 1.0406 1.05954 1.02708 1.05163 1.05397 1.06091 1.05946 
1.18363 1.17732 1.1795 1.16072 1.17082 1.14943 1.15937 1.14885 1.13749 1.13515 1.12352 1.12857 1.11284 1.11029 1.10816 1.10884 1.09829 1.0935 1.09519 1.08052 1.08533 1.07964 1.07332 1.06929 1.07021 1.06531 1.05591 1.06278 1.05106 1.04899 1.04928 1.04466 1.03551 1.03344 1.03061 1.02658 1.02643 1.02686 1.02254 1.01993 1.01444 1.0165 1.01339 1.01063 1.00851 1.00715 1.00638 1.00392 1.00323 1.00131 1 0.998828 0.997988 0.997565 0.994529 0.995371 0.994997 0.994903 0.994591 0.993628 0.993186 0.992139 0.99118 0.993329 0.989636 0.994368 0.991024 0.995528 0.9982 0.992901 0.991078 0.99581 0.995931 0.995829 0.99315 1.00002 0.996712 1.00563 1.00057 1.01307 1.01214 1.01835 1.01064 1.01456 1.01113 1.01678 1.02767 1.03684 1.01739 1.03488 1.03543 1.02367 1.03373 1.0397 1.03894 1.04168 1.05979 1.05614 1.07482 1.067 1.06734 
1.19276 1.17572 1.17517 1.16704 1.15995 1.15973 1.15314 1.14827 1.14434 1.14422 1.1321 1.1194 1.11307 1.11495 1.11516 1.11583 1.09811 1.09378 1.08443 1.09336 1.08594 1.07867 1.07564 1.06482 1.07343 1.06539 1.05814 1.05552 1.05235 1.04878 1.04807 1.03819 1.03795 1.03705 1.03315 1.03258 1.02545 1.02367 1.02098 1.0189 1.0163 1.01361 1.01306 1.00928 1.00954 1.00715 1.00501 1.00449 1.00314 1.00123 1 0.998835 0.997808 0.99651 0.995522 0.994763 0.994671 0.994174 0.992388 0.993839 0.992945 0.992395 0.991522 0.993688 0.991013 0.996096 0.995003 1.00129 0.995685 0.995379 0.992802 0.995837 0.991047 1.00212 0.999867 0.999209 1.00096 1.00433 1.01711 1.01691 1.00812 1.01198 1.00633 1.01491 1.00946 1.01732 1.01755 1.01978 1.03905 1.03323 1.02171 1.03349 1.04776 1.04231 1.04095 1.05244 1.06268 1.04548 1.05075 1.05301 1.06051 
1.18519 1.17038 1.16372 1.17933 1.15884 1.15887 1.14736 1.14113 1.13617 1.13367 1.13436 1.12014 1.12067 1.11481 1.10711 1.1123 1.09575 1.09799 1.09106 1.08471 1.0866 1.07328 1.07739 1.07527 1.07652 1.06365 1.061 1.04874 1.0518 1.04854 1.0462 1.03859 1.03604 1.0338 1.03346 1.02865 1.02669 1.02844 1.02316 1.01581 1.01471 1.01558 1.01226 1.01069 1.01076 1.00588 1.00593 1.0047 1.00235 1.00145 1 0.99876 0.998338 0.997449 0.99618 0.99476 0.994505 0.993538 0.992888 0.991798 0.99557 0.989514 0.991336 0.992329 0.991062 0.993642 0.993224 0.998692 0.994458 0.994547 0.990302 1.00544 0.995687 0.994549 1.00261 1.01189 1.00384 1.01255 1.0101 1.00762 1.00709 1.00843 1.01631 1.01027 1.01848 1.02201 1.03074 1.02295 1.04314 1.0396 1.03108 1.03564 1.03116 1.04758 1.04267 1.05029 1.07105 1.0591 1.0668 1.06005 1.06554 
1.19606 1.18045 1.17594 1.16801 1.15509 1.15532 1.13647 1.13273 1.13925 1.13208 1.13108 1.12947 1.12404 1.11799 1.1092 1.09933 1.098 1.10293 1.09077 1.08228 1.07843 1.07189 1.07461 1.06964 1.06169 1.05505 1.05334 1.05371 1.05363 1.04675 1.04687 1.04046 1.03992 1.03446 1.03124 1.03191 1.03019 1.02641 1.02144 1.02068 1.01964 1.01415 1.014 1.01092 1.00898 1.0063 1.00615 1.00444 1.00226 1.00131 1 0.998805 0.997536 0.996298 0.996901 0.994853 0.994318 0.994325 0.992753 0.994493 0.992713 0.991932 0.995993 0.991029 0.994544 0.992994 0.990967 0.996909 0.996161 0.995985 0.996999 0.993741 0.994658 0.999848 1.00569 1.00733 0.995215 1.0039 1.00986 1.00719 1.00373 1.00997 1.0154 1.00756 1.01131 1.01459 1.02103 1.03057 1.0281 1.05058 1.02723 1.03776 1.05111 1.03896 1.05013 1.04862 1.0464 1.05439 1.05656 1.04129 1.07553 
1.18324 1.17592 1.16111 1.16469 1.16696 1.15276 1.15656 1.15206 1.13954 1.13481 1.12875 1.12377 1.11368 1.10344 1.10503 1.10219 1.10321 1.08741 1.08631 1.08709 1.09183 1.08119 1.08226 1.06778 1.06816 1.05707 1.06143 1.0513 1.05309 1.04362 1.04538 1.04015 1.0375 1.03537 1.03102 1.02911 1.03051 1.0222 1.02184 1.01729 1.01574 1.01634 1.01349 1.01155 1.00956 1.00735 1.00491 1.00382 1.00293 1.00131 1 0.998992 0.998374 0.997365 0.99529 0.995781 0.994056 0.993871 0.992648 0.99197 0.993853 0.995669 0.996039 0.993337 0.991277 0.995523 0.995325 0.997775 0.994259 0.996569 0.999209 1.00252 0.995098 1.00509 0.998247 1.01194 1.00508 1.00826 1.00401 1.00897 1.00149 1.01132 1.01034 1.0173 1.00905 1.02429 1.03121 1.0317 1.03585 1.04202 1.02787 1.03166 1.03286 1.03835 1.04658 1.05378 1.04736 1.04381 1.05396 1.06562 1.058 
1.18155 1.18093 1.16985 1.17547 1.15807 1.15763 1.14213 1.14694 1.13498 1.14175 1.11787 1.12301 1.11717 1.10478 1.10626 1.09711 1.09497 1.09827 1.08908 1.08643 1.08458 1.07573 1.07123 1.06994 1.0678 1.06603 1.0577 1.05949 1.05122 1.0526 1.04421 1.04087 1.04102 1.03628 1.03548 1.02869 1.02588 1.02231 1.01966 1.0177 1.01556 1.0117 1.01092 1.01141 1.00897 1.0066 1.00526 1.00381 1.00199 1.00127 1 0.998989 0.997548 0.995779 0.995953 0.995849 0.9944 0.99496 0.993926 0.993535 0.992348 0.996095 0.994134 0.991759 0.992289 0.993839 0.993698 0.997981 0.99864 0.99743 0.997182 1.00386 0.994999 0.995002 1.00919 1.00429 1.00643 1.01388 1.00753 1.00145 1.01359 1.02048 1.00973 1.01948 1.01847 1.0176 1.02666 1.02877 1.02516 1.03748 1.03465 1.04391 1.02934 1.04997 1.03953 1.04896 1.05449 1.05845 1.05118 1.05818 1.05668 
1.17726 1.18267 1.17103 1.15773 1.1594 1.15533 1.15378 1.14262 1.13443 1.12924 1.1304 1.11214 1.11562 1.1107 1.10185 1.10595 1.09259 1.08923 1.08484 1.07852 1.08281 1.07543 1.07257 1.06741 1.06442 1.05517 1.05471 1.05135 1.05209 1.04864 1.03452 1.04192 1.03543 1.03542 1.02678 1.02928 1.02814 1.02767 1.02068 1.02055 1.01641 1.01613 1.01347 1.01021 1.00857 1.00762 1.00524 1.00406 1.00231 1.00149 1 0.998885 0.997918 0.996456 0.997079 0.995942 0.996305 0.993777 0.994738 0.993578 0.993058 0.996291 0.993021 0.990377 0.996652 0.998496 0.994375 0.997284 0.993584 1.00202 1.00084 0.995261 0.99796 0.99676 1.00654 1.00558 1.00227 1.00405 1.01575 1.01142 1.00611 1.00515 1.01718 1.01445 1.00983 1.01959 1.02587 1.03661 1.04475 1.03437 1.05241 1.03422 1.03982 1.04563 1.04779 1.04495 1.05957 1.05706 1.06101 1.06078 1.05099 
1.18747 1.18844 1.16936 1.16421 1.15377 1.14893 1.15102 1.15126 1.13792 1.12996 1.12744 1.11518 1.11328 1.11824 1.1071 1.11257 1.08662 1.09696 1.08947 1.08559 1.07909 1.0758 1.06725 1.06474 1.06489 1.06199 1.05847 1.05656 1.05459 1.04688 1.04565 1.04361 1.03098 1.03604 1.03282 1.02572 1.02515 1.02266 1.0227 1.01807 1.01721 1.01465 1.01126 1.00988 1.00674 1.0077 1.00521 1.00367 1.00238 1.00125 1 0.998984 0.997931 0.99727 0.996955 0.993959 0.995259 0.993313 0.994676 0.994522 0.989672 0.995102 0.993937 0.990894 0.993248 0.996908 0.993641 0.99758 0.994458 0.99447 0.995238 0.99266 0.99993 1.01003 1.0041 1.00892 1.0051 1.00433 1.00747 1.01195 1.01001 1.0149 1.02076 1.0217 1.02211 1.0319 1.02419 1.03069 1.02604 1.02254 1.02635 1.04118 1.03055 1.04577 1.03772 1.04108 1.04423 1.06763 1.05713 1.05312 1.06936 
1.17798 1.18165 1.16793 1.16296 1.15296 1.15272 1.15189 1.13987 1.12688 1.13533 1.13103 1.11197 1.1112 1.10714 1.10664 1.09753 1.09571 1.09557 1.09338 1.07495 1.07699 1.06927 1.07149 1.07602 1.06516 1.05991 1.05712 1.05094 1.04732 1.04776 1.03996 1.03604 1.03994 1.0354 1.02967 1.0294 1.0274 1.02412 1.02361 1.01556 1.01438 1.01186 1.0124 1.01081 1.0093 1.00719 1.00443 1.00365 1.00251 1.00128 1 0.999154 0.998169 0.997561 0.996408 0.99613 0.993758 0.993702 0.993024 0.994396 0.994631 0.993971 0.994204 0.99605 0.997164 0.99219 0.998182 0.997953 0.991994 1.00007 0.992715 0.995513 0.997365 1.0031 1.00058 1.00476 1.00801 1.00586 1.01074 1.00781 1.01284 1.01793 1.01894 1.02655 1.02905 1.02229 1.03311 1.03105 1.0201 1.03879 1.04231 1.04395 1.04009 1.03462 1.05788 1.04847 1.06373 1.05557 1.06391 1.05727 1.08491 
1.1618 1.174 1.16945 1.15978 1.1496 1.14438 1.15542 1.13111 1.1251 1.11397 1.11859 1.11936 1.11192 1.10452 1.10708 1.10153 1.09849 1.09237 1.09694 1.08032 1.08557 1.07567 1.07057 1.05924 1.06321 1.05942 1.05875 1.05832 1.04993 1.04832 1.0446 1.04126 1.03827 1.03779 1.0268 1.02693 1.02578 1.02147 1.02141 1.0183 1.01555 1.01462 1.01227 1.01011 1.00701 1.00755 1.00544 1.00408 1.00258 1.00121 1 0.998855 0.998011 0.996967 0.995807 0.99686 0.996216 0.993225 0.994112 0.993837 0.993097 0.997041 0.988948 0.996635 0.992347 0.993502 0.993609 0.993133 0.99849 0.996887 0.998252 0.996362 1.00159 0.99917 1.00909 1.00318 1.00309 1.00076 1.01898 1.00612 1.016 1.01727 1.02294 1.01019 1.01852 1.01297 1.0417 1.02369 1.03257 1.03835 1.05182 1.02768 1.03014 1.04061 1.03741 1.07204 1.05808 1.04135 1.0673 1.06019 1.06798 
1.17775 1.18056 1.1676 1.1555 1.1421 1.15591 1.16269 1.13669 1.13164 1.13825 1.13057 1.13371 1.10866 1.11928 1.10654 1.09667 1.09701 1.09326 1.08857 1.08574 1.0748 1.07818 1.06492 1.06648 1.06327 1.06422 1.05275 1.04709 1.04922 1.04207 1.04079 1.03861 1.03047 1.03522 1.03227 1.02684 1.02462 1.02381 1.01933 1.01771 1.01721 1.01374 1.01067 1.01123 1.0094 1.00759 1.00494 1.004 1.00256 1.00116 1 0.99888 0.997793 0.997557 0.995776 0.994039 0.995766 0.99431 0.991687 0.994859 0.995098 0.995947 0.995458 0.993643 0.994076 1.00134 0.996816 0.99978 0.993234 0.999178 1.00007 1.00091 0.999152 0.995331 1.00451 1.00168 1.0174 1.0121 1.01619 1.01045 1.01467 1.01422 1.01987 1.01339 1.02025 1.0221 1.03412 1.02558 1.03723 1.02548 1.04181 1.04493 1.04543 1.04913 1.04026 1.04323 1.04605 1.05892 1.05666 1.07438 1.07848 
1.17393 1.1777 1.16304 1.16618 1.16206 1.15242 1.15136 1.13812 1.13016 1.12907 1.11575 1.12193 1.12141 1.09042 1.11041 1.10297 1.09565 1.09398 1.08763 1.08696 1.09043 1.07254 1.07054 1.06119 1.06084 1.06976 1.05574 1.05477 1.05558 1.04896 1.04194 1.04142 1.03842 1.03814 1.03166 1.0287 1.02445 1.02428 1.02234 1.01617 1.01882 1.01338 1.01165 1.00979 1.00949 1.00732 1.00431 1.00267 1.00201 1.00139 1 0.998818 0.997981 0.997264 0.996062 0.996117 0.99497 0.99554 0.993733 0.995117 0.994018 0.994424 0.993928 0.995236 0.997723 0.994731 0.993865 0.996141 0.997638 0.996346 1.0026 0.999275 1.00467 1.00768 1.00645 1.00399 1.00245 1.00959 1.00799 1.01649 1.01593 1.01005 1.0245 1.01558 1.02102 1.02884 1.0212 1.03328 1.03186 1.02913 1.03598 1.03016 1.04699 1.05227 1.04528 1.06398 1.0398 1.06173 1.05847 1.06799 1.06557 
1.17605 1.17453 1.17565 1.16256 1.15436 1.15454 1.13915 1.13663 1.12721 1.12875 1.12513 1.12895 1.12035 1.10088 1.1082 1.1034 1.09924 1.08597 1.08655 1.08369 1.08331 1.07366 1.06995 1.0634 1.07409 1.05897 1.05506 1.05074 1.04495 1.04382 1.04027 1.04115 1.03173 1.03077 1.02874 1.02379 1.02685 1.02472 1.02009 1.01881 1.01626 1.0146 1.01227 1.00908 1.00856 1.00614 1.00505 1.00343 1.00202 1.00128 1 0.999259 0.998902 0.996688 0.997835 0.99625 0.994419 0.995402 0.995757 0.994084 0.994034 0.992793 0.993387 0.993425 0.992561 0.99493 0.997922 0.997585 0.998657 0.994258 0.999356 0.997923 1.00174 1.00827 1.0025 1.00594 1.00545 1.00599 1.01404 1.01145 1.01944 1.01215 1.01721 1.01424 1.02695 1.0155 1.02358 1.02975 1.02367 1.03643 1.04456 1.04645 1.04804 1.03606 1.03508 1.06214 1.03899 1.0685 1.0601 1.06482 1.07804 
1.1788 1.17232 1.16828 1.15979 1.14623 1.15329 1.14504 1.14117 1.13488 1.11836 1.13548 1.12706 1.11385 1.10673 1.11075 1.10036 1.1064 1.08464 1.09012 1.08144 1.07718 1.07854 1.07028 1.07333 1.06099 1.05738 1.05513 1.06122 1.04881 1.04996 1.03714 1.03608 1.03919 1.03291 1.02713 1.03097 1.02128 1.0218 1.01899 1.01823 1.0143 1.01445 1.01383 1.01097 1.00594 1.00726 1.00523 1.00446 1.00227 1.0012 1 0.998823 0.997915 0.997752 0.996672 0.997019 0.995652 1.00045 0.995809 0.995549 0.99578 0.994631 0.994922 0.993855 0.994952 0.996181 0.998511 0.997162 1.00101 0.996894 1.00165 1.00081 1.00401 1.00465 1.00778 1.01385 1.00924 0.999869 1.01255 1.01305 1.01225 1.0166 1.02063 1.02604 1.02131 1.02426 1.02954 1.04518 1.02985 1.03697 1.05983 1.05501 1.0466 1.04597 1.0565 1.04666 1.0666 1.07306 1.07827 1.06539 1.07641 
1.16348 1.16124 1.15418 1.16798 1.14435 1.1507 1.1528 1.13837 1.13705 1.11272 1.12683 1.12701 1.12018 1.10938 1.10749 1.10461 1.09489 1.09472 1.08583 1.081 1.0706 1.06925 1.06598 1.06698 1.05933 1.05994 1.05621 1.05099 1.05169 1.0482 1.0404 1.03774 1.03971 1.03183 1.02924 1.02567 1.02492 1.01938 1.01922 1.01678 1.01653 1.01234 1.01107 1.01008 1.00949 1.00709 1.00414 1.00335 1.00255 1.00076 1 0.999031 0.997765 0.997245 0.996114 0.996135 0.995215 0.994911 0.994537 0.994877 0.994391 0.996144 0.996414 0.993355 0.994838 0.995189 0.998907 0.995695 0.994251 0.993753 0.997494 1.0055 1.00348 1.00135 1.00586 1.00864 1.01475 1.0147 1.01297 1.00436 1.01042 1.01637 1.02294 1.02493 1.03674 1.04295 1.04086 1.03142 1.04716 1.03545 1.04767 1.02338 1.03916 1.04993 1.04662 1.05727 1.06571 1.06854 1.07941 1.06543 1.0668 
1.18317 1.17432 1.17238 1.17049 1.15205 1.15588 1.13096 1.13935 1.13503 1.12643 1.12095 1.11677 1.11076 1.10611 1.10151 1.10288 1.09173 1.09219 1.08753 1.08332 1.08095 1.07306 1.06715 1.0627 1.07009 1.0487 1.06019 1.05016 1.05126 1.04729 1.04305 1.0374 1.02961 1.03021 1.02955 1.02759 1.02425 1.02362 1.0203 1.01707 1.01543 1.01402 1.0115 1.00977 1.00592 1.00775 1.00459 1.00369 1.0021 1.00126 1 0.999002 0.998542 0.997407 0.995694 0.997007 0.996229 0.995629 0.996002 0.997269 0.995339 0.997117 0.993328 0.998546 0.992345 0.993854 1.0003 0.993993 1.00026 0.99919 0.999354 1.00394 1.00117 1.01693 0.999204 1.00041 1.01015 1.01203 1.01245 1.02235 1.00387 1.01245 1.02622 1.02167 1.03841 1.02601 1.01498 1.0279 1.02975 1.03083 1.03291 1.04654 1.05371 1.0605 1.04873 1.05608 1.04505 1.06535 1.06362 1.07141 1.07207 
1.17627 1.15982 1.17343 1.15519 1.15789 1.15121 1.14381 1.12746 1.14089 1.12076 1.12643 1.1175 1.12078 1.11508 1.10181 1.10495 1.09614 1.08139 1.08796 1.0776 1.08391 1.07282 1.0715 1.06641 1.07088 1.05601 1.05979 1.05287 1.04576 1.04153 1.03751 1.03746 1.03521 1.03238 1.02764 1.02808 1.01872 1.01927 1.01905 1.01544 1.01341 1.01267 1.00858 1.00934 1.00726 1.0074 1.00417 1.00348 1.00218 1.00102 1 0.999015 0.998425 0.997555 0.996276 0.995707 0.99589 0.995585 0.994774 0.997661 0.995724 0.99561 0.996827 0.992998 0.996832 0.995869 0.996091 1.00336 1.00039 1.00185 1.00741 0.999732 1.00389 1.01053 1.00985 1.00664 1.01346 1.01462 1.01112 1.01728 1.01706 1.0245 1.02114 1.0274 1.02358 1.02205 1.02665 1.04593 1.02923 1.03595 1.03802 1.04641 1.06202 1.05523 1.05316 1.05479 1.06557 1.0613 1.06387 1.07276 1.06706 
1.17905 1.16905 1.15571 1.15714 1.15471 1.14774 1.14504 1.14075 1.14329 1.13738 1.11362 1.11923 1.12065 1.1091 1.09607 1.09387 1.10398 1.09646 1.08898 1.07494 1.08228 1.07441 1.07405 1.06184 1.05821 1.05518 1.05633 1.05452 1.04175 1.04211 1.03871 1.03832 1.03698 1.02743 1.02639 1.02971 1.02281 1.01903 1.01842 1.01687 1.01893 1.01408 1.01094 1.00865 1.00731 1.00646 1.00472 1.00355 1.0032 1.0009 1 0.999271 0.997326 0.99828 0.997115 0.996344 0.995399 0.994752 0.994154 0.992591 0.996897 0.99368 0.994828 0.995534 0.992772 0.997748 1.00041 1.00034 0.998403 0.996996 0.996843 0.999633 0.999023 1.01075 1.01336 1.00476 1.00669 1.02322 1.01171 1.01852 1.01558 1.02335 1.02439 1.01765 1.03601 1.0321 1.02887 1.03083 1.03525 1.03906 1.04752 1.0428 1.05154 1.05306 1.04973 1.06274 1.04864 1.07484 1.05621 1.07218 1.07147 
1.17186 1.16209 1.16416 1.13974 1.15789 1.14669 1.13329 1.14322 1.12414 1.12176 1.1199 1.11221 1.10905 1.10933 1.10439 1.09884 1.09538 1.08603 1.08569 1.08273 1.07143 1.07615 1.07472 1.06522 1.05654 1.05584 1.05539 1.05037 1.04652 1.04118 1.04182 1.03933 1.03689 1.03183 1.02834 1.02651 1.02409 1.02407 1.01999 1.01454 1.01417 1.01081 1.0115 1.00703 1.00828 1.00682 1.00518 1.00363 1.00185 1.00102 1 0.998527 0.997984 0.996517 0.996773 0.995724 0.996501 0.996008 0.995384 0.995347 0.996416 0.996183 0.99937 0.994723 0.995621 0.999725 0.999784 0.993376 1.0038 1.00079 0.996542 0.997755 1.00606 1.00235 1.00997 1.0151 1.01398 1.01826 1.01488 1.01843 1.00438 1.01962 1.03193 1.02627 1.02969 1.03533 1.02618 1.04561 1.03792 1.03455 1.04398 1.05737 1.04792 1.06176 1.06923 1.06037 1.06551 1.06295 1.06863 1.07262 1.08604 
1.16733 1.179 1.16801 1.15686 1.16507 1.14314 1.14678 1.13328 1.12868 1.13004 1.11374 1.10698 1.11672 1.11121 1.10581 1.09516 1.08955 1.08863 1.0891 1.07969 1.07759 1.07894 1.07042 1.07143 1.0588 1.05576 1.05543 1.05044 1.04435 1.04669 1.03958 1.04459 1.03489 1.02843 1.02654 1.02778 1.02528 1.01996 1.02053 1.0185 1.01161 1.01317 1.01173 1.01126 1.00804 1.0057 1.00527 1.00384 1.00207 1.00117 1 0.999159 0.998473 0.997376 0.996784 0.994118 0.997444 0.995744 0.995783 0.995851 0.996506 0.997098 0.992495 0.997647 0.994605 0.997833 0.998454 1.00102 0.997348 1.00469 1.00157 1.00108 1.00395 1.00348 1.00186 1.01051 1.0131 1.00743 1.01222 1.0113 1.01761 1.02491 1.02871 1.02773 1.02258 1.02591 1.04087 1.03582 1.03517 1.02563 1.05992 1.06205 1.03453 1.05161 1.05535 1.07193 1.05841 1.05749 1.0674 1.08161 1.08626 
1.17754 1.16437 1.16015 1.15288 1.13989 1.13995 1.14322 1.13061 1.12384 1.13175 1.13011 1.11812 1.1091 1.11594 1.10261 1.09749 1.09019 1.08774 1.08575 1.08162 1.07207 1.0706 1.06761 1.0588 1.05451 1.05899 1.04881 1.04783 1.04478 1.04434 1.0334 1.03292 1.0364 1.03227 1.0269 1.02364 1.02279 1.01841 1.02189 1.01815 1.01388 1.01163 1.0113 1.00984 1.00726 1.00739 1.00469 1.00283 1.00157 1.00103 1 0.999045 0.998357 0.997868 0.997783 0.997275 0.995591 0.9935 0.99612 0.995973 0.992486 0.995534 0.99575 0.995819 0.995966 0.997683 0.998626 1.00122 0.999908 1.0014 0.997275 1.00366 1.00096 1.00506 1.0084 1.00802 1.00955 1.01137 1.00797 1.01337 1.02959 1.01814 1.03016 1.0307 1.02928 1.03377 1.02389 1.03518 1.04738 1.04236 1.04258 1.04707 1.0579 1.05366 1.06325 1.06583 1.06034 1.05719 1.07797 1.07494 1.08832 
1.16554 1.15606 1.17214 1.15754 1.15082 1.14795 1.13324 1.13133 1.12645 1.12954 1.12649 1.11333 1.10195 1.09893 1.09864 1.09874 1.09064 1.09213 1.09169 1.083 1.07674 1.07455 1.07056 1.06282 1.06291 1.05901 1.0498 1.04452 1.04408 1.03862 1.04312 1.02765 1.03225 1.03014 1.02845 1.02531 1.02417 1.02382 1.01965 1.01469 1.01529 1.01204 1.01183 1.00889 1.00721 1.00512 1.00468 1.00335 1.00129 1.00086 1 0.9991 0.99881 0.997363 0.996249 0.995468 0.996484 0.995736 0.993582 0.996858 0.993405 0.99296 0.995087 0.995574 0.999738 0.997693 0.996969 0.996912 1.00262 1.00225 1.00401 1.00403 1.00176 1.00677 1.01288 1.01152 1.01154 1.01695 1.01048 1.01208 1.02632 1.00912 1.02731 1.02602 1.02317 1.03125 1.02765 1.03675 1.03704 1.03771 1.04344 1.04514 1.05403 1.03939 1.06085 1.07277 1.07163 1.06695 1.06382 1.09311 1.06622 
1.16921 1.1684 1.15812 1.14593 1.14476 1.14636 1.13186 1.13001 1.13162 1.12958 1.11357 1.11706 1.09548 1.09941 1.10117 1.08838 1.0885 1.0854 1.08388 1.07533 1.08023 1.06757 1.06143 1.06274 1.05817 1.05954 1.05101 1.04864 1.04608 1.03844 1.04252 1.03167 1.03457 1.02768 1.02503 1.02361 1.02392 1.02115 1.01784 1.01623 1.01264 1.01323 1.01096 1.00899 1.00744 1.00571 1.00442 1.0032 1.00213 1.00097 1 0.999069 0.99875 0.997956 0.99707 0.995817 0.997589 0.997786 0.995347 0.995132 0.99373 0.994471 0.998555 0.997192 0.99842 0.996387 0.999831 1.00145 0.999145 0.997624 1.00256 1.00306 1.00558 1.00999 1.00947 1.00943 1.01782 1.01015 1.02547 1.01982 1.01835 1.00735 1.02685 1.02669 1.02343 1.02661 1.03076 1.03481 1.03237 1.05116 1.05519 1.04012 1.03699 1.03879 1.04622 1.06567 1.06607 1.06158 1.07398 1.06728 1.09506 
1.17837 1.16427 1.16872 1.16055 1.15926 1.15074 1.13943 1.13323 1.1196 1.12419 1.12317 1.10247 1.10678 1.10529 1.08979 1.10197 1.09503 1.08943 1.08078 1.08356 1.07351 1.08225 1.06298 1.06441 1.06118 1.05984 1.05456 1.04774 1.05001 1.04473 1.03522 1.0341 1.03559 1.03045 1.02797 1.02436 1.02714 1.02011 1.0184 1.01626 1.01656 1.00891 1.01237 1.01012 1.00625 1.00553 1.00538 1.00305 1.0017 1.00078 1 0.999221 0.99848 0.997547 0.996544 0.995241 0.994944 0.995326 0.994689 0.99528 0.995535 0.995388 0.995604 0.997421 1.00035 0.995228 0.99677 0.998138 0.998942 1.00228 1.00225 1.00835 1.00272 1.01137 1.0067 1.00599 1.01236 1.01223 1.01254 1.00525 1.01817 1.01683 1.03497 1.03226 1.01914 1.04066 1.04138 1.02995 1.04211 1.04068 1.0529 1.05176 1.05927 1.0779 1.05389 1.05283 1.06096 1.0632 1.05351 1.06392 1.07927 
1.16168 1.15951 1.16613 1.15224 1.14476 1.12772 1.15142 1.12155 1.13585 1.13206 1.11391 1.11901 1.12323 1.10657 1.09647 1.09768 1.0885 1.08967 1.0864 1.0771 1.07508 1.07584 1.06424 1.07001 1.06351 1.05576 1.04854 1.04932 1.04768 1.04434 1.03698 1.035 1.03131 1.03235 1.02613 1.02668 1.02538 1.02073 1.0187 1.01376 1.01602 1.01259 1.01281 1.0094 1.00798 1.00727 1.00447 1.00309 1.00185 1.0011 1 0.999126 0.998579 0.997422 0.995746 0.996455 0.998487 0.99605 0.99591 0.994768 0.997178 1.00294 0.997703 0.995673 0.994261 0.996404 0.998991 0.997703 1.00368 1.00317 1.00057 1.00027 1.00936 1.00791 1.00723 1.01486 1.01158 1.01679 1.01241 1.01876 1.01792 1.03097 1.01849 1.03056 1.03875 1.04391 1.04059 1.03955 1.02915 1.04864 1.04864 1.03775 1.0531 1.04756 1.05951 1.07303 1.07489 1.07643 1.07464 1.07055 1.07753 
1.17278 1.15867 1.15889 1.16739 1.1497 1.14637 1.14292 1.13358 1.12892 1.12798 1.11831 1.10494 1.09451 1.10652 1.099 1.09417 1.08659 1.09107 1.08068 1.08357 1.06933 1.06902 1.06284 1.06724 1.05426 1.05668 1.05102 1.03771 1.04476 1.04235 1.03706 1.03477 1.04128 1.03004 1.02715 1.02661 1.02419 1.02131 1.01423 1.01751 1.01479 1.01143 1.01091 1.00807 1.00684 1.0061 1.00528 1.00286 1.00206 1.00105 1 0.999081 0.998087 0.997506 0.997147 0.997808 0.993818 0.996656 0.996128 0.996252 0.995397 0.997995 0.996353 1.00059 0.998272 0.996122 0.998886 1.00208 1.00235 1.00653 1.00488 0.995503 1.00171 1.01262 1.00655 1.01122 1.01254 1.01796 1.02196 1.01959 1.02505 1.03096 1.02852 1.02493 1.039 1.02194 1.02599 1.03383 1.04797 1.04626 1.04173 1.05683 1.04818 1.06612 1.05935 1.05383 1.07579 1.07853 1.06357 1.07653 1.07504 
1.17554 1.17715 1.16485 1.14542 1.14484 1.13901 1.13697 1.12673 1.12717 1.1272 1.11004 1.11439 1.10733 1.10219 1.11203 1.09269 1.0973 1.07832 1.08044 1.07586 1.07309 1.06924 1.07164 1.06167 1.05638 1.04969 1.05115 1.03971 1.04759 1.0406 1.04025 1.0318 1.03223 1.02741 1.02767 1.02315 1.02295 1.02127 1.01506 1.01764 1.01486 1.01152 1.0087 1.00803 1.00883 1.00492 1.0052 1.00323 1.00143 1.00085 1 0.999282 0.99843 0.997332 0.998478 0.996798 0.996836 0.997078 0.998815 0.996629 0.997546 0.995861 0.995163 0.994298 0.996362 1.00008 1.00417 1.0014 0.997378 0.996931 0.998934 1.01052 1.01208 1.01136 1.00311 1.01017 1.01966 1.01508 1.01213 1.01367 1.01928 1.02835 1.03631 1.0359 1.02663 1.03182 1.03042 1.02379 1.03779 1.04221 1.05229 1.03841 1.06481 1.0497 1.05568 1.0556 1.06821 1.06923 1.07047 1.08012 1.08384 
1.17226 1.1675 1.16581 1.15225 1.14742 1.1384 1.13122 1.11864 1.13305 1.12234 1.12038 1.10459 1.10412 1.10304 1.10154 1.0936 1.09075 1.08069 1.08586 1.07723 1.07147 1.06389 1.05934 1.06193 1.05869 1.0571 1.05373 1.04535 1.04245 1.04066 1.03722 1.03824 1.03667 1.02371 1.02892 1.02195 1.02054 1.02106 1.01696 1.01463 1.01493 1.01169 1.00996 1.00859 1.00585 1.00608 1.00408 1.00334 1.00174 1.00102 1 0.999011 0.998895 0.998053 0.997789 0.996523 0.995551 0.997171 0.995483 0.997369 0.995431 0.997137 0.999135 0.996525 0.994009 1.00186 0.998193 1.00568 0.999124 1.00122 1.00347 1.00751 1.0029 1.0096 1.00827 1.01041 1.0105 1.01382 1.01717 1.01024 1.00533 1.02938 1.0252 1.03469 1.03362 1.0284 1.03618 1.04112 1.03981 1.04394 1.0443 1.04657 1.0672 1.05021 1.0499 1.06458 1.07643 1.07349 1.07679 1.07966 1.08314 
1.17709 1.15275 1.15239 1.15673 1.14588 1.14524 1.13729 1.13811 1.14016 1.12813 1.11629 1.106 1.10248 1.09439 1.09486 1.09779 1.08411 1.08912 1.08263 1.07194 1.06953 1.07582 1.06827 1.05919 1.05189 1.05363 1.05423 1.04737 1.0465 1.04386 1.0402 1.03547 1.0343 1.03039 1.02473 1.01959 1.01991 1.02181 1.01926 1.01767 1.01423 1.01242 1.00983 1.00913 1.0058 1.00542 1.00416 1.00352 1.00212 1.00063 1 0.999083 0.998632 0.996949 0.996145 0.996428 0.997822 0.997635 0.996691 0.996767 0.993933 0.995837 0.996614 0.996909 0.995573 0.999416 0.996713 1.00113 1.00014 1.00645 1.00717 1.00193 1.00818 1.01037 1.00629 1.00657 1.0163 1.0153 1.01789 1.01727 1.02305 1.01127 1.02773 1.0279 1.02812 1.03555 1.04075 1.02667 1.05171 1.05663 1.03691 1.06022 1.04881 1.05856 1.05036 1.06267 1.06898 1.07252 1.06464 1.07425 1.07729 
1.17247 1.16921 1.1659 1.16062 1.14928 1.14778 1.14943 1.13422 1.1321 1.113 1.12546 1.11443 1.10852 1.09928 1.09334 1.08183 1.09019 1.08437 1.07598 1.07561 1.07712 1.06856 1.06454 1.06036 1.063 1.05276 1.04993 1.04844 1.04955 1.04187 1.04043 1.03748 1.0326 1.02341 1.02927 1.02431 1.02515 1.0206 1.0205 1.01583 1.01425 1.01293 1.01228 1.00762 1.00861 1.00575 1.00337 1.00392 1.00174 1.00082 1 0.999121 0.998378 0.997821 0.998223 0.996356 0.996692 0.997223 0.998361 0.995628 0.996105 0.993572 0.996498 0.997584 0.995846 0.999541 0.991696 0.999789 0.997919 1.00687 0.998347 1.00482 1.0067 1.01187 1.01378 1.01417 1.01236 1.01587 1.02672 1.02286 1.03255 1.01863 1.02227 1.04296 1.02882 1.03621 1.04137 1.04158 1.04048 1.05219 1.04925 1.05937 1.05035 1.05453 1.0665 1.06802 1.06172 1.06035 1.08841 1.06632 1.08595 
1.16682 1.1713 1.16377 1.15669 1.14805 1.12896 1.13959 1.1381 1.12072 1.1226 1.12671 1.11914 1.10145 1.10506 1.09354 1.07973 1.06592 1.08466 1.07514 1.07757 1.0692 1.06452 1.05816 1.0576 1.06059 1.05573 1.04376 1.04173 1.04026 1.04193 1.03979 1.04046 1.0309 1.03005 1.02899 1.0218 1.02718 1.01906 1.01853 1.01318 1.01094 1.01255 1.00953 1.00868 1.00616 1.00514 1.00303 1.00202 1.00188 1.00116 1 0.999375 0.998404 0.997504 0.998031 0.996921 0.997475 0.996039 0.995715 0.996326 0.997286 0.999636 0.996129 0.998221 0.996441 0.996418 0.999783 1.00053 0.998147 0.996258 1.0096 1.00811 1.00908 1.01772 1.01563 1.01447 1.01371 1.01038 1.01607 1.01835 1.01545 1.02104 1.03994 1.03355 1.02664 1.03548 1.0464 1.0384 1.04045 1.0495 1.04923 1.04634 1.05815 1.06537 1.06919 1.06147 1.06903 1.10428 1.07527 1.09225 1.09729 
1.16585 1.16349 1.17564 1.14988 1.12337 1.12215 1.13131 1.13717 1.11986 1.1228 1.11643 1.11269 1.10004 1.09997 1.09821 1.09246 1.08703 1.08509 1.07739 1.07838 1.06795 1.06463 1.0606 1.06232 1.05472 1.05947 1.04785 1.05379 1.04369 1.04627 1.03548 1.03011 1.03125 1.02807 1.02669 1.02482 1.02538 1.01933 1.01933 1.01672 1.01484 1.01232 1.01045 1.0078 1.00662 1.00646 1.00349 1.00376 1.00144 1.00126 1 0.999127 0.998457 0.997207 0.997637 0.996312 0.996821 0.996732 0.997064 0.996037 0.999396 0.994193 0.998877 0.993647 0.998227 1.00212 1.00055 1.00421 1.0065 1.00431 1.0058 1.00597 1.00849 1.01029 1.00975 1.00833 1.01383 1.01419 1.02255 1.01861 1.01496 1.02822 1.03258 1.03631 1.02081 1.04551 1.03642 1.04918 1.04819 1.04804 1.05125 1.04728 1.05276 1.0439 1.06644 1.06936 1.05671 1.06418 1.08297 1.08639 1.08176 
1.1796 1.159 1.15114 1.13967 1.14375 1.12855 1.1533 1.12904 1.1324 1.11809 1.11231 1.11977 1.11254 1.09623 1.09674 1.09371 1.0835 1.08332 1.08491 1.07733 1.07385 1.0679 1.06555 1.06135 1.05837 1.05315 1.05603 1.04372 1.04686 1.03793 1.04014 1.02776 1.03168 1.02698 1.02961 1.02593 1.02506 1.02222 1.01646 1.01515 1.0134 1.01064 1.00945 1.01043 1.0059 1.00439 1.00427 1.00247 1.00159 1.00118 1 0.999168 0.999043 0.998857 0.998071 0.999554 0.996946 0.997971 0.996536 0.999107 0.995754 0.996675 0.999817 0.995366 0.996361 0.998853 0.999204 1.0009 1.00009 1.0023 1.00103 1.00327 1.01104 1.00729 1.02061 1.01456 1.01494 1.00996 1.01875 1.02577 1.02527 1.02816 1.01993 1.03328 1.02607 1.0377 1.04641 1.04499 1.04074 1.04313 1.04856 1.0484 1.05589 1.06903 1.05623 1.06901 1.06913 1.07541 1.07761 1.06054 1.07588 
1.17803 1.15485 1.15034 1.14786 1.1435 1.14728 1.13955 1.12889 1.13982 1.11783 1.11272 1.11709 1.10681 1.09539 1.09476 1.10173 1.09456 1.08002 1.08199 1.07593 1.06662 1.06397 1.05832 1.06184 1.05507 1.06055 1.04719 1.0501 1.04601 1.03861 1.0372 1.02982 1.03445 1.02636 1.02989 1.02362 1.02124 1.01597 1.01335 1.01365 1.01456 1.01274 1.01081 1.00781 1.00664 1.00526 1.00474 1.00281 1.00193 1.00085 1 0.999396 0.998371 0.998492 0.998161 0.996759 0.996401 0.997862 0.998559 0.994401 0.994703 0.997738 0.997758 0.994078 1.00071 0.997914 1.0021 0.999262 1.01042 0.997471 0.998728 1.00437 1.00742 1.01375 1.02007 1.00657 1.01024 1.01772 1.02114 1.01716 1.03568 1.02517 1.02784 1.03113 1.02882 1.03256 1.02859 1.03593 1.04643 1.0504 1.04001 1.05332 1.04514 1.05486 1.05275 1.0694 1.07393 1.07502 1.07217 1.07971 1.06681 
1.1794 1.1635 1.13982 1.15144 1.14998 1.12896 1.14318 1.13175 1.1279 1.11525 1.1133 1.10255 1.10974 1.10293 1.09622 1.08973 1.08615 1.08196 1.08187 1.07269 1.07232 1.06983 1.05947 1.05828 1.05726 1.05194 1.05035 1.04771 1.04374 1.04705 1.0338 1.03422 1.03385 1.02943 1.02271 1.02684 1.0208 1.01849 1.01746 1.01345 1.01514 1.01096 1.0109 1.00789 1.00473 1.00377 1.00431 1.00276 1.00176 1.00094 1 0.999643 0.998769 0.997912 0.99773 0.997572 0.997674 0.996917 0.997902 1.00053 0.997543 0.998772 0.997411 0.998402 0.996829 0.998967 0.998395 0.998324 1.00588 1.00233 0.998746 1.01146 1.00923 1.00659 1.00606 1.01382 1.02273 1.01875 1.01724 1.01547 1.02565 1.02912 1.03838 1.03674 1.0275 1.03526 1.04278 1.04364 1.05788 1.04458 1.04644 1.0643 1.06612 1.06336 1.0657 1.07005 1.08628 1.06435 1.0795 1.0625 1.09602 
1.17027 1.14677 1.15971 1.13924 1.14039 1.13456 1.13443 1.13722 1.1199 1.11947 1.11431 1.10563 1.09843 1.10209 1.09649 1.09191 1.08346 1.07776 1.08675 1.06927 1.07343 1.06046 1.06708 1.05623 1.05054 1.05518 1.04823 1.04675 1.03827 1.04108 1.0345 1.03465 1.03398 1.03088 1.02504 1.02293 1.02033 1.02225 1.0171 1.01332 1.0098 1.01328 1.00798 1.00765 1.00755 1.00501 1.00381 1.00333 1.00199 1.00059 1 0.999466 0.998773 0.998227 0.998341 0.997113 0.99763 0.997415 0.995971 1.0001 0.996793 0.997227 0.995396 0.997635 1.00149 1.0044 0.998219 1.0002 1.00287 1.01117 1.00324 1.00489 1.01149 1.00963 1.0131 1.00497 1.00797 1.01709 1.01644 1.03908 1.03217 1.03068 1.03953 1.02969 1.03165 1.04105 1.04112 1.04804 1.06074 1.0522 1.05116 1.05693 1.06378 1.06474 1.0524 1.0814 1.05122 1.0814 1.11019 1.07564 1.07938 
1.15873 1.14857 1.1678 1.15762 1.14739 1.13779 1.12803 1.13125 1.12143 1.11917 1.09876 1.11417 1.09766 1.11291 1.10139 1.09387 1.08587 1.07864 1.07537 1.07151 1.08002 1.06776 1.07083 1.05901 1.05798 1.054 1.04148 1.04608 1.04192 1.04286 1.03248 1.03301 1.02931 1.02479 1.02578 1.02276 1.02195 1.02035 1.01771 1.01472 1.01186 1.01264 1.01027 1.00665 1.00534 1.00518 1.00446 1.00288 1.00189 1.00089 1 0.999122 0.998714 0.998574 0.997572 0.99723 0.996884 0.997959 0.997724 0.999677 1.00016 1.00029 1.00137 1.00041 0.996043 1.00338 0.99994 0.999956 1.00617 1.00525 1.00179 1.0047 1.00661 1.01458 1.00557 1.01266 1.01565 1.02599 1.02048 1.01692 1.02502 1.0221 1.02091 1.02572 1.03315 1.03743 1.05219 1.04 1.04004 1.06015 1.05868 1.05991 1.05854 1.06987 1.08214 1.07184 1.06329 1.08702 1.07933 1.08164 1.0974 
1.17704 1.16784 1.15663 1.15846 1.14049 1.13701 1.1352 1.12359 1.124 1.12214 1.10614 1.11401 1.10873 1.10148 1.08329 1.09385 1.08947 1.07954 1.08432 1.07219 1.074 1.07211 1.06561 1.06501 1.05832 1.0549 1.05387 1.04248 1.04612 1.04174 1.03474 1.02972 1.03708 1.02711 1.03074 1.01985 1.02229 1.01955 1.01471 1.01451 1.01357 1.01074 1.00909 1.00773 1.00316 1.00555 1.00302 1.00356 1.00222 1.00117 1 0.999509 0.999246 0.998867 0.997733 0.997899 0.996602 0.996384 0.997831 0.997185 0.994961 1.00024 1.00113 0.998042 0.995857 1.00587 0.999982 1.0026 1.00857 1.00719 0.999216 1.00569 1.00773 1.00804 1.00658 1.0179 1.01649 1.00739 1.01635 1.02661 1.01935 1.02876 1.02873 1.03693 1.04028 1.04363 1.0415 1.04275 1.03907 1.05751 1.0509 1.05811 1.04047 1.04589 1.07413 1.07532 1.08842 1.07188 1.08964 1.08249 1.09978 
1.16832 1.15754 1.1574 1.14537 1.14133 1.13309 1.13182 1.12191 1.12278 1.10803 1.11728 1.10562 1.10296 1.10218 1.1002 1.0879 1.09183 1.08337 1.08243 1.06925 1.07571 1.06572 1.06508 1.0603 1.05942 1.05021 1.04391 1.04521 1.04427 1.04123 1.03654 1.03995 1.03158 1.0291 1.02121 1.02647 1.01526 1.01796 1.01887 1.01528 1.01674 1.01307 1.01146 1.00849 1.00598 1.00467 1.00415 1.00323 1.00118 1.00089 1 0.999346 0.998661 0.999119 0.997417 0.997095 0.996096 0.999073 0.99961 0.996324 0.999984 0.997969 0.997295 0.996142 0.998165 1.00349 1.0023 0.996361 1.00956 1.0027 1.00891 1.00547 1.01164 1.01008 1.00979 1.01098 1.01952 1.01372 1.03049 1.02953 1.02662 1.02285 1.03299 1.02947 1.02574 1.0425 1.04447 1.04348 1.04415 1.04607 1.05433 1.05273 1.05794 1.07264 1.07113 1.0808 1.0569 1.07958 1.09545 1.08031 1.08523 
1.16523 1.16332 1.1518 1.13513 1.13846 1.12885 1.13122 1.12538 1.12174 1.11841 1.12042 1.10655 1.10679 1.09062 1.09137 1.10006 1.08638 1.07386 1.07701 1.07762 1.07887 1.06133 1.053 1.05793 1.0519 1.04896 1.04841 1.04604 1.04534 1.04033 1.03485 1.0375 1.02889 1.02419 1.02725 1.02844 1.01977 1.02337 1.01635 1.01503 1.01313 1.00777 1.01135 1.01059 1.00807 1.00464 1.00477 1.00213 1.0016 1.00061 1 0.999417 0.998942 0.998904 0.998376 0.996052 0.998969 0.999219 0.999866 0.999095 0.99643 0.997759 1.00077 0.999847 0.996713 1.00187 1.00035 1.00515 1.00214 1.00346 1.00638 1.00914 1.00609 1.00738 1.00713 1.02338 1.01462 1.01279 1.02232 1.02422 1.02634 1.02555 1.03628 1.037 1.04064 1.02909 1.03875 1.04656 1.04675 1.0468 1.06802 1.05443 1.06359 1.06064 1.05502 1.06826 1.06832 1.07798 1.06283 1.06255 1.11238 
1.16541 1.15618 1.16274 1.15559 1.15029 1.14103 1.13181 1.1316 1.12645 1.11595 1.12009 1.11866 1.10324 1.10078 1.09463 1.09762 1.0766 1.07419 1.07705 1.07635 1.07516 1.06693 1.06546 1.06306 1.05894 1.05302 1.05066 1.04649 1.03729 1.03732 1.03455 1.03097 1.03369 1.03206 1.02626 1.02294 1.02512 1.02217 1.01782 1.01702 1.01558 1.00935 1.00943 1.00827 1.00725 1.00596 1.00454 1.0021 1.00144 1.00067 1 0.99923 0.999113 0.998315 0.997355 0.998505 0.997712 0.996517 0.997216 0.994942 0.999289 0.999354 0.997472 0.998048 1.00276 0.999 1.00001 1.00442 1.00378 1.0036 1.00742 1.0014 1.01378 1.01173 1.01528 1.01812 1.01384 1.02035 1.0218 1.02231 1.02729 1.03531 1.03177 1.03225 1.03279 1.05392 1.04576 1.04116 1.04713 1.04521 1.05539 1.05727 1.06724 1.05463 1.06426 1.06557 1.08137 1.07487 1.0631 1.08785 1.09097 
1.1755 1.16444 1.14745 1.14748 1.13888 1.14032 1.14159 1.12261 1.12885 1.11533 1.11573 1.10199 1.11302 1.09117 1.0881 1.09218 1.08069 1.08382 1.08668 1.08064 1.07662 1.06647 1.06378 1.05887 1.05529 1.05156 1.05169 1.04624 1.0416 1.04104 1.03304 1.02735 1.02903 1.02863 1.02879 1.02782 1.02189 1.01912 1.01629 1.01573 1.01374 1.01207 1.0068 1.00734 1.00563 1.00548 1.00368 1.00269 1.00226 1.00079 1 0.999175 0.998951 0.997747 0.997985 0.997179 0.99955 0.997777 0.996991 1.00014 1.00129 1.00089 1.00072 0.997272 1.00391 0.998806 0.998334 1.00448 1.00116 1.00839 1.01164 1.01265 1.00967 1.00708 1.01318 1.02009 1.01239 1.02161 1.02207 1.02174 1.02151 1.02956 1.03282 1.03361 1.02845 1.03684 1.04608 1.03956 1.03726 1.06947 1.05667 1.05915 1.06942 1.07157 1.06673 1.07678 1.07285 1.0821 1.07142 1.08047 1.08954 
1.16058 1.14997 1.14866 1.15063 1.14347 1.13739 1.13284 1.13784 1.12022 1.11238 1.11604 1.10557 1.10033 1.09513 1.10279 1.08893 1.08887 1.07901 1.07447 1.07363 1.06826 1.05971 1.06222 1.05504 1.05853 1.05116 1.04119 1.05074 1.04342 1.04024 1.0402 1.02899 1.02841 1.03282 1.02441 1.02259 1.02224 1.01483 1.01302 1.01548 1.01 1.01148 1.00997 1.00629 1.00415 1.005 1.00362 1.00175 1.00164 1.00086 1 0.999023 0.998868 0.998406 0.998217 0.997113 0.996899 0.998543 0.997091 0.999376 1.00085 1.00115 0.997681 0.99916 1.00017 1.00058 1.00137 1.00742 1.00422 1.00406 1.00602 1.00747 1.01128 1.01141 1.0098 1.0201 1.02853 1.01228 1.01805 1.02296 1.02532 1.02136 1.03281 1.03497 1.04129 1.03196 1.04879 1.06677 1.06409 1.04093 1.05251 1.05391 1.04773 1.0638 1.06035 1.08601 1.07765 1.08206 1.08592 1.0907 1.10361 
1.15785 1.17415 1.14295 1.15003 1.13671 1.13586 1.13223 1.12077 1.13577 1.11763 1.10697 1.11562 1.11634 1.10259 1.1003 1.09206 1.08953 1.08727 1.07519 1.07065 1.06995 1.06211 1.0565 1.05611 1.0526 1.0447 1.04841 1.0505 1.04211 1.03701 1.03176 1.03285 1.03721 1.03227 1.02783 1.02238 1.02394 1.02459 1.01782 1.01434 1.01403 1.00979 1.0092 1.00853 1.00432 1.00554 1.00335 1.00318 1.00122 1.00051 1 0.99924 0.99926 0.99889 0.997969 0.997445 0.997001 0.997146 0.99942 0.998307 0.999736 0.998863 0.998275 1.00312 1.00187 0.998488 1.0053 1.00679 1.0067 1.00406 1.00576 1.00068 1.00459 1.01426 1.01325 1.01717 1.01735 1.02194 1.01649 1.01918 1.03379 1.03563 1.02424 1.04188 1.03339 1.03033 1.04441 1.05947 1.05951 1.05588 1.06666 1.06801 1.07069 1.0539 1.05837 1.06646 1.06098 1.0929 1.08568 1.11213 1.09864 
1.16076 1.15872 1.15433 1.14513 1.14431 1.14295 1.13004 1.13102 1.11975 1.119 1.11373 1.10619 1.11082 1.10262 1.09498 1.08302 1.08745 1.07643 1.07751 1.07719 1.069 1.0589 1.06758 1.05535 1.06097 1.05369 1.05473 1.04406 1.04115 1.03609 1.03189 1.02981 1.02906 1.02963 1.02136 1.02648 1.01869 1.0143 1.01958 1.01329 1.01191 1.01069 1.00955 1.0087 1.00587 1.00617 1.00389 1.0024 1.00152 1.00069 1 0.999628 0.998168 0.997852 0.998139 0.996969 0.998275 0.999177 0.998384 0.997749 0.995877 0.999889 0.998664 0.99948 1.00315 1.00586 1.00236 1.00323 1.00885 1.01332 1.00881 1.01097 1.01258 1.00766 1.00957 1.01802 1.01746 1.02149 1.0207 1.02941 1.02367 1.03031 1.03529 1.03848 1.03371 1.03823 1.03833 1.03891 1.05541 1.05407 1.05008 1.06528 1.06283 1.06076 1.08166 1.08784 1.07611 1.09682 1.08171 1.07065 1.10244 
1.16105 1.16276 1.15416 1.13952 1.15064 1.13935 1.13579 1.1188 1.12698 1.11012 1.1079 1.11001 1.09643 1.09616 1.09862 1.08842 1.08353 1.07694 1.07775 1.07466 1.06957 1.06353 1.05369 1.06037 1.05836 1.04612 1.04623 1.03901 1.03811 1.04009 1.03724 1.03529 1.0239 1.02753 1.02398 1.02564 1.02196 1.02159 1.014 1.01576 1.01499 1.01066 1.00846 1.00741 1.00478 1.00612 1.00236 1.00238 1.00142 1.00075 1 0.999077 0.999033 0.998454 0.996631 0.996786 0.996752 0.999825 0.996692 0.998142 0.997647 0.996715 0.999054 1.00119 1.00007 1.00116 1.00419 1.00305 1.01068 1.00365 1.01253 1.01287 1.01188 1.01377 1.01105 1.02535 1.01491 1.02292 1.02434 1.01318 1.02548 1.03348 1.03346 1.032 1.02985 1.03501 1.03495 1.04365 1.0617 1.04705 1.06068 1.05793 1.06282 1.06554 1.06707 1.06554 1.07323 1.08007 1.08268 1.08974 1.11268 
1.17311 1.16193 1.15083 1.13277 1.14305 1.14117 1.12778 1.126 1.12011 1.10557 1.10582 1.1069 1.10056 1.10001 1.09484 1.0852 1.08318 1.09101 1.07795 1.07249 1.07184 1.06311 1.07013 1.05519 1.05604 1.04937 1.05364 1.04283 1.04348 1.03893 1.03428 1.03088 1.02762 1.0251 1.02421 1.01969 1.01981 1.01822 1.01786 1.01433 1.01186 1.00775 1.0091 1.00942 1.00754 1.00497 1.00394 1.00241 1.0018 1.00072 1 0.999575 0.998505 0.998474 0.998771 0.996217 0.997254 0.998379 0.998095 0.998236 0.999446 0.998019 0.999129 1.00275 1.00135 0.999525 1.00005 1.00222 1.00526 1.00448 0.999617 1.00663 1.01472 1.02025 1.01356 1.01755 1.02848 1.01609 1.02902 1.03286 1.03068 1.02874 1.036 1.03972 1.02771 1.0343 1.04648 1.05601 1.04404 1.05436 1.0565 1.05977 1.05157 1.07206 1.08215 1.09465 1.07945 1.0672 1.08602 1.08297 1.1039 
1.15596 1.16215 1.15521 1.15309 1.14288 1.13216 1.13965 1.13171 1.12634 1.12001 1.11317 1.11441 1.1087 1.094 1.09491 1.09036 1.08259 1.07287 1.08021 1.0663 1.06549 1.06184 1.06258 1.05672 1.05562 1.04543 1.04861 1.04971 1.04491 1.04515 1.03766 1.02909 1.03182 1.02872 1.02987 1.02196 1.02166 1.01733 1.01368 1.01529 1.01092 1.00894 1.00868 1.00681 1.00679 1.00383 1.00416 1.00206 1.00105 1.00073 1 0.999578 0.999291 0.999314 0.998758 0.998286 0.997782 0.997612 0.999562 0.996824 0.997585 1.0007 0.999021 1.00242 0.997944 1.00033 0.999871 1.00766 1.00131 1.01114 1.00652 1.0078 1.0186 1.02381 1.02348 1.01681 1.01508 1.02493 1.01789 1.02466 1.02683 1.02934 1.03348 1.0349 1.03717 1.04508 1.04427 1.04349 1.04335 1.05252 1.05614 1.0635 1.05486 1.07196 1.07746 1.09136 1.07088 1.09624 1.08734 1.08267 1.08705 
1.163 1.14924 1.15141 1.14377 1.15019 1.14178 1.12251 1.1236 1.12332 1.12174 1.11199 1.10956 1.11044 1.09783 1.09276 1.09314 1.08065 1.09233 1.06901 1.07535 1.06088 1.0661 1.05256 1.05681 1.05056 1.04582 1.04884 1.04336 1.04042 1.0381 1.03077 1.03846 1.03021 1.02651 1.0279 1.0202 1.01887 1.01805 1.01405 1.01377 1.01243 1.00833 1.01125 1.00587 1.00502 1.00451 1.00291 1.00226 1.00188 1.0008 1 0.999363 0.998897 0.999155 0.997949 0.997509 0.997054 0.997479 0.997738 0.99672 0.999422 0.999666 1.00024 1.00183 0.998699 1.00094 1.00158 1.00273 1.00808 1.00797 0.997892 1.00705 1.01212 1.0145 1.02053 1.01901 1.01612 1.02596 1.01848 1.03198 1.02402 1.02534 1.0368 1.0355 1.03558 1.05381 1.03969 1.04057 1.05354 1.06206 1.0647 1.0543 1.05767 1.06744 1.08322 1.06594 1.05619 1.08113 1.11856 1.07975 1.10907 
1.1643 1.13832 1.14582 1.14367 1.13815 1.1316 1.12928 1.12715 1.12226 1.11199 1.10672 1.10495 1.0943 1.09063 1.09408 1.08807 1.08861 1.07774 1.07693 1.07273 1.06315 1.06405 1.05778 1.05706 1.04974 1.04823 1.04743 1.04343 1.0457 1.03535 1.03254 1.03696 1.02878 1.02571 1.01988 1.02373 1.01926 1.0185 1.01238 1.01066 1.01311 1.01239 1.00901 1.00899 1.0048 1.00616 1.00253 1.00229 1.00132 1.00067 1 0.999409 0.998831 0.997854 0.999548 0.99896 0.996938 0.997163 0.995684 0.999016 0.997341 1.00228 1.00071 0.997592 1.00387 1.00489 1.00727 1.00234 1.01127 1.0049 1.01236 1.01112 1.01413 1.01954 1.00922 1.0154 1.01886 1.02439 1.0181 1.03209 1.02365 1.03831 1.03774 1.03603 1.04324 1.03484 1.05229 1.05108 1.05202 1.06819 1.06082 1.07044 1.07421 1.07748 1.06192 1.07928 1.08162 1.10064 1.08136 1.08902 1.11022 
1.15356 1.16083 1.14914 1.15079 1.1358 1.13859 1.12706 1.11954 1.1202 1.12757 1.10248 1.10708 1.10708 1.09659 1.08988 1.08772 1.0812 1.07356 1.07471 1.06878 1.06651 1.05766 1.05446 1.05623 1.05564 1.04915 1.04771 1.03942 1.04181 1.03818 1.03533 1.02955 1.02883 1.02531 1.0266 1.02334 1.01816 1.01498 1.01916 1.01198 1.01105 1.01182 1.00897 1.00862 1.00482 1.00495 1.00361 1.00284 1.00189 1.00069 1 0.999368 0.998428 0.997701 0.997713 0.997682 0.997215 0.998219 0.998107 0.998584 0.997493 0.998856 1.00223 0.997754 1.00496 1.00232 1.00392 1.00743 1.01165 1.00639 1.00952 1.01003 1.01101 1.01424 1.01408 1.0207 1.02463 1.02223 1.01622 1.02124 1.02481 1.04295 1.02975 1.03273 1.03405 1.06083 1.03752 1.05226 1.07038 1.04214 1.05583 1.06701 1.06215 1.08132 1.07524 1.08646 1.07364 1.07662 1.09177 1.11007 1.10616 
1.16765 1.16424 1.14254 1.13892 1.13146 1.13316 1.12169 1.12274 1.12286 1.11243 1.10757 1.10501 1.09817 1.09367 1.08713 1.08881 1.08129 1.08019 1.07572 1.07616 1.06061 1.06355 1.06222 1.05693 1.05576 1.04733 1.05221 1.03841 1.03757 1.03126 1.0323 1.02358 1.02252 1.03157 1.024 1.02152 1.01964 1.01791 1.01152 1.01465 1.0117 1.01203 1.00938 1.00813 1.00439 1.00334 1.00337 1.00194 1.00181 1.00089 1 0.999501 0.998693 0.998564 0.998339 0.996718 0.998027 0.997969 0.998231 0.995693 0.998988 0.999963 1.00246 1.00147 1.00226 1.00585 1.00318 1.0064 1.0011 1.0093 0.998751 1.004 1.01496 1.01528 1.01961 1.01422 1.01724 1.0226 1.02402 1.02787 1.02876 1.0269 1.03001 1.02709 1.05127 1.04824 1.03729 1.05575 1.0547 1.05232 1.06735 1.06581 1.06292 1.06641 1.07732 1.07543 1.07339 1.12026 1.06676 1.09737 1.1036 
1.16708 1.1396 1.15405 1.15371 1.13699 1.12605 1.1363 1.11686 1.11595 1.11461 1.10497 1.10178 1.10414 1.10107 1.09587 1.08771 1.08025 1.07593 1.08324 1.07424 1.06037 1.0638 1.05753 1.05357 1.05048 1.04701 1.05252 1.0403 1.03615 1.0377 1.02905 1.03284 1.0294 1.02864 1.02521 1.0226 1.01648 1.01697 1.01462 1.01653 1.01259 1.00823 1.00998 1.00795 1.00731 1.00561 1.00402 1.00284 1.00147 1.00065 1 0.999574 0.999159 0.999146 0.997824 0.998698 0.996627 0.998074 0.996491 0.9965 0.999257 0.997702 0.998055 1.0047 1.00322 1.00401 1.00197 1.00709 1.00437 1.00528 1.01031 1.01052 1.00934 1.01286 1.01822 1.01337 1.01909 1.02806 1.024 1.03189 1.04153 1.03629 1.04386 1.03986 1.039 1.0401 1.03997 1.05597 1.06295 1.05605 1.05591 1.06975 1.06481 1.06236 1.0655 1.07524 1.08694 1.08505 1.10459 1.09125 1.09284 
1.16068 1.14819 1.14925 1.1589 1.14304 1.13139 1.11895 1.12448 1.12365 1.10354 1.11658 1.12176 1.099 1.0984 1.07795 1.08851 1.07822 1.08182 1.07267 1.07435 1.06524 1.06203 1.05383 1.05686 1.0505 1.04614 1.04807 1.04236 1.04635 1.0402 1.03704 1.03402 1.0314 1.02549 1.02679 1.01978 1.02098 1.01342 1.01159 1.01452 1.01301 1.01288 1.00814 1.00495 1.00568 1.00312 1.00258 1.00195 1.00149 1.00071 1 0.999296 0.999118 0.998318 0.998254 0.997316 1.00009 0.997569 0.996578 0.997484 1.00149 1.00229 0.999449 1.00585 0.999683 1.00729 1.0037 1.00909 1.00609 1.0099 1.01655 1.01131 1.00355 1.01253 1.02024 1.00639 1.01444 1.02709 1.02347 1.02159 1.02981 1.03368 1.03953 1.03793 1.04309 1.05053 1.05075 1.04794 1.06037 1.05413 1.05395 1.06159 1.06624 1.07008 1.04991 1.08228 1.08302 1.09476 1.08885 1.09459 1.08711 
1.15697 1.15458 1.15371 1.13938 1.13254 1.14129 1.12068 1.10516 1.11258 1.11588 1.11481 1.0978 1.0986 1.09313 1.08834 1.08256 1.08281 1.08509 1.07847 1.0665 1.06937 1.06001 1.05453 1.0594 1.05504 1.04609 1.04548 1.03859 1.04581 1.03634 1.03743 1.02693 1.03288 1.0263 1.03023 1.01842 1.01695 1.01826 1.0152 1.01281 1.01322 1.00876 1.00771 1.00811 1.00579 1.00471 1.00327 1.00163 1.00081 1.0009 1 0.999599 0.999046 0.998227 0.998017 0.998743 0.998532 0.999175 0.999552 0.996541 0.998463 1.00183 1.00093 0.999895 1.00455 1.00605 1.00375 1.00543 1.00367 1.0104 1.01225 1.01514 1.0135 1.01492 1.0175 1.01959 1.01489 1.02513 1.02779 1.02747 1.02974 1.0332 1.03965 1.0422 1.04431 1.04409 1.04319 1.04412 1.04652 1.04887 1.06804 1.06036 1.07264 1.06731 1.08441 1.09349 1.09014 1.10548 1.10933 1.1021 1.094 
