1.06299 1.05985 1.05652 1.04358 1.03314 1.03556 1.04142 1.03194 1.03161 1.02046 1.02462 1.02929 1.00149 1.00689 1.00984 1.00306 1.00919 1.00843 1.00847 1.00828 1.00488 0.999865 0.991515 0.991051 0.987742 0.989363 0.996733 0.99103 0.987829 0.992018 0.993025 0.985783 0.986385 0.983246 0.983173 0.983949 0.986404 0.985238 0.982718 0.985846 0.988507 0.987253 0.988124 0.988877 0.988595 0.990788 0.992927 0.995261 0.995841 0.998038 1 1.0017 1.0043 1.00624 1.00911 1.00972 1.01181 1.01618 1.02035 1.02404 1.02669 1.03163 1.03327 1.03424 1.03887 1.04173 1.04623 1.05149 1.05512 1.05986 1.06994 1.06325 1.06727 1.07481 1.074 1.09057 1.09211 1.10061 1.09815 1.10668 1.11242 1.11527 1.12093 1.13129 1.13772 1.15576 1.15206 1.15511 1.15757 1.18256 1.16746 1.173 1.19406 1.18728 1.2085 1.19868 1.21414 1.21472 1.22975 1.25351 1.23978 
1.06031 1.05983 1.04842 1.05562 1.0428 1.04912 1.04071 1.03015 1.02659 1.03315 1.0261 1.01962 1.01579 1.01242 1.01348 1.0117 1.01067 1.00378 1.00121 1.00583 1.00034 1.00232 1.00098 0.998861 1.00009 0.991663 0.991661 0.994004 0.990374 0.994335 0.986974 0.988022 0.988466 0.97845 0.983453 0.983101 0.991241 0.989288 0.988931 0.986261 0.986545 0.987597 0.991327 0.991387 0.990681 0.992852 0.994233 0.995007 0.996238 0.998132 1 1.00192 1.00381 1.00593 1.00973 1.01063 1.01192 1.01646 1.02047 1.01926 1.02565 1.02696 1.03198 1.03576 1.03826 1.03826 1.04438 1.0503 1.04803 1.05066 1.06062 1.07352 1.07158 1.07861 1.0768 1.0955 1.10724 1.09221 1.10251 1.11597 1.11241 1.13333 1.13135 1.12955 1.12873 1.15234 1.14227 1.14574 1.15516 1.15456 1.17384 1.18373 1.20215 1.20973 1.18834 1.20089 1.22699 1.22263 1.21297 1.22932 1.24631 
1.05455 1.05086 1.04668 1.05398 1.038 1.03946 1.03764 1.03581 1.02714 1.02082 1.02591 1.01652 1.01729 1.00453 1.01883 0.999067 1.01589 1.01202 0.992912 1.00608 0.995286 0.994121 0.996082 1.00736 0.996448 0.994211 0.988854 0.993241 0.985885 0.982231 0.991551 0.987409 0.985485 0.980143 0.989319 0.986932 0.99208 0.987748 0.985176 0.991583 0.98897 0.987592 0.990158 0.989765 0.991608 0.992556 0.994835 0.995173 0.996046 0.998002 1 1.00189 1.00433 1.00696 1.00786 1.01005 1.01048 1.01155 1.02136 1.02181 1.02549 1.03014 1.03102 1.03193 1.03392 1.03861 1.05205 1.04314 1.05903 1.06018 1.06122 1.06397 1.07222 1.07741 1.08835 1.08836 1.09201 1.08821 1.09454 1.1139 1.11641 1.11272 1.13068 1.12956 1.13349 1.14097 1.15523 1.16365 1.17096 1.16733 1.165 1.16929 1.19205 1.18299 1.19033 1.20446 1.20756 1.22687 1.22616 1.26536 1.24647 
1.05159 1.05483 1.04245 1.04545 1.03072 1.04978 1.04022 1.03802 1.04017 1.02732 1.03425 1.01544 1.01356 1.02347 1.0082 1.00728 1.00723 1.00823 1.01196 1.00729 1.00842 0.995667 0.993463 0.989505 0.992715 0.995973 0.99328 0.993024 0.990818 0.988136 0.983152 0.98586 0.992663 0.989163 0.991449 0.985518 0.988017 0.988478 0.986957 0.988196 0.990318 0.986203 0.991797 0.989819 0.991254 0.990581 0.993119 0.995644 0.996288 0.998374 1 1.00198 1.00394 1.00604 1.00886 1.01074 1.01328 1.01224 1.01734 1.02216 1.02165 1.02641 1.03389 1.03627 1.03507 1.04434 1.04418 1.0526 1.05438 1.06031 1.06711 1.06217 1.06777 1.0781 1.08835 1.08604 1.08955 1.08695 1.0955 1.10192 1.11357 1.12288 1.1235 1.12816 1.12798 1.14078 1.1463 1.16311 1.15384 1.18071 1.18121 1.18327 1.17584 1.18659 1.203 1.21107 1.2092 1.22798 1.24792 1.22867 1.25152 
1.05534 1.05522 1.06081 1.04727 1.03787 1.04867 1.04054 1.0262 1.02569 1.02541 1.0262 1.02805 1.01139 1.02058 1.01459 1.0066 1.00875 0.999627 1.00467 0.990295 1.00226 1.00468 0.997447 0.987521 0.992641 0.99949 0.990128 0.995894 0.990958 0.993635 0.988586 0.992957 0.989625 0.991183 0.985782 0.984219 0.983458 0.988926 0.987507 0.988356 0.988028 0.988825 0.988711 0.990129 0.991476 0.992111 0.995198 0.994817 0.99758 0.99811 1 1.0022 1.00344 1.00612 1.00833 1.01089 1.01273 1.01594 1.01868 1.02216 1.02139 1.03098 1.03184 1.03315 1.0433 1.03327 1.05002 1.04862 1.05513 1.05508 1.05869 1.06343 1.07628 1.07395 1.0931 1.07969 1.09031 1.08819 1.10267 1.09743 1.10536 1.12395 1.13438 1.12192 1.13105 1.13586 1.1398 1.15857 1.16836 1.17771 1.15999 1.17561 1.1877 1.19162 1.20322 1.21005 1.2089 1.22992 1.23204 1.2246 1.24845 
1.05835 1.06815 1.06402 1.05875 1.04403 1.04229 1.05299 1.04438 1.04448 1.03763 1.03281 1.02442 1.02684 1.02389 1.0096 1.02356 1.01274 0.995863 1.00834 0.998092 1.0054 1.01189 1.00192 1.00396 0.993927 0.996279 0.995802 0.998248 0.98766 0.982671 0.997728 0.987847 0.986377 0.984404 0.991465 0.990069 0.988796 0.985873 0.984011 0.987236 0.991569 0.989694 0.98941 0.991733 0.988887 0.99296 0.994226 0.994429 0.996402 0.998187 1 1.00181 1.00407 1.00682 1.00785 1.01206 1.0129 1.01617 1.0181 1.02071 1.02032 1.0279 1.02765 1.0302 1.03957 1.03473 1.04579 1.04867 1.05283 1.05658 1.06138 1.06667 1.06626 1.08269 1.0812 1.08937 1.09701 1.09478 1.10427 1.11006 1.10017 1.11152 1.12039 1.13676 1.14851 1.13555 1.1531 1.14245 1.16457 1.16484 1.17319 1.16735 1.18143 1.17733 1.20527 1.20256 1.21886 1.21739 1.22775 1.2227 1.22902 
1.07107 1.06494 1.05926 1.04755 1.04774 1.02109 1.0386 1.04231 1.0364 1.03535 1.02617 1.0214 1.02536 1.02876 1.01874 1.01498 1.00298 1.00887 1.01265 1.0115 1.00326 0.998553 1.00206 0.993311 1.0019 0.989355 0.993543 0.990486 0.994437 0.994234 0.987835 0.996725 0.987979 0.987494 0.987397 0.993042 0.988999 0.990242 0.98593 0.990281 0.988612 0.989096 0.989911 0.989806 0.99257 0.993643 0.992648 0.996154 0.995987 0.998043 1 1.00154 1.00367 1.00614 1.00698 1.01113 1.0134 1.01608 1.01722 1.02032 1.02087 1.02405 1.02803 1.03371 1.03777 1.03769 1.0389 1.05115 1.05373 1.05471 1.0578 1.06564 1.06975 1.07049 1.06653 1.0978 1.08135 1.09389 1.09871 1.11963 1.11035 1.11501 1.12494 1.12722 1.13358 1.1338 1.13654 1.13936 1.15925 1.1667 1.1674 1.16928 1.18402 1.16804 1.20205 1.21043 1.22489 1.20841 1.2199 1.22704 1.24384 
1.06439 1.04509 1.0485 1.04837 1.05393 1.04702 1.0303 1.04493 1.02475 1.02708 1.02205 1.02824 1.02126 1.0316 1.01248 1.02042 1.01231 1.00446 1.00514 0.999063 1.00529 1.00627 0.998601 1.00141 0.993942 0.986522 0.992587 0.991787 0.996615 0.987784 0.994866 0.989753 0.987749 0.991524 0.9811 0.988903 0.987518 0.988885 0.985812 0.987306 0.99011 0.986819 0.989153 0.988162 0.992027 0.992899 0.994281 0.994934 0.997032 0.998592 1 1.00201 1.0039 1.00581 1.00832 1.01015 1.01276 1.01606 1.0179 1.02113 1.02089 1.02845 1.03001 1.03181 1.03745 1.04167 1.04272 1.05337 1.0482 1.05563 1.05886 1.07191 1.06969 1.07946 1.06891 1.08165 1.08237 1.09468 1.09299 1.10444 1.09968 1.117 1.11697 1.13032 1.12985 1.13871 1.14643 1.149 1.1588 1.16508 1.17301 1.16356 1.17418 1.18569 1.18432 1.19915 1.19739 1.22067 1.21953 1.22102 1.23837 
1.08445 1.06488 1.06243 1.0763 1.05012 1.05377 1.03936 1.03427 1.02864 1.03025 1.02608 1.00891 1.01428 1.00926 1.01702 1.00776 1.01972 1.00899 1.00409 1.00763 1.00618 0.997662 1.00322 0.996541 0.991715 0.989489 1.00042 0.997539 0.988733 0.993262 0.998354 0.995446 0.987239 0.986799 0.99084 0.992373 0.99121 0.988881 0.992205 0.992553 0.989238 0.991679 0.991237 0.992429 0.993645 0.993173 0.994316 0.994932 0.996539 0.998231 1 1.00182 1.0034 1.00679 1.0073 1.01028 1.01047 1.01415 1.0201 1.0216 1.0251 1.02639 1.02768 1.03471 1.03501 1.03947 1.04622 1.04932 1.05408 1.05492 1.05667 1.06295 1.07291 1.06605 1.076 1.08817 1.09239 1.08843 1.10568 1.10642 1.11277 1.11099 1.11535 1.13325 1.12261 1.1386 1.13353 1.13858 1.16117 1.15127 1.16157 1.17944 1.194 1.19397 1.18543 1.1906 1.20512 1.19586 1.21846 1.22689 1.24698 
1.07006 1.07331 1.05153 1.04448 1.05264 1.04597 1.03789 1.03327 1.04499 1.03651 1.03167 1.02352 1.01748 1.02821 1.01909 1.02514 1.01716 1.00616 1.01416 1.01173 1.0086 1.00828 1.00438 0.997305 1.0039 0.999379 1.001 0.992322 0.99614 0.994921 0.990685 0.992353 0.990175 0.990362 0.987911 0.987851 0.984752 0.986566 0.986197 0.990524 0.988549 0.995071 0.991417 0.992687 0.994533 0.99128 0.993981 0.995111 0.996891 0.998521 1 1.00147 1.00297 1.00647 1.00797 1.01097 1.01265 1.01438 1.01826 1.0201 1.02231 1.02731 1.02585 1.03561 1.03762 1.03827 1.04599 1.04116 1.04884 1.05888 1.06457 1.0657 1.06648 1.07168 1.08404 1.09252 1.09673 1.08699 1.10543 1.09718 1.0973 1.12713 1.09893 1.13031 1.12114 1.12926 1.13215 1.15677 1.14327 1.16099 1.15627 1.1682 1.16986 1.16566 1.19949 1.19644 1.20484 1.20627 1.22215 1.21387 1.22373 
1.06609 1.06882 1.05602 1.0594 1.06517 1.05444 1.03538 1.04149 1.03375 1.02982 1.03162 1.03113 1.02454 1.03811 1.02682 1.0081 1.0172 1.01387 1.01022 1.01537 1.01468 1.00478 1.01616 1.00256 0.99506 0.992365 1.00148 0.992374 0.996991 0.993976 0.995889 0.993812 0.990734 0.990458 0.987003 0.987021 0.990609 0.986055 0.988403 0.989863 0.990024 0.986967 0.991257 0.990699 0.993348 0.992149 0.992958 0.995329 0.996658 0.998613 1 1.0014 1.00306 1.00495 1.00809 1.00922 1.01102 1.01448 1.01751 1.02045 1.0252 1.02706 1.02679 1.03587 1.03835 1.036 1.04501 1.04864 1.04846 1.05664 1.06369 1.06149 1.07282 1.0758 1.07308 1.07495 1.08862 1.09047 1.09454 1.10772 1.1122 1.11537 1.11093 1.12294 1.11578 1.13793 1.13627 1.15136 1.16185 1.15699 1.17149 1.17495 1.1814 1.19142 1.18535 1.20446 1.2136 1.20396 1.22388 1.21562 1.23069 
1.06621 1.07469 1.07053 1.07821 1.0531 1.05197 1.04556 1.03541 1.03733 1.03538 1.02589 1.03578 1.02304 1.02468 1.01262 1.02673 1.01838 1.01437 1.00561 1.00283 1.01217 1.00242 1.0076 0.996356 0.999929 1.00066 0.992875 0.9988 0.988765 0.992536 0.985951 0.993517 0.98996 0.981232 0.992503 0.991415 0.986282 0.989205 0.990673 0.993982 0.985741 0.988783 0.99464 0.99067 0.991522 0.992359 0.993664 0.996475 0.997178 0.998444 1 1.00174 1.0042 1.00448 1.00718 1.0099 1.01295 1.0145 1.01566 1.01701 1.0211 1.02844 1.02786 1.03157 1.0347 1.03913 1.04498 1.05033 1.04834 1.0432 1.05269 1.05293 1.06026 1.06578 1.07231 1.08645 1.09345 1.09084 1.0991 1.10394 1.10897 1.11659 1.11731 1.12663 1.12313 1.13447 1.13767 1.14108 1.15972 1.16228 1.15564 1.17418 1.17699 1.20246 1.17478 1.17452 1.19009 1.21966 1.22095 1.23601 1.20709 
1.06081 1.06724 1.05992 1.06349 1.03766 1.05135 1.0607 1.03564 1.04243 1.0322 1.03395 1.03045 1.03226 1.02531 1.03069 1.01822 1.0121 1.0143 1.01269 1.00563 1.00462 1.00999 1.00902 1.00106 1.00425 1.00303 0.995293 0.994564 1.00035 0.995214 0.993946 0.996177 0.991431 0.987586 0.993667 0.990739 0.99087 0.990349 0.991787 0.988013 0.990785 0.989772 0.990299 0.991617 0.993194 0.993029 0.993484 0.996455 0.996731 0.998141 1 1.00158 1.00283 1.00535 1.00759 1.00894 1.01237 1.01518 1.01631 1.01848 1.02398 1.02434 1.026 1.03804 1.03762 1.03777 1.04414 1.04557 1.05041 1.05791 1.05333 1.05462 1.0727 1.07065 1.07031 1.07513 1.07699 1.09573 1.08898 1.10269 1.10466 1.09965 1.11698 1.10893 1.11962 1.13434 1.13787 1.14018 1.16216 1.15883 1.16126 1.17694 1.18604 1.17747 1.18674 1.1969 1.22111 1.21185 1.21504 1.22297 1.23995 
1.07534 1.05872 1.05611 1.05173 1.06146 1.04906 1.04084 1.04659 1.02456 1.04076 1.03605 1.02179 1.0164 1.02746 1.02818 1.02981 1.02532 1.0154 1.01509 1.01214 1.00236 1.01096 1.00568 0.999398 0.993394 1.0076 0.998713 0.999517 0.999456 0.995718 0.995575 0.992664 0.99467 0.991822 0.986658 0.988628 0.989808 0.98722 0.989843 0.986489 0.99159 0.992367 0.990208 0.993195 0.990551 0.993693 0.995123 0.99629 0.997023 0.998533 1 1.00154 1.00357 1.00538 1.00709 1.00957 1.01339 1.01312 1.0156 1.01987 1.02381 1.02788 1.03303 1.02905 1.04031 1.0357 1.04195 1.04365 1.04985 1.05747 1.0544 1.0573 1.05594 1.06047 1.07174 1.07613 1.07963 1.09598 1.09774 1.09476 1.09791 1.10259 1.11545 1.12031 1.13253 1.12292 1.12992 1.15201 1.15312 1.15435 1.17205 1.15895 1.18492 1.17755 1.16756 1.19406 1.19748 1.2069 1.21049 1.21978 1.21341 
1.06943 1.07043 1.06964 1.06885 1.04949 1.0556 1.05852 1.04167 1.03743 1.04866 1.02912 1.02574 1.03065 1.03116 1.0119 1.02924 1.01073 1.017 1.0066 1.00831 1.00964 1.00793 1.00449 1.00461 1.00438 0.999742 1.00112 0.998098 0.996351 0.996928 0.991226 0.992452 0.994151 0.993794 0.985611 0.984079 0.989813 0.988377 0.987808 0.990272 0.991889 0.991501 0.990277 0.994408 0.992399 0.994386 0.99467 0.995184 0.997502 0.998441 1 1.00171 1.00366 1.00553 1.00771 1.00977 1.01206 1.01478 1.01688 1.01725 1.02105 1.02581 1.02372 1.0316 1.03432 1.03724 1.03248 1.04363 1.04858 1.05558 1.05031 1.06006 1.06383 1.06067 1.08133 1.07947 1.07735 1.08218 1.08806 1.09498 1.10231 1.11205 1.11368 1.12416 1.12263 1.13158 1.1401 1.15549 1.15942 1.16307 1.15278 1.15633 1.15812 1.17955 1.19733 1.203 1.19977 1.21882 1.21244 1.22182 1.22763 
1.07264 1.07356 1.0684 1.051 1.08036 1.04971 1.05172 1.04432 1.04344 1.03748 1.03322 1.03721 1.03352 1.03293 1.0276 1.02816 1.01048 1.01273 1.01443 1.0104 1.01019 1.00335 1.00629 1.00206 1.00585 1.00691 1.00265 1.00313 0.997485 1.00309 0.99371 0.994006 0.99022 0.986351 0.989525 0.990063 0.990242 0.992683 0.994025 0.99092 0.991698 0.987028 0.991215 0.991333 0.993753 0.992962 0.993874 0.996435 0.99669 0.998851 1 1.0015 1.003 1.00491 1.00808 1.00968 1.01156 1.01419 1.01661 1.02143 1.02185 1.02774 1.02904 1.03085 1.03865 1.03362 1.03889 1.04351 1.05023 1.04844 1.05824 1.05386 1.06232 1.07574 1.07476 1.06706 1.08939 1.08403 1.10273 1.09235 1.09567 1.09938 1.11855 1.10759 1.12641 1.13545 1.14171 1.13878 1.15436 1.14886 1.15599 1.17726 1.18479 1.18629 1.19658 1.17761 1.19784 1.2005 1.21352 1.21879 1.2331 
1.0773 1.06732 1.05772 1.06463 1.05026 1.05136 1.03762 1.05355 1.04349 1.04051 1.03771 1.02786 1.02852 1.02395 1.01888 1.02239 1.02109 1.02743 1.00901 1.01878 1.01645 1.00521 1.0175 0.998414 0.997904 0.998438 0.996061 0.997095 0.994907 0.985903 1.00011 0.98972 0.995567 0.996049 0.993854 0.992678 0.993246 0.9914 0.993011 0.991307 0.990978 0.991269 0.990131 0.992454 0.992664 0.994337 0.994867 0.996282 0.997785 0.998201 1 1.00152 1.00326 1.00529 1.00799 1.00908 1.01162 1.01303 1.0149 1.01779 1.02288 1.02157 1.02809 1.02885 1.0337 1.03647 1.04947 1.04137 1.05081 1.05423 1.06279 1.06154 1.06464 1.07236 1.08321 1.08261 1.08412 1.08388 1.09201 1.10103 1.10638 1.10711 1.10767 1.11466 1.12554 1.12471 1.14245 1.14155 1.13757 1.15339 1.16602 1.16932 1.1657 1.18475 1.16572 1.19299 1.19493 1.20806 1.21023 1.21233 1.22944 
1.06673 1.06064 1.05953 1.06824 1.06139 1.03638 1.0537 1.06169 1.05177 1.04891 1.04019 1.03167 1.0226 1.02784 1.02792 1.01667 1.01705 1.01932 1.01555 1.01028 1.01328 1.00708 1.00991 1.00282 1.00778 0.987955 0.99454 1.00109 0.996202 0.991877 0.991989 0.998637 0.992513 0.986171 0.98884 0.994088 0.990318 0.997071 0.987282 0.990894 0.99145 0.991675 0.993258 0.993408 0.992439 0.995281 0.995289 0.996571 0.997566 0.998587 1 1.0015 1.00242 1.00484 1.00687 1.00925 1.0111 1.01188 1.01658 1.0173 1.02005 1.0271 1.02667 1.02943 1.03139 1.03412 1.04027 1.04638 1.0469 1.04757 1.05472 1.067 1.06989 1.07185 1.0707 1.07295 1.07628 1.09449 1.09864 1.09325 1.09124 1.11049 1.1112 1.11959 1.11835 1.1259 1.1213 1.14856 1.1531 1.14641 1.15724 1.161 1.16958 1.16507 1.18215 1.18664 1.19149 1.22239 1.21288 1.21228 1.22658 
1.07123 1.06922 1.07455 1.05739 1.05292 1.058 1.04368 1.0518 1.03853 1.0333 1.02456 1.0205 1.0325 1.02991 1.02038 1.02327 1.01989 1.02482 1.01284 1.01331 1.00878 1.00828 1.00084 1.00178 1.00686 1.00593 0.999648 1.0013 0.995838 0.995744 0.999338 0.991701 0.997768 0.994334 0.991315 0.991517 0.992362 0.989957 0.990923 0.989947 0.989589 0.992595 0.992531 0.995035 0.996083 0.992766 0.995794 0.996032 0.997361 0.998613 1 1.00158 1.00407 1.00514 1.00548 1.00928 1.01123 1.01412 1.01403 1.01429 1.02183 1.0252 1.02873 1.03185 1.02994 1.03708 1.03927 1.04168 1.04504 1.04881 1.05407 1.05597 1.05672 1.06538 1.06388 1.07312 1.08665 1.09272 1.07934 1.09316 1.10661 1.11787 1.10763 1.10896 1.13612 1.13723 1.12815 1.13552 1.13368 1.15327 1.16217 1.14728 1.16657 1.17552 1.1754 1.18394 1.20143 1.18021 1.20937 1.21068 1.22607 
1.076 1.07866 1.06744 1.05951 1.05158 1.04707 1.05178 1.0532 1.04512 1.0367 1.05179 1.04108 1.03923 1.02287 1.02043 1.02203 1.02648 1.01249 1.0147 1.01988 1.0123 1.00601 1.00422 1.00793 1.00653 1.00181 0.995289 0.996147 1.01114 1.00233 0.994082 0.997275 0.998337 1.00167 0.992613 0.991855 0.994807 0.992362 0.989957 0.986943 0.992028 0.991876 0.990389 0.992811 0.99314 0.993673 0.993755 0.996074 0.996936 0.998546 1 1.00145 1.00285 1.0046 1.00547 1.00568 1.01001 1.01109 1.01856 1.01721 1.01962 1.02387 1.02572 1.0265 1.03082 1.03527 1.04031 1.04377 1.0471 1.0484 1.04905 1.06569 1.06439 1.07194 1.06737 1.07881 1.07925 1.0791 1.09102 1.08523 1.10522 1.10241 1.10234 1.10889 1.11096 1.11245 1.14176 1.13785 1.15228 1.15735 1.15355 1.1658 1.16174 1.16997 1.19653 1.17995 1.20664 1.18292 1.20173 1.22801 1.20766 
1.07045 1.07243 1.08085 1.05781 1.07287 1.05359 1.06984 1.05593 1.04236 1.03849 1.04678 1.03244 1.02307 1.03653 1.01869 1.03341 1.03368 1.03135 1.01792 1.00495 1.01621 1.00932 1.0141 1.00985 1.00454 1.00612 0.997892 0.99353 1.00101 1.00064 0.99358 1.00097 0.990969 0.995418 0.991209 0.990997 0.995922 0.994837 0.991254 0.988797 0.993649 0.992993 0.993109 0.993218 0.994316 0.994835 0.995624 0.996742 0.9969 0.998116 1 1.00183 1.00294 1.0048 1.00539 1.00984 1.01121 1.01467 1.01454 1.01682 1.01892 1.02412 1.02341 1.02859 1.03039 1.0369 1.03977 1.04718 1.04993 1.05279 1.04839 1.05958 1.06506 1.05883 1.07106 1.07304 1.07213 1.08501 1.07977 1.08456 1.09769 1.105 1.11356 1.11886 1.10931 1.12537 1.13494 1.14011 1.16145 1.15015 1.15063 1.16745 1.15122 1.1806 1.18332 1.17683 1.18039 1.20613 1.22089 1.22552 1.20674 
1.0775 1.08669 1.06895 1.07071 1.05649 1.04828 1.05655 1.05272 1.05924 1.04511 1.02833 1.03437 1.04339 1.03668 1.03199 1.02082 1.01446 1.01443 1.01817 1.02153 1.00591 1.01587 1.00755 1.00126 1.00969 1.00283 0.998873 1.00253 0.992038 1.00362 0.987326 0.993085 0.994838 0.99474 1.00164 0.996298 0.992668 0.995628 0.991447 0.990887 0.99261 0.991005 0.992328 0.995374 0.993018 0.994728 0.994505 0.996537 0.996964 0.998686 1 1.00161 1.00299 1.00475 1.00696 1.00972 1.01159 1.01349 1.01357 1.0166 1.02022 1.01969 1.02787 1.03018 1.0335 1.03805 1.04036 1.0368 1.04663 1.05036 1.04711 1.06497 1.06174 1.07017 1.07145 1.07456 1.07957 1.07416 1.09017 1.08703 1.10409 1.09163 1.10006 1.11119 1.11694 1.11923 1.13352 1.14121 1.14243 1.14504 1.15656 1.16331 1.16919 1.16989 1.17492 1.19953 1.20149 1.2174 1.21497 1.19837 1.22159 
1.08321 1.06852 1.07959 1.06609 1.05677 1.04526 1.05156 1.0541 1.04237 1.04401 1.03762 1.04123 1.025 1.03261 1.03776 1.03113 1.02426 1.02139 1.01179 1.00832 1.01465 1.00214 1.00596 1.00914 0.999404 1.00444 1.00189 0.997897 0.995561 0.993263 0.992876 0.998261 0.992273 0.993387 0.998098 0.998099 0.995751 0.991361 0.992368 0.993304 0.993593 0.992322 0.989966 0.99383 0.99388 0.994989 0.994011 0.995896 0.997653 0.998528 1 1.00161 1.00273 1.00533 1.00607 1.00813 1.00942 1.01207 1.01181 1.01705 1.01907 1.02629 1.02519 1.02631 1.03527 1.03249 1.04093 1.04091 1.04552 1.05379 1.05328 1.05922 1.06143 1.06579 1.0707 1.07314 1.08678 1.08155 1.09553 1.0851 1.09413 1.08712 1.11058 1.12375 1.11108 1.12499 1.1292 1.13076 1.13923 1.1442 1.16102 1.17867 1.16883 1.16923 1.16312 1.16835 1.19019 1.19432 1.20856 1.22846 1.22708 
1.07825 1.07739 1.06948 1.06606 1.0574 1.05097 1.05711 1.05124 1.03422 1.06181 1.04256 1.05364 1.03591 1.0258 1.02508 1.03018 1.03426 1.0194 1.02838 1.02003 1.01604 1.00516 1.00777 0.999099 1.0073 0.999571 1.00927 1.00839 1.00096 0.994867 1.00118 0.992899 0.994181 0.992656 0.99151 0.99514 1.0005 0.992256 0.995509 0.993099 0.99279 0.992005 0.992032 0.993942 0.994119 0.994421 0.996686 0.996339 0.997539 0.998551 1 1.00096 1.00264 1.00445 1.00663 1.00803 1.01059 1.01197 1.01402 1.01786 1.0185 1.02466 1.02424 1.02891 1.02832 1.03975 1.0376 1.03668 1.04257 1.05127 1.05022 1.04953 1.06093 1.06377 1.05811 1.07134 1.07812 1.08839 1.08588 1.0917 1.09401 1.10409 1.10477 1.12472 1.11197 1.12603 1.13327 1.13522 1.13329 1.12786 1.14023 1.1454 1.17015 1.17356 1.15752 1.20639 1.17874 1.21368 1.20438 1.20887 1.20859 
1.07711 1.07656 1.05917 1.05746 1.05642 1.0665 1.06883 1.0542 1.05239 1.04705 1.05234 1.04255 1.03371 1.05085 1.02663 1.02492 1.0343 1.02281 1.01954 1.02478 1.01555 1.01505 1.00664 1.01528 1.01073 1.0029 1.00855 0.998389 0.99768 0.994538 1.00537 0.996502 0.995504 0.991639 0.99994 1.00012 0.991546 0.991619 0.989565 0.994723 0.992574 0.991087 0.991692 0.994156 0.994112 0.994591 0.997189 0.996844 0.997032 0.99873 1 1.00122 1.0029 1.0036 1.00739 1.00955 1.0109 1.0105 1.01785 1.01696 1.01965 1.026 1.02989 1.02867 1.03043 1.03603 1.04112 1.04012 1.04895 1.0535 1.05146 1.05383 1.06517 1.07181 1.05561 1.06796 1.08215 1.09411 1.08569 1.09139 1.08532 1.10847 1.1079 1.12229 1.13225 1.12734 1.12979 1.14751 1.13224 1.15431 1.15886 1.16415 1.17958 1.17013 1.18288 1.17236 1.20033 1.2026 1.22188 1.19811 1.18779 
1.08352 1.07047 1.05745 1.06909 1.06482 1.06175 1.0478 1.05344 1.04998 1.05911 1.03934 1.03076 1.03083 1.02656 1.02685 1.02785 1.02418 1.02848 1.02167 1.01412 1.0136 1.00726 1.00068 1.01049 1.00331 1.00179 1.0004 1.00115 0.995532 0.999439 1.00136 0.991498 0.998774 0.995781 0.986921 0.990824 0.994926 0.993762 0.996306 0.994106 0.991924 0.99338 0.996067 0.993758 0.994427 0.996077 0.995546 0.997575 0.997899 0.998926 1 1.0011 1.00321 1.00434 1.00602 1.00678 1.00918 1.01383 1.01449 1.01741 1.01952 1.02484 1.02571 1.02253 1.03352 1.03498 1.03166 1.04408 1.04114 1.0467 1.05267 1.05069 1.05539 1.06335 1.06735 1.06169 1.07421 1.06709 1.08749 1.08991 1.1025 1.09948 1.09306 1.11623 1.11377 1.13651 1.12486 1.13049 1.13394 1.14581 1.14618 1.16595 1.17504 1.178 1.17584 1.18558 1.18539 1.21609 1.19465 1.21051 1.21954 
1.0673 1.07712 1.06833 1.06041 1.08173 1.06684 1.04258 1.05862 1.03832 1.04528 1.04218 1.03262 1.03555 1.0282 1.03397 1.03594 1.0181 1.01734 1.02028 1.02011 1.02112 1.01161 1.00479 1.00787 1.01015 1.00645 1.00368 0.991853 0.996355 0.996474 1.00227 0.999522 0.994803 0.994722 0.994414 0.995827 0.995179 0.994093 0.993447 0.991998 0.994154 0.991313 0.991629 0.996123 0.994249 0.995326 0.994997 0.996427 0.997584 0.998665 1 1.0012 1.00279 1.00439 1.00654 1.00844 1.01046 1.01372 1.01349 1.01797 1.01977 1.02427 1.02216 1.02717 1.03071 1.03504 1.0346 1.03773 1.04408 1.04558 1.05272 1.05597 1.05377 1.06216 1.06384 1.07175 1.06827 1.06383 1.07892 1.09961 1.09013 1.10157 1.10907 1.11283 1.12187 1.12897 1.11559 1.1182 1.13364 1.13686 1.15081 1.14643 1.16257 1.16682 1.16084 1.18256 1.20069 1.18756 1.20734 1.21941 1.20725 
1.10311 1.06551 1.06174 1.07013 1.07438 1.04595 1.05904 1.05483 1.0441 1.0572 1.04505 1.02631 1.04162 1.03011 1.02777 1.02633 1.02186 1.01268 1.01698 1.02052 1.01597 1.01888 1.01175 1.0128 1.00245 1.0111 1.00365 1.00119 0.993074 0.998591 0.997637 0.994463 0.991083 0.995253 0.992621 0.997204 0.996232 0.993623 0.989735 0.991269 0.992152 0.992915 0.993161 0.995768 0.995712 0.995981 0.99687 0.996816 0.997703 0.998789 1 1.00162 1.00204 1.00489 1.00622 1.00761 1.00899 1.01061 1.01577 1.02007 1.02076 1.02064 1.02565 1.02516 1.03169 1.02899 1.03359 1.04167 1.03922 1.05441 1.04802 1.04977 1.06122 1.06448 1.0619 1.07133 1.08 1.06811 1.08443 1.09005 1.08611 1.09643 1.10819 1.10754 1.11234 1.13547 1.12142 1.12869 1.13745 1.13526 1.15942 1.16285 1.1814 1.16186 1.16643 1.16522 1.18604 1.19915 1.18927 1.20822 1.22175 
1.09422 1.07933 1.0832 1.05855 1.0503 1.05901 1.05574 1.06042 1.05919 1.03979 1.04003 1.04017 1.03701 1.04482 1.03973 1.02099 1.02139 1.0155 1.01164 1.02284 1.01752 1.00691 1.00442 1.00506 0.998957 1.01116 1.00167 1.00338 1.00182 0.999168 1.00056 0.999228 1.00095 0.994537 0.991015 0.998372 0.996688 0.993679 0.996907 0.994849 0.993397 0.995079 0.994945 0.992709 0.992996 0.993552 0.995251 0.996673 0.997575 0.998714 1 1.00099 1.00335 1.00431 1.00548 1.0082 1.01122 1.01079 1.01295 1.01801 1.01919 1.02437 1.02191 1.0243 1.02998 1.03335 1.03745 1.03806 1.04308 1.04321 1.05863 1.05491 1.06465 1.06492 1.06516 1.07058 1.07487 1.07777 1.08688 1.08447 1.09369 1.11223 1.11075 1.11284 1.12416 1.1239 1.13117 1.13079 1.13775 1.14883 1.16195 1.15973 1.14444 1.16298 1.17573 1.18203 1.16977 1.19871 1.19914 1.20572 1.19758 
1.0894 1.08623 1.08356 1.07095 1.06276 1.06111 1.05943 1.0565 1.04004 1.0548 1.05018 1.03752 1.0411 1.03402 1.03833 1.02896 1.02701 1.01982 1.01701 1.01505 1.01522 1.01371 1.00999 1.00523 1.00381 1.00625 1.00759 1.00335 1.00438 1.00532 1.00059 0.996502 0.998542 0.997027 0.992625 0.995868 0.99133 0.987232 0.992795 0.991342 0.995447 0.992288 0.995488 0.993292 0.996349 0.996606 0.995286 0.996551 0.998155 0.998706 1 1.00136 1.0024 1.0051 1.00623 1.00686 1.01074 1.01349 1.01289 1.01921 1.01933 1.02245 1.0264 1.02783 1.02853 1.03887 1.0344 1.04185 1.04268 1.04127 1.04907 1.05418 1.05929 1.06627 1.07436 1.07567 1.07974 1.08068 1.0832 1.0884 1.10592 1.09715 1.09773 1.10932 1.10859 1.11401 1.1241 1.13506 1.15033 1.14432 1.15918 1.15169 1.15758 1.1812 1.19659 1.18876 1.16391 1.20585 1.19125 1.21142 1.1877 
1.0814 1.08381 1.07376 1.07806 1.08215 1.07812 1.05258 1.06009 1.04932 1.05467 1.04622 1.04953 1.0343 1.04161 1.03702 1.02405 1.02523 1.02449 1.01956 1.02122 1.02071 1.0065 1.00299 1.01465 1.01149 1.00304 1.00785 1.00085 1.0009 1.00624 0.999418 0.996203 0.997645 1.00063 0.994612 0.995473 0.996195 0.992337 0.99723 0.995887 0.991553 0.997055 0.993251 0.992405 0.994952 0.995384 0.996542 0.997055 0.997557 0.999087 1 1.00096 1.00292 1.00443 1.00492 1.01144 1.0092 1.01315 1.01442 1.01926 1.01692 1.02492 1.02695 1.02881 1.02667 1.03097 1.03534 1.04158 1.03554 1.04125 1.04781 1.05797 1.05402 1.06373 1.06185 1.07547 1.07348 1.084 1.08966 1.0821 1.10074 1.10253 1.10267 1.10594 1.10715 1.12109 1.12112 1.1348 1.14408 1.12731 1.14226 1.15952 1.15719 1.1707 1.16841 1.17158 1.17988 1.19108 1.21081 1.18725 1.20449 
1.08811 1.08396 1.0704 1.06997 1.08604 1.05667 1.06179 1.05319 1.05485 1.04471 1.05482 1.03246 1.04979 1.04098 1.01925 1.03308 1.02541 1.02463 1.02735 1.01958 1.00622 1.02034 1.01767 1.01045 1.00728 1.01389 1.01008 1.00291 1.00291 1.00466 0.994819 0.993464 0.993699 0.996688 0.997894 0.996407 0.993137 0.996682 0.992615 0.993706 0.993129 0.993271 0.995115 0.994824 0.993833 0.994329 0.996591 0.996195 0.997726 0.998801 1 1.00149 1.00291 1.00534 1.00566 1.00824 1.01029 1.01319 1.01462 1.01529 1.01963 1.02135 1.02431 1.02465 1.02891 1.03202 1.04112 1.03661 1.04071 1.04817 1.05057 1.05024 1.05656 1.05902 1.06651 1.06524 1.06541 1.07888 1.10337 1.08308 1.08296 1.0857 1.09655 1.11504 1.11207 1.11755 1.1113 1.13207 1.1298 1.14217 1.15126 1.16531 1.17513 1.17456 1.17346 1.16774 1.17275 1.18767 1.19209 1.21685 1.20673 
1.0857 1.08353 1.09152 1.0756 1.08502 1.06006 1.06996 1.0705 1.0492 1.04762 1.04156 1.03751 1.04649 1.04204 1.03215 1.03438 1.02766 1.02763 1.02426 1.02071 1.01937 1.0165 1.02022 1.01776 1.01081 1.01498 1.00954 1.00688 1.00698 1.00552 0.998153 1.00049 0.997499 0.993464 0.99385 0.997847 0.99359 0.995251 0.99423 0.992397 0.993362 0.991732 0.99276 0.996767 0.994938 0.995615 0.996235 0.996617 0.997913 0.999025 1 1.00144 1.00275 1.00424 1.00714 1.00873 1.00853 1.01104 1.01292 1.01816 1.01772 1.02064 1.02157 1.02484 1.0298 1.02966 1.03566 1.04249 1.04637 1.04417 1.04553 1.04803 1.05332 1.05092 1.06357 1.06643 1.07555 1.07192 1.08482 1.09031 1.08792 1.10915 1.09874 1.11762 1.10268 1.11978 1.12061 1.12368 1.14385 1.12574 1.14036 1.16499 1.16455 1.16641 1.15605 1.16135 1.16086 1.19776 1.19148 1.21341 1.22049 
1.08679 1.077 1.07735 1.08007 1.05985 1.0557 1.05679 1.04531 1.0539 1.05142 1.05493 1.05253 1.03165 1.02827 1.0357 1.02206 1.01843 1.03425 1.02451 1.02238 1.03187 1.00939 1.01257 1.00927 1.0044 1.01388 1.00446 0.999675 1.00241 1.00157 0.994154 1.00112 0.996968 0.999181 1.00147 0.997094 0.993868 0.991235 0.998484 0.99431 0.99115 0.994462 0.992751 0.993865 0.994174 0.996726 0.995982 0.995123 0.997826 0.999304 1 1.00093 1.00272 1.00425 1.00694 1.00661 1.01074 1.01147 1.01336 1.01657 1.01705 1.02007 1.02431 1.02887 1.02402 1.02825 1.03415 1.03855 1.04566 1.04268 1.05362 1.05762 1.06267 1.05042 1.06641 1.06247 1.06851 1.07349 1.06425 1.08904 1.09567 1.086 1.1059 1.12058 1.11255 1.12371 1.12064 1.12063 1.12671 1.14136 1.1443 1.1332 1.15173 1.17075 1.16146 1.16746 1.1705 1.19003 1.19859 1.197 1.2076 
1.08323 1.10275 1.07542 1.09078 1.08061 1.05638 1.06777 1.05946 1.05393 1.05783 1.04817 1.05111 1.04308 1.04506 1.04131 1.03314 1.02975 1.02282 1.01439 1.02122 1.02059 1.02515 1.01874 1.00918 1.00873 1.00738 1.00512 1.00928 0.996977 1.00134 1.0036 0.994772 1.00127 0.994667 0.995108 0.991885 1.00045 0.993346 0.993787 0.997432 0.994141 0.992345 0.993385 0.995166 0.993476 0.995023 0.996899 0.997519 0.997776 0.999073 1 1.00128 1.00201 1.00444 1.00596 1.00773 1.00851 1.00903 1.01255 1.01672 1.01385 1.0214 1.02349 1.02393 1.02641 1.02903 1.02988 1.03181 1.04299 1.04314 1.05057 1.05449 1.04733 1.06063 1.07315 1.06732 1.085 1.06843 1.08078 1.0923 1.08969 1.10439 1.09998 1.11005 1.10504 1.11744 1.11666 1.13251 1.12602 1.1487 1.14154 1.16438 1.16855 1.1529 1.16723 1.16685 1.19449 1.18508 1.18941 1.18813 1.19356 
1.09395 1.07846 1.06875 1.06728 1.07189 1.06824 1.05421 1.06296 1.05333 1.04519 1.05 1.05167 1.05162 1.04295 1.03009 1.02928 1.03282 1.01629 1.0315 1.02519 1.02544 1.02695 1.02095 1.0068 1.00897 1.00637 1.00392 1.0037 1.00551 1.00419 1.00497 1.00018 0.994314 1.00073 0.993262 0.99746 0.997367 0.993166 0.99783 0.990786 0.993973 0.994482 0.995499 0.995457 0.995841 0.997693 0.995939 0.997247 0.997999 0.998759 1 1.00127 1.00306 1.00395 1.0058 1.00696 1.00772 1.01309 1.01202 1.01755 1.01596 1.01827 1.02525 1.02233 1.03122 1.02924 1.03639 1.04401 1.03722 1.04767 1.05144 1.05529 1.05649 1.05942 1.06283 1.07144 1.06924 1.07003 1.08053 1.09024 1.08601 1.0943 1.09672 1.10681 1.11156 1.11954 1.11053 1.11605 1.12227 1.13654 1.14749 1.15823 1.16312 1.18401 1.17833 1.1663 1.19337 1.17415 1.21247 1.19335 1.19078 
1.10012 1.08883 1.07308 1.07665 1.07533 1.06266 1.07095 1.06872 1.05503 1.05796 1.04344 1.04716 1.05331 1.0451 1.02257 1.04611 1.03356 1.01473 1.0235 1.02335 1.01251 1.01374 1.01019 1.00809 0.999117 1.01035 1.00773 1.00993 1.00469 1.00059 0.998361 0.993865 1.00249 1.00545 0.997112 0.99584 0.999407 0.992814 0.995487 0.992662 0.994154 0.991717 0.994985 0.993844 0.992347 0.996393 0.995792 0.996958 0.998223 0.998887 1 1.00132 1.00282 1.00381 1.00574 1.0063 1.01007 1.00924 1.01129 1.0173 1.01706 1.01968 1.02722 1.02152 1.02882 1.02891 1.03787 1.03378 1.04033 1.04472 1.04566 1.05523 1.05572 1.06263 1.05406 1.07388 1.07076 1.07506 1.07621 1.08012 1.08719 1.09157 1.09882 1.10927 1.1141 1.12148 1.12129 1.12298 1.14428 1.14418 1.12044 1.14637 1.16429 1.1503 1.15839 1.16331 1.19098 1.17106 1.19668 1.19748 1.21477 
1.07128 1.08542 1.08881 1.07543 1.07466 1.06555 1.05972 1.06048 1.04901 1.0561 1.05614 1.03864 1.03647 1.04133 1.04554 1.02278 1.03686 1.02759 1.01469 1.0231 1.02206 1.01586 1.01935 1.00982 1.00861 1.01228 1.01165 0.999446 1.00672 1.00643 1.00297 0.997713 1.00184 1.00277 0.990734 0.993126 0.998718 0.994441 0.993361 0.994119 0.994451 0.994828 0.992248 0.994517 0.994352 0.996038 0.995868 0.996646 0.998214 0.999102 1 1.0013 1.00264 1.00356 1.00594 1.00715 1.00852 1.011 1.01272 1.01989 1.01817 1.01943 1.02436 1.02317 1.02821 1.03151 1.03631 1.03663 1.03873 1.04721 1.04815 1.05066 1.04699 1.06269 1.06386 1.05824 1.06074 1.07469 1.07752 1.08708 1.08678 1.09341 1.10716 1.11301 1.10776 1.10171 1.12288 1.12907 1.13152 1.12946 1.15406 1.14955 1.15861 1.17057 1.15502 1.18181 1.18107 1.17897 1.19027 1.20451 1.18329 
1.09134 1.09475 1.07245 1.08076 1.07147 1.06656 1.074 1.05335 1.05578 1.05501 1.04597 1.03664 1.05428 1.04163 1.04267 1.03899 1.02293 1.01565 1.02415 1.01996 1.0212 1.01857 1.0148 1.01736 1.01157 1.00339 1.01492 1.00437 1.00384 1.00308 1.00121 0.99813 1.00391 1.00132 0.994106 0.997139 0.996922 0.994371 0.996735 0.996529 0.994691 0.993991 0.996384 0.996551 0.995335 0.99494 0.99664 0.997459 0.998561 0.998791 1 1.00127 1.00242 1.00364 1.0057 1.00763 1.00888 1.01026 1.01529 1.01282 1.0166 1.02091 1.02139 1.02826 1.03035 1.02826 1.03286 1.03249 1.03815 1.04522 1.04351 1.04283 1.05991 1.05749 1.06272 1.06541 1.06747 1.07115 1.08405 1.0815 1.09092 1.09401 1.09842 1.09535 1.11175 1.12368 1.12807 1.11184 1.1166 1.13392 1.16295 1.12949 1.15576 1.16289 1.16207 1.1767 1.16736 1.18925 1.18982 1.18707 1.19836 
1.10575 1.09406 1.07736 1.07123 1.05684 1.07651 1.07051 1.06039 1.06075 1.05747 1.05742 1.0506 1.04064 1.03524 1.03432 1.02838 1.02855 1.02741 1.02503 1.02703 1.00948 1.01728 1.01909 1.01902 1.0142 1.01089 1.00118 1.00327 1.00304 1.00683 1.00219 0.998194 0.998328 0.994056 0.993441 1.00241 0.991923 0.995387 0.991856 0.993386 0.993234 0.99545 0.994983 0.992877 0.994978 0.996596 0.997238 0.997486 0.99826 0.999011 1 1.00119 1.00303 1.00365 1.00513 1.00724 1.00782 1.01128 1.01232 1.01329 1.01642 1.01656 1.02246 1.02401 1.02866 1.03468 1.03347 1.03863 1.04283 1.04322 1.04368 1.05328 1.05052 1.06382 1.06515 1.06617 1.07415 1.06979 1.07584 1.08324 1.08216 1.08883 1.0945 1.10777 1.10531 1.11323 1.1255 1.12748 1.13121 1.13323 1.14536 1.13768 1.15604 1.16482 1.17225 1.17884 1.18513 1.156 1.19005 1.17937 1.21674 
1.09577 1.09088 1.08265 1.08049 1.06118 1.06885 1.06483 1.06452 1.06285 1.04925 1.04895 1.04955 1.03761 1.03534 1.03891 1.03367 1.02876 1.032 1.02798 1.01814 1.02129 1.01284 1.01473 1.0138 1.01889 1.00698 1.00955 1.00574 1.00576 1.00822 1.0014 1.00114 1.00065 1.00549 1.00002 0.994043 0.993522 0.994487 0.992194 0.991523 0.995554 0.994466 0.993209 0.995897 0.994813 0.996305 0.99754 0.997901 0.998041 0.998919 1 1.00123 1.00186 1.00381 1.00418 1.0048 1.01193 1.01037 1.01298 1.01452 1.01782 1.02194 1.01989 1.02093 1.02645 1.02895 1.03664 1.04247 1.03651 1.04191 1.04612 1.04765 1.0532 1.05189 1.05757 1.06398 1.07559 1.07125 1.08502 1.09211 1.08058 1.09631 1.08167 1.0983 1.10168 1.11571 1.11947 1.12281 1.13273 1.12861 1.14695 1.16197 1.15828 1.14135 1.16485 1.15561 1.16369 1.17669 1.17182 1.21552 1.22227 
1.09159 1.08896 1.07534 1.0742 1.06287 1.0729 1.07703 1.06615 1.05117 1.05697 1.04323 1.06032 1.04409 1.04801 1.04277 1.04497 1.02593 1.03085 1.02476 1.02641 1.02015 1.01386 1.01979 1.0209 1.0153 1.00432 1.0062 1.00831 1.01037 1.00281 1.00368 0.995337 0.99807 1.00587 0.997681 1.00016 0.992192 0.995258 0.994387 0.994729 0.994254 0.994454 0.997138 0.993966 0.995921 0.996028 0.996822 0.996749 0.99779 0.999127 1 1.00128 1.00238 1.00324 1.00528 1.00747 1.00723 1.01072 1.01194 1.014 1.01754 1.01995 1.02437 1.02598 1.02937 1.03595 1.03781 1.0338 1.04241 1.04308 1.04786 1.05481 1.05187 1.05968 1.05894 1.06662 1.05834 1.07047 1.08055 1.08869 1.09268 1.08997 1.10812 1.09982 1.10668 1.11285 1.10555 1.12507 1.11738 1.12227 1.14856 1.15254 1.14777 1.14044 1.15902 1.17574 1.17314 1.16941 1.17926 1.19268 1.21242 
1.08431 1.08309 1.08376 1.08432 1.06664 1.07735 1.0735 1.06862 1.05925 1.04297 1.0484 1.04522 1.03632 1.04944 1.03164 1.03832 1.02619 1.022 1.03316 1.0324 1.0174 1.01337 1.01812 1.01351 1.01721 1.01314 1.00953 1.00297 0.998973 1.00157 1.0019 0.995816 1.00066 0.999817 1.0002 0.996914 0.997956 0.993183 0.996761 0.994858 0.995457 0.99337 0.99556 0.996753 0.995514 0.997764 0.995976 0.996967 0.997716 0.998821 1 1.00095 1.00227 1.00411 1.00662 1.00584 1.00974 1.00944 1.01106 1.01233 1.01923 1.02079 1.02059 1.02116 1.02843 1.0291 1.03305 1.03122 1.03989 1.03927 1.04341 1.04662 1.04945 1.05783 1.06085 1.06242 1.06933 1.08084 1.07772 1.08371 1.09293 1.09342 1.09163 1.09812 1.10667 1.12002 1.11075 1.12426 1.12634 1.1388 1.13226 1.15123 1.1502 1.15359 1.17642 1.16142 1.17577 1.18276 1.19522 1.19957 1.2079 
1.08502 1.0989 1.07734 1.07361 1.06517 1.07743 1.06293 1.06406 1.06207 1.05494 1.04806 1.04629 1.04124 1.04072 1.04137 1.03935 1.033 1.02198 1.03979 1.03187 1.00641 1.02235 1.01936 1.01766 1.01328 1.01152 1.00872 1.00596 1.00087 1.00681 0.999398 1.01109 1.00503 0.994449 0.999404 1.00372 0.990025 0.996833 0.997585 0.998691 0.997196 0.993678 0.996175 0.995905 0.995894 0.99637 0.996613 0.997069 0.997406 0.99907 1 1.00133 1.00264 1.00386 1.00521 1.0081 1.00865 1.00989 1.00976 1.01853 1.01579 1.01341 1.0179 1.02432 1.02727 1.03474 1.03039 1.03339 1.03234 1.04167 1.04771 1.04578 1.05565 1.05482 1.06664 1.06794 1.06523 1.07244 1.06165 1.08457 1.09906 1.08999 1.09712 1.11672 1.10757 1.11073 1.10734 1.13182 1.12416 1.12362 1.13667 1.14288 1.15291 1.14402 1.17432 1.17541 1.1781 1.18122 1.18142 1.17368 1.19204 
1.10501 1.11639 1.09132 1.07736 1.07795 1.05889 1.05547 1.0656 1.06346 1.05521 1.06204 1.05111 1.0397 1.0408 1.04736 1.03301 1.02175 1.02752 1.03121 1.0238 1.00956 1.03094 1.01947 1.00935 1.00386 1.00803 1.01217 1.00844 1.0094 1.00473 1.00795 1.00327 1.00038 0.998231 0.999712 0.997277 0.998484 0.99501 0.997458 0.996166 0.994509 0.993158 0.995837 0.992918 0.994536 0.995859 0.997627 0.998282 0.998246 0.998858 1 1.00119 1.00195 1.00386 1.00682 1.00729 1.01064 1.01048 1.01217 1.01334 1.01411 1.0183 1.02102 1.02534 1.03096 1.02842 1.0355 1.04237 1.046 1.03795 1.04956 1.05298 1.05978 1.05894 1.06569 1.06767 1.06744 1.05882 1.07195 1.09019 1.09535 1.09565 1.09517 1.10397 1.10764 1.11536 1.11714 1.11543 1.11245 1.11654 1.12989 1.14357 1.14022 1.1564 1.15196 1.1705 1.18906 1.16433 1.18807 1.17943 1.19956 
1.09963 1.08779 1.08421 1.07575 1.07942 1.07596 1.06916 1.05868 1.06222 1.05272 1.05 1.05473 1.05457 1.05794 1.03506 1.03601 1.03156 1.03243 1.02586 1.02099 1.0176 1.0269 1.02154 1.01377 1.00074 1.01112 1.00853 1.01013 1.00763 1.00245 1.01162 1.00523 1.00127 1.00282 1.0007 0.995103 0.993525 0.99292 0.996305 0.993999 0.996038 0.996877 0.998006 0.995044 0.995385 0.995896 0.996814 0.998345 0.99768 0.99865 1 1.00089 1.00294 1.00488 1.00426 1.00734 1.00987 1.0131 1.0095 1.01312 1.02105 1.01848 1.02191 1.02056 1.02793 1.03015 1.03663 1.03857 1.03602 1.04262 1.04267 1.05308 1.04601 1.05238 1.0524 1.05708 1.06287 1.0722 1.07022 1.08087 1.08532 1.08631 1.09722 1.09978 1.11609 1.11616 1.11848 1.12659 1.12568 1.14455 1.14175 1.15347 1.14646 1.15078 1.16253 1.16287 1.16873 1.17339 1.19472 1.20103 1.20239 
1.0896 1.08036 1.08714 1.09878 1.08015 1.0642 1.0662 1.08119 1.06493 1.05038 1.04617 1.04967 1.03553 1.03926 1.03723 1.03429 1.02481 1.03109 1.02063 1.02207 1.01625 1.01779 1.01677 1.01532 1.01516 1.00711 1.00937 1.01322 1.00485 1.00962 1.00229 0.999208 1.00235 0.995564 0.998216 1.00149 0.994649 0.99445 0.998812 0.994488 0.999028 0.998413 0.997392 0.992426 0.995385 0.996775 0.996502 0.996618 0.998511 0.99883 1 1.00131 1.0021 1.00385 1.00503 1.00739 1.00917 1.01068 1.01261 1.01724 1.01774 1.01994 1.02028 1.02085 1.02874 1.02942 1.03665 1.04028 1.044 1.03896 1.05048 1.04473 1.05459 1.06716 1.05685 1.05991 1.06724 1.07052 1.06609 1.07919 1.08585 1.08934 1.10322 1.10772 1.09775 1.10879 1.11948 1.13439 1.12713 1.13159 1.13684 1.15012 1.15851 1.14885 1.15193 1.18297 1.15498 1.18508 1.19131 1.17961 1.19011 
1.08808 1.08286 1.09758 1.08007 1.09395 1.07871 1.07965 1.07305 1.04701 1.05658 1.06281 1.05295 1.04879 1.04047 1.03618 1.03685 1.03726 1.03238 1.03194 1.02814 1.02195 1.02477 1.01697 1.01106 1.0139 1.01657 1.00473 1.01178 1.00769 1.00408 1.00438 1.00178 0.999292 1.00049 1.00134 0.998369 1.00154 0.998306 0.994698 0.995136 0.993905 0.997597 0.99702 0.996529 0.995807 0.996976 0.996975 0.996905 0.998301 0.998695 1 1.00101 1.00281 1.00336 1.00464 1.00607 1.01031 1.00959 1.01343 1.01161 1.01889 1.01937 1.01978 1.02419 1.02184 1.02855 1.03287 1.03249 1.0425 1.04577 1.04671 1.05281 1.04888 1.04949 1.06452 1.06485 1.07102 1.07021 1.07159 1.07623 1.08869 1.09105 1.0916 1.09828 1.10531 1.10058 1.11582 1.12187 1.1294 1.11579 1.1442 1.1353 1.14962 1.15686 1.15147 1.16533 1.16395 1.18341 1.18851 1.20465 1.19057 
1.08678 1.08484 1.07146 1.07426 1.07796 1.07901 1.06916 1.07455 1.06386 1.0584 1.03771 1.04524 1.05424 1.04678 1.04461 1.03486 1.03416 1.03489 1.0171 1.01624 1.02469 1.02644 1.00735 1.01941 1.02333 1.0083 1.01742 1.01473 1.01217 1.00372 1.00261 1.00669 1.0022 1.00224 0.996946 0.995077 1.00034 0.998854 0.994052 0.999123 0.9964 0.994473 0.996358 0.994492 0.996007 0.996515 0.996138 0.998196 0.998538 0.999265 1 1.00071 1.00189 1.0036 1.00464 1.00765 1.00803 1.00964 1.01117 1.01171 1.01642 1.016 1.018 1.02547 1.02974 1.03162 1.0278 1.03382 1.04189 1.03829 1.04781 1.04411 1.05444 1.05159 1.06557 1.0653 1.07104 1.0726 1.07411 1.08458 1.08156 1.08391 1.09631 1.09001 1.10748 1.10629 1.11296 1.12364 1.11988 1.13358 1.14259 1.13397 1.14412 1.16326 1.16045 1.16712 1.19199 1.18187 1.18557 1.1839 1.20395 
1.0926 1.09027 1.07946 1.0877 1.07756 1.08052 1.06743 1.067 1.0598 1.07189 1.07115 1.04873 1.05335 1.04427 1.03968 1.03976 1.03067 1.03691 1.03148 1.03188 1.02351 1.02551 1.00905 1.01894 1.01809 1.01388 1.00735 1.01185 1.01094 1.00743 1.00783 1.00342 1.00006 0.999586 1.00009 1.00063 0.993152 0.996354 0.997914 0.996194 0.996923 0.995595 0.998723 0.996361 0.992896 0.995297 0.996975 0.997601 0.998059 0.999091 1 1.00094 1.00225 1.00405 1.00584 1.00483 1.00729 1.01084 1.01293 1.01651 1.0171 1.01689 1.02273 1.02139 1.0244 1.02869 1.03588 1.03365 1.04139 1.04861 1.04024 1.04581 1.05667 1.05405 1.06535 1.06326 1.07047 1.06556 1.07423 1.07982 1.08527 1.07763 1.09532 1.10479 1.10182 1.11084 1.11576 1.11021 1.12525 1.12977 1.14039 1.14192 1.15317 1.14847 1.15773 1.16856 1.18698 1.16818 1.20347 1.19164 1.21169 
1.09102 1.08955 1.08444 1.06963 1.06331 1.07993 1.06919 1.07243 1.07054 1.04447 1.06217 1.0617 1.06017 1.04485 1.04987 1.03649 1.03039 1.01862 1.02406 1.03197 1.02207 1.02416 1.02019 1.01763 1.01844 1.01231 1.01016 1.01022 1.01565 1.00722 1.00872 1.00273 1.00028 0.995047 0.996065 0.998796 1.00263 0.997396 1.00072 0.995812 0.994916 0.998258 0.996895 0.995039 0.995529 0.995532 0.996675 0.996659 0.998036 0.999178 1 1.00109 1.00159 1.00305 1.00585 1.00658 1.0081 1.01053 1.00956 1.0159 1.01664 1.01619 1.02453 1.02494 1.02149 1.03617 1.0354 1.03424 1.04121 1.03603 1.04426 1.04587 1.04958 1.06099 1.06453 1.06138 1.06552 1.07419 1.07233 1.07753 1.08149 1.08865 1.09286 1.09186 1.1254 1.10441 1.12439 1.13408 1.1147 1.13161 1.1371 1.13765 1.15011 1.15427 1.14652 1.16974 1.15641 1.17974 1.19677 1.17307 1.20427 
1.09873 1.08704 1.07971 1.08535 1.07456 1.06912 1.07412 1.06145 1.05906 1.06555 1.06087 1.04275 1.05362 1.05169 1.04729 1.02252 1.0307 1.02816 1.0237 1.02872 1.02249 1.01437 1.02384 1.01666 1.02102 1.01907 1.01261 1.01049 1.00577 1.01383 1.00196 1.0057 1.00035 1.00191 0.996731 0.994886 0.995237 0.994892 0.994912 0.997172 0.993125 0.997454 0.993286 0.996091 0.996486 0.995449 0.997041 0.998003 0.998392 0.999132 1 1.00061 1.0022 1.00375 1.00467 1.00711 1.00661 1.00817 1.01169 1.01278 1.01794 1.01853 1.01879 1.02416 1.02727 1.02943 1.03187 1.0293 1.03853 1.04251 1.03332 1.03557 1.05115 1.05702 1.06067 1.06232 1.06633 1.0694 1.07229 1.07632 1.08219 1.08059 1.09478 1.10587 1.09932 1.11449 1.11094 1.13153 1.13527 1.13414 1.13154 1.14317 1.14137 1.15293 1.15764 1.16859 1.17152 1.19736 1.17955 1.19589 1.19874 
1.08246 1.08056 1.09689 1.0867 1.08499 1.07461 1.06329 1.07151 1.06055 1.04846 1.05987 1.05584 1.04054 1.04501 1.0325 1.05391 1.03061 1.03853 1.02521 1.02466 1.02415 1.01773 1.01862 1.00992 1.01469 1.00798 1.01106 1.01103 1.00399 1.00717 0.999867 1.00144 0.997546 0.995909 0.999364 0.998695 0.994899 0.993896 0.995594 0.994351 0.997754 0.996346 0.992371 0.995161 0.997486 0.997884 0.996198 0.997342 0.998068 0.998674 1 1.0011 1.00239 1.0044 1.00577 1.00713 1.00813 1.00917 1.01255 1.01214 1.01645 1.02157 1.02163 1.02173 1.02458 1.02578 1.03758 1.03825 1.03837 1.04067 1.04265 1.04327 1.04643 1.0572 1.0593 1.06357 1.06546 1.06592 1.06661 1.07949 1.08741 1.08616 1.10478 1.08971 1.09511 1.10081 1.11999 1.1111 1.10679 1.13218 1.13823 1.1431 1.14553 1.16472 1.17042 1.15201 1.16979 1.19402 1.19204 1.19443 1.21525 
1.08369 1.10104 1.07916 1.09538 1.081 1.08252 1.05888 1.05923 1.05835 1.0582 1.05038 1.06536 1.05224 1.04868 1.0465 1.0502 1.0384 1.03505 1.03553 1.02376 1.01329 1.02193 1.02087 1.01672 1.01599 1.01268 1.01562 1.00764 1.00641 1.00246 1.00702 1.01091 1.00499 0.999974 1.00269 0.999465 0.999956 0.999088 0.998848 0.993784 0.993773 0.994747 0.99147 0.994344 0.997007 0.99636 0.996944 0.997198 0.998465 0.998926 1 1.00064 1.00272 1.00348 1.0042 1.0063 1.00612 1.01107 1.00832 1.01248 1.0163 1.01336 1.02238 1.02173 1.02931 1.02555 1.03126 1.02827 1.04036 1.04265 1.04504 1.04674 1.0533 1.05624 1.05588 1.06048 1.05921 1.07118 1.08088 1.07854 1.08003 1.07291 1.10011 1.09745 1.10694 1.11695 1.10762 1.11222 1.13493 1.13796 1.14399 1.15225 1.12702 1.1492 1.16098 1.16839 1.1829 1.16147 1.17661 1.1728 1.20978 
1.11383 1.10448 1.08716 1.08033 1.07624 1.08651 1.08015 1.06255 1.0631 1.0647 1.05307 1.04917 1.04537 1.0375 1.03704 1.04552 1.02824 1.03544 1.03287 1.02086 1.02757 1.02471 1.01219 1.01648 1.01768 1.00626 1.01812 1.01665 1.00493 0.999341 1.00934 1.00033 1.00513 1.0011 1.00281 1.00298 0.99971 0.994401 0.993828 0.993658 0.998951 0.997722 0.998494 0.996161 0.997182 0.997704 0.99801 0.997492 0.998579 0.998823 1 1.0009 1.00196 1.00356 1.00417 1.00721 1.00866 1.01022 1.01373 1.01443 1.0149 1.0195 1.02519 1.02375 1.02677 1.03208 1.03253 1.03424 1.04499 1.03836 1.04015 1.04405 1.05589 1.05597 1.05454 1.06002 1.06844 1.07614 1.08002 1.09352 1.0853 1.08491 1.09688 1.10315 1.09052 1.11097 1.12098 1.10487 1.12886 1.11904 1.13909 1.13499 1.13875 1.1536 1.16573 1.16837 1.15882 1.16136 1.197 1.17853 1.19032 
1.10218 1.09486 1.07864 1.09195 1.09825 1.08116 1.06641 1.06958 1.06303 1.05955 1.04762 1.04793 1.0538 1.0419 1.04742 1.04145 1.02467 1.03794 1.03198 1.02347 1.02726 1.01471 1.02015 1.02336 1.00856 1.01757 1.01715 1.0097 1.00409 1.00398 1.00175 0.994836 1.0043 1.00002 0.995107 1.00485 0.999399 0.995818 1.0002 1.00046 0.994783 0.995539 0.997393 0.99755 0.996177 0.996195 0.996423 0.996961 0.998866 0.998617 1 1.00118 1.00185 1.0032 1.00497 1.00613 1.00829 1.01006 1.01021 1.01193 1.01872 1.02073 1.01699 1.02703 1.02547 1.03196 1.03153 1.03981 1.03592 1.03794 1.04563 1.0467 1.04932 1.0574 1.05865 1.07011 1.06498 1.06264 1.07514 1.08972 1.07819 1.08526 1.09599 1.08933 1.10283 1.11223 1.1259 1.12626 1.11542 1.13115 1.12911 1.13582 1.14614 1.1435 1.16735 1.14019 1.16301 1.18401 1.17898 1.18862 1.1955 
1.10337 1.09469 1.0826 1.08535 1.08114 1.07662 1.07192 1.07045 1.06431 1.06892 1.04962 1.05542 1.04201 1.04234 1.04061 1.04409 1.03348 1.0288 1.02392 1.03291 1.03244 1.02478 1.02336 1.019 1.00877 1.01687 1.00896 1.0078 1.01162 1.00809 1.00473 1.00286 1.00125 0.996811 0.998836 0.996964 1.00013 1.00238 0.99579 0.997129 0.999923 0.998106 0.996406 0.998517 0.994868 0.996678 0.997048 0.99711 0.998164 0.998899 1 1.00106 1.00212 1.00293 1.00403 1.00568 1.00922 1.01031 1.01282 1.01436 1.01271 1.01649 1.02251 1.02386 1.03073 1.029 1.02952 1.03625 1.0345 1.04075 1.05094 1.04186 1.04972 1.05226 1.06383 1.05928 1.06837 1.07847 1.07208 1.08319 1.08532 1.08491 1.08062 1.10348 1.10501 1.10934 1.12149 1.13805 1.12742 1.13113 1.13457 1.14575 1.13686 1.1438 1.15477 1.17818 1.16596 1.17813 1.18206 1.18956 1.18369 
1.10278 1.09778 1.08316 1.08102 1.07991 1.06999 1.06609 1.07061 1.06746 1.05649 1.0495 1.0563 1.03953 1.03901 1.03446 1.02733 1.03193 1.03687 1.03324 1.03303 1.02778 1.0254 1.01367 1.01684 1.02086 1.01181 1.0118 1.00984 1.00868 1.00647 1.00137 1.00068 1.00099 1.00164 0.997401 0.993671 0.996082 0.997873 0.997294 0.99744 0.996489 0.99559 0.998078 0.997429 0.99526 0.996799 0.996829 0.998071 0.998104 0.999258 1 1.00098 1.00163 1.0026 1.00429 1.00637 1.00603 1.00867 1.0142 1.01431 1.0155 1.01628 1.02239 1.0197 1.02289 1.02803 1.03631 1.03569 1.03222 1.03998 1.04393 1.04925 1.05158 1.05932 1.06483 1.05677 1.07357 1.07518 1.07868 1.07845 1.08909 1.09518 1.09122 1.09438 1.09007 1.11639 1.11692 1.10674 1.11931 1.10889 1.1327 1.13556 1.14051 1.14878 1.13865 1.15643 1.15743 1.18532 1.18714 1.19893 1.20803 
1.0796 1.09632 1.09528 1.08064 1.08492 1.0709 1.07976 1.07095 1.0625 1.06047 1.06512 1.04812 1.05863 1.04886 1.0427 1.03376 1.03222 1.03259 1.02402 1.03109 1.01966 1.01873 1.01844 1.01837 1.00998 1.01104 1.00324 1.01127 1.00722 1.00421 1.00747 1.00622 1.00176 1.00405 0.999964 1.00225 1.00022 1.00022 0.998709 0.999481 0.996031 0.993438 0.995692 0.993564 1.00035 0.997051 0.996693 0.997806 0.998766 0.999389 1 1.00121 1.00184 1.00342 1.00499 1.00754 1.00728 1.01091 1.01223 1.01065 1.01269 1.0178 1.01683 1.02822 1.02667 1.02883 1.02809 1.03717 1.03294 1.04244 1.05209 1.04193 1.04979 1.05044 1.05016 1.05536 1.0675 1.07721 1.07432 1.06988 1.07925 1.08479 1.08922 1.09669 1.09397 1.11026 1.11049 1.11465 1.12233 1.13286 1.11625 1.13722 1.15601 1.14868 1.16574 1.15387 1.17316 1.17309 1.17771 1.18477 1.22164 
1.10744 1.09133 1.1078 1.09188 1.08856 1.067 1.07222 1.06571 1.06014 1.07666 1.05934 1.05564 1.03638 1.04953 1.04959 1.037 1.03725 1.03412 1.03182 1.04249 1.02344 1.03752 1.02325 1.02003 1.02432 1.00286 1.01906 1.00614 1.00193 1.00736 1.00643 1.00824 1.00256 1.00471 1.0011 0.99879 0.996319 0.995882 0.999362 0.997095 0.997458 0.997759 0.998529 0.997994 0.996176 0.996101 0.997429 0.996693 0.998912 0.999286 1 1.00135 1.00162 1.00318 1.00501 1.00712 1.00863 1.00994 1.01284 1.01628 1.01559 1.01486 1.02293 1.02149 1.0213 1.03007 1.03238 1.03794 1.03583 1.033 1.04887 1.04641 1.04813 1.05513 1.05017 1.06221 1.0759 1.06229 1.07964 1.07215 1.09081 1.0845 1.09309 1.09926 1.09745 1.09949 1.10798 1.12745 1.12673 1.11825 1.12002 1.15288 1.15713 1.14128 1.14183 1.16585 1.15183 1.15951 1.15897 1.18407 1.1831 
1.09982 1.10852 1.09358 1.07857 1.07645 1.07926 1.0748 1.06109 1.06195 1.06244 1.06574 1.04374 1.0484 1.03819 1.02747 1.05325 1.03799 1.03139 1.03184 1.03075 1.03057 1.02481 1.02624 1.01355 1.02011 1.01493 1.01665 0.999912 1.0132 1.00113 1.00662 1.00172 1.00402 1.00207 1.00342 1.00574 1.00071 0.997898 0.998157 0.997007 0.995044 0.999333 0.995725 0.996219 0.995885 0.996057 0.997184 0.997473 0.998825 0.999217 1 1.00121 1.00232 1.00351 1.00405 1.00667 1.00876 1.01116 1.01245 1.01353 1.01829 1.02051 1.01651 1.02299 1.02902 1.03293 1.02541 1.03153 1.04445 1.04037 1.04437 1.04656 1.04938 1.05316 1.06471 1.05613 1.07164 1.06721 1.07067 1.08474 1.08648 1.09534 1.08382 1.10039 1.08971 1.11053 1.11597 1.12019 1.12415 1.12252 1.13389 1.11746 1.13206 1.14511 1.14931 1.15924 1.16655 1.18378 1.18697 1.19771 1.17922 
1.08562 1.08536 1.09304 1.08286 1.07953 1.07512 1.06131 1.06505 1.06471 1.05855 1.06 1.05101 1.04444 1.04185 1.05013 1.04276 1.03356 1.03267 1.02822 1.03445 1.02627 1.01816 1.01194 1.02625 1.02007 1.01602 1.00931 1.018 1.00934 1.00395 1.0043 0.997163 1.00166 0.999412 0.997437 1.00116 0.996997 1.00199 0.997623 1.00051 0.99757 0.994529 0.997494 0.995926 0.994494 0.995953 0.998509 0.997574 0.997908 0.9993 1 1.00077 1.00225 1.00243 1.00492 1.00633 1.00785 1.00809 1.01092 1.01389 1.01723 1.01968 1.02159 1.02654 1.02327 1.02868 1.02662 1.02921 1.03958 1.0406 1.04429 1.04437 1.04887 1.04831 1.06367 1.06134 1.07098 1.06979 1.06197 1.08046 1.08341 1.08126 1.08562 1.08562 1.11096 1.10712 1.12045 1.10167 1.11547 1.12869 1.13779 1.12479 1.15618 1.13396 1.15142 1.16137 1.16701 1.16486 1.17582 1.18542 1.19995 
1.09816 1.09979 1.082 1.08511 1.09255 1.08596 1.06341 1.07054 1.06309 1.06087 1.06159 1.05163 1.05213 1.05277 1.04936 1.03642 1.02984 1.02999 1.02435 1.02715 1.03053 1.02062 1.01969 1.01774 1.01242 1.00694 1.0155 1.00988 1.01369 1.00698 1.00968 1.00329 1.00172 1.00306 1.00256 0.999932 0.998998 0.999865 0.998965 0.998232 0.997492 0.995958 0.995406 0.996244 0.996326 0.995283 0.996935 0.996906 0.998228 0.999311 1 1.00089 1.00159 1.00287 1.00347 1.00494 1.00816 1.00878 1.0102 1.01073 1.01493 1.01602 1.01735 1.01838 1.02269 1.02661 1.0278 1.03373 1.03521 1.04577 1.04518 1.03894 1.05318 1.05666 1.05513 1.06742 1.05235 1.06314 1.07235 1.07603 1.07415 1.08562 1.09208 1.08775 1.10628 1.11785 1.11659 1.12395 1.13498 1.11474 1.13288 1.14251 1.14581 1.16552 1.15847 1.15534 1.15594 1.17052 1.17842 1.19696 1.20006 
1.09239 1.09963 1.07524 1.09058 1.09283 1.08028 1.06954 1.07271 1.07832 1.06166 1.06763 1.04202 1.0545 1.04557 1.04325 1.04307 1.03257 1.04417 1.03589 1.02908 1.01875 1.0224 1.02244 1.02171 1.01828 1.0158 1.011 1.01368 1.00291 1.00653 0.998309 0.998597 1.00475 0.99827 0.997076 0.998428 0.999976 0.997565 0.99704 1.00004 0.995086 0.996721 0.99625 0.997064 0.996159 0.996703 0.997671 0.997505 0.998611 0.999242 1 1.00121 1.00225 1.00423 1.00681 1.0059 1.00685 1.00822 1.01314 1.01027 1.0158 1.01506 1.02196 1.02053 1.0227 1.02506 1.03299 1.03274 1.04198 1.04442 1.04727 1.04604 1.04753 1.0524 1.05676 1.06271 1.0622 1.07945 1.0791 1.08357 1.0917 1.08917 1.09487 1.09202 1.0934 1.10139 1.11024 1.12485 1.1167 1.11615 1.12882 1.12677 1.14904 1.14668 1.17419 1.1623 1.17278 1.1847 1.18023 1.18078 1.20221 
1.08756 1.09312 1.08988 1.08671 1.07578 1.08508 1.06513 1.071 1.07472 1.05421 1.04924 1.06076 1.05299 1.0438 1.05023 1.03505 1.04551 1.03663 1.03419 1.03034 1.03695 1.02119 1.02152 1.02578 1.02243 1.01268 1.00913 1.01067 1.0065 1.00074 1.00024 1.00761 1.00536 1.00138 0.996495 1.00162 1.00124 0.998368 0.99926 0.998757 0.996621 0.995526 0.997129 0.998181 0.996944 0.998273 0.997837 0.998045 0.998123 0.999075 1 1.00057 1.00211 1.00299 1.00481 1.00444 1.00987 1.00812 1.00983 1.00977 1.01341 1.01247 1.01862 1.02034 1.02474 1.02708 1.0296 1.04202 1.04089 1.04315 1.049 1.04 1.05187 1.05196 1.06055 1.05571 1.06343 1.07052 1.06283 1.08979 1.07798 1.07997 1.08796 1.0991 1.09836 1.11146 1.11337 1.1109 1.11231 1.13229 1.11954 1.1413 1.13126 1.14924 1.15201 1.16251 1.16618 1.17405 1.16892 1.19524 1.19151 
1.08919 1.09008 1.08096 1.0918 1.08124 1.07539 1.05962 1.07784 1.06263 1.06423 1.04386 1.06337 1.05541 1.05028 1.05184 1.04173 1.02733 1.04142 1.03526 1.0306 1.02216 1.03027 1.0178 1.01451 1.02197 1.01668 1.02038 0.998232 1.00724 1.00176 1.00852 1.00254 0.999649 0.9972 0.999956 1.00317 0.996412 0.999547 0.998484 0.995889 0.995733 0.997039 0.996818 0.996486 0.99601 0.998327 0.997751 0.998086 0.998588 0.999178 1 1.00062 1.00257 1.0033 1.00431 1.00716 1.0118 1.00872 1.01253 1.01151 1.01399 1.01928 1.02132 1.01823 1.02347 1.02751 1.02414 1.03481 1.03675 1.03911 1.0393 1.04654 1.05245 1.04901 1.06366 1.06223 1.06476 1.07182 1.07515 1.08098 1.0885 1.08961 1.09039 1.10157 1.08264 1.10805 1.11541 1.10999 1.12227 1.11658 1.11709 1.13232 1.14457 1.1535 1.1555 1.15519 1.18088 1.15408 1.16263 1.20175 1.19457 
1.10245 1.08555 1.08753 1.08962 1.07631 1.07363 1.0818 1.06665 1.05464 1.05705 1.06291 1.06137 1.0449 1.05411 1.04015 1.04767 1.03415 1.03647 1.02799 1.03586 1.02545 1.02653 1.01397 1.03039 1.015 1.01813 1.01018 1.00742 1.00928 1.0107 0.998282 1.00327 1.00466 1.00376 1.00486 1.00099 0.998172 0.994384 1.00097 0.998809 0.997012 0.995897 0.997193 0.995754 0.99852 0.996837 0.998546 0.997308 0.998218 0.999258 1 1.00098 1.0024 1.0029 1.00485 1.00848 1.0073 1.00949 1.01121 1.01242 1.01523 1.01864 1.01943 1.02317 1.02435 1.02266 1.02976 1.03394 1.04087 1.03711 1.04419 1.04732 1.04683 1.05975 1.05797 1.06 1.057 1.06106 1.07695 1.06374 1.08303 1.09 1.08247 1.0942 1.10453 1.10269 1.11405 1.12578 1.12222 1.12975 1.12966 1.1335 1.13891 1.14193 1.15149 1.16193 1.18242 1.18356 1.18951 1.17733 1.19087 
1.09993 1.10291 1.09588 1.06912 1.0949 1.07448 1.07269 1.07165 1.06706 1.06508 1.0484 1.06136 1.05795 1.05528 1.04742 1.0456 1.04403 1.03875 1.03193 1.03951 1.03498 1.02439 1.01767 1.02178 1.01822 1.01 1.01235 1.00888 1.00151 1.01189 1.00503 0.999935 1.01119 1.00461 1.00452 0.999028 1.00121 0.993225 1.00003 0.994587 0.99869 0.998984 0.993329 0.9978 0.998498 0.998512 0.997589 0.997982 0.998702 0.999368 1 1.00134 1.00194 1.00313 1.00434 1.0075 1.0068 1.00821 1.01075 1.01517 1.01751 1.0169 1.02454 1.02347 1.02932 1.03028 1.02852 1.03473 1.04593 1.04043 1.04403 1.04509 1.04846 1.05241 1.05028 1.05717 1.07737 1.07988 1.08044 1.07049 1.08441 1.08202 1.08914 1.09566 1.10119 1.11016 1.1253 1.1195 1.11512 1.11921 1.13814 1.1232 1.14847 1.14713 1.13675 1.16895 1.17101 1.16608 1.17845 1.19233 1.20656 
1.102 1.09234 1.08886 1.08479 1.07659 1.082 1.08097 1.07269 1.06677 1.06244 1.06321 1.05785 1.05357 1.04911 1.04747 1.04181 1.03515 1.02765 1.03684 1.02046 1.03152 1.02281 1.02222 1.0175 1.01501 1.01842 1.00997 1.01448 1.00529 1.00382 1.0078 1.00367 1.0011 1.00016 1.00193 1.00087 0.998272 0.996967 0.998749 0.994203 0.996274 0.9995 0.995819 0.994538 0.997891 0.996592 0.997727 0.997991 0.998584 0.999068 1 1.00118 1.00191 1.00359 1.00474 1.00712 1.00857 1.00829 1.01223 1.01389 1.01512 1.0153 1.01537 1.02464 1.02857 1.02576 1.02626 1.03108 1.03505 1.04569 1.04029 1.04892 1.04731 1.05583 1.05921 1.05474 1.0563 1.06433 1.07278 1.07637 1.07819 1.08322 1.09833 1.09425 1.11317 1.09953 1.12808 1.11337 1.13201 1.12393 1.14469 1.13371 1.13862 1.15236 1.16456 1.16121 1.16333 1.17716 1.1673 1.19292 1.18607 
1.11715 1.0919 1.10606 1.08859 1.07911 1.0856 1.07031 1.08135 1.06163 1.0645 1.05909 1.06072 1.04161 1.04561 1.03807 1.03269 1.02927 1.03601 1.03487 1.03514 1.02344 1.01894 1.01594 1.01623 1.02344 1.0185 1.00974 1.01444 1.012 1.00128 1.00383 1.00719 1.0016 0.997186 0.999144 1.00402 0.994537 1.00155 0.999433 0.996261 0.992772 0.997576 0.998249 0.998958 0.999086 0.99674 0.995793 0.997859 0.998063 0.998929 1 1.0008 1.00196 1.00279 1.00339 1.0056 1.00798 1.00984 1.0111 1.00922 1.0105 1.0184 1.02049 1.02059 1.02533 1.02851 1.03088 1.03744 1.03669 1.04783 1.04492 1.04226 1.04393 1.05697 1.06053 1.06785 1.06836 1.06843 1.07225 1.07357 1.08257 1.0788 1.08254 1.08558 1.09999 1.10412 1.09557 1.1147 1.09996 1.12263 1.12277 1.11856 1.14415 1.13795 1.15172 1.16629 1.14711 1.16936 1.1797 1.19177 1.21329 
1.10416 1.11094 1.08069 1.08771 1.08597 1.0798 1.08178 1.06751 1.0633 1.06242 1.04502 1.05929 1.04604 1.04911 1.04855 1.04757 1.04098 1.03766 1.0404 1.03522 1.03305 1.02307 1.0218 1.01521 1.01563 1.02003 1.01756 1.01235 1.01103 0.999604 1.00568 1.00661 1.00321 1.00334 0.997306 0.998896 0.997656 1.00302 0.994575 0.998667 0.994876 0.997486 0.994885 0.998185 0.995276 0.997398 0.996748 0.997589 0.998123 0.998906 1 1.00101 1.00227 1.00268 1.00656 1.0058 1.00934 1.00738 1.01071 1.01287 1.01557 1.01605 1.02273 1.02359 1.0256 1.03046 1.03163 1.03093 1.03926 1.0421 1.04446 1.04773 1.0465 1.04723 1.05374 1.05837 1.06649 1.0773 1.08178 1.07737 1.07781 1.09121 1.0864 1.08073 1.11121 1.11277 1.11247 1.11828 1.12087 1.12976 1.13911 1.12975 1.14425 1.1566 1.1444 1.15837 1.16969 1.18254 1.16141 1.17932 1.19056 
1.10363 1.09224 1.09849 1.08164 1.08047 1.08159 1.07868 1.0717 1.06742 1.06634 1.05336 1.05891 1.05254 1.03079 1.0404 1.04141 1.03961 1.03672 1.01663 1.02617 1.02443 1.0228 1.02405 1.02562 1.00948 1.0139 1.00918 1.00628 1.01402 1.00786 1.01222 1.00061 0.997569 1.00333 0.999676 0.997034 1.00037 0.997569 0.999126 0.998012 0.997466 0.998285 0.999822 0.996645 0.998439 0.996473 0.996576 0.997675 0.99857 0.999267 1 1.00099 1.00195 1.00409 1.00504 1.00579 1.00749 1.00924 1.00936 1.01396 1.01876 1.01895 1.01775 1.02379 1.027 1.02748 1.03439 1.0356 1.03219 1.0364 1.04011 1.04802 1.04902 1.05537 1.06008 1.06282 1.06075 1.06741 1.07505 1.0811 1.08176 1.08312 1.08169 1.09847 1.09708 1.09926 1.11291 1.11105 1.12176 1.13963 1.13132 1.13109 1.13031 1.13936 1.1636 1.14917 1.1605 1.15559 1.16579 1.2045 1.18928 
1.10111 1.08921 1.08463 1.07637 1.08418 1.09321 1.06396 1.06487 1.07246 1.07312 1.0432 1.05543 1.05787 1.05045 1.03341 1.04737 1.02931 1.03295 1.03289 1.0236 1.03256 1.01594 1.02019 1.02615 1.01413 1.01752 1.01082 1.01543 1.01449 1.00994 1.00279 1.00355 1.00232 0.999772 1.00158 1.00101 0.996915 0.999164 0.994546 0.995371 0.997464 0.998686 0.994459 0.995475 0.99513 0.996533 0.998053 0.998058 0.997689 0.999444 1 1.0008 1.00151 1.00281 1.00384 1.00598 1.009 1.00842 1.00944 1.01353 1.01378 1.02111 1.02742 1.02041 1.02242 1.03472 1.0296 1.03247 1.03719 1.03403 1.04066 1.04541 1.0509 1.0544 1.05154 1.05205 1.05897 1.06928 1.07269 1.07173 1.07925 1.08821 1.09948 1.09001 1.09584 1.0938 1.10472 1.11573 1.12104 1.11813 1.13935 1.1357 1.16139 1.13942 1.16328 1.13528 1.17935 1.16355 1.18867 1.18066 1.19148 
1.10359 1.08801 1.09509 1.08669 1.09367 1.07553 1.06665 1.05888 1.06605 1.06277 1.06872 1.05503 1.04353 1.03854 1.04894 1.03982 1.03867 1.03095 1.02469 1.02551 1.02499 1.02437 1.02693 1.01884 1.01916 1.01071 1.01741 1.00785 1.00213 1.0089 1.00093 1.00832 1.00811 1.00689 1.00306 0.998695 0.996386 1.00002 0.995476 0.99628 0.996852 0.995241 0.996577 0.997183 0.996482 0.997259 0.997901 0.996926 0.998638 0.999075 1 1.00088 1.00268 1.00384 1.00421 1.00653 1.00713 1.00892 1.01144 1.01477 1.01747 1.01911 1.01655 1.02005 1.02853 1.02539 1.0307 1.03143 1.03943 1.04252 1.04322 1.04662 1.04734 1.05042 1.05617 1.06002 1.07056 1.07238 1.08287 1.06923 1.07862 1.08096 1.09556 1.09545 1.09281 1.11823 1.11371 1.11539 1.11379 1.11076 1.11843 1.13071 1.14393 1.16286 1.15753 1.16075 1.15945 1.18996 1.16749 1.18185 1.20795 
1.09908 1.10543 1.08291 1.07954 1.09231 1.09206 1.07628 1.06605 1.06141 1.05986 1.05662 1.04602 1.06174 1.03918 1.0541 1.03574 1.03885 1.04722 1.03938 1.02067 1.02775 1.01984 1.02125 1.02743 1.01047 1.01695 1.00689 1.01411 1.00678 1.00944 1.00931 1.00525 1.00605 1.00291 1.00478 0.999303 1.00151 0.998125 0.998262 0.996302 0.99703 0.994 0.991641 0.997478 0.996791 0.996012 0.999202 0.998011 0.997726 0.999398 1 1.00128 1.00207 1.00369 1.00613 1.00746 1.00761 1.008 1.01115 1.01469 1.01723 1.02058 1.01829 1.02305 1.02453 1.02729 1.02883 1.03513 1.03915 1.03596 1.05193 1.0454 1.05738 1.06009 1.06066 1.06043 1.0713 1.06783 1.07306 1.07839 1.08171 1.09072 1.09259 1.09993 1.1077 1.09243 1.10514 1.10925 1.11511 1.12704 1.1476 1.13732 1.13421 1.16076 1.16576 1.15278 1.17397 1.14131 1.18272 1.19175 1.17768 
1.09999 1.07796 1.09159 1.093 1.09188 1.10278 1.07003 1.07905 1.07159 1.05863 1.05518 1.05987 1.04899 1.05238 1.04621 1.05767 1.0336 1.0379 1.03031 1.03523 1.02409 1.03223 1.02672 1.02783 1.01942 1.01405 1.01154 1.00889 1.01083 1.01252 1.00779 1.00601 1.0028 0.995484 0.996378 0.997028 1.00199 0.999417 1.00009 0.99631 0.995859 0.995658 0.9959 0.99721 0.995712 0.995924 0.996999 0.998168 0.998036 0.999212 1 1.00087 1.0023 1.00283 1.0055 1.00563 1.00846 1.0086 1.0112 1.0134 1.01523 1.01591 1.02325 1.02241 1.02973 1.02919 1.03418 1.03113 1.02845 1.03767 1.03691 1.04489 1.05015 1.04755 1.05709 1.06433 1.05897 1.07229 1.0774 1.07488 1.08996 1.08861 1.09323 1.10609 1.09097 1.11945 1.11748 1.11823 1.13104 1.12904 1.12128 1.13775 1.14249 1.15355 1.14941 1.15142 1.17004 1.17154 1.17387 1.18252 1.19331 
1.10288 1.10173 1.09605 1.08111 1.09844 1.07033 1.08245 1.07736 1.05924 1.0612 1.05384 1.07263 1.05487 1.04445 1.04596 1.04772 1.033 1.02417 1.03128 1.03234 1.03054 1.02572 1.02317 1.01966 1.0192 1.01084 1.00971 1.01477 1.0088 1.00693 1.00676 1.001 1.00584 1.00271 0.997376 1.00149 1.00315 0.99641 0.997965 0.998348 0.995991 0.997301 0.996821 0.997942 0.995958 0.998482 0.997675 0.998139 0.997575 0.99907 1 1.0007 1.00283 1.0032 1.00351 1.00556 1.00678 1.00737 1.01107 1.01279 1.01105 1.01626 1.01834 1.02286 1.02732 1.02209 1.02552 1.03431 1.03433 1.03963 1.04153 1.04655 1.04706 1.06148 1.0564 1.05465 1.06621 1.06507 1.07069 1.06656 1.0813 1.07127 1.08818 1.08834 1.10475 1.10651 1.11212 1.10948 1.11504 1.12201 1.12662 1.12202 1.13034 1.1498 1.15268 1.15654 1.18304 1.17133 1.17852 1.18156 1.19767 
1.11438 1.10246 1.08918 1.0852 1.08208 1.07464 1.06694 1.07547 1.06761 1.05667 1.06436 1.05971 1.06838 1.04833 1.04046 1.04074 1.02808 1.049 1.03748 1.02469 1.02025 1.02874 1.02609 1.01128 1.01618 1.01367 1.01151 1.01612 1.00901 1.01108 1.00871 1.00563 1.00522 0.998773 1.00108 1.00289 1.00341 0.997505 0.999706 0.999226 0.999187 0.996972 0.996553 0.997649 0.995952 0.997552 0.998202 0.998195 0.999054 0.999037 1 1.00125 1.00178 1.00292 1.00381 1.0066 1.00979 1.01148 1.01357 1.01224 1.01526 1.01881 1.02229 1.02157 1.02828 1.02386 1.03152 1.03635 1.03702 1.03373 1.04935 1.04445 1.04396 1.05781 1.05747 1.05788 1.06588 1.07452 1.06921 1.0855 1.08253 1.09023 1.08153 1.09013 1.09975 1.10851 1.12192 1.10611 1.13101 1.13306 1.14753 1.13485 1.13575 1.17833 1.17739 1.16568 1.1639 1.16717 1.19529 1.20264 1.18368 
1.11158 1.08859 1.08182 1.0888 1.08307 1.06944 1.07071 1.07023 1.05922 1.06393 1.06884 1.05632 1.05025 1.05645 1.04261 1.04792 1.03676 1.03112 1.03135 1.02887 1.02241 1.029 1.02117 1.02677 1.01924 1.01813 1.01646 1.00946 1.014 1.00676 0.999926 1.00329 1.00035 1.00368 1.00213 1.00246 0.995443 1.00131 0.993186 1.00153 0.996876 0.992678 0.998126 0.996251 0.996393 0.997099 0.998369 0.998364 0.99825 0.999215 1 1.00092 1.00177 1.00382 1.00536 1.00594 1.00932 1.00986 1.01181 1.01429 1.0129 1.02218 1.02354 1.02017 1.02171 1.03113 1.02608 1.03572 1.0398 1.03919 1.04682 1.04965 1.05135 1.04589 1.05332 1.06622 1.06255 1.07236 1.07211 1.08449 1.07098 1.08021 1.08403 1.10441 1.08997 1.10085 1.09747 1.13034 1.12821 1.13613 1.12956 1.13348 1.14892 1.1377 1.16939 1.14964 1.1676 1.15368 1.17322 1.17533 1.17582 
1.09379 1.08658 1.09901 1.08099 1.08292 1.07948 1.05908 1.08305 1.05867 1.06027 1.04992 1.05249 1.05284 1.04768 1.05249 1.03267 1.03643 1.0412 1.02949 1.03277 1.04153 1.02059 1.02427 1.01855 1.02409 1.01573 1.00831 1.009 1.01228 1.01267 1.00909 1.00538 0.998421 1.00069 0.997222 1.0023 0.995833 0.998766 0.996702 1.00036 0.999612 0.998658 0.995559 0.99694 0.996404 0.997477 0.998224 0.998079 0.998611 0.99897 1 1.00104 1.00231 1.00389 1.00365 1.00777 1.00729 1.00853 1.01307 1.01165 1.01825 1.01711 1.02357 1.02585 1.02534 1.02914 1.02872 1.03478 1.03797 1.04026 1.04273 1.04814 1.04809 1.04842 1.0522 1.06501 1.06427 1.07601 1.07564 1.07127 1.07406 1.09532 1.09499 1.09938 1.09794 1.09925 1.11584 1.12072 1.13776 1.12802 1.12447 1.13612 1.13777 1.14697 1.15854 1.17769 1.16534 1.17521 1.17712 1.18587 1.19222 
1.0955 1.09392 1.10231 1.08488 1.07494 1.08273 1.07633 1.06286 1.05684 1.05192 1.0661 1.05053 1.05159 1.05029 1.04255 1.0384 1.03964 1.0224 1.02591 1.03714 1.03567 1.03148 1.01736 1.00956 1.00933 1.01496 1.00906 1.01142 1.01157 1.0045 1.00502 1.00497 1.00609 1.00376 1.00561 0.999032 0.999353 0.996936 0.995962 0.998547 0.996556 0.995751 0.996935 0.995024 0.995766 0.998739 0.997827 0.997457 0.997936 0.998892 1 1.00072 1.00243 1.00406 1.00375 1.00759 1.007 1.00892 1.0102 1.0131 1.01422 1.01902 1.02121 1.01857 1.02556 1.02526 1.03007 1.03572 1.03318 1.04158 1.04227 1.04181 1.04897 1.04876 1.05572 1.06412 1.06694 1.05832 1.06486 1.08445 1.08946 1.08636 1.08813 1.09122 1.10467 1.10634 1.10551 1.11159 1.12324 1.12684 1.12571 1.1388 1.13168 1.1382 1.15926 1.15181 1.18247 1.19083 1.18064 1.17852 1.18947 
1.09696 1.09967 1.09377 1.10428 1.0742 1.0844 1.07142 1.06876 1.06559 1.05824 1.06276 1.05794 1.04685 1.06247 1.048 1.04991 1.04075 1.0254 1.03555 1.02144 1.02588 1.02119 1.02867 1.02987 1.01612 1.01438 1.01385 1.00896 1.01419 1.00907 1.00784 1.00945 1.00284 0.997249 1.00125 1.00039 1.00205 0.996558 0.993504 0.995597 0.998284 0.997715 0.999619 0.995152 0.997496 0.995263 0.997459 0.99842 0.998734 0.999098 1 1.00073 1.00176 1.00363 1.00523 1.00575 1.00802 1.01052 1.01399 1.01475 1.01553 1.01584 1.01927 1.02513 1.02717 1.02386 1.02997 1.03615 1.03951 1.03592 1.04027 1.04505 1.04408 1.04948 1.05772 1.06468 1.06322 1.05385 1.07055 1.06508 1.07172 1.08183 1.0867 1.09933 1.1024 1.11038 1.11464 1.11177 1.1161 1.12816 1.14354 1.14413 1.13897 1.14391 1.1399 1.15574 1.1724 1.16292 1.18178 1.18455 1.19374 
1.10256 1.09106 1.09664 1.08404 1.07501 1.07925 1.09218 1.07124 1.0677 1.05184 1.0522 1.07077 1.04579 1.0512 1.03766 1.0494 1.03296 1.03919 1.03159 1.03281 1.01418 1.02233 1.01722 1.01212 1.02048 1.0211 1.01233 1.00881 1.00214 1.01083 1.00516 1.0035 1.0061 1.0027 1.00081 0.996355 0.99804 0.994594 1.00338 0.998497 0.999038 0.999005 0.993316 0.996926 0.993881 0.997141 0.997048 0.997389 0.997867 0.999226 1 1.00088 1.0019 1.00264 1.00432 1.0066 1.00788 1.00822 1.01178 1.01311 1.01641 1.01728 1.02147 1.02194 1.02719 1.02632 1.03191 1.0319 1.03306 1.03347 1.04476 1.04698 1.04436 1.05479 1.05546 1.06796 1.07187 1.07071 1.06313 1.06695 1.07418 1.07678 1.09485 1.10326 1.10808 1.10218 1.11597 1.11444 1.12697 1.12526 1.13292 1.1501 1.16229 1.14393 1.16084 1.16659 1.1805 1.16926 1.15176 1.19302 1.19206 
1.11101 1.08486 1.09638 1.08299 1.08033 1.07953 1.07749 1.05782 1.0661 1.06626 1.04971 1.0558 1.06525 1.04979 1.04414 1.03482 1.03337 1.02347 1.03465 1.02695 1.03296 1.0252 1.0242 1.01938 1.01232 1.01477 1.01514 1.01118 1.01355 1.00816 1.00285 1.00237 0.997183 0.994686 1.00191 1.00136 1.00152 0.998383 0.996352 0.998065 0.997535 0.995932 0.995352 0.996438 0.998076 0.996439 0.99757 0.998113 0.997986 0.99929 1 1.00068 1.00218 1.00403 1.00382 1.00473 1.00862 1.00989 1.01012 1.00951 1.01248 1.01635 1.02068 1.01836 1.02788 1.02947 1.0262 1.03021 1.03684 1.03798 1.03716 1.04516 1.04439 1.04639 1.05433 1.0689 1.06768 1.0752 1.07061 1.07307 1.07078 1.08675 1.08633 1.08205 1.09083 1.09419 1.12057 1.11569 1.11545 1.13176 1.14096 1.12851 1.1508 1.14648 1.1345 1.15213 1.15737 1.15899 1.17995 1.19367 1.187 
1.09198 1.09909 1.0823 1.09054 1.08061 1.09187 1.08595 1.06728 1.06646 1.06061 1.05658 1.05705 1.05015 1.04363 1.04072 1.04415 1.04356 1.03561 1.02856 1.02321 1.02983 1.02796 1.01318 1.0191 1.0153 1.0184 1.01605 1.00284 0.999969 1.01136 1.00861 1.00549 1.00166 1.00136 1.00292 1.00207 0.997278 0.995834 0.995442 0.995308 0.994894 0.997361 0.995544 0.995121 0.997792 0.995543 0.997644 0.998263 0.998821 0.999361 1 1.00102 1.00275 1.00382 1.0043 1.0063 1.00799 1.00898 1.01324 1.01544 1.01509 1.01988 1.02058 1.02283 1.02522 1.02798 1.02986 1.02967 1.04012 1.04364 1.04277 1.04867 1.05001 1.05527 1.05618 1.05413 1.06395 1.06486 1.07338 1.08722 1.07906 1.07893 1.08503 1.09699 1.09897 1.10935 1.11781 1.12405 1.12219 1.12794 1.13555 1.12442 1.15167 1.1463 1.15562 1.1566 1.1576 1.1558 1.1753 1.19699 1.19878 
1.10966 1.07878 1.08843 1.0911 1.08215 1.08316 1.07488 1.06241 1.06069 1.05997 1.05597 1.06513 1.06223 1.05775 1.03921 1.03652 1.02945 1.03926 1.02368 1.02987 1.02759 1.01484 1.02692 1.01033 1.01718 1.02201 1.0206 1.01002 1.00617 1.00664 1.00923 1.00138 1.00345 1.00251 1.00267 1.00555 0.998466 1.00094 0.996173 0.997142 0.995922 0.995939 0.996827 0.996864 0.994713 0.996018 0.997865 0.997097 0.997785 0.999057 1 1.00068 1.00226 1.00344 1.00468 1.00547 1.00597 1.01056 1.01368 1.01395 1.01397 1.0177 1.01742 1.02286 1.02735 1.03107 1.0285 1.03375 1.03761 1.03305 1.04022 1.03805 1.05377 1.05565 1.05369 1.06521 1.0612 1.06541 1.0675 1.07358 1.07651 1.08903 1.0981 1.09254 1.11752 1.11154 1.1102 1.10195 1.12641 1.14563 1.13156 1.12153 1.12551 1.15776 1.16328 1.15865 1.15892 1.1664 1.17068 1.18718 1.19704 
1.09485 1.09638 1.09204 1.09837 1.09374 1.0827 1.06861 1.078 1.06348 1.06064 1.0624 1.06386 1.05407 1.03608 1.03274 1.03289 1.03885 1.02796 1.02826 1.03428 1.02742 1.03358 1.02599 1.01439 1.01961 1.00306 1.02014 1.01596 1.00673 1.0128 1.00905 1.00469 1.00748 0.998137 0.999542 0.997772 1.0001 0.999309 0.998898 0.997241 0.997897 0.998868 0.99786 0.995874 0.995309 0.997269 0.996882 0.997656 0.998725 0.998927 1 1.00072 1.00184 1.00268 1.00421 1.00505 1.00565 1.00997 1.01003 1.01328 1.01291 1.01676 1.02024 1.02306 1.02505 1.02547 1.03505 1.03677 1.02712 1.03719 1.04997 1.04853 1.04942 1.04854 1.05869 1.05671 1.05832 1.07239 1.06974 1.08891 1.07439 1.08884 1.10188 1.1039 1.09164 1.09542 1.11156 1.1193 1.1311 1.12011 1.12027 1.13719 1.14035 1.1546 1.16935 1.16906 1.16661 1.16069 1.18321 1.16647 1.16253 
1.09655 1.10352 1.09713 1.0779 1.09038 1.08835 1.07119 1.0658 1.069 1.06055 1.06694 1.06275 1.04106 1.048 1.04655 1.0333 1.03789 1.03252 1.03391 1.0239 1.02108 1.01746 1.02419 1.0142 1.01721 1.01004 1.00962 1.00771 1.01477 1.00757 1.00443 1.00216 0.997251 1.00353 1.00091 0.998853 1.00299 1.00044 0.99924 0.998363 0.997488 0.99705 0.998636 0.996838 0.996465 0.997532 0.997726 0.996864 0.998807 0.99924 1 1.00098 1.00217 1.00399 1.00452 1.00687 1.00674 1.00841 1.01435 1.0136 1.01215 1.01767 1.02225 1.02224 1.02704 1.02566 1.03147 1.03805 1.0333 1.03757 1.03909 1.04989 1.05109 1.04943 1.04704 1.06216 1.06221 1.07151 1.06549 1.07742 1.07923 1.08547 1.09796 1.10036 1.11214 1.10965 1.11423 1.10743 1.1204 1.12346 1.11664 1.13545 1.14537 1.14309 1.15162 1.1641 1.17133 1.16646 1.17042 1.21565 1.20486 
1.09918 1.08745 1.08517 1.09592 1.0846 1.08303 1.07428 1.06889 1.07371 1.06218 1.05298 1.0635 1.05123 1.05707 1.04002 1.02757 1.0379 1.03685 1.0318 1.02153 1.0267 1.02705 1.01604 1.02228 1.02538 1.01295 1.01294 1.0138 1.00307 1.01279 1.00873 1.00666 1.00139 1.00171 1.00283 1.00066 0.997913 0.999327 0.999684 0.993448 0.994995 0.998195 0.996365 0.997641 0.995305 0.995439 0.997591 0.997729 0.998666 0.999208 1 1.00064 1.00271 1.00291 1.00462 1.006 1.00732 1.0094 1.01011 1.01217 1.01718 1.01893 1.01899 1.02356 1.02395 1.02402 1.02939 1.03107 1.02952 1.04073 1.04267 1.04595 1.05108 1.05206 1.05931 1.05916 1.0576 1.06732 1.07469 1.06577 1.07584 1.07412 1.08191 1.11022 1.08592 1.10042 1.10545 1.12104 1.1284 1.12571 1.13056 1.12159 1.14479 1.15861 1.15743 1.16735 1.17031 1.15751 1.16649 1.20055 1.17158 
1.10126 1.10209 1.09241 1.09387 1.07532 1.08325 1.07946 1.08388 1.06469 1.06479 1.04743 1.05642 1.06064 1.05252 1.04795 1.03879 1.04095 1.02543 1.03151 1.01586 1.02093 1.02479 1.02851 1.02244 1.02129 1.02363 1.00945 1.0141 1.00435 1.0042 1.00516 1.00563 1.0092 1.00245 1.00504 1.00307 0.995814 0.994816 0.996871 0.994462 0.997302 0.999302 0.993079 0.99734 0.996196 0.995159 0.996259 0.997362 0.998501 0.999112 1 1.00099 1.00257 1.00394 1.00517 1.00492 1.00815 1.01087 1.01326 1.01492 1.01469 1.01953 1.02026 1.02345 1.02208 1.02156 1.02674 1.03293 1.03639 1.04455 1.04111 1.04702 1.05009 1.04215 1.05646 1.05899 1.06247 1.06916 1.07274 1.07436 1.0696 1.07658 1.08255 1.0909 1.0926 1.11254 1.1106 1.11414 1.12205 1.12699 1.12073 1.13629 1.12983 1.14702 1.1648 1.16427 1.17884 1.17971 1.20041 1.16373 1.17177 
1.09949 1.08526 1.10195 1.08798 1.07288 1.07537 1.08853 1.05886 1.05688 1.05633 1.05391 1.0532 1.06416 1.04603 1.04684 1.0353 1.04179 1.02928 1.03667 1.02732 1.03438 1.02338 1.02229 1.017 1.00895 1.00807 1.00723 1.01888 1.01082 1.00957 1.00347 1.00362 1.00463 0.998472 1.00238 1.00224 0.998586 0.999249 0.996694 0.999856 0.993912 0.994177 0.996835 0.995439 0.99754 0.995655 0.99868 0.998222 0.998319 0.999302 1 1.00106 1.00213 1.00243 1.00583 1.0068 1.0049 1.00911 1.00901 1.01267 1.01641 1.01632 1.01888 1.02079 1.0255 1.03097 1.03623 1.03354 1.03598 1.03597 1.04679 1.0474 1.04962 1.04671 1.05339 1.05823 1.07542 1.07143 1.07934 1.06666 1.08926 1.08704 1.09157 1.09383 1.09159 1.10562 1.12201 1.11393 1.10625 1.118 1.11985 1.13388 1.15016 1.16078 1.14512 1.17299 1.17423 1.14921 1.17817 1.19034 1.19352 
1.10449 1.1002 1.09159 1.08705 1.08558 1.0819 1.0772 1.06357 1.06232 1.06072 1.0688 1.05885 1.05493 1.04766 1.04545 1.02989 1.03816 1.03894 1.02823 1.02108 1.0279 1.01855 1.01966 1.01398 1.02182 1.01874 1.00965 1.01412 1.008 1.01046 1.00555 1.001 0.996944 1.0001 1.00061 0.998596 1.00069 1.00142 0.99589 0.995276 0.998154 0.998473 0.995222 0.997106 0.996325 0.997637 0.998542 0.997164 0.998387 0.999217 1 1.00099 1.00294 1.00349 1.0047 1.00556 1.00778 1.00934 1.00897 1.01234 1.0168 1.01755 1.02772 1.02372 1.02448 1.03105 1.02354 1.0332 1.03177 1.04477 1.04639 1.04063 1.05386 1.04734 1.04617 1.05693 1.06106 1.07177 1.07998 1.07592 1.07345 1.08126 1.0835 1.09238 1.10351 1.10997 1.10486 1.12933 1.11948 1.12369 1.12364 1.14756 1.14783 1.14238 1.15601 1.16963 1.16588 1.16743 1.18871 1.18689 1.18204 
1.09709 1.10744 1.09837 1.08617 1.10442 1.07128 1.07691 1.05832 1.0639 1.06182 1.06139 1.05712 1.05363 1.05967 1.04217 1.04467 1.0285 1.03802 1.02351 1.02377 1.0296 1.02338 1.02345 1.01772 1.01501 1.00822 1.01246 1.00919 1.0057 1.01237 1.00717 1.00549 1.00639 0.995057 1.0011 0.999497 1.00132 0.99749 0.999769 0.997669 0.997595 0.999792 0.999211 0.997079 0.996496 0.998026 0.997232 0.997048 0.998027 0.999345 1 1.00112 1.00263 1.00315 1.00446 1.00595 1.00921 1.0093 1.01176 1.01415 1.01572 1.01576 1.01986 1.01793 1.02012 1.02759 1.02844 1.03028 1.04141 1.03659 1.04736 1.04407 1.04747 1.04615 1.06027 1.06202 1.06814 1.06964 1.07286 1.0771 1.07704 1.08601 1.0865 1.10243 1.10725 1.0996 1.10761 1.11371 1.11743 1.12575 1.146 1.13765 1.15349 1.14852 1.15181 1.17759 1.17519 1.17391 1.1806 1.17052 1.17439 
1.10078 1.08906 1.09426 1.08864 1.09115 1.07797 1.07337 1.05713 1.06562 1.05369 1.0663 1.04868 1.04897 1.05929 1.04548 1.03786 1.02855 1.0322 1.03268 1.0327 1.0226 1.02947 1.01751 1.02868 1.01822 1.01824 1.01591 1.00855 1.0089 1.00967 1.00797 1.00187 1.0021 1.0105 1.00181 0.997062 1.00012 0.998285 0.997897 0.996731 0.994899 0.998266 0.993006 0.994266 0.996546 0.997023 0.995063 0.998904 0.99841 0.9994 1 1.00101 1.00175 1.00336 1.00388 1.00446 1.0073 1.00928 1.0133 1.01705 1.01645 1.01835 1.0204 1.02615 1.02333 1.02654 1.02608 1.03442 1.03241 1.04008 1.04165 1.04225 1.05384 1.04221 1.05953 1.06028 1.06737 1.06814 1.07458 1.07498 1.08132 1.09688 1.09036 1.08538 1.09848 1.10279 1.13249 1.10211 1.12145 1.13517 1.13804 1.14186 1.14402 1.13475 1.16612 1.15443 1.15205 1.17994 1.17931 1.19104 1.19436 
1.10057 1.09589 1.08765 1.07893 1.08439 1.07137 1.07707 1.07664 1.06964 1.06588 1.06524 1.06112 1.04325 1.05376 1.03618 1.05296 1.03597 1.02886 1.02878 1.02276 1.02319 1.0182 1.03166 1.01312 1.00724 1.01425 1.01393 1.00967 1.0097 1.01113 1.00732 0.99968 1.00313 1.00985 1.00109 1.00228 0.996736 0.998084 0.998466 0.996923 1.00078 0.995639 0.994925 0.997527 0.997637 0.99682 0.996987 0.99711 0.99852 0.99916 1 1.00134 1.00204 1.00293 1.00601 1.00598 1.0077 1.0098 1.01105 1.01388 1.01569 1.02017 1.01966 1.02456 1.02805 1.02599 1.03079 1.03665 1.03708 1.04558 1.04862 1.04561 1.05144 1.0557 1.05359 1.06601 1.05646 1.07324 1.07886 1.08159 1.08529 1.08641 1.09303 1.09081 1.11349 1.09388 1.0901 1.11564 1.11718 1.12767 1.14359 1.15669 1.14419 1.1432 1.16368 1.17296 1.16838 1.18186 1.17088 1.17168 1.20207 
1.10256 1.09698 1.09396 1.09009 1.07427 1.06931 1.07025 1.06289 1.05982 1.06265 1.05642 1.05536 1.05223 1.0418 1.04303 1.0355 1.04418 1.03115 1.02835 1.03024 1.03455 1.02195 1.02609 1.01961 1.0209 1.0248 1.01317 1.00727 1.00706 1.00149 1.00424 1.00588 1.00024 1.00634 1.00159 0.999487 0.997607 0.999972 0.996538 0.996093 0.996383 0.995191 0.998012 0.996301 0.995971 0.997301 0.996212 0.998044 0.99805 0.999132 1 1.00105 1.00204 1.00412 1.00468 1.00586 1.00804 1.01064 1.01162 1.01242 1.01886 1.02084 1.02119 1.02632 1.02782 1.03289 1.03282 1.0379 1.03531 1.03714 1.04595 1.04833 1.05899 1.06346 1.06048 1.06258 1.0644 1.07146 1.07884 1.07753 1.07299 1.08305 1.08623 1.09351 1.09389 1.1085 1.11413 1.11944 1.11506 1.1382 1.1226 1.13345 1.14725 1.15996 1.16879 1.15877 1.14663 1.15346 1.17793 1.17181 1.18768 
1.09389 1.09096 1.09172 1.08287 1.07035 1.07921 1.07593 1.06479 1.07099 1.0546 1.05163 1.05809 1.05492 1.05055 1.03139 1.03967 1.03374 1.03366 1.02871 1.02293 1.02504 1.02175 1.02304 1.01458 1.02261 1.01386 1.02011 1.00767 1.00862 1.01195 1.00227 1.00819 1.00477 1.00117 1.00443 0.996188 1.00271 0.996593 0.998324 0.999433 0.996101 0.993796 0.995819 0.996002 0.99456 0.994375 0.996702 0.998188 0.998296 0.999089 1 1.00117 1.00225 1.00293 1.005 1.00539 1.00789 1.00995 1.01241 1.01418 1.01174 1.02111 1.02081 1.01898 1.0211 1.03053 1.03084 1.02867 1.03904 1.04084 1.04824 1.04161 1.05315 1.06096 1.05376 1.05052 1.06455 1.06875 1.0765 1.0812 1.0753 1.07193 1.08869 1.10467 1.09933 1.11017 1.11613 1.12914 1.12974 1.12194 1.13198 1.13344 1.15586 1.14454 1.1382 1.15843 1.17275 1.16704 1.17966 1.17794 1.22212 
1.11479 1.0769 1.07854 1.08355 1.07732 1.07829 1.0769 1.07304 1.0708 1.0655 1.04789 1.05794 1.05573 1.04347 1.04166 1.03871 1.03904 1.02731 1.03264 1.03133 1.02645 1.01301 1.02143 1.01528 1.0172 1.02063 1.00972 1.01061 1.00736 1.0036 1.00673 1.00496 1.00341 0.999448 1.00142 0.997345 1.00242 0.999165 0.997206 0.997923 0.997312 0.997005 0.996881 0.996907 0.997664 0.996026 0.99682 0.99741 0.999044 0.998892 1 1.00096 1.00219 1.00353 1.00558 1.00653 1.00589 1.01063 1.01056 1.01114 1.01664 1.01795 1.0187 1.02465 1.03018 1.03283 1.02517 1.03543 1.03414 1.04086 1.04387 1.05051 1.05234 1.05841 1.0589 1.06209 1.06768 1.07308 1.07411 1.08284 1.07677 1.08276 1.08543 1.10487 1.09946 1.10685 1.10296 1.10998 1.12467 1.12862 1.13994 1.13564 1.14093 1.14816 1.16866 1.15282 1.16935 1.17585 1.17452 1.19066 1.19512 
1.09606 1.07968 1.08996 1.07861 1.08348 1.08499 1.07403 1.08174 1.05539 1.07137 1.06164 1.05316 1.04797 1.04287 1.0515 1.03856 1.02816 1.02398 1.0348 1.03497 1.02275 1.01639 1.02246 1.02222 1.01723 1.01669 1.01384 1.00843 1.01094 1.00305 1.01228 1.00241 0.996742 1.00125 1.00044 0.993231 1.00028 0.989884 0.999513 1.00045 0.995954 0.99481 0.996924 0.995506 0.996301 0.997645 0.998382 0.997199 0.998082 0.99926 1 1.001 1.00224 1.00452 1.00532 1.00734 1.00866 1.00924 1.01098 1.0122 1.01585 1.01945 1.01912 1.01509 1.02692 1.02689 1.02888 1.02842 1.04286 1.03764 1.04524 1.04576 1.04426 1.05768 1.05214 1.05876 1.05951 1.07211 1.07144 1.07357 1.08325 1.09524 1.09318 1.09701 1.09924 1.11406 1.09263 1.10913 1.11817 1.12612 1.12852 1.12818 1.14812 1.14168 1.1548 1.17304 1.14653 1.1721 1.18733 1.17306 1.20117 
1.10213 1.09125 1.092 1.07542 1.08359 1.07226 1.06921 1.06256 1.07798 1.05933 1.05974 1.04423 1.07126 1.05607 1.03299 1.04034 1.02611 1.03843 1.0323 1.03035 1.03094 1.02831 1.01846 1.02214 1.01356 1.01405 1.01014 1.01486 1.00435 1.00518 1.00399 1.00502 1.00392 1.0023 1.00076 1.00181 0.997439 1.00106 0.999097 0.994551 0.997012 0.997405 0.997968 0.995773 0.996901 0.996466 0.998214 0.99782 0.99878 0.999029 1 1.00094 1.00187 1.00262 1.00335 1.00513 1.0064 1.00843 1.01098 1.01705 1.01626 1.02004 1.02199 1.02673 1.0323 1.02583 1.03368 1.03526 1.03216 1.04099 1.03388 1.04006 1.05196 1.04898 1.05126 1.06122 1.05614 1.07968 1.06082 1.07778 1.08017 1.09479 1.09147 1.08936 1.10502 1.10955 1.10033 1.11049 1.11907 1.12818 1.13246 1.14157 1.15007 1.15478 1.15559 1.16814 1.15854 1.18102 1.15759 1.19625 1.21018 
1.09857 1.09647 1.07911 1.08305 1.08089 1.0755 1.06675 1.06191 1.07203 1.05736 1.05434 1.05941 1.04883 1.05234 1.05469 1.03852 1.03221 1.02745 1.03523 1.02343 1.02572 1.02247 1.01929 1.01568 1.01675 1.01807 1.00559 1.00628 1.00712 1.01564 1.00011 1.00173 1.0043 1.0048 0.996917 0.999408 0.999833 0.996256 0.99566 1.00047 0.995968 0.99746 0.995687 0.996056 0.994721 0.996923 0.99721 0.996788 0.99805 0.999014 1 1.00144 1.00249 1.00383 1.00531 1.00524 1.00804 1.00692 1.01042 1.01445 1.01254 1.01742 1.01892 1.02145 1.02218 1.02767 1.03154 1.03516 1.03833 1.03813 1.04013 1.05414 1.04901 1.04887 1.06463 1.06061 1.06956 1.0725 1.06821 1.0786 1.07478 1.08804 1.08572 1.11034 1.11005 1.1078 1.11033 1.10793 1.11386 1.14526 1.1408 1.14338 1.1523 1.17439 1.14845 1.16005 1.16598 1.17118 1.16794 1.17145 1.18575 
