1.91105 1.84561 1.84104 1.84683 1.8615 1.74523 1.72062 1.67023 1.67568 1.61705 1.57686 1.54151 1.53271 1.45422 1.48571 1.38679 1.41001 1.42125 1.36894 1.25319 1.2587 1.20734 1.21733 1.1844 1.15174 1.13418 1.09772 1.06245 1.02767 1.01924 1.01518 0.991128 0.983595 0.950855 0.937375 0.899938 0.884197 0.878798 0.865905 0.858937 0.86422 0.862091 0.883398 0.867602 0.890078 0.893842 0.90198 0.924823 0.93835 0.968187 1 1.03259 1.07293 1.10941 1.15832 1.19962 1.26036 1.32434 1.39629 1.41527 1.49962 1.57161 1.65779 1.70673 1.80656 1.85981 1.92651 2.02475 2.08592 2.154 2.31172 2.41964 2.47711 2.51975 2.60735 2.732 2.84333 2.82756 3.00282 3.05788 3.1394 3.30249 3.29324 3.48796 3.51394 3.69324 3.71076 3.87065 3.81227 4.01617 4.16277 4.28534 4.43031 4.41466 4.46964 4.58762 4.70868 4.84462 4.93854 4.97448 4.89314 
1.94799 1.84588 1.81915 1.85683 1.74065 1.68956 1.70061 1.67713 1.65444 1.51314 1.61594 1.50585 1.48387 1.48308 1.38954 1.40941 1.3688 1.35521 1.33314 1.23159 1.29438 1.24931 1.19924 1.19546 1.15302 1.10136 1.08354 1.02444 1.07132 1.01382 1.00678 0.989048 0.94797 0.956349 0.897583 0.919789 0.904514 0.87896 0.854225 0.862944 0.866612 0.873656 0.872669 0.870596 0.878648 0.89175 0.90543 0.920794 0.945594 0.9725 1 1.03312 1.07142 1.10596 1.15339 1.20806 1.25011 1.30504 1.37844 1.45543 1.47276 1.57787 1.62771 1.71199 1.77317 1.83286 1.95134 2.01682 2.14577 2.18937 2.23245 2.34047 2.48477 2.55398 2.60967 2.68901 2.81715 2.93462 2.91119 3.10571 3.16297 3.24991 3.36972 3.47065 3.47591 3.62706 3.69516 3.80935 3.9286 4.02125 4.14149 4.16256 4.39377 4.26564 4.53674 4.63897 4.65469 4.78825 4.83613 5.00233 5.02483 
1.89907 1.83073 1.80706 1.77007 1.85874 1.76411 1.72857 1.73992 1.60514 1.63605 1.58346 1.60673 1.51657 1.4935 1.41681 1.44097 1.32719 1.37999 1.34582 1.3514 1.26085 1.24917 1.19303 1.23042 1.17705 1.15671 1.06621 1.04876 1.02106 1.02043 0.989606 1.00962 0.940297 0.938947 0.902298 0.916109 0.894174 0.876958 0.867862 0.87849 0.869598 0.861835 0.866843 0.878967 0.877279 0.892331 0.906307 0.92678 0.944042 0.9707 1 1.03375 1.07597 1.10467 1.15879 1.20574 1.26659 1.31711 1.38293 1.46627 1.50328 1.55555 1.61935 1.73608 1.77743 1.85694 1.98287 2.03151 2.09962 2.20837 2.2287 2.38559 2.42345 2.52866 2.63741 2.68955 2.75951 2.88804 2.97422 3.07521 3.17729 3.27111 3.39876 3.45839 3.56332 3.61479 3.72828 3.84754 3.91312 3.86145 4.07625 4.18731 4.28309 4.37981 4.45278 4.55692 4.6898 4.83665 4.8101 4.75308 5.04753 
1.8022 1.8809 1.81494 1.80212 1.77182 1.79027 1.70997 1.63229 1.6772 1.64879 1.54987 1.52204 1.53518 1.44711 1.40365 1.40002 1.39308 1.38178 1.31691 1.29445 1.29181 1.23306 1.18233 1.20876 1.13837 1.12585 1.10614 1.08428 1.04191 1.01663 0.988567 0.992545 0.984393 0.93803 0.919927 0.911486 0.907425 0.867469 0.867723 0.884106 0.860497 0.859266 0.85999 0.868659 0.870626 0.899805 0.905587 0.924698 0.946952 0.968646 1 1.03394 1.07149 1.10952 1.15273 1.1908 1.24264 1.29607 1.36934 1.427 1.48473 1.5752 1.65961 1.69618 1.76597 1.85411 1.93513 1.99521 2.09444 2.25138 2.30455 2.36038 2.43371 2.52961 2.66378 2.67939 2.76701 2.90315 2.95541 3.0121 3.19444 3.14981 3.37468 3.49175 3.53203 3.49256 3.77182 3.82151 3.98196 3.99444 4.12282 4.20026 4.22495 4.41855 4.50499 4.56023 4.59589 4.8308 4.77892 4.91905 4.9785 
1.83971 1.88183 1.80183 1.81259 1.86422 1.71117 1.74913 1.70471 1.61999 1.56229 1.57381 1.57623 1.55986 1.46643 1.44594 1.43585 1.38232 1.3297 1.30568 1.32163 1.24227 1.20668 1.20813 1.18372 1.14869 1.05282 1.09005 1.07055 1.02461 1.05317 1.04144 0.959166 0.986775 0.949025 0.95825 0.912214 0.870363 0.922299 0.874436 0.874451 0.878931 0.865376 0.866315 0.872778 0.880798 0.891955 0.905921 0.9233 0.945629 0.970752 1 1.03419 1.0678 1.11195 1.16454 1.2116 1.25862 1.31142 1.37471 1.43484 1.4904 1.59615 1.61223 1.68585 1.77382 1.85294 1.9604 2.03594 2.09838 2.12194 2.20942 2.34568 2.45057 2.47073 2.66082 2.67754 2.73523 2.90074 3.00359 3.11643 3.21005 3.35499 3.364 3.39775 3.55162 3.62133 3.69082 3.76895 3.89943 3.99799 3.95219 4.19264 4.28221 4.2966 4.48114 4.51279 4.60815 4.82405 4.94499 4.98033 5.07234 
1.93717 1.83125 1.88475 1.86749 1.78605 1.73681 1.73555 1.70238 1.66454 1.57889 1.59078 1.55956 1.52202 1.46916 1.47497 1.37311 1.34668 1.34411 1.30337 1.31438 1.2375 1.23655 1.2297 1.17082 1.19768 1.08952 1.07594 1.07506 1.08096 1.05221 1.03346 0.984786 0.952736 0.947202 0.930536 0.923281 0.898852 0.874427 0.87355 0.876949 0.877795 0.858672 0.858898 0.865945 0.877363 0.893139 0.902176 0.929933 0.94917 0.970206 1 1.03133 1.07306 1.10537 1.15968 1.21029 1.24121 1.30677 1.3634 1.441 1.48062 1.56754 1.62183 1.71265 1.78664 1.88504 1.91848 2.00029 2.09245 2.21049 2.29456 2.38618 2.37018 2.56671 2.57637 2.628 2.81723 2.8743 2.98506 3.02263 3.17103 3.2293 3.30094 3.46713 3.43898 3.57364 3.71339 3.84909 3.99836 3.93993 4.0662 4.17023 4.28303 4.35658 4.43846 4.59233 4.62911 4.81376 4.81635 4.87769 5.0511 
1.97116 1.82788 1.81029 1.73603 1.77915 1.80013 1.71763 1.6665 1.66093 1.60325 1.59519 1.56286 1.52357 1.45379 1.4908 1.38548 1.3617 1.37244 1.32052 1.2816 1.26299 1.24574 1.16908 1.18742 1.16399 1.12318 1.0995 1.06674 1.06518 0.986965 0.991831 0.941892 0.979881 0.948113 0.922072 0.930282 0.903892 0.902356 0.845572 0.870836 0.876987 0.877564 0.873728 0.883928 0.873251 0.891989 0.904901 0.923714 0.945375 0.969605 1 1.03041 1.0737 1.11885 1.15205 1.20834 1.26401 1.30235 1.36553 1.41712 1.4996 1.56977 1.64213 1.70741 1.81451 1.86962 1.95016 2.01945 2.11599 2.2002 2.21072 2.34052 2.44669 2.48679 2.60705 2.771 2.85018 2.8311 2.99555 3.02141 3.13607 3.26415 3.22855 3.44252 3.54455 3.58769 3.719 3.76188 3.92652 4.01337 4.07538 4.13519 4.27609 4.47487 4.52836 4.51277 4.53134 4.66005 4.8394 4.98139 5.13248 
1.906 1.87716 1.81589 1.81156 1.79971 1.75645 1.68743 1.76523 1.59815 1.61979 1.60388 1.53118 1.53512 1.48081 1.42478 1.41988 1.43506 1.356 1.32723 1.27226 1.25628 1.21283 1.19762 1.22721 1.13225 1.16387 1.13188 1.12424 1.07841 1.03955 0.966206 1.00024 0.967529 0.980405 0.928427 0.91727 0.900198 0.89646 0.873348 0.858306 0.872112 0.857736 0.873858 0.876115 0.875162 0.894434 0.901473 0.92359 0.945501 0.972603 1 1.03456 1.07259 1.11436 1.15551 1.21219 1.24207 1.29911 1.38223 1.43431 1.50297 1.562 1.61209 1.7066 1.79231 1.84065 1.96248 2.01026 2.17297 2.2132 2.26938 2.38067 2.42941 2.48279 2.59243 2.68537 2.82643 2.89728 2.91896 2.93905 3.14719 3.25241 3.26174 3.37916 3.4782 3.61553 3.74801 3.81991 3.88368 3.93348 4.05643 4.21287 4.19005 4.36622 4.45635 4.6245 4.57282 4.80812 5.01611 4.9418 5.14497 
1.96372 1.90244 1.84147 1.83419 1.77753 1.70759 1.71273 1.70362 1.67098 1.62141 1.59908 1.49777 1.50955 1.47231 1.4384 1.45637 1.36472 1.36528 1.30589 1.30922 1.28328 1.25119 1.19126 1.14458 1.15637 1.11464 1.12167 1.07326 1.05771 1.05045 1.01895 0.977147 0.946883 0.960437 0.938219 0.921523 0.890701 0.881594 0.852456 0.874646 0.896359 0.868409 0.869656 0.868375 0.885921 0.887907 0.909881 0.925147 0.943585 0.969663 1 1.03287 1.06968 1.11788 1.14875 1.19956 1.25722 1.31227 1.37025 1.43428 1.50017 1.56287 1.60687 1.68604 1.8288 1.85977 1.95319 1.98279 2.05324 2.18708 2.21839 2.31199 2.43301 2.46605 2.63717 2.68411 2.74448 2.82772 2.916 3.03008 3.12543 3.15718 3.28007 3.43967 3.56433 3.64657 3.74471 3.82543 3.96905 4.07371 4.14825 4.18748 4.239 4.37594 4.42663 4.5441 4.7051 4.65669 4.80568 4.98113 5.05019 
1.92449 1.85206 1.86392 1.91127 1.78447 1.67147 1.74716 1.74916 1.59297 1.65131 1.59845 1.50265 1.54029 1.49919 1.43953 1.39033 1.41667 1.39275 1.3164 1.36714 1.3242 1.25725 1.22652 1.16435 1.15467 1.12217 1.08794 1.07039 1.07781 1.04464 1.03872 0.970467 0.964787 0.946413 0.927944 0.915505 0.906341 0.884737 0.896643 0.866217 0.852342 0.852823 0.859973 0.870087 0.878743 0.882954 0.903428 0.915172 0.942151 0.971398 1 1.03401 1.06913 1.11507 1.14973 1.20197 1.25377 1.31051 1.38187 1.43398 1.50206 1.54633 1.63254 1.67535 1.79753 1.85862 1.96382 2.00007 2.05466 2.14775 2.25584 2.32592 2.42965 2.50736 2.60657 2.68513 2.70508 2.86877 2.9569 3.031 3.182 3.23508 3.32119 3.301 3.59921 3.55354 3.76696 3.71026 3.86009 4.04526 4.07795 4.21241 4.2299 4.30722 4.40005 4.574 4.57733 4.71519 4.98128 4.96583 4.99872 
2.00034 1.93624 1.77441 1.8651 1.78972 1.79277 1.73736 1.66146 1.69284 1.71374 1.61321 1.52939 1.5551 1.54719 1.45299 1.40957 1.39713 1.40483 1.30264 1.30705 1.24911 1.22642 1.25567 1.1927 1.13556 1.12635 1.09819 1.0567 1.04753 1.02002 0.988713 1.01194 0.98818 0.985159 0.917185 0.894929 0.918026 0.913796 0.874087 0.872763 0.856242 0.8683 0.884488 0.870801 0.879254 0.888366 0.912008 0.923339 0.94607 0.971719 1 1.03621 1.07176 1.10833 1.15471 1.20364 1.24853 1.2954 1.36014 1.42087 1.49971 1.58148 1.64463 1.69229 1.75807 1.86574 1.94722 1.97278 2.07098 2.14444 2.25556 2.29318 2.40661 2.52721 2.64702 2.73967 2.78659 2.91222 2.95167 3.07005 3.1759 3.19234 3.32412 3.43275 3.43995 3.5712 3.65868 3.77658 3.97581 4.0215 4.15809 4.07319 4.16562 4.28898 4.47606 4.54449 4.47893 4.76943 4.73447 4.89957 4.99467 
1.98285 1.87804 1.81425 1.86277 1.75774 1.78432 1.76733 1.75716 1.6551 1.66298 1.64291 1.53334 1.56025 1.48317 1.43003 1.45063 1.42104 1.37257 1.31382 1.3074 1.27754 1.23164 1.24868 1.21019 1.15836 1.16253 1.15101 1.08002 1.05572 1.02856 1.00871 0.993406 0.983216 0.949465 0.941399 0.947122 0.917664 0.900113 0.870109 0.881321 0.868332 0.862858 0.869425 0.872001 0.88446 0.893097 0.909743 0.924721 0.942982 0.96939 1 1.03245 1.07051 1.11334 1.15732 1.20855 1.25645 1.30252 1.36413 1.41913 1.49356 1.56662 1.63072 1.70413 1.81922 1.84572 1.89983 1.99625 2.05608 2.19466 2.22727 2.35069 2.3885 2.5767 2.60178 2.74397 2.75769 2.82339 2.89263 2.97537 3.0843 3.19489 3.4186 3.46488 3.51874 3.53908 3.63896 3.75154 3.86042 3.92483 4.04732 4.20703 4.19052 4.30962 4.47377 4.52828 4.58307 4.75235 4.82111 4.93252 5.01992 
1.88887 1.90281 1.86391 1.79355 1.71265 1.79465 1.71053 1.73892 1.63416 1.63516 1.59464 1.54319 1.5663 1.51698 1.47106 1.46058 1.32611 1.3654 1.35133 1.29426 1.28019 1.25526 1.24174 1.20053 1.14756 1.08196 1.09466 1.08101 1.07712 1.04002 1.00167 0.996985 0.96713 0.959245 0.937442 0.911135 0.885642 0.918666 0.871319 0.885315 0.862366 0.855038 0.859288 0.874646 0.879792 0.885641 0.910791 0.920662 0.94513 0.970661 1 1.03178 1.07034 1.10402 1.15247 1.20292 1.249 1.31266 1.37069 1.43644 1.4851 1.52029 1.60216 1.71305 1.74767 1.90304 1.96458 2.03064 2.09149 2.14668 2.18722 2.35925 2.41292 2.49915 2.56291 2.68513 2.84057 2.89605 2.93955 3.05863 3.12445 3.16985 3.2635 3.43987 3.5566 3.58518 3.60892 3.77221 3.86926 3.83268 4.0851 4.18521 4.265 4.30911 4.52392 4.50963 4.5617 4.64916 4.84495 4.87841 5.09612 
1.91938 1.9516 1.88807 1.82916 1.75745 1.77073 1.67876 1.62776 1.70238 1.64788 1.65035 1.61192 1.54346 1.4473 1.51244 1.4365 1.42009 1.38478 1.34702 1.34349 1.33012 1.26228 1.25419 1.20562 1.15861 1.10082 1.12586 1.09851 1.08105 1.0375 1.0173 0.991077 0.959318 0.929973 0.936534 0.931067 0.920074 0.909136 0.897503 0.864529 0.885315 0.876718 0.873573 0.875653 0.870718 0.893774 0.903566 0.923362 0.945016 0.971161 1 1.03296 1.06796 1.11346 1.15218 1.20707 1.2607 1.30813 1.3559 1.42794 1.49691 1.56995 1.61974 1.70202 1.74805 1.82655 1.91735 2.03125 2.0716 2.13303 2.27763 2.37278 2.4639 2.51688 2.56887 2.73158 2.72081 2.8567 2.9172 3.06884 3.08968 3.25808 3.25513 3.44436 3.51818 3.57485 3.69977 3.81681 3.87259 3.99159 4.08784 4.18267 4.1809 4.34462 4.43213 4.5567 4.64577 4.79241 4.63948 4.91296 4.9032 
1.92222 1.88115 1.85141 1.85531 1.80321 1.76005 1.74558 1.61381 1.67637 1.60276 1.5963 1.55458 1.55085 1.45346 1.4904 1.47691 1.44631 1.39801 1.35208 1.33627 1.28608 1.23949 1.21112 1.19785 1.16391 1.16026 1.10058 1.07864 1.06257 1.01525 1.00394 0.9995 0.998614 0.952357 0.9298 0.927614 0.917243 0.873236 0.891204 0.866872 0.860201 0.861951 0.877931 0.870411 0.890795 0.895829 0.9035 0.928031 0.94974 0.971986 1 1.03303 1.07017 1.10887 1.14636 1.19872 1.25494 1.31299 1.36815 1.41437 1.47933 1.56401 1.61326 1.66254 1.75678 1.84768 1.94135 1.97648 2.08806 2.18348 2.28732 2.32369 2.37935 2.44231 2.58059 2.73638 2.81261 2.90541 2.94005 3.07005 3.15399 3.2609 3.32313 3.35943 3.48685 3.57863 3.70752 3.85832 3.83913 3.98098 4.02312 4.10941 4.24102 4.21247 4.42593 4.36488 4.57357 4.7603 4.76742 4.9444 4.98676 
1.90586 1.89127 1.89029 1.80707 1.75834 1.81326 1.72445 1.66416 1.67519 1.61469 1.56171 1.58082 1.54523 1.51843 1.46114 1.49433 1.42076 1.42987 1.36647 1.32869 1.30288 1.23791 1.23504 1.16773 1.14624 1.13211 1.12851 1.06779 1.05013 1.04802 1.00217 0.97384 0.977737 0.951009 0.925008 0.927586 0.90074 0.901156 0.877918 0.87289 0.87462 0.879416 0.873585 0.873084 0.885859 0.886103 0.910242 0.92126 0.941127 0.970722 1 1.03135 1.0761 1.10737 1.15846 1.20408 1.24828 1.30349 1.35496 1.41534 1.50998 1.56861 1.61814 1.68646 1.74698 1.83249 1.91854 1.9836 2.04684 2.1716 2.25908 2.32482 2.3591 2.48392 2.59106 2.67572 2.73864 2.89238 2.91518 3.03538 3.13433 3.16618 3.27584 3.41183 3.48169 3.49313 3.6488 3.70136 3.79217 3.90947 4.01707 4.03848 4.31292 4.44063 4.34167 4.56219 4.59382 4.75242 4.70907 4.91683 5.12271 
1.89978 1.87612 1.87629 1.79794 1.85237 1.72845 1.78473 1.73388 1.69604 1.57418 1.58156 1.53092 1.51022 1.51364 1.44468 1.40255 1.38711 1.39975 1.33492 1.32809 1.29519 1.22907 1.25789 1.18015 1.17183 1.14716 1.08712 1.08 1.07394 1.05515 1.03209 1.00761 0.954178 0.970211 0.937375 0.906582 0.900599 0.881296 0.892372 0.889821 0.882901 0.879613 0.863992 0.878808 0.88756 0.894271 0.906277 0.936069 0.94395 0.972366 1 1.03163 1.06642 1.11384 1.15254 1.20571 1.25635 1.30156 1.35849 1.43733 1.49592 1.54935 1.62738 1.72254 1.72361 1.82096 1.90935 1.99515 2.10249 2.11788 2.25274 2.31772 2.44307 2.47841 2.57673 2.62228 2.75586 2.92788 2.89641 2.99287 3.09932 3.19553 3.2026 3.46208 3.44459 3.52203 3.67933 3.75619 3.84347 3.89493 3.98086 4.06007 4.21538 4.33963 4.53006 4.55261 4.61274 4.66937 4.91283 4.78949 4.88964 
1.92204 1.90751 1.85865 1.79386 1.84043 1.85341 1.78371 1.72198 1.65496 1.56291 1.5512 1.59474 1.53357 1.57335 1.4333 1.49951 1.4112 1.42249 1.36325 1.30145 1.2639 1.27781 1.27901 1.21871 1.15637 1.14466 1.1443 1.08987 1.07442 1.03579 1.00295 1.0139 0.975852 0.945801 0.938395 0.928832 0.91917 0.909253 0.898728 0.89794 0.896826 0.86688 0.882955 0.889226 0.886463 0.891132 0.910874 0.928561 0.946292 0.973888 1 1.03131 1.06998 1.10488 1.14857 1.20221 1.23594 1.30615 1.35133 1.41762 1.48308 1.53539 1.6258 1.67187 1.77529 1.86389 1.93378 1.99764 2.03224 2.19412 2.26164 2.32643 2.42213 2.49012 2.59731 2.65571 2.79891 2.79837 2.87506 2.97819 3.17955 3.21994 3.29016 3.34557 3.46194 3.57519 3.69384 3.6997 3.88773 3.94581 3.99329 4.12782 4.28147 4.26558 4.40947 4.60922 4.7102 4.56949 4.79042 4.87716 4.95565 
1.99348 1.93683 1.87758 1.85129 1.76118 1.73155 1.77206 1.74228 1.72881 1.68154 1.68739 1.62102 1.55118 1.48094 1.49627 1.46039 1.42686 1.38601 1.37742 1.33081 1.31102 1.29378 1.33879 1.19574 1.17649 1.14415 1.11641 1.12527 1.11027 1.02281 1.03893 1.00923 0.986555 0.972328 0.922863 0.916205 0.902125 0.898942 0.899191 0.896309 0.8759 0.885898 0.875981 0.883084 0.8821 0.900895 0.905469 0.9287 0.949579 0.972944 1 1.03351 1.06689 1.10573 1.15963 1.18945 1.23604 1.30702 1.3636 1.42079 1.46403 1.51593 1.6123 1.67727 1.77644 1.85024 1.9587 1.96687 2.08207 2.14293 2.18078 2.3343 2.41765 2.525 2.53157 2.66724 2.78067 2.85256 2.93182 3.03875 3.10279 3.16029 3.24497 3.4289 3.48281 3.50216 3.62641 3.75325 3.8153 3.97734 4.09607 4.18701 4.07868 4.36799 4.35373 4.4736 4.54987 4.60724 4.74671 4.93073 4.93833 
2.00445 1.96885 1.87497 1.86264 1.78288 1.78804 1.77487 1.64171 1.67926 1.71424 1.58108 1.62344 1.60362 1.50035 1.56219 1.41596 1.38613 1.43776 1.39405 1.30979 1.35979 1.25756 1.23897 1.2069 1.18142 1.13337 1.1239 1.09355 1.05033 1.08731 1.05824 1.00521 0.996277 0.997345 0.976118 0.926405 0.916259 0.930465 0.883428 0.8872 0.88862 0.873516 0.894051 0.88393 0.884868 0.900305 0.91682 0.930271 0.948415 0.970954 1 1.03274 1.06646 1.10169 1.14724 1.20027 1.25036 1.30977 1.35993 1.4149 1.49005 1.54811 1.60152 1.69577 1.76271 1.80357 1.91285 1.99378 2.00033 2.17414 2.25072 2.28919 2.38837 2.48306 2.60411 2.60377 2.7737 2.80097 2.9336 3.03787 3.05426 3.21571 3.18956 3.37467 3.51023 3.52917 3.76861 3.71456 3.76017 3.95837 4.05325 4.11554 4.21028 4.33259 4.37712 4.51764 4.67269 4.5833 4.60861 4.88059 4.92462 
1.94003 1.92713 1.88475 1.83615 1.85668 1.82542 1.72429 1.70516 1.74749 1.65942 1.68511 1.54459 1.56495 1.52875 1.4788 1.43863 1.47198 1.46474 1.38843 1.33706 1.30732 1.27381 1.27726 1.25388 1.1498 1.12822 1.13216 1.08287 1.07302 1.05363 1.04046 1.00476 0.956719 0.966564 0.946191 0.926928 0.934669 0.901928 0.872707 0.903332 0.893777 0.876722 0.879355 0.874633 0.88746 0.903481 0.906271 0.926809 0.946498 0.971638 1 1.03268 1.06771 1.11075 1.15092 1.1991 1.25002 1.29251 1.34181 1.40736 1.4743 1.53368 1.63578 1.65748 1.765 1.82206 1.9155 1.98562 2.086 2.16186 2.23549 2.30211 2.41223 2.51597 2.5266 2.72722 2.71181 2.84465 2.85393 3.01747 3.11012 3.25012 3.22879 3.39184 3.47206 3.5666 3.62708 3.78941 3.77598 3.86172 3.88243 4.14109 4.18625 4.31006 4.37147 4.52302 4.46317 4.67906 4.72254 5.00115 4.87976 
1.99882 1.94455 1.96026 1.83822 1.80523 1.82595 1.75854 1.72444 1.64902 1.69451 1.64796 1.58382 1.54058 1.58614 1.48898 1.4097 1.36851 1.41357 1.3722 1.32428 1.33648 1.30561 1.21985 1.27612 1.18984 1.12108 1.14432 1.09252 1.08104 1.04345 1.04707 1.01631 1.00331 0.958482 0.943097 0.942898 0.916239 0.916544 0.889865 0.90778 0.89004 0.880283 0.89866 0.89055 0.880325 0.894766 0.908866 0.930696 0.950748 0.972042 1 1.03024 1.07214 1.10758 1.14672 1.19788 1.24454 1.3091 1.36573 1.41356 1.48074 1.49813 1.61078 1.66531 1.77534 1.85387 1.87229 1.98175 2.02289 2.14804 2.22054 2.26337 2.36353 2.44159 2.541 2.65168 2.7403 2.79118 2.91597 3.05786 3.08415 3.18218 3.2051 3.32201 3.3668 3.4417 3.59203 3.67406 3.74481 3.94829 4.04381 4.07775 4.27067 4.29719 4.32344 4.42658 4.42417 4.67562 4.84548 4.87761 4.87315 
1.94395 1.9582 1.93409 1.88506 1.86021 1.7572 1.78479 1.80526 1.74061 1.67872 1.64699 1.62293 1.58543 1.50342 1.53531 1.42095 1.44711 1.39195 1.39456 1.34663 1.3251 1.2953 1.25663 1.18536 1.20022 1.17796 1.11112 1.10283 1.09225 1.05826 1.05085 1.015 0.959966 0.952513 0.944059 0.923553 0.938665 0.903874 0.880027 0.919304 0.871661 0.890988 0.884012 0.889001 0.901736 0.904654 0.915973 0.929773 0.953129 0.970056 1 1.03162 1.06888 1.09997 1.14389 1.1936 1.24714 1.29892 1.34173 1.42366 1.46234 1.57113 1.593 1.68426 1.78028 1.84476 1.87164 1.97972 2.0479 2.0854 2.26449 2.29808 2.36611 2.47033 2.54542 2.60103 2.71578 2.80291 2.84216 2.90886 3.09884 3.20426 3.23145 3.38288 3.46411 3.53562 3.54462 3.75823 3.78817 3.89806 3.96082 3.98669 4.21655 4.22779 4.33821 4.35652 4.42853 4.46299 4.64216 4.78709 4.95138 
1.96958 1.95729 1.83789 1.9445 1.89929 1.86599 1.79493 1.71616 1.75927 1.68304 1.65189 1.59693 1.61018 1.51647 1.4959 1.43942 1.48462 1.45751 1.38781 1.3636 1.30746 1.28869 1.29597 1.20537 1.19818 1.18105 1.1376 1.12196 1.1034 1.07267 1.0576 1.02141 1.00849 0.983491 0.981222 0.932564 0.956372 0.896758 0.91256 0.883009 0.893209 0.887084 0.874475 0.880768 0.889812 0.905638 0.912727 0.931618 0.948975 0.975188 1 1.02885 1.06603 1.10256 1.14803 1.18038 1.23601 1.28343 1.33846 1.40963 1.48292 1.51729 1.56731 1.66958 1.75677 1.78536 1.8654 1.97234 2.02086 2.05681 2.21102 2.29175 2.34751 2.48052 2.51773 2.62139 2.66796 2.76295 2.82177 2.91242 3.09619 3.05952 3.25857 3.2755 3.47986 3.45107 3.56091 3.65952 3.81038 3.78886 3.90098 4.09689 4.14268 4.23676 4.23288 4.45559 4.59415 4.58975 4.61845 4.77364 4.82943 
1.9558 1.97194 1.91644 1.87292 1.85133 1.83274 1.80012 1.74798 1.74217 1.59514 1.63165 1.629 1.62314 1.56685 1.49006 1.45141 1.41134 1.45312 1.39809 1.37369 1.31197 1.27336 1.29809 1.23681 1.21518 1.17792 1.14618 1.13669 1.11017 1.08358 1.04223 1.02696 0.994566 0.976928 0.952203 0.939498 0.944467 0.931442 0.913849 0.921161 0.898449 0.894868 0.877574 0.899821 0.899377 0.89976 0.914829 0.925597 0.953229 0.973791 1 1.032 1.05998 1.1079 1.1332 1.19407 1.24141 1.2971 1.32478 1.39262 1.4591 1.53734 1.57666 1.63514 1.69146 1.77168 1.84713 1.94073 2.00808 2.13277 2.19741 2.24808 2.348 2.4526 2.49331 2.58059 2.73945 2.80873 2.86446 2.91983 3.07484 3.06411 3.21939 3.36945 3.41604 3.51417 3.59724 3.69345 3.73066 3.82967 4.05245 3.98009 4.06727 4.2569 4.25784 4.42799 4.50197 4.58189 4.83465 4.72548 4.86766 
1.95457 1.95964 1.88704 1.89143 1.8521 1.83788 1.85916 1.77714 1.67498 1.70271 1.61652 1.68532 1.58054 1.58353 1.54374 1.48298 1.48731 1.43028 1.40644 1.42668 1.313 1.29382 1.29608 1.22364 1.22302 1.14551 1.12713 1.13171 1.07687 1.07166 1.05443 1.00897 1.02916 0.975403 0.978263 0.951045 0.952197 0.916884 0.916974 0.901263 0.886531 0.872091 0.899132 0.889615 0.894875 0.907795 0.917065 0.92694 0.95044 0.974377 1 1.03058 1.07141 1.10039 1.15158 1.17946 1.24623 1.28521 1.34841 1.40849 1.44217 1.51555 1.59161 1.66074 1.71339 1.78737 1.86662 1.96439 2.01938 2.08577 2.16145 2.23369 2.29634 2.38488 2.5405 2.59586 2.67347 2.75785 2.83436 2.97702 3.05206 3.05603 3.24961 3.41985 3.46053 3.43675 3.60784 3.68533 3.57371 3.7818 3.95567 4.09104 4.00438 4.19731 4.25623 4.40027 4.47947 4.58685 4.56906 4.59087 4.85123 
2.11656 1.91808 1.95552 1.93502 1.83662 1.81256 1.82214 1.7763 1.75658 1.71384 1.69961 1.6239 1.62416 1.61 1.50907 1.51997 1.46414 1.42337 1.42439 1.36736 1.31682 1.30705 1.2684 1.22751 1.20481 1.19264 1.13695 1.1689 1.12365 1.10932 1.04291 1.01075 1.02754 1.00266 0.976254 0.937407 0.905257 0.930449 0.910847 0.895984 0.893556 0.890343 0.882263 0.90609 0.893496 0.9087 0.915902 0.938659 0.951376 0.973943 1 1.03121 1.05819 1.09905 1.14518 1.17586 1.23984 1.27385 1.33994 1.39129 1.45916 1.52813 1.58226 1.67742 1.71329 1.80153 1.88297 1.93692 1.99761 2.08589 2.1646 2.26456 2.36892 2.41422 2.46155 2.5798 2.71878 2.75302 2.87022 2.9244 2.9389 3.06786 3.19427 3.24101 3.39602 3.37602 3.496 3.53173 3.69843 3.88603 3.9306 4.00812 4.14889 4.21532 4.30064 4.23994 4.5026 4.70169 4.73394 4.65898 4.82869 
2.08334 2.0083 1.98705 1.91245 1.86263 1.91853 1.82119 1.75387 1.79368 1.78707 1.672 1.69702 1.61955 1.57049 1.53907 1.51083 1.51785 1.44871 1.39198 1.35333 1.38411 1.28082 1.31263 1.23837 1.22781 1.20323 1.16948 1.15585 1.11682 1.08028 1.0781 1.03708 1.03643 1.00711 0.961561 0.961383 0.942219 0.933664 0.899321 0.91489 0.893328 0.91464 0.884805 0.88518 0.896384 0.916154 0.920769 0.934831 0.951191 0.973958 1 1.03049 1.06623 1.09743 1.13588 1.17924 1.24073 1.26808 1.33948 1.3953 1.41871 1.50289 1.56452 1.65134 1.70643 1.80551 1.86944 1.91537 2.01711 2.08581 2.19975 2.24585 2.29163 2.41077 2.50888 2.54917 2.70334 2.71954 2.76751 2.93336 2.94699 3.18697 3.22536 3.25217 3.34932 3.44751 3.49956 3.60834 3.62854 3.84046 3.87197 4.00155 4.0466 4.17089 4.32588 4.34231 4.42713 4.55533 4.57247 4.73672 4.68074 
2.07945 2.03681 1.95901 1.95912 1.87798 1.87253 1.84765 1.82124 1.77207 1.73907 1.75322 1.64603 1.61396 1.57812 1.51637 1.52671 1.5234 1.43144 1.43071 1.38977 1.30435 1.30872 1.30317 1.27168 1.28056 1.22401 1.17153 1.14924 1.12977 1.11664 1.05369 1.05695 1.00684 1.01761 0.976899 0.947946 0.956172 0.939501 0.906341 0.932221 0.90562 0.903168 0.911136 0.898555 0.899711 0.913994 0.92038 0.933533 0.953047 0.972949 1 1.02758 1.06046 1.09015 1.1343 1.18417 1.22997 1.27613 1.32118 1.36222 1.43847 1.49438 1.61519 1.62834 1.69564 1.80485 1.86042 1.91447 1.99239 2.06477 2.16113 2.2575 2.30407 2.43203 2.4382 2.54679 2.70565 2.73505 2.78512 2.89904 2.94249 3.07389 3.18318 3.2831 3.30061 3.45469 3.44721 3.66129 3.77056 3.87738 3.75944 3.89314 4.02683 4.05316 4.17923 4.37964 4.3481 4.36899 4.56938 4.57123 4.59928 
2.0691 1.99482 2.05489 1.95922 1.88571 1.89443 1.8623 1.84454 1.74405 1.74005 1.71373 1.69019 1.67307 1.64842 1.58811 1.55113 1.5051 1.50384 1.45978 1.41641 1.4101 1.34396 1.3229 1.26184 1.24259 1.22461 1.18043 1.16542 1.13884 1.12488 1.06526 1.09138 0.998608 1.00056 0.966046 0.950097 0.950932 0.95643 0.92467 0.913754 0.919662 0.911962 0.911554 0.911964 0.90561 0.907661 0.926486 0.944526 0.952205 0.974979 1 1.02925 1.06412 1.0997 1.1397 1.17011 1.21691 1.26473 1.31867 1.37133 1.45441 1.50203 1.56638 1.64379 1.65295 1.77727 1.83613 1.89514 1.94792 2.06934 2.10264 2.2694 2.29623 2.38521 2.37443 2.48314 2.55719 2.73294 2.81398 2.87097 2.97751 3.05878 3.00884 3.19239 3.34454 3.29101 3.43374 3.55313 3.60442 3.78215 3.79162 3.81804 4.04469 4.02992 4.18775 4.22671 4.43644 4.4168 4.56562 4.60712 4.57629 
2.06143 2.06956 1.97863 1.94966 1.89713 1.92636 1.86625 1.84697 1.72921 1.76914 1.71936 1.76743 1.64658 1.60803 1.58334 1.5648 1.5129 1.55217 1.4393 1.40437 1.41443 1.36218 1.28655 1.26956 1.27925 1.23872 1.1784 1.17253 1.11748 1.10946 1.09485 1.06218 1.04187 1.0016 0.981335 0.955528 0.991688 0.961619 0.94897 0.956848 0.913477 0.903113 0.929084 0.911458 0.923176 0.927071 0.924597 0.942162 0.952023 0.974002 1 1.02755 1.05887 1.09586 1.13017 1.17859 1.2113 1.2789 1.32893 1.39319 1.40926 1.48643 1.5562 1.6237 1.68816 1.74491 1.85975 1.91021 1.92673 2.04706 2.15411 2.1984 2.24607 2.38963 2.44162 2.53293 2.62815 2.69126 2.79489 2.90288 2.92349 2.95515 3.12651 3.22636 3.24867 3.41287 3.46004 3.46188 3.66426 3.70274 3.81287 3.88798 3.95414 4.15938 4.29678 4.32842 4.32679 4.4049 4.45962 4.57706 4.73949 
2.07848 2.08986 1.99495 2.00407 2.01268 1.91909 1.91775 1.82719 1.78841 1.80676 1.70654 1.68043 1.66493 1.63995 1.60593 1.55201 1.50204 1.51554 1.46725 1.4617 1.38995 1.35186 1.29525 1.30753 1.24013 1.24148 1.20031 1.1681 1.14979 1.14957 1.08713 1.0797 1.07159 1.0251 1.00622 1.01886 0.981709 0.94064 0.926738 0.939467 0.922176 0.910643 0.888149 0.921646 0.899551 0.921525 0.932253 0.938018 0.955803 0.977914 1 1.02765 1.05635 1.09737 1.13254 1.17849 1.20871 1.26195 1.31917 1.36838 1.43904 1.44676 1.57046 1.59999 1.66806 1.75945 1.82321 1.89102 1.97427 2.02577 2.14001 2.18952 2.31417 2.31113 2.45114 2.52048 2.59853 2.6928 2.77882 2.79171 2.89299 3.00348 2.98471 3.2195 3.21395 3.23279 3.48122 3.45315 3.69648 3.8042 3.7336 3.81228 3.97584 3.94243 4.17952 4.23334 4.32605 4.48641 4.45121 4.59321 4.62364 
2.09183 2.06607 2.04836 1.99993 2.00118 1.88333 1.93026 1.9043 1.84875 1.77282 1.76572 1.72939 1.6502 1.64562 1.63835 1.62534 1.49929 1.47145 1.4973 1.40304 1.40114 1.40233 1.30232 1.31988 1.25572 1.27817 1.21962 1.18895 1.15257 1.10924 1.10436 1.07589 1.02188 1.07583 1.02785 0.999553 0.953883 0.963355 0.9635 0.924857 0.908747 0.907369 0.907024 0.91428 0.912295 0.91603 0.931251 0.941878 0.957837 0.976814 1 1.02591 1.05716 1.09015 1.12987 1.16665 1.19866 1.25373 1.30026 1.37932 1.42872 1.49145 1.54585 1.6101 1.66597 1.73751 1.79175 1.839 1.98651 2.0422 2.03462 2.12763 2.26833 2.2804 2.41729 2.51988 2.50105 2.63519 2.84788 2.81775 2.86579 2.9481 3.07732 3.14296 3.25015 3.31 3.35536 3.44026 3.53196 3.72546 3.8898 3.81998 3.88453 3.9862 4.1716 4.12473 4.23644 4.34149 4.37106 4.4347 4.62938 
2.17746 2.12216 2.00384 1.97981 2.01965 1.91206 1.92885 1.90623 1.87311 1.86657 1.76998 1.75467 1.71273 1.65799 1.58873 1.6102 1.57967 1.53623 1.47694 1.43866 1.37576 1.42103 1.39712 1.33114 1.30005 1.26498 1.24205 1.19817 1.1834 1.16553 1.16474 1.09145 1.04031 1.06346 1.04035 0.966623 0.999518 0.953167 0.936089 0.961804 0.930076 0.898894 0.911381 0.910059 0.925572 0.922855 0.933612 0.946048 0.958823 0.9777 1 1.0255 1.05764 1.08788 1.12912 1.1684 1.207 1.26015 1.29674 1.3593 1.44065 1.46629 1.554 1.54881 1.6638 1.72767 1.80114 1.86429 1.9288 2.03298 2.14155 2.16139 2.20874 2.34582 2.39467 2.46839 2.56238 2.66265 2.63342 2.78298 2.91361 2.91832 3.06809 3.18623 3.07137 3.35755 3.35634 3.45259 3.5912 3.68097 3.78763 3.85786 3.89756 4.0548 4.04521 4.06337 4.14856 4.21272 4.44101 4.38589 4.58492 
2.19097 2.08861 2.05007 2.03849 2.04414 1.99355 1.89719 1.90032 1.85683 1.867 1.81292 1.8364 1.74009 1.62877 1.61795 1.64568 1.58804 1.53402 1.52149 1.45148 1.44365 1.40041 1.36017 1.32366 1.29518 1.27313 1.27431 1.18036 1.18266 1.126 1.1231 1.11686 1.07874 1.05513 1.04478 1.01704 0.991769 0.96564 0.940228 0.96229 0.936804 0.931407 0.912186 0.910447 0.927369 0.930576 0.937986 0.943779 0.960671 0.976984 1 1.02571 1.05472 1.08546 1.12385 1.17638 1.20822 1.25837 1.30702 1.36918 1.38594 1.48414 1.52973 1.56084 1.67091 1.70614 1.80166 1.86022 1.90399 1.93285 2.08449 2.16531 2.23391 2.26612 2.37748 2.46242 2.54061 2.64047 2.6432 2.75724 2.82688 2.8418 3.07206 3.04877 3.15226 3.12225 3.36112 3.35311 3.55916 3.64072 3.57388 3.77513 3.82471 3.97163 3.98135 4.0059 4.31366 4.06322 4.26348 4.548 4.60011 
2.18741 2.17383 2.11752 2.10218 1.96998 1.91178 1.90569 1.89039 1.90373 1.84077 1.75613 1.7721 1.72479 1.67279 1.6391 1.60896 1.62745 1.57628 1.5321 1.51784 1.4492 1.39675 1.41991 1.36804 1.28196 1.30016 1.27245 1.22347 1.22425 1.1608 1.11287 1.09367 1.114 1.01672 1.03127 0.991048 0.999557 1.0102 0.960156 0.953814 0.955856 0.932291 0.933444 0.924712 0.925025 0.93582 0.939084 0.941162 0.960839 0.977761 1 1.02527 1.05714 1.08119 1.12078 1.15545 1.18599 1.24847 1.28232 1.34518 1.40803 1.4509 1.50491 1.55568 1.62984 1.68522 1.77506 1.84442 1.92591 1.97884 2.05478 2.16786 2.16487 2.28222 2.33141 2.42992 2.49599 2.59491 2.69499 2.76297 2.82858 2.8954 2.88024 3.10778 3.00234 3.2799 3.2522 3.44221 3.54823 3.56474 3.69509 3.64644 3.7031 3.9329 3.99585 3.93104 4.20127 4.2593 4.32843 4.36614 4.42941 
2.18651 2.19999 2.04086 2.09707 2.08749 2.00322 2.00964 1.91367 1.915 1.7924 1.77306 1.80602 1.70874 1.72057 1.7034 1.60346 1.6425 1.58568 1.57196 1.49606 1.46705 1.37396 1.39759 1.34917 1.30137 1.3038 1.24051 1.25816 1.23987 1.17905 1.14813 1.11036 1.07653 1.03986 1.03603 1.04498 1.00058 0.985713 0.976762 0.957351 0.948341 0.947739 0.931854 0.939991 0.915455 0.926555 0.930987 0.947905 0.962483 0.98057 1 1.02293 1.04993 1.07843 1.11505 1.15741 1.20468 1.24586 1.28182 1.33639 1.38496 1.46552 1.50431 1.56323 1.61823 1.73327 1.81558 1.8132 1.89801 1.92997 2.07174 2.12639 2.19796 2.25131 2.34461 2.41238 2.4848 2.5526 2.65023 2.66086 2.80728 2.84065 2.94627 3.04012 3.12459 3.20502 3.32339 3.37427 3.51964 3.44724 3.50151 3.61267 3.77454 3.8297 4.05847 3.95143 4.04947 4.18677 4.13555 4.44465 4.3393 
2.26858 2.20599 2.14872 2.09944 2.11266 1.98911 1.97493 1.90841 1.90357 1.94402 1.84851 1.82056 1.77304 1.7717 1.65678 1.70524 1.63073 1.62052 1.58345 1.49866 1.49188 1.48466 1.43005 1.39058 1.3645 1.3204 1.2645 1.26461 1.21178 1.20134 1.16418 1.15447 1.09616 1.09522 1.07243 1.03478 1.00873 1.00864 0.974239 0.962706 0.958038 0.950349 0.93366 0.935405 0.933712 0.94169 0.938811 0.953557 0.964188 0.980573 1 1.02344 1.04861 1.07439 1.10406 1.14678 1.19556 1.23696 1.27115 1.32 1.38107 1.42632 1.49168 1.54379 1.60855 1.64879 1.73503 1.82277 1.86988 1.92726 2.00458 2.07856 2.14613 2.20896 2.34137 2.43972 2.49794 2.60294 2.57617 2.74875 2.72904 2.82477 2.88128 2.96872 3.10336 3.22682 3.24437 3.26777 3.42314 3.28349 3.61042 3.63882 3.7263 3.87519 3.74207 3.85969 3.97512 4.12765 4.21948 4.12965 4.28356 
2.20432 2.24696 2.18945 2.17538 2.10983 2.07826 2.00383 1.96364 2.05828 1.8717 1.78716 1.78567 1.78921 1.71486 1.73355 1.65351 1.68313 1.59852 1.57736 1.53353 1.51343 1.46169 1.44093 1.36152 1.35022 1.2818 1.28029 1.27086 1.22159 1.20658 1.17515 1.16795 1.14669 1.10528 1.08281 1.04587 1.0259 1.00001 0.987923 0.972055 0.965108 0.945468 0.941188 0.94466 0.930315 0.949313 0.947674 0.956793 0.960385 0.981654 1 1.02113 1.04768 1.07386 1.11129 1.13986 1.18013 1.22654 1.27172 1.31049 1.37628 1.43318 1.48327 1.54554 1.61076 1.67676 1.75565 1.76956 1.85754 1.95368 1.96822 2.05532 2.15311 2.22695 2.27746 2.38718 2.485 2.53569 2.53799 2.65451 2.76115 2.82262 2.9219 2.94674 2.9942 3.07796 3.2161 3.36195 3.33891 3.37993 3.49782 3.60954 3.60594 3.78858 3.7716 3.95528 3.81481 4.07704 4.17528 4.19699 4.23575 
2.23243 2.20325 2.18712 2.07975 2.06464 2.01245 2.10367 1.99154 1.93001 1.90865 1.95981 1.86601 1.83662 1.75086 1.7254 1.69164 1.65961 1.60855 1.58924 1.49417 1.48074 1.52011 1.41233 1.43202 1.39623 1.32963 1.33843 1.27134 1.2679 1.22239 1.21749 1.16165 1.11994 1.11549 1.07939 1.0554 1.04337 1.00704 0.993499 0.988487 0.971661 0.961025 0.937345 0.940604 0.958637 0.943972 0.944638 0.955938 0.969836 0.982733 1 1.02007 1.04545 1.07834 1.11315 1.14237 1.17287 1.21995 1.27826 1.32384 1.36832 1.44139 1.4835 1.5235 1.56957 1.66541 1.70418 1.78053 1.86017 1.89575 1.94432 2.03666 2.13396 2.2052 2.35887 2.32008 2.39864 2.45536 2.55035 2.62625 2.63213 2.69568 2.85855 2.89319 3.04144 3.08147 3.17459 3.20637 3.2974 3.44191 3.52508 3.6094 3.50904 3.67126 3.70823 3.87006 3.87496 3.962 4.03132 4.28806 4.34325 
2.30636 2.29275 2.23499 2.23296 2.11733 2.05746 2.04953 2.01084 1.98374 1.93818 1.93165 1.88233 1.84027 1.81185 1.78757 1.73683 1.65334 1.61631 1.59651 1.53967 1.51564 1.45699 1.46269 1.42525 1.3884 1.3578 1.33546 1.30927 1.22407 1.22111 1.2184 1.17913 1.1395 1.11423 1.07431 1.05289 1.04979 1.01693 1.01398 0.996522 0.982764 0.969011 0.953312 0.949773 0.942842 0.946848 0.951431 0.958472 0.971016 0.982338 1 1.02129 1.04452 1.0697 1.10141 1.14205 1.169 1.21554 1.26818 1.30231 1.3633 1.42337 1.44026 1.49633 1.56655 1.64277 1.71005 1.73024 1.8364 1.91058 1.96107 1.98214 2.13153 2.17616 2.30509 2.34492 2.35405 2.43127 2.51939 2.66976 2.69069 2.74254 2.84334 2.80814 3.01865 3.02789 3.14128 3.19288 3.25624 3.43627 3.43094 3.51558 3.5768 3.63329 3.70439 3.80521 3.82614 3.93305 3.99896 4.11951 4.21306 
2.25976 2.26132 2.23586 2.21197 2.17636 2.09564 2.06762 1.99824 2.00506 1.98176 1.91158 1.87095 1.8092 1.80833 1.77959 1.69391 1.71388 1.65905 1.58734 1.57277 1.56 1.50209 1.50914 1.38899 1.37874 1.34567 1.3369 1.28176 1.24995 1.21485 1.20258 1.17173 1.14228 1.11395 1.09232 1.07187 1.08673 1.04108 1.00187 0.990701 0.960909 0.983928 0.967884 0.938525 0.953032 0.948833 0.957371 0.960798 0.96816 0.983362 1 1.01971 1.04192 1.07219 1.09523 1.13474 1.15248 1.20759 1.27486 1.27985 1.34527 1.39421 1.43995 1.48944 1.5615 1.59425 1.64966 1.68879 1.78688 1.84914 1.94388 2.07365 2.04482 2.1504 2.18335 2.33223 2.34522 2.45699 2.48149 2.54072 2.65702 2.72187 2.76012 2.88853 2.97986 2.97046 3.21469 3.08649 3.21624 3.38463 3.38753 3.41146 3.47699 3.6793 3.69682 3.79413 3.80247 3.98571 3.83546 4.09863 4.13724 
2.33869 2.35047 2.27696 2.18884 2.11706 2.12085 2.10688 1.99558 1.99857 1.98365 1.9426 1.85282 1.82264 1.86496 1.76219 1.75848 1.7487 1.67138 1.65319 1.57436 1.55913 1.54295 1.50205 1.46623 1.45018 1.37527 1.304 1.32872 1.30021 1.21878 1.21273 1.23291 1.12167 1.15924 1.10292 1.07028 1.06435 1.03208 1.03468 0.983471 0.991649 0.986852 0.96864 0.965662 0.962225 0.952402 0.963137 0.964296 0.971758 0.983266 1 1.02021 1.04123 1.06716 1.09158 1.13464 1.16061 1.20907 1.24375 1.27976 1.33159 1.36794 1.43329 1.48049 1.51802 1.63459 1.65493 1.72813 1.80806 1.79178 1.91876 2.00145 2.06813 2.17622 2.17021 2.29221 2.31713 2.34166 2.49758 2.5149 2.58005 2.67231 2.7062 2.76798 2.85035 2.95607 3.04706 3.08196 3.26617 3.34859 3.34737 3.45766 3.51742 3.53687 3.73373 3.72237 3.73976 3.82603 4.05285 4.02046 4.12621 
2.36769 2.37581 2.29026 2.21971 2.26792 2.18497 2.143 2.08905 2.03722 2.02361 1.98095 1.92084 1.83554 1.85932 1.85762 1.74985 1.69694 1.71709 1.6982 1.58 1.5792 1.53002 1.49788 1.47639 1.41386 1.3954 1.31286 1.32562 1.29124 1.29543 1.23601 1.20808 1.19349 1.13238 1.12594 1.09245 1.07832 1.03997 1.00383 1.01442 0.990678 0.985682 0.972255 0.951982 0.956337 0.953361 0.963303 0.971523 0.970656 0.985316 1 1.01704 1.04157 1.06608 1.0912 1.12435 1.15421 1.18951 1.24558 1.29384 1.32387 1.36515 1.42207 1.49942 1.54304 1.5831 1.65109 1.67781 1.739 1.80972 1.89521 1.96245 2.04872 2.11621 2.14834 2.19344 2.26521 2.33287 2.45234 2.46024 2.55225 2.67821 2.74308 2.77197 2.81549 2.96945 2.95115 3.041 3.12185 3.24049 3.27695 3.30953 3.39665 3.48814 3.55661 3.74032 3.82364 3.85838 3.98573 3.8906 4.06633 
2.33853 2.36802 2.28757 2.27334 2.2421 2.24741 2.11229 2.09236 2.0174 1.99481 1.97423 1.93233 1.88644 1.84369 1.85044 1.74804 1.75838 1.75924 1.66242 1.66267 1.53787 1.58672 1.5328 1.4942 1.44928 1.40601 1.42235 1.34738 1.33301 1.26908 1.22373 1.23314 1.18079 1.14687 1.12922 1.09923 1.07406 1.03938 1.03009 1.00687 0.990685 0.982138 0.984505 0.971785 0.962939 0.960748 0.971488 0.968566 0.972428 0.984474 1 1.01888 1.04558 1.06451 1.0912 1.12718 1.15916 1.20012 1.23178 1.28017 1.30083 1.38775 1.44762 1.46374 1.53232 1.57811 1.59534 1.65357 1.77149 1.81233 1.88655 1.97933 1.99637 2.03385 2.13029 2.18161 2.28973 2.37615 2.36152 2.48375 2.56081 2.60367 2.70411 2.71037 2.81237 2.91172 2.90039 2.98424 3.15402 3.18152 3.28816 3.43698 3.35132 3.4379 3.45484 3.60899 3.68146 3.72609 3.86312 3.91268 3.9871 
2.49025 2.35505 2.37552 2.32308 2.26123 2.15093 2.15917 2.13103 2.09307 2.05561 1.97628 1.97434 1.95025 1.93552 1.82844 1.75072 1.76382 1.74158 1.71133 1.66072 1.55453 1.56456 1.54778 1.49431 1.44865 1.47465 1.38297 1.31456 1.31485 1.31256 1.24824 1.25626 1.18462 1.18912 1.13785 1.11183 1.10309 1.05702 1.04147 1.03295 0.99155 0.98367 1.00356 0.972803 0.961102 0.967089 0.977665 0.972177 0.980284 0.989075 1 1.01559 1.03361 1.05896 1.08151 1.12259 1.14059 1.18549 1.23228 1.26977 1.30575 1.37016 1.3839 1.45866 1.51318 1.57489 1.62921 1.70308 1.72019 1.74945 1.85155 1.96716 1.98435 1.99208 2.16029 2.15613 2.23866 2.30949 2.34918 2.48543 2.52158 2.58724 2.60433 2.68989 2.78102 2.87135 2.91029 2.85177 3.07396 3.07733 3.20195 3.22689 3.413 3.47533 3.52586 3.54791 3.70667 3.72296 3.74892 3.78568 3.86331 
2.44566 2.37599 2.31745 2.33887 2.26519 2.28515 2.19921 2.14815 2.15528 2.13619 1.98973 2.00702 1.92598 1.85312 1.81311 1.83624 1.7912 1.78152 1.71524 1.66263 1.60491 1.5869 1.55892 1.5461 1.48353 1.42669 1.39649 1.35208 1.31288 1.33119 1.25396 1.23221 1.20549 1.19031 1.14237 1.12793 1.10125 1.06536 1.06202 1.0296 1.01836 1.00317 0.998136 0.993298 0.971352 0.968756 0.969273 0.970065 0.975433 0.986378 1 1.01849 1.03696 1.05697 1.08487 1.11973 1.15007 1.16807 1.19796 1.25352 1.29295 1.36096 1.37687 1.44608 1.46992 1.55895 1.6289 1.66316 1.71211 1.72349 1.88389 1.90283 1.94743 1.97491 2.09687 2.23456 2.2357 2.27844 2.30644 2.37497 2.54487 2.48616 2.6116 2.75002 2.70133 2.85485 2.88313 2.93152 3.11117 3.05136 3.15754 3.25479 3.26668 3.35087 3.47235 3.53948 3.59861 3.77076 3.70076 3.74953 3.70845 
2.41399 2.40194 2.3536 2.33772 2.2699 2.23338 2.20986 2.18262 2.07816 2.11094 2.06702 2.02699 1.88236 1.8949 1.88757 1.88612 1.82732 1.76277 1.74758 1.67761 1.62054 1.59575 1.52234 1.54321 1.47658 1.43927 1.41543 1.37336 1.35648 1.31315 1.26841 1.23354 1.19817 1.15498 1.14928 1.10659 1.09836 1.06691 1.07172 1.04442 1.00664 1.01152 1.0043 0.988306 0.983295 0.976504 0.972963 0.978697 0.980937 0.989541 1 1.01522 1.03488 1.05723 1.07959 1.10777 1.15641 1.16345 1.22524 1.26906 1.28111 1.35465 1.38303 1.4133 1.49903 1.48265 1.60294 1.6464 1.66315 1.79675 1.82721 1.87962 1.87243 2.01429 2.07634 2.14303 2.17495 2.25646 2.34541 2.44577 2.37105 2.54482 2.5711 2.70627 2.69268 2.79991 2.94876 2.94523 2.96714 3.07114 3.12293 3.33358 3.24931 3.20882 3.44059 3.37009 3.47637 3.71533 3.59036 3.60388 3.72182 
2.44789 2.4686 2.40141 2.37512 2.27713 2.25794 2.2359 2.1354 2.20128 2.09339 2.09696 2.00608 1.97531 1.97211 1.91693 1.86778 1.84004 1.75862 1.70836 1.72689 1.62196 1.63553 1.57573 1.49761 1.50441 1.47186 1.38879 1.39435 1.36569 1.30867 1.27302 1.2536 1.2403 1.19247 1.17248 1.11137 1.10219 1.09513 1.09062 1.03191 1.02911 1.01509 0.99023 0.990372 0.972483 0.981941 0.966251 0.975141 0.980085 0.98652 1 1.01402 1.03263 1.06107 1.0689 1.09868 1.13739 1.17077 1.21565 1.23335 1.28583 1.33423 1.39597 1.40656 1.47924 1.55852 1.57542 1.64866 1.68831 1.77764 1.81916 1.86053 1.92563 1.98619 2.00999 2.08887 2.16113 2.20692 2.38036 2.34989 2.45666 2.47738 2.56778 2.61309 2.70416 2.82167 2.86061 2.90084 3.01238 3.07121 3.0839 3.11705 3.21214 3.33281 3.3698 3.54066 3.48922 3.52429 3.55262 3.79275 3.73371 
2.47139 2.44088 2.40319 2.36543 2.38021 2.32721 2.26779 2.19648 2.1795 2.12146 2.08531 2.10097 1.93327 1.95177 1.88705 1.83946 1.82491 1.74566 1.7636 1.69343 1.6811 1.62667 1.57016 1.52522 1.53098 1.51423 1.44344 1.39903 1.34499 1.34427 1.31037 1.23815 1.23083 1.23468 1.16532 1.13615 1.1098 1.09413 1.08119 1.0443 1.03221 1.02257 1.0025 0.997989 0.979827 0.984863 0.973818 0.98148 0.980548 0.988921 1 1.01408 1.03278 1.05119 1.07211 1.09667 1.12005 1.15885 1.19011 1.22618 1.26257 1.31431 1.37474 1.43186 1.48686 1.48304 1.53877 1.63031 1.69943 1.74873 1.80351 1.79796 1.88567 1.94286 2.00306 2.09613 2.11744 2.14221 2.22457 2.29739 2.43578 2.53501 2.51813 2.60997 2.65804 2.68305 2.87594 2.82258 2.87844 2.98571 3.05177 3.16967 3.19145 3.24863 3.32413 3.38076 3.40799 3.70512 3.66509 3.45087 3.67399 
2.52825 2.39094 2.43775 2.43693 2.34272 2.28358 2.17472 2.26856 2.18986 2.08785 2.07389 2.01992 1.97131 2.00953 1.90531 1.8464 1.84978 1.84342 1.74644 1.70837 1.6686 1.62937 1.5935 1.56155 1.51585 1.48822 1.43077 1.42439 1.35394 1.32614 1.28154 1.2888 1.22587 1.19064 1.17312 1.14467 1.11514 1.10396 1.08909 1.07765 1.03844 1.02156 0.998664 0.995178 0.990542 0.991101 0.979174 0.980882 0.983996 0.989087 1 1.01284 1.02841 1.04797 1.08039 1.09757 1.12084 1.16529 1.20283 1.23361 1.26008 1.31888 1.34824 1.41713 1.44267 1.50516 1.57464 1.58871 1.67995 1.71059 1.75073 1.8603 1.89155 1.90175 1.96803 2.02633 2.13835 2.18201 2.27438 2.267 2.31402 2.46337 2.60239 2.54224 2.61528 2.68133 2.83761 2.86182 2.82934 2.91427 3.10664 3.07689 3.20608 3.18762 3.34108 3.31205 3.37979 3.48291 3.5859 3.58098 3.72577 
2.56784 2.49364 2.41137 2.39999 2.33164 2.34229 2.27381 2.20051 2.19683 2.1315 2.08654 2.04564 2.04578 1.95728 1.91033 1.90921 1.86053 1.83224 1.74695 1.69188 1.69809 1.62837 1.61413 1.51965 1.48327 1.51098 1.45342 1.40904 1.38972 1.3481 1.31407 1.28829 1.26441 1.2144 1.19048 1.14201 1.10755 1.09419 1.06199 1.05624 1.03441 1.01355 1.01254 0.993268 0.986306 0.978171 0.984199 0.979557 0.983473 0.989576 1 1.01388 1.02669 1.05244 1.07121 1.10145 1.12317 1.1532 1.18157 1.23876 1.25699 1.32729 1.33476 1.39744 1.41787 1.48615 1.53627 1.6121 1.67649 1.70366 1.75506 1.82647 1.86619 1.9047 1.9611 2.04778 2.15485 2.20126 2.26759 2.29581 2.33747 2.41011 2.47528 2.55766 2.66014 2.5704 2.75162 2.73349 2.90079 2.91085 3.08025 3.07724 3.19785 3.16 3.28091 3.03871 3.3694 3.37885 3.5637 3.57839 3.67929 
2.50616 2.47249 2.44282 2.42901 2.40538 2.37776 2.24593 2.27338 2.2488 2.15911 2.02281 2.04324 2.03141 1.97331 1.90642 1.94508 1.85556 1.80594 1.79084 1.72597 1.68164 1.61086 1.64921 1.57851 1.55453 1.4557 1.43333 1.39357 1.38486 1.31982 1.32253 1.28245 1.23869 1.20511 1.17288 1.15124 1.1475 1.11842 1.07678 1.07817 1.04469 1.0367 1.00648 1.00024 1.00055 0.98378 0.985743 0.979382 0.989587 0.990663 1 1.01209 1.02759 1.04455 1.06671 1.09133 1.12616 1.14646 1.18153 1.23444 1.27757 1.29097 1.36121 1.39172 1.43321 1.49023 1.54037 1.58789 1.62857 1.70983 1.76016 1.75083 1.84026 1.90201 1.9865 2.03164 2.13891 2.202 2.19747 2.2793 2.35104 2.38534 2.48616 2.44746 2.64673 2.71196 2.76026 2.74913 2.78485 2.92735 2.97338 3.02801 3.09691 3.23364 3.26682 3.21036 3.32893 3.52988 3.48963 3.43723 3.54598 
2.56425 2.49042 2.46649 2.45768 2.34679 2.35496 2.29511 2.20775 2.20103 2.15375 2.16443 2.07611 2.02058 1.98129 1.94959 1.92488 1.88461 1.86457 1.84325 1.74923 1.73788 1.71875 1.62601 1.59449 1.50004 1.49402 1.46901 1.4012 1.42668 1.37803 1.31272 1.31307 1.26736 1.26119 1.20745 1.17539 1.12831 1.11277 1.09314 1.06564 1.04142 1.03544 1.02104 1.00624 0.987745 0.987974 0.983222 0.978662 0.986159 0.993926 1 1.01129 1.02634 1.04413 1.07079 1.09686 1.11343 1.13629 1.18685 1.21831 1.25633 1.28288 1.36288 1.39133 1.42073 1.49379 1.50226 1.57687 1.61786 1.67485 1.69433 1.82472 1.85359 1.89472 2.02187 2.01167 2.06621 2.21379 2.143 2.2544 2.31956 2.37879 2.45521 2.56252 2.58247 2.68239 2.6981 2.77499 2.75673 2.91335 2.93023 3.00898 2.95394 3.12363 3.2085 3.2677 3.20153 3.41242 3.45556 3.51447 3.57727 
2.5427 2.55872 2.44676 2.47817 2.4332 2.32772 2.33381 2.28827 2.293 2.16966 2.15815 2.08785 2.06159 1.99332 2.01962 1.95376 1.89882 1.79995 1.78239 1.71762 1.73121 1.63408 1.62597 1.58043 1.57382 1.51175 1.45997 1.42782 1.3854 1.35817 1.33393 1.32306 1.24442 1.24734 1.19714 1.17348 1.13678 1.13317 1.09733 1.06248 1.04838 1.04587 1.01865 1.01102 0.993887 0.992749 0.988024 0.984789 0.984802 0.990941 1 1.01019 1.02498 1.04608 1.06447 1.08035 1.10964 1.13977 1.17806 1.22572 1.26509 1.29861 1.33554 1.36254 1.43189 1.45762 1.51563 1.5859 1.61303 1.67439 1.69716 1.82409 1.86602 1.92612 1.95906 1.93856 2.04927 2.13311 2.1796 2.26449 2.30487 2.37567 2.48822 2.43621 2.51472 2.56954 2.71564 2.67567 2.76715 2.90557 3.0371 2.90216 3.10339 3.07588 3.20472 3.29549 3.38629 3.33413 3.30797 3.51469 3.49291 
2.56537 2.54073 2.51628 2.38321 2.36846 2.38713 2.32936 2.25913 2.20058 2.20807 2.1477 2.07876 2.03456 2.04513 1.95879 1.94488 1.86331 1.8231 1.80483 1.78154 1.72643 1.70725 1.6429 1.60348 1.56162 1.52721 1.51337 1.46044 1.39927 1.35177 1.34102 1.30974 1.29444 1.24642 1.18098 1.16534 1.14879 1.12998 1.09892 1.08058 1.0621 1.05529 1.03239 1.01094 0.997052 0.987949 0.992676 0.992923 0.983944 0.992758 1 1.0093 1.02544 1.03932 1.06392 1.08692 1.12038 1.145 1.16736 1.22397 1.23515 1.30511 1.31325 1.37064 1.4201 1.47541 1.50923 1.55998 1.64255 1.68683 1.74619 1.74716 1.81583 1.91454 1.94427 1.93731 2.02794 2.12195 2.16661 2.19631 2.33636 2.30412 2.38632 2.48271 2.54585 2.57643 2.60518 2.64125 2.72898 2.80244 2.94495 2.94688 2.95018 3.04436 3.086 3.2768 3.26419 3.32135 3.44085 3.48034 3.46347 
2.54084 2.49761 2.51658 2.50797 2.41951 2.33319 2.31781 2.30799 2.32899 2.16297 2.17033 2.18162 2.06114 2.0335 2.00751 1.95498 1.90642 1.87678 1.80099 1.80062 1.72233 1.71996 1.64085 1.62025 1.59995 1.52738 1.46861 1.46759 1.407 1.38344 1.38903 1.31052 1.26994 1.22906 1.2096 1.21458 1.17065 1.11446 1.11156 1.08465 1.04964 1.05559 1.02556 1.01384 0.993561 0.996301 0.99435 0.991219 0.988428 0.991399 1 1.01025 1.02613 1.0458 1.05723 1.07849 1.09816 1.13784 1.16406 1.20846 1.22281 1.27268 1.34658 1.35869 1.40491 1.45394 1.48364 1.58014 1.61522 1.64092 1.70479 1.72669 1.79535 1.83253 1.90259 1.99399 2.04067 2.07205 2.16029 2.2242 2.30332 2.32901 2.3841 2.44335 2.49939 2.57711 2.6475 2.64898 2.69839 2.83123 2.85344 2.84683 3.06771 3.05418 3.24557 3.12156 3.27158 3.34768 3.40349 3.54123 3.41792 
2.63827 2.577 2.55285 2.47038 2.407 2.37997 2.3692 2.29739 2.22837 2.22345 2.18156 2.2017 2.06282 2.02654 1.97033 1.945 1.89286 1.88558 1.84304 1.78857 1.73252 1.67435 1.64516 1.63774 1.61377 1.52812 1.50057 1.48442 1.43261 1.43675 1.33074 1.31437 1.28743 1.23147 1.23618 1.18621 1.17947 1.15094 1.12135 1.08405 1.07616 1.04434 1.02922 1.01945 0.999613 1.00583 0.989182 0.995361 0.990251 0.993729 1 1.00974 1.01937 1.04159 1.05766 1.07188 1.10863 1.1229 1.16819 1.2011 1.24359 1.25143 1.31829 1.35364 1.37285 1.44123 1.50966 1.55128 1.59187 1.63474 1.71165 1.72867 1.78487 1.86524 1.86944 1.94639 1.971 2.06076 2.14074 2.27588 2.28766 2.35823 2.32401 2.46144 2.44761 2.50953 2.59834 2.6046 2.80408 2.7375 2.85271 2.89194 3.05229 2.97366 3.09042 3.15387 3.25675 3.2116 3.36184 3.35355 3.37366 
2.55661 2.53111 2.52407 2.52088 2.46056 2.39308 2.33185 2.28656 2.31706 2.18771 2.18825 2.14844 2.08957 2.05376 1.98563 1.95309 1.9486 1.84831 1.79348 1.79207 1.79987 1.70251 1.64999 1.62159 1.56696 1.53258 1.50509 1.44758 1.45838 1.39721 1.37786 1.30328 1.28549 1.27432 1.21382 1.19991 1.15425 1.14651 1.1055 1.08669 1.06409 1.03511 1.0352 1.02417 1.01614 1.00528 0.992844 0.990095 0.992098 0.994701 1 1.01061 1.02399 1.03874 1.06286 1.07305 1.09063 1.13436 1.1446 1.19459 1.22563 1.26333 1.31242 1.3735 1.38628 1.44219 1.49327 1.49552 1.57623 1.61712 1.73589 1.66489 1.76143 1.8383 1.89363 1.92303 2.09008 1.95652 2.07942 2.22775 2.24302 2.30223 2.37572 2.43974 2.49842 2.50893 2.58241 2.66965 2.79198 2.84218 2.83225 2.87758 3.01227 2.93602 3.08988 3.06979 3.17257 3.3245 3.3676 3.43712 3.50919 
2.68441 2.55288 2.51159 2.47231 2.38158 2.45403 2.3381 2.32897 2.28285 2.21642 2.1706 2.15645 2.11534 2.04748 1.98461 1.98745 1.93155 1.85801 1.88679 1.77202 1.71726 1.72206 1.68566 1.58767 1.61848 1.56657 1.5305 1.45075 1.43726 1.39753 1.34454 1.33265 1.29284 1.25447 1.22277 1.21491 1.16985 1.14639 1.11476 1.08832 1.06787 1.04036 1.03474 1.01282 1.00027 0.999324 0.998388 0.987162 0.988901 0.994071 1 1.00937 1.02577 1.03845 1.05131 1.07657 1.10166 1.13441 1.16725 1.2008 1.23727 1.26228 1.27323 1.36008 1.3775 1.41991 1.4835 1.49071 1.58725 1.63332 1.6915 1.74997 1.78275 1.84676 1.87072 1.97845 2.02678 2.05226 2.10076 2.21086 2.20057 2.27823 2.3474 2.43423 2.42004 2.5656 2.6098 2.58823 2.66791 2.80779 2.8562 2.96699 2.8596 2.98971 3.13121 3.16217 3.22991 3.14473 3.33087 3.3496 3.3735 
2.6708 2.686 2.54515 2.54599 2.45097 2.38761 2.36699 2.34458 2.23969 2.27929 2.21229 2.17756 2.0913 2.09579 2.0015 1.9917 1.9684 1.86773 1.86156 1.81687 1.80207 1.72325 1.69292 1.63891 1.6239 1.50687 1.52285 1.45621 1.41595 1.39609 1.35712 1.31434 1.29324 1.28086 1.22078 1.18663 1.19711 1.15243 1.0987 1.11426 1.06223 1.04441 1.03094 1.01717 1.025 1.00553 0.997207 0.987592 0.993337 0.991459 1 1.00939 1.02282 1.03765 1.0546 1.07382 1.10457 1.12053 1.15289 1.2014 1.21843 1.23319 1.29071 1.32336 1.35191 1.40445 1.44217 1.53654 1.56423 1.61676 1.66346 1.67623 1.80322 1.81563 1.90617 1.93509 2.01153 2.02464 2.06568 2.11211 2.26016 2.2986 2.25124 2.36526 2.59314 2.48674 2.45128 2.72039 2.60678 2.793 2.79101 2.81586 2.98807 2.91419 3.12072 3.01136 3.22271 3.33258 3.28108 3.22353 3.35879 
2.646 2.62724 2.54061 2.54356 2.46366 2.44564 2.39618 2.32653 2.27049 2.26515 2.21713 2.17733 2.10694 2.04135 2.00842 2.03306 1.93738 1.91628 1.87657 1.79336 1.74077 1.73736 1.65281 1.59478 1.59899 1.57739 1.51141 1.49387 1.4328 1.40151 1.37601 1.34563 1.27332 1.25419 1.2287 1.17743 1.16112 1.14996 1.11531 1.09063 1.08232 1.05563 1.04326 1.02956 1.00644 1.01292 1.00255 0.98996 0.993194 0.99473 1 1.00969 1.01794 1.02827 1.05889 1.08015 1.09618 1.12229 1.13272 1.18218 1.20852 1.25368 1.25616 1.33939 1.37945 1.41514 1.47863 1.54458 1.60335 1.6134 1.64975 1.70809 1.75317 1.86423 1.9031 1.9608 1.96452 2.01376 2.06537 2.07324 2.22714 2.2104 2.33611 2.38339 2.45224 2.46731 2.51703 2.56684 2.67893 2.68102 2.74473 2.8149 2.93141 2.97508 3.13428 3.06212 3.21322 3.13381 3.32983 3.31208 3.32275 
2.65179 2.61059 2.6011 2.49914 2.49815 2.44725 2.34244 2.37225 2.31451 2.25618 2.16865 2.15856 2.09729 2.05733 2.05812 2.01516 1.9466 1.87384 1.77941 1.81381 1.77436 1.73692 1.68126 1.62047 1.56619 1.54996 1.52938 1.49072 1.44158 1.41703 1.38327 1.32371 1.28761 1.25237 1.2337 1.21047 1.18107 1.17069 1.12249 1.09542 1.09414 1.0664 1.02566 1.02005 1.01946 1.00565 1.00804 0.993843 0.991165 0.993344 1 1.00796 1.01965 1.03558 1.04622 1.07377 1.09591 1.11934 1.14054 1.19715 1.20629 1.24223 1.28519 1.32438 1.38031 1.40775 1.47734 1.51932 1.59618 1.61025 1.69468 1.67635 1.77404 1.78764 1.88872 1.89794 1.96297 2.02714 2.09678 2.17304 2.17312 2.3256 2.34313 2.39313 2.42182 2.4453 2.50944 2.72028 2.66247 2.76844 2.715 2.73294 2.8432 2.9767 3.04071 3.09359 3.05117 3.20087 3.27198 3.38089 3.33011 
2.61457 2.64665 2.59808 2.52387 2.42274 2.46221 2.40498 2.35534 2.30961 2.26534 2.22398 2.14709 2.08704 2.07452 2.05429 2.0026 1.95617 1.8909 1.87686 1.86394 1.74207 1.67958 1.69679 1.6772 1.60984 1.57294 1.54745 1.49117 1.43585 1.41758 1.36742 1.34482 1.33269 1.28405 1.22646 1.22625 1.19139 1.15119 1.12059 1.09897 1.08995 1.06264 1.04869 1.02177 1.01077 1.0104 0.997133 0.993028 0.99318 0.99414 1 1.00809 1.02119 1.03259 1.05182 1.07765 1.0968 1.11535 1.13907 1.16711 1.2171 1.24354 1.2935 1.33794 1.33719 1.40449 1.45261 1.49623 1.54015 1.62043 1.65946 1.73657 1.70485 1.83191 1.88782 1.8885 1.97283 2.00448 2.05386 2.14651 2.22587 2.27211 2.29761 2.41469 2.41422 2.49782 2.53865 2.58653 2.635 2.75941 2.79154 2.85205 2.89596 2.89223 2.95512 3.09563 3.06647 3.20181 3.13664 3.28827 3.40008 
2.67074 2.60217 2.57078 2.54911 2.44697 2.49681 2.40711 2.31238 2.29003 2.2851 2.22598 2.18983 2.13544 2.11477 1.99475 1.98073 1.95144 1.90815 1.88673 1.85649 1.81384 1.7314 1.73072 1.6159 1.61695 1.54365 1.5692 1.49537 1.489 1.40532 1.37212 1.37439 1.33269 1.26684 1.23165 1.21405 1.17447 1.17514 1.1335 1.10444 1.07601 1.06883 1.04183 1.03149 1.01244 1.002 0.992422 0.99555 0.988436 0.995027 1 1.00715 1.01818 1.0397 1.0513 1.07098 1.09695 1.12982 1.1584 1.17391 1.21846 1.21664 1.29023 1.31641 1.39194 1.42816 1.47183 1.53388 1.55844 1.55538 1.64359 1.70448 1.78619 1.78059 1.80876 1.91063 1.94677 1.98182 2.12992 2.18041 2.19639 2.18118 2.3075 2.29994 2.36849 2.50481 2.42989 2.53042 2.61902 2.70223 2.75161 2.73485 2.83065 2.94719 2.94784 3.11336 3.13197 3.20607 3.32155 3.25893 3.30612 
2.65282 2.63208 2.61343 2.52468 2.5283 2.44629 2.37511 2.36255 2.26937 2.26724 2.28531 2.16377 2.12269 2.1304 2.07257 2.02058 1.96358 1.92598 1.85978 1.80348 1.76606 1.77901 1.67464 1.64733 1.6461 1.58043 1.52981 1.46274 1.47647 1.40754 1.38037 1.35122 1.30659 1.28696 1.2386 1.21649 1.1842 1.14082 1.13446 1.10666 1.08573 1.07682 1.03733 1.02266 1.01531 1.00143 1.00003 0.996154 0.992314 0.995283 1 1.00702 1.02275 1.03603 1.05245 1.06397 1.09797 1.11524 1.14275 1.18242 1.20372 1.23377 1.28153 1.32555 1.36592 1.41029 1.49688 1.52386 1.5682 1.57206 1.61018 1.67988 1.70915 1.75955 1.84349 1.92645 2.00059 2.03375 2.08117 2.09558 2.12264 2.21389 2.23056 2.21899 2.42867 2.48008 2.51502 2.55021 2.59853 2.76443 2.80659 2.79519 2.83879 2.84278 2.91852 2.94134 3.18422 3.12755 3.30104 3.27072 3.22512 
2.64767 2.63374 2.61155 2.55165 2.57427 2.47991 2.42469 2.3597 2.29038 2.25454 2.27087 2.14303 2.12906 2.08761 2.06006 1.93991 1.97235 1.85689 1.86351 1.79201 1.77444 1.75961 1.73442 1.6261 1.61212 1.60327 1.50672 1.48596 1.47263 1.41976 1.38654 1.34326 1.2976 1.28575 1.25576 1.22699 1.19677 1.15125 1.14362 1.09332 1.07888 1.062 1.04521 1.02744 1.01199 1.00845 1.00498 0.995019 0.993316 0.994397 1 1.00989 1.01765 1.02924 1.0382 1.06707 1.09913 1.11854 1.16033 1.16734 1.20872 1.25567 1.28157 1.32848 1.332 1.42224 1.43423 1.46842 1.52451 1.61051 1.63033 1.67694 1.73246 1.74547 1.85752 1.88578 1.97506 2.01135 2.03145 2.07544 2.17139 2.27304 2.31983 2.29763 2.28887 2.47283 2.44282 2.55419 2.61128 2.63413 2.63504 2.70886 2.87773 2.90658 3.03598 3.05463 3.06058 3.1283 3.26165 3.20331 3.45603 
2.63044 2.63718 2.57989 2.58532 2.53281 2.47394 2.42907 2.33408 2.37872 2.28183 2.21348 2.167 2.16986 2.07964 2.03935 1.98734 1.9788 1.92527 1.92218 1.89727 1.80043 1.75545 1.68152 1.6212 1.62835 1.55681 1.55213 1.49678 1.45614 1.43275 1.37841 1.3389 1.31264 1.2841 1.22517 1.22885 1.19924 1.15964 1.13867 1.11599 1.0764 1.06479 1.04127 1.02408 1.0107 1.01334 0.99654 0.992609 0.991398 0.995795 1 1.00827 1.01887 1.03269 1.04396 1.06581 1.09291 1.11992 1.14457 1.17151 1.20237 1.24972 1.25611 1.31588 1.35312 1.37422 1.4375 1.50545 1.52719 1.63272 1.67593 1.6953 1.71704 1.79333 1.81891 1.89477 1.96103 2.04358 2.02999 2.12592 2.24742 2.14965 2.21129 2.29162 2.31208 2.43437 2.48404 2.60786 2.54398 2.71392 2.72178 2.77928 2.57564 2.91455 2.96788 3.1224 3.0279 3.122 3.19391 3.1173 3.20697 
2.7304 2.60691 2.5762 2.58269 2.48099 2.46047 2.39663 2.36422 2.29122 2.25503 2.24155 2.19731 2.15016 2.08428 2.04554 2.03521 1.9799 1.92211 1.88903 1.81414 1.77408 1.76196 1.71498 1.65911 1.60552 1.60366 1.54304 1.47206 1.44522 1.43841 1.395 1.33024 1.31627 1.28699 1.25939 1.22402 1.2045 1.15305 1.12516 1.10575 1.08233 1.06906 1.0415 1.04198 1.02469 1.00286 0.996112 0.998504 0.993594 0.995054 1 1.0096 1.01281 1.02772 1.04562 1.06119 1.09641 1.10406 1.14575 1.16985 1.22166 1.25409 1.28954 1.31489 1.3692 1.41379 1.45583 1.47471 1.57048 1.58868 1.62803 1.65559 1.69445 1.78747 1.80475 1.94238 1.90408 1.95623 2.03327 2.12521 2.12638 2.26833 2.28999 2.26933 2.39857 2.33243 2.50064 2.56264 2.5994 2.70723 2.6077 2.88475 2.86991 2.82003 2.90903 3.04695 3.10506 3.03991 3.22845 3.26056 3.38365 
2.6479 2.60218 2.57376 2.58376 2.55004 2.46621 2.48028 2.39148 2.33858 2.23656 2.23933 2.16671 2.10994 2.13098 2.06101 2.00844 1.9646 1.93396 1.87166 1.86672 1.77222 1.73516 1.72955 1.67591 1.59145 1.59842 1.55185 1.51519 1.48211 1.41055 1.40987 1.34616 1.33251 1.30573 1.24347 1.23859 1.1559 1.14043 1.12789 1.12341 1.07595 1.06828 1.03647 1.02313 1.01998 0.999635 1.00038 0.994558 0.994964 0.994701 1 1.00745 1.01357 1.0281 1.04705 1.06606 1.09612 1.11858 1.14276 1.17259 1.20771 1.24494 1.27912 1.33146 1.36453 1.40934 1.41066 1.48473 1.52727 1.59117 1.60236 1.67546 1.70818 1.78276 1.8612 1.885 1.92589 1.94831 2.07917 2.10924 2.21167 2.23259 2.25582 2.34291 2.35352 2.41495 2.55509 2.6508 2.67691 2.64823 2.70289 2.65936 2.81574 2.82374 2.94781 2.96214 3.07357 3.08535 3.18064 3.30771 3.25428 
2.69625 2.65655 2.54931 2.49352 2.49088 2.45484 2.37635 2.37857 2.36685 2.30695 2.22782 2.19567 2.12545 2.07239 2.04279 2.03981 2.02082 1.90711 1.9083 1.84668 1.82525 1.78093 1.70129 1.61715 1.61738 1.59198 1.5487 1.52046 1.45791 1.42954 1.38821 1.36819 1.34779 1.27644 1.21943 1.21073 1.18981 1.17349 1.12512 1.13006 1.11047 1.07542 1.02625 1.0423 1.02539 1.00543 1.00557 0.996097 0.995074 0.996952 1 1.00704 1.02014 1.0329 1.05129 1.06576 1.092 1.09626 1.13359 1.17995 1.20837 1.24113 1.27678 1.33731 1.33534 1.38312 1.43549 1.46222 1.56735 1.58944 1.61581 1.68315 1.76255 1.78894 1.85388 1.89619 1.92042 1.95771 2.03046 2.18705 2.14405 2.1481 2.29224 2.30019 2.38199 2.43803 2.47516 2.48438 2.61782 2.79308 2.75534 2.78136 2.7364 2.87778 3.00596 2.95463 3.07971 3.10364 3.21278 3.15663 3.4188 
2.69182 2.62283 2.65019 2.62691 2.53106 2.46182 2.42154 2.31039 2.33884 2.27968 2.20431 2.20162 2.22815 2.13084 2.07888 2.03524 1.98349 1.96678 1.88753 1.8039 1.81843 1.75083 1.76677 1.67514 1.63826 1.55619 1.56104 1.50974 1.47556 1.4408 1.37491 1.35296 1.32152 1.28008 1.2616 1.19297 1.19402 1.14226 1.14953 1.12252 1.09245 1.0662 1.04252 1.0461 1.02046 1.00537 1.0042 0.995893 0.993576 0.996968 1 1.00637 1.01665 1.03524 1.04744 1.06173 1.09039 1.11517 1.14938 1.19091 1.2013 1.22229 1.26622 1.29329 1.37504 1.36464 1.45524 1.51142 1.49026 1.57969 1.61703 1.72512 1.68786 1.79839 1.85181 1.85915 1.96038 1.95213 2.09095 2.05927 2.12153 2.24637 2.30813 2.3041 2.36727 2.41956 2.50329 2.57525 2.69118 2.65777 2.70767 2.80705 2.85142 2.83109 2.94738 2.98335 2.97789 3.0779 3.09189 3.16279 3.25927 
2.75802 2.60791 2.67158 2.50219 2.52912 2.54236 2.39917 2.34556 2.32092 2.32866 2.2014 2.19194 2.13126 2.07999 2.05225 1.99005 2.00015 1.93899 1.85506 1.82318 1.81399 1.75504 1.7109 1.67076 1.62895 1.6286 1.5416 1.52311 1.4418 1.4349 1.39814 1.36022 1.32993 1.28791 1.24537 1.2276 1.18912 1.15957 1.12693 1.1089 1.07427 1.06305 1.0469 1.03001 1.011 1.01185 1.0056 0.996988 0.995113 0.996046 1 1.00687 1.01584 1.03215 1.04148 1.06459 1.09869 1.10503 1.13133 1.1645 1.19943 1.22586 1.26952 1.30506 1.36539 1.43863 1.4746 1.50453 1.45947 1.57567 1.63921 1.70528 1.69864 1.81139 1.82558 1.87196 1.92703 1.98759 1.98951 2.09569 2.09398 2.19288 2.30187 2.27805 2.39379 2.4281 2.50713 2.59741 2.55964 2.61723 2.68955 2.73525 2.82286 2.94397 2.92651 2.97527 3.00005 3.06599 3.20092 3.22241 3.2589 
2.71347 2.64829 2.59147 2.55296 2.54015 2.51674 2.41359 2.36585 2.31337 2.28 2.24868 2.19631 2.12226 2.11813 2.06632 1.98113 1.92307 1.94465 1.93923 1.89886 1.78407 1.76479 1.73424 1.69614 1.64267 1.58706 1.58413 1.49827 1.49927 1.40692 1.4019 1.34752 1.33374 1.31367 1.25543 1.21132 1.18422 1.16717 1.13369 1.1016 1.0859 1.07661 1.0646 1.03019 1.03208 1.01296 1.00404 0.994908 0.99517 0.995689 1 1.0088 1.01856 1.02428 1.04805 1.05499 1.09341 1.11363 1.13215 1.18574 1.18838 1.23126 1.27851 1.34168 1.3559 1.38312 1.44061 1.49249 1.53271 1.57494 1.5848 1.64271 1.69495 1.79995 1.81922 1.9338 1.92556 1.95959 1.95719 2.04787 2.16836 2.21911 2.21844 2.31171 2.35903 2.32944 2.45449 2.64179 2.65812 2.70331 2.69796 2.75493 2.84679 2.77986 2.84424 2.94582 3.01599 3.15018 3.21804 3.07963 3.24772 
2.68811 2.63784 2.62948 2.55625 2.50349 2.45482 2.41967 2.45643 2.29258 2.26475 2.25103 2.19545 2.16183 2.11423 2.07031 2.01398 1.96184 1.91284 1.90744 1.8229 1.80777 1.77756 1.68771 1.69335 1.64894 1.58181 1.51319 1.49717 1.47493 1.39572 1.37147 1.34647 1.34455 1.29918 1.25237 1.22642 1.19958 1.17047 1.13791 1.1138 1.09019 1.0746 1.03634 1.03655 1.02315 1.00598 1.00334 0.998742 0.99467 0.996858 1 1.00648 1.01696 1.02739 1.04825 1.07068 1.09333 1.09058 1.14746 1.17024 1.20357 1.2276 1.27946 1.29929 1.38084 1.421 1.4026 1.47364 1.54369 1.55073 1.64706 1.62799 1.73767 1.76838 1.84737 1.88035 1.95767 1.99478 2.05883 2.12115 2.06115 2.2083 2.23341 2.32402 2.38272 2.37627 2.51221 2.4631 2.60051 2.61374 2.60761 2.826 2.81731 2.89452 2.92944 2.98398 3.01607 3.07032 3.28645 3.17909 3.20524 
2.67659 2.59946 2.63748 2.57783 2.47992 2.50493 2.42587 2.38483 2.33876 2.2957 2.25706 2.21725 2.18113 2.12145 2.06623 1.99304 2.00443 1.95882 1.84726 1.85371 1.794 1.78433 1.70847 1.6636 1.58759 1.59249 1.57731 1.50329 1.47588 1.41497 1.38495 1.36599 1.3011 1.28452 1.26826 1.23801 1.19205 1.15884 1.12931 1.12432 1.08942 1.06875 1.06004 1.03431 1.02253 1.00916 0.99713 0.996665 0.996541 0.995967 1 1.00763 1.01922 1.02513 1.04649 1.05721 1.08418 1.108 1.12371 1.17196 1.20133 1.26101 1.28417 1.30946 1.33958 1.43424 1.43968 1.47846 1.54673 1.55136 1.56741 1.65963 1.69952 1.77604 1.79082 1.85093 1.91985 1.9751 2.13338 2.04873 2.14379 2.12051 2.21443 2.31277 2.30167 2.42218 2.44016 2.4184 2.55792 2.64937 2.73753 2.73402 2.7486 2.799 2.95515 3.02318 3.11489 3.11753 3.14144 3.32513 3.31343 
2.65208 2.72312 2.68718 2.59594 2.55304 2.43301 2.47426 2.39513 2.36533 2.30572 2.34272 2.24326 2.17306 2.15835 2.06123 2.01248 1.96878 1.9596 1.87493 1.86716 1.80996 1.7884 1.71827 1.68607 1.64097 1.60243 1.55658 1.5718 1.46084 1.42933 1.40194 1.35329 1.34858 1.29397 1.25401 1.2371 1.20705 1.16553 1.1328 1.11133 1.08698 1.05561 1.05749 1.0451 1.02039 1.00837 1.00294 0.999759 0.993806 0.996485 1 1.00797 1.01545 1.03079 1.04406 1.07004 1.08023 1.10712 1.13165 1.16853 1.18432 1.22457 1.26333 1.34931 1.35908 1.40295 1.42999 1.47637 1.47578 1.56237 1.57846 1.7045 1.6926 1.73781 1.80031 1.90704 1.91337 1.94397 2.03224 2.10523 2.151 2.18014 2.26009 2.33832 2.34367 2.47024 2.50786 2.53551 2.64444 2.6229 2.73776 2.69614 2.74751 2.78994 2.94499 2.83333 3.06756 3.09894 3.24922 3.19474 3.28635 
2.69699 2.56734 2.60988 2.58767 2.47977 2.49541 2.37038 2.37015 2.32766 2.28547 2.20573 2.16275 2.1909 2.09162 2.06875 2.06405 1.98725 1.93783 1.87955 1.85771 1.79089 1.75187 1.68333 1.66856 1.62187 1.61694 1.53455 1.54857 1.48745 1.45299 1.37894 1.35329 1.33647 1.30419 1.27619 1.23174 1.18734 1.15447 1.12548 1.10845 1.08986 1.06319 1.05073 1.03432 1.01942 1.01076 0.999345 0.997556 0.993997 0.994455 1 1.00837 1.01794 1.0315 1.0423 1.06432 1.09035 1.11058 1.13465 1.161 1.185 1.22585 1.28837 1.31976 1.35509 1.38597 1.40794 1.48778 1.4669 1.57101 1.59046 1.63949 1.7121 1.72525 1.78578 1.80905 1.97579 1.95327 2.01391 2.0247 2.13033 2.20904 2.29362 2.29454 2.2974 2.48581 2.44604 2.4405 2.58042 2.56368 2.68988 2.67201 2.84888 2.81761 2.89745 3.08629 2.97756 3.05728 3.05908 3.2676 3.22965 
2.71442 2.66992 2.68744 2.48597 2.5777 2.50936 2.37038 2.38423 2.32509 2.27597 2.24605 2.18683 2.14892 2.0968 2.04631 1.98023 1.94115 1.96098 1.8842 1.84957 1.79745 1.79414 1.73209 1.64784 1.62309 1.61507 1.58255 1.552 1.46313 1.45901 1.40691 1.357 1.32959 1.30315 1.26762 1.20828 1.19374 1.17886 1.14448 1.11021 1.10433 1.06922 1.04514 1.03158 1.01839 1.01264 0.996871 0.992556 0.992114 0.997528 1 1.00742 1.01769 1.03302 1.04058 1.06539 1.09083 1.10508 1.13861 1.16461 1.18848 1.23635 1.27909 1.29908 1.39473 1.39189 1.42182 1.48511 1.55537 1.54806 1.62092 1.65581 1.70154 1.81681 1.77682 1.87404 1.91382 1.91278 1.99204 2.14151 2.0822 2.2413 2.27589 2.29152 2.30335 2.36479 2.41275 2.51152 2.53789 2.68734 2.64553 2.70452 2.86851 2.89611 2.94937 2.85564 3.04253 2.9947 3.10933 3.18097 3.28761 
2.67598 2.67804 2.68313 2.59297 2.54647 2.49452 2.39748 2.38043 2.30387 2.25362 2.27497 2.23417 2.20065 2.10843 2.10099 2.05999 2.00577 1.96575 1.90129 1.83757 1.80933 1.78613 1.74142 1.66641 1.62331 1.60534 1.56799 1.51229 1.4658 1.42867 1.37052 1.36683 1.33073 1.2792 1.26612 1.23 1.19768 1.17164 1.1209 1.11306 1.08466 1.07703 1.04744 1.02852 1.01225 1.01279 1.00015 0.995922 0.996669 0.996961 1 1.00788 1.01431 1.03322 1.0505 1.05266 1.09422 1.10804 1.13456 1.15459 1.21085 1.22983 1.26157 1.31497 1.32436 1.39191 1.42603 1.46071 1.50182 1.55783 1.63432 1.67264 1.74868 1.80149 1.85739 1.86604 1.90417 1.95522 2.05337 2.04669 2.08455 2.18366 2.21322 2.28928 2.32202 2.40643 2.45754 2.4452 2.59639 2.64878 2.67841 2.68142 2.78696 2.79614 2.95879 3.00863 2.95056 3.0755 3.15623 3.20197 3.21123 
2.7554 2.65708 2.61845 2.5706 2.57377 2.46407 2.39809 2.36095 2.30116 2.3271 2.26177 2.22611 2.20108 2.117 2.0265 1.98751 1.99935 1.9636 1.91731 1.87738 1.79823 1.74385 1.75266 1.66349 1.64301 1.61019 1.5663 1.48298 1.4853 1.43845 1.41827 1.33535 1.30832 1.26793 1.25963 1.20441 1.20251 1.169 1.16125 1.11197 1.09061 1.08265 1.06954 1.03075 1.01287 1.00833 1.00828 1.00256 0.997078 0.996231 1 1.0073 1.01365 1.03096 1.05114 1.06048 1.0942 1.11253 1.1321 1.16618 1.19601 1.23334 1.27122 1.27403 1.3421 1.36074 1.44093 1.5043 1.53251 1.58151 1.61484 1.66008 1.69611 1.74408 1.79162 1.8549 1.92062 1.99003 1.96415 2.08485 2.10534 2.18955 2.20122 2.28867 2.38341 2.46741 2.53576 2.43923 2.54736 2.6614 2.6861 2.70345 2.82123 2.86507 2.93072 2.94317 2.98369 3.07563 3.08461 3.14066 3.3013 
2.64299 2.70776 2.64631 2.55843 2.52507 2.51213 2.46283 2.39554 2.29472 2.26971 2.24565 2.22718 2.1569 2.10515 2.10354 2.04977 2.03102 1.98807 1.9189 1.86716 1.79556 1.78959 1.72335 1.7301 1.67161 1.57552 1.52468 1.50902 1.46225 1.42359 1.40697 1.34447 1.32622 1.29443 1.24127 1.19805 1.19117 1.17442 1.14848 1.12833 1.10768 1.06265 1.0481 1.05091 1.0232 1.01729 1.0055 0.99722 0.997025 0.994868 1 1.00574 1.01494 1.02734 1.04306 1.05357 1.07424 1.09243 1.15405 1.16681 1.198 1.22396 1.28693 1.32234 1.31107 1.38539 1.4344 1.45983 1.54774 1.58504 1.6386 1.6201 1.69511 1.79681 1.80538 1.85911 1.93356 1.97343 2.02702 2.1246 2.11464 2.20628 2.20354 2.32631 2.34813 2.39214 2.44627 2.50368 2.67147 2.59264 2.73206 2.75225 2.8356 2.83499 2.90745 3.0232 2.98458 3.09055 3.16395 3.25785 3.21452 
2.6488 2.63707 2.62301 2.563 2.50387 2.45598 2.48255 2.39595 2.34249 2.26489 2.23185 2.2303 2.17345 2.10014 2.09305 2.0532 1.97706 1.95156 1.89584 1.8727 1.80277 1.78782 1.68578 1.71259 1.66869 1.5919 1.54812 1.51933 1.4617 1.42836 1.40777 1.35969 1.35489 1.29044 1.25122 1.22418 1.19717 1.16408 1.14125 1.11592 1.07961 1.06862 1.04422 1.03917 1.03832 1.01987 1.00064 0.997803 0.997389 0.995763 1 1.0062 1.01484 1.03292 1.04558 1.06744 1.09824 1.11751 1.13812 1.15962 1.20599 1.23912 1.26634 1.3058 1.32915 1.37569 1.41423 1.47234 1.529 1.56788 1.59954 1.66706 1.74986 1.77288 1.8381 1.85549 1.92695 1.96627 1.98223 2.01719 2.07257 2.15791 2.18225 2.34452 2.37002 2.44616 2.49736 2.46476 2.58336 2.51732 2.6436 2.7625 2.70724 2.86286 2.85713 3.02743 3.00279 3.05276 3.10989 3.12784 3.23613 
2.69877 2.73893 2.60325 2.58535 2.6193 2.5301 2.4208 2.37259 2.34595 2.24068 2.19253 2.17952 2.20192 2.11464 2.11848 2.03964 1.99083 1.93598 1.90411 1.84959 1.81341 1.72841 1.71511 1.67262 1.63276 1.58209 1.55341 1.50749 1.4794 1.45609 1.41222 1.36298 1.3229 1.32231 1.24166 1.22671 1.19234 1.17343 1.14028 1.12075 1.08961 1.07241 1.05999 1.04425 1.03775 1.01206 1.00619 1.00069 0.997725 0.996275 1 1.00501 1.01655 1.03485 1.04567 1.06006 1.10095 1.11423 1.14354 1.17009 1.19965 1.25577 1.26025 1.29633 1.35303 1.35519 1.44548 1.44145 1.52309 1.56617 1.55577 1.63333 1.71092 1.7825 1.82257 1.88247 1.93372 1.98263 2.00033 2.00418 2.14932 2.15145 2.15059 2.19703 2.3073 2.40109 2.51979 2.50262 2.61224 2.66676 2.67673 2.74992 2.66417 2.89464 2.91276 3.07996 3.06305 3.05415 3.06711 3.21875 3.20768 
2.69262 2.68091 2.55577 2.6332 2.48832 2.47499 2.43488 2.39835 2.37685 2.25947 2.25182 2.19985 2.19341 2.134 2.09402 1.96329 2.01073 1.95665 1.87669 1.85983 1.82615 1.78927 1.7379 1.66075 1.63678 1.60172 1.57969 1.51401 1.51221 1.47637 1.41249 1.33865 1.32399 1.29779 1.28321 1.22637 1.19543 1.16721 1.15759 1.11494 1.08245 1.08634 1.04477 1.03505 1.02467 1.00331 1.00645 1.00135 0.995692 0.996249 1 1.00472 1.01769 1.02767 1.05249 1.06233 1.09021 1.09291 1.13166 1.16843 1.18963 1.24778 1.25442 1.30636 1.35638 1.3991 1.40056 1.4779 1.51733 1.58752 1.61271 1.65069 1.71782 1.77851 1.79436 1.85758 1.95896 1.93118 2.06259 2.09641 2.08346 2.22625 2.26479 2.32363 2.34377 2.42968 2.47027 2.49123 2.5932 2.65467 2.65396 2.75985 2.85373 2.88874 2.94932 3.03199 2.95891 2.95857 3.19691 3.1471 3.11433 
2.70872 2.62403 2.56972 2.56686 2.52665 2.45853 2.43578 2.4104 2.3344 2.30876 2.23831 2.16721 2.13964 2.10486 2.12515 1.98672 2.01851 1.94194 1.93048 1.88822 1.79813 1.75068 1.75763 1.68118 1.63509 1.61711 1.54241 1.49964 1.48782 1.4513 1.39641 1.36899 1.33306 1.28983 1.25822 1.2233 1.19912 1.15923 1.16919 1.12295 1.09867 1.05652 1.05707 1.03872 1.02169 1.00784 0.994507 0.999343 0.996955 0.997606 1 1.00745 1.01542 1.02795 1.0455 1.06492 1.08782 1.10969 1.12229 1.18136 1.19213 1.22673 1.28171 1.33687 1.31063 1.39277 1.40981 1.47088 1.51326 1.58167 1.60895 1.6787 1.71564 1.75737 1.81423 1.81009 1.85277 1.95071 2.01865 2.01826 2.10688 2.14736 2.21208 2.30449 2.35495 2.32051 2.42784 2.49339 2.56055 2.62852 2.59898 2.7457 2.66476 2.75576 2.88362 2.8071 3.01189 3.0588 3.07782 3.13802 3.266 
2.633 2.66073 2.57919 2.55528 2.5347 2.46741 2.43556 2.41603 2.37845 2.29721 2.18521 2.23191 2.16888 2.11226 2.07052 2.04806 1.96091 1.9286 1.88926 1.84817 1.78814 1.76194 1.69401 1.66659 1.6056 1.58396 1.57841 1.56573 1.47895 1.43846 1.39267 1.3595 1.32766 1.28956 1.25217 1.2333 1.18669 1.17138 1.14957 1.11419 1.08425 1.07302 1.05701 1.038 1.0205 1.01125 1.00435 1.0004 0.996777 0.99525 1 1.00608 1.01791 1.0244 1.04424 1.05391 1.08191 1.11281 1.14971 1.17018 1.2046 1.23309 1.28521 1.29806 1.36393 1.35762 1.39439 1.44527 1.47436 1.56835 1.59542 1.66296 1.79343 1.75176 1.81668 1.83495 1.85035 1.99465 2.00814 2.00544 2.14587 2.18051 2.28637 2.22514 2.29491 2.42183 2.45193 2.47239 2.62621 2.62708 2.64452 2.68209 2.7967 2.84827 2.90571 2.82983 3.01366 3.09811 3.16578 3.26198 3.22548 
2.71119 2.62194 2.55369 2.58415 2.49152 2.52108 2.48295 2.37029 2.37582 2.30965 2.26166 2.20993 2.16942 2.12061 2.07292 2.01949 1.96034 1.94972 1.90969 1.8769 1.8349 1.792 1.72045 1.68461 1.65946 1.59652 1.51241 1.50757 1.47266 1.45293 1.4139 1.35854 1.34172 1.29246 1.26101 1.2252 1.20141 1.16745 1.13937 1.11656 1.09612 1.07866 1.04143 1.03634 1.02452 1.02148 1.00308 0.995681 0.997253 0.994961 1 1.00668 1.01968 1.03232 1.05118 1.06006 1.08777 1.10802 1.13694 1.16837 1.18496 1.235 1.24409 1.29396 1.3548 1.40265 1.4525 1.45981 1.48864 1.52183 1.56947 1.6848 1.6599 1.78102 1.80756 1.90051 1.88391 1.90082 2.01462 2.01789 2.16815 2.14691 2.29768 2.23358 2.29796 2.41944 2.37215 2.3939 2.58401 2.61646 2.74681 2.68709 2.80451 2.8933 2.84687 2.96523 3.08484 3.02155 3.03825 3.21259 3.15746 
2.69491 2.64134 2.57902 2.62134 2.59028 2.44007 2.52199 2.39787 2.41101 2.30332 2.2735 2.16518 2.11292 2.12866 2.04737 1.98311 1.97933 1.89206 1.88167 1.83039 1.85644 1.73976 1.6879 1.70112 1.65597 1.60632 1.5468 1.52282 1.49174 1.45657 1.42249 1.36541 1.33536 1.28775 1.25567 1.22641 1.19266 1.17891 1.13114 1.1235 1.11749 1.06665 1.04912 1.03985 1.0199 1.01241 1.00736 0.995847 0.993805 0.996316 1 1.00738 1.01551 1.02821 1.04073 1.06575 1.07936 1.10953 1.13206 1.15765 1.19449 1.21967 1.2778 1.32815 1.33461 1.36764 1.40315 1.49105 1.53398 1.54588 1.56331 1.68535 1.67502 1.71639 1.80084 1.80624 1.96075 2.00188 2.03482 2.06479 2.14239 2.10198 2.25891 2.29721 2.32034 2.38773 2.46 2.45897 2.56749 2.597 2.72423 2.7284 2.82121 2.90182 2.98089 2.91297 3.06424 3.0022 3.09038 3.15823 3.3303 
2.66774 2.65399 2.59237 2.56991 2.54294 2.42302 2.42322 2.39496 2.35825 2.27633 2.22823 2.24714 2.20711 2.10066 2.09972 2.03002 1.99696 1.9644 1.87708 1.87504 1.7771 1.77088 1.69294 1.64316 1.65209 1.58417 1.54299 1.52492 1.49112 1.44576 1.36208 1.35952 1.35854 1.29735 1.27474 1.23761 1.18675 1.16556 1.14801 1.12317 1.10493 1.07089 1.0495 1.04096 1.0269 1.01301 1.00501 1.00177 0.996736 0.994263 1 1.00445 1.01679 1.02649 1.04715 1.05998 1.08305 1.13569 1.15116 1.16743 1.18208 1.22557 1.24745 1.31026 1.33473 1.38744 1.44749 1.48264 1.53065 1.52737 1.61762 1.66789 1.67997 1.73782 1.82401 1.79508 1.88581 1.92842 2.01714 2.10074 2.11629 2.10859 2.25104 2.28604 2.34691 2.50265 2.46047 2.42624 2.54064 2.64944 2.68696 2.81431 2.83461 2.81627 2.86336 2.93289 3.12071 3.00982 3.152 3.20959 3.22051 
2.68552 2.68274 2.64338 2.58024 2.62 2.52118 2.45787 2.41647 2.39158 2.31042 2.24531 2.24746 2.20599 2.10561 2.06529 2.05143 2.0187 1.98764 1.89951 1.85025 1.87787 1.74897 1.72946 1.68612 1.65161 1.6046 1.54196 1.50297 1.46396 1.43403 1.39799 1.37431 1.33578 1.29474 1.28138 1.24758 1.21657 1.16718 1.14941 1.13784 1.07185 1.07246 1.0504 1.03258 1.017 1.00673 1.00689 0.999867 0.99285 0.996612 1 1.00759 1.01382 1.02482 1.03714 1.06226 1.08471 1.1235 1.14453 1.16399 1.20861 1.22566 1.28237 1.29551 1.36144 1.39227 1.41559 1.45578 1.50972 1.55612 1.60596 1.60235 1.73011 1.75579 1.82497 1.9302 1.91013 1.94165 2.08979 2.07071 2.1121 2.16003 2.34949 2.28268 2.37987 2.32853 2.46357 2.46537 2.63605 2.56973 2.62411 2.68064 2.80845 2.74212 2.9042 2.96831 2.98984 3.04946 3.08548 3.12764 3.20852 
2.7446 2.57211 2.63639 2.55672 2.53954 2.50341 2.44892 2.41275 2.39958 2.25166 2.29685 2.21714 2.16065 2.15946 2.08338 1.98166 1.99571 1.96557 1.88752 1.85146 1.83756 1.77124 1.75934 1.71475 1.61119 1.59572 1.59253 1.53386 1.46733 1.46513 1.40307 1.38654 1.34691 1.30757 1.25507 1.236 1.21757 1.19206 1.14693 1.10243 1.10463 1.06721 1.05503 1.0223 1.01488 1.00397 1.00244 0.999764 0.9964 0.996075 1 1.00727 1.01779 1.0322 1.04138 1.05978 1.0797 1.11691 1.13968 1.18424 1.18302 1.21558 1.26657 1.29291 1.32379 1.43041 1.41527 1.44365 1.51723 1.51799 1.60548 1.65364 1.67206 1.72131 1.85244 1.89092 1.88832 1.93674 1.9875 1.97668 2.11022 2.16325 2.30113 2.29853 2.3104 2.42483 2.54153 2.47598 2.54136 2.59192 2.67126 2.56614 2.64632 2.89701 2.91199 3.00217 3.05053 2.91352 3.09118 3.22903 3.16312 
2.66762 2.65724 2.59756 2.55844 2.51961 2.44323 2.44278 2.38395 2.27464 2.28145 2.22208 2.25259 2.19242 2.06391 2.09878 2.01726 2.00004 1.94749 1.9204 1.86854 1.80661 1.75973 1.69493 1.72849 1.65682 1.61903 1.57433 1.54344 1.49775 1.45936 1.39468 1.34662 1.33084 1.31209 1.25077 1.23817 1.20651 1.16694 1.15327 1.12356 1.10547 1.05381 1.05831 1.03457 1.02888 1.00231 0.997055 1.00168 0.998153 0.996481 1 1.00511 1.01824 1.0289 1.04185 1.0555 1.09689 1.10398 1.12487 1.16957 1.20693 1.22687 1.24844 1.27887 1.35717 1.36403 1.40807 1.44679 1.52259 1.57722 1.60289 1.69653 1.72815 1.7099 1.76302 1.8387 1.90105 1.92036 2.00464 2.16466 2.10339 2.12851 2.28329 2.2658 2.33989 2.32697 2.38638 2.5249 2.58847 2.66843 2.65838 2.71402 2.67459 2.78082 2.86999 2.99975 2.99241 3.05953 3.07384 3.10357 3.21868 
2.74929 2.67518 2.58727 2.61328 2.61882 2.48692 2.39314 2.39161 2.3602 2.33299 2.21278 2.23331 2.18889 2.15281 2.07956 2.05939 2.03777 1.96452 1.9306 1.83895 1.81268 1.73769 1.71283 1.68877 1.65399 1.60661 1.57121 1.5225 1.49217 1.41215 1.43243 1.37862 1.34203 1.31046 1.2597 1.24249 1.20703 1.17202 1.143 1.11263 1.09266 1.06102 1.06073 1.02927 1.01627 1.01211 1.00548 1.0046 0.995736 0.996819 1 1.00436 1.01521 1.02789 1.04377 1.0624 1.09137 1.09758 1.14386 1.18711 1.19622 1.24808 1.29384 1.31592 1.3515 1.3632 1.41455 1.47236 1.51359 1.53629 1.60989 1.65886 1.72891 1.74883 1.78611 1.88021 1.86927 1.97724 2.02572 2.01528 2.08559 2.22029 2.21671 2.25071 2.37061 2.36906 2.57611 2.52959 2.5715 2.51841 2.75208 2.71998 2.74334 2.81634 2.84756 2.8774 2.98147 3.06816 3.27714 3.23644 3.11771 
2.72541 2.72878 2.58609 2.58146 2.51737 2.49815 2.40672 2.39725 2.34509 2.29557 2.26754 2.22011 2.11847 2.16858 2.12588 2.01315 2.01823 1.92363 1.89344 1.84036 1.81835 1.7423 1.68876 1.67519 1.62674 1.56948 1.56632 1.52458 1.48569 1.45244 1.41828 1.37108 1.34842 1.29339 1.26849 1.22815 1.19209 1.15885 1.12664 1.12122 1.12402 1.07633 1.06531 1.02845 1.02478 1.00724 1.00006 1.00272 0.993923 0.995685 1 1.00545 1.01821 1.02712 1.04187 1.07078 1.08597 1.12118 1.13514 1.1753 1.19784 1.22828 1.26778 1.29381 1.36066 1.40056 1.42208 1.47046 1.51547 1.52487 1.66012 1.67298 1.7175 1.67949 1.79975 1.81933 1.90044 1.96574 2.01766 2.05929 2.14185 2.27556 2.25938 2.26164 2.3161 2.35246 2.45832 2.44741 2.59271 2.6629 2.69583 2.78272 2.77162 2.825 2.92193 2.92611 2.96939 2.99347 3.08655 3.1819 3.09073 
2.72382 2.66348 2.63324 2.55496 2.53035 2.5195 2.41923 2.50348 2.3659 2.33483 2.23725 2.18038 2.19362 2.13718 2.11205 2.03957 1.93522 1.98539 1.90239 1.82954 1.83652 1.75328 1.72248 1.68411 1.6364 1.60559 1.55928 1.5313 1.44959 1.42284 1.42946 1.35214 1.34702 1.27967 1.25115 1.23551 1.19687 1.17796 1.13924 1.11409 1.09411 1.06488 1.05231 1.04518 1.03018 1.01301 1.0016 0.993726 0.994533 0.996703 1 1.00658 1.01544 1.03181 1.04911 1.06224 1.08158 1.10299 1.13465 1.16404 1.19961 1.23898 1.29329 1.294 1.36001 1.38359 1.38827 1.44965 1.51904 1.58658 1.64191 1.6405 1.69985 1.76241 1.7745 1.78493 1.84536 1.99326 2.01087 2.11375 2.02628 2.11937 2.22952 2.24463 2.32646 2.3845 2.49123 2.43884 2.52834 2.67295 2.63218 2.74754 2.79767 2.79854 2.8991 2.88638 2.96298 3.08536 3.09483 3.20158 3.21765 
2.71861 2.63489 2.59701 2.61812 2.54987 2.48786 2.44639 2.32249 2.35127 2.28014 2.26004 2.2383 2.1662 2.12868 2.09448 2.05898 1.97347 2.00395 1.89723 1.87847 1.78828 1.78339 1.7744 1.66471 1.61357 1.58888 1.55673 1.51514 1.48608 1.44245 1.38415 1.37614 1.32791 1.30768 1.26276 1.23177 1.19499 1.14423 1.14978 1.11065 1.09409 1.06239 1.05043 1.03717 1.02701 1.00926 1.00744 1.00029 0.996782 0.997256 1 1.00636 1.01539 1.03081 1.04641 1.06355 1.08231 1.10502 1.13711 1.16218 1.18529 1.23426 1.24106 1.30535 1.32342 1.37766 1.42339 1.45756 1.5353 1.58626 1.62376 1.67875 1.73205 1.78401 1.80292 1.85591 1.86287 1.99973 1.99 1.9911 2.1931 2.17578 2.22825 2.26444 2.40766 2.41585 2.41427 2.50302 2.6116 2.60606 2.58875 2.71559 2.70441 2.81231 2.90795 2.96318 3.07907 3.03897 3.09018 3.10315 3.25764 
2.72908 2.68841 2.58578 2.4919 2.57538 2.51592 2.38361 2.38 2.34856 2.26871 2.25832 2.24154 2.17173 2.1476 2.07397 2.06357 1.9858 1.97645 1.92619 1.89105 1.78176 1.78576 1.73563 1.68258 1.65619 1.61893 1.54427 1.51683 1.50886 1.46274 1.39033 1.36523 1.32928 1.29582 1.24864 1.22125 1.19358 1.17757 1.15275 1.12879 1.09014 1.08372 1.05067 1.02969 1.02369 0.9985 0.999289 0.992397 0.997677 0.997376 1 1.00646 1.01616 1.02631 1.04513 1.06317 1.08525 1.11449 1.13482 1.17826 1.20969 1.20513 1.25086 1.30621 1.34 1.3811 1.40053 1.4868 1.51684 1.55491 1.61869 1.64521 1.73259 1.73998 1.79633 1.85351 1.90474 1.97158 2.00308 2.04177 2.08609 2.20373 2.23663 2.28688 2.29701 2.37197 2.40324 2.44635 2.53992 2.5681 2.57897 2.73336 2.78946 2.8517 2.83034 2.94875 2.86029 3.22369 3.10083 3.1361 3.25243 
2.76426 2.70167 2.60235 2.60905 2.55377 2.51685 2.41731 2.41515 2.2887 2.31487 2.28247 2.1749 2.10141 2.11297 2.09989 2.00744 1.95678 1.94187 1.88104 1.86123 1.84016 1.73625 1.7549 1.69504 1.64272 1.6285 1.54267 1.53158 1.47114 1.47288 1.40246 1.34706 1.34386 1.2871 1.28053 1.22471 1.19101 1.19555 1.12069 1.11023 1.0996 1.07354 1.05267 1.044 1.02286 1.00859 1.01032 0.997881 0.99659 0.996992 1 1.00753 1.01615 1.02809 1.04551 1.05951 1.09148 1.11019 1.14419 1.18402 1.20181 1.24255 1.26829 1.30317 1.34981 1.37158 1.42522 1.48027 1.49506 1.59054 1.64465 1.61776 1.71131 1.78485 1.79941 1.80147 1.98389 2.02642 2.02318 2.03327 2.10227 2.15526 2.19461 2.31133 2.30405 2.3774 2.43486 2.45647 2.59499 2.55756 2.59887 2.7022 2.78562 2.74878 2.8434 2.99762 2.93996 2.97526 3.16752 3.05161 3.14367 
2.69162 2.67419 2.6395 2.56394 2.51399 2.48688 2.36729 2.34368 2.2518 2.27807 2.26361 2.17057 2.1849 2.13466 2.10606 2.05733 1.96813 1.98072 1.8885 1.87172 1.81195 1.74087 1.69905 1.67414 1.64433 1.61074 1.54489 1.54016 1.47578 1.44946 1.39719 1.35935 1.32188 1.32664 1.26902 1.22527 1.19159 1.16671 1.15586 1.10409 1.08979 1.06935 1.04692 1.0537 1.01909 1.01969 1.00255 1.00074 0.994523 0.99616 1 1.00684 1.01807 1.02903 1.03993 1.06019 1.0964 1.10251 1.12572 1.19011 1.19552 1.22747 1.27945 1.32135 1.35185 1.39636 1.39941 1.49162 1.54624 1.51058 1.63407 1.64414 1.68812 1.79598 1.85052 1.8337 1.89468 1.91054 2.00886 2.07207 2.10031 2.19311 2.29231 2.22241 2.32241 2.35453 2.38998 2.51992 2.51956 2.56919 2.72832 2.712 2.80692 2.80946 2.85642 2.86636 2.94529 2.98872 2.92033 3.32109 3.16993 
2.6895 2.69594 2.62 2.60887 2.60923 2.48964 2.48503 2.3852 2.32158 2.27842 2.26093 2.21619 2.17101 2.12398 2.07496 2.04825 1.97059 1.93269 1.90675 1.85116 1.77353 1.80696 1.73252 1.65916 1.68289 1.60984 1.54389 1.47942 1.50488 1.4178 1.40694 1.35143 1.34677 1.29187 1.22915 1.23028 1.18802 1.15204 1.12866 1.11372 1.08849 1.06283 1.05344 1.03901 1.01786 1.01655 1.00498 0.999314 0.993705 0.995685 1 1.00564 1.01835 1.03021 1.04568 1.06669 1.08303 1.10426 1.13951 1.1525 1.20454 1.2232 1.24567 1.31597 1.32883 1.37903 1.43581 1.46847 1.53041 1.57034 1.60318 1.6914 1.68872 1.75513 1.79039 1.83157 1.91405 2.0097 2.09754 2.10348 2.01701 2.17252 2.15356 2.24491 2.41446 2.45334 2.50086 2.55192 2.54779 2.6539 2.74417 2.71589 2.80883 2.77974 2.87553 2.87068 3.02179 3.08315 3.07408 3.14694 3.25728 
