3.95656 3.89422 3.814 3.75586 3.67955 3.58877 3.53376 3.4396 3.3839 3.32151 3.23336 3.16192 3.11347 3.04024 2.95365 2.88631 2.8228 2.76245 2.67846 2.61147 2.53863 2.48783 2.42663 2.36156 2.2957 2.23521 2.17064 2.10779 2.04157 1.99251 1.93271 1.87582 1.81259 1.75575 1.70497 1.64688 1.61095 1.5477 1.49692 1.45092 1.39768 1.3585 1.30531 1.268 1.22498 1.18341 1.14583 1.1053 1.06817 1.03329 1 0.967957 0.936771 0.907757 0.881687 0.854941 0.827847 0.809109 0.785542 0.759691 0.741129 0.723776 0.708999 0.69919 0.670698 0.658107 0.656542 0.635706 0.629462 0.616339 0.603919 0.598673 0.594978 0.589234 0.582096 0.587409 0.593272 0.585977 0.603016 0.592865 0.579869 0.555828 0.566828 0.566111 0.605868 0.563912 0.587833 0.595069 0.605358 0.575324 0.604334 0.592012 0.600344 0.646821 0.664109 0.605285 0.679407 0.698805 0.655745 0.645788 0.673849 
3.97718 3.87399 3.82177 3.74057 3.66332 3.59279 3.51038 3.46172 3.35627 3.29113 3.25473 3.16962 3.08901 3.02271 2.953 2.89446 2.8159 2.74286 2.67839 2.61441 2.55525 2.48104 2.4336 2.36266 2.2921 2.23013 2.16384 2.1167 2.03898 1.98178 1.91563 1.87307 1.81721 1.75695 1.70124 1.65322 1.59347 1.54592 1.50039 1.45207 1.40055 1.35606 1.30841 1.26586 1.22591 1.18556 1.14238 1.1039 1.06814 1.03341 1 0.96803 0.937198 0.909122 0.88154 0.852176 0.826291 0.806207 0.786475 0.767028 0.742109 0.725067 0.710455 0.694873 0.682586 0.671121 0.656987 0.625457 0.631383 0.63585 0.617058 0.594981 0.60276 0.588544 0.585506 0.573657 0.59016 0.576225 0.58901 0.598692 0.591708 0.580918 0.590885 0.588387 0.617322 0.588945 0.596349 0.615671 0.619288 0.636975 0.566022 0.604682 0.615182 0.645772 0.635064 0.676873 0.660059 0.689543 0.637135 0.645392 0.630712 
3.97441 3.88219 3.81694 3.73374 3.6762 3.59758 3.54665 3.44181 3.38356 3.32159 3.23912 3.17342 3.09226 3.03073 2.9479 2.89446 2.81973 2.74199 2.68259 2.62081 2.55508 2.47943 2.40811 2.35708 2.30649 2.22633 2.16008 2.1104 2.04804 1.97919 1.92841 1.87236 1.8072 1.75708 1.70191 1.64684 1.59659 1.54789 1.49381 1.44955 1.39619 1.3548 1.31178 1.26272 1.2188 1.18434 1.14334 1.10493 1.0682 1.03369 1 0.968285 0.937491 0.907419 0.878386 0.8558 0.83247 0.800522 0.77696 0.761906 0.740183 0.724147 0.705976 0.704195 0.672926 0.6577 0.650171 0.644631 0.633291 0.630213 0.618153 0.599247 0.596402 0.595374 0.610081 0.577921 0.560203 0.582174 0.598279 0.573418 0.570255 0.570603 0.591717 0.610809 0.590104 0.571158 0.602974 0.596 0.601218 0.573537 0.578846 0.625886 0.615067 0.671615 0.669497 0.640456 0.64343 0.634925 0.657259 0.683085 0.659612 
3.97913 3.8915 3.80406 3.72872 3.65223 3.57755 3.50494 3.44323 3.36496 3.31054 3.24417 3.18874 3.0799 3.02229 2.95746 2.88644 2.81753 2.74514 2.67891 2.61944 2.54029 2.5011 2.4146 2.34415 2.29564 2.2375 2.16148 2.11095 2.03569 1.97648 1.93522 1.86813 1.80815 1.76019 1.69645 1.65084 1.60328 1.54124 1.49616 1.4508 1.38786 1.34902 1.30598 1.26731 1.22212 1.18341 1.14489 1.10393 1.068 1.03379 1 0.96803 0.938413 0.909368 0.88331 0.856687 0.83097 0.803912 0.792031 0.762909 0.74401 0.728521 0.717074 0.686174 0.693309 0.671742 0.658896 0.633419 0.630551 0.632312 0.622698 0.592395 0.62731 0.593766 0.597243 0.59292 0.584821 0.576239 0.586362 0.573897 0.595234 0.585378 0.593873 0.608924 0.603035 0.585338 0.58607 0.595338 0.58028 0.598409 0.591153 0.60887 0.604709 0.600249 0.628662 0.648697 0.611105 0.687995 0.65991 0.632398 0.702667 
3.96439 3.8852 3.80327 3.73163 3.66767 3.58825 3.5054 3.45658 3.38362 3.30776 3.2271 3.16068 3.09587 3.03979 2.94674 2.86937 2.81307 2.74493 2.67374 2.62252 2.54612 2.47259 2.42059 2.36036 2.29321 2.22475 2.17005 2.10852 2.04423 1.98314 1.91833 1.86063 1.8112 1.7529 1.70062 1.6581 1.59694 1.54635 1.493 1.44381 1.39886 1.35084 1.30691 1.26405 1.22315 1.18039 1.14269 1.10443 1.06866 1.0334 1 0.967793 0.937513 0.907595 0.879371 0.853619 0.831841 0.806828 0.788705 0.762983 0.739161 0.726095 0.714772 0.696532 0.677403 0.670428 0.660632 0.646742 0.649898 0.619278 0.607302 0.608347 0.59095 0.614271 0.602347 0.603775 0.558523 0.591793 0.609044 0.584936 0.587205 0.579082 0.549172 0.618342 0.617042 0.586905 0.594284 0.590224 0.639276 0.608856 0.643001 0.600757 0.607729 0.663183 0.615246 0.622636 0.637442 0.669619 0.673157 0.69058 0.688848 
3.9682 3.88357 3.81185 3.70819 3.63978 3.59058 3.5131 3.42649 3.37599 3.29233 3.22336 3.17069 3.10648 3.03026 2.94303 2.87275 2.81492 2.75809 2.68368 2.62333 2.54085 2.48628 2.41265 2.35031 2.27064 2.21906 2.16652 2.10779 2.04577 1.9781 1.92435 1.86542 1.81259 1.7481 1.69643 1.64441 1.59787 1.54022 1.4987 1.44039 1.39939 1.35546 1.30858 1.26627 1.21982 1.18122 1.14095 1.10426 1.06926 1.034 1 0.967859 0.937739 0.910184 0.883315 0.851521 0.828724 0.809091 0.779718 0.768567 0.742943 0.731251 0.715522 0.686319 0.672597 0.677339 0.650037 0.652611 0.628507 0.618075 0.626032 0.630483 0.607866 0.610346 0.609001 0.590266 0.580664 0.587493 0.597973 0.579331 0.584225 0.590783 0.604438 0.601391 0.623435 0.598464 0.586574 0.615868 0.663596 0.611373 0.575615 0.634295 0.636402 0.642595 0.662406 0.618434 0.656466 0.684937 0.671897 0.722146 0.669613 
3.93071 3.87726 3.80621 3.72583 3.66872 3.60546 3.51583 3.44811 3.35388 3.29138 3.22677 3.16859 3.08669 3.02643 2.9409 2.8903 2.81885 2.73084 2.68137 2.61307 2.54414 2.47613 2.42419 2.36087 2.28135 2.22355 2.15898 2.11339 2.04268 1.98373 1.92516 1.86234 1.80596 1.75251 1.70187 1.64159 1.58724 1.54284 1.49293 1.43935 1.39797 1.35191 1.30243 1.26191 1.22427 1.18145 1.14178 1.10392 1.06823 1.03228 1 0.968252 0.938528 0.911351 0.882561 0.859198 0.827438 0.80926 0.787387 0.763916 0.746332 0.732612 0.710918 0.689016 0.680213 0.674903 0.659304 0.638153 0.636624 0.616482 0.618607 0.608631 0.588725 0.592275 0.594607 0.6072 0.575033 0.601063 0.585241 0.598776 0.600985 0.619111 0.598564 0.575196 0.61558 0.59352 0.608882 0.595461 0.597133 0.633148 0.612022 0.669396 0.666903 0.67828 0.655949 0.649769 0.643812 0.630398 0.625861 0.660918 0.707402 
3.95853 3.85322 3.77882 3.72109 3.6486 3.59054 3.51228 3.46614 3.36504 3.32 3.21666 3.1736 3.084 3.01985 2.94087 2.88255 2.82072 2.73602 2.6682 2.61967 2.54935 2.4842 2.41607 2.33813 2.28703 2.23506 2.16216 2.09106 2.03819 1.98615 1.91513 1.86449 1.81108 1.74469 1.69743 1.63938 1.58685 1.5464 1.48948 1.44731 1.40021 1.35328 1.30233 1.26254 1.22023 1.1796 1.14029 1.10493 1.06808 1.03302 1 0.968582 0.938131 0.909178 0.882309 0.855802 0.833074 0.810326 0.786512 0.76706 0.739494 0.726798 0.708348 0.701187 0.686275 0.678989 0.655434 0.65285 0.630549 0.629872 0.631231 0.624688 0.611906 0.598682 0.599348 0.59213 0.618704 0.584554 0.596852 0.610603 0.651228 0.594701 0.596824 0.59506 0.59247 0.594696 0.646494 0.598673 0.606914 0.657663 0.657735 0.629041 0.625877 0.659524 0.695226 0.644026 0.649662 0.711908 0.698505 0.671566 0.737165 
3.94743 3.87563 3.79975 3.71928 3.65404 3.58296 3.47736 3.42767 3.38442 3.28697 3.22708 3.15933 3.07786 3.01844 2.95266 2.86858 2.8105 2.73506 2.67881 2.60559 2.53791 2.46641 2.42579 2.34892 2.28185 2.22337 2.14697 2.08715 2.04129 1.9862 1.92435 1.86757 1.80745 1.75272 1.70092 1.64849 1.5955 1.5361 1.4911 1.44329 1.39388 1.35002 1.30667 1.26018 1.22026 1.18288 1.14173 1.10276 1.06703 1.03401 1 0.968453 0.938064 0.908968 0.880364 0.858822 0.833979 0.806389 0.782685 0.757802 0.749105 0.728133 0.712056 0.707647 0.673094 0.676066 0.659295 0.651122 0.653217 0.625283 0.63079 0.606548 0.607901 0.612959 0.605729 0.60846 0.59819 0.592607 0.594078 0.593734 0.607745 0.596517 0.595745 0.593944 0.614227 0.588818 0.578576 0.630234 0.629246 0.626836 0.651061 0.59215 0.642396 0.680346 0.675226 0.653868 0.700819 0.679506 0.693509 0.682917 0.688741 
3.9282 3.86882 3.79092 3.72716 3.65453 3.56497 3.50419 3.43449 3.36357 3.28207 3.23634 3.16286 3.07166 3.022 2.94197 2.86358 2.80456 2.72706 2.67386 2.60355 2.53775 2.47143 2.411 2.34125 2.28498 2.22698 2.16445 2.09421 2.04327 1.9648 1.91907 1.86237 1.80224 1.74956 1.69539 1.64007 1.5976 1.54329 1.48874 1.44747 1.38809 1.34726 1.30655 1.26215 1.22185 1.17938 1.14151 1.10361 1.06875 1.03342 1 0.967853 0.938335 0.911422 0.882699 0.858467 0.830265 0.806948 0.788804 0.768454 0.748796 0.729132 0.720524 0.70466 0.679861 0.679433 0.657926 0.644679 0.636624 0.6246 0.612996 0.633862 0.612496 0.607139 0.597503 0.605364 0.617012 0.591969 0.612406 0.610517 0.597071 0.604583 0.596137 0.582758 0.593791 0.609417 0.60237 0.624875 0.59649 0.658884 0.610889 0.641753 0.668113 0.660362 0.641073 0.678565 0.692285 0.683865 0.678887 0.735629 0.714632 
3.95573 3.84174 3.80326 3.72426 3.65015 3.58778 3.51011 3.43182 3.34657 3.27891 3.20651 3.15393 3.06844 3.02056 2.94719 2.87693 2.81402 2.72504 2.65545 2.60541 2.53898 2.47038 2.41455 2.35075 2.27065 2.21967 2.15368 2.09446 2.03877 1.99166 1.90856 1.86477 1.79653 1.75053 1.70042 1.64171 1.59451 1.54261 1.49278 1.44339 1.40205 1.34531 1.30272 1.26161 1.21689 1.18051 1.138 1.10119 1.06693 1.03266 1 0.968425 0.937546 0.909534 0.881561 0.858781 0.832037 0.810794 0.786686 0.765263 0.747299 0.73228 0.714711 0.701286 0.680291 0.674664 0.671289 0.650738 0.628602 0.63585 0.625291 0.635953 0.606969 0.617545 0.616287 0.62604 0.601012 0.599645 0.610732 0.613217 0.600808 0.605839 0.592301 0.619016 0.627309 0.610235 0.64327 0.60961 0.598824 0.609974 0.610776 0.671666 0.665427 0.643843 0.652681 0.671965 0.693588 0.705818 0.668461 0.673593 0.726152 
3.93709 3.85264 3.80541 3.71742 3.64575 3.59131 3.49776 3.43546 3.37681 3.29106 3.21022 3.15279 3.08639 2.99734 2.95177 2.86626 2.80129 2.74172 2.68199 2.61527 2.53162 2.47296 2.40478 2.34381 2.27701 2.22387 2.15055 2.0875 2.04126 1.97424 1.91023 1.86421 1.8041 1.75246 1.70148 1.64481 1.59472 1.5396 1.4877 1.44277 1.39719 1.34652 1.3006 1.25697 1.21843 1.17852 1.13894 1.10304 1.06754 1.03313 1 0.968058 0.938517 0.910359 0.883934 0.856642 0.837354 0.808801 0.792278 0.772628 0.752185 0.739204 0.716451 0.700761 0.685525 0.674735 0.663449 0.674642 0.648045 0.641212 0.633696 0.641639 0.604479 0.641067 0.623081 0.604516 0.615468 0.584355 0.598827 0.608074 0.607945 0.597773 0.615491 0.620175 0.61066 0.63776 0.623885 0.63413 0.618019 0.608442 0.642197 0.653388 0.651461 0.690263 0.640303 0.703171 0.725306 0.711444 0.720887 0.716784 0.747436 
3.95038 3.83843 3.80918 3.70188 3.63363 3.58805 3.50643 3.43499 3.33901 3.27281 3.19425 3.14849 3.05139 2.99851 2.94878 2.87198 2.79914 2.72527 2.67359 2.6043 2.53964 2.44928 2.39659 2.33467 2.28727 2.22016 2.14278 2.0931 2.03053 1.97017 1.91192 1.86219 1.80363 1.74306 1.68718 1.64302 1.58922 1.5417 1.4931 1.44296 1.39611 1.34561 1.30254 1.25714 1.21623 1.17694 1.13872 1.10089 1.0683 1.03239 1 0.969586 0.939799 0.910798 0.882437 0.85835 0.834054 0.813994 0.784767 0.77098 0.751301 0.737581 0.717441 0.705708 0.677857 0.674308 0.661974 0.669251 0.649201 0.64737 0.634625 0.622899 0.619234 0.602874 0.590454 0.577114 0.618134 0.618307 0.601621 0.621571 0.642286 0.596121 0.597709 0.639408 0.599491 0.621245 0.616441 0.633282 0.648344 0.665473 0.667873 0.631472 0.614732 0.683282 0.667098 0.691843 0.683769 0.693253 0.726659 0.697724 0.705419 
3.9218 3.83765 3.81884 3.70188 3.63514 3.56671 3.49398 3.42803 3.35291 3.26261 3.20418 3.14581 3.07014 3.00146 2.92931 2.86783 2.79685 2.72992 2.66656 2.60305 2.5353 2.45972 2.39138 2.33864 2.26708 2.21506 2.15943 2.09048 2.01375 1.98043 1.91035 1.85205 1.79844 1.74073 1.68855 1.64311 1.59112 1.53434 1.48378 1.44112 1.39457 1.3448 1.30553 1.2589 1.2182 1.18043 1.13948 1.10276 1.06922 1.03256 1 0.96853 0.940836 0.909566 0.885281 0.85827 0.836352 0.808447 0.788959 0.771823 0.75345 0.738301 0.717257 0.704195 0.689431 0.689365 0.671323 0.659196 0.657933 0.638725 0.638705 0.635556 0.621346 0.603491 0.647928 0.619681 0.632882 0.605995 0.603869 0.62405 0.597197 0.637224 0.602971 0.617669 0.622146 0.632724 0.616087 0.650427 0.660974 0.665068 0.688148 0.67146 0.680285 0.695424 0.714371 0.722783 0.731872 0.69493 0.687485 0.733679 0.744773 
3.92064 3.85679 3.77134 3.70742 3.61323 3.55836 3.50322 3.407 3.35231 3.26835 3.21616 3.12871 3.05722 3.00954 2.91927 2.85223 2.78327 2.72547 2.65012 2.58721 2.52114 2.46093 2.39444 2.3216 2.27044 2.20385 2.14969 2.08117 2.03134 1.97143 1.91276 1.86239 1.79955 1.75066 1.68734 1.63756 1.58384 1.5311 1.48427 1.43355 1.38935 1.34667 1.30171 1.25906 1.21571 1.17959 1.13793 1.10218 1.06744 1.03196 1 0.969164 0.939619 0.910248 0.882759 0.864044 0.836374 0.813782 0.791415 0.772455 0.753657 0.735756 0.730515 0.705097 0.692868 0.681466 0.674411 0.674224 0.653474 0.637756 0.631166 0.631376 0.634211 0.629845 0.623167 0.591792 0.613366 0.583995 0.620122 0.621127 0.614442 0.623193 0.62737 0.633627 0.608845 0.649097 0.591361 0.617404 0.647468 0.644714 0.68381 0.675453 0.68725 0.663343 0.698231 0.716661 0.680905 0.74928 0.723559 0.724293 0.729124 
3.91737 3.85347 3.77455 3.71294 3.61889 3.54447 3.49049 3.43139 3.33549 3.26164 3.19452 3.13845 3.05701 2.99707 2.9158 2.86219 2.78036 2.72451 2.64582 2.59113 2.52548 2.46031 2.39773 2.31619 2.27157 2.21113 2.15763 2.09066 2.02255 1.97373 1.9156 1.85001 1.7883 1.75181 1.69491 1.63725 1.58499 1.53594 1.48652 1.43769 1.38363 1.34451 1.30029 1.25893 1.21929 1.17514 1.13889 1.10258 1.06573 1.03267 1 0.969304 0.940835 0.912967 0.88546 0.862509 0.837096 0.816667 0.790491 0.784133 0.753357 0.739389 0.725353 0.705534 0.706412 0.684678 0.674087 0.663538 0.647843 0.643364 0.634621 0.650403 0.644009 0.625983 0.610648 0.613497 0.615996 0.62824 0.63398 0.647359 0.627886 0.658363 0.649497 0.652332 0.630656 0.666795 0.665602 0.66097 0.663381 0.639363 0.668062 0.696567 0.665648 0.724215 0.688135 0.714982 0.749676 0.71689 0.704008 0.750376 0.752142 
3.909 3.84201 3.76973 3.69793 3.64369 3.52493 3.49429 3.40943 3.33695 3.2585 3.20307 3.12327 3.07085 2.98532 2.93496 2.85191 2.77187 2.72843 2.64224 2.57981 2.52624 2.44849 2.40413 2.33158 2.26755 2.21898 2.14525 2.08252 2.01881 1.96849 1.91131 1.84626 1.79862 1.73951 1.68969 1.63173 1.58298 1.53366 1.48586 1.43825 1.38415 1.34156 1.30184 1.25577 1.21316 1.17516 1.13715 1.10267 1.06464 1.03154 1 0.970254 0.940489 0.913762 0.884828 0.860897 0.839794 0.810371 0.796523 0.777727 0.758516 0.738572 0.716744 0.706949 0.688861 0.678827 0.679423 0.671449 0.663455 0.657975 0.669519 0.632266 0.645901 0.660634 0.631205 0.631067 0.622119 0.629647 0.624337 0.611577 0.62373 0.651672 0.631668 0.646052 0.632252 0.704266 0.63168 0.655952 0.678371 0.646112 0.670111 0.692907 0.709677 0.740632 0.727045 0.726933 0.720649 0.754679 0.749305 0.767852 0.775613 
3.92425 3.83927 3.7826 3.70476 3.62714 3.55407 3.48208 3.39481 3.34315 3.27149 3.22758 3.13405 3.05177 2.96359 2.91594 2.84943 2.79125 2.73013 2.63326 2.5896 2.52006 2.44966 2.38222 2.33412 2.26479 2.19515 2.144 2.09564 2.02308 1.96454 1.90212 1.86169 1.79275 1.74023 1.6854 1.63546 1.58444 1.53487 1.4882 1.4356 1.38827 1.34083 1.29494 1.25474 1.21406 1.17589 1.13787 1.10092 1.06548 1.03176 1 0.968658 0.939115 0.911773 0.884952 0.86322 0.840193 0.818513 0.793023 0.77488 0.758061 0.741836 0.74157 0.719286 0.70635 0.69927 0.698831 0.667975 0.67954 0.656539 0.64085 0.640993 0.629784 0.66216 0.642077 0.605224 0.640751 0.628342 0.639302 0.67822 0.603966 0.664399 0.670255 0.647095 0.674564 0.681282 0.679017 0.666175 0.657228 0.67261 0.674973 0.702649 0.662184 0.721922 0.738062 0.69754 0.767531 0.780295 0.761664 0.772849 0.753404 
3.91149 3.83243 3.75253 3.69213 3.59767 3.55359 3.47315 3.40724 3.33751 3.2775 3.17363 3.12291 3.05489 2.95493 2.89816 2.85329 2.79298 2.71529 2.65039 2.5625 2.51738 2.45694 2.38576 2.32879 2.26082 2.19921 2.14489 2.07675 2.0174 1.95259 1.90009 1.84728 1.78915 1.7368 1.67961 1.62565 1.57431 1.52612 1.48245 1.43142 1.38707 1.33973 1.30069 1.24929 1.21645 1.17367 1.13409 1.10113 1.06392 1.03189 1 0.969976 0.939079 0.911857 0.886512 0.862813 0.84363 0.821772 0.795116 0.776914 0.769737 0.745374 0.723579 0.716085 0.706271 0.706754 0.694819 0.679982 0.675347 0.644487 0.646002 0.656517 0.65562 0.647785 0.635557 0.666264 0.655824 0.609538 0.637455 0.647102 0.632304 0.649127 0.657659 0.638945 0.702089 0.648324 0.659983 0.672437 0.694653 0.687137 0.697746 0.742969 0.787076 0.704899 0.714697 0.769093 0.705501 0.747733 0.753205 0.813511 0.798774 
3.89836 3.81356 3.75468 3.66263 3.60828 3.56649 3.45999 3.38513 3.3357 3.25327 3.18784 3.12745 3.02683 2.95737 2.9154 2.84865 2.78884 2.70525 2.65096 2.56625 2.50179 2.43127 2.38557 2.31717 2.27055 2.19365 2.13068 2.07005 2.00253 1.96825 1.9002 1.82945 1.78704 1.72874 1.68042 1.63112 1.57331 1.52773 1.48391 1.43507 1.37768 1.33399 1.28764 1.24968 1.21111 1.17085 1.13541 1.09973 1.06464 1.03077 1 0.970498 0.942086 0.914135 0.886319 0.85979 0.841061 0.821375 0.798094 0.780364 0.757408 0.750346 0.73253 0.715852 0.695458 0.692394 0.68786 0.692391 0.663697 0.671272 0.65913 0.657414 0.652331 0.631876 0.654056 0.646214 0.629508 0.641278 0.647185 0.65956 0.635914 0.635971 0.650923 0.636952 0.640303 0.665981 0.702622 0.691185 0.687816 0.655748 0.720329 0.738793 0.704688 0.736847 0.735304 0.761993 0.783917 0.778465 0.747527 0.778226 0.796149 
3.90314 3.81875 3.74501 3.67054 3.60469 3.53147 3.46148 3.39522 3.31509 3.2612 3.18507 3.12275 3.04396 2.98127 2.9168 2.82049 2.76762 2.70071 2.63462 2.57316 2.50599 2.43727 2.38022 2.30453 2.23936 2.16952 2.12244 2.07351 2.02835 1.95273 1.88044 1.8445 1.77111 1.72345 1.67691 1.62721 1.57048 1.53241 1.4728 1.4251 1.38553 1.33294 1.29844 1.25178 1.21296 1.1703 1.13533 1.10053 1.06421 1.03152 1 0.970149 0.942108 0.914451 0.891641 0.868654 0.840934 0.815533 0.794932 0.784248 0.771664 0.750613 0.735475 0.72074 0.711622 0.689195 0.688354 0.685989 0.669933 0.665393 0.667298 0.662719 0.666401 0.649238 0.647256 0.627402 0.646452 0.651103 0.668035 0.642455 0.675913 0.64354 0.678475 0.673608 0.70186 0.681674 0.674194 0.684537 0.70893 0.716575 0.733111 0.715546 0.722481 0.752325 0.760557 0.727299 0.727892 0.784967 0.83901 0.783406 0.800527 
3.88024 3.81057 3.74126 3.65579 3.59796 3.53258 3.44185 3.38595 3.31933 3.23132 3.17224 3.09911 3.0425 2.97093 2.88258 2.82299 2.77415 2.69435 2.63216 2.56244 2.49517 2.42813 2.35097 2.31977 2.25027 2.196 2.11543 2.06967 2.01455 1.95147 1.89443 1.84757 1.77621 1.71194 1.67142 1.6227 1.56975 1.52952 1.47901 1.41992 1.37761 1.33521 1.28547 1.25329 1.21156 1.17072 1.1351 1.09935 1.06624 1.03133 1 0.970265 0.941408 0.916623 0.885967 0.863767 0.843796 0.825705 0.802807 0.781334 0.770854 0.757495 0.74606 0.723224 0.714588 0.719988 0.70039 0.682761 0.66394 0.686065 0.664074 0.649862 0.658915 0.667659 0.63939 0.671756 0.662856 0.676073 0.680412 0.670906 0.670591 0.686411 0.65796 0.701252 0.726872 0.710782 0.699322 0.692306 0.665453 0.72434 0.736456 0.754225 0.739489 0.77829 0.808255 0.775448 0.798919 0.777201 0.797211 0.826186 0.806179 
3.88666 3.84665 3.71257 3.65026 3.5706 3.53861 3.43986 3.38776 3.29387 3.2562 3.16933 3.10007 3.01182 2.95732 2.89211 2.8272 2.75612 2.69112 2.61585 2.5463 2.49684 2.42636 2.38786 2.31793 2.25926 2.19163 2.12647 2.06015 2.00975 1.94558 1.89452 1.83338 1.77822 1.72471 1.67441 1.62157 1.56864 1.51177 1.47323 1.41855 1.37415 1.33562 1.28835 1.24762 1.2044 1.1694 1.13186 1.09979 1.06161 1.03069 1 0.970447 0.942446 0.914269 0.890663 0.870309 0.849495 0.826825 0.804547 0.787024 0.768454 0.755626 0.739502 0.723097 0.712148 0.717501 0.696733 0.68422 0.680614 0.66519 0.692022 0.670557 0.666664 0.663602 0.676671 0.640397 0.668903 0.669465 0.66742 0.677743 0.681591 0.65015 0.708696 0.653557 0.702157 0.727132 0.67981 0.712104 0.724128 0.705905 0.748153 0.710268 0.773868 0.746208 0.800374 0.75879 0.815455 0.810101 0.808965 0.875364 0.800748 
3.86495 3.80617 3.74126 3.61656 3.57501 3.47755 3.42402 3.38581 3.30712 3.22839 3.18198 3.08362 3.02754 2.95863 2.89671 2.82223 2.74561 2.69939 2.62842 2.5538 2.50184 2.42139 2.36533 2.29715 2.23072 2.18994 2.11201 2.05725 1.99071 1.94369 1.89653 1.8326 1.78979 1.7241 1.65898 1.61806 1.5577 1.50799 1.4636 1.41999 1.37929 1.33195 1.29554 1.24824 1.20898 1.17169 1.13467 1.09649 1.06315 1.03044 1 0.970271 0.943683 0.916014 0.890559 0.866131 0.848913 0.827421 0.803924 0.790106 0.771275 0.75727 0.745802 0.732351 0.720207 0.723197 0.724473 0.712329 0.692962 0.676367 0.667504 0.676062 0.699703 0.688193 0.682162 0.67488 0.672923 0.679838 0.697325 0.624255 0.667401 0.675571 0.69505 0.701411 0.688558 0.721158 0.693326 0.738454 0.769057 0.693926 0.744095 0.796428 0.762454 0.773069 0.771675 0.829685 0.832482 0.790967 0.859609 0.863299 0.865001 
3.84908 3.76378 3.70264 3.64264 3.58195 3.49738 3.42574 3.3708 3.28289 3.23178 3.15465 3.09718 3.02537 2.96308 2.88068 2.81804 2.73699 2.67042 2.61064 2.55782 2.50061 2.4389 2.36135 2.29929 2.23167 2.16507 2.12005 2.04787 1.99538 1.94037 1.87423 1.82451 1.75842 1.71744 1.65683 1.61029 1.55786 1.51386 1.45915 1.41943 1.37315 1.33135 1.28447 1.23917 1.20697 1.16982 1.12874 1.09652 1.0631 1.03052 1 0.970915 0.943886 0.918157 0.8934 0.869855 0.85062 0.829907 0.810149 0.79884 0.766502 0.758854 0.748188 0.747511 0.728777 0.71317 0.71734 0.701076 0.70062 0.684824 0.676606 0.691929 0.693162 0.680828 0.686763 0.665506 0.669669 0.679791 0.671014 0.689363 0.711136 0.718014 0.668521 0.73969 0.721095 0.704374 0.758638 0.735747 0.741548 0.763364 0.7374 0.77669 0.774404 0.803965 0.800785 0.830279 0.835989 0.842345 0.810215 0.857738 0.837047 
3.83153 3.77582 3.71737 3.62367 3.57758 3.5108 3.41108 3.3375 3.27397 3.22481 3.1505 3.07439 3.01247 2.94983 2.8776 2.82536 2.74465 2.69934 2.61207 2.54377 2.47734 2.40949 2.35044 2.29441 2.22852 2.18323 2.10592 2.05643 1.99196 1.93451 1.86645 1.84161 1.76475 1.71686 1.67321 1.61358 1.54999 1.50486 1.45902 1.41813 1.36816 1.33169 1.28279 1.24102 1.20029 1.16886 1.12799 1.09471 1.06184 1.03023 1 0.971115 0.942965 0.919348 0.893112 0.869799 0.850531 0.827876 0.801963 0.788847 0.780915 0.762382 0.757875 0.729294 0.727915 0.721823 0.714917 0.704557 0.708952 0.699375 0.689988 0.689869 0.681659 0.694872 0.700449 0.728251 0.708333 0.707886 0.708016 0.697001 0.705395 0.738309 0.72139 0.740349 0.731311 0.738476 0.740889 0.738185 0.704435 0.765659 0.804899 0.797619 0.829936 0.758625 0.834772 0.779147 0.822467 0.84315 0.878995 0.866697 0.885902 
3.82924 3.7608 3.6951 3.62339 3.56978 3.48975 3.42148 3.34547 3.26852 3.21454 3.14101 3.06262 2.98898 2.94947 2.85466 2.80941 2.74672 2.65138 2.6031 2.52696 2.46993 2.41708 2.348 2.28273 2.23181 2.15757 2.09275 2.03666 1.98353 1.92062 1.87492 1.82216 1.75612 1.70841 1.67494 1.59661 1.56081 1.50452 1.45943 1.41476 1.3725 1.32506 1.28271 1.2426 1.204 1.16565 1.13192 1.09287 1.06077 1.02998 1 0.971458 0.944888 0.917571 0.894447 0.87138 0.8524 0.832171 0.806149 0.79381 0.781972 0.773997 0.756122 0.752554 0.73149 0.722931 0.720999 0.711004 0.732639 0.716266 0.702608 0.69295 0.713799 0.693536 0.688056 0.707201 0.717996 0.716732 0.692703 0.722102 0.719921 0.720524 0.709951 0.71558 0.727931 0.739359 0.758952 0.75976 0.766336 0.758411 0.81419 0.769953 0.823152 0.874486 0.809899 0.871875 0.856789 0.844783 0.908807 0.877681 0.853226 
3.86386 3.78295 3.68115 3.61393 3.55095 3.48269 3.40835 3.34385 3.24854 3.20902 3.14167 3.04388 3.01292 2.92976 2.84123 2.78031 2.72716 2.66477 2.6039 2.54083 2.45255 2.40216 2.35049 2.29085 2.21775 2.1427 2.1061 2.02968 1.97941 1.91743 1.88129 1.82043 1.76007 1.70519 1.65007 1.59531 1.54941 1.49804 1.46232 1.40985 1.36608 1.32159 1.27487 1.24054 1.20212 1.16512 1.12626 1.0944 1.06067 1.02979 1 0.971893 0.944619 0.922465 0.900897 0.878108 0.856771 0.831347 0.821415 0.798414 0.782124 0.768057 0.762337 0.749635 0.759834 0.730559 0.715764 0.724582 0.738578 0.704224 0.694765 0.711106 0.70361 0.717432 0.712283 0.709845 0.715062 0.701906 0.729051 0.716294 0.719585 0.696694 0.763784 0.742767 0.747923 0.801413 0.753838 0.74841 0.810743 0.790593 0.833332 0.835704 0.861159 0.846103 0.85198 0.823097 0.862535 0.897959 0.877182 0.948296 0.915982 
3.82458 3.72223 3.69242 3.60654 3.53678 3.45554 3.41358 3.32014 3.24433 3.17676 3.10123 3.05454 3.00204 2.92493 2.85955 2.78833 2.71186 2.65146 2.60834 2.52651 2.46514 2.40431 2.32498 2.27413 2.22549 2.14146 2.088 2.03486 1.98126 1.91055 1.86303 1.80555 1.76362 1.70505 1.65923 1.60558 1.5512 1.50183 1.4444 1.40531 1.36245 1.32493 1.28514 1.23111 1.19567 1.16245 1.12801 1.09134 1.06052 1.03007 1 0.971937 0.946521 0.923579 0.899162 0.872868 0.855299 0.844317 0.81869 0.803775 0.794172 0.772371 0.765391 0.75043 0.759413 0.732742 0.743126 0.720593 0.72623 0.733738 0.727965 0.706256 0.712717 0.710398 0.706254 0.695759 0.71419 0.732567 0.723562 0.742389 0.711944 0.74026 0.77371 0.762255 0.79421 0.761776 0.813416 0.804638 0.794125 0.84783 0.836207 0.833547 0.859412 0.882517 0.914357 0.892847 0.87207 0.890967 0.936594 0.984386 0.942729 
3.80732 3.73458 3.66774 3.59421 3.52978 3.48235 3.39018 3.32397 3.24991 3.16758 3.14852 3.04806 2.96426 2.9117 2.84122 2.78885 2.69742 2.63723 2.58235 2.50851 2.46793 2.40105 2.32359 2.26692 2.19526 2.14981 2.0923 2.0278 1.97242 1.90044 1.8709 1.79586 1.74983 1.6822 1.64524 1.59563 1.54534 1.50355 1.45068 1.40606 1.36319 1.32148 1.27141 1.23496 1.19638 1.16095 1.12501 1.09152 1.06067 1.02895 1 0.971794 0.946366 0.924333 0.900025 0.88209 0.858556 0.839409 0.826069 0.811421 0.79375 0.774881 0.761775 0.75788 0.749194 0.745655 0.738707 0.717814 0.712848 0.721749 0.725547 0.738454 0.735856 0.710262 0.724625 0.725408 0.726799 0.714663 0.71115 0.751035 0.739423 0.741136 0.781676 0.748709 0.775975 0.800237 0.767341 0.790296 0.805462 0.839129 0.858133 0.831883 0.843097 0.85555 0.922766 0.850253 0.88654 0.969001 0.96855 0.954023 0.997938 
3.82622 3.73101 3.63797 3.60576 3.48591 3.4408 3.37998 3.30557 3.24969 3.16511 3.10229 3.01943 2.97953 2.89406 2.8543 2.77404 2.68952 2.63846 2.60335 2.51337 2.45016 2.40071 2.33572 2.26417 2.20996 2.13874 2.08984 2.02517 1.95652 1.91611 1.86663 1.79792 1.74736 1.6969 1.64024 1.58797 1.54018 1.49536 1.45059 1.39921 1.35685 1.31548 1.27414 1.23048 1.19344 1.16147 1.12169 1.08801 1.05904 1.02923 1 0.973184 0.946893 0.923422 0.898567 0.874983 0.860123 0.838933 0.81511 0.810253 0.793784 0.770442 0.778639 0.767191 0.772443 0.754584 0.73394 0.742531 0.711746 0.735669 0.761574 0.717239 0.736758 0.728222 0.742997 0.73783 0.740625 0.739378 0.750433 0.767747 0.762197 0.780667 0.793826 0.809559 0.848908 0.778793 0.847692 0.817789 0.861843 0.82057 0.901181 0.846499 0.838172 0.871379 0.937623 0.917871 0.940371 0.997523 0.989176 0.994929 1.02227 
3.80897 3.71874 3.63312 3.57627 3.50139 3.4515 3.37183 3.29949 3.22675 3.18044 3.09819 3.03026 2.94001 2.91366 2.8025 2.74928 2.70776 2.6285 2.58028 2.48244 2.44904 2.37091 2.33854 2.24654 2.2039 2.13041 2.07909 2.01546 1.9697 1.91319 1.832 1.79485 1.73619 1.69068 1.64768 1.5963 1.53572 1.48966 1.44588 1.40081 1.35744 1.3091 1.26983 1.22654 1.1924 1.15614 1.12397 1.08809 1.05985 1.02798 1 0.972775 0.949008 0.923686 0.902659 0.879072 0.864084 0.841861 0.830691 0.818877 0.808756 0.788093 0.803177 0.784086 0.766387 0.76228 0.733588 0.745538 0.755684 0.764655 0.742109 0.76626 0.737469 0.727716 0.758975 0.758663 0.799138 0.768709 0.79577 0.76773 0.774917 0.778685 0.808061 0.810283 0.859747 0.834393 0.87592 0.828748 0.859395 0.868082 0.86648 0.908095 0.93128 0.918758 0.944996 0.875629 0.947372 0.981857 0.959168 0.996161 0.988725 
3.76607 3.68642 3.63503 3.56521 3.49695 3.44517 3.32997 3.30427 3.22784 3.17391 3.10816 3.01531 2.95364 2.9307 2.8182 2.74548 2.68167 2.61612 2.53797 2.49308 2.43874 2.38079 2.29606 2.25744 2.19187 2.12264 2.07588 2.02274 1.95835 1.89959 1.8341 1.79319 1.74251 1.67327 1.64403 1.57097 1.53542 1.48143 1.44297 1.40307 1.3515 1.30789 1.27016 1.22964 1.19364 1.15718 1.1216 1.08683 1.05625 1.02778 1 0.973061 0.948462 0.923654 0.901118 0.882677 0.870091 0.851155 0.830111 0.812839 0.813302 0.795795 0.784918 0.772359 0.768435 0.765427 0.75301 0.753362 0.769455 0.753981 0.72949 0.774459 0.750631 0.750815 0.74567 0.742519 0.774959 0.779545 0.765691 0.768619 0.784773 0.797524 0.813908 0.85109 0.817347 0.886445 0.847414 0.8417 0.876279 0.925081 0.882158 0.965673 0.941174 0.954283 0.99189 1.03996 0.946441 0.996321 0.977256 1.02752 1.03267 
3.77113 3.67794 3.63902 3.5539 3.48199 3.41582 3.3622 3.32011 3.22546 3.14688 3.05957 3.01361 2.93709 2.87364 2.82108 2.72741 2.67446 2.59775 2.54724 2.45948 2.43582 2.35819 2.3187 2.22425 2.19235 2.12725 2.05865 2.00512 1.94771 1.903 1.84038 1.78289 1.72327 1.67055 1.63133 1.56981 1.52035 1.4817 1.44356 1.38029 1.34833 1.31052 1.27183 1.2286 1.18927 1.15353 1.11998 1.08853 1.05726 1.0278 1 0.973644 0.948685 0.924962 0.907095 0.882485 0.874751 0.851437 0.830313 0.823895 0.812756 0.808344 0.798903 0.781147 0.787039 0.774042 0.763277 0.773055 0.77237 0.763274 0.760806 0.766333 0.75005 0.790635 0.770874 0.761281 0.763004 0.768992 0.782445 0.803461 0.82412 0.808086 0.821493 0.849881 0.801275 0.847124 0.887634 0.816493 0.883051 0.896058 0.925423 0.930479 0.951719 0.955567 0.960561 0.9672 1.01921 1.00034 1.03877 1.01825 1.12455 
3.7374 3.66373 3.62532 3.54625 3.45796 3.41731 3.33904 3.29698 3.19089 3.12342 3.07005 2.99589 2.95091 2.85189 2.7917 2.7219 2.65345 2.60543 2.56784 2.48206 2.41799 2.35012 2.28166 2.24041 2.17867 2.11825 2.0496 1.98518 1.94122 1.88032 1.81779 1.78674 1.71574 1.66445 1.62127 1.57159 1.5258 1.47324 1.42878 1.38422 1.34433 1.30502 1.26423 1.22219 1.19143 1.15439 1.11824 1.08573 1.05848 1.02745 1 0.974177 0.950847 0.930667 0.907113 0.885755 0.867028 0.849935 0.837356 0.828515 0.820413 0.805949 0.794852 0.787616 0.78551 0.773411 0.79052 0.770331 0.756879 0.770136 0.78261 0.783398 0.752492 0.783299 0.775291 0.769896 0.751387 0.806058 0.815685 0.806111 0.820299 0.823394 0.819732 0.876097 0.853735 0.872949 0.904047 0.907746 0.909003 0.875093 0.931222 0.916754 0.951223 0.952753 0.998096 1.02234 1.07206 1.06717 1.10714 0.998754 1.10158 
3.73765 3.66345 3.59797 3.5023 3.45877 3.39427 3.31726 3.2613 3.21596 3.13109 3.04808 2.99212 2.92305 2.85515 2.75707 2.74493 2.64699 2.59433 2.53953 2.47218 2.40345 2.34101 2.28846 2.22901 2.16437 2.1276 2.03782 1.99882 1.93115 1.88127 1.8261 1.75247 1.71389 1.66708 1.61233 1.57279 1.52535 1.47084 1.42706 1.39482 1.3396 1.29717 1.26512 1.2236 1.1839 1.15042 1.11497 1.08438 1.05695 1.02756 1 0.9753 0.951051 0.928923 0.907829 0.888226 0.871908 0.858023 0.852377 0.829741 0.812842 0.821111 0.783729 0.798131 0.786564 0.780855 0.780461 0.775021 0.785618 0.766426 0.778277 0.780444 0.770793 0.797004 0.809356 0.772177 0.784255 0.819388 0.798005 0.810057 0.835571 0.837554 0.865622 0.870563 0.849806 0.891471 0.942841 0.931242 0.941085 0.991629 0.958613 1.00547 1.00033 0.9752 1.02371 1.06211 1.02089 1.08121 1.09756 1.06202 1.09069 
3.71459 3.64544 3.58993 3.49491 3.44169 3.39977 3.33706 3.23139 3.20482 3.12609 3.0106 2.97017 2.91597 2.81525 2.77738 2.70697 2.6591 2.57403 2.52566 2.44644 2.37845 2.3458 2.28655 2.21774 2.1699 2.07529 2.04187 1.98435 1.9148 1.86591 1.81829 1.77753 1.71061 1.65955 1.6038 1.56714 1.50647 1.47136 1.41687 1.37396 1.33654 1.30464 1.26505 1.21977 1.18798 1.14869 1.11413 1.08513 1.05348 1.02677 1 0.975128 0.952153 0.929365 0.913832 0.889955 0.877942 0.855048 0.840281 0.824364 0.811619 0.811398 0.812012 0.821951 0.805904 0.776416 0.770882 0.808693 0.7814 0.786377 0.805211 0.796134 0.794543 0.770125 0.805202 0.776743 0.783101 0.806857 0.849305 0.837639 0.895228 0.882164 0.86936 0.840326 0.869505 0.941997 0.937766 0.968013 0.951323 0.971586 0.999239 1.00926 0.965418 1.02773 1.07633 1.03687 1.06035 1.11281 1.11962 1.10844 1.14122 
3.70818 3.6438 3.57085 3.50677 3.42853 3.39726 3.32065 3.21746 3.13606 3.13609 3.00898 2.96575 2.91134 2.83715 2.7853 2.70703 2.62802 2.60064 2.50952 2.44988 2.39791 2.33061 2.27912 2.20861 2.15058 2.07719 2.03668 1.98058 1.92333 1.87282 1.81607 1.75749 1.72191 1.6674 1.6087 1.56205 1.51334 1.45866 1.42293 1.38108 1.33249 1.29632 1.25283 1.21826 1.18512 1.14957 1.11588 1.08316 1.05299 1.02662 1 0.975806 0.953866 0.931177 0.915499 0.889915 0.873931 0.857345 0.848614 0.835935 0.825074 0.82218 0.821056 0.797237 0.800538 0.797106 0.783846 0.80369 0.795347 0.803262 0.766612 0.804998 0.809817 0.792675 0.792624 0.84566 0.828822 0.834011 0.88271 0.86175 0.857444 0.852945 0.924538 0.905683 0.941152 0.958459 0.925989 0.947293 0.965253 0.993153 0.990466 1.01407 1.00263 1.06638 1.05598 1.16332 1.09426 1.14105 1.10953 1.21015 1.11165 
3.70764 3.65694 3.54646 3.48542 3.4244 3.33553 3.29234 3.22175 3.16156 3.09492 3.02796 2.95731 2.89504 2.82802 2.77314 2.70319 2.61231 2.55334 2.49451 2.4644 2.3844 2.30925 2.27511 2.19991 2.12439 2.09129 2.01559 1.97391 1.92391 1.87267 1.80358 1.74583 1.6956 1.64784 1.59844 1.54568 1.50058 1.46471 1.41229 1.36532 1.32859 1.29033 1.25281 1.21234 1.18208 1.14492 1.11171 1.08456 1.05476 1.02564 1 0.975611 0.951476 0.932826 0.910742 0.899265 0.877503 0.871656 0.848378 0.845061 0.831493 0.823267 0.818578 0.796927 0.80543 0.816923 0.803148 0.807022 0.809388 0.809632 0.826312 0.80909 0.803492 0.853457 0.830031 0.838976 0.852674 0.872788 0.886672 0.877009 0.913406 0.894297 0.887824 0.933964 0.951643 0.955155 0.950955 0.956889 0.984079 0.986025 1.04203 1.01945 1.07594 1.05516 1.08433 1.11684 1.0994 1.15158 1.20311 1.15037 1.14346 
3.67227 3.63587 3.54375 3.49411 3.41796 3.34889 3.28867 3.22076 3.13622 3.05285 3.01978 2.94698 2.88982 2.81713 2.76256 2.68636 2.64353 2.58716 2.47736 2.43284 2.37035 2.32298 2.25771 2.18493 2.12659 2.07192 2.02949 1.9817 1.90111 1.8594 1.78217 1.73363 1.70747 1.64605 1.58933 1.54923 1.49509 1.45959 1.41386 1.37607 1.33026 1.28666 1.254 1.21471 1.18102 1.14111 1.11137 1.07983 1.05187 1.02585 1 0.97574 0.953088 0.932969 0.916942 0.897768 0.880266 0.870174 0.855514 0.845663 0.826803 0.819631 0.826472 0.820369 0.800863 0.827944 0.805955 0.830445 0.814776 0.837289 0.806503 0.814416 0.825032 0.836483 0.830492 0.847921 0.814147 0.863977 0.886806 0.885484 0.864749 0.913169 0.917808 0.922012 0.922744 0.952822 1.01205 0.986835 1.04938 1.00852 1.05686 1.04701 1.12867 1.09357 1.13422 1.16522 1.12696 1.21093 1.19921 1.21449 1.23046 
3.6764 3.61811 3.52686 3.48068 3.36244 3.33983 3.28036 3.22181 3.15995 3.05908 3.0041 2.94357 2.89201 2.79013 2.74502 2.67262 2.6331 2.54881 2.4978 2.40869 2.35219 2.28894 2.23675 2.20313 2.13207 2.0646 2.01188 1.95569 1.89757 1.84814 1.78591 1.72599 1.69097 1.64806 1.59578 1.53922 1.49257 1.45123 1.4027 1.36161 1.32553 1.28695 1.25189 1.21168 1.17608 1.1454 1.11174 1.08185 1.05229 1.02501 1 0.975494 0.954362 0.934029 0.917151 0.903881 0.886281 0.872822 0.867559 0.843682 0.840546 0.832149 0.829658 0.812571 0.824788 0.821919 0.804259 0.821904 0.830012 0.798177 0.819671 0.848755 0.825923 0.833486 0.851143 0.862142 0.901531 0.852888 0.88015 0.892407 0.933641 0.89357 0.9477 0.945302 0.964514 0.959247 0.991817 1.02395 1.02546 1.02977 1.08138 1.09584 1.08567 1.11698 1.13471 1.09908 1.14811 1.25257 1.21598 1.25045 1.28488 
3.63883 3.57323 3.54026 3.45382 3.38459 3.30814 3.23561 3.22539 3.09958 3.0683 3.00362 2.90395 2.86214 2.78732 2.72687 2.69264 2.61815 2.53573 2.47729 2.43185 2.34801 2.3043 2.24374 2.18005 2.14325 2.05609 2.00919 1.94549 1.8995 1.83367 1.77935 1.72753 1.68492 1.63727 1.59028 1.55015 1.49392 1.45065 1.40248 1.35797 1.32216 1.28897 1.24154 1.2067 1.17318 1.14101 1.11169 1.08015 1.05029 1.02446 1 0.976918 0.955634 0.936681 0.919513 0.898908 0.885494 0.873882 0.861888 0.853359 0.846143 0.834326 0.843563 0.82517 0.832858 0.823888 0.839626 0.832061 0.819667 0.805078 0.840129 0.846746 0.82332 0.828016 0.859724 0.861109 0.900265 0.880471 0.912342 0.922396 0.933515 0.924096 0.962321 0.962253 0.992997 1.05481 1.04227 1.03821 1.05262 1.0546 1.13072 1.11121 1.13806 1.12032 1.10811 1.18864 1.2388 1.2668 1.23839 1.29577 1.27604 
3.63189 3.58671 3.53707 3.44095 3.36502 3.31169 3.25432 3.16245 3.08102 3.01604 2.97172 2.91573 2.83892 2.78927 2.71816 2.66044 2.61096 2.54267 2.48733 2.40958 2.34818 2.30804 2.22094 2.15944 2.10188 2.06556 2.00363 1.92412 1.87181 1.81487 1.78116 1.73766 1.66435 1.62642 1.59022 1.53975 1.48409 1.44722 1.4075 1.3549 1.31635 1.28538 1.24538 1.20948 1.17094 1.1385 1.10891 1.07908 1.05043 1.02382 1 0.977461 0.957287 0.942188 0.920067 0.902577 0.886842 0.873299 0.864323 0.853191 0.849932 0.844292 0.853058 0.833473 0.824212 0.836603 0.818286 0.842525 0.834125 0.834925 0.824682 0.843986 0.848218 0.870041 0.860737 0.86907 0.903816 0.905367 0.911882 0.883162 0.921224 0.944124 0.949345 0.952003 0.978229 1.03096 1.07631 1.07562 1.0991 1.10434 1.10557 1.13695 1.10163 1.14368 1.218 1.17487 1.26596 1.23914 1.23827 1.2541 1.35264 
3.62212 3.56728 3.52125 3.437 3.36317 3.29746 3.24545 3.15981 3.06413 3.06172 2.9867 2.9015 2.85029 2.79604 2.72452 2.6512 2.59175 2.50701 2.44968 2.41025 2.33233 2.28473 2.22627 2.15854 2.11224 2.03326 1.9909 1.94688 1.88415 1.828 1.77718 1.73319 1.67564 1.62415 1.58412 1.5335 1.48586 1.43318 1.40048 1.35867 1.31535 1.27799 1.2405 1.20471 1.17185 1.13433 1.10406 1.07746 1.04977 1.02512 1 0.977985 0.958057 0.937195 0.921531 0.901648 0.896032 0.878664 0.865836 0.852002 0.845286 0.843528 0.837202 0.83647 0.826982 0.830737 0.849667 0.840387 0.829516 0.828348 0.850337 0.867138 0.869377 0.872752 0.855968 0.906685 0.890559 0.929057 0.918639 0.941656 0.968245 0.958935 0.957903 0.964217 1.01468 0.993952 1.00268 1.05358 1.09021 1.0599 1.18367 1.13823 1.14973 1.14257 1.19722 1.20964 1.20473 1.22666 1.26875 1.331 1.29379 
3.60764 3.59077 3.49761 3.4304 3.32341 3.28225 3.23344 3.14713 3.09941 3.02433 2.98811 2.8836 2.82136 2.7688 2.69908 2.66037 2.56349 2.52064 2.43891 2.38612 2.34061 2.27188 2.21464 2.16675 2.10433 2.04364 1.991 1.9577 1.88256 1.83382 1.76148 1.72049 1.68287 1.64003 1.58437 1.52295 1.48815 1.44721 1.40061 1.35648 1.3124 1.26814 1.24078 1.20379 1.16772 1.13843 1.10508 1.07534 1.04963 1.02379 1 0.978832 0.958381 0.939631 0.924716 0.904657 0.893594 0.880248 0.864872 0.860047 0.861038 0.851117 0.845843 0.841068 0.855481 0.847633 0.84233 0.853584 0.842133 0.852047 0.862421 0.877172 0.885324 0.889235 0.894572 0.920764 0.938787 0.912134 0.928628 0.972858 0.942888 0.987957 0.993564 1.03648 1.02057 1.04899 1.0695 1.06664 1.07593 1.11166 1.11391 1.17552 1.17155 1.20818 1.20679 1.27163 1.24084 1.29508 1.32136 1.29561 1.27106 
3.61352 3.58315 3.44553 3.38799 3.35078 3.30386 3.19509 3.17207 3.08157 3.00359 2.94583 2.88484 2.80521 2.72691 2.71347 2.62819 2.57856 2.50069 2.45113 2.40956 2.32126 2.26018 2.21454 2.16777 2.10029 2.03807 2.00413 1.93193 1.87258 1.81898 1.77134 1.70898 1.65049 1.61668 1.56521 1.53013 1.47569 1.43409 1.38493 1.34348 1.30874 1.27019 1.23625 1.19721 1.16137 1.13427 1.10553 1.07508 1.04879 1.02287 1 0.978011 0.957381 0.93805 0.922217 0.911566 0.899004 0.881952 0.884174 0.869619 0.868389 0.863216 0.862166 0.8332 0.861995 0.85407 0.834152 0.852162 0.848004 0.877697 0.888289 0.873365 0.877958 0.887369 0.869282 0.892694 0.913783 0.941921 0.975001 0.942407 0.961005 0.993893 1.00083 1.06136 1.02811 1.07738 1.08375 1.12104 1.15943 1.11786 1.18547 1.18532 1.2089 1.2209 1.25056 1.28861 1.24729 1.23308 1.33885 1.30784 1.35109 
3.60182 3.5484 3.48553 3.41039 3.35152 3.26152 3.201 3.15128 3.08691 3.00408 2.94387 2.86975 2.78316 2.76566 2.68885 2.65147 2.56253 2.54175 2.44796 2.38102 2.31811 2.26092 2.20343 2.15387 2.09449 2.04004 1.98137 1.93248 1.86243 1.81967 1.75566 1.70488 1.66973 1.60702 1.56514 1.52562 1.47164 1.42883 1.39588 1.3494 1.30562 1.28083 1.23568 1.20237 1.16202 1.13152 1.0995 1.07279 1.04807 1.02296 1 0.978741 0.960562 0.942746 0.926999 0.912452 0.895711 0.88116 0.87085 0.87478 0.871311 0.85644 0.845476 0.857169 0.839306 0.869762 0.840966 0.851148 0.854265 0.848908 0.863028 0.881459 0.893276 0.91828 0.928409 0.911209 0.944037 0.927224 0.966944 0.952113 0.954087 1.01072 1.02696 1.05209 1.07313 1.06507 1.03696 1.11329 1.08478 1.18909 1.17404 1.21815 1.2205 1.22341 1.19621 1.27847 1.2777 1.29472 1.35107 1.39364 1.39033 
3.59457 3.51256 3.46299 3.42669 3.34405 3.23219 3.20422 3.13862 3.10203 3.01539 2.94735 2.85409 2.7911 2.7204 2.70116 2.61752 2.54716 2.50966 2.47052 2.4012 2.31436 2.25094 2.21603 2.13812 2.09314 2.01681 1.96336 1.90659 1.86602 1.80659 1.74997 1.69671 1.66234 1.59687 1.55123 1.51818 1.47578 1.43902 1.38011 1.35041 1.3066 1.26575 1.23235 1.19227 1.15625 1.13017 1.103 1.0724 1.04758 1.02224 1 0.979796 0.960375 0.941925 0.921699 0.910919 0.902008 0.890493 0.880407 0.875263 0.856874 0.867468 0.853271 0.854528 0.856186 0.856711 0.845204 0.875343 0.871331 0.888682 0.883332 0.88919 0.920244 0.883182 0.943211 0.914354 0.960941 0.962838 0.966631 1.01163 0.99314 0.977051 1.01971 1.07139 1.02476 1.08617 1.118 1.11368 1.1316 1.15756 1.18382 1.28159 1.22267 1.20021 1.23833 1.33772 1.32129 1.33618 1.39955 1.38115 1.41696 
3.59702 3.53415 3.45734 3.38851 3.29859 3.23625 3.20844 3.11407 3.05631 2.98225 2.91174 2.86578 2.78114 2.7322 2.70228 2.62128 2.53396 2.50299 2.42988 2.37448 2.32397 2.25654 2.20978 2.14901 2.08938 2.00526 1.98125 1.91748 1.86594 1.78975 1.74793 1.70343 1.67106 1.59282 1.56081 1.50667 1.47391 1.41689 1.38133 1.33365 1.30333 1.26049 1.23258 1.19189 1.15968 1.13059 1.10522 1.07105 1.04545 1.02283 1 0.978834 0.962258 0.942114 0.9256 0.911539 0.900816 0.889682 0.8795 0.878291 0.869119 0.871984 0.867151 0.861795 0.863383 0.869918 0.866635 0.8659 0.868186 0.884706 0.883007 0.895381 0.912408 0.934694 0.927288 0.94246 0.981216 0.984179 0.979897 1.00973 1.03389 1.00391 1.03467 1.0486 1.0571 1.07412 1.13598 1.14546 1.16016 1.22101 1.18266 1.19925 1.24919 1.2546 1.29448 1.30445 1.32178 1.38686 1.35637 1.37312 1.40537 
3.55309 3.52568 3.44691 3.40668 3.30764 3.26378 3.18431 3.11395 3.06621 2.968 2.93979 2.83141 2.77044 2.7338 2.66999 2.62939 2.54257 2.4827 2.39757 2.37631 2.32087 2.26153 2.17319 2.13394 2.0698 1.99552 1.95525 1.90498 1.8628 1.78933 1.75453 1.69156 1.65051 1.60086 1.55797 1.50806 1.46315 1.41327 1.3772 1.33156 1.30145 1.25922 1.22835 1.1944 1.16029 1.12897 1.09885 1.06951 1.04521 1.02169 1 0.980292 0.962434 0.942565 0.930867 0.916092 0.899898 0.900164 0.886943 0.879873 0.868104 0.871681 0.867359 0.874752 0.857849 0.866954 0.879245 0.878551 0.876571 0.863655 0.888043 0.903508 0.914175 0.907811 0.939434 0.935541 0.971411 0.937173 0.971359 1.05152 1.04578 1.0171 1.08618 1.04316 1.08745 1.08629 1.11697 1.16209 1.15185 1.16705 1.25789 1.27102 1.30887 1.22484 1.33983 1.2857 1.36156 1.39461 1.43886 1.41954 1.42024 
3.57821 3.51258 3.40931 3.36773 3.31642 3.20302 3.18661 3.10062 3.0257 2.9942 2.91424 2.85377 2.81278 2.71215 2.66938 2.6094 2.54802 2.48447 2.40067 2.36835 2.3159 2.24703 2.16682 2.09883 2.06877 2.00782 1.95759 1.90085 1.85315 1.80168 1.74403 1.70346 1.63878 1.59954 1.54665 1.50636 1.44909 1.41967 1.39004 1.34043 1.30293 1.26214 1.2298 1.19085 1.15374 1.12568 1.10026 1.06991 1.04443 1.02208 1 0.979656 0.960546 0.94194 0.93293 0.913001 0.910728 0.892789 0.884733 0.888825 0.875714 0.874601 0.878633 0.863986 0.872161 0.873417 0.864507 0.891554 0.887762 0.907565 0.9113 0.914282 0.947061 0.918527 0.945116 0.978594 0.981343 0.970306 0.97264 1.03207 1.02957 1.06534 1.03003 1.09414 1.07945 1.1322 1.11846 1.16394 1.18743 1.20881 1.2341 1.22658 1.28861 1.2876 1.32053 1.3634 1.32529 1.429 1.47179 1.42967 1.47417 
3.59597 3.46387 3.43052 3.35983 3.2885 3.21992 3.17711 3.10124 3.03896 3.00501 2.90723 2.82821 2.77973 2.73016 2.65831 2.59927 2.54372 2.43823 2.41304 2.35941 2.26868 2.24081 2.17314 2.12764 2.06449 1.99622 1.94946 1.88447 1.83009 1.79044 1.74978 1.68536 1.6416 1.58706 1.5433 1.49616 1.46698 1.41909 1.37984 1.33785 1.29315 1.26186 1.22462 1.19211 1.15165 1.13078 1.09805 1.07004 1.04457 1.02189 1 0.979199 0.959687 0.944069 0.928751 0.918863 0.902649 0.888758 0.884936 0.883029 0.876218 0.883992 0.891682 0.877846 0.87422 0.892152 0.88554 0.884845 0.903618 0.917339 0.884018 0.904316 0.938453 0.935073 0.945116 0.943476 0.956688 0.986704 1.03592 1.02874 1.05379 1.06194 1.07776 1.15593 1.10112 1.11802 1.14184 1.22965 1.21481 1.2106 1.26784 1.23471 1.30721 1.35794 1.3487 1.43784 1.40148 1.43662 1.44196 1.39908 1.49076 
3.55861 3.48413 3.39536 3.36563 3.28053 3.22427 3.15757 3.07503 3.05284 2.9385 2.91697 2.84284 2.77639 2.71593 2.65103 2.57074 2.54702 2.45557 2.41921 2.34986 2.28044 2.22271 2.17162 2.11219 2.04499 2.01675 1.94543 1.88496 1.83624 1.78995 1.74512 1.69294 1.64956 1.60439 1.55362 1.49319 1.47255 1.41333 1.37186 1.32943 1.28792 1.25727 1.22322 1.18975 1.15448 1.12626 1.09743 1.06942 1.04622 1.02213 1 0.979177 0.960962 0.946751 0.931125 0.920061 0.902657 0.897995 0.887002 0.880157 0.89247 0.882979 0.873387 0.876217 0.879609 0.882778 0.885548 0.903642 0.883504 0.903608 0.918467 0.917747 0.927403 0.938187 0.956334 0.988122 0.976572 0.980821 1.02243 1.04579 1.07722 1.03157 1.09154 1.09526 1.15426 1.15848 1.18231 1.15817 1.22437 1.27173 1.24844 1.26881 1.28297 1.30701 1.37267 1.35226 1.42643 1.31343 1.50281 1.43497 1.51238 
3.51574 3.49704 3.41257 3.33718 3.25857 3.2187 3.16295 3.08553 3.01993 2.99015 2.8953 2.8256 2.76517 2.70794 2.64121 2.59106 2.53521 2.47644 2.39909 2.3338 2.27822 2.20916 2.14216 2.12031 2.05812 1.99681 1.94081 1.8937 1.82967 1.79838 1.74088 1.68221 1.62761 1.59453 1.5373 1.50213 1.44521 1.4186 1.36965 1.33235 1.2919 1.24948 1.22046 1.19319 1.16117 1.12916 1.09327 1.06917 1.04336 1.02246 1 0.980768 0.963291 0.947058 0.931986 0.920008 0.906295 0.901195 0.882853 0.889881 0.882557 0.880578 0.868589 0.86544 0.868075 0.896475 0.879017 0.903258 0.89209 0.897693 0.937517 0.917623 0.967348 0.926071 0.978943 0.987287 1.00973 1.00013 1.03304 1.03682 1.05056 1.10429 1.08516 1.11292 1.13856 1.21996 1.12511 1.19709 1.20823 1.23588 1.3129 1.29899 1.34447 1.37239 1.36538 1.35308 1.36956 1.42242 1.5238 1.5078 1.49153 
3.56624 3.47266 3.41041 3.36849 3.26116 3.21438 3.14807 3.06196 3.02319 2.94033 2.89621 2.83827 2.75601 2.73404 2.6107 2.5762 2.52523 2.45327 2.40423 2.33056 2.29395 2.19917 2.14358 2.1078 2.05763 2.00084 1.93571 1.88816 1.84889 1.79272 1.73459 1.69 1.63312 1.59838 1.53865 1.49201 1.46034 1.40305 1.3731 1.34021 1.29721 1.25381 1.21726 1.18548 1.1595 1.12091 1.09426 1.06872 1.04449 1.02147 1 0.981008 0.966879 0.947355 0.937215 0.922409 0.915158 0.909538 0.893043 0.890059 0.897073 0.890727 0.880041 0.886255 0.888212 0.892347 0.901034 0.887908 0.914233 0.909983 0.944488 0.949285 0.940937 0.977647 0.978829 1.01 1.00216 0.994842 1.01505 1.09928 1.04121 1.08202 1.10056 1.12534 1.09525 1.15671 1.15062 1.19173 1.24228 1.2258 1.31493 1.3272 1.30727 1.34724 1.37753 1.43474 1.41531 1.42196 1.44147 1.45655 1.49508 
3.54056 3.491 3.40691 3.32007 3.26757 3.2071 3.12555 3.07853 3.00776 2.94794 2.916 2.82773 2.76871 2.67761 2.63381 2.58585 2.50932 2.44651 2.40064 2.32713 2.29166 2.20014 2.16916 2.09986 2.03258 1.99671 1.93119 1.87628 1.84031 1.79576 1.71998 1.67736 1.63252 1.57729 1.53294 1.49055 1.44853 1.39839 1.36835 1.33444 1.29372 1.24121 1.21503 1.18347 1.15099 1.11694 1.09517 1.0665 1.04269 1.02037 1 0.980757 0.962978 0.94875 0.932825 0.919904 0.917567 0.898216 0.891557 0.885922 0.890615 0.893828 0.881685 0.874558 0.905361 0.881163 0.881767 0.913037 0.901442 0.915928 0.939727 0.938711 0.974075 0.96816 0.969391 0.994568 0.986679 1.02152 1.01254 1.0603 1.07087 1.11049 1.1212 1.12303 1.14206 1.19491 1.16295 1.18834 1.24005 1.2591 1.26783 1.3355 1.33547 1.32937 1.38105 1.43853 1.44285 1.39664 1.45316 1.52078 1.60822 
3.53926 3.4598 3.40611 3.33875 3.26551 3.16806 3.10093 3.09574 3.02867 2.92947 2.86904 2.8255 2.78105 2.67686 2.63394 2.56034 2.52775 2.45912 2.38605 2.32133 2.28522 2.20322 2.15878 2.09567 2.04465 1.98673 1.94265 1.87771 1.84545 1.78492 1.71678 1.67943 1.61819 1.58425 1.52158 1.49501 1.44515 1.40451 1.36336 1.32789 1.28642 1.25037 1.21795 1.18336 1.15287 1.1197 1.09297 1.06856 1.04212 1.01966 1 0.981623 0.964723 0.94892 0.933733 0.921555 0.91052 0.912073 0.897977 0.904225 0.902897 0.889272 0.885581 0.897864 0.894597 0.895438 0.907269 0.906933 0.888757 0.923971 0.943872 0.96785 0.96002 0.977841 0.981756 1.0029 0.977289 1.01832 1.04013 1.04902 1.12436 1.1351 1.14599 1.15319 1.16866 1.15243 1.19875 1.21824 1.24031 1.23936 1.34635 1.34542 1.36675 1.32882 1.32176 1.48633 1.45991 1.4368 1.51171 1.50017 1.53353 
3.51686 3.45053 3.39269 3.33373 3.25519 3.20197 3.11607 3.05804 3.00765 2.95346 2.88374 2.82142 2.75818 2.69838 2.6185 2.56516 2.48312 2.45543 2.4086 2.33783 2.24327 2.23051 2.16117 2.10543 2.05121 2.00735 1.91695 1.87928 1.82127 1.77076 1.71566 1.67965 1.62482 1.5791 1.52875 1.49256 1.45188 1.40958 1.3602 1.33028 1.28266 1.239 1.21813 1.18137 1.15155 1.12233 1.0916 1.06796 1.04351 1.02006 1 0.981573 0.964274 0.950391 0.936242 0.931217 0.918061 0.904308 0.900238 0.891785 0.886048 0.886337 0.903657 0.894305 0.891445 0.900014 0.911871 0.900735 0.914138 0.921869 0.900681 0.965686 0.956242 0.996277 1.0071 1.00525 1.00052 1.03223 1.06314 1.08886 1.08272 1.09011 1.14782 1.17885 1.17721 1.2168 1.16707 1.23115 1.23226 1.28684 1.3411 1.30248 1.33541 1.38962 1.40047 1.50888 1.46161 1.48803 1.54632 1.54947 1.53343 
3.51829 3.45954 3.37336 3.36718 3.26707 3.20448 3.11109 3.06553 2.98747 2.92749 2.85324 2.82002 2.76056 2.69592 2.63173 2.56395 2.50934 2.46121 2.39882 2.33002 2.24686 2.20659 2.14074 2.07892 2.05743 1.97747 1.90909 1.89357 1.81202 1.76785 1.71631 1.67715 1.62136 1.56549 1.52171 1.50204 1.44424 1.40971 1.36138 1.32911 1.28678 1.23928 1.20882 1.17711 1.14982 1.12453 1.09135 1.06576 1.04154 1.0195 1 0.98187 0.965436 0.952757 0.93708 0.930027 0.914985 0.910921 0.900455 0.893418 0.900125 0.886376 0.882318 0.888524 0.891008 0.886614 0.912611 0.932487 0.930677 0.933827 0.961052 0.958959 0.983376 0.99124 0.967359 0.991831 1.04697 1.0181 1.07559 1.08287 1.06795 1.12236 1.16252 1.15414 1.16769 1.22436 1.23325 1.24779 1.30571 1.27784 1.31099 1.32232 1.38246 1.42994 1.43761 1.38403 1.51641 1.48527 1.5632 1.51839 1.59577 
3.49321 3.42753 3.35351 3.32848 3.21545 3.16702 3.11363 3.06586 3.01568 2.96685 2.85735 2.7921 2.73984 2.65957 2.62153 2.55787 2.48988 2.42524 2.39919 2.32244 2.27048 2.21742 2.16254 2.09835 2.02943 1.9701 1.92896 1.88752 1.81319 1.76548 1.71228 1.66547 1.61991 1.56887 1.54091 1.49269 1.43649 1.40008 1.35596 1.32918 1.28981 1.25297 1.21502 1.17984 1.14706 1.11755 1.09454 1.06549 1.04189 1.02026 1 0.981611 0.963507 0.949024 0.937519 0.927836 0.916246 0.903799 0.897761 0.892169 0.892924 0.895909 0.907104 0.902568 0.889363 0.879971 0.898508 0.913864 0.945565 0.93676 0.938691 0.969209 0.957041 0.994348 0.984341 1.02003 1.01167 1.05668 1.04992 1.09643 1.09997 1.13658 1.14748 1.18718 1.19765 1.20582 1.21702 1.27493 1.28224 1.31592 1.29635 1.33341 1.4155 1.35181 1.42044 1.45098 1.45887 1.44028 1.50366 1.53004 1.63977 
3.49184 3.4398 3.34626 3.33347 3.2655 3.15948 3.09777 3.03576 3.02231 2.9386 2.84285 2.82513 2.75149 2.64378 2.59504 2.55068 2.48487 2.43399 2.3624 2.32163 2.23693 2.20576 2.15122 2.08375 2.04226 1.98602 1.91714 1.87558 1.82166 1.75332 1.72278 1.67392 1.62704 1.57231 1.5312 1.48637 1.43821 1.39775 1.35258 1.3231 1.28396 1.23748 1.21848 1.17779 1.14836 1.11976 1.09085 1.06578 1.04069 1.01972 1 0.981917 0.967975 0.946811 0.939081 0.931452 0.918307 0.903877 0.899711 0.89577 0.894971 0.903345 0.901238 0.898836 0.903619 0.899318 0.929333 0.904556 0.921999 0.91021 0.94436 0.938993 0.994612 0.999735 0.987299 1.03837 1.03823 1.04649 1.05102 1.08858 1.13482 1.08487 1.12749 1.12438 1.19861 1.21367 1.22794 1.21245 1.2996 1.34659 1.30809 1.3387 1.40361 1.40064 1.4496 1.45411 1.49295 1.542 1.54702 1.61871 1.6108 
3.47762 3.44612 3.3688 3.29873 3.26344 3.14476 3.10187 3.06919 3.00448 2.946 2.83394 2.81805 2.76266 2.65897 2.59152 2.53904 2.48618 2.42774 2.38144 2.32837 2.25156 2.19156 2.15962 2.07439 2.04085 1.97386 1.93078 1.8673 1.80916 1.7715 1.72631 1.66745 1.63099 1.57376 1.52085 1.48591 1.4319 1.39789 1.33956 1.31241 1.27296 1.2468 1.21295 1.18475 1.14452 1.1214 1.08607 1.06756 1.04278 1.02064 1 0.982686 0.966468 0.949848 0.940031 0.932343 0.918654 0.909281 0.905783 0.902035 0.900001 0.899814 0.891994 0.899563 0.894433 0.905956 0.907194 0.912335 0.931968 0.945859 0.942179 0.969679 0.97941 1.00346 0.996636 1.03514 1.02467 1.05762 1.07618 1.0682 1.1234 1.05837 1.19445 1.19479 1.21715 1.23586 1.2219 1.30472 1.33099 1.28642 1.35057 1.37729 1.40177 1.36121 1.40627 1.41406 1.47999 1.5127 1.48589 1.62797 1.5536 
3.46011 3.42893 3.36559 3.30769 3.25571 3.19331 3.11151 3.07069 2.98471 2.88975 2.83524 2.82099 2.70043 2.69372 2.60995 2.56522 2.47459 2.4509 2.38759 2.31753 2.25933 2.19077 2.1488 2.0949 2.02971 1.97364 1.90327 1.87194 1.80185 1.77432 1.70628 1.66711 1.61028 1.56438 1.52606 1.48481 1.4401 1.38451 1.35768 1.31639 1.27088 1.24519 1.20648 1.18248 1.1461 1.11542 1.08984 1.06383 1.0428 1.02003 1 0.981524 0.964276 0.94983 0.942369 0.926721 0.920983 0.916873 0.908191 0.904257 0.905484 0.89538 0.899881 0.896612 0.909417 0.898387 0.901685 0.936307 0.954354 0.934208 0.961377 0.950448 0.964873 1.00543 1.01801 1.03751 1.03403 1.07337 1.0757 1.11606 1.10421 1.10909 1.12767 1.13682 1.22773 1.22127 1.24208 1.27895 1.30952 1.37659 1.30564 1.38461 1.40717 1.46294 1.47137 1.47862 1.48717 1.59057 1.50708 1.61639 1.56372 
3.49629 3.42428 3.37634 3.30979 3.251 3.15484 3.11223 3.03293 2.96319 2.92542 2.88061 2.79264 2.74896 2.66547 2.59679 2.53765 2.49426 2.42411 2.38345 2.31323 2.2606 2.1936 2.13452 2.08852 2.02573 1.97028 1.90873 1.87469 1.80678 1.76656 1.71945 1.67252 1.60934 1.56171 1.53567 1.48105 1.43868 1.39487 1.35352 1.30716 1.2779 1.23878 1.20258 1.17653 1.14632 1.11745 1.09155 1.06397 1.04011 1.01934 1 0.982096 0.96655 0.948729 0.938893 0.923679 0.92055 0.914395 0.916399 0.902222 0.903099 0.921473 0.906694 0.899483 0.923387 0.917349 0.928077 0.936232 0.942435 0.940527 0.956861 0.973968 1.00292 1.02433 1.00549 0.993627 1.07565 1.04024 1.10602 1.08347 1.16346 1.15338 1.14179 1.22341 1.17116 1.24386 1.24577 1.26614 1.30515 1.31517 1.38918 1.3492 1.36627 1.45232 1.46108 1.46931 1.50573 1.53441 1.61113 1.56153 1.6394 
3.50969 3.45772 3.36802 3.3132 3.24404 3.16016 3.06927 3.04523 2.97503 2.90064 2.85415 2.79512 2.7046 2.69547 2.60836 2.54224 2.47322 2.43129 2.35046 2.31997 2.2704 2.21179 2.14153 2.10057 2.00473 1.95616 1.89222 1.86484 1.82692 1.75536 1.71926 1.65464 1.61912 1.57361 1.51879 1.47632 1.43525 1.39549 1.35513 1.31639 1.27979 1.24531 1.20675 1.17918 1.13907 1.1184 1.08857 1.06146 1.04176 1.02025 1 0.98216 0.967268 0.953791 0.945462 0.923745 0.924221 0.915102 0.909305 0.904732 0.899297 0.893835 0.89484 0.88864 0.916653 0.918206 0.912284 0.931415 0.936952 0.938961 0.972986 0.965006 0.985468 1.01253 1.01993 1.04367 1.05918 1.05494 1.146 1.09988 1.12848 1.16652 1.1703 1.19094 1.19914 1.22435 1.29804 1.29201 1.30882 1.33963 1.36876 1.37452 1.36448 1.41275 1.46124 1.42601 1.50865 1.48932 1.5683 1.57475 1.62758 
3.4877 3.42838 3.32531 3.30215 3.25621 3.14317 3.07306 3.0399 2.94749 2.92238 2.86207 2.75859 2.71949 2.68391 2.6019 2.53527 2.47596 2.41605 2.36368 2.29167 2.26405 2.17618 2.12376 2.07997 2.01523 1.94947 1.91418 1.86064 1.81453 1.78161 1.70908 1.64115 1.60428 1.55751 1.53054 1.48163 1.43612 1.3833 1.35145 1.31428 1.2776 1.24168 1.20289 1.17392 1.14717 1.11719 1.08815 1.06325 1.03954 1.01941 1 0.98241 0.969361 0.954932 0.943158 0.935626 0.923216 0.914425 0.902348 0.90435 0.90143 0.907481 0.92535 0.918601 0.909556 0.917162 0.936329 0.92445 0.925439 0.949127 0.961973 0.977451 1.01037 1.0387 1.01974 1.07324 1.073 1.05496 1.12282 1.10473 1.15641 1.09254 1.17472 1.21524 1.1888 1.26035 1.27708 1.24719 1.32474 1.39518 1.35624 1.34147 1.42935 1.48557 1.45099 1.4879 1.49784 1.53988 1.56097 1.55899 1.64384 
3.48964 3.4098 3.36183 3.27846 3.18699 3.15462 3.11318 3.00309 2.94621 2.90456 2.83833 2.78236 2.71194 2.67442 2.60504 2.53123 2.49012 2.40753 2.36336 2.31 2.25389 2.18557 2.10633 2.07423 1.99459 1.96634 1.89612 1.84762 1.81187 1.75729 1.70058 1.65593 1.60785 1.57507 1.51609 1.46293 1.4364 1.39538 1.34516 1.3138 1.27569 1.24251 1.20261 1.17434 1.1421 1.11396 1.08656 1.06077 1.03999 1.01949 1 0.981562 0.966031 0.953797 0.938307 0.928922 0.920337 0.913729 0.915035 0.907294 0.910406 0.910542 0.900667 0.909755 0.911472 0.938725 0.928748 0.941903 0.935139 0.966067 0.958221 0.981141 0.984662 1.03236 1.00462 1.02711 1.03344 1.09337 1.08763 1.09808 1.12805 1.16087 1.16408 1.22805 1.26227 1.26704 1.27727 1.27627 1.31114 1.29832 1.36473 1.37583 1.40161 1.41449 1.41658 1.54178 1.50107 1.47646 1.54873 1.65319 1.68722 
3.52401 3.43851 3.31165 3.28502 3.21512 3.15914 3.08719 3.01788 2.95129 2.89141 2.85526 2.82129 2.68368 2.65438 2.60835 2.53729 2.4767 2.40279 2.33934 2.31187 2.24962 2.16922 2.15108 2.06881 2.00456 1.96474 1.89563 1.87347 1.82956 1.7658 1.71674 1.65894 1.61273 1.55994 1.50887 1.47772 1.43526 1.39698 1.34582 1.31745 1.27136 1.23077 1.20776 1.16922 1.14713 1.11807 1.08579 1.06457 1.04105 1.01844 1 0.982852 0.96717 0.952391 0.943098 0.932849 0.924781 0.921123 0.909337 0.907047 0.906043 0.904731 0.918103 0.919891 0.927304 0.935662 0.919236 0.938619 0.929981 0.948012 0.961666 0.96315 0.990896 1.01419 1.01135 1.01824 1.06558 1.06567 1.12524 1.1503 1.1378 1.10891 1.17762 1.21911 1.2279 1.26155 1.2431 1.30515 1.30663 1.37676 1.38118 1.38425 1.43228 1.41405 1.46386 1.54502 1.55583 1.54302 1.62776 1.61627 1.66275 
3.5117 3.43199 3.3307 3.25817 3.22596 3.16334 3.10551 3.0341 2.95499 2.87236 2.85175 2.76965 2.71353 2.67272 2.60128 2.54384 2.47794 2.3877 2.34459 2.28883 2.21084 2.17339 2.12471 2.06614 2.01715 1.96146 1.91655 1.84388 1.81083 1.75603 1.69937 1.66107 1.61932 1.55881 1.51761 1.45926 1.43103 1.38912 1.34401 1.31563 1.2738 1.24013 1.20488 1.17434 1.14303 1.11865 1.08817 1.06369 1.03996 1.01857 1 0.983001 0.967318 0.953901 0.940756 0.927794 0.92112 0.921529 0.908872 0.916327 0.902927 0.904744 0.896389 0.922393 0.910317 0.917243 0.930158 0.940582 0.959069 0.958872 0.952119 0.960981 0.99529 1.02092 1.0344 1.02873 1.05897 1.06767 1.07507 1.12435 1.12302 1.18925 1.1938 1.22812 1.21205 1.26803 1.30803 1.31117 1.29148 1.37384 1.36732 1.41518 1.38843 1.43341 1.43671 1.55859 1.52577 1.60766 1.56158 1.68481 1.69202 
3.52422 3.39147 3.3221 3.31082 3.18855 3.12622 3.09637 3.0392 2.96297 2.91675 2.86991 2.78279 2.72582 2.64786 2.60271 2.57284 2.46492 2.42813 2.35544 2.28926 2.22126 2.19629 2.12588 2.0547 2.01672 1.95372 1.91079 1.86005 1.8027 1.7629 1.68578 1.64575 1.61109 1.56551 1.50372 1.4545 1.42112 1.38505 1.35047 1.30172 1.26278 1.23733 1.20443 1.16955 1.14469 1.11297 1.09161 1.06377 1.03997 1.01926 1 0.983792 0.966843 0.95381 0.943188 0.936562 0.921615 0.919853 0.911947 0.903713 0.905269 0.918037 0.90854 0.923692 0.923024 0.921547 0.92012 0.95172 0.944453 0.964024 0.992814 0.963292 1.02148 1.01706 1.04991 1.06167 1.06584 1.08666 1.08259 1.13547 1.13604 1.16717 1.16857 1.20667 1.23806 1.24395 1.29717 1.27632 1.30807 1.35046 1.41553 1.45224 1.46317 1.43645 1.52202 1.5293 1.61046 1.64559 1.54624 1.6176 1.62598 
3.47606 3.38763 3.31461 3.2745 3.19449 3.14414 3.11999 2.98849 2.95592 2.90971 2.8558 2.75122 2.72282 2.63372 2.59724 2.52665 2.45528 2.41917 2.35411 2.27938 2.24349 2.16778 2.11676 2.06623 2.0192 1.97039 1.90638 1.83664 1.79102 1.7371 1.71978 1.66434 1.59494 1.55089 1.51135 1.45957 1.42252 1.39128 1.34807 1.30671 1.27058 1.23246 1.2008 1.17029 1.1495 1.10874 1.08791 1.05984 1.04333 1.01905 1 0.982858 0.969878 0.953787 0.940587 0.933392 0.922676 0.912758 0.914371 0.915991 0.90365 0.92813 0.907886 0.928377 0.920968 0.92084 0.954333 0.941302 0.949664 0.964096 0.975119 0.989883 1.01038 1.02936 1.04893 1.03998 1.0501 1.08868 1.09337 1.11926 1.13903 1.18484 1.21741 1.1949 1.24687 1.2569 1.32007 1.33294 1.36447 1.33473 1.44873 1.41558 1.42176 1.44991 1.50375 1.51123 1.57706 1.53236 1.6401 1.62992 1.73396 
3.4816 3.41416 3.28937 3.2558 3.21615 3.17154 3.09707 3.0337 2.96628 2.92009 2.86336 2.76961 2.7198 2.6575 2.59465 2.52252 2.4567 2.40269 2.35463 2.2918 2.23154 2.17911 2.10207 2.07944 2.00364 1.95814 1.8943 1.85562 1.79662 1.75032 1.68944 1.63925 1.60048 1.55583 1.51369 1.45561 1.41973 1.39504 1.34318 1.31336 1.25903 1.24323 1.20015 1.17837 1.14114 1.11277 1.0826 1.06402 1.03955 1.01886 1 0.982739 0.966481 0.954711 0.945614 0.926252 0.924695 0.915199 0.913059 0.919899 0.912635 0.922249 0.909622 0.919483 0.921326 0.941392 0.936097 0.942862 0.969939 0.976168 1.00579 0.995985 1.00894 1.02471 1.02773 1.07083 1.08983 1.09533 1.11948 1.1441 1.13704 1.20178 1.21209 1.23077 1.24309 1.30069 1.2758 1.35622 1.35868 1.38937 1.44119 1.38527 1.43776 1.47208 1.56384 1.55896 1.59092 1.58724 1.61059 1.65174 1.6793 
3.44253 3.38927 3.3562 3.25581 3.23345 3.13509 3.08852 3.01365 2.96135 2.90544 2.82141 2.75573 2.69376 2.63754 2.59152 2.52502 2.46887 2.38992 2.36325 2.29816 2.22608 2.1868 2.09268 2.06583 2.01309 1.94593 1.89901 1.85463 1.80688 1.72032 1.69967 1.63603 1.6016 1.54646 1.5004 1.47654 1.42058 1.39507 1.34584 1.29522 1.26343 1.23788 1.20465 1.17392 1.13978 1.11141 1.08646 1.06008 1.03844 1.01855 1 0.983552 0.968048 0.955609 0.943625 0.936422 0.923143 0.922997 0.91327 0.913326 0.913468 0.916009 0.912849 0.921491 0.919932 0.920322 0.940585 0.933859 0.945365 0.942233 0.987624 1.01387 1.00138 1.04419 1.04177 1.07611 1.05617 1.04723 1.11394 1.11883 1.14095 1.16649 1.18697 1.21689 1.22049 1.25354 1.24789 1.35327 1.38452 1.29343 1.3999 1.44401 1.50829 1.44002 1.51964 1.49148 1.58728 1.56217 1.62127 1.59877 1.68427 
3.42333 3.3849 3.30924 3.2837 3.21331 3.13583 3.04734 3.03868 2.94913 2.88517 2.83783 2.74773 2.70697 2.67493 2.56169 2.51606 2.44647 2.4283 2.35568 2.27306 2.23983 2.18583 2.12458 2.07023 2.00057 1.95785 1.89012 1.84616 1.78425 1.76103 1.69856 1.64462 1.59771 1.55416 1.51592 1.47173 1.42307 1.3833 1.3347 1.30264 1.26539 1.22981 1.19224 1.16444 1.14131 1.11157 1.0862 1.06046 1.03795 1.01915 1 0.983406 0.967813 0.955399 0.945686 0.938377 0.923561 0.920408 0.916078 0.912107 0.917281 0.911619 0.920907 0.919251 0.924954 0.937194 0.941252 0.937768 0.946441 0.971217 0.984919 0.985352 1.01409 1.0515 1.02319 1.0447 1.10434 1.09996 1.12058 1.13848 1.15217 1.15609 1.19492 1.22635 1.29388 1.24327 1.2876 1.33006 1.34066 1.36186 1.3863 1.43278 1.41827 1.45158 1.52406 1.57122 1.58167 1.60631 1.69056 1.69548 1.67589 
3.47743 3.39203 3.34923 3.26738 3.19163 3.14212 3.0782 2.99597 2.93372 2.86959 2.82931 2.73113 2.72233 2.62343 2.59459 2.50366 2.46538 2.41098 2.3273 2.2719 2.2408 2.16774 2.12288 2.06383 2.01007 1.95715 1.88705 1.83728 1.7778 1.73613 1.68999 1.63614 1.60589 1.54685 1.4897 1.46655 1.41631 1.38402 1.33128 1.31484 1.28178 1.2275 1.20466 1.17019 1.13781 1.10844 1.08884 1.05869 1.03886 1.01814 1 0.984531 0.969637 0.952882 0.944562 0.933905 0.922494 0.922917 0.910312 0.922424 0.910662 0.917902 0.915193 0.910725 0.929156 0.922361 0.940178 0.94163 0.939374 0.974669 0.977964 0.995053 1.00387 1.04414 1.04303 1.0807 1.07676 1.09812 1.13047 1.16854 1.15905 1.17071 1.19434 1.24798 1.28237 1.29306 1.29666 1.29782 1.36285 1.40907 1.35419 1.44405 1.44015 1.42908 1.5236 1.55154 1.60847 1.59955 1.61302 1.64374 1.70733 
3.47627 3.41587 3.33312 3.23395 3.21458 3.17475 3.0775 3.0205 2.98187 2.87774 2.82121 2.7538 2.69579 2.61385 2.60132 2.5262 2.44339 2.3999 2.3642 2.28891 2.21196 2.1573 2.10212 2.06582 2.01619 1.95613 1.89202 1.84458 1.77693 1.76141 1.69605 1.62584 1.59031 1.55394 1.49982 1.46381 1.42157 1.38567 1.34314 1.30455 1.2761 1.23657 1.19213 1.16321 1.13458 1.11468 1.08576 1.06419 1.03877 1.01717 1 0.982271 0.969407 0.955751 0.945562 0.935576 0.933323 0.92499 0.918857 0.92423 0.918551 0.913953 0.933082 0.927078 0.935502 0.928606 0.939274 0.942865 0.973662 0.983212 0.990096 1.00923 1.02216 1.04253 1.03707 1.06042 1.09379 1.11985 1.11971 1.15318 1.13952 1.18733 1.23252 1.25128 1.28594 1.29419 1.34822 1.30437 1.33165 1.40405 1.43826 1.45524 1.44398 1.53501 1.5699 1.53327 1.5578 1.61517 1.64075 1.688 1.70383 
3.44455 3.40051 3.33689 3.2274 3.18362 3.10799 3.06161 3.0155 2.95658 2.89861 2.82277 2.76878 2.71709 2.63124 2.57446 2.52609 2.4315 2.37915 2.33621 2.28449 2.21825 2.15075 2.11908 2.05618 1.99412 1.94313 1.9025 1.85377 1.79195 1.73535 1.6812 1.6512 1.59964 1.56323 1.51258 1.46408 1.41573 1.3799 1.33342 1.30518 1.26752 1.23784 1.19957 1.17195 1.14332 1.10536 1.08359 1.06302 1.0388 1.01843 1 0.983099 0.969524 0.957249 0.942268 0.941391 0.927003 0.921871 0.917846 0.914568 0.921004 0.924736 0.912729 0.916097 0.934596 0.923763 0.939286 0.970292 0.969108 0.9891 0.999737 1.00421 1.02334 1.01528 1.04376 1.05597 1.09575 1.10556 1.1229 1.16112 1.22164 1.22211 1.22918 1.24567 1.27407 1.27189 1.33327 1.29413 1.37935 1.41985 1.36664 1.43587 1.47017 1.47075 1.57762 1.52622 1.63489 1.63559 1.6075 1.63448 1.72327 
3.44449 3.3863 3.32856 3.22792 3.20941 3.14539 3.08373 3.01718 2.94262 2.87963 2.84383 2.7692 2.68715 2.63355 2.57341 2.52719 2.4391 2.39687 2.34607 2.29057 2.21565 2.17296 2.12544 2.05776 2.03228 1.92585 1.90592 1.85686 1.79616 1.74713 1.68855 1.67077 1.59366 1.54709 1.51348 1.45639 1.42845 1.37507 1.33404 1.31806 1.26496 1.23433 1.19813 1.16908 1.13718 1.11142 1.08333 1.06011 1.03739 1.01804 1 0.983386 0.972951 0.955712 0.949408 0.940459 0.931626 0.922221 0.909481 0.907673 0.921916 0.919254 0.927168 0.936563 0.926503 0.946884 0.942122 0.957098 0.961583 0.981619 1.01118 1.01193 0.990875 1.04555 1.05859 1.05355 1.07975 1.13426 1.09033 1.13508 1.18402 1.21361 1.22692 1.23903 1.24887 1.29697 1.32666 1.35005 1.3667 1.35231 1.44667 1.4243 1.50016 1.4527 1.50905 1.54174 1.59698 1.60574 1.64078 1.71455 1.68274 
3.45148 3.38629 3.30601 3.26715 3.20811 3.15327 3.08345 3.0234 2.93225 2.87041 2.79085 2.75891 2.68946 2.62087 2.56127 2.49353 2.46253 2.39927 2.33104 2.27352 2.24341 2.18193 2.11213 2.05189 1.99183 1.96115 1.90002 1.83062 1.78584 1.74398 1.69285 1.63162 1.60419 1.54569 1.49502 1.45862 1.40089 1.37974 1.33818 1.30489 1.25927 1.23218 1.19637 1.16129 1.13191 1.10617 1.08182 1.06017 1.03828 1.01865 1 0.983989 0.969524 0.956832 0.939086 0.937224 0.929411 0.927976 0.92431 0.912471 0.917263 0.925086 0.917386 0.929841 0.946472 0.944164 0.934383 0.964102 0.983161 0.988646 1.01003 1.02034 1.0008 1.02034 1.08012 1.06785 1.08734 1.11037 1.1006 1.18443 1.20983 1.21872 1.24775 1.25309 1.24411 1.30046 1.291 1.32407 1.35846 1.38209 1.38238 1.40636 1.52471 1.53016 1.57155 1.57618 1.61075 1.5725 1.60023 1.71457 1.70695 
3.44844 3.41694 3.33073 3.24425 3.19062 3.13048 3.04751 3.02147 2.94729 2.89302 2.80967 2.75772 2.70518 2.65001 2.56466 2.5153 2.45563 2.39041 2.34268 2.28003 2.20061 2.1505 2.12154 2.06745 2.01294 1.92622 1.89585 1.8402 1.78994 1.73669 1.68617 1.64175 1.59871 1.54729 1.51409 1.46077 1.40631 1.38136 1.34763 1.3176 1.26736 1.22987 1.19884 1.16437 1.13763 1.10775 1.08271 1.0611 1.03937 1.0177 1 0.983378 0.969388 0.956761 0.945894 0.931837 0.928932 0.925583 0.921171 0.921739 0.924328 0.92663 0.926924 0.92184 0.94602 0.94031 0.95274 0.950036 0.965426 0.987409 0.984778 1.0104 1.0197 1.05033 1.06926 1.0952 1.11208 1.11542 1.1508 1.17351 1.1752 1.1934 1.2429 1.24128 1.2843 1.27314 1.34544 1.37393 1.34343 1.39324 1.43347 1.46101 1.49414 1.55672 1.55004 1.59536 1.61175 1.62212 1.63843 1.63943 1.76278 
3.44482 3.35703 3.31462 3.25819 3.20607 3.13936 3.06705 3.01733 2.94673 2.86122 2.80941 2.74897 2.69322 2.61397 2.54974 2.51527 2.47008 2.41548 2.33816 2.28012 2.21287 2.17073 2.09288 2.04082 2.00867 1.93393 1.90284 1.84455 1.78924 1.74274 1.70045 1.64065 1.59277 1.54519 1.51453 1.46578 1.42228 1.38183 1.34149 1.30363 1.26534 1.23049 1.20416 1.16434 1.14103 1.11147 1.0843 1.05929 1.03754 1.01834 1 0.983594 0.96868 0.955582 0.944263 0.931833 0.932206 0.927345 0.91882 0.922613 0.923449 0.92932 0.913206 0.930249 0.933572 0.933536 0.948076 0.960364 0.9629 0.97767 1.00942 1.02728 1.0275 1.04418 1.05549 1.06906 1.10388 1.12496 1.11117 1.17826 1.18747 1.19758 1.23926 1.21332 1.26654 1.31438 1.375 1.3202 1.38618 1.41384 1.46162 1.46338 1.52322 1.48052 1.52377 1.53711 1.5499 1.6034 1.69373 1.73114 1.70322 
3.44405 3.35838 3.30253 3.24659 3.18618 3.12287 3.05023 2.97943 2.90526 2.88177 2.82757 2.75117 2.69501 2.62935 2.57222 2.4775 2.48024 2.39884 2.35124 2.26444 2.19847 2.15444 2.1069 2.0497 2.01167 1.93821 1.89292 1.84802 1.78666 1.75142 1.67181 1.63884 1.59766 1.54757 1.49649 1.44907 1.42525 1.38074 1.34518 1.29911 1.25842 1.23421 1.19528 1.16687 1.13772 1.11039 1.08397 1.06139 1.0383 1.01797 1 0.983538 0.969623 0.952846 0.943837 0.937644 0.930506 0.934992 0.92047 0.91896 0.919283 0.931729 0.912079 0.931733 0.939136 0.946867 0.962097 0.972908 0.968932 0.966094 1.00012 1.02462 1.03097 1.0563 1.06206 1.0743 1.11143 1.11786 1.15616 1.13986 1.14574 1.21645 1.23134 1.26964 1.2767 1.3023 1.32842 1.36133 1.38102 1.41496 1.42416 1.50487 1.48776 1.48092 1.53597 1.62117 1.57884 1.64116 1.65062 1.68318 1.74492 
3.45263 3.35787 3.33715 3.21449 3.17382 3.1285 3.0192 3.02946 2.93508 2.86464 2.82473 2.7606 2.67607 2.61515 2.5692 2.46901 2.47893 2.39171 2.31879 2.26873 2.2286 2.16118 2.09784 2.02324 1.99724 1.94386 1.90737 1.83171 1.77517 1.74423 1.671 1.63004 1.59213 1.55575 1.50469 1.45818 1.41815 1.38768 1.334 1.30693 1.27174 1.24006 1.20093 1.16918 1.13652 1.10863 1.08187 1.0595 1.03899 1.01852 1 0.982876 0.970118 0.954064 0.943735 0.939364 0.929695 0.923303 0.924559 0.922577 0.924489 0.919503 0.932025 0.919755 0.947374 0.950934 0.965018 0.969396 0.978083 0.981801 1.01629 0.997819 1.01982 1.07695 1.06692 1.06738 1.11024 1.13691 1.13306 1.13687 1.16299 1.19161 1.21566 1.26595 1.31368 1.33757 1.36674 1.35054 1.35595 1.41392 1.44438 1.46442 1.53416 1.54633 1.5727 1.60196 1.62828 1.61267 1.70579 1.70879 1.74374 
3.42948 3.35568 3.3114 3.26949 3.16429 3.12942 3.08115 3.01567 2.96257 2.90018 2.79829 2.7552 2.67862 2.6357 2.5664 2.50852 2.42421 2.37445 2.35315 2.26536 2.20342 2.15053 2.11858 2.06521 2.00902 1.94865 1.87009 1.84355 1.79446 1.73628 1.67722 1.64293 1.59308 1.53416 1.4974 1.45616 1.41712 1.37936 1.34179 1.29262 1.26744 1.22248 1.19941 1.16139 1.13443 1.10692 1.08104 1.06032 1.0383 1.01806 1 0.983841 0.968475 0.957735 0.946946 0.93347 0.941135 0.922894 0.92934 0.928758 0.92774 0.911595 0.939449 0.911685 0.92886 0.948375 0.949772 0.970396 0.987246 0.99338 1.01671 1.02594 1.05505 1.04011 1.05772 1.07861 1.11799 1.1413 1.16144 1.14175 1.1737 1.22724 1.24368 1.2574 1.30719 1.31757 1.29603 1.35157 1.38639 1.39062 1.42284 1.51444 1.53772 1.51527 1.58796 1.61548 1.60997 1.60603 1.67083 1.72458 1.75059 
3.4482 3.35758 3.30871 3.28347 3.17512 3.13883 3.08533 3.00999 2.91941 2.87715 2.80158 2.74299 2.68923 2.63076 2.562 2.49787 2.42667 2.39425 2.34667 2.25369 2.19639 2.16424 2.13106 2.04753 1.97624 1.93956 1.89872 1.83479 1.78568 1.72656 1.67112 1.63506 1.58211 1.54917 1.51729 1.4608 1.40519 1.36782 1.32708 1.2932 1.26789 1.22442 1.19734 1.16463 1.13861 1.1072 1.07945 1.06245 1.03726 1.01806 1 0.983694 0.970979 0.957559 0.949612 0.937089 0.93345 0.928972 0.922448 0.922494 0.919911 0.928869 0.932283 0.943256 0.93946 0.928939 0.943029 0.9805 0.981469 0.983799 0.995116 1.01537 1.00285 1.08338 1.0815 1.08069 1.11524 1.12969 1.14456 1.14976 1.19427 1.24674 1.23954 1.26873 1.27185 1.32154 1.3248 1.3634 1.36648 1.40251 1.47011 1.49674 1.50186 1.5382 1.54491 1.62383 1.58201 1.63689 1.624 1.72669 1.73167 
3.45488 3.34225 3.30899 3.26082 3.19239 3.09934 3.04769 3.02936 2.93465 2.84092 2.81964 2.76449 2.69935 2.6355 2.556 2.51054 2.45732 2.37777 2.32874 2.27454 2.22783 2.15974 2.10086 2.03946 2.00254 1.93018 1.87834 1.824 1.77571 1.72312 1.69519 1.63336 1.59474 1.52824 1.51169 1.43809 1.42358 1.37424 1.33389 1.3028 1.26968 1.22452 1.19404 1.15559 1.13646 1.10935 1.08713 1.061 1.03868 1.01779 1 0.983817 0.969062 0.956986 0.949616 0.941332 0.927226 0.9225 0.923524 0.927841 0.935916 0.931499 0.92825 0.940259 0.947609 0.952626 0.952302 0.972527 0.967146 0.999309 1.02255 0.999245 1.02437 1.0634 1.07667 1.06967 1.12225 1.11715 1.15729 1.20342 1.16823 1.22324 1.22094 1.25984 1.28729 1.28682 1.34962 1.35439 1.32847 1.46814 1.48247 1.46552 1.49253 1.50748 1.56897 1.52561 1.62055 1.66011 1.65972 1.63522 1.70384 
3.41388 3.36964 3.29771 3.22973 3.19137 3.09836 3.05435 2.9527 2.9382 2.86396 2.80207 2.7502 2.66735 2.61431 2.54989 2.52516 2.44164 2.39502 2.32663 2.26046 2.21259 2.14682 2.08906 2.02444 2.00494 1.93249 1.89146 1.83107 1.7863 1.73547 1.68136 1.62897 1.58829 1.54305 1.49846 1.45458 1.41661 1.37017 1.33413 1.29267 1.26895 1.22965 1.1992 1.16653 1.13818 1.11032 1.08308 1.05956 1.03688 1.01779 1 0.983655 0.970052 0.958236 0.947815 0.937372 0.935445 0.934867 0.928778 0.907124 0.918129 0.925525 0.930569 0.937931 0.932345 0.948787 0.946409 0.951603 0.967804 0.983958 1.01804 1.02481 1.04582 1.03584 1.05768 1.10481 1.13685 1.12505 1.1437 1.20107 1.18571 1.20859 1.21261 1.25115 1.3143 1.32497 1.31703 1.3615 1.41807 1.41145 1.47978 1.48796 1.50784 1.49999 1.53749 1.63928 1.66322 1.60385 1.6864 1.70139 1.75419 
3.43511 3.36332 3.29447 3.20999 3.21146 3.13805 3.06446 3.01791 2.93549 2.86212 2.82741 2.73589 2.66668 2.60925 2.56827 2.4916 2.44179 2.38755 2.31438 2.25849 2.22454 2.1817 2.09437 2.04031 1.9907 1.94239 1.88844 1.8134 1.77654 1.74123 1.68555 1.63537 1.57962 1.53216 1.4909 1.46294 1.41334 1.37443 1.33187 1.28888 1.26941 1.22589 1.19189 1.16166 1.1332 1.10844 1.08416 1.0592 1.03751 1.01793 1 0.984106 0.971065 0.960351 0.946889 0.934618 0.936827 0.925527 0.924935 0.923744 0.916503 0.923691 0.928932 0.937494 0.945046 0.951627 0.963723 0.96499 0.970478 1.0002 1.01727 1.01988 1.0379 1.03014 1.06207 1.07531 1.1333 1.13802 1.16842 1.19795 1.22085 1.23427 1.29219 1.26535 1.34138 1.32734 1.35845 1.37411 1.44185 1.47246 1.43572 1.47217 1.52832 1.53549 1.58918 1.59664 1.62491 1.63909 1.69749 1.65855 1.7103 
3.39855 3.36333 3.28641 3.22738 3.19263 3.12184 3.0405 3.00827 2.91464 2.84426 2.7741 2.76324 2.66657 2.64128 2.55961 2.48321 2.44659 2.35987 2.32797 2.26716 2.22052 2.1759 2.1053 2.04291 2.00477 1.93789 1.86951 1.83755 1.77978 1.73144 1.6835 1.64909 1.58633 1.53615 1.5053 1.44155 1.41876 1.37346 1.33146 1.29843 1.26496 1.22242 1.19681 1.15728 1.13914 1.10486 1.0853 1.06007 1.03767 1.01814 1 0.984352 0.970346 0.957145 0.952131 0.934952 0.932851 0.932102 0.926194 0.9208 0.914517 0.921515 0.927062 0.929521 0.938681 0.968694 0.9575 0.970199 0.974308 0.994794 1.00514 1.02719 1.04031 1.05659 1.06755 1.07419 1.10588 1.12153 1.12675 1.19523 1.20935 1.22237 1.24649 1.26334 1.30676 1.30154 1.36639 1.35768 1.42017 1.46147 1.41478 1.48884 1.51341 1.54445 1.57067 1.63831 1.6284 1.6845 1.63361 1.74583 1.76339 
3.40469 3.35705 3.27731 3.22632 3.18155 3.10645 3.04623 2.97686 2.9231 2.83414 2.80607 2.72586 2.67783 2.63873 2.55323 2.51976 2.44279 2.39207 2.3386 2.26516 2.19783 2.16312 2.12152 2.04705 1.98339 1.93985 1.88818 1.84615 1.76352 1.73155 1.67517 1.6317 1.58082 1.54915 1.50565 1.46032 1.40798 1.36653 1.34364 1.29749 1.25453 1.22362 1.19125 1.15964 1.13545 1.10714 1.08381 1.05732 1.03704 1.01758 1 0.983861 0.968759 0.959935 0.948073 0.938599 0.933689 0.926758 0.93146 0.920342 0.925667 0.929691 0.937566 0.928783 0.938166 0.94976 0.967164 0.964732 0.982732 0.989409 1.02088 0.998714 1.02661 1.06073 1.06769 1.10749 1.11523 1.12987 1.15495 1.22474 1.1905 1.23728 1.23665 1.26299 1.32729 1.33316 1.36032 1.38546 1.42812 1.44785 1.44847 1.43379 1.46343 1.54636 1.57509 1.58368 1.5848 1.6912 1.70525 1.70413 1.6911 
3.45182 3.40191 3.26925 3.22869 3.19158 3.11602 3.02288 3.0017 2.96939 2.85846 2.80475 2.75628 2.65555 2.64674 2.56959 2.49121 2.46585 2.38272 2.33855 2.27013 2.19545 2.13812 2.09066 2.06227 1.97378 1.94026 1.86524 1.84424 1.79601 1.74047 1.68117 1.64538 1.58953 1.54058 1.48423 1.44702 1.41911 1.37582 1.33606 1.29526 1.25235 1.2245 1.19874 1.1575 1.13528 1.10422 1.08032 1.05929 1.03647 1.0182 1 0.984184 0.969165 0.959341 0.946185 0.944083 0.928721 0.928556 0.928113 0.919219 0.939428 0.913551 0.934889 0.941354 0.941513 0.953702 0.941376 1.0034 0.976041 1.00995 1.00623 1.03226 1.03354 1.06757 1.07935 1.10703 1.10105 1.1561 1.17541 1.19921 1.22663 1.24757 1.20061 1.26993 1.30787 1.31538 1.35867 1.40991 1.37657 1.41025 1.47853 1.46956 1.44799 1.52197 1.57882 1.62857 1.66523 1.64928 1.64808 1.70579 1.74155 
3.42477 3.33379 3.30201 3.22976 3.17845 3.09225 3.04288 2.98239 2.92512 2.84944 2.78451 2.73733 2.68057 2.59943 2.56597 2.4847 2.43525 2.3857 2.32382 2.25982 2.19627 2.14568 2.08489 2.06396 1.97761 1.91829 1.85912 1.83395 1.7832 1.72781 1.67664 1.63331 1.59519 1.53462 1.52223 1.46064 1.41074 1.3733 1.33351 1.29522 1.25839 1.22417 1.19467 1.16125 1.13916 1.10835 1.08185 1.0583 1.03638 1.01787 1 0.984168 0.97036 0.958044 0.950431 0.93811 0.928491 0.928321 0.924271 0.931141 0.923816 0.934337 0.93321 0.933566 0.94653 0.938553 0.968569 0.976175 1.01126 1.01656 1.03898 1.01496 1.05732 1.07007 1.07237 1.12159 1.10881 1.15181 1.15669 1.1786 1.17726 1.24345 1.23993 1.27721 1.34143 1.31581 1.29781 1.38612 1.40558 1.46389 1.45795 1.4858 1.50455 1.56674 1.62578 1.59348 1.65885 1.62818 1.68901 1.75008 1.74174 
3.42475 3.36307 3.27946 3.26973 3.16216 3.10571 3.06157 2.96642 2.9471 2.88484 2.79785 2.72892 2.6635 2.59253 2.54763 2.48356 2.45489 2.3746 2.30468 2.27169 2.21108 2.16318 2.10591 2.01884 1.98643 1.93975 1.88765 1.83436 1.77678 1.73251 1.67688 1.62906 1.58723 1.54476 1.48817 1.45393 1.41879 1.37025 1.33314 1.29915 1.26453 1.22838 1.18103 1.16471 1.138 1.1087 1.0811 1.05792 1.03793 1.01838 1 0.984005 0.972093 0.960491 0.946661 0.936441 0.939161 0.935918 0.930775 0.924389 0.932911 0.925623 0.926111 0.944614 0.941379 0.935345 0.951929 0.966105 0.973233 1.00077 1.01449 1.0605 1.04612 1.05315 1.09726 1.09204 1.09733 1.15216 1.15769 1.16676 1.20813 1.23029 1.21781 1.29322 1.31843 1.32649 1.34747 1.37706 1.40336 1.4585 1.43468 1.47578 1.45734 1.52954 1.53898 1.61743 1.66106 1.6486 1.7282 1.73529 1.7783 
3.42983 3.35456 3.32213 3.22344 3.20319 3.11854 3.04764 2.99465 2.92159 2.8519 2.8113 2.71681 2.69588 2.61999 2.54639 2.4964 2.42802 2.34957 2.32734 2.25482 2.21332 2.15784 2.07215 2.02679 1.98392 1.92414 1.89618 1.82884 1.78913 1.74039 1.69211 1.62453 1.5759 1.53692 1.50037 1.45325 1.4118 1.37229 1.33103 1.29275 1.25701 1.21793 1.19688 1.16344 1.1347 1.10993 1.0809 1.05685 1.03734 1.01718 1 0.984734 0.971147 0.957384 0.949544 0.938882 0.940681 0.928201 0.926121 0.924956 0.927591 0.929369 0.928002 0.918697 0.931674 0.936738 0.970488 0.972262 0.977479 0.986691 0.998109 1.0339 1.03362 1.05219 1.08365 1.08413 1.12269 1.09694 1.14703 1.17743 1.20326 1.22627 1.2695 1.24392 1.29263 1.33422 1.30138 1.36042 1.39432 1.43081 1.47415 1.47172 1.50631 1.52596 1.61522 1.61344 1.5874 1.61247 1.72323 1.76149 1.79165 
3.40778 3.39426 3.29636 3.25133 3.18051 3.10239 3.0224 3 2.92572 2.85238 2.79533 2.76221 2.67898 2.6016 2.54091 2.49088 2.40675 2.38106 2.30552 2.25945 2.18537 2.1248 2.0915 2.04917 1.98055 1.93226 1.86881 1.83287 1.79411 1.72325 1.68182 1.61339 1.588 1.53067 1.49249 1.44414 1.40666 1.37536 1.32774 1.29713 1.26284 1.22373 1.18633 1.16491 1.1272 1.1048 1.08669 1.05849 1.03678 1.01684 1 0.983554 0.970764 0.955198 0.94903 0.939917 0.93887 0.926959 0.927866 0.924729 0.91941 0.937107 0.928501 0.934952 0.945923 0.935642 0.961891 0.984746 0.983135 1.00638 1.03779 1.01539 1.04461 1.03666 1.07541 1.09234 1.11108 1.11644 1.14729 1.16651 1.21178 1.2423 1.243 1.26868 1.3388 1.30824 1.35095 1.39058 1.41045 1.45868 1.46446 1.48611 1.57624 1.55791 1.5981 1.59356 1.63387 1.63359 1.6992 1.76399 1.70856 
3.40583 3.40384 3.28562 3.22766 3.18044 3.12466 3.04763 2.98201 2.9206 2.85932 2.777 2.75182 2.68744 2.58955 2.54052 2.48735 2.44625 2.35098 2.32745 2.2557 2.20056 2.17928 2.09796 2.0494 2.00456 1.92723 1.88844 1.8253 1.78469 1.72579 1.68807 1.62949 1.58489 1.53677 1.49636 1.44503 1.41728 1.37347 1.3378 1.30283 1.25709 1.22458 1.19576 1.16462 1.13122 1.10596 1.08261 1.05445 1.03875 1.01755 1 0.982925 0.96967 0.957776 0.949952 0.939728 0.935047 0.935519 0.926459 0.929983 0.940174 0.932014 0.935137 0.936581 0.951375 0.947459 0.960375 0.974213 0.964163 1.0003 1.01372 1.02837 1.01191 1.05895 1.08123 1.09083 1.12169 1.15018 1.13893 1.18816 1.20934 1.2745 1.23443 1.26449 1.33422 1.33156 1.3864 1.39142 1.44671 1.42725 1.43683 1.50029 1.56652 1.51535 1.5676 1.63375 1.63189 1.65771 1.7481 1.71792 1.76684 
3.42252 3.40192 3.31326 3.23237 3.18437 3.09124 3.06137 2.93442 2.88094 2.87364 2.80137 2.73331 2.66585 2.62274 2.58056 2.48509 2.43874 2.37292 2.3315 2.25856 2.20435 2.14201 2.09589 2.03332 1.98434 1.93653 1.90063 1.82713 1.79061 1.72724 1.67154 1.61588 1.59012 1.53475 1.49249 1.451 1.40127 1.37244 1.33452 1.29096 1.26337 1.22476 1.19235 1.16197 1.13358 1.10688 1.08423 1.05847 1.03761 1.01756 1 0.983716 0.971373 0.959839 0.948372 0.940361 0.932909 0.929228 0.933781 0.920358 0.931302 0.930314 0.929593 0.932479 0.952125 0.969107 0.971446 0.958621 0.992634 0.986552 1.00551 1.02618 1.04812 1.07918 1.07202 1.07961 1.14241 1.13964 1.16876 1.15658 1.18575 1.21019 1.27802 1.26103 1.31323 1.36027 1.39149 1.40828 1.43576 1.42525 1.51195 1.50264 1.51569 1.54665 1.56957 1.58768 1.6667 1.67183 1.68555 1.71041 1.75428 
3.43627 3.35237 3.26925 3.25395 3.15696 3.11271 3.03873 2.95315 2.92199 2.85755 2.78716 2.72749 2.67649 2.61352 2.5292 2.49443 2.41669 2.37632 2.33442 2.25717 2.20003 2.13543 2.08967 2.02446 1.99574 1.93166 1.86994 1.83284 1.78328 1.72203 1.67308 1.61755 1.57949 1.53737 1.48361 1.45397 1.40682 1.37339 1.33644 1.2879 1.26381 1.22841 1.19283 1.15777 1.13791 1.10407 1.08083 1.05922 1.03825 1.01695 1 0.986093 0.971696 0.958923 0.950983 0.946205 0.933855 0.929556 0.924367 0.933766 0.920383 0.920822 0.933517 0.931238 0.953083 0.93999 0.986765 0.975448 0.984183 0.983595 1.01649 1.03904 1.06128 1.068 1.0663 1.09702 1.11665 1.177 1.15603 1.16129 1.21044 1.22174 1.29866 1.27615 1.32511 1.30492 1.35303 1.34714 1.42026 1.43472 1.50149 1.59143 1.5176 1.49956 1.59251 1.59563 1.65862 1.6626 1.71309 1.73262 1.76839 
3.43175 3.36746 3.28617 3.25315 3.17151 3.13778 3.04091 3.00408 2.95986 2.84966 2.81016 2.72513 2.68108 2.6313 2.54803 2.50082 2.44164 2.38783 2.31957 2.25291 2.19399 2.16103 2.08767 2.03436 1.99286 1.93167 1.87923 1.82739 1.76911 1.71481 1.6666 1.64592 1.57873 1.52824 1.48121 1.4621 1.40391 1.36264 1.32785 1.29655 1.25228 1.21963 1.19216 1.15891 1.13539 1.10653 1.08066 1.05845 1.03736 1.01744 1 0.984172 0.969019 0.957201 0.950381 0.937461 0.933206 0.925499 0.932657 0.932696 0.926124 0.925608 0.930668 0.939375 0.952216 0.967106 0.962763 0.966482 0.992258 0.984697 0.987385 1.025 1.04053 1.07782 1.08928 1.10573 1.10539 1.1093 1.18626 1.17722 1.22647 1.22629 1.2679 1.2728 1.30554 1.32941 1.37877 1.36193 1.41907 1.43642 1.38293 1.51478 1.53295 1.60077 1.61717 1.63492 1.66415 1.68712 1.67975 1.74082 1.70697 
3.40304 3.3442 3.30066 3.20025 3.17791 3.12585 3.06475 2.97154 2.90045 2.84276 2.75777 2.73319 2.69131 2.63501 2.5587 2.48201 2.42945 2.36666 2.32905 2.25739 2.20729 2.15059 2.08526 2.0317 2.00359 1.92952 1.88658 1.83335 1.79388 1.71744 1.66314 1.62927 1.57292 1.54427 1.51184 1.45088 1.4117 1.36379 1.32453 1.30089 1.25729 1.22405 1.1922 1.16544 1.13447 1.10908 1.08096 1.05724 1.03849 1.01757 1 0.984349 0.96974 0.958374 0.948186 0.938446 0.932471 0.928707 0.928558 0.918472 0.933615 0.928519 0.928624 0.941761 0.947099 0.957982 0.951034 0.967687 0.974051 1.01259 1.01783 1.04821 1.04327 1.04916 1.08213 1.11216 1.12841 1.15772 1.16782 1.15287 1.21744 1.24861 1.26089 1.26985 1.31597 1.35579 1.39152 1.36854 1.37713 1.42513 1.49169 1.47489 1.49234 1.52933 1.58524 1.64167 1.65715 1.63298 1.73809 1.70756 1.76863 
3.43064 3.3469 3.31435 3.2545 3.15366 3.08319 3.05928 2.97521 2.89727 2.85544 2.79505 2.73289 2.64296 2.60876 2.55957 2.48714 2.42834 2.37655 2.29916 2.26619 2.19058 2.17175 2.1067 2.03158 1.99047 1.92559 1.88182 1.83994 1.77386 1.70141 1.68429 1.62603 1.58643 1.54375 1.49582 1.44688 1.40973 1.37869 1.3207 1.29497 1.25903 1.23163 1.19414 1.15878 1.13811 1.10331 1.08232 1.05715 1.03818 1.01727 1 0.984439 0.969704 0.958588 0.951326 0.941242 0.930937 0.924706 0.927572 0.933938 0.934108 0.93791 0.929996 0.920228 0.954594 0.968149 0.971701 0.976414 0.973958 0.999496 1.00607 1.05547 1.07016 1.07688 1.09025 1.10637 1.13132 1.16499 1.16713 1.1597 1.20753 1.23416 1.29709 1.23182 1.32669 1.31045 1.34962 1.38246 1.44979 1.46553 1.52075 1.523 1.51826 1.55874 1.61514 1.56713 1.64712 1.70799 1.67822 1.79944 1.78854 
