1.93477 1.89623 1.87451 1.84579 1.68572 1.79305 1.67739 1.76825 1.67022 1.59145 1.47355 1.45841 1.44448 1.39129 1.40833 1.3637 1.31607 1.32339 1.30681 1.18418 1.19555 1.10448 1.13843 1.11098 1.00614 1.02181 1.00238 0.985477 0.89103 0.934047 0.853562 0.828936 0.824678 0.794218 0.765326 0.758632 0.768849 0.714437 0.715506 0.733041 0.72765 0.739771 0.727679 0.754345 0.782439 0.79979 0.818944 0.854421 0.899069 0.946246 1 1.06028 1.12827 1.20227 1.28787 1.3594 1.45818 1.55143 1.65433 1.78285 1.89989 2.02529 2.13237 2.21226 2.34713 2.47972 2.56488 2.75533 2.91961 3.03966 3.17305 3.31162 3.49044 3.63277 3.77401 3.92863 4.0795 4.17873 4.29873 4.48451 4.57535 4.75239 4.96692 5.08133 5.28335 5.42001 5.60866 5.63357 5.81756 6.02163 6.07439 6.3333 6.47197 6.67617 6.84617 7.06008 7.01123 7.18187 7.36703 7.59629 7.78347 
1.91237 1.79008 1.85993 1.90153 1.78774 1.7581 1.79352 1.71719 1.6124 1.50347 1.57313 1.51246 1.45455 1.45377 1.4179 1.38734 1.28966 1.37537 1.30912 1.23924 1.17466 1.15531 1.13022 1.08846 1.05298 1.02833 0.987999 0.955245 0.930556 0.854632 0.870806 0.8384 0.816996 0.778011 0.752897 0.779737 0.755891 0.747069 0.723414 0.709662 0.737449 0.706728 0.739869 0.75364 0.766008 0.79204 0.82155 0.8538 0.896516 0.94581 1 1.06061 1.12921 1.20006 1.28454 1.37158 1.44279 1.56295 1.65664 1.7597 1.88561 2.00463 2.12065 2.24435 2.38241 2.49634 2.58775 2.74368 2.91301 2.99331 3.22097 3.32603 3.48985 3.65695 3.6824 3.87442 4.05099 4.19509 4.37276 4.56655 4.63843 4.7578 4.93767 4.99927 5.21942 5.38028 5.62778 5.76987 5.84458 6.04981 6.14933 6.25192 6.42166 6.64425 6.7838 6.95339 7.05479 7.21287 7.4852 7.42986 7.65155 
1.98944 1.87811 1.82388 1.81426 1.80301 1.75893 1.72256 1.63038 1.59808 1.57944 1.55973 1.51346 1.52041 1.53231 1.39302 1.37982 1.30661 1.29184 1.3164 1.25526 1.1686 1.14568 1.15193 1.10592 1.06209 1.04962 0.952576 0.967339 0.96627 0.911115 0.877407 0.826577 0.816372 0.80782 0.785953 0.755224 0.735284 0.758466 0.759622 0.713742 0.739349 0.716719 0.73551 0.75623 0.759551 0.790343 0.815529 0.8577 0.894287 0.945753 1 1.06033 1.12819 1.2028 1.28857 1.36656 1.4618 1.55036 1.67012 1.76193 1.8881 1.98664 2.1061 2.2607 2.37872 2.50013 2.60422 2.77766 2.91116 3.01672 3.15863 3.37829 3.47259 3.6265 3.76536 3.88258 3.97513 4.20609 4.33214 4.48192 4.61548 4.82475 4.9839 5.13045 5.26735 5.39745 5.55054 5.66926 5.84317 6.00328 6.11676 6.3398 6.51339 6.69796 6.8236 6.9461 7.13221 7.14665 7.46671 7.44913 7.71971 
1.98754 1.94405 1.82033 1.77337 1.73688 1.68958 1.83317 1.70668 1.64221 1.57694 1.52537 1.41491 1.46039 1.40972 1.45412 1.37246 1.30962 1.26867 1.21912 1.16663 1.15694 1.15323 1.06934 1.09223 1.08827 1.00553 0.993679 0.898558 0.946817 0.919602 0.835042 0.822352 0.816763 0.785779 0.771595 0.753418 0.762784 0.758889 0.719793 0.732278 0.744959 0.741675 0.732791 0.758195 0.764228 0.783883 0.815218 0.859939 0.898116 0.947487 1 1.06022 1.12675 1.20154 1.28183 1.36503 1.45571 1.55635 1.66127 1.77035 1.86658 1.98794 2.09322 2.25946 2.32963 2.50453 2.62933 2.78135 2.90639 3.0574 3.20405 3.30242 3.49035 3.58776 3.70568 3.81906 4.07662 4.24225 4.38376 4.57236 4.65486 4.81138 4.9426 5.05193 5.17809 5.45003 5.50812 5.74207 5.81552 6.01493 6.15349 6.34345 6.41729 6.62124 6.73481 6.87337 7.11453 7.24254 7.43657 7.43561 7.7295 
1.98966 1.93523 1.83922 1.85101 1.73757 1.69168 1.81632 1.65695 1.54818 1.50782 1.55754 1.5103 1.42659 1.399 1.37449 1.3624 1.28903 1.26007 1.22545 1.24047 1.1868 1.14477 1.10385 1.03444 1.03512 1.0043 1.01036 0.912346 0.918491 0.860073 0.854295 0.828694 0.81989 0.811414 0.754136 0.743618 0.744596 0.72702 0.711483 0.710434 0.713476 0.712104 0.742924 0.755625 0.768626 0.792524 0.82239 0.857972 0.900668 0.946871 1 1.06031 1.1234 1.20629 1.2757 1.36227 1.45167 1.55609 1.67034 1.76873 1.90021 2.00036 2.12718 2.23344 2.37382 2.50326 2.62551 2.77182 2.93133 3.04639 3.16809 3.29434 3.42087 3.58153 3.78932 3.89993 4.07825 4.13644 4.39288 4.46533 4.59364 4.76323 4.977 5.09901 5.30593 5.45555 5.46617 5.62066 5.77822 6.10661 6.17785 6.28311 6.48359 6.51408 6.78826 6.86484 7.059 7.30209 7.46527 7.50664 7.66239 
1.91889 1.82705 1.8277 1.73537 1.78077 1.74908 1.66772 1.57705 1.5715 1.65647 1.57716 1.4528 1.4951 1.47553 1.39924 1.28755 1.33166 1.25162 1.22559 1.22432 1.21012 1.14895 1.14533 1.10112 1.06176 0.995771 0.974553 0.99297 0.903697 0.906849 0.85703 0.767231 0.81872 0.781391 0.762442 0.757127 0.703458 0.729008 0.745346 0.718682 0.737468 0.72959 0.723822 0.741841 0.762719 0.786831 0.817446 0.85814 0.895982 0.945418 1 1.06176 1.12996 1.20067 1.28309 1.37137 1.46104 1.54326 1.66552 1.76615 1.88795 1.99898 2.14239 2.21542 2.33667 2.47915 2.64873 2.78097 2.8922 3.0163 3.17062 3.31772 3.43426 3.60156 3.71014 3.91642 4.00387 4.17263 4.30267 4.52177 4.67007 4.8179 4.89709 5.14659 5.32853 5.35982 5.57978 5.72681 5.85432 6.06414 6.18172 6.35462 6.48752 6.72491 6.72208 6.99243 7.03345 7.28589 7.416 7.53464 7.64268 
1.92436 1.81156 1.83227 1.76432 1.78872 1.78474 1.66127 1.71928 1.59331 1.52936 1.50764 1.45128 1.44914 1.40077 1.43604 1.39129 1.3133 1.27897 1.29765 1.25262 1.2216 1.1295 1.14035 1.11459 1.01266 1.00292 0.972661 0.942368 0.920514 0.860082 0.861645 0.860785 0.838286 0.802395 0.78299 0.761826 0.73883 0.738063 0.721826 0.735338 0.704447 0.722613 0.74642 0.750625 0.772885 0.783742 0.813175 0.855503 0.899356 0.945775 1 1.06167 1.12701 1.19995 1.28239 1.36829 1.45397 1.54771 1.64015 1.76946 1.86693 1.99066 2.10535 2.22756 2.34995 2.49844 2.62597 2.73144 2.90287 3.0326 3.18317 3.29648 3.45877 3.58365 3.74423 3.86893 4.02755 4.1336 4.34372 4.49411 4.63484 4.7837 4.99201 5.03735 5.19231 5.3454 5.60049 5.63448 5.92011 6.03723 6.21874 6.32625 6.42595 6.69872 6.79644 6.98692 7.0137 7.1977 7.2947 7.54284 7.74039 
1.97303 1.85775 1.90433 1.77125 1.8545 1.78418 1.65311 1.68071 1.61893 1.61393 1.57066 1.46127 1.47896 1.39245 1.40734 1.35714 1.25762 1.32369 1.3139 1.18239 1.19461 1.14045 1.13295 1.10914 1.0482 0.975948 0.977135 0.954552 0.913933 0.881774 0.880198 0.87059 0.80561 0.775388 0.76001 0.751487 0.738036 0.754495 0.717822 0.72861 0.711874 0.737097 0.715718 0.744047 0.754695 0.790864 0.820042 0.854271 0.892887 0.944509 1 1.06304 1.13222 1.19714 1.27775 1.37528 1.45942 1.54968 1.65151 1.78154 1.89146 2.01081 2.11105 2.22613 2.3451 2.5088 2.66661 2.76849 2.91892 3.04991 3.19897 3.35624 3.4683 3.61032 3.77965 3.95712 4.03691 4.17757 4.29461 4.52603 4.68543 4.76576 4.95386 5.11967 5.32374 5.33319 5.56199 5.68545 5.83012 6.01733 6.22762 6.31075 6.42865 6.64095 6.70195 6.96847 7.09096 7.20284 7.41202 7.43928 7.61747 
1.92816 1.99806 1.75577 1.80335 1.70554 1.72449 1.64795 1.69855 1.69625 1.65082 1.57669 1.50277 1.46627 1.37234 1.4182 1.36859 1.35077 1.24143 1.29413 1.22423 1.21309 1.12748 1.13234 1.06891 1.07892 1.04594 0.986441 0.94669 0.913875 0.938387 0.853388 0.855382 0.833487 0.786075 0.769916 0.760957 0.760351 0.749328 0.699109 0.711474 0.711418 0.729404 0.752575 0.756249 0.753783 0.797033 0.817224 0.857615 0.898419 0.944972 1 1.06259 1.12862 1.2024 1.27808 1.35947 1.4543 1.56386 1.65111 1.75351 1.88694 2.00238 2.09742 2.21988 2.3693 2.49339 2.62992 2.75423 2.92062 3.05724 3.1475 3.31462 3.48434 3.66322 3.75886 3.92739 4.02164 4.1513 4.39202 4.51389 4.61664 4.76148 4.90633 5.06999 5.28899 5.42334 5.56614 5.63083 5.83263 6.0241 6.19964 6.36387 6.398 6.59914 6.81091 6.99763 7.13371 7.27254 7.43767 7.52323 7.63779 
1.88827 1.86358 1.91136 1.75802 1.79258 1.77795 1.64721 1.67122 1.67785 1.64897 1.51301 1.53267 1.43914 1.42351 1.45203 1.35974 1.31528 1.28411 1.2257 1.24824 1.22354 1.09172 1.13192 1.06664 1.01866 0.9937 0.996274 0.930961 0.917466 0.910995 0.870498 0.860206 0.806546 0.817159 0.759209 0.773634 0.732429 0.724245 0.725924 0.745385 0.718504 0.730855 0.75137 0.750637 0.763527 0.796646 0.813576 0.853354 0.898021 0.946341 1 1.06209 1.13028 1.20913 1.28168 1.36934 1.46067 1.54653 1.67371 1.74582 1.85866 1.99227 2.11215 2.24376 2.37734 2.49603 2.65162 2.75512 2.88908 3.02582 3.20979 3.30914 3.43521 3.61849 3.73211 3.87134 3.98039 4.1646 4.31653 4.53668 4.64745 4.79843 4.99637 5.10465 5.22927 5.27057 5.52514 5.70699 5.89061 5.94692 6.14119 6.32145 6.54201 6.57094 6.78376 6.98938 7.0603 7.23375 7.35031 7.55525 7.61271 
1.9057 1.89485 1.91869 1.82961 1.86294 1.84638 1.67028 1.71855 1.62086 1.56798 1.53315 1.56265 1.47104 1.39415 1.42804 1.36867 1.30467 1.27187 1.25252 1.20849 1.12321 1.0873 1.13777 1.10709 1.04804 1.02151 1.04355 0.936644 0.907432 0.913714 0.855233 0.842207 0.833492 0.826403 0.771934 0.7395 0.736677 0.738742 0.717877 0.732951 0.717744 0.734311 0.74682 0.742472 0.767786 0.781146 0.808322 0.857685 0.89928 0.94537 1 1.06194 1.12995 1.19523 1.27844 1.37017 1.46411 1.56721 1.6473 1.7535 1.85453 2.00621 2.11441 2.2171 2.41378 2.51645 2.61215 2.76874 2.88842 3.05868 3.15876 3.32768 3.44775 3.59138 3.73073 3.91176 4.04707 4.15677 4.33514 4.53019 4.67459 4.86314 4.96236 5.09019 5.26508 5.41573 5.60816 5.69415 5.8427 6.05256 6.16329 6.39332 6.36394 6.67404 6.83081 6.89841 7.11493 7.20881 7.3711 7.48365 7.68356 
1.96482 1.91102 1.83871 1.83541 1.74484 1.75878 1.68155 1.64442 1.62339 1.6185 1.49887 1.53615 1.41292 1.44923 1.37454 1.37114 1.36278 1.21737 1.27826 1.22566 1.17512 1.19572 1.1359 1.08355 1.06096 1.02488 0.960928 0.974792 0.871246 0.878534 0.883469 0.835345 0.800747 0.788522 0.798511 0.749387 0.747686 0.746432 0.718782 0.730619 0.721257 0.730383 0.713207 0.746217 0.772406 0.792102 0.815745 0.855496 0.893853 0.944635 1 1.05995 1.12814 1.19917 1.27795 1.35532 1.44294 1.5526 1.66895 1.7702 1.86176 2.00419 2.10996 2.23272 2.35374 2.49768 2.63153 2.75093 2.90639 3.04251 3.1289 3.29178 3.52926 3.56426 3.7578 3.88775 4.02703 4.25195 4.36671 4.51013 4.60617 4.86485 4.90252 5.07935 5.32066 5.44378 5.54719 5.66414 5.85623 6.06534 6.16967 6.41518 6.49618 6.57776 6.71363 6.85219 7.1288 7.16484 7.41198 7.5237 7.55516 
1.88897 1.87128 1.84722 1.74076 1.82355 1.85707 1.67215 1.67141 1.62768 1.59761 1.60354 1.48625 1.51705 1.46941 1.43488 1.38266 1.32846 1.2286 1.26418 1.24384 1.17486 1.18326 1.13932 1.17042 1.04533 0.987335 0.933972 0.971745 0.923166 0.916501 0.867089 0.838448 0.830471 0.813636 0.762839 0.742363 0.747341 0.731091 0.715886 0.755794 0.740084 0.74699 0.742632 0.733299 0.778578 0.792836 0.814515 0.856116 0.89616 0.94602 1 1.05863 1.12661 1.20417 1.2823 1.37414 1.45718 1.55422 1.64955 1.74977 1.87399 2.01345 2.11154 2.22847 2.35711 2.47501 2.57772 2.72233 2.85525 3.01858 3.18643 3.34356 3.4266 3.6231 3.73559 3.8685 4.06741 4.19862 4.33641 4.46551 4.64103 4.81097 4.95648 5.11787 5.19847 5.40535 5.45381 5.74967 5.84896 6.04252 6.15835 6.32177 6.47349 6.66969 6.84101 6.80406 7.21239 7.21987 7.39061 7.52068 7.62831 
1.87323 1.97048 1.81846 1.79937 1.80862 1.70539 1.74699 1.63132 1.65817 1.60833 1.57839 1.5409 1.50406 1.46528 1.38937 1.40565 1.37428 1.27967 1.22395 1.24722 1.17707 1.17348 1.12447 1.03519 1.0074 0.990859 0.969325 0.948734 0.926555 0.866616 0.836586 0.856024 0.835434 0.767036 0.774092 0.763729 0.738939 0.751539 0.727229 0.720384 0.714989 0.719171 0.742585 0.745828 0.776118 0.788265 0.821652 0.852997 0.893669 0.945178 1 1.06321 1.12404 1.19782 1.28012 1.36647 1.46318 1.55166 1.66719 1.75373 1.86201 2.01814 2.09418 2.2411 2.36616 2.48643 2.63398 2.75773 2.87244 3.0087 3.16926 3.31622 3.46887 3.58613 3.7482 3.91694 4.00073 4.15983 4.32124 4.47613 4.64774 4.80751 4.95746 5.05888 5.30665 5.40632 5.56431 5.5852 5.90347 6.00008 6.22336 6.31841 6.46516 6.64975 6.80812 6.8877 7.0719 7.24064 7.3217 7.52604 7.73074 
1.91563 1.85524 1.86561 1.90465 1.74622 1.7687 1.68598 1.59967 1.66824 1.53197 1.48245 1.59515 1.45955 1.41517 1.40474 1.36732 1.29591 1.21241 1.24194 1.2323 1.17084 1.1583 1.17855 1.10326 1.07954 1.03155 0.96776 0.944144 0.907778 0.864811 0.84411 0.851498 0.87475 0.764285 0.794512 0.783562 0.790596 0.736168 0.699534 0.725595 0.706682 0.737355 0.747382 0.744493 0.777127 0.79691 0.825093 0.856034 0.899485 0.944397 1 1.05908 1.12368 1.20738 1.28476 1.36719 1.44672 1.55451 1.6641 1.76025 1.87523 1.98193 2.10802 2.23555 2.35239 2.49375 2.61721 2.74966 2.89179 3.04479 3.20895 3.37194 3.47156 3.59952 3.76865 3.8697 4.00714 4.19683 4.37687 4.50759 4.70941 4.75055 4.89976 5.05382 5.12828 5.38651 5.57287 5.65856 5.81565 5.9329 6.23763 6.36586 6.39822 6.50139 6.81588 6.83533 7.10167 7.23433 7.43052 7.52682 7.60852 
1.94192 1.80958 1.79368 1.79859 1.74276 1.70507 1.67759 1.66504 1.63758 1.59612 1.58206 1.51204 1.55861 1.48778 1.47042 1.36002 1.32221 1.25848 1.30899 1.13274 1.1684 1.12648 1.14668 1.03113 1.05848 1.03994 0.996622 0.991136 0.96688 0.930233 0.855354 0.784745 0.805821 0.811043 0.77394 0.772552 0.735009 0.731412 0.730537 0.731969 0.731517 0.743156 0.748018 0.76437 0.765219 0.791941 0.828024 0.853278 0.896277 0.945964 1 1.06118 1.12589 1.19786 1.2909 1.36435 1.45784 1.55521 1.67487 1.74774 1.88912 1.97018 2.11345 2.22903 2.37594 2.48263 2.6061 2.77706 2.86839 3.02813 3.14096 3.32421 3.45384 3.62696 3.75437 3.80945 4.10635 4.12888 4.36146 4.53478 4.62887 4.76557 4.913 5.0673 5.27707 5.40226 5.57224 5.64582 5.85372 6.0241 6.07791 6.26998 6.44517 6.56855 6.62391 6.98712 7.02863 7.28941 7.40072 7.46002 7.73999 
1.867 1.91288 1.83358 1.73549 1.79725 1.69482 1.6901 1.61728 1.60725 1.52571 1.53841 1.47701 1.48445 1.38882 1.40218 1.40778 1.3431 1.25817 1.29374 1.17944 1.18304 1.1159 1.10471 1.09159 1.01818 0.96574 1.02792 0.924668 0.969657 0.877051 0.878818 0.848982 0.786325 0.805389 0.739055 0.751661 0.734467 0.735067 0.733706 0.744005 0.751774 0.730066 0.745188 0.75134 0.766462 0.78631 0.819711 0.860652 0.894987 0.945553 1 1.06102 1.12514 1.19671 1.28868 1.37057 1.44335 1.53638 1.66158 1.75396 1.90668 1.96275 2.11565 2.23667 2.34303 2.52954 2.60319 2.72145 2.89245 3.07882 3.17363 3.30271 3.46586 3.60757 3.7623 3.90039 4.05205 4.17243 4.26259 4.47525 4.61462 4.86109 4.87929 5.06683 5.2161 5.40879 5.50552 5.78164 5.88646 6.05386 6.16142 6.2444 6.46116 6.56215 6.69947 6.90741 7.1041 7.31299 7.34545 7.54604 7.76521 
1.96324 1.86185 1.92296 1.82579 1.80959 1.74816 1.66353 1.63527 1.72551 1.61836 1.54953 1.52041 1.4238 1.4529 1.39843 1.37032 1.33012 1.35658 1.25499 1.21902 1.15511 1.16878 1.12618 1.03923 1.0303 1.052 0.948893 0.935497 0.947222 0.890259 0.870931 0.87012 0.797404 0.797216 0.813457 0.767981 0.781328 0.740787 0.735031 0.708305 0.704571 0.720761 0.741567 0.752072 0.765157 0.793357 0.815528 0.859272 0.89102 0.945758 1 1.06207 1.12853 1.20492 1.28436 1.36752 1.45906 1.55954 1.64906 1.75387 1.88651 1.96748 2.09894 2.22372 2.32642 2.49478 2.64239 2.71856 2.87507 3.02638 3.15231 3.3085 3.48748 3.6363 3.7895 3.91471 4.04528 4.21962 4.34392 4.47974 4.62819 4.80307 4.96435 5.03879 5.27252 5.41542 5.58517 5.69002 5.79342 5.99438 6.07587 6.24404 6.51273 6.59732 6.81332 6.94256 7.04497 7.17449 7.37258 7.56652 7.68779 
1.87575 1.86618 1.88908 1.75374 1.80124 1.77025 1.69444 1.63952 1.70897 1.58505 1.48372 1.47984 1.46325 1.46574 1.43638 1.36444 1.28595 1.23345 1.30065 1.24586 1.173 1.18922 1.09891 1.12049 1.06951 1.05084 1.00918 0.951077 0.962543 0.872259 0.900758 0.891048 0.819657 0.804872 0.799365 0.783787 0.736704 0.749459 0.736397 0.724957 0.745627 0.729213 0.734495 0.745493 0.769959 0.79036 0.818272 0.853303 0.89866 0.947279 1 1.05962 1.12981 1.20292 1.28043 1.36918 1.45937 1.5628 1.66309 1.76089 1.88435 1.97924 2.08688 2.21501 2.35576 2.50093 2.62154 2.74033 2.87163 3.08546 3.15715 3.30763 3.42607 3.60217 3.81318 3.8811 4.00711 4.21695 4.29918 4.48794 4.64489 4.75921 4.87556 5.02789 5.19013 5.40186 5.5222 5.67737 5.89102 5.92802 6.19219 6.34963 6.37057 6.62587 6.86712 6.8654 6.98604 7.35339 7.3923 7.47233 7.66491 
1.94356 1.8817 1.90105 1.80165 1.89481 1.69577 1.67833 1.63922 1.51889 1.58559 1.53318 1.53435 1.51835 1.47507 1.38787 1.38186 1.34145 1.31588 1.31871 1.18939 1.21086 1.16228 1.10088 1.10617 1.07415 1.00906 0.951179 0.962823 0.908526 0.953869 0.885505 0.885114 0.82416 0.785914 0.77313 0.755791 0.755592 0.736524 0.730833 0.730615 0.738881 0.721304 0.750028 0.756446 0.776921 0.791131 0.819211 0.85836 0.901511 0.944916 1 1.0592 1.12822 1.20537 1.27481 1.36819 1.44933 1.55843 1.65369 1.76679 1.86727 1.99215 2.09981 2.23906 2.34411 2.47904 2.61961 2.74133 2.85834 3.02305 3.17007 3.28366 3.46523 3.6171 3.7384 3.84837 4.06994 4.21623 4.30561 4.46903 4.57269 4.79601 4.87648 5.0684 5.25834 5.40587 5.57211 5.64412 5.90012 6.00063 6.13971 6.31129 6.44483 6.63887 6.72999 6.91027 6.97185 7.12187 7.38874 7.48836 7.69969 
1.86122 1.85204 1.88197 1.78781 1.73826 1.69307 1.70788 1.70523 1.63154 1.66276 1.49142 1.50216 1.39451 1.51744 1.46168 1.36747 1.30608 1.31035 1.25693 1.2234 1.21576 1.15829 1.12053 1.13267 1.03533 1.02204 0.989178 0.92843 0.901745 0.937933 0.871898 0.838162 0.797636 0.827681 0.812056 0.748779 0.750009 0.729951 0.731129 0.723098 0.720717 0.724936 0.752455 0.747998 0.779155 0.794948 0.823116 0.860082 0.899006 0.945662 1 1.06057 1.12859 1.19966 1.27969 1.3691 1.46352 1.5526 1.64988 1.75155 1.8698 1.98322 2.1103 2.23312 2.39267 2.48131 2.61285 2.75228 2.89138 3.06836 3.2091 3.33336 3.45802 3.61147 3.69245 3.92154 4.03902 4.21699 4.30743 4.48068 4.63313 4.79298 4.85348 5.1167 5.28066 5.36413 5.47156 5.62382 5.8273 6.01318 6.19928 6.38262 6.44305 6.58853 6.74555 6.94629 7.11351 7.33516 7.48592 7.55879 7.67906 
1.93301 1.96995 1.85832 1.81385 1.77391 1.74701 1.70905 1.6133 1.66562 1.63664 1.62056 1.55621 1.53807 1.4274 1.39189 1.35681 1.28259 1.31008 1.29986 1.23666 1.21785 1.15828 1.12171 1.12438 1.05936 1.05284 1.017 0.973728 0.951218 0.899659 0.860655 0.828821 0.827514 0.79152 0.779903 0.743051 0.737025 0.742681 0.733964 0.727957 0.705689 0.722785 0.744103 0.753424 0.772535 0.79407 0.824777 0.854772 0.897566 0.944717 1 1.05971 1.12581 1.2106 1.27968 1.37041 1.43879 1.56267 1.65339 1.76367 1.86665 1.97293 2.11585 2.22582 2.33499 2.47282 2.63203 2.77272 2.87862 3.02135 3.13823 3.2697 3.44544 3.62588 3.71141 3.88563 4.04424 4.19616 4.36872 4.44936 4.65019 4.76661 5.00586 5.10093 5.22086 5.35264 5.5248 5.69653 5.85978 5.99279 6.15536 6.24574 6.45131 6.59209 6.70824 6.9409 7.02185 7.26968 7.31527 7.4436 7.56213 
1.88373 1.93419 1.95851 1.88378 1.80184 1.7028 1.70322 1.65252 1.55827 1.61828 1.5152 1.51786 1.53676 1.43536 1.30258 1.36979 1.32795 1.25715 1.26388 1.17032 1.249 1.10488 1.12798 1.10228 1.07789 1.05813 0.982461 0.960985 0.96668 0.913578 0.9361 0.880597 0.827578 0.75304 0.766554 0.764735 0.739704 0.764771 0.725994 0.693414 0.72252 0.731799 0.747468 0.75571 0.764342 0.795428 0.831346 0.862093 0.901159 0.944764 1 1.06002 1.12748 1.19096 1.28236 1.36498 1.45648 1.56338 1.64781 1.75718 1.85552 1.98087 2.09255 2.22637 2.35647 2.48725 2.66149 2.71859 2.85903 3.03879 3.14972 3.28868 3.43252 3.61904 3.72694 3.90475 4.08578 4.14901 4.34617 4.50794 4.68304 4.80064 5.01003 5.10877 5.29588 5.40857 5.60803 5.71874 5.85864 6.0039 6.10195 6.40109 6.54072 6.68777 6.76739 6.95197 6.95964 7.20006 7.29411 7.48158 7.61006 
2.03625 1.91482 1.8274 1.86205 1.79255 1.81684 1.69833 1.65729 1.65297 1.63637 1.54586 1.56757 1.47328 1.43587 1.35877 1.37387 1.29059 1.31864 1.30657 1.24807 1.17833 1.1502 1.14096 1.08631 1.08873 1.04837 0.997439 0.98873 0.958196 0.878154 0.883838 0.847574 0.82562 0.808091 0.780396 0.780101 0.741731 0.74638 0.754931 0.717386 0.728235 0.725808 0.742004 0.753041 0.763287 0.798703 0.819182 0.86253 0.90058 0.946163 1 1.06209 1.12602 1.20203 1.27765 1.37192 1.45035 1.56372 1.66725 1.77517 1.86997 1.98999 2.05704 2.20028 2.35114 2.45878 2.60284 2.75767 2.9045 3.03811 3.1628 3.3055 3.39676 3.5726 3.74314 3.82492 4.06038 4.18863 4.29721 4.48949 4.56868 4.7947 4.89585 5.02687 5.21694 5.41169 5.48431 5.73809 5.84039 6.00059 6.15814 6.31801 6.43313 6.68417 6.74935 6.83128 7.04651 7.25787 7.32924 7.62161 7.60031 
1.86991 1.89904 1.93046 1.79016 1.82193 1.70193 1.7231 1.67616 1.63824 1.65184 1.51901 1.44211 1.48656 1.52751 1.44218 1.41774 1.30652 1.29129 1.28482 1.22347 1.18951 1.22413 1.08833 1.07551 1.02233 1.08088 0.97427 1.00105 0.979483 0.898939 0.870292 0.877595 0.808964 0.799809 0.761931 0.74481 0.751814 0.740197 0.72353 0.727814 0.727962 0.726618 0.740021 0.751818 0.776201 0.788326 0.822162 0.854086 0.89926 0.946589 1 1.06202 1.12246 1.20005 1.27788 1.35797 1.45026 1.55522 1.63915 1.74787 1.87035 1.9809 2.08308 2.24446 2.36208 2.49498 2.6101 2.72809 2.85364 3.03448 3.15844 3.34518 3.40521 3.55007 3.71194 3.81311 3.97375 4.19183 4.33016 4.47257 4.55037 4.75615 4.90331 5.05484 5.23954 5.41355 5.51839 5.67316 5.8331 6.01995 6.14313 6.32618 6.42473 6.62132 6.76855 6.95106 6.94849 7.13952 7.4218 7.38354 7.66672 
1.94082 1.76487 1.88353 1.80953 1.85762 1.68755 1.75441 1.6702 1.73087 1.62406 1.60362 1.57353 1.46502 1.3904 1.40963 1.39624 1.29255 1.27775 1.32754 1.19227 1.21465 1.1407 1.1432 1.05637 1.06168 0.947237 0.9621 0.979676 0.990604 0.915853 0.859689 0.800961 0.819657 0.819984 0.81132 0.796938 0.731872 0.746319 0.712104 0.741054 0.729786 0.723434 0.737386 0.755935 0.766904 0.793522 0.821687 0.859633 0.895139 0.9473 1 1.06203 1.12568 1.19324 1.28495 1.36356 1.46513 1.53478 1.63921 1.7613 1.8899 1.99309 2.10255 2.21864 2.35277 2.49062 2.57831 2.72556 2.89956 3.04415 3.16913 3.29884 3.42496 3.60559 3.72096 3.91614 4.00172 4.21306 4.31132 4.49576 4.59924 4.69761 4.94279 5.07749 5.26558 5.32755 5.56386 5.64497 5.81723 5.96671 6.03007 6.30399 6.50936 6.54035 6.72096 6.87909 7.14413 7.16774 7.32065 7.40463 7.71874 
1.95167 1.96542 1.87582 1.79129 1.81646 1.68862 1.77453 1.71324 1.68041 1.67826 1.57362 1.54194 1.46963 1.43437 1.40546 1.34793 1.32701 1.34288 1.25202 1.20742 1.17882 1.16673 1.13279 1.12588 1.07307 1.02857 0.997157 0.983633 0.967761 0.912678 0.860603 0.859851 0.838683 0.850794 0.783387 0.760599 0.750638 0.780411 0.746234 0.745987 0.710127 0.744804 0.752388 0.762584 0.767462 0.788522 0.818444 0.857575 0.901707 0.947396 1 1.0587 1.13177 1.20016 1.27447 1.3698 1.43984 1.55555 1.66192 1.78433 1.8635 1.98591 2.12969 2.1984 2.34774 2.46886 2.59965 2.72276 2.90412 3.04859 3.13565 3.2963 3.40799 3.5612 3.7167 3.91867 4.03678 4.22046 4.25502 4.45986 4.57114 4.71701 4.92612 5.03656 5.21413 5.39255 5.57391 5.59908 5.86326 5.98981 6.03744 6.31642 6.41703 6.63712 6.80246 6.97962 7.07206 7.18108 7.40821 7.42204 7.53912 
1.93739 1.9246 1.78898 1.85989 1.76915 1.82025 1.7219 1.66321 1.65509 1.68848 1.56146 1.51813 1.42894 1.53413 1.40941 1.36806 1.33779 1.24229 1.35606 1.22841 1.23283 1.16404 1.1262 1.10253 1.05395 0.978193 1.03722 0.988945 0.936775 0.872389 0.860862 0.868475 0.860872 0.806712 0.793437 0.776179 0.734034 0.746083 0.740432 0.734487 0.738651 0.735595 0.714267 0.748516 0.770212 0.804272 0.823897 0.861557 0.899517 0.945643 1 1.05863 1.12452 1.19754 1.27479 1.36669 1.45207 1.54115 1.65462 1.74833 1.86406 1.97807 2.08269 2.1998 2.33667 2.48409 2.61843 2.75903 2.88904 3.03484 3.13713 3.29352 3.45766 3.62231 3.74737 3.94357 4.02273 4.1828 4.3553 4.45967 4.59386 4.83909 4.88385 5.07183 5.21496 5.40103 5.5143 5.72268 5.84729 5.97685 6.04206 6.30425 6.54797 6.66825 6.73931 6.90238 6.99387 7.24805 7.40352 7.47592 7.55843 
1.91496 1.95426 1.80723 1.87615 1.83217 1.79459 1.66857 1.63144 1.59279 1.56205 1.51531 1.49454 1.48755 1.48463 1.36741 1.40104 1.34861 1.31248 1.19228 1.18795 1.23558 1.19241 1.13365 1.09748 1.04892 1.07319 1.01103 0.985981 0.969864 0.914096 0.923736 0.8934 0.850333 0.821539 0.797119 0.759517 0.738259 0.75095 0.734972 0.740757 0.741412 0.745999 0.723373 0.754962 0.773079 0.803418 0.823992 0.858879 0.894267 0.945641 1 1.05957 1.12736 1.19157 1.27896 1.36944 1.45888 1.53883 1.6639 1.74981 1.87568 1.97184 2.07564 2.24706 2.34771 2.48956 2.60257 2.75847 2.87478 3.01686 3.13494 3.27517 3.45184 3.59466 3.69318 3.821 4.0184 4.21549 4.30184 4.44775 4.63509 4.8011 4.87997 5.07938 5.16393 5.38565 5.46769 5.65338 5.85399 6.01338 6.09374 6.30009 6.39793 6.53656 6.67515 6.84739 7.01459 7.17027 7.41422 7.52236 7.67663 
1.92176 1.9012 1.90081 1.84715 1.89148 1.76115 1.8058 1.69772 1.76503 1.58149 1.5597 1.57841 1.52585 1.54423 1.42372 1.35323 1.37211 1.27399 1.24822 1.23266 1.16024 1.19313 1.14308 1.10361 1.10613 1.0523 0.959885 0.955886 0.972372 0.941301 0.877096 0.877354 0.822678 0.822225 0.78777 0.793917 0.761252 0.763871 0.750242 0.757505 0.707401 0.732944 0.747741 0.756972 0.779173 0.799577 0.823645 0.855171 0.904795 0.945575 1 1.05903 1.1252 1.1964 1.28185 1.36509 1.46091 1.53946 1.63435 1.75613 1.87454 1.97347 2.06599 2.21767 2.35541 2.48234 2.6071 2.76451 2.86234 3.0031 3.15807 3.33829 3.40716 3.53832 3.67785 3.82257 4.03999 4.15607 4.27186 4.51306 4.59231 4.78352 4.89216 5.09881 5.18206 5.30178 5.46182 5.65566 5.82603 5.98073 6.06854 6.26753 6.392 6.50707 6.7632 6.82616 7.03982 7.17901 7.2456 7.45064 7.63563 
1.94144 1.92511 1.99269 1.90269 1.68235 1.81267 1.83178 1.70185 1.63217 1.62063 1.65104 1.60228 1.55361 1.43878 1.42859 1.37759 1.29924 1.26808 1.26818 1.25782 1.18118 1.15218 1.17211 1.12332 1.06425 1.06473 0.98033 0.990362 0.905741 0.908655 0.901066 0.859733 0.82262 0.868185 0.820373 0.794693 0.786159 0.744555 0.732196 0.736114 0.740889 0.740854 0.735866 0.76395 0.778634 0.790603 0.829631 0.853235 0.900742 0.94843 1 1.05973 1.12442 1.19176 1.28342 1.36006 1.44536 1.53147 1.65459 1.76741 1.85689 1.98529 2.08985 2.20194 2.35402 2.47377 2.57692 2.74574 2.8582 3.00675 3.16251 3.29904 3.41561 3.61133 3.69722 3.87302 3.97599 4.07935 4.31063 4.45946 4.58408 4.69896 4.88665 5.01266 5.17512 5.39271 5.47 5.60064 5.78806 5.98355 6.08193 6.21307 6.33751 6.53387 6.68345 6.81204 7.10954 7.23044 7.28484 7.41227 7.74471 
1.92361 1.99058 1.92021 1.89175 1.86851 1.87181 1.77414 1.77565 1.68716 1.6178 1.62734 1.54301 1.505 1.46947 1.47115 1.44334 1.33182 1.30499 1.37317 1.25861 1.1674 1.18009 1.16027 1.11387 1.05433 1.06152 0.972287 0.982006 0.960033 0.917214 0.866975 0.878175 0.80844 0.79553 0.792537 0.784395 0.780128 0.77044 0.756084 0.725399 0.727836 0.778045 0.733903 0.744678 0.769619 0.80194 0.821183 0.858895 0.896573 0.949019 1 1.05782 1.12671 1.19328 1.27134 1.34755 1.45454 1.53807 1.6573 1.75897 1.8632 1.94605 2.1032 2.20516 2.37479 2.46327 2.58715 2.71601 2.87496 2.98316 3.17957 3.27029 3.42166 3.5862 3.67058 3.85493 3.9742 4.14943 4.29513 4.41213 4.59319 4.84105 4.90937 5.07514 5.28932 5.28234 5.4643 5.70253 5.7821 5.91643 6.06067 6.23812 6.40589 6.51499 6.72453 6.84231 7.06091 7.17118 7.21445 7.44161 7.61835 
1.9563 2.00745 1.87603 1.88651 1.86387 1.80023 1.80467 1.73162 1.71775 1.61404 1.60149 1.58627 1.56515 1.48372 1.50403 1.43039 1.34021 1.30045 1.30804 1.29438 1.22823 1.17395 1.17127 1.08893 1.10245 1.07236 0.981071 0.97854 0.982201 0.952321 0.895391 0.83769 0.85464 0.795837 0.805164 0.775456 0.764698 0.742729 0.742893 0.753318 0.740854 0.738116 0.75472 0.757065 0.777745 0.803202 0.826923 0.862347 0.905205 0.949309 1 1.06111 1.12439 1.19694 1.27082 1.35745 1.46086 1.53223 1.65894 1.74154 1.87418 1.94907 2.10903 2.23614 2.30714 2.47965 2.59545 2.77144 2.84201 2.99014 3.12409 3.28802 3.38807 3.5683 3.67456 3.87263 4.06635 4.1586 4.29911 4.47738 4.64515 4.76481 4.81403 5.03447 5.14492 5.41373 5.53244 5.60462 5.75255 5.88241 6.05207 6.25626 6.38397 6.4849 6.71076 6.94526 6.97931 7.1319 7.23181 7.4636 7.6411 
1.93124 1.9594 1.88704 1.86765 1.82027 1.82589 1.76031 1.77497 1.7149 1.69031 1.60911 1.60031 1.51833 1.47535 1.47637 1.44054 1.39335 1.34639 1.32086 1.28438 1.2183 1.23048 1.13059 1.15231 1.10461 1.0079 1.05856 0.976347 0.947568 0.923043 0.901744 0.899391 0.857857 0.832204 0.821656 0.799275 0.750119 0.747824 0.774559 0.746098 0.754932 0.734832 0.738028 0.755539 0.774708 0.794369 0.826251 0.86303 0.89851 0.947788 1 1.05911 1.12321 1.19289 1.27088 1.34932 1.44357 1.5456 1.65402 1.75834 1.86619 1.9792 2.08038 2.19812 2.33178 2.46051 2.58139 2.77035 2.87221 3.00871 3.10732 3.27423 3.4197 3.55723 3.71247 3.89864 4.03797 4.07009 4.22802 4.46268 4.57269 4.78479 4.9017 5.0659 5.16919 5.3961 5.43894 5.63336 5.76212 5.93585 6.05119 6.24874 6.38763 6.55165 6.62356 6.8141 6.97031 7.0745 7.29161 7.3657 7.57545 
2.04124 2.00471 2.05339 1.93712 1.88733 1.91165 1.70333 1.73872 1.66769 1.73463 1.67214 1.57425 1.51299 1.48651 1.50013 1.44285 1.45074 1.38941 1.29721 1.26137 1.2368 1.19687 1.20903 1.12357 1.11931 1.08809 1.02961 0.977267 0.94539 0.91145 0.9246 0.886994 0.829974 0.857891 0.788506 0.784539 0.754196 0.766449 0.747065 0.761276 0.740478 0.736906 0.741951 0.764672 0.786744 0.803086 0.828776 0.860989 0.89939 0.94624 1 1.05908 1.12266 1.18736 1.27241 1.3592 1.44245 1.5411 1.63192 1.7486 1.8562 1.98347 2.09512 2.21202 2.31637 2.45533 2.6153 2.70542 2.92062 2.96416 3.12316 3.21812 3.44713 3.56532 3.69743 3.84328 4.01272 4.09351 4.28839 4.43206 4.52649 4.78589 4.92243 5.01429 5.12744 5.33366 5.50771 5.65211 5.81381 5.89595 6.11954 6.25579 6.41995 6.57579 6.71072 6.84822 7.0178 7.20131 7.27608 7.48858 7.68753 
2.02328 1.95681 1.91719 1.9387 1.91271 1.88611 1.80412 1.77583 1.78126 1.70031 1.65479 1.64193 1.64293 1.48552 1.53345 1.45316 1.3334 1.28855 1.28458 1.2437 1.2819 1.21632 1.20045 1.10551 1.10645 1.05936 1.07065 1.00162 0.958616 0.98335 0.870053 0.911208 0.857243 0.826767 0.817208 0.815428 0.774222 0.740706 0.761845 0.73313 0.750156 0.753322 0.749113 0.776836 0.790984 0.801275 0.829586 0.864079 0.902848 0.947092 1 1.05764 1.12348 1.19353 1.26069 1.35425 1.43651 1.5513 1.62887 1.74572 1.84456 1.98143 2.09126 2.18738 2.3521 2.4546 2.56861 2.6665 2.82744 3.02791 3.16255 3.29102 3.39101 3.52923 3.7107 3.88382 4.02292 4.11644 4.27576 4.40292 4.59602 4.71755 4.75627 4.93232 5.10729 5.2497 5.47831 5.60325 5.66808 5.90953 6.09289 6.18948 6.37086 6.61722 6.52569 6.86603 6.89008 7.08196 7.29457 7.3809 7.46879 
2.01424 1.95257 1.95368 1.96267 1.98133 1.84731 1.81186 1.67653 1.71553 1.62999 1.66553 1.63752 1.50046 1.55051 1.48303 1.44791 1.42922 1.35688 1.30589 1.30196 1.24913 1.2314 1.16389 1.18328 1.15418 1.05745 1.02976 0.977823 0.986003 0.949334 0.919731 0.884708 0.859957 0.845083 0.822456 0.805535 0.78927 0.761305 0.729583 0.760993 0.755235 0.750603 0.763636 0.760909 0.786089 0.805475 0.833056 0.861893 0.903021 0.948053 1 1.05796 1.12334 1.19742 1.27012 1.34654 1.43188 1.54558 1.63788 1.74296 1.83774 1.98183 2.0739 2.19383 2.31549 2.4609 2.5805 2.73867 2.82708 2.96553 3.15402 3.23921 3.37979 3.50648 3.67072 3.87058 3.9588 4.14607 4.27954 4.38977 4.52378 4.6962 4.87391 4.92689 5.1213 5.25031 5.45396 5.59047 5.79577 5.93537 6.01865 6.17867 6.36031 6.46701 6.68547 6.71793 7.01062 7.08556 7.25818 7.3787 7.55252 
2.14947 2.10525 2.03784 1.8922 1.91003 1.84809 1.84269 1.77376 1.75557 1.72 1.704 1.58806 1.61223 1.53533 1.51005 1.44928 1.39462 1.42819 1.34544 1.3146 1.32224 1.28522 1.14312 1.23189 1.13636 1.09715 1.01789 0.983068 0.975697 0.909303 0.917127 0.923954 0.897517 0.836948 0.849678 0.801763 0.813573 0.795993 0.74205 0.746412 0.763241 0.754628 0.752823 0.765414 0.780071 0.812508 0.832726 0.85535 0.90332 0.946661 1 1.05848 1.11834 1.18694 1.26868 1.34721 1.44455 1.52852 1.63931 1.74001 1.83704 1.96656 2.09312 2.18547 2.31808 2.41943 2.5786 2.69613 2.83834 2.94989 3.1181 3.25262 3.37392 3.49863 3.65103 3.84204 3.93475 4.11001 4.20907 4.42943 4.54451 4.67244 4.83897 5.0604 5.09311 5.3192 5.4651 5.61443 5.7281 6.03304 6.0869 6.17665 6.32285 6.45973 6.74035 6.86147 7.02339 7.00376 7.25132 7.59072 7.5557 
2.06943 2.01453 1.95346 1.92331 1.89744 1.90358 1.89228 1.80643 1.69534 1.7373 1.59743 1.61144 1.66897 1.51968 1.44951 1.4953 1.36901 1.44164 1.3108 1.27696 1.28522 1.23589 1.17341 1.10749 1.11108 1.0616 1.05677 0.983082 1.00666 0.999924 0.950862 0.881696 0.898744 0.833733 0.821788 0.817793 0.798671 0.74364 0.764202 0.745666 0.743094 0.763918 0.763896 0.77063 0.777106 0.800222 0.838736 0.867955 0.906773 0.94852 1 1.05764 1.12571 1.18547 1.26988 1.34615 1.44788 1.51931 1.62893 1.72797 1.83644 1.96115 2.05454 2.21005 2.30451 2.45347 2.55257 2.68357 2.82423 2.96652 3.12615 3.25493 3.36157 3.54803 3.66251 3.78207 3.96272 4.15077 4.2174 4.35254 4.55123 4.64883 4.89485 5.0056 5.0881 5.27578 5.36242 5.5555 5.6888 5.89595 5.95404 6.28788 6.2715 6.44536 6.58508 6.77558 6.89434 7.08867 7.22969 7.36358 7.61725 
2.11673 2.02098 1.91843 2.05048 1.92128 1.85683 1.82967 1.82132 1.79113 1.71457 1.69184 1.63886 1.60123 1.53043 1.60677 1.44325 1.43496 1.41703 1.37805 1.33824 1.27997 1.2174 1.21255 1.16144 1.10543 1.11097 1.05058 1.03277 1.01399 0.953601 0.938243 0.889583 0.913802 0.872281 0.831069 0.835486 0.812892 0.757474 0.785672 0.751818 0.7737 0.741281 0.760196 0.778555 0.790889 0.824163 0.842087 0.86617 0.904796 0.949459 1 1.05791 1.11981 1.19084 1.26456 1.33743 1.42776 1.51596 1.62381 1.72598 1.85302 1.96097 2.06809 2.18732 2.30056 2.44785 2.57553 2.64954 2.84912 3.01438 3.07234 3.23073 3.39216 3.5335 3.65458 3.76503 3.96551 4.07648 4.19256 4.35842 4.58482 4.62268 4.81546 4.97711 5.13881 5.24131 5.40136 5.58278 5.72053 5.75894 5.94914 6.06517 6.27876 6.45052 6.6182 6.81597 6.9072 7.10952 7.20218 7.38454 7.47761 
2.17422 2.08592 2.03984 1.89942 2.01169 1.91815 1.96363 1.8048 1.81857 1.70441 1.63465 1.67169 1.5828 1.57806 1.55644 1.53238 1.47763 1.40618 1.37572 1.34582 1.30708 1.24957 1.20077 1.15082 1.11868 1.15476 1.02978 1.03206 1.05141 1.00052 0.93405 0.871779 0.915336 0.863403 0.848056 0.817609 0.827321 0.77036 0.800855 0.777747 0.772616 0.745747 0.770936 0.772107 0.789338 0.818903 0.837154 0.866301 0.9075 0.94907 1 1.05444 1.1204 1.18913 1.25927 1.34384 1.42832 1.51328 1.64266 1.75046 1.84082 1.95699 2.04878 2.17996 2.29754 2.38788 2.57563 2.66423 2.8415 2.94129 3.03976 3.24068 3.37145 3.54041 3.61017 3.80008 3.95367 4.05002 4.14185 4.31119 4.50851 4.65115 4.78775 4.97984 5.07558 5.26162 5.37856 5.50602 5.66241 5.81193 5.91026 6.10727 6.29305 6.44301 6.57841 6.80077 6.77214 6.96965 7.07948 7.40208 7.41994 
2.12229 2.17015 2.10613 1.96171 1.92014 1.8894 1.86743 1.84841 1.79228 1.72761 1.71212 1.6213 1.62277 1.56538 1.54383 1.5698 1.47766 1.45083 1.39954 1.34518 1.29678 1.27083 1.2075 1.22497 1.18389 1.13641 1.04843 1.05803 0.989177 1.00641 0.891622 0.940307 0.899797 0.839114 0.847564 0.872606 0.818501 0.796599 0.793851 0.792762 0.79137 0.755646 0.781647 0.775148 0.799075 0.819881 0.840352 0.865669 0.903402 0.951374 1 1.0559 1.11973 1.18682 1.25946 1.34318 1.42445 1.52431 1.62236 1.72194 1.8079 1.93459 2.01389 2.17074 2.32914 2.4519 2.50699 2.68102 2.79936 2.95844 3.06529 3.19239 3.34478 3.49249 3.62138 3.74635 3.91425 4.11078 4.21781 4.36838 4.46802 4.6663 4.71269 4.9473 5.03425 5.2799 5.28772 5.43337 5.63737 5.7778 6.00653 6.10676 6.28646 6.3633 6.59121 6.73626 6.80731 6.9849 7.20933 7.28339 7.40111 
2.16381 2.14144 2.09723 2.03534 1.97463 1.92832 1.84398 1.87005 1.76596 1.82328 1.69757 1.66259 1.68217 1.73399 1.5501 1.52905 1.50741 1.44098 1.43496 1.37712 1.3161 1.36055 1.2461 1.20846 1.15514 1.15851 1.1099 1.07028 0.940114 1.05388 0.959635 0.957104 0.904485 0.904653 0.855829 0.821989 0.805282 0.798224 0.800435 0.773074 0.76919 0.778178 0.756354 0.788628 0.805315 0.814062 0.845553 0.870951 0.908925 0.951327 1 1.05489 1.11861 1.18459 1.25881 1.33911 1.42868 1.51232 1.61027 1.72869 1.8207 1.91331 2.0414 2.1638 2.28102 2.40172 2.54842 2.69112 2.79831 2.94073 3.06883 3.20952 3.31349 3.4561 3.60428 3.74007 3.91987 4.06862 4.20066 4.37644 4.46167 4.61313 4.80357 4.95134 5.08984 5.19101 5.30037 5.52669 5.61614 5.76948 5.94988 6.10517 6.24022 6.36599 6.51817 6.63069 6.77721 6.97695 7.05236 7.2175 7.32678 
2.17453 2.12959 2.03877 2.05563 1.99923 1.95466 1.98318 1.93131 1.80519 1.87288 1.8066 1.63221 1.71782 1.65651 1.57653 1.54457 1.50983 1.39265 1.39493 1.40213 1.35589 1.31095 1.30862 1.14585 1.20001 1.14371 1.13227 1.10454 1.01304 1.00324 0.988163 0.922439 0.89812 0.924506 0.874536 0.855741 0.839368 0.802598 0.809269 0.7848 0.776458 0.767477 0.780421 0.784561 0.810511 0.82607 0.845198 0.875447 0.911205 0.949624 1 1.056 1.11311 1.18696 1.2499 1.32313 1.42854 1.52327 1.60154 1.7133 1.84174 1.90964 2.05766 2.16945 2.28675 2.39554 2.5089 2.65551 2.80035 2.94059 3.06123 3.18441 3.31172 3.47374 3.56568 3.64532 3.85624 3.9959 4.17006 4.27654 4.4389 4.59906 4.76546 4.89557 5.06532 5.15452 5.26213 5.42604 5.58122 5.72093 5.95122 6.08111 6.18635 6.33551 6.5753 6.67536 6.71678 6.85594 7.00605 7.16267 7.3393 
2.17064 2.152 2.05492 2.21063 2.05261 2.00784 1.90363 1.97197 1.91984 1.77049 1.82995 1.75157 1.71415 1.62801 1.62159 1.51011 1.55724 1.46756 1.52887 1.39517 1.39364 1.3229 1.28813 1.23663 1.21548 1.17941 1.11361 1.09024 1.0392 0.996175 1.01764 0.990365 0.950394 0.905369 0.87765 0.84502 0.841778 0.789777 0.802561 0.789037 0.79232 0.766329 0.787287 0.806572 0.802013 0.817512 0.852039 0.877625 0.910755 0.950193 1 1.05425 1.11369 1.18027 1.25459 1.32809 1.41216 1.52449 1.62688 1.69291 1.81359 1.90408 2.01619 2.14916 2.29378 2.3875 2.53028 2.64364 2.76712 2.89503 3.01982 3.15762 3.27888 3.43049 3.6022 3.67828 3.87106 3.98304 4.17027 4.29163 4.39871 4.60555 4.70046 4.81889 4.99707 5.11982 5.30411 5.44563 5.6363 5.60195 5.84388 6.03641 6.22063 6.35685 6.50482 6.60625 6.68936 6.85623 6.93947 7.19844 7.39045 
2.28461 2.18957 2.04767 2.18907 2.06755 2.02659 2.00255 1.85483 1.87642 1.81449 1.76626 1.84215 1.76638 1.68522 1.63317 1.6159 1.50713 1.48472 1.41287 1.38315 1.36554 1.37912 1.34551 1.26527 1.24981 1.1364 1.1606 1.16542 1.04856 0.996565 1.00114 0.980849 0.95005 0.908652 0.908289 0.84579 0.837179 0.826724 0.79195 0.795025 0.790198 0.767292 0.786176 0.803534 0.810351 0.825737 0.846063 0.878632 0.913528 0.950605 1 1.0525 1.11648 1.19118 1.25103 1.33065 1.40829 1.50805 1.58606 1.71515 1.7979 1.91156 2.03075 2.11971 2.23001 2.3423 2.48947 2.65562 2.75254 2.87159 3.02263 3.17318 3.31096 3.44758 3.58049 3.70357 3.81948 3.9755 4.09326 4.25791 4.43782 4.52859 4.62179 4.87683 4.96205 5.0763 5.36468 5.38526 5.54862 5.68921 5.86774 6.01227 6.0566 6.38271 6.44893 6.57463 6.79737 6.95109 7.0813 7.21434 7.32268 
2.30874 2.27471 2.21003 2.11025 2.06528 2.06885 2.05483 1.95569 1.82343 1.90981 1.7593 1.79573 1.71847 1.78042 1.67261 1.60172 1.55705 1.49332 1.44518 1.36567 1.35542 1.35299 1.34572 1.32019 1.22672 1.19101 1.09153 1.13929 1.08874 1.04358 1.01115 1.0322 0.934304 0.906557 0.874384 0.866913 0.858244 0.816272 0.833409 0.796653 0.796138 0.807498 0.780462 0.796737 0.814758 0.822587 0.848835 0.88034 0.914339 0.953657 1 1.05461 1.11363 1.17704 1.25782 1.33016 1.3985 1.50672 1.60522 1.6813 1.7926 1.91953 2.01419 2.12744 2.24992 2.368 2.50601 2.61465 2.74722 2.88459 3.00504 3.13045 3.29167 3.44892 3.4861 3.63809 3.87195 4.01447 4.08644 4.24928 4.38558 4.54889 4.64549 4.85808 4.9745 5.13643 5.22985 5.33572 5.44486 5.7022 5.88438 5.90212 6.16036 6.3744 6.4769 6.61153 6.73925 6.88308 6.99619 7.13942 7.15051 
2.27821 2.24248 2.23121 2.23885 2.14858 2.09443 2.07161 1.92908 1.93078 1.88215 1.8326 1.72821 1.77484 1.64893 1.68653 1.66279 1.59026 1.51159 1.55659 1.47206 1.48267 1.38075 1.30939 1.29601 1.25195 1.2377 1.16288 1.08974 1.06394 1.03621 1.00602 1.00736 0.952388 0.951861 0.894888 0.886034 0.854057 0.842349 0.819456 0.82755 0.802355 0.797056 0.806725 0.805673 0.805632 0.847821 0.860689 0.885003 0.914514 0.953745 1 1.05361 1.11429 1.17479 1.2441 1.32451 1.41608 1.50132 1.58663 1.67075 1.78543 1.86946 2.00344 2.11507 2.21484 2.37327 2.47534 2.62637 2.69755 2.87257 2.98291 3.1536 3.30377 3.37993 3.50643 3.67161 3.7578 3.95078 4.10387 4.23638 4.42018 4.55402 4.70091 4.78913 4.96076 5.09079 5.23556 5.42591 5.49039 5.67055 5.85435 5.9994 6.09591 6.31122 6.3651 6.52349 6.70015 6.87314 6.8809 7.1799 7.27387 
2.37342 2.30835 2.2252 2.23668 2.1693 2.07127 2.13018 2.01001 1.92822 1.92313 1.82065 1.85497 1.76896 1.79373 1.66836 1.67301 1.57772 1.52407 1.54545 1.46229 1.49883 1.37759 1.27831 1.29271 1.25076 1.30483 1.18961 1.18359 1.14887 1.05207 1.02734 0.995599 0.956319 0.959779 0.924433 0.885641 0.854958 0.874053 0.815794 0.818518 0.801295 0.798835 0.811714 0.804036 0.818721 0.84038 0.852527 0.878973 0.915916 0.953986 1 1.05149 1.11144 1.17413 1.24919 1.32319 1.41111 1.50861 1.59252 1.66341 1.76605 1.86983 1.96781 2.11623 2.23975 2.35799 2.51185 2.60051 2.71978 2.81177 2.99828 3.14846 3.2587 3.37197 3.53318 3.65714 3.71941 3.93521 4.14288 4.22424 4.35069 4.44846 4.65979 4.76839 4.96229 5.05007 5.21853 5.39781 5.54061 5.63701 5.79143 5.87087 6.05397 6.23397 6.38764 6.48291 6.74412 6.81152 6.85571 7.06644 7.10188 
2.36839 2.31881 2.25811 2.27953 2.21428 2.12339 2.10629 2.00199 2.04624 1.90723 1.94607 1.82296 1.8339 1.73487 1.65699 1.70027 1.64529 1.57238 1.57828 1.51797 1.50696 1.42859 1.31998 1.36095 1.28915 1.21666 1.17647 1.15656 1.10487 1.08479 1.01553 1.03121 0.9849 0.973715 0.90293 0.900891 0.870513 0.877197 0.829359 0.830879 0.808891 0.798951 0.803231 0.806738 0.824875 0.835764 0.8545 0.880655 0.916455 0.953302 1 1.05275 1.10684 1.17403 1.2391 1.30408 1.40701 1.49138 1.59421 1.65348 1.78774 1.88119 1.97561 2.09766 2.21281 2.33522 2.44756 2.59499 2.71334 2.82614 2.9661 3.0988 3.2235 3.34583 3.52467 3.64431 3.6942 3.95094 4.10236 4.17554 4.31724 4.47222 4.60424 4.72947 4.90096 5.03244 5.15962 5.25557 5.53854 5.58694 5.71461 5.873 6.02557 6.11722 6.3864 6.43697 6.59742 6.86858 6.80403 7.0384 7.11153 
2.36395 2.41797 2.35715 2.32242 2.26539 2.16616 2.11356 2.02652 2.07565 1.91585 1.9709 1.78649 1.88686 1.77999 1.76372 1.75825 1.62472 1.54965 1.54613 1.52527 1.44748 1.44063 1.35756 1.37 1.32355 1.22402 1.18857 1.17807 1.13139 1.1162 1.09615 1.04551 0.981197 0.95574 0.921541 0.915829 0.892639 0.877503 0.845798 0.840375 0.831662 0.822939 0.825131 0.810341 0.835128 0.834245 0.859285 0.890989 0.914787 0.956901 1 1.04944 1.10454 1.17025 1.24376 1.3282 1.3943 1.47659 1.5824 1.65243 1.78494 1.87074 1.98544 2.0927 2.23288 2.34012 2.43903 2.6006 2.69466 2.83273 2.95033 3.07229 3.24391 3.38056 3.44579 3.62061 3.71934 3.98047 4.08531 4.17866 4.34061 4.48903 4.63551 4.63981 4.89192 5.01953 5.14602 5.2805 5.50867 5.51006 5.7413 5.81312 6.07285 6.18503 6.23516 6.45355 6.56895 6.54161 6.80747 6.92282 7.10629 
2.35533 2.37632 2.29251 2.2702 2.15355 2.29243 2.13849 2.08312 2.07291 1.98761 1.97649 1.90243 1.86179 1.81813 1.74941 1.6872 1.67246 1.65366 1.641 1.50488 1.45935 1.41114 1.36689 1.38243 1.29012 1.28339 1.23513 1.15246 1.1406 1.11659 1.04202 1.0247 1.02875 0.970773 0.966537 0.899358 0.870647 0.868705 0.842786 0.829191 0.828552 0.824565 0.829746 0.817028 0.818399 0.838267 0.864975 0.891838 0.917055 0.956555 1 1.05021 1.10745 1.16497 1.23722 1.30491 1.39109 1.46508 1.57539 1.66734 1.74528 1.87293 1.99242 2.09604 2.18585 2.30794 2.41461 2.56711 2.69137 2.84464 2.91606 3.06708 3.20551 3.35569 3.49813 3.56662 3.77541 3.88415 3.95419 4.13018 4.28869 4.38246 4.61391 4.74298 4.81562 5.00229 5.13441 5.33279 5.31955 5.54419 5.69287 5.83115 5.95153 6.12245 6.22989 6.38369 6.564 6.74264 6.83231 7.00362 6.97057 
2.38432 2.37909 2.34351 2.37468 2.22987 2.20409 2.20506 2.13869 2.16602 2.12844 1.91032 1.88421 1.87877 1.79322 1.73808 1.70138 1.69555 1.67643 1.55448 1.56353 1.47273 1.45769 1.4209 1.37138 1.28707 1.27896 1.24229 1.25134 1.15199 1.12456 1.08898 1.07065 1.02305 0.984219 0.985245 0.918415 0.850042 0.879777 0.866115 0.862326 0.841603 0.819046 0.805673 0.83267 0.837248 0.849268 0.867253 0.888897 0.919738 0.956524 1 1.04857 1.10668 1.16687 1.23797 1.30815 1.38316 1.48371 1.58445 1.65998 1.78756 1.85463 1.93972 2.06308 2.16674 2.31299 2.45542 2.53857 2.67276 2.8051 2.94013 3.06937 3.21041 3.35708 3.46406 3.59621 3.67666 3.87273 3.96936 4.12864 4.30064 4.39998 4.55288 4.67117 4.82963 5.06376 5.1939 5.29019 5.37623 5.59457 5.64708 5.72889 6.05952 6.16005 6.2833 6.3456 6.44695 6.66796 6.80158 7.03227 7.13997 
2.41194 2.36608 2.39226 2.32258 2.2149 2.23194 2.21648 2.13524 2.02867 2.07286 1.90109 1.8795 1.92627 1.79277 1.80113 1.7614 1.68496 1.67261 1.61998 1.57616 1.56054 1.4905 1.49477 1.33882 1.35683 1.23826 1.25484 1.21164 1.16676 1.12126 1.11654 1.0528 1.026 0.998686 0.956993 0.972804 0.8969 0.885132 0.897249 0.852795 0.839939 0.810926 0.828964 0.844532 0.841322 0.84793 0.864525 0.895272 0.92182 0.957483 1 1.04725 1.09973 1.16572 1.23359 1.30471 1.37405 1.46827 1.57932 1.65362 1.75396 1.83996 1.95865 2.08453 2.21702 2.29898 2.39832 2.52357 2.69281 2.799 2.89743 3.07901 3.15019 3.32407 3.45541 3.53734 3.72828 3.86123 3.91282 4.10761 4.29255 4.3705 4.58921 4.64178 4.7753 4.92122 5.08651 5.21033 5.31881 5.48934 5.61496 5.80712 5.87501 6.12256 6.10719 6.26149 6.46476 6.62868 6.673 6.93518 6.9845 
2.52873 2.45697 2.46017 2.42201 2.28557 2.3136 2.18068 2.17973 2.11696 2.10305 2.02732 1.97153 1.89874 1.86131 1.80629 1.83272 1.69555 1.68703 1.59864 1.55241 1.52867 1.39148 1.37851 1.41173 1.39187 1.29108 1.29684 1.18765 1.20153 1.13698 1.11826 1.0968 0.981731 1.04248 0.929277 0.927891 0.932087 0.881461 0.862375 0.83743 0.854833 0.828902 0.830254 0.837542 0.830296 0.847221 0.871604 0.893026 0.921347 0.957478 1 1.04678 1.10386 1.16241 1.23142 1.29367 1.39076 1.47051 1.54708 1.65587 1.72351 1.83798 1.95379 2.06569 2.17018 2.27465 2.40096 2.52008 2.66769 2.80534 2.87684 3.03942 3.18988 3.30991 3.48388 3.50476 3.68343 3.74568 4.01279 4.07708 4.28676 4.35154 4.56149 4.70551 4.80598 4.86841 5.11045 5.17236 5.42601 5.44782 5.61612 5.77648 5.88989 6.00168 6.12069 6.39785 6.53756 6.57107 6.67804 6.76818 6.92882 
2.56266 2.50756 2.44958 2.46046 2.33953 2.24667 2.21706 2.19936 2.11945 2.04539 1.99181 2.03694 2.00558 1.89748 1.78887 1.73462 1.74221 1.72545 1.59934 1.65478 1.51246 1.46469 1.48616 1.37568 1.36316 1.3049 1.23379 1.22056 1.18947 1.19865 1.12432 1.05743 1.0333 1.01884 0.977298 0.954528 0.934718 0.920028 0.863684 0.867253 0.864006 0.8482 0.84135 0.843969 0.838285 0.848071 0.872251 0.893802 0.926067 0.960396 1 1.04792 1.10104 1.15871 1.23049 1.29486 1.38607 1.45879 1.56047 1.64222 1.72206 1.81411 1.94921 2.05065 2.17113 2.26351 2.39468 2.53328 2.65612 2.78681 2.94489 3.03586 3.11636 3.25028 3.353 3.55767 3.64827 3.80191 3.92756 4.13975 4.22046 4.37069 4.4301 4.62287 4.75974 4.8277 5.04814 5.16988 5.34764 5.41466 5.69029 5.63548 5.86527 5.97648 6.1319 6.12275 6.47413 6.54841 6.59851 6.78857 6.92979 
2.49242 2.545 2.51219 2.41882 2.30413 2.26954 2.27315 2.20452 2.10131 2.13748 2.05924 1.99756 1.94084 1.98897 1.84701 1.8548 1.73232 1.6724 1.69351 1.56496 1.58611 1.49622 1.45858 1.40557 1.37837 1.32533 1.2628 1.259 1.23474 1.23396 1.119 1.11891 1.10264 1.03995 0.984072 0.975656 0.912792 0.902973 0.894559 0.859022 0.849899 0.854779 0.85104 0.852461 0.84472 0.84362 0.876107 0.897084 0.927002 0.95816 1 1.04891 1.09612 1.15875 1.22838 1.28451 1.37836 1.46014 1.52752 1.66005 1.74872 1.81593 1.92137 2.02877 2.17157 2.28128 2.39129 2.50029 2.55728 2.76193 2.83571 3.0284 3.12008 3.28797 3.38957 3.57032 3.64631 3.8242 3.91974 4.03429 4.1592 4.32243 4.43979 4.61104 4.73833 4.8519 4.91063 5.15316 5.26387 5.4269 5.64757 5.79903 5.73422 6.01097 6.20068 6.27427 6.33684 6.52744 6.64511 6.86263 7.00355 
2.61644 2.54591 2.46864 2.49477 2.45107 2.26003 2.22428 2.17663 2.15379 2.11493 2.13663 2.0449 1.99891 1.95534 1.84247 1.82857 1.77733 1.68341 1.62271 1.64922 1.58127 1.53955 1.48346 1.46356 1.35547 1.41534 1.28812 1.22007 1.20927 1.16245 1.14741 1.1025 1.04988 1.02307 0.997703 0.934667 0.954684 0.92886 0.898154 0.868626 0.870405 0.851127 0.837485 0.837486 0.855938 0.856619 0.873734 0.902254 0.92619 0.959946 1 1.04667 1.10302 1.15902 1.22056 1.28433 1.37395 1.43489 1.54988 1.62298 1.74269 1.82109 1.95142 2.0497 2.18064 2.24258 2.38722 2.53004 2.63432 2.72297 2.85873 2.99228 3.13864 3.23612 3.40631 3.57801 3.61453 3.8274 3.90155 4.10521 4.13287 4.2857 4.42585 4.58993 4.74746 4.83667 4.97562 5.12526 5.30431 5.44714 5.59244 5.73807 5.79393 5.84335 6.10048 6.14128 6.2309 6.47141 6.58078 6.89607 6.87723 
2.559 2.51474 2.54412 2.45881 2.39016 2.32949 2.31044 2.28894 2.16424 2.14324 1.99337 2.04459 2.03644 1.9522 1.88913 1.84506 1.76466 1.69328 1.63101 1.67125 1.59072 1.50299 1.53253 1.41687 1.38229 1.33931 1.31769 1.27358 1.27474 1.17729 1.12889 1.08148 1.08791 1.03404 1.00645 0.936425 0.936055 0.920426 0.922307 0.861556 0.865986 0.868392 0.852539 0.861491 0.853931 0.864832 0.879405 0.899178 0.926666 0.96148 1 1.04691 1.09876 1.15839 1.21859 1.29236 1.38174 1.44042 1.51325 1.6315 1.72503 1.84252 1.92533 2.01109 2.11305 2.24016 2.39152 2.48201 2.6308 2.69856 2.88681 2.92164 3.10852 3.27519 3.41678 3.53358 3.63111 3.81737 3.8944 4.04895 4.12895 4.27478 4.4105 4.53574 4.73908 4.78846 4.98387 5.10004 5.32356 5.4614 5.42341 5.68491 5.8291 6.00187 6.15382 6.20682 6.25345 6.4659 6.70275 6.8161 6.91466 
2.64371 2.53977 2.47062 2.5044 2.3623 2.43003 2.27393 2.19568 2.21337 2.0859 2.14018 2.09874 1.97014 2.01103 1.8858 1.79634 1.79943 1.73174 1.73247 1.62041 1.59375 1.54956 1.45231 1.44485 1.38508 1.40506 1.30206 1.29119 1.24403 1.23008 1.15935 1.13043 1.04719 1.00356 0.982734 0.95005 0.97025 0.948307 0.915945 0.884852 0.880421 0.846591 0.858235 0.853822 0.864159 0.853657 0.880216 0.903812 0.926492 0.961975 1 1.04565 1.0951 1.15739 1.22516 1.29324 1.355 1.44798 1.5356 1.618 1.73981 1.82434 1.90693 1.99868 2.14134 2.26011 2.37179 2.49639 2.62676 2.72719 2.82735 3.00579 3.08721 3.19539 3.30307 3.53838 3.68845 3.73328 3.87433 4.04841 4.1226 4.23983 4.41985 4.54247 4.67744 4.79016 4.94702 5.10366 5.2332 5.39738 5.50745 5.69293 5.74925 5.98614 5.9601 6.24455 6.32285 6.47647 6.65396 6.70229 6.81837 
2.67918 2.61185 2.52434 2.35183 2.38532 2.42128 2.38719 2.25122 2.17555 2.18849 2.10958 2.00875 2.08883 1.96419 1.94824 1.85759 1.86804 1.80231 1.73631 1.65226 1.63087 1.53924 1.52397 1.5391 1.42482 1.40583 1.34095 1.30245 1.2506 1.18804 1.18726 1.11802 1.12082 1.05755 1.00135 0.999556 0.966039 0.947919 0.906758 0.898703 0.879718 0.855355 0.852765 0.845976 0.866031 0.860248 0.881401 0.906674 0.928882 0.961967 1 1.0454 1.09713 1.15769 1.22601 1.29524 1.35673 1.43885 1.52073 1.61283 1.70884 1.81673 1.9109 2.03521 2.12449 2.26052 2.34004 2.484 2.63967 2.65887 2.79611 2.98812 3.06941 3.2466 3.36177 3.47362 3.54659 3.76504 3.88132 3.95249 4.18352 4.26466 4.45344 4.55658 4.63497 4.74667 4.98615 4.98733 5.17682 5.36693 5.52247 5.64466 5.77653 5.88637 5.99967 6.18151 6.26582 6.50502 6.61912 6.68686 6.81449 
2.64437 2.62509 2.57192 2.49884 2.47416 2.53028 2.29877 2.31992 2.20569 2.18936 2.12917 2.11159 2.07359 1.98478 1.94032 1.91098 1.78681 1.79047 1.76145 1.69104 1.58882 1.6091 1.49865 1.51688 1.41375 1.41305 1.30117 1.26932 1.26855 1.19412 1.19573 1.1896 1.10032 1.05185 1.02412 0.972208 0.985534 0.943397 0.916509 0.889382 0.867811 0.883228 0.858913 0.8424 0.853163 0.869516 0.884022 0.903657 0.932425 0.959325 1 1.04451 1.09967 1.15383 1.22159 1.28068 1.35134 1.43374 1.52064 1.61094 1.70067 1.81413 1.91956 2.02092 2.095 2.22239 2.35382 2.48073 2.58303 2.69074 2.84706 2.99228 3.05446 3.26657 3.29977 3.38977 3.62633 3.79088 3.915 3.9874 4.16231 4.28018 4.37063 4.49487 4.66571 4.70815 4.91389 5.09084 5.15516 5.27022 5.52126 5.59562 5.60665 5.78843 5.94684 6.28879 6.43519 6.44141 6.5522 6.75228 6.98944 
2.68775 2.56066 2.61737 2.51194 2.4273 2.46403 2.32819 2.36121 2.30096 2.2004 2.19041 2.12627 1.9943 2.04321 1.91774 1.85991 1.76905 1.77478 1.73254 1.72933 1.66533 1.60422 1.5299 1.42431 1.42324 1.39613 1.40042 1.2851 1.26347 1.24588 1.17973 1.10756 1.06877 1.03294 1.02257 0.974389 0.949161 0.968307 0.912412 0.893876 0.858471 0.856707 0.872899 0.863191 0.865809 0.87074 0.882707 0.90548 0.932271 0.962004 1 1.04354 1.09931 1.15187 1.22121 1.2863 1.36065 1.41907 1.52905 1.6174 1.72003 1.80824 1.90035 2.01874 2.13228 2.26588 2.34711 2.43659 2.57155 2.67317 2.77966 2.96558 3.05835 3.23503 3.29812 3.48725 3.62934 3.69575 3.89332 4.05669 4.13476 4.27091 4.38556 4.52847 4.70132 4.79333 4.90914 5.03987 5.26598 5.41051 5.41795 5.5967 5.78445 5.83607 6.00638 6.18282 6.28716 6.44103 6.61603 6.60438 6.89654 
2.71938 2.64917 2.52715 2.59769 2.47246 2.46259 2.35193 2.31878 2.28367 2.19689 2.15016 2.08293 2.02144 2.08406 1.87396 1.92469 1.8078 1.7844 1.72985 1.69997 1.64068 1.55011 1.53222 1.55822 1.46903 1.38384 1.36772 1.27937 1.28909 1.16744 1.21425 1.16541 1.09707 1.0668 1.04459 1.02173 0.966814 0.967409 0.931882 0.89984 0.882718 0.873798 0.849033 0.873674 0.860578 0.870268 0.88022 0.905197 0.929945 0.960833 1 1.04201 1.09415 1.15646 1.2093 1.28501 1.35663 1.42751 1.52364 1.60241 1.68633 1.80882 1.90463 2.03104 2.11614 2.24329 2.34535 2.46469 2.61138 2.66956 2.82712 2.94764 3.02795 3.21919 3.29151 3.41844 3.61529 3.69172 3.80051 3.969 4.08978 4.27459 4.39819 4.51744 4.65162 4.82092 4.92397 5.00144 5.2632 5.30346 5.46973 5.61484 5.73848 5.76144 6.02317 6.127 6.23322 6.36963 6.49909 6.69334 6.81784 
2.72132 2.6221 2.58165 2.5577 2.50538 2.5188 2.39619 2.3697 2.20819 2.31075 2.21464 2.14855 2.10995 1.96926 2.01277 1.94098 1.87615 1.7508 1.77337 1.74812 1.66767 1.57815 1.58224 1.56599 1.48421 1.41426 1.37717 1.34336 1.27385 1.19762 1.20586 1.13811 1.1181 1.05049 1.04116 0.997618 0.973016 0.941172 0.937951 0.910527 0.884185 0.879754 0.883022 0.872501 0.877613 0.882522 0.885697 0.907998 0.934757 0.963118 1 1.04755 1.09088 1.15785 1.20848 1.27126 1.34302 1.43315 1.51001 1.59963 1.69695 1.81177 1.88762 2.02923 2.10746 2.23804 2.33537 2.4429 2.55813 2.66443 2.82306 2.91844 3.08981 3.16724 3.37182 3.45782 3.51802 3.71336 3.82686 3.91842 4.12475 4.24657 4.33918 4.46983 4.56015 4.70837 4.88599 5.03629 5.14201 5.27549 5.40476 5.58478 5.69879 5.89244 6.00952 6.10466 6.2234 6.34381 6.57849 6.60757 6.77873 
2.82038 2.6682 2.5382 2.51687 2.53539 2.43528 2.47336 2.35212 2.28098 2.30857 2.22411 2.05268 2.10922 2.08483 1.9743 1.93301 1.87473 1.80374 1.75358 1.77453 1.67855 1.58065 1.54631 1.50392 1.45667 1.3824 1.41297 1.30705 1.29073 1.21725 1.18368 1.13947 1.08476 1.08466 1.01412 0.998839 0.976119 0.929392 0.931675 0.90116 0.879066 0.864209 0.863077 0.869997 0.871901 0.88517 0.882539 0.904051 0.924705 0.963873 1 1.04356 1.09406 1.14425 1.20457 1.27942 1.35462 1.42699 1.51509 1.58583 1.69591 1.80145 1.85084 1.99097 2.14738 2.22635 2.29761 2.43926 2.56635 2.65793 2.80984 2.94122 3.0884 3.22508 3.30278 3.47317 3.5839 3.71932 3.75833 3.91745 4.06883 4.22154 4.37547 4.40361 4.60474 4.70575 4.93529 5.11933 5.2186 5.27713 5.39464 5.59475 5.77239 5.71861 6.06887 6.18115 6.18122 6.24734 6.56884 6.66176 6.67252 
2.76562 2.62107 2.59873 2.56255 2.54769 2.43884 2.42533 2.32227 2.24608 2.23165 2.26787 2.15854 2.12351 2.03661 2.00056 1.89553 1.93249 1.81596 1.80071 1.70765 1.71333 1.68689 1.52889 1.52602 1.48317 1.41702 1.37756 1.33676 1.23135 1.2817 1.18337 1.19544 1.14298 1.09029 1.06496 1.00708 0.979678 0.951397 0.93059 0.913306 0.867476 0.868459 0.878425 0.867228 0.868855 0.878631 0.887878 0.908001 0.92936 0.960781 1 1.04121 1.09212 1.15411 1.21294 1.28658 1.35357 1.42795 1.49763 1.57429 1.70793 1.77296 1.87073 1.97767 2.09468 2.24783 2.31762 2.45594 2.56368 2.68982 2.76361 2.92291 3.01784 3.2272 3.28867 3.43641 3.53444 3.65524 3.78191 3.8694 3.9663 4.23886 4.31055 4.38327 4.62824 4.71685 4.90948 4.99287 5.15228 5.26528 5.42807 5.5016 5.71067 5.82019 5.93776 6.09827 6.15247 6.32902 6.40915 6.68302 6.77825 
2.79937 2.65972 2.613 2.64941 2.58751 2.54632 2.45081 2.36844 2.3468 2.25108 2.16851 2.08998 2.13453 2.05069 1.90824 1.93858 1.93216 1.82685 1.80499 1.74904 1.72208 1.64497 1.64003 1.49016 1.51262 1.47161 1.43849 1.35134 1.25825 1.2155 1.16366 1.15641 1.09801 1.06001 1.05051 0.990496 0.953311 0.934772 0.954202 0.935127 0.890037 0.885055 0.879026 0.862716 0.868605 0.879412 0.889953 0.901857 0.936903 0.963519 1 1.04313 1.08839 1.14437 1.21534 1.2632 1.352 1.42217 1.5033 1.61067 1.67001 1.80465 1.89786 1.99928 2.08685 2.18937 2.31382 2.46458 2.55127 2.67767 2.78611 2.89692 3.09401 3.22403 3.30964 3.42063 3.53395 3.68506 3.75241 3.96586 4.11047 4.18339 4.29979 4.46001 4.63977 4.74344 4.79943 4.89845 5.07384 5.22538 5.41001 5.5868 5.60935 5.8426 5.92508 6.1045 6.145 6.39221 6.44898 6.60567 6.66008 
2.8623 2.69427 2.62914 2.63261 2.52288 2.52893 2.43581 2.46311 2.40316 2.30047 2.25281 2.12672 2.11828 2.03601 2.04483 2.01086 1.92803 1.77781 1.76934 1.71373 1.72575 1.64136 1.57479 1.56583 1.4467 1.44359 1.40868 1.33444 1.30069 1.26563 1.17718 1.18667 1.11402 1.11501 1.03519 1.04588 0.9956 0.92782 0.908569 0.904261 0.894422 0.850127 0.867888 0.881834 0.872639 0.868539 0.89026 0.913253 0.933052 0.965194 1 1.04207 1.09006 1.14882 1.20711 1.27278 1.35167 1.43692 1.52242 1.58693 1.69366 1.78186 1.87503 2.00751 2.11395 2.1861 2.34707 2.44858 2.5618 2.66426 2.77311 2.89882 2.98445 3.14977 3.3121 3.36697 3.48624 3.67999 3.82036 3.96224 4.10195 4.2614 4.38984 4.45743 4.66258 4.70587 4.90352 5.01986 5.12486 5.29875 5.39461 5.58514 5.567 5.75011 5.85611 6.12902 6.30123 6.34244 6.39107 6.59094 6.64262 
2.81194 2.75746 2.73234 2.68956 2.53469 2.64793 2.47272 2.40484 2.29544 2.32415 2.21987 2.14264 2.14781 2.14246 1.97682 1.97911 1.96234 1.81442 1.80237 1.73994 1.66602 1.59406 1.60372 1.56759 1.5047 1.46518 1.35516 1.33679 1.3011 1.21005 1.23601 1.18598 1.12171 1.08079 1.04201 1.02273 0.988152 0.940864 0.926347 0.915976 0.905417 0.879626 0.875283 0.867498 0.862439 0.88244 0.893118 0.902421 0.935916 0.965019 1 1.04284 1.09056 1.15293 1.21047 1.28299 1.35553 1.41648 1.50073 1.59883 1.67759 1.82733 1.90289 1.98425 2.07107 2.21153 2.30954 2.44011 2.55795 2.70634 2.72763 2.8838 2.98997 3.16124 3.29125 3.42457 3.57771 3.73432 3.7374 3.90892 4.09546 4.17504 4.30435 4.38876 4.52426 4.60879 4.80032 4.94617 5.19262 5.29215 5.30634 5.48475 5.7123 5.84498 5.90549 6.00905 6.22117 6.32931 6.34177 6.64936 6.79817 
2.67513 2.7008 2.62138 2.56123 2.51018 2.50498 2.35425 2.30994 2.3064 2.30974 2.30248 2.13495 2.06388 2.05721 1.96569 1.99222 1.92659 1.85804 1.71111 1.74 1.66567 1.59408 1.54816 1.56302 1.48874 1.44198 1.36412 1.31256 1.29825 1.27568 1.20104 1.14747 1.14592 1.12174 1.07488 1.03249 1.00698 0.966334 0.948607 0.913589 0.890799 0.885817 0.88483 0.870158 0.878317 0.863882 0.892693 0.910613 0.931083 0.964223 1 1.04416 1.09252 1.14702 1.20121 1.27587 1.3435 1.43023 1.50743 1.58755 1.66586 1.79764 1.86773 2.01575 2.06451 2.19441 2.30535 2.41446 2.53408 2.67759 2.82079 2.9081 3.05026 3.09738 3.31772 3.38932 3.5082 3.68509 3.76451 3.92128 4.06341 4.06191 4.28665 4.46927 4.4406 4.62389 4.78212 5.00295 5.06908 5.2637 5.38488 5.44847 5.71186 5.74484 5.94397 5.96211 6.14221 6.27162 6.38418 6.44555 6.7398 
2.79598 2.89107 2.77703 2.63888 2.52308 2.53353 2.51342 2.30382 2.29195 2.28349 2.22664 2.20691 2.06773 2.11974 1.93533 1.98283 1.93288 1.88127 1.80288 1.76506 1.73634 1.64448 1.59546 1.56022 1.45946 1.44283 1.378 1.35418 1.27805 1.2865 1.2079 1.20847 1.11502 1.08648 1.06981 1.05406 0.989821 0.952023 0.915188 0.932891 0.901663 0.904796 0.871599 0.87755 0.888958 0.880126 0.901681 0.909395 0.934645 0.962926 1 1.04349 1.09218 1.14908 1.20557 1.26387 1.3397 1.42754 1.5027 1.58187 1.68259 1.80271 1.87543 1.98888 2.08618 2.16908 2.28622 2.45246 2.54045 2.65615 2.74679 2.92828 3.03105 3.15117 3.27548 3.37174 3.56337 3.72265 3.79477 3.94085 4.01906 4.22391 4.26891 4.35841 4.52646 4.70694 4.88006 5.00121 5.14957 5.28593 5.42062 5.45469 5.71626 5.79449 5.83175 5.93188 6.20482 6.40121 6.42058 6.54108 6.65708 
2.88126 2.65367 2.5734 2.72739 2.59211 2.61707 2.52072 2.35662 2.37527 2.30704 2.24974 2.16164 2.09068 2.13054 2.05645 1.99159 1.91313 1.8485 1.76372 1.72182 1.74192 1.58765 1.61974 1.55772 1.4786 1.4479 1.36433 1.36599 1.26422 1.24957 1.26966 1.1544 1.13221 1.0751 1.06222 1.041 0.977897 0.966319 0.921866 0.94353 0.913852 0.910022 0.880089 0.875308 0.875463 0.880791 0.895585 0.911188 0.936223 0.964042 1 1.04199 1.09099 1.14879 1.20746 1.26566 1.33434 1.42904 1.49733 1.61539 1.67812 1.77448 1.88568 1.97542 2.08458 2.19944 2.31605 2.43918 2.5875 2.61667 2.78017 2.872 3.08933 3.13922 3.26105 3.37831 3.50217 3.64557 3.83021 3.8842 4.04324 4.16316 4.32266 4.42011 4.63734 4.70257 4.71665 4.96181 4.99583 5.12785 5.3534 5.53878 5.57011 5.65326 5.90238 5.91689 6.19955 6.25339 6.41148 6.45652 6.58473 
2.7211 2.78452 2.55776 2.60926 2.51242 2.55161 2.42272 2.35607 2.45511 2.38327 2.24165 2.15256 2.09606 2.05629 2.08918 1.93349 1.94774 1.84883 1.82528 1.75492 1.7417 1.69447 1.62576 1.55903 1.51164 1.44607 1.42439 1.3905 1.36142 1.28591 1.23335 1.17468 1.15805 1.09241 1.06709 1.01864 0.999233 0.980058 0.954901 0.899092 0.910783 0.882974 0.864067 0.876875 0.873475 0.887163 0.895689 0.914739 0.936435 0.965786 1 1.04002 1.09215 1.13831 1.20464 1.27462 1.34317 1.40688 1.49306 1.588 1.69173 1.77253 1.8777 1.98822 2.10872 2.17045 2.3194 2.40038 2.49586 2.66365 2.79911 2.91328 3.0507 3.16997 3.22866 3.36332 3.50503 3.61851 3.79795 3.81339 4.07027 4.1325 4.29563 4.43808 4.53246 4.77081 4.91738 4.96781 5.08964 5.19768 5.33327 5.35199 5.5771 5.77649 5.84971 5.93879 6.10826 6.21302 6.41351 6.63074 6.72485 
2.7065 2.69536 2.66727 2.64924 2.66782 2.47661 2.49559 2.36012 2.34346 2.33715 2.25133 2.16805 2.13483 2.13242 2.0855 2.00985 1.99338 1.85924 1.87415 1.77383 1.71801 1.61504 1.60085 1.56375 1.4952 1.45504 1.43274 1.32524 1.35688 1.24464 1.22408 1.15323 1.13438 1.11244 1.073 1.04706 1.00377 0.992012 0.941929 0.943309 0.917507 0.912301 0.879621 0.879755 0.882452 0.887917 0.891042 0.912999 0.933686 0.962907 1 1.04137 1.09214 1.14655 1.20155 1.26586 1.34169 1.41363 1.4955 1.58387 1.67899 1.76433 1.89496 2.01644 2.10399 2.17016 2.32445 2.40846 2.529 2.65255 2.74935 2.90941 2.99739 3.18672 3.27278 3.39686 3.52039 3.60291 3.79038 3.90924 4.02099 4.14442 4.29152 4.43766 4.47268 4.648 4.82331 4.94444 5.03614 5.22434 5.3216 5.51019 5.61246 5.6978 5.99905 5.95969 6.26461 6.22591 6.34414 6.41794 6.63808 
2.77219 2.82322 2.73496 2.67642 2.64489 2.44821 2.59595 2.47059 2.34672 2.32965 2.21552 2.1275 2.12598 2.13354 2.03237 2.05967 1.95352 1.86643 1.85387 1.77145 1.65382 1.64185 1.65494 1.56227 1.50613 1.46869 1.39177 1.36055 1.31031 1.24239 1.20283 1.12578 1.15433 1.11071 1.03808 1.0217 1.00931 0.9773 0.960732 0.917782 0.893337 0.895358 0.878659 0.86771 0.880212 0.89269 0.892856 0.912525 0.934948 0.965164 1 1.04073 1.09147 1.14145 1.20252 1.27196 1.33735 1.41409 1.51976 1.58463 1.66383 1.78466 1.86377 1.98527 2.07728 2.20217 2.28224 2.44515 2.53659 2.67857 2.77451 2.90036 3.00285 3.09451 3.27832 3.39615 3.49687 3.58698 3.74612 3.94547 4.02047 4.19655 4.28656 4.35656 4.46358 4.67132 4.73991 4.98166 4.99122 5.17356 5.36694 5.57022 5.60368 5.82569 5.86515 5.96049 6.23613 6.29955 6.29373 6.53788 6.64809 
2.81049 2.6487 2.6474 2.68769 2.6591 2.49303 2.50814 2.36859 2.35796 2.29711 2.23612 2.19197 2.14309 2.06968 2.10758 1.98816 1.88431 1.85986 1.77075 1.76087 1.67423 1.66606 1.61075 1.58547 1.5272 1.45649 1.45427 1.35448 1.35267 1.26059 1.20301 1.1755 1.14219 1.11531 1.03173 1.00797 1.01311 0.972057 0.935062 0.921702 0.927141 0.904236 0.880755 0.890156 0.884344 0.883253 0.889845 0.912838 0.934381 0.964783 1 1.04215 1.08961 1.14315 1.20283 1.26204 1.33842 1.42242 1.48171 1.57479 1.66493 1.78027 1.87587 1.95813 2.11284 2.15082 2.29367 2.39724 2.50796 2.62784 2.82521 2.89868 3.0006 3.06429 3.27067 3.40928 3.50494 3.61478 3.73515 3.86656 3.99021 4.09729 4.3191 4.38151 4.58652 4.62165 4.8501 4.89675 5.14438 5.20267 5.21501 5.39373 5.60498 5.75518 5.93109 5.9439 6.09415 6.13926 6.35408 6.48421 6.70152 
2.71439 2.76718 2.67926 2.73635 2.56071 2.56603 2.46277 2.49388 2.31413 2.33533 2.25077 2.1952 2.18009 2.06149 1.97934 1.91511 1.93757 1.82442 1.85989 1.83111 1.66614 1.66532 1.64326 1.57289 1.52911 1.45072 1.41244 1.3551 1.26924 1.2896 1.21254 1.1785 1.14424 1.12801 1.06245 1.03816 0.980643 0.980935 0.937213 0.953155 0.897104 0.912338 0.872107 0.876282 0.86967 0.888277 0.889232 0.910337 0.934693 0.962667 1 1.04424 1.09001 1.13455 1.20013 1.2676 1.34473 1.40093 1.52892 1.59729 1.67174 1.77167 1.85644 1.99851 2.05263 2.19647 2.29385 2.43124 2.52947 2.67951 2.78235 2.87599 3.00131 3.15269 3.21371 3.423 3.51992 3.67613 3.74992 3.83031 4.02137 4.12544 4.31009 4.45089 4.53121 4.66289 4.77686 4.96021 5.08937 5.19627 5.35439 5.49404 5.58973 5.64973 5.80052 5.99548 6.14837 6.26984 6.31189 6.55288 6.63045 
2.87434 2.7994 2.69888 2.53738 2.59345 2.57357 2.56627 2.41915 2.36726 2.31777 2.21567 2.15469 2.19306 2.09545 2.0243 1.99642 1.9889 1.82137 1.82311 1.74091 1.69889 1.63521 1.62287 1.56608 1.48724 1.46141 1.4458 1.36452 1.32508 1.28274 1.23866 1.17498 1.11575 1.08538 1.04772 0.992134 1.02585 0.978215 0.991228 0.935478 0.917678 0.88652 0.886544 0.88244 0.898999 0.883415 0.895189 0.919899 0.939133 0.963354 1 1.04259 1.09098 1.13973 1.20646 1.2719 1.33149 1.40701 1.5134 1.58999 1.69339 1.7838 1.86522 1.97931 2.0633 2.16552 2.29721 2.37896 2.54393 2.64888 2.76464 2.91983 2.9989 3.15101 3.26501 3.39856 3.51263 3.59847 3.72779 3.85611 4.0455 4.15653 4.25209 4.33259 4.54081 4.65807 4.79915 4.94339 4.92754 5.26188 5.24268 5.43149 5.4994 5.73134 5.88691 6.04039 6.02013 6.25654 6.42921 6.62486 6.64738 
2.81826 2.70292 2.74366 2.62224 2.55325 2.47038 2.5067 2.27797 2.36271 2.38366 2.23445 2.15127 2.13177 2.05992 2.05954 2.03594 2.00058 1.8206 1.86619 1.70085 1.73659 1.65925 1.53427 1.60135 1.52258 1.50985 1.46055 1.38774 1.33409 1.30994 1.23731 1.1584 1.13939 1.1129 1.08632 1.0009 0.999878 0.954746 0.93289 0.941354 0.899618 0.901404 0.872391 0.902375 0.883656 0.887084 0.899825 0.914717 0.934022 0.964498 1 1.0411 1.0859 1.14057 1.20069 1.25985 1.35176 1.4278 1.51465 1.5724 1.68955 1.76629 1.8787 1.95849 2.09622 2.19372 2.29472 2.39483 2.47022 2.64152 2.70971 2.88006 2.98409 3.17896 3.27975 3.35528 3.52293 3.54955 3.7687 3.93769 3.99867 4.13368 4.2479 4.38842 4.51006 4.64792 4.76458 4.92707 4.97598 5.18809 5.31279 5.49946 5.54845 5.75526 5.86282 5.8888 6.02966 6.27676 6.41757 6.5594 6.57172 
2.85148 2.8176 2.70366 2.69985 2.66259 2.52495 2.51003 2.39242 2.34991 2.33566 2.32457 2.21479 2.10166 2.19982 2.04086 1.94671 1.89475 1.8218 1.88264 1.81944 1.6913 1.7324 1.63721 1.56088 1.58444 1.46156 1.4382 1.34052 1.30684 1.26311 1.23533 1.21277 1.15613 1.11572 1.02829 1.08171 1.04466 0.986741 0.964324 0.930305 0.899036 0.896008 0.888512 0.867297 0.891896 0.882461 0.896168 0.918327 0.936836 0.96586 1 1.04316 1.08572 1.136 1.20671 1.2735 1.34187 1.43481 1.48515 1.56917 1.68128 1.78327 1.88409 1.97476 2.0638 2.16864 2.30093 2.40639 2.52971 2.63184 2.78807 2.89058 3.04796 3.13092 3.22023 3.33063 3.52562 3.63013 3.68394 3.95683 4.08491 4.13387 4.31744 4.38078 4.53227 4.61376 4.72515 4.89431 5.06531 5.10349 5.28082 5.51934 5.7226 5.71948 5.76352 5.9345 6.20645 6.22065 6.50764 6.47648 6.66524 
2.87205 2.74691 2.69379 2.69666 2.56958 2.49084 2.49851 2.47124 2.38591 2.39554 2.1893 2.22104 2.21392 2.05112 2.04589 1.96805 1.88893 1.86964 1.81357 1.73891 1.81852 1.65173 1.56533 1.5853 1.5442 1.48937 1.40248 1.36494 1.3215 1.28908 1.2743 1.23387 1.14274 1.08084 1.10905 1.04927 1.04272 0.968754 0.974014 0.941768 0.91628 0.895118 0.866882 0.892934 0.876002 0.888794 0.898803 0.911975 0.939268 0.963271 1 1.0408 1.08765 1.14231 1.19538 1.26685 1.34576 1.4273 1.50901 1.56905 1.695 1.73992 1.88521 1.98669 2.05222 2.15769 2.30272 2.42064 2.51765 2.61808 2.74422 2.89509 2.97402 3.15867 3.25224 3.34863 3.47421 3.57714 3.7251 3.89007 4.01038 4.13679 4.29742 4.47129 4.58242 4.69009 4.7494 4.90868 5.06088 5.29823 5.33472 5.39225 5.62286 5.68802 5.87384 5.97933 6.13008 6.19711 6.40077 6.51282 6.53623 
2.8326 2.74785 2.74212 2.54891 2.67099 2.60241 2.52421 2.52044 2.2874 2.32505 2.30662 2.28199 2.15689 2.10741 1.99397 1.9842 1.95245 1.85415 1.87076 1.75945 1.73078 1.63226 1.65495 1.5577 1.57165 1.49704 1.39627 1.3653 1.32895 1.2828 1.25386 1.19239 1.14129 1.06876 1.06804 1.08352 1.02314 1.01731 0.951738 0.938303 0.894212 0.900608 0.885241 0.876603 0.87641 0.893866 0.892303 0.911318 0.935631 0.966027 1 1.04065 1.0941 1.13991 1.20001 1.25538 1.34304 1.40989 1.48931 1.57426 1.65571 1.78053 1.88148 1.94813 2.05865 2.16639 2.3029 2.42674 2.53159 2.64416 2.76447 2.87254 3.03609 3.0448 3.29005 3.34965 3.50535 3.60594 3.70527 3.87513 4.00256 4.1494 4.24339 4.40495 4.58471 4.64105 4.78025 4.96484 5.07873 5.21885 5.29073 5.45274 5.66529 5.69188 5.8134 6.0363 6.12679 6.2802 6.35425 6.45734 6.60797 
2.88016 2.95702 2.80414 2.70621 2.67149 2.57055 2.54023 2.43464 2.42294 2.34613 2.22658 2.23378 2.21956 2.13727 2.11576 1.97364 1.90117 1.84555 1.854 1.78379 1.73034 1.7348 1.63066 1.59853 1.53823 1.45727 1.4505 1.38165 1.35029 1.27885 1.18437 1.21606 1.11325 1.14323 1.07042 1.05961 1.00811 0.969781 0.955239 0.924661 0.904563 0.873206 0.899965 0.887044 0.882381 0.88288 0.896384 0.905509 0.934787 0.963467 1 1.04014 1.0917 1.14111 1.20188 1.25284 1.33196 1.41538 1.4857 1.58306 1.67235 1.77809 1.86484 1.98056 2.09185 2.16303 2.28521 2.38086 2.51599 2.6126 2.77407 2.88206 2.95618 3.08405 3.25129 3.40905 3.49653 3.70039 3.73602 3.95005 4.03964 4.07146 4.25232 4.42664 4.5424 4.67854 4.75061 5.0225 5.1032 5.20156 5.31642 5.41201 5.62523 5.61736 5.93008 6.0365 6.09853 6.18646 6.34105 6.37036 6.66066 
2.81677 2.85146 2.66279 2.70927 2.57396 2.47852 2.53819 2.36073 2.39723 2.40925 2.25221 2.27157 2.18837 2.10255 2.03644 1.98866 1.9812 1.90073 1.82675 1.82655 1.75148 1.68104 1.59176 1.60754 1.52983 1.48676 1.45426 1.35023 1.30524 1.28831 1.26584 1.16123 1.14386 1.07416 1.05023 1.04468 0.99339 0.949506 0.969562 0.917097 0.922967 0.896067 0.893537 0.894886 0.898175 0.892882 0.897206 0.911379 0.936339 0.966341 1 1.04204 1.08636 1.13407 1.19666 1.26734 1.34662 1.40331 1.48689 1.56243 1.67631 1.72581 1.85036 1.96314 2.12634 2.18778 2.30118 2.43698 2.5539 2.6698 2.72326 2.86857 2.9757 3.05375 3.26846 3.3491 3.49897 3.57625 3.76756 3.81913 4.01961 4.15074 4.25165 4.44128 4.60346 4.66772 4.72885 4.93977 5.05007 5.21181 5.33278 5.49466 5.5633 5.7528 5.72407 6.03396 6.05683 6.23416 6.36047 6.44326 6.72604 
2.84067 2.78391 2.85443 2.71396 2.60461 2.58562 2.48363 2.45408 2.33073 2.35782 2.30281 2.28947 2.21405 2.10128 2.07548 2.04456 1.90185 1.88014 1.89997 1.80388 1.74329 1.6998 1.6444 1.55366 1.56638 1.4839 1.41716 1.34428 1.3663 1.25475 1.23965 1.21925 1.15127 1.09938 1.06503 1.00582 1.02797 0.985471 0.980586 0.926639 0.91317 0.901087 0.898873 0.86329 0.8802 0.888277 0.899796 0.910335 0.932548 0.965362 1 1.04144 1.08669 1.14573 1.19957 1.27423 1.34088 1.40542 1.48628 1.56516 1.69938 1.77081 1.86585 1.95801 2.07802 2.15634 2.23744 2.413 2.51958 2.6327 2.69574 2.88341 2.9731 3.09792 3.26897 3.39758 3.46875 3.6747 3.78972 3.81636 4.03756 4.08612 4.1849 4.4108 4.52171 4.70298 4.80355 4.89121 5.05312 5.1704 5.33768 5.38307 5.51798 5.68301 5.86596 5.97477 6.09824 6.26383 6.47272 6.52846 6.61215 
2.74166 2.73375 2.81808 2.65484 2.58809 2.58872 2.50798 2.48335 2.36945 2.39775 2.19521 2.27363 2.13517 2.16168 2.06556 1.92241 2.00396 1.87229 1.82618 1.75453 1.79088 1.61261 1.6338 1.55111 1.49098 1.50802 1.43117 1.3611 1.36582 1.31895 1.23439 1.21359 1.14559 1.15278 1.07705 1.04944 1.03429 1.00213 0.93586 0.917308 0.906967 0.907278 0.894707 0.882705 0.886758 0.898722 0.894907 0.91317 0.933675 0.963794 1 1.04055 1.08743 1.13798 1.20097 1.26625 1.34893 1.4149 1.50103 1.56696 1.67319 1.73858 1.85016 1.94354 2.06506 2.19603 2.28664 2.3965 2.51283 2.65733 2.72825 2.91314 2.98815 3.0988 3.2167 3.40461 3.49182 3.59198 3.73968 3.90555 3.97864 4.17442 4.30449 4.36289 4.46763 4.67395 4.76563 4.93606 5.01157 5.1105 5.35604 5.48013 5.5961 5.71497 5.81841 5.94545 6.19039 6.24672 6.39137 6.4783 6.66802 
2.88837 2.74742 2.96019 2.72225 2.67631 2.65948 2.47007 2.46038 2.32014 2.36122 2.33697 2.15179 2.18155 2.07996 2.12239 2.02927 1.92647 1.88005 1.88508 1.83406 1.71975 1.68241 1.63525 1.57984 1.50262 1.50846 1.45081 1.36573 1.31999 1.23402 1.22921 1.12372 1.16978 1.11166 1.0812 1.06778 1.00667 0.992059 0.944973 0.914846 0.92331 0.90035 0.902114 0.873444 0.882566 0.890952 0.8978 0.907862 0.933646 0.966487 1 1.04133 1.08864 1.14798 1.21166 1.26636 1.35877 1.41169 1.47943 1.57227 1.68807 1.76594 1.87868 1.95466 2.07336 2.15052 2.27977 2.34669 2.46873 2.58087 2.73118 2.84243 3.01182 3.09038 3.25635 3.41378 3.49044 3.6467 3.67741 3.87413 4.02781 4.11804 4.19823 4.4734 4.53243 4.66768 4.79715 4.89229 5.09949 5.17761 5.34829 5.46065 5.6115 5.6428 5.82143 5.80025 6.09248 6.18306 6.31387 6.42995 6.75109 
2.79373 2.7824 2.65906 2.57011 2.52288 2.65818 2.54437 2.41088 2.40387 2.31635 2.2775 2.20912 2.22514 2.20375 2.05635 2.03289 1.92398 1.9322 1.85089 1.80646 1.75993 1.72574 1.70532 1.55904 1.49386 1.47525 1.43377 1.40918 1.30448 1.26349 1.28091 1.1691 1.13309 1.10433 1.04721 1.04634 1.00792 0.981241 0.94689 0.930829 0.915314 0.876269 0.872325 0.897805 0.878085 0.893684 0.892224 0.916439 0.938069 0.963912 1 1.04162 1.09265 1.13961 1.20014 1.26124 1.3404 1.41083 1.48407 1.5767 1.65486 1.74682 1.87824 1.94531 2.06644 2.17283 2.27189 2.3695 2.51109 2.61607 2.8259 2.82957 2.97203 3.14934 3.19178 3.34685 3.46039 3.59861 3.78457 3.85496 4.03575 4.13858 4.36012 4.37579 4.57577 4.60247 4.79918 4.97908 5.14927 5.15909 5.27677 5.38184 5.54408 5.68563 5.85723 5.99004 6.08498 6.19814 6.47318 6.51499 6.54372 
2.8123 2.70227 2.64897 2.73901 2.61805 2.50144 2.51972 2.47643 2.34019 2.39399 2.21431 2.29179 2.16504 2.16655 2.0434 2.0434 1.92246 1.89307 1.91339 1.76619 1.77036 1.68354 1.59427 1.59539 1.55041 1.50664 1.4302 1.37768 1.32949 1.25249 1.25892 1.18668 1.20264 1.12133 1.09551 1.0139 1.00396 0.998938 0.956206 0.9375 0.898577 0.912226 0.897084 0.9004 0.889792 0.891791 0.896866 0.914788 0.937186 0.962883 1 1.04143 1.08813 1.14319 1.20778 1.25833 1.33817 1.39957 1.48906 1.57009 1.67538 1.7572 1.89659 1.94934 2.06262 2.19696 2.29567 2.38844 2.53462 2.61005 2.72862 2.92695 2.92635 3.08271 3.21608 3.44241 3.47045 3.62694 3.71617 3.80555 4.00527 4.10155 4.20927 4.32897 4.49136 4.5487 4.75311 4.83508 5.10628 5.06115 5.36997 5.40258 5.58358 5.73289 5.7918 5.91228 6.14152 6.21588 6.23943 6.48245 6.54977 
2.89393 2.77617 2.7561 2.68115 2.62644 2.54716 2.54837 2.43172 2.46912 2.2709 2.30262 2.23977 2.14197 2.1309 2.12431 2.03174 1.96651 1.90113 1.87186 1.82268 1.669 1.69482 1.60734 1.58871 1.52826 1.42277 1.47486 1.38244 1.35837 1.31375 1.23384 1.1849 1.09518 1.11684 1.06305 1.05196 0.998172 0.972281 0.957185 0.922874 0.912221 0.891373 0.893509 0.89085 0.873503 0.89403 0.89641 0.911586 0.939177 0.965964 1 1.04012 1.08734 1.14749 1.19775 1.26276 1.33709 1.40459 1.4886 1.57077 1.67563 1.7617 1.87562 1.94845 2.07391 2.19217 2.26544 2.39067 2.4949 2.65029 2.74162 2.85267 3.02498 3.14406 3.27473 3.3724 3.46881 3.64354 3.72696 3.90229 4.05566 4.15426 4.3334 4.33947 4.47317 4.79957 4.79505 4.89842 4.90196 5.23253 5.20277 5.42481 5.51806 5.67695 5.90308 6.03293 6.06507 6.29097 6.42515 6.38151 6.59593 
2.82484 2.84346 2.69175 2.71587 2.60039 2.6259 2.60016 2.48197 2.5072 2.32581 2.30838 2.24379 2.10364 2.04433 2.02326 2.06262 1.99414 1.90111 1.90318 1.83804 1.79583 1.68949 1.61281 1.56227 1.49328 1.50249 1.4604 1.37508 1.32846 1.33642 1.23069 1.17286 1.16214 1.10159 1.06004 1.01479 1.02792 1.00302 0.97236 0.935828 0.914678 0.902464 0.873417 0.884712 0.881307 0.88064 0.906811 0.920486 0.936375 0.966122 1 1.03989 1.08459 1.14406 1.20048 1.2538 1.34056 1.39902 1.49326 1.58114 1.65992 1.75594 1.83785 2.00894 2.06528 2.17677 2.26593 2.38092 2.52226 2.64428 2.70435 2.84599 3.0185 3.12076 3.25721 3.38531 3.46705 3.62443 3.82104 3.93553 3.97126 4.10424 4.26627 4.39388 4.62539 4.74276 4.76645 4.93071 5.06982 5.19002 5.34395 5.46098 5.5848 5.76811 5.68299 5.9535 6.06592 6.32537 6.43095 6.44801 6.51533 
2.76444 2.82509 2.79719 2.61744 2.59743 2.66386 2.54844 2.44326 2.37986 2.31393 2.27275 2.1874 2.22798 2.12266 2.14098 2.01727 1.98983 1.90498 1.82903 1.81372 1.82108 1.72334 1.57718 1.60875 1.53967 1.51993 1.42013 1.39553 1.31478 1.31881 1.22179 1.19472 1.14965 1.13294 1.06869 1.01359 1.00565 0.990089 0.942077 0.947785 0.91345 0.904756 0.899064 0.892557 0.876166 0.876731 0.899302 0.914558 0.936181 0.963565 1 1.03956 1.09012 1.13252 1.19566 1.26015 1.33557 1.41347 1.49437 1.57309 1.651 1.77482 1.83838 1.93803 2.05031 2.14112 2.29142 2.36537 2.4941 2.62337 2.73395 2.83657 2.97113 3.15077 3.25311 3.32432 3.4786 3.58328 3.68708 3.80175 4.00397 4.20954 4.25299 4.4344 4.51875 4.56148 4.83969 4.93114 5.05918 5.10435 5.36824 5.39467 5.46219 5.66804 5.72578 5.89058 6.10704 6.19777 6.40576 6.46797 6.66118 
2.97891 2.76671 2.72433 2.59836 2.58245 2.64059 2.46028 2.46441 2.4283 2.30297 2.24314 2.27229 2.14799 2.13351 2.05781 2.06433 1.95357 1.95417 1.90204 1.83606 1.7632 1.65738 1.6322 1.58024 1.56015 1.48237 1.39908 1.36289 1.3402 1.30858 1.2266 1.16592 1.15076 1.12216 1.09486 1.07244 1.02214 0.96058 0.962852 0.95038 0.898773 0.895046 0.886895 0.880961 0.878289 0.881532 0.90291 0.915337 0.935585 0.968051 1 1.03956 1.08419 1.14815 1.19767 1.26501 1.33081 1.40728 1.49226 1.59293 1.67104 1.76986 1.87175 1.94984 2.05916 2.17057 2.25621 2.40679 2.52258 2.60895 2.72481 2.89048 2.99356 3.13316 3.19403 3.36124 3.42697 3.59115 3.73764 3.86585 3.907 4.13283 4.31182 4.39283 4.5233 4.75636 4.82394 4.92469 5.04615 5.05771 5.32746 5.39048 5.50058 5.66186 5.77291 5.93121 6.03586 6.3378 6.42464 6.49973 6.56581 
2.88497 2.80424 2.77987 2.63241 2.6116 2.49279 2.50453 2.41011 2.44911 2.37389 2.31386 2.26233 2.16767 2.16346 2.07597 1.95996 1.94683 1.89328 1.89174 1.78527 1.76498 1.60916 1.61363 1.54083 1.55872 1.48575 1.41856 1.37648 1.33897 1.31843 1.20574 1.18801 1.11771 1.10861 1.07117 1.07901 1.02817 0.968919 0.938356 0.927475 0.919538 0.902666 0.888802 0.880112 0.879391 0.892422 0.895807 0.910843 0.93945 0.964283 1 1.03889 1.08999 1.14603 1.20103 1.26685 1.34327 1.41051 1.46962 1.5753 1.66592 1.7559 1.85005 1.96877 2.08525 2.1973 2.30555 2.40975 2.53193 2.65176 2.76162 2.8651 3.00535 3.06226 3.16858 3.3612 3.47242 3.67379 3.74681 3.87889 4.00746 4.13341 4.18837 4.37053 4.56409 4.66084 4.73447 4.94688 4.99965 5.22847 5.18885 5.37949 5.59528 5.81879 5.88295 5.99342 6.10603 6.36358 6.37288 6.41742 6.64311 
2.83454 2.84579 2.82508 2.59303 2.69345 2.50526 2.49539 2.44664 2.3642 2.37128 2.33323 2.22269 2.12127 2.08193 2.10894 2.06707 1.97217 1.93321 1.88012 1.78367 1.72697 1.69845 1.65991 1.58861 1.51294 1.43699 1.48009 1.35094 1.33987 1.26959 1.24213 1.25316 1.16528 1.1057 1.06497 1.04443 0.988352 0.986646 0.951245 0.929001 0.91954 0.897069 0.890696 0.874904 0.883971 0.878779 0.894888 0.911927 0.937997 0.965342 1 1.04106 1.08861 1.14049 1.20071 1.25774 1.33889 1.41566 1.49996 1.5725 1.66815 1.74746 1.82405 1.98243 2.07405 2.18018 2.27831 2.40579 2.58047 2.61455 2.7683 2.92663 3.02946 3.16501 3.18714 3.36044 3.5073 3.61488 3.7308 3.80329 4.0422 4.10597 4.27128 4.36225 4.63178 4.65632 4.77264 4.9432 5.0412 5.22744 5.26704 5.48808 5.54919 5.63965 5.78539 6.01571 6.02718 6.21543 6.38155 6.47125 6.51392 
2.88519 2.88401 2.72314 2.60374 2.58841 2.62759 2.45536 2.41953 2.40598 2.33411 2.28991 2.25286 2.22035 2.12598 2.05401 1.97556 1.90749 1.87652 1.83733 1.81931 1.75825 1.69739 1.69649 1.59324 1.47845 1.47771 1.44327 1.35668 1.31627 1.26141 1.24911 1.20219 1.15351 1.11213 1.0939 1.03168 0.992649 0.996296 0.968389 0.929262 0.914778 0.899658 0.890681 0.888315 0.879242 0.884094 0.895673 0.914856 0.937829 0.967688 1 1.04053 1.09079 1.14575 1.20054 1.26916 1.33145 1.42466 1.49228 1.56484 1.67589 1.77443 1.86375 1.96168 2.0893 2.16844 2.2814 2.40437 2.52666 2.64569 2.76072 2.85663 2.97065 3.081 3.24399 3.2942 3.50879 3.60571 3.75192 3.95712 3.97609 4.11561 4.23076 4.37061 4.55452 4.68146 4.7246 4.86879 5.06584 5.19507 5.20637 5.56906 5.56429 5.65466 5.9397 5.88546 6.00265 6.23246 6.32865 6.49718 6.68376 
2.85563 2.83287 2.72234 2.69778 2.69385 2.59566 2.50014 2.42791 2.48195 2.2798 2.30174 2.25444 2.16528 2.07143 2.07101 2.04319 1.98587 1.85422 1.81449 1.81384 1.78809 1.64963 1.65039 1.57144 1.52395 1.50027 1.41185 1.35128 1.34292 1.23383 1.21852 1.2197 1.16238 1.1454 1.07061 1.06418 1.01174 1.0272 0.956531 0.947896 0.932153 0.921846 0.89778 0.881139 0.893374 0.893224 0.893849 0.911963 0.935977 0.967694 1 1.04264 1.08958 1.13971 1.20534 1.25381 1.32693 1.40799 1.48702 1.55697 1.65861 1.77182 1.8879 1.9717 2.05698 2.18055 2.28121 2.37302 2.53567 2.63237 2.74539 2.87436 2.98301 3.09882 3.23669 3.37828 3.47979 3.63627 3.78619 3.84986 4.01761 4.07197 4.27519 4.3513 4.43799 4.66985 4.76643 4.8373 5.11425 5.11648 5.2173 5.47832 5.57318 5.71679 5.89928 5.97596 6.09901 6.17361 6.32903 6.4182 6.60232 
2.84323 2.74102 2.78983 2.77314 2.74116 2.55515 2.49847 2.46426 2.33968 2.29095 2.36346 2.25524 2.14559 2.21202 2.06292 2.03726 1.96777 1.90575 1.9006 1.84041 1.74539 1.68266 1.62234 1.60906 1.49152 1.44828 1.4427 1.36012 1.32955 1.32017 1.27598 1.21606 1.14832 1.09976 1.05837 1.0159 1.00102 0.966239 0.966576 0.940626 0.915846 0.904651 0.881303 0.882376 0.878807 0.873213 0.90219 0.924008 0.937167 0.964633 1 1.04054 1.08914 1.13967 1.21017 1.26005 1.33565 1.43114 1.48735 1.57252 1.67393 1.78114 1.85786 1.95415 2.05285 2.16062 2.25272 2.40619 2.52726 2.61658 2.77497 2.90029 3.0313 3.1215 3.19753 3.3376 3.52254 3.61587 3.77088 3.84339 4.03972 4.05226 4.26673 4.4121 4.58535 4.70569 4.76399 4.92651 4.9947 5.12988 5.35326 5.31538 5.57255 5.78145 5.85479 5.92629 6.02726 6.16727 6.35637 6.51991 6.68169 
2.87751 2.80519 2.78435 2.72707 2.64262 2.53878 2.53964 2.56565 2.41236 2.33228 2.30761 2.24996 2.23043 2.10014 2.00418 2.00659 1.8938 1.83147 1.82618 1.75465 1.70609 1.66018 1.63343 1.58486 1.55085 1.44484 1.4485 1.31724 1.27602 1.33468 1.27406 1.21688 1.1355 1.15547 1.08568 1.06342 1.01857 0.982475 0.957803 0.931194 0.922575 0.901401 0.896398 0.884434 0.868531 0.8903 0.899869 0.916607 0.93412 0.965868 1 1.04247 1.09318 1.14456 1.19867 1.26908 1.34479 1.42002 1.51349 1.56518 1.66299 1.78345 1.84151 1.95092 2.07878 2.18436 2.29228 2.34255 2.50006 2.64762 2.75563 2.91214 3.00607 3.13422 3.29345 3.33053 3.46349 3.60504 3.77271 3.86119 4.01164 4.05644 4.25129 4.38598 4.46395 4.65859 4.74886 4.86853 5.03045 5.27872 5.20292 5.40265 5.51276 5.70822 5.7871 5.91538 5.99835 6.13938 6.39556 6.51866 6.64959 
2.89495 2.74742 2.77382 2.75249 2.67067 2.59424 2.58228 2.57491 2.49572 2.31709 2.3055 2.21497 2.18975 2.16303 2.05199 2.05648 1.91675 1.97469 1.79104 1.82495 1.68403 1.68867 1.62869 1.59155 1.4913 1.50964 1.45346 1.38788 1.3267 1.26537 1.27943 1.18556 1.14826 1.10031 1.09664 1.07607 1.00318 0.997126 0.960065 0.920994 0.925802 0.889462 0.893232 0.881877 0.87304 0.888205 0.897047 0.92206 0.944415 0.96632 1 1.03842 1.08533 1.14288 1.20878 1.26356 1.32213 1.40243 1.48058 1.58718 1.6692 1.74684 1.86808 1.97141 2.08927 2.16988 2.26934 2.38083 2.52323 2.61319 2.73301 2.8593 2.93854 3.1293 3.22445 3.42265 3.44098 3.65044 3.71693 3.81518 3.89039 4.21763 4.28451 4.43472 4.54147 4.60244 4.82448 4.87241 4.98285 5.18737 5.22315 5.36749 5.50965 5.76944 5.89024 5.93629 6.18941 6.29553 6.29432 6.46534 6.56718 
