1.4894 1.47237 1.42612 1.45527 1.43669 1.39998 1.42529 1.46348 1.39329 1.35443 1.33914 1.40353 1.36804 1.32196 1.28258 1.26497 1.25264 1.24233 1.21136 1.21997 1.21457 1.18638 1.18558 1.19049 1.14194 1.15175 1.13415 1.10933 1.08736 1.10085 1.07854 1.05006 1.04599 1.03679 1.04707 1.04239 1.03357 1.02213 1.00612 0.99894 1.0044 0.993583 0.979943 0.988867 0.983888 0.986233 0.986724 0.98756 0.991305 0.994699 1 1.00553 1.0134 1.02103 1.02861 1.04125 1.04994 1.06588 1.07682 1.09421 1.09906 1.12249 1.14062 1.1599 1.1672 1.19101 1.21589 1.24548 1.25536 1.27372 1.28801 1.32566 1.33792 1.35264 1.39388 1.40532 1.4296 1.45255 1.46829 1.49193 1.49811 1.57721 1.59525 1.61815 1.63755 1.64953 1.65545 1.72215 1.73117 1.75631 1.78191 1.77898 1.79669 1.85144 1.87462 1.91178 1.93376 1.95504 2.00864 2.01281 2.06498 
1.51687 1.45251 1.46079 1.43678 1.42146 1.42206 1.3755 1.33288 1.42135 1.33469 1.38476 1.33376 1.33693 1.28048 1.2914 1.24993 1.2683 1.23769 1.28347 1.18608 1.16759 1.17881 1.16355 1.1515 1.14186 1.14291 1.12953 1.12372 1.10222 1.08716 1.07524 1.08326 1.06642 1.05692 1.04179 1.03485 1.02601 1.01385 1.01289 0.987665 1.00298 0.98472 0.989952 0.987146 0.985815 0.987581 0.987648 0.988257 0.991569 0.995044 1 1.00585 1.0133 1.01962 1.03456 1.04204 1.05652 1.06419 1.07653 1.09038 1.11015 1.11778 1.13796 1.16972 1.18057 1.19332 1.20359 1.23092 1.25131 1.27089 1.29137 1.33493 1.32957 1.36534 1.38724 1.40731 1.43324 1.44954 1.47434 1.46206 1.52581 1.52904 1.60288 1.59845 1.63393 1.65531 1.70641 1.70323 1.73125 1.72423 1.79674 1.8413 1.85498 1.83814 1.90183 1.92433 1.94582 1.98603 1.95843 2.00219 2.07154 
1.49299 1.55484 1.42147 1.48082 1.46781 1.43786 1.43765 1.35347 1.42598 1.38607 1.3361 1.32646 1.2948 1.32268 1.24394 1.24298 1.2397 1.25568 1.24913 1.20806 1.21339 1.18538 1.15607 1.17025 1.16168 1.1804 1.13636 1.09805 1.0861 1.07442 1.09784 1.09155 1.06 1.04912 1.03353 1.03118 1.01896 1.01138 1.00553 0.997088 0.992632 0.999969 0.992367 0.985176 0.99001 0.988289 0.98461 0.98991 0.991644 0.995241 1 1.00691 1.0123 1.0212 1.03025 1.04411 1.05486 1.06498 1.07881 1.08851 1.10446 1.11879 1.13797 1.15259 1.1704 1.20865 1.21974 1.23912 1.25083 1.28627 1.29852 1.33902 1.35031 1.37362 1.39629 1.41293 1.43468 1.44664 1.48802 1.52227 1.50018 1.56171 1.57857 1.61748 1.63764 1.66975 1.69425 1.67356 1.73474 1.76719 1.77059 1.78556 1.85292 1.83889 1.88544 1.93888 1.94185 1.96467 2.01611 2.03688 2.02733 
1.49604 1.50335 1.48543 1.45089 1.48528 1.42477 1.44542 1.35459 1.41384 1.38864 1.33524 1.37067 1.25681 1.2934 1.29407 1.26677 1.29002 1.24187 1.19703 1.21479 1.23203 1.16132 1.20008 1.13556 1.17241 1.11456 1.1283 1.11641 1.10498 1.08219 1.08862 1.0804 1.0621 1.04408 1.02832 1.03321 1.02068 1.0257 1.01806 1.00224 0.992135 0.995219 0.99456 0.9949 0.986723 0.988971 0.988665 0.988373 0.991083 0.995116 1 1.00599 1.01419 1.02243 1.03036 1.04556 1.05466 1.06583 1.07585 1.09339 1.10868 1.12389 1.1323 1.16349 1.16993 1.19292 1.21839 1.23709 1.26336 1.27067 1.29318 1.31165 1.34056 1.38021 1.39245 1.41056 1.4309 1.45214 1.48384 1.49947 1.54968 1.55589 1.5861 1.61412 1.67874 1.68353 1.69155 1.70557 1.72596 1.77681 1.80092 1.8264 1.80658 1.89088 1.88426 1.92791 1.94827 1.9795 2.01099 2.04247 2.06816 
1.45474 1.45206 1.47605 1.47304 1.40694 1.45739 1.43687 1.40441 1.3666 1.39521 1.3594 1.38514 1.31031 1.35828 1.33654 1.27297 1.26989 1.26738 1.26716 1.22306 1.22775 1.19151 1.20957 1.16571 1.13707 1.16298 1.11424 1.11785 1.12376 1.08222 1.07406 1.06924 1.05917 1.04529 1.05019 1.03992 1.03106 1.00721 0.998561 1.00246 0.99718 0.997988 0.9901 0.987962 0.990234 0.989431 0.988474 0.990326 0.991718 0.995312 1 1.00549 1.0135 1.02078 1.02919 1.04195 1.05332 1.06346 1.08092 1.10078 1.10395 1.1301 1.14624 1.16223 1.18148 1.1991 1.22092 1.24072 1.24389 1.2656 1.30408 1.32257 1.34416 1.35727 1.36849 1.41392 1.45245 1.44249 1.47035 1.51841 1.54547 1.54727 1.57558 1.59803 1.64082 1.65658 1.70594 1.7078 1.75176 1.80825 1.76751 1.84472 1.83468 1.88679 1.85515 1.9009 1.95871 1.97202 1.99026 2.02814 2.08316 
1.49594 1.51663 1.46337 1.50778 1.43386 1.4537 1.42725 1.45551 1.36477 1.35661 1.34587 1.40668 1.35453 1.31279 1.27968 1.26118 1.26794 1.25296 1.21307 1.21501 1.23992 1.18215 1.18773 1.14819 1.14345 1.13965 1.12005 1.09066 1.08497 1.07617 1.07368 1.08837 1.06027 1.05167 1.03726 1.02862 1.02717 1.02022 1.01466 0.992545 1.00445 0.992821 0.991147 0.990569 0.985248 0.984802 0.987596 0.988828 0.990876 0.994329 1 1.00627 1.01356 1.02123 1.02961 1.03965 1.05404 1.07035 1.08199 1.09974 1.09978 1.12719 1.14208 1.15389 1.17615 1.19112 1.22445 1.22279 1.2578 1.28239 1.29534 1.30407 1.34562 1.35995 1.38996 1.4073 1.42763 1.44667 1.48151 1.51555 1.54469 1.56489 1.55413 1.61331 1.60282 1.64311 1.67607 1.72737 1.72895 1.7557 1.8088 1.78827 1.84375 1.89608 1.90406 1.92463 1.9826 2.0012 2.0099 2.03222 2.02494 
1.50156 1.5406 1.51217 1.43447 1.43212 1.44742 1.40184 1.37597 1.44331 1.37816 1.34163 1.33043 1.40048 1.26681 1.28345 1.28555 1.25191 1.23625 1.23845 1.21122 1.18123 1.1656 1.21236 1.19551 1.15043 1.13289 1.14801 1.1135 1.12695 1.09036 1.0902 1.06253 1.05437 1.04925 1.03499 1.04214 1.02969 1.01 1.01323 1.00604 1.00516 0.99651 0.993253 0.98753 0.983007 0.988159 0.990497 0.987717 0.993002 0.995842 1 1.00621 1.01345 1.02204 1.03119 1.04285 1.0481 1.06516 1.07362 1.09191 1.10279 1.1271 1.14455 1.14953 1.18151 1.2002 1.22265 1.24313 1.26562 1.2782 1.29528 1.32624 1.35509 1.36713 1.39208 1.41621 1.43496 1.45137 1.49928 1.50757 1.53202 1.54809 1.55813 1.63252 1.64077 1.64174 1.70655 1.69011 1.75244 1.76713 1.77388 1.82332 1.85144 1.88796 1.87761 1.9118 1.97191 2.01696 2.0019 2.02139 2.10375 
1.5006 1.49365 1.52922 1.57871 1.47222 1.40295 1.46473 1.41553 1.41137 1.39345 1.35041 1.30731 1.32895 1.287 1.29106 1.31386 1.27428 1.2373 1.25877 1.20333 1.21384 1.21887 1.19624 1.16913 1.1558 1.17274 1.12475 1.12091 1.11578 1.10072 1.07318 1.05961 1.08822 1.07178 1.04118 1.03391 1.03888 1.02562 1.01127 1.00219 0.990545 0.997684 0.985733 0.99192 0.991693 0.989807 0.98843 0.988457 0.991333 0.99564 1 1.00638 1.01355 1.0202 1.03448 1.04203 1.05055 1.06684 1.07862 1.09372 1.10953 1.11738 1.14943 1.16851 1.18659 1.1981 1.21256 1.23959 1.25101 1.2694 1.29891 1.33421 1.35336 1.3579 1.39569 1.40953 1.43344 1.47839 1.46993 1.52274 1.54007 1.57493 1.58429 1.60991 1.64896 1.6703 1.67089 1.71617 1.75153 1.76762 1.78582 1.846 1.86164 1.84917 1.90599 1.93683 1.97187 2.03359 2.00467 2.05018 2.03019 
1.50358 1.49486 1.47319 1.52838 1.48596 1.40566 1.46303 1.43924 1.37843 1.35162 1.31972 1.336 1.34955 1.38448 1.30815 1.29089 1.26392 1.28831 1.20528 1.21466 1.19735 1.21991 1.19263 1.17511 1.1531 1.15505 1.14159 1.11778 1.12549 1.09043 1.07269 1.07946 1.06429 1.04681 1.03534 1.02876 1.04237 1.01076 1.00712 1.00579 1.00369 0.992076 0.990901 0.991722 0.990003 0.983031 0.986946 0.988093 0.991952 0.9947 1 1.00612 1.01326 1.02156 1.03143 1.04119 1.05422 1.06324 1.07884 1.08862 1.10523 1.12074 1.13733 1.15142 1.17785 1.18141 1.21831 1.24735 1.26654 1.28265 1.30798 1.32176 1.35132 1.37578 1.40067 1.3963 1.44524 1.46782 1.47112 1.50617 1.54731 1.56891 1.58951 1.61226 1.64913 1.64011 1.70539 1.72464 1.71865 1.78223 1.82399 1.81329 1.86136 1.90069 1.91937 1.93375 1.94014 1.96767 2.04961 2.0249 2.07254 
1.53471 1.53177 1.50181 1.53391 1.46049 1.48935 1.43739 1.37556 1.39344 1.41585 1.4019 1.34779 1.34603 1.30565 1.31329 1.28935 1.2672 1.27064 1.22474 1.24366 1.19541 1.20927 1.17606 1.17542 1.14279 1.15853 1.16651 1.11994 1.1199 1.09744 1.08324 1.06481 1.05232 1.05889 1.06275 1.03806 1.02775 1.01939 1.01086 1.00818 1.00024 0.994946 0.995113 0.991488 0.991798 0.988262 0.989802 0.988008 0.991016 0.995394 1 1.0065 1.01344 1.02389 1.02909 1.04332 1.05083 1.06705 1.07334 1.09538 1.10926 1.13143 1.13207 1.15584 1.1782 1.18861 1.22738 1.24491 1.2582 1.27092 1.3101 1.31887 1.33378 1.37817 1.37503 1.41428 1.43146 1.47152 1.46377 1.53388 1.52628 1.56425 1.60034 1.61168 1.61594 1.67174 1.70108 1.70467 1.76898 1.80308 1.79506 1.8203 1.81436 1.8782 1.89718 1.95551 1.96099 2.00259 2.00955 2.0631 2.07603 
1.53707 1.50316 1.47164 1.46484 1.51261 1.47236 1.4409 1.43048 1.38869 1.40698 1.36383 1.32665 1.33714 1.34779 1.28167 1.28459 1.25485 1.28099 1.25789 1.24401 1.22431 1.21323 1.16129 1.19049 1.17295 1.15045 1.12702 1.13063 1.11077 1.08335 1.09408 1.06936 1.06534 1.05538 1.04137 1.04477 1.0145 1.02221 1.00241 1.00319 0.991476 0.991324 0.999054 0.994933 0.990941 0.986517 0.984671 0.987179 0.991454 0.995414 1 1.00572 1.01299 1.02187 1.03093 1.04259 1.05552 1.06494 1.07916 1.09306 1.10521 1.12615 1.13639 1.16123 1.17949 1.19991 1.21996 1.24181 1.26054 1.28288 1.30257 1.3353 1.33496 1.36979 1.40584 1.41312 1.44843 1.41953 1.49933 1.51845 1.5438 1.57419 1.60215 1.63883 1.6302 1.62147 1.69996 1.71204 1.76186 1.74146 1.80523 1.84086 1.88762 1.88128 1.92979 1.93381 1.958 1.98858 1.98835 2.06352 2.11031 
1.52561 1.508 1.49026 1.51116 1.4839 1.43155 1.42283 1.40614 1.42734 1.40417 1.36912 1.34554 1.30738 1.3522 1.32898 1.26717 1.23707 1.27466 1.24954 1.25999 1.23497 1.19978 1.19459 1.19611 1.14721 1.16758 1.1411 1.14234 1.10937 1.0997 1.09458 1.08154 1.0646 1.0723 1.05729 1.03442 1.01099 1.01768 1.01658 1.01084 1.00358 0.996407 0.997992 0.988707 0.988958 0.984675 0.987656 0.989527 0.991695 0.99547 1 1.00539 1.01274 1.02234 1.0273 1.04251 1.05658 1.0657 1.08168 1.09319 1.10485 1.12387 1.14269 1.1618 1.17589 1.19088 1.21153 1.24823 1.25151 1.28619 1.30163 1.32923 1.35473 1.37253 1.40153 1.42804 1.4456 1.48108 1.49049 1.51983 1.54436 1.58494 1.60425 1.6011 1.61901 1.69091 1.71202 1.74306 1.73414 1.77456 1.81568 1.82811 1.83376 1.86889 1.88901 1.95491 1.92976 1.97112 2.00272 2.09656 2.08608 
1.57319 1.5879 1.4872 1.48888 1.50116 1.49139 1.45147 1.4432 1.39945 1.38106 1.39432 1.38079 1.35782 1.32248 1.3358 1.29428 1.27186 1.26238 1.2776 1.24696 1.21909 1.21703 1.19643 1.18575 1.17332 1.12184 1.13692 1.11328 1.11315 1.10348 1.10758 1.07936 1.0491 1.05278 1.03754 1.02488 1.02766 1.01798 1.01923 1.00496 0.994946 1.00117 0.991235 0.986641 0.986969 0.986875 0.986737 0.987493 0.991337 0.995033 1 1.00568 1.01337 1.02096 1.02956 1.04017 1.04991 1.06636 1.08004 1.09251 1.11006 1.12456 1.14331 1.1541 1.17952 1.20682 1.22173 1.24308 1.26972 1.28467 1.30708 1.32345 1.33798 1.36388 1.3953 1.42106 1.42803 1.48912 1.50686 1.50562 1.51801 1.54376 1.58116 1.65228 1.66867 1.69557 1.70659 1.71744 1.74559 1.78417 1.79619 1.81433 1.85852 1.89779 1.92368 1.96965 1.96052 1.99014 2.03851 2.03665 2.07539 
1.59288 1.50169 1.5802 1.49334 1.52472 1.4783 1.43683 1.41113 1.38995 1.39473 1.36163 1.30711 1.34346 1.34753 1.31358 1.31987 1.28743 1.27895 1.24378 1.2214 1.21501 1.21056 1.19763 1.1845 1.16588 1.19281 1.13197 1.13939 1.12844 1.08892 1.09151 1.06054 1.07367 1.04628 1.03092 1.04718 1.02923 1.01719 1.00948 1.00371 0.990692 0.99935 0.988793 0.990996 0.98778 0.990109 0.987147 0.990552 0.992723 0.99612 1 1.00555 1.01293 1.0221 1.03044 1.03964 1.05351 1.06329 1.08134 1.09349 1.10464 1.1204 1.1412 1.16602 1.17785 1.19816 1.21404 1.23587 1.26306 1.29474 1.30848 1.33284 1.34588 1.36611 1.40772 1.42053 1.458 1.47032 1.5018 1.53664 1.54213 1.56685 1.61808 1.62033 1.65622 1.69967 1.67805 1.72771 1.76705 1.75495 1.78207 1.83788 1.87557 1.89128 1.95537 1.93069 1.99298 2.02601 2.01902 2.0701 2.04681 
1.54084 1.49356 1.59718 1.46977 1.49761 1.49663 1.46647 1.43882 1.41829 1.35152 1.37093 1.40541 1.3706 1.37606 1.32405 1.30452 1.27783 1.27171 1.26856 1.2302 1.2327 1.22889 1.21551 1.20637 1.15875 1.14385 1.12452 1.12437 1.10575 1.10121 1.10121 1.08554 1.0729 1.05126 1.05225 1.02585 1.03495 1.02807 1.01103 1.00246 1.0035 1.00273 0.992647 0.987483 0.987175 0.98971 0.986476 0.990831 0.991768 0.994959 1 1.0059 1.01307 1.02155 1.02942 1.03486 1.04932 1.06447 1.08012 1.08692 1.10568 1.12195 1.14044 1.16605 1.17785 1.19934 1.2196 1.23989 1.27184 1.29833 1.29616 1.3267 1.34035 1.36767 1.40754 1.41001 1.4196 1.46106 1.49159 1.52441 1.55696 1.57211 1.59081 1.63788 1.6682 1.68692 1.71241 1.74672 1.7472 1.78011 1.80433 1.79071 1.84056 1.87307 1.95019 1.92647 1.98342 1.97443 2.04098 2.0451 2.09219 
1.56129 1.54346 1.50653 1.51243 1.46811 1.4547 1.44097 1.44251 1.37971 1.45025 1.36305 1.38348 1.34918 1.34066 1.33282 1.28747 1.30697 1.27551 1.2757 1.2475 1.20918 1.2079 1.1933 1.19606 1.15066 1.17447 1.15483 1.12557 1.10424 1.11366 1.0996 1.0956 1.0772 1.05759 1.04999 1.05105 1.03517 1.02242 1.01007 1.01304 1.00281 0.994501 0.994621 0.98928 0.992282 0.989203 0.98822 0.989949 0.992589 0.99562 1 1.00453 1.01363 1.02009 1.02803 1.04302 1.05396 1.06639 1.08271 1.0944 1.10367 1.12885 1.13555 1.17218 1.17422 1.19548 1.21487 1.24174 1.26027 1.28794 1.29877 1.33426 1.33886 1.38037 1.40347 1.42318 1.44477 1.46878 1.48517 1.5326 1.53937 1.56924 1.5952 1.60248 1.64902 1.64755 1.68407 1.70921 1.75592 1.77787 1.8413 1.82376 1.90081 1.89366 1.91114 1.9525 1.97127 2.0345 2.01266 2.05162 2.12119 
1.59894 1.58162 1.53316 1.49965 1.46699 1.4531 1.46924 1.41565 1.45363 1.39199 1.38467 1.3537 1.41043 1.36631 1.29635 1.31947 1.30814 1.31029 1.2387 1.22862 1.26638 1.22038 1.19191 1.17222 1.20095 1.17519 1.12464 1.13766 1.10281 1.10455 1.0922 1.09143 1.07137 1.05991 1.04211 1.02048 1.0371 1.02468 1.00881 1.00173 0.998837 0.999668 0.989659 0.994297 0.9886 0.986934 0.98884 0.988229 0.990871 0.994872 1 1.0068 1.01273 1.02203 1.02847 1.04312 1.05276 1.06153 1.0766 1.09459 1.10705 1.1266 1.15094 1.16357 1.17406 1.18707 1.21873 1.24409 1.2783 1.28817 1.31431 1.33924 1.34557 1.3626 1.3991 1.42363 1.45434 1.4725 1.50135 1.50387 1.52999 1.56581 1.61312 1.63387 1.62523 1.71348 1.72023 1.71428 1.75562 1.78773 1.8005 1.8473 1.84059 1.9052 1.92214 1.9553 1.99915 2.00113 2.06538 2.03844 2.07993 
1.54616 1.57745 1.58028 1.52561 1.50706 1.47934 1.45671 1.47514 1.46438 1.36351 1.38333 1.38603 1.37563 1.36101 1.34876 1.32645 1.32107 1.29621 1.26689 1.27776 1.22624 1.22422 1.2026 1.21083 1.18745 1.16315 1.15995 1.15784 1.12291 1.13598 1.0989 1.07554 1.06651 1.06467 1.05254 1.04002 1.04724 1.02024 1.01667 1.02286 1.00026 0.999061 0.995199 0.991968 0.985898 0.986328 0.989559 0.989588 0.990959 0.995271 1 1.00526 1.01275 1.02058 1.03074 1.04472 1.05442 1.06471 1.07778 1.10048 1.11529 1.12583 1.15525 1.16077 1.18194 1.19768 1.21376 1.23883 1.27286 1.29066 1.29442 1.32578 1.34114 1.38615 1.39186 1.42613 1.43702 1.47432 1.49116 1.51648 1.55251 1.58715 1.61328 1.63975 1.64341 1.70182 1.70768 1.72226 1.75562 1.79645 1.85247 1.8534 1.83956 1.86554 1.93445 1.98559 2.00494 1.9899 2.04221 2.0539 2.14732 
1.57581 1.56844 1.49304 1.48951 1.46718 1.54268 1.45798 1.48174 1.43251 1.39777 1.38932 1.47499 1.39909 1.33566 1.35733 1.33007 1.33269 1.29161 1.27129 1.23852 1.23955 1.24641 1.16455 1.20207 1.16222 1.1378 1.14422 1.11111 1.12787 1.10075 1.11252 1.10443 1.0877 1.04149 1.03931 1.03602 1.03506 1.02526 1.01751 1.01425 1.00576 0.996383 0.994061 0.995949 0.989784 0.990993 0.990147 0.989702 0.991254 0.994969 1 1.00598 1.01229 1.02181 1.02876 1.03936 1.05253 1.05729 1.08136 1.09641 1.10705 1.12459 1.13097 1.16081 1.18355 1.19134 1.2093 1.24611 1.25262 1.28253 1.31288 1.32631 1.36632 1.37455 1.41278 1.43219 1.45102 1.48234 1.51174 1.54334 1.5701 1.55601 1.60158 1.62085 1.65265 1.69402 1.74051 1.72665 1.75035 1.79406 1.81821 1.85041 1.86253 1.88914 1.93093 1.96382 2.00794 2.02443 2.0609 2.09104 2.10973 
1.52955 1.55016 1.55296 1.59996 1.45738 1.43646 1.49754 1.49179 1.42334 1.37528 1.39461 1.42392 1.35184 1.33145 1.34131 1.33925 1.30099 1.24972 1.25503 1.27014 1.25723 1.23116 1.24426 1.18435 1.14722 1.16525 1.13592 1.12415 1.11319 1.0908 1.09427 1.08158 1.06484 1.06314 1.059 1.02771 1.02011 1.03024 1.01904 1.01306 1.00384 0.998806 0.990464 0.991101 0.991038 0.984833 0.989439 0.988966 0.993034 0.99557 1 1.00585 1.01203 1.02195 1.0286 1.03992 1.04319 1.06422 1.07245 1.09484 1.10867 1.12883 1.13817 1.16235 1.17816 1.19397 1.21978 1.24234 1.26991 1.28843 1.30866 1.32908 1.35026 1.36853 1.4123 1.41859 1.4436 1.46957 1.48587 1.52209 1.55381 1.57649 1.61481 1.65973 1.65904 1.69184 1.72907 1.74307 1.75385 1.81633 1.82431 1.84262 1.91386 1.92776 1.94754 1.95116 1.95479 1.98616 2.05736 2.05877 2.12569 
1.58156 1.52746 1.59624 1.50413 1.46402 1.47274 1.45083 1.41876 1.39683 1.4124 1.40961 1.4068 1.38161 1.33256 1.34461 1.35121 1.32165 1.30972 1.27644 1.24399 1.25216 1.20722 1.21349 1.24666 1.18462 1.17369 1.15824 1.13374 1.11397 1.11601 1.0999 1.07916 1.05958 1.07118 1.04608 1.05055 1.03365 1.03239 1.02665 1.02042 1.00613 1.00457 0.996105 0.991905 0.992473 0.992067 0.989815 0.987488 0.992447 0.995737 1 1.00536 1.01236 1.02057 1.02866 1.03827 1.04956 1.06399 1.07614 1.09127 1.10747 1.12262 1.13909 1.16305 1.16819 1.20277 1.22147 1.23562 1.26819 1.28937 1.30409 1.32224 1.35176 1.36749 1.40371 1.43505 1.45127 1.49978 1.50506 1.53354 1.53712 1.57044 1.5996 1.63004 1.67199 1.70776 1.71777 1.74629 1.7806 1.7795 1.83183 1.85856 1.85983 1.89471 1.92068 1.963 1.9697 2.0279 2.04063 2.0709 2.12082 
1.65573 1.53047 1.51393 1.51185 1.50673 1.52252 1.49293 1.46135 1.43397 1.43626 1.38805 1.39303 1.40595 1.36621 1.32585 1.33153 1.29579 1.33258 1.2522 1.22492 1.26089 1.2325 1.21357 1.18344 1.17191 1.16341 1.15731 1.14627 1.11825 1.11141 1.09468 1.08408 1.08445 1.05904 1.05486 1.04411 1.0363 1.02041 1.02213 1.00624 1.00761 1.00644 0.995944 0.99941 0.994744 0.985442 0.987758 0.989613 0.992196 0.994769 1 1.00554 1.01215 1.02207 1.03152 1.04311 1.05159 1.0691 1.0769 1.09305 1.11295 1.13229 1.15023 1.16367 1.18454 1.20862 1.22384 1.25167 1.25705 1.28905 1.29645 1.33373 1.35401 1.37201 1.39925 1.43418 1.45911 1.46823 1.50059 1.52244 1.54479 1.58515 1.62186 1.63869 1.65674 1.67871 1.71425 1.71377 1.7765 1.77778 1.77838 1.84861 1.87815 1.91914 1.91439 1.96288 1.99097 2.05236 2.02817 2.0248 2.10107 
1.59253 1.58174 1.55527 1.55004 1.49595 1.49021 1.5605 1.49096 1.4039 1.41783 1.41412 1.40529 1.3545 1.35764 1.34199 1.34286 1.30192 1.29087 1.27244 1.27056 1.24379 1.24874 1.19123 1.18106 1.18324 1.13495 1.16623 1.14929 1.11716 1.09753 1.10904 1.10923 1.10081 1.05015 1.05293 1.04363 1.03558 1.02275 1.02063 1.01433 1.00495 1.01082 0.996164 0.992124 0.986438 0.991656 0.990091 0.989478 0.992066 0.995285 1 1.00586 1.01343 1.02089 1.03017 1.0408 1.05245 1.0613 1.07622 1.09422 1.11592 1.12079 1.15178 1.16687 1.18291 1.19513 1.22559 1.24183 1.265 1.29913 1.30339 1.33203 1.3544 1.37952 1.41555 1.41728 1.4275 1.48919 1.50487 1.5536 1.55119 1.59584 1.63164 1.64683 1.65441 1.69605 1.70276 1.74687 1.76852 1.81449 1.83085 1.85914 1.88927 1.92982 1.90835 1.98262 1.96403 2.03563 2.05832 2.07365 2.09077 
1.5865 1.60499 1.62049 1.46308 1.57658 1.54252 1.53089 1.50322 1.46772 1.44964 1.41055 1.4156 1.37203 1.31252 1.37791 1.3675 1.30159 1.24865 1.28355 1.26926 1.2551 1.2271 1.20115 1.16305 1.19464 1.18093 1.18688 1.14888 1.14685 1.1348 1.11843 1.09715 1.06848 1.07954 1.0568 1.04845 1.03964 1.03141 1.02376 1.00508 1.00755 1.00016 0.990628 0.993483 0.987028 0.988776 0.990194 0.989186 0.992393 0.995369 1 1.00613 1.01401 1.02197 1.02964 1.04251 1.053 1.06294 1.08161 1.0971 1.10832 1.13662 1.15265 1.15396 1.16698 1.19506 1.23158 1.24882 1.27178 1.28082 1.30438 1.33824 1.36082 1.39012 1.41608 1.42991 1.4711 1.48924 1.49122 1.53834 1.56196 1.60173 1.60578 1.64247 1.63474 1.6765 1.74008 1.72417 1.78252 1.78812 1.78626 1.84208 1.89175 1.91658 1.94009 1.96137 1.97831 2.02403 2.07712 2.08588 2.12403 
1.60213 1.55854 1.54631 1.54501 1.52763 1.51344 1.46869 1.51073 1.49735 1.44656 1.40919 1.35381 1.35546 1.3825 1.30598 1.33792 1.26423 1.31116 1.28492 1.27817 1.25212 1.23488 1.21787 1.201 1.16972 1.16279 1.16087 1.1639 1.1516 1.12844 1.10266 1.08223 1.08181 1.06741 1.06089 1.04451 1.03898 1.02733 1.02109 1.01014 1.00256 1.00911 0.988439 0.993511 0.990543 0.98743 0.989038 0.990536 0.991591 0.995512 1 1.0062 1.01252 1.02253 1.02842 1.03948 1.05156 1.06304 1.07951 1.10045 1.10382 1.12696 1.14283 1.15472 1.1841 1.19793 1.23037 1.24969 1.26091 1.2852 1.31819 1.34418 1.37917 1.38212 1.40382 1.4165 1.45213 1.47783 1.50035 1.54419 1.57383 1.5827 1.6061 1.65449 1.66824 1.72659 1.7156 1.74457 1.77058 1.81682 1.84301 1.86181 1.91929 1.93661 1.92741 2.01567 2.01439 2.00458 2.0825 2.09712 2.13749 
1.56577 1.57682 1.57 1.55437 1.53832 1.5422 1.52613 1.50083 1.46224 1.47192 1.47267 1.4371 1.41 1.3578 1.36653 1.32568 1.30622 1.3193 1.28875 1.29122 1.25896 1.26716 1.22707 1.21476 1.20003 1.17292 1.13379 1.12429 1.1192 1.10486 1.11148 1.09299 1.07443 1.0861 1.06863 1.06381 1.03943 1.02931 1.01894 1.01571 1.0038 1.00519 0.989299 0.997158 0.987584 0.991201 0.989392 0.988698 0.992085 0.995887 1 1.00584 1.01311 1.02042 1.03328 1.04171 1.04862 1.06593 1.08254 1.09392 1.1115 1.12587 1.14942 1.16455 1.1782 1.20422 1.22232 1.24409 1.2511 1.28283 1.29959 1.34022 1.35842 1.38405 1.41223 1.42652 1.46394 1.47747 1.53542 1.5339 1.54712 1.60184 1.64632 1.67327 1.64994 1.68682 1.73316 1.7439 1.77612 1.81536 1.83709 1.86615 1.88763 1.92132 1.93526 1.98433 2.01669 2.05225 2.06308 2.09586 2.1417 
1.63137 1.67433 1.56182 1.54787 1.55228 1.59633 1.55197 1.45887 1.485 1.46612 1.38312 1.40836 1.38328 1.38939 1.37092 1.35263 1.34223 1.27398 1.26827 1.22183 1.22429 1.22243 1.20653 1.1872 1.21266 1.1869 1.16262 1.16 1.13106 1.13196 1.09792 1.09177 1.08401 1.07281 1.06797 1.06372 1.04183 1.03323 1.02247 1.01196 1.00635 1.00401 0.996064 0.99287 0.989517 0.993718 0.986779 0.989516 0.991883 0.995472 1 1.00585 1.0131 1.02155 1.03338 1.04083 1.0574 1.06772 1.0787 1.09281 1.11381 1.12029 1.14079 1.16219 1.1875 1.2038 1.22423 1.23913 1.26446 1.28622 1.3043 1.34074 1.35793 1.39283 1.40113 1.42805 1.46129 1.48482 1.51317 1.51786 1.56007 1.58976 1.61378 1.67112 1.66844 1.73049 1.71437 1.77848 1.76753 1.80829 1.86328 1.8727 1.87978 1.86915 1.94579 1.97828 2.01586 2.01708 2.03784 2.09049 2.13439 
1.6332 1.58118 1.57156 1.58454 1.52719 1.54926 1.56591 1.48019 1.44686 1.45633 1.41807 1.41657 1.36104 1.4141 1.38392 1.35951 1.32448 1.31757 1.2942 1.26123 1.26274 1.24541 1.21504 1.18144 1.2 1.16657 1.13232 1.13108 1.13408 1.12648 1.09223 1.09474 1.07018 1.08628 1.0538 1.04543 1.03418 1.0317 1.01868 1.01242 1.01115 1.00213 0.993716 0.989229 0.989006 0.987074 0.988752 0.989164 0.99242 0.995631 1 1.00542 1.01305 1.01949 1.02995 1.04308 1.05032 1.06799 1.07594 1.09775 1.10638 1.12276 1.15487 1.1615 1.18532 1.22072 1.21989 1.25793 1.26492 1.28685 1.3203 1.33704 1.35865 1.37442 1.40792 1.44966 1.46164 1.47663 1.51772 1.53525 1.56962 1.60067 1.61477 1.629 1.68811 1.70883 1.72194 1.73331 1.81257 1.82446 1.81866 1.85919 1.87601 1.90087 1.94433 1.97804 2.01167 2.06221 2.06607 2.08736 2.09963 
1.62557 1.60715 1.55119 1.57176 1.55601 1.53452 1.5108 1.47868 1.46323 1.438 1.36819 1.4343 1.38498 1.35972 1.34892 1.33908 1.28006 1.2928 1.32095 1.25079 1.2532 1.25401 1.22092 1.22066 1.17625 1.14899 1.18583 1.15815 1.12462 1.11909 1.09686 1.08906 1.08795 1.08702 1.06587 1.06774 1.05004 1.02628 1.01608 1.00815 1.00419 0.999982 1.00303 0.989629 0.990943 0.986715 0.988373 0.991253 0.991847 0.994642 1 1.00516 1.01225 1.02148 1.02956 1.04353 1.05123 1.05895 1.08536 1.0965 1.11925 1.12326 1.14415 1.16253 1.17542 1.20167 1.22012 1.24326 1.2702 1.28891 1.32318 1.32553 1.35417 1.38711 1.41026 1.42934 1.4614 1.48918 1.50475 1.53446 1.55496 1.59683 1.62742 1.62384 1.67125 1.71686 1.7436 1.75229 1.75596 1.79051 1.82437 1.84819 1.92639 1.93388 1.95713 2.00484 2.02663 2.04125 2.06831 2.11831 2.15896 
1.56083 1.63974 1.65279 1.53981 1.5904 1.52079 1.53787 1.44714 1.4597 1.42898 1.46799 1.39944 1.38174 1.41563 1.32353 1.3922 1.31658 1.32658 1.27691 1.29097 1.25056 1.22481 1.23289 1.21855 1.19921 1.17276 1.15305 1.16834 1.12993 1.12598 1.1066 1.08634 1.06988 1.05113 1.04747 1.04846 1.02732 1.03728 1.03377 1.019 1.00708 1.00362 0.999297 0.990884 0.990309 0.988517 0.990722 0.992183 0.993117 0.995172 1 1.00486 1.01364 1.02084 1.02984 1.04168 1.05087 1.06325 1.0835 1.09281 1.10451 1.12965 1.14059 1.16002 1.18046 1.20534 1.22322 1.23576 1.27123 1.29127 1.31658 1.32548 1.366 1.3711 1.43068 1.43427 1.46073 1.50375 1.52544 1.57202 1.56146 1.58112 1.61444 1.65966 1.6876 1.71235 1.72238 1.74854 1.77996 1.82264 1.80827 1.88335 1.91565 1.94115 1.92821 1.9683 1.99797 2.03573 2.04834 2.0895 2.14198 
1.61244 1.57159 1.59897 1.5372 1.54683 1.55947 1.5568 1.49882 1.45902 1.4247 1.468 1.39236 1.40831 1.41221 1.32116 1.34486 1.35494 1.31847 1.32618 1.27828 1.24191 1.24032 1.2236 1.19321 1.19777 1.19075 1.15473 1.15875 1.11903 1.12758 1.11816 1.10724 1.06432 1.06719 1.06927 1.04074 1.03583 1.03776 1.02061 1.01954 1.01433 0.996179 0.993338 0.995361 0.990939 0.990663 0.988066 0.992193 0.991956 0.994965 1 1.00577 1.01352 1.01974 1.02877 1.03737 1.05593 1.07159 1.08028 1.09002 1.10839 1.12641 1.14714 1.16027 1.17618 1.20724 1.24436 1.24501 1.26621 1.28502 1.31303 1.33333 1.35036 1.3964 1.41118 1.43717 1.46783 1.49806 1.50462 1.54696 1.57158 1.60282 1.64158 1.64192 1.64551 1.69269 1.73208 1.75988 1.74789 1.8113 1.8553 1.90353 1.91085 1.92092 1.96636 1.98486 1.9911 2.04307 2.07406 2.15639 2.1099 
1.61325 1.58975 1.58059 1.55512 1.55406 1.51637 1.45703 1.49365 1.48771 1.49006 1.4078 1.41117 1.42111 1.34728 1.39052 1.32784 1.31963 1.29249 1.31191 1.25363 1.25434 1.2456 1.22305 1.1875 1.18717 1.19846 1.16907 1.15028 1.14091 1.11242 1.10924 1.10855 1.1011 1.07668 1.06874 1.05222 1.04153 1.03024 1.01746 1.01492 1.01786 1.00777 0.997171 0.999029 0.988756 0.989694 0.990348 0.992691 0.992145 0.995497 1 1.00516 1.0133 1.02054 1.02887 1.04002 1.04982 1.06613 1.07861 1.09434 1.11053 1.12467 1.15916 1.15787 1.17889 1.21163 1.23379 1.25174 1.25854 1.31022 1.31369 1.3396 1.36441 1.38739 1.42089 1.4394 1.47245 1.48796 1.51902 1.53005 1.57095 1.59179 1.6375 1.65183 1.67016 1.71319 1.72395 1.78222 1.79918 1.79454 1.8518 1.86753 1.94703 1.97261 1.92734 1.98159 2.01872 2.05233 2.11206 2.09185 2.11079 
1.61454 1.6457 1.59461 1.60104 1.54898 1.48378 1.45191 1.46366 1.46306 1.47607 1.46371 1.40695 1.36608 1.38251 1.34014 1.36109 1.33483 1.29983 1.2934 1.28419 1.25431 1.23373 1.21496 1.24098 1.21655 1.18343 1.15319 1.14062 1.14023 1.16006 1.10111 1.08912 1.07031 1.06323 1.06583 1.06059 1.03375 1.02745 1.02345 1.01811 1.01633 0.992634 0.998856 0.994238 0.99049 0.98606 0.988927 0.988685 0.992754 0.995107 1 1.00595 1.01236 1.01898 1.03001 1.04045 1.05367 1.06031 1.07943 1.08665 1.1172 1.12728 1.15167 1.16865 1.19312 1.20128 1.22306 1.25525 1.26598 1.29322 1.31997 1.33787 1.34664 1.37768 1.42029 1.41969 1.47247 1.48594 1.50405 1.55547 1.55051 1.60986 1.60792 1.64995 1.69514 1.68539 1.73881 1.76089 1.79347 1.8261 1.88416 1.8668 1.91793 1.92428 1.97485 1.99521 2.0138 2.0413 2.03253 2.15128 2.14655 
1.62608 1.59659 1.64144 1.49731 1.52159 1.55625 1.53017 1.52993 1.51828 1.42625 1.42077 1.43196 1.3955 1.40706 1.37604 1.33233 1.34459 1.30552 1.31722 1.30318 1.25488 1.25019 1.21598 1.20921 1.20798 1.1893 1.17187 1.131 1.14968 1.13872 1.1233 1.09995 1.08793 1.07314 1.04538 1.05459 1.04806 1.02312 1.02878 1.01141 1.01511 1.00451 0.994476 0.999637 0.992273 0.988233 0.988481 0.988334 0.992401 0.995601 1 1.00603 1.01303 1.0203 1.03304 1.03988 1.05438 1.06513 1.08082 1.09444 1.10835 1.12261 1.15126 1.17538 1.18321 1.2043 1.22345 1.25105 1.2618 1.29479 1.30831 1.33882 1.35083 1.37748 1.41038 1.4512 1.46126 1.49852 1.50055 1.55352 1.5771 1.58612 1.6367 1.65636 1.67967 1.71539 1.72908 1.79511 1.79039 1.7908 1.8398 1.88233 1.85741 1.95789 1.97878 2.02203 2.03786 2.05781 2.10446 2.1091 2.13877 
1.6473 1.59215 1.58672 1.65254 1.51549 1.51998 1.55109 1.48203 1.50054 1.50506 1.41217 1.35612 1.42535 1.38663 1.39545 1.3185 1.37634 1.34748 1.31118 1.24823 1.26039 1.25067 1.21967 1.21685 1.18711 1.17703 1.17246 1.164 1.13431 1.13371 1.08914 1.10355 1.08428 1.0814 1.04426 1.0493 1.04469 1.02792 1.02319 1.02174 1.00218 1.00035 1.00204 0.99067 0.992055 0.993238 0.991157 0.987592 0.992261 0.995697 1 1.0057 1.01234 1.02041 1.02847 1.04524 1.04997 1.07015 1.07885 1.09997 1.10354 1.12289 1.14557 1.1664 1.19441 1.20165 1.23071 1.24443 1.26664 1.29619 1.30306 1.32684 1.37093 1.39009 1.42495 1.43773 1.46922 1.48753 1.52452 1.54141 1.57571 1.58814 1.61916 1.65714 1.66974 1.71118 1.7381 1.75694 1.82208 1.82447 1.83244 1.86934 1.8939 1.96429 1.9802 1.98708 2.02919 2.03635 2.08546 2.11784 2.16052 
1.69477 1.56556 1.6429 1.59648 1.56443 1.56164 1.49726 1.44475 1.4838 1.39592 1.42808 1.43692 1.43757 1.34868 1.34067 1.33002 1.33752 1.28528 1.29147 1.28951 1.22627 1.22837 1.22099 1.21473 1.159 1.20723 1.16055 1.16656 1.13594 1.13265 1.11104 1.10479 1.08563 1.0678 1.06507 1.04113 1.03774 1.02784 1.0184 1.00923 1.01046 1.00069 0.995281 0.992408 0.992593 0.991972 0.987966 0.989906 0.992562 0.995141 1 1.00553 1.01163 1.02145 1.02831 1.04233 1.0581 1.06275 1.07909 1.09295 1.11824 1.12901 1.15061 1.16246 1.18339 1.19679 1.23034 1.25091 1.26001 1.29637 1.32441 1.34785 1.36944 1.38936 1.41515 1.42144 1.45575 1.49293 1.52115 1.55839 1.58917 1.58296 1.60137 1.65575 1.69416 1.70486 1.73534 1.78214 1.80203 1.82607 1.84629 1.89309 1.91674 1.92096 2.01748 1.97423 2.0516 2.04158 2.09533 2.11818 2.15974 
1.65148 1.60041 1.56887 1.57998 1.49668 1.51098 1.50283 1.51834 1.52085 1.42494 1.4277 1.44505 1.39597 1.35903 1.37525 1.3642 1.37186 1.31903 1.29668 1.23619 1.28726 1.23792 1.2012 1.19617 1.20795 1.15103 1.17338 1.1463 1.17963 1.10134 1.10177 1.11451 1.10031 1.07582 1.06883 1.04116 1.04119 1.0345 1.03724 1.02423 1.00714 0.998071 1.00278 0.99551 0.990897 0.989092 0.991193 0.991456 0.993346 0.995032 1 1.00651 1.01224 1.02005 1.02756 1.04082 1.05202 1.06453 1.07968 1.09496 1.11242 1.13025 1.14685 1.16966 1.19089 1.20077 1.22055 1.24034 1.27873 1.30445 1.30793 1.33413 1.37314 1.38875 1.40407 1.43077 1.48101 1.49529 1.52535 1.56961 1.56831 1.6196 1.63523 1.62516 1.6987 1.71195 1.72338 1.77545 1.7975 1.84611 1.83979 1.88125 1.92121 1.94797 1.9664 1.99091 2.03559 2.04557 2.1223 2.11455 2.12435 
1.60675 1.5885 1.62851 1.5962 1.49941 1.58313 1.48628 1.51123 1.52583 1.45387 1.42941 1.42317 1.44042 1.41916 1.35449 1.38176 1.33392 1.34163 1.26535 1.26754 1.27371 1.23553 1.26046 1.23778 1.19328 1.20471 1.16365 1.15862 1.13365 1.10982 1.12165 1.09249 1.09461 1.06047 1.06724 1.0471 1.05019 1.02911 1.02452 1.02135 1.00461 1.00536 1.00318 0.994815 0.992165 0.991437 0.993128 0.991236 0.992469 0.995871 1 1.00619 1.01282 1.02148 1.03288 1.04002 1.05429 1.06605 1.08374 1.08792 1.10694 1.13444 1.1501 1.17235 1.18279 1.21109 1.22972 1.25688 1.289 1.28083 1.32468 1.35337 1.3603 1.38799 1.42876 1.44161 1.46641 1.50328 1.50886 1.54113 1.56493 1.60149 1.61962 1.62793 1.69652 1.71722 1.75619 1.7413 1.79485 1.82166 1.87769 1.90094 1.92824 1.96752 1.97404 1.99087 2.03637 2.06548 2.13066 2.12739 2.1362 
1.70476 1.61179 1.57331 1.6186 1.53874 1.50949 1.5026 1.52113 1.49265 1.45808 1.44191 1.4509 1.40096 1.38381 1.34021 1.32834 1.33991 1.29995 1.31364 1.30479 1.25281 1.22424 1.23976 1.21622 1.193 1.18126 1.16752 1.14008 1.153 1.1211 1.12584 1.10148 1.08697 1.07313 1.07281 1.03907 1.04283 1.03124 1.01574 1.01676 1.00988 0.9983 0.999551 0.992943 0.988323 0.990088 0.98845 0.991452 0.993345 0.995627 1 1.00556 1.01305 1.02093 1.0333 1.04082 1.05392 1.06561 1.08508 1.09444 1.11085 1.13388 1.14651 1.16321 1.18758 1.21433 1.21817 1.25967 1.27767 1.29279 1.31992 1.35898 1.36886 1.40331 1.42153 1.42935 1.48037 1.51192 1.52178 1.5385 1.56479 1.61303 1.63176 1.65833 1.69372 1.73643 1.73233 1.76994 1.80303 1.8304 1.84526 1.87495 1.91963 1.94267 2.01941 1.98416 2.04415 1.99924 2.1052 2.13576 2.11476 
1.70939 1.6389 1.57232 1.5954 1.55673 1.51632 1.52794 1.47105 1.45369 1.4761 1.42136 1.43223 1.43062 1.41702 1.32938 1.38752 1.33183 1.31534 1.26337 1.28431 1.2756 1.25824 1.21863 1.20844 1.18095 1.16324 1.17617 1.15261 1.14177 1.13861 1.11794 1.10094 1.09187 1.06393 1.07893 1.05399 1.0409 1.02924 1.02021 1.01083 1.00599 1.00537 0.998422 0.995049 0.9936 0.987722 0.987218 0.98983 0.993122 0.99527 1 1.00534 1.01378 1.02313 1.03038 1.04057 1.05504 1.06956 1.08266 1.09982 1.10883 1.13341 1.1493 1.16953 1.19421 1.19539 1.2136 1.25241 1.27079 1.3065 1.31001 1.33696 1.37071 1.40504 1.42621 1.45027 1.4706 1.4922 1.52607 1.55678 1.56336 1.59717 1.61776 1.675 1.69365 1.7253 1.72025 1.7878 1.79652 1.86647 1.87001 1.89603 1.91129 1.96755 2.01475 1.99403 2.07434 2.0485 2.09757 2.0989 2.15806 
1.66135 1.57261 1.55515 1.51137 1.57432 1.50609 1.52051 1.47945 1.53175 1.4535 1.44176 1.47438 1.38563 1.38073 1.35301 1.31776 1.33933 1.29517 1.27129 1.29037 1.26448 1.24276 1.25679 1.218 1.20283 1.18396 1.16504 1.14147 1.13356 1.11434 1.10557 1.09654 1.0799 1.06662 1.04826 1.0471 1.03789 1.03112 1.01258 1.01687 1.01093 1.01102 0.996688 0.991803 0.991213 0.986292 0.987014 0.991104 0.990668 0.995387 1 1.00638 1.01101 1.02273 1.03353 1.03844 1.05351 1.06532 1.07859 1.09791 1.10905 1.12535 1.14213 1.16138 1.17626 1.21065 1.2207 1.24578 1.26987 1.29123 1.31616 1.33683 1.36883 1.3998 1.42197 1.45343 1.46246 1.49893 1.52397 1.54841 1.56618 1.61385 1.6571 1.65712 1.71129 1.70482 1.74488 1.77772 1.84078 1.83637 1.85345 1.86665 1.89706 1.95714 1.94596 2.01089 1.99992 2.04688 2.10122 2.12738 2.19468 
1.66198 1.60645 1.56527 1.61219 1.60812 1.54339 1.53463 1.50546 1.4724 1.47398 1.42504 1.43613 1.38193 1.3882 1.37506 1.35883 1.37962 1.31232 1.27104 1.304 1.26965 1.24111 1.24059 1.238 1.19514 1.18782 1.17543 1.12945 1.12294 1.12214 1.10273 1.0975 1.0984 1.08655 1.06313 1.06124 1.03838 1.02567 1.03051 1.02058 1.00638 1.00884 0.99972 0.987936 0.987529 0.988375 0.989515 0.990201 0.991551 0.995101 1 1.00617 1.01323 1.02108 1.03305 1.04272 1.05548 1.06256 1.08153 1.09937 1.12566 1.12945 1.14807 1.17461 1.17745 1.21049 1.22124 1.25972 1.26986 1.28831 1.31792 1.34972 1.37189 1.39872 1.40757 1.43803 1.47251 1.50216 1.53149 1.54112 1.58892 1.60307 1.63796 1.66613 1.66809 1.71115 1.74692 1.79448 1.80128 1.82179 1.8914 1.87863 1.90632 1.93783 1.95522 2.03037 2.01588 2.03915 2.12054 2.11976 2.15139 
1.59063 1.65801 1.59986 1.59329 1.56517 1.53036 1.54261 1.49819 1.46882 1.45215 1.40061 1.43243 1.4439 1.40094 1.37219 1.33275 1.37155 1.30449 1.29569 1.31492 1.25604 1.24569 1.2288 1.19739 1.19771 1.15458 1.18787 1.17157 1.14657 1.12497 1.12185 1.10943 1.07853 1.06976 1.05401 1.0533 1.04286 1.03382 1.01006 1.02954 1.00641 1.00949 0.997871 0.993265 0.991096 0.989963 0.992075 0.989873 0.991653 0.99615 1 1.00595 1.01336 1.02049 1.03087 1.04031 1.05181 1.06155 1.07702 1.0965 1.11372 1.12985 1.14562 1.17128 1.19257 1.20835 1.23058 1.25105 1.27218 1.30159 1.31239 1.34964 1.37559 1.39906 1.42039 1.45074 1.45609 1.48997 1.5311 1.5592 1.56421 1.59748 1.61507 1.6647 1.69763 1.73663 1.75505 1.75903 1.80714 1.83021 1.86146 1.89807 1.92302 1.9432 1.99012 2.04606 2.05739 2.06349 2.13348 2.18712 2.14771 
1.65531 1.5725 1.60482 1.5121 1.59603 1.47461 1.54101 1.47396 1.47858 1.4448 1.43019 1.47395 1.36064 1.35296 1.35015 1.36541 1.36373 1.32118 1.2843 1.27005 1.30344 1.25318 1.25177 1.22755 1.19371 1.19508 1.16065 1.18347 1.12362 1.14068 1.11164 1.08876 1.08516 1.08658 1.04322 1.04014 1.03859 1.04409 1.02684 1.01688 1.00748 1.00823 0.994687 0.994971 0.985559 0.988757 0.987563 0.991111 0.991462 0.995271 1 1.00562 1.01342 1.02255 1.02941 1.0443 1.05789 1.07178 1.07983 1.09096 1.11772 1.12883 1.15143 1.16443 1.18697 1.21708 1.21714 1.24214 1.27888 1.29731 1.32571 1.33149 1.37881 1.38393 1.41229 1.46829 1.48296 1.49336 1.53685 1.53174 1.60878 1.59908 1.62144 1.67677 1.67285 1.73314 1.75921 1.78051 1.79595 1.86868 1.87102 1.88491 1.94332 1.95172 2.012 1.96391 2.02481 2.04829 2.10177 2.14415 2.16388 
1.60806 1.57138 1.59234 1.59742 1.52387 1.51922 1.50004 1.47164 1.45752 1.45731 1.43777 1.42372 1.36768 1.39312 1.37021 1.3556 1.3355 1.28943 1.30598 1.28856 1.24413 1.23756 1.21586 1.21262 1.18501 1.16939 1.16692 1.13955 1.13702 1.12754 1.09495 1.09047 1.08316 1.06467 1.06733 1.04465 1.04698 1.02115 1.01478 1.01326 1.00267 0.999218 0.998423 0.991495 0.998001 0.988892 0.986026 0.989683 0.990518 0.994695 1 1.00702 1.0137 1.02324 1.03179 1.039 1.057 1.0643 1.08312 1.10034 1.11415 1.14095 1.14536 1.17187 1.18995 1.20662 1.22071 1.24377 1.27501 1.30205 1.32239 1.36312 1.37943 1.40261 1.43153 1.45163 1.47587 1.52411 1.5264 1.55435 1.57341 1.61058 1.64391 1.69692 1.7103 1.70121 1.76998 1.78164 1.83562 1.86591 1.84502 1.93369 1.91899 1.94121 1.98365 1.98592 2.02787 2.04047 2.10224 2.14609 2.19883 
1.60171 1.61578 1.56722 1.56858 1.51306 1.49574 1.49856 1.47912 1.4469 1.42356 1.43633 1.42744 1.39925 1.36209 1.39406 1.33666 1.3335 1.30986 1.29508 1.25876 1.2405 1.20408 1.22081 1.20693 1.19513 1.18843 1.14875 1.16936 1.14614 1.13269 1.11563 1.1077 1.07549 1.06413 1.06269 1.05478 1.04996 1.03409 1.02783 1.01084 1.00583 1.00223 0.994695 0.99134 0.991189 0.988197 0.986336 0.990298 0.993314 0.995508 1 1.00632 1.01377 1.02055 1.03504 1.04127 1.05623 1.07013 1.0833 1.10106 1.10464 1.12748 1.15322 1.17215 1.19828 1.2034 1.21668 1.25376 1.25298 1.29824 1.3292 1.35595 1.38894 1.40133 1.42376 1.45153 1.47018 1.49544 1.52983 1.54405 1.58863 1.61992 1.65753 1.66586 1.71073 1.7379 1.75183 1.78387 1.80499 1.84946 1.88636 1.90624 1.94135 1.95454 1.94946 1.99696 2.06449 2.04839 2.11465 2.14936 2.18637 
1.59517 1.58538 1.5695 1.53661 1.51105 1.50115 1.52101 1.4945 1.44901 1.46031 1.42099 1.41286 1.40031 1.37732 1.39483 1.38176 1.32083 1.31589 1.29425 1.28851 1.2706 1.25822 1.23945 1.18349 1.2198 1.16303 1.15636 1.14854 1.14587 1.1221 1.09775 1.11462 1.066 1.05215 1.06141 1.05289 1.04034 1.02107 1.01111 1.00804 0.999187 1.00285 0.999688 0.996013 0.987465 0.988756 0.991794 0.989045 0.990294 0.995146 1 1.00653 1.01188 1.02163 1.02988 1.04546 1.05698 1.06842 1.08391 1.10053 1.11615 1.12883 1.15016 1.17086 1.1863 1.21087 1.23001 1.25294 1.28176 1.29328 1.31807 1.35909 1.38243 1.40436 1.42455 1.44306 1.4849 1.50275 1.52126 1.57045 1.57755 1.62122 1.64391 1.68093 1.67193 1.7118 1.74735 1.79057 1.80571 1.87283 1.8603 1.90479 1.94246 1.96324 2.01555 2.01525 2.04843 2.11732 2.11129 2.11415 2.15587 
1.65276 1.61253 1.55055 1.52542 1.5582 1.57503 1.48898 1.48758 1.4888 1.44734 1.39165 1.4216 1.36279 1.35265 1.34719 1.34202 1.35018 1.29548 1.27902 1.30238 1.26601 1.23922 1.19519 1.18882 1.2033 1.1746 1.14572 1.15774 1.11875 1.12388 1.10875 1.09158 1.09051 1.0697 1.05789 1.04204 1.04612 1.03249 1.02925 1.01241 1.00908 0.999583 0.995619 0.992486 0.986955 0.987916 0.990345 0.990663 0.993702 0.995144 1 1.00578 1.01294 1.02382 1.03438 1.04265 1.05535 1.07225 1.0837 1.1053 1.11658 1.12928 1.1549 1.16823 1.18685 1.22 1.2341 1.26545 1.29611 1.30985 1.31022 1.35136 1.37829 1.40555 1.42457 1.45763 1.47593 1.51732 1.52964 1.56332 1.58815 1.61386 1.63819 1.67134 1.69521 1.71136 1.74725 1.78095 1.82836 1.83883 1.86569 1.90613 1.94907 1.93573 1.99857 1.99295 2.06539 2.08253 2.09496 2.13212 2.14539 
1.60791 1.62473 1.59475 1.56941 1.54392 1.54192 1.49918 1.44145 1.49039 1.43681 1.43744 1.45564 1.41937 1.38263 1.35137 1.30956 1.35555 1.28949 1.32198 1.26404 1.24838 1.24394 1.23281 1.2149 1.21195 1.18012 1.17347 1.16235 1.12001 1.14087 1.12248 1.08512 1.08449 1.06753 1.05717 1.04527 1.03572 1.0254 1.02469 1.01303 1.00655 0.993481 0.991519 0.995794 0.987238 0.989326 0.988686 0.989112 0.990915 0.995193 1 1.00578 1.01414 1.02355 1.03202 1.04259 1.05476 1.07224 1.08367 1.10394 1.11616 1.13115 1.15038 1.16299 1.19736 1.21004 1.2319 1.25965 1.27315 1.30149 1.33728 1.3426 1.36322 1.38521 1.43797 1.44836 1.49177 1.49477 1.5545 1.55246 1.58281 1.6044 1.64197 1.66597 1.69635 1.75571 1.72879 1.75036 1.81082 1.8407 1.86067 1.8803 1.92787 1.96505 1.99721 2.0177 2.07511 2.08041 2.09629 2.12437 2.13865 
1.61434 1.54093 1.57082 1.51254 1.56947 1.52644 1.50546 1.51719 1.44192 1.4935 1.41554 1.4356 1.40737 1.42112 1.36571 1.30506 1.29753 1.32383 1.26091 1.25442 1.24952 1.20295 1.19844 1.20744 1.17324 1.17491 1.15212 1.14332 1.14492 1.12659 1.09697 1.09765 1.07215 1.07038 1.05022 1.04624 1.04341 1.01816 1.02113 1.0154 1.00007 1.01358 1.00284 0.990179 0.991399 0.988075 0.989679 0.990533 0.991074 0.99466 1 1.00622 1.01161 1.02262 1.03138 1.04288 1.05674 1.06629 1.08516 1.10166 1.11473 1.13818 1.1495 1.17525 1.19285 1.2067 1.2419 1.26034 1.29378 1.30004 1.32311 1.37966 1.35701 1.39281 1.43255 1.45467 1.47359 1.49411 1.51894 1.56228 1.58362 1.60035 1.63604 1.68594 1.6992 1.71271 1.73322 1.77332 1.8175 1.8265 1.85871 1.88974 1.94903 1.99478 1.99006 2.02807 2.08748 2.10641 2.1135 2.14075 2.15353 
1.60908 1.57626 1.54639 1.55648 1.55866 1.49196 1.50512 1.48449 1.41713 1.43197 1.40607 1.42855 1.36473 1.37362 1.3518 1.33909 1.29361 1.315 1.30527 1.27601 1.2518 1.2365 1.21494 1.19086 1.18834 1.16756 1.17456 1.14153 1.13801 1.12269 1.08109 1.08968 1.07783 1.03642 1.05804 1.04414 1.0342 1.02751 1.02278 1.0245 1.00045 1.00039 0.993667 0.996219 0.993501 0.984902 0.989207 0.990632 0.990222 0.995367 1 1.00642 1.01428 1.02259 1.03219 1.04362 1.05879 1.07062 1.08299 1.10071 1.11698 1.12471 1.15173 1.17523 1.18445 1.2159 1.24384 1.24689 1.28193 1.29779 1.32244 1.35024 1.37374 1.40574 1.41699 1.45808 1.48931 1.50387 1.53844 1.56248 1.58475 1.62356 1.6367 1.66977 1.71929 1.72688 1.7763 1.80416 1.81348 1.8435 1.83812 1.89572 1.91308 1.96787 2.01488 2.01146 2.05854 2.08576 2.11687 2.13695 2.19738 
1.5429 1.62675 1.57892 1.54897 1.50162 1.46095 1.53001 1.46082 1.37773 1.46476 1.4231 1.40873 1.41293 1.32909 1.34634 1.35818 1.32154 1.29148 1.27239 1.28504 1.22317 1.23122 1.19454 1.19784 1.21032 1.15909 1.17295 1.13482 1.14722 1.12739 1.10602 1.08121 1.07204 1.06173 1.06938 1.03165 1.03467 1.03324 1.01293 1.01473 0.994457 0.997181 0.996107 0.989259 0.99147 0.98867 0.987032 0.98927 0.991668 0.994752 1 1.00599 1.01377 1.0223 1.03194 1.0429 1.05542 1.07409 1.08179 1.09734 1.11852 1.13164 1.14742 1.16837 1.2027 1.20775 1.22165 1.25463 1.27973 1.30145 1.31908 1.35534 1.37852 1.39928 1.42982 1.45899 1.4982 1.50262 1.52713 1.57136 1.58224 1.6268 1.63776 1.68744 1.71186 1.72909 1.74473 1.79858 1.82516 1.84264 1.88772 1.9501 1.934 1.96543 1.99845 1.97585 2.05584 2.08723 2.09898 2.18067 2.13878 
1.64237 1.57088 1.53993 1.54804 1.53456 1.49112 1.48293 1.47019 1.45825 1.43301 1.4248 1.43544 1.34515 1.38174 1.36309 1.35198 1.32463 1.26972 1.30686 1.24134 1.26084 1.23488 1.22038 1.25434 1.18924 1.17955 1.18416 1.13407 1.13403 1.11836 1.11524 1.08368 1.09139 1.0621 1.06257 1.03127 1.02623 1.02164 1.01181 1.01108 1.01338 0.995443 0.985946 0.992889 0.990363 0.983004 0.989453 0.988289 0.990502 0.99393 1 1.00634 1.01407 1.02115 1.03285 1.04204 1.05537 1.07133 1.08629 1.09932 1.10934 1.13016 1.15593 1.17752 1.19248 1.20905 1.25007 1.2458 1.28201 1.30062 1.32039 1.35113 1.36754 1.4212 1.43496 1.46573 1.50506 1.49075 1.53342 1.56363 1.55939 1.60611 1.63306 1.65408 1.69332 1.74677 1.75143 1.77544 1.80937 1.85259 1.89217 1.87221 1.95681 2.00263 1.98594 2.04487 2.04188 2.0795 2.12622 2.13348 2.19424 
1.6078 1.55226 1.50102 1.53354 1.50677 1.49629 1.47355 1.45791 1.45694 1.41356 1.4532 1.3796 1.38921 1.35671 1.34748 1.31715 1.281 1.28548 1.28391 1.24914 1.24885 1.20706 1.22525 1.19136 1.19475 1.17126 1.17075 1.13079 1.13366 1.11087 1.10523 1.09085 1.0876 1.06719 1.06493 1.03321 1.03779 1.01631 1.01646 1.01177 0.998292 0.999492 0.993592 0.988231 0.987481 0.99112 0.989076 0.989048 0.990566 0.994996 1 1.00618 1.01444 1.02439 1.03235 1.04661 1.05943 1.07296 1.08752 1.10416 1.12267 1.13456 1.1478 1.16902 1.19202 1.20652 1.232 1.26358 1.26615 1.31627 1.32536 1.35485 1.38489 1.39779 1.43328 1.46389 1.47097 1.50387 1.54446 1.5848 1.58441 1.61837 1.6436 1.65722 1.73794 1.73636 1.76436 1.76057 1.81119 1.85848 1.89364 1.92885 1.93391 1.9338 2.00269 2.00547 2.02753 2.09474 2.13522 2.18794 2.19572 
1.67395 1.52986 1.57135 1.54303 1.5193 1.47107 1.49022 1.42636 1.47257 1.4649 1.38994 1.41511 1.36981 1.33981 1.33338 1.30175 1.32011 1.3172 1.25589 1.27651 1.24121 1.24986 1.19052 1.18614 1.21023 1.17656 1.15632 1.13675 1.11849 1.11541 1.09905 1.09078 1.07162 1.06316 1.05329 1.04027 1.02262 1.01788 1.01174 1.00096 1.00052 0.99753 0.987903 0.990089 0.991567 0.985463 0.988556 0.9898 0.990789 0.994855 1 1.00662 1.01492 1.02517 1.03386 1.04302 1.05647 1.07344 1.07831 1.09728 1.1213 1.13901 1.15166 1.17282 1.19462 1.21284 1.22836 1.26371 1.29114 1.30552 1.32927 1.36566 1.37919 1.40508 1.42755 1.48509 1.47807 1.50854 1.54363 1.54915 1.6056 1.64776 1.64585 1.68202 1.70245 1.71937 1.76957 1.78607 1.82981 1.83037 1.91877 1.91399 1.95608 1.95282 1.9747 2.00937 2.04222 2.09895 2.11969 2.11503 2.14309 
1.65143 1.57137 1.534 1.52117 1.52317 1.51547 1.51795 1.53505 1.43927 1.44693 1.4002 1.3208 1.34628 1.38408 1.35213 1.35236 1.33757 1.28826 1.2789 1.23899 1.25422 1.20015 1.20891 1.1795 1.18122 1.13389 1.15359 1.14009 1.12348 1.09659 1.08352 1.07679 1.06309 1.06549 1.05711 1.04297 1.03551 1.01916 1.02396 1.00322 1.00266 0.992515 0.996436 0.983747 0.987739 0.991094 0.9873 0.987589 0.990306 0.9957 1 1.00648 1.01495 1.02268 1.03247 1.04443 1.0545 1.07414 1.0878 1.099 1.12317 1.13972 1.15348 1.18096 1.20146 1.21414 1.23087 1.2695 1.28216 1.31431 1.32115 1.35081 1.38862 1.40943 1.43391 1.42792 1.47627 1.49725 1.53479 1.57503 1.61383 1.60076 1.6409 1.67018 1.72082 1.7204 1.76181 1.82397 1.81999 1.84468 1.89093 1.9113 1.95067 1.97768 1.97884 2.00959 2.05037 2.09945 2.10861 2.16492 2.16634 
1.58402 1.5419 1.57897 1.53114 1.4425 1.4678 1.49027 1.48035 1.42909 1.41635 1.44943 1.39551 1.38098 1.37409 1.33819 1.32975 1.33788 1.30542 1.25923 1.25556 1.24644 1.24551 1.20819 1.15485 1.18244 1.13237 1.13358 1.12263 1.13662 1.10829 1.08763 1.06464 1.07447 1.04975 1.05218 1.03086 1.03261 1.01571 1.01915 1.00803 0.998586 0.997155 0.99246 0.990461 0.988996 0.984958 0.98792 0.984752 0.990335 0.994682 1 1.00604 1.01269 1.02381 1.03562 1.0489 1.05181 1.0716 1.08616 1.09576 1.11999 1.14394 1.15551 1.17706 1.20064 1.21115 1.24617 1.27743 1.27718 1.31314 1.33764 1.3739 1.38302 1.40598 1.43888 1.45661 1.48855 1.51298 1.53784 1.56317 1.60175 1.62666 1.66944 1.67078 1.69443 1.73747 1.75632 1.80729 1.83777 1.84295 1.86808 1.88829 1.94671 1.97244 1.98858 2.01536 2.0502 2.09134 2.15334 2.16324 2.15698 
1.59411 1.57925 1.59389 1.53064 1.53266 1.52004 1.45746 1.48428 1.51938 1.40058 1.40666 1.36024 1.37639 1.31413 1.34687 1.3369 1.28038 1.28702 1.2777 1.25132 1.26165 1.22338 1.19816 1.18311 1.17568 1.16966 1.15466 1.15416 1.13422 1.10476 1.0921 1.07289 1.07904 1.05409 1.04322 1.03601 1.04175 1.02341 1.01324 1.01563 1.00419 0.999083 0.994968 0.991076 0.986673 0.981573 0.986259 0.983824 0.989433 0.994623 1 1.00651 1.01336 1.0248 1.03068 1.04642 1.06399 1.06908 1.08089 1.10262 1.11891 1.1444 1.15591 1.17882 1.19436 1.21666 1.23985 1.26193 1.26748 1.30979 1.33398 1.35549 1.38111 1.40225 1.42596 1.45696 1.48294 1.50141 1.55639 1.55968 1.59554 1.62177 1.65463 1.67682 1.74072 1.7388 1.78065 1.80723 1.84133 1.84035 1.87503 1.91367 1.95725 1.97836 2.00536 2.04893 2.06071 2.08265 2.16411 2.14624 2.12537 
1.60481 1.55638 1.51601 1.51011 1.52597 1.50283 1.50389 1.46389 1.40232 1.40902 1.42442 1.35001 1.39041 1.34683 1.32017 1.30773 1.30245 1.26795 1.28524 1.27986 1.23474 1.19941 1.1884 1.19008 1.15291 1.14273 1.14243 1.12677 1.11557 1.11033 1.08277 1.0574 1.07459 1.05737 1.04536 1.03973 1.03645 1.0237 1.00945 1.01254 1.0052 0.995247 0.993597 0.986824 0.986383 0.985455 0.986619 0.986646 0.990068 0.994882 1 1.0071 1.01494 1.02462 1.02899 1.04448 1.05677 1.07292 1.0876 1.10145 1.12168 1.12981 1.15803 1.17542 1.19962 1.22018 1.23552 1.25069 1.28203 1.30681 1.34187 1.35667 1.37639 1.41845 1.4312 1.45722 1.5 1.52386 1.54373 1.57324 1.60063 1.62584 1.65669 1.68869 1.73633 1.7319 1.7572 1.77757 1.82817 1.84633 1.89348 1.90863 1.96625 1.95632 1.9886 2.03395 2.06645 2.06867 2.12542 2.14562 2.1978 
1.61084 1.61144 1.50972 1.53118 1.48009 1.50514 1.41951 1.44267 1.41255 1.41433 1.34701 1.38469 1.40488 1.36604 1.33212 1.33486 1.31812 1.32014 1.25471 1.27185 1.23334 1.22692 1.23722 1.16274 1.16539 1.13879 1.14047 1.11992 1.12257 1.09654 1.0851 1.09849 1.06733 1.07513 1.04855 1.0404 1.02728 1.02498 1.00308 1.0087 0.998122 0.989294 0.990835 0.981829 0.986228 0.981621 0.986776 0.988026 0.989916 0.994895 1 1.00618 1.01347 1.0245 1.03254 1.0472 1.06131 1.06825 1.09144 1.10253 1.12549 1.13702 1.16129 1.17967 1.20306 1.21748 1.24341 1.2589 1.27678 1.3186 1.33474 1.35903 1.40003 1.4062 1.43552 1.47187 1.48054 1.51348 1.52736 1.58192 1.59365 1.63278 1.64125 1.68991 1.69613 1.72409 1.7826 1.77303 1.81641 1.85492 1.88073 1.93125 1.96641 1.97042 2.00978 2.01856 2.08091 2.09148 2.15779 2.16188 2.18438 
1.57409 1.58415 1.53431 1.54368 1.49934 1.50206 1.44339 1.45995 1.44174 1.45362 1.37528 1.32067 1.38027 1.33443 1.37027 1.31368 1.30485 1.25492 1.23477 1.24589 1.20579 1.2152 1.22054 1.19107 1.17363 1.17352 1.14123 1.1233 1.08888 1.10164 1.09525 1.06962 1.05321 1.05398 1.05269 1.02856 1.02919 1.00831 1.01613 0.996257 1.0037 0.990336 0.988416 0.984713 0.98208 0.981554 0.987858 0.986818 0.990228 0.994626 1 1.00627 1.01396 1.02292 1.03438 1.04542 1.0556 1.07954 1.09389 1.10672 1.12159 1.14099 1.15215 1.17413 1.20835 1.20902 1.23679 1.26026 1.2921 1.31567 1.33594 1.3577 1.38433 1.40927 1.43418 1.46897 1.50142 1.51054 1.5521 1.59288 1.58594 1.63076 1.65318 1.70562 1.71199 1.72456 1.80343 1.81841 1.81095 1.84431 1.90145 1.86982 1.96494 1.97241 1.98415 2.03296 2.06522 2.08823 2.12973 2.16388 2.21618 
1.61099 1.57005 1.54899 1.4926 1.48524 1.4593 1.46877 1.47809 1.43531 1.44933 1.38306 1.33634 1.38403 1.36215 1.31795 1.31848 1.29215 1.30409 1.24145 1.25256 1.26572 1.21552 1.21673 1.20769 1.16614 1.14863 1.16801 1.10133 1.12888 1.09619 1.08072 1.05818 1.08602 1.05808 1.05088 1.03374 1.03321 1.02079 1.0047 1.00166 1.001 0.99149 0.99227 0.986347 0.986277 0.983861 0.984464 0.990473 0.990298 0.994302 1 1.00686 1.01533 1.02313 1.03363 1.04823 1.05932 1.07274 1.08704 1.10845 1.11628 1.13775 1.15734 1.18431 1.19549 1.22121 1.24081 1.27237 1.28917 1.30233 1.32708 1.3347 1.38264 1.40392 1.43877 1.45436 1.48346 1.53007 1.53982 1.58306 1.6063 1.64115 1.6484 1.69322 1.72475 1.73806 1.79487 1.79259 1.82062 1.88578 1.851 1.903 1.97248 1.97573 1.98967 2.0414 2.0729 2.10181 2.12446 2.17263 2.19832 
1.54837 1.55995 1.50682 1.51722 1.50828 1.48161 1.44619 1.41551 1.4268 1.40432 1.38238 1.36723 1.36465 1.38085 1.31168 1.2973 1.29476 1.25727 1.2405 1.24232 1.219 1.22037 1.22181 1.19528 1.16564 1.15986 1.13987 1.13846 1.12588 1.09201 1.09542 1.07604 1.06121 1.04773 1.03186 1.03364 1.02624 1.01805 1.00591 1.00407 0.985051 0.994844 0.985976 0.989162 0.98501 0.984576 0.985178 0.987868 0.991464 0.994266 1 1.00725 1.015 1.02439 1.03547 1.04573 1.06093 1.0738 1.08759 1.10704 1.11812 1.14025 1.16494 1.1711 1.19257 1.22398 1.23223 1.26326 1.28825 1.29887 1.3303 1.35886 1.38531 1.40802 1.45425 1.45995 1.47238 1.53082 1.53726 1.56305 1.59458 1.60282 1.66176 1.68108 1.73264 1.72922 1.76538 1.79901 1.8221 1.88741 1.85064 1.90221 1.93884 1.98752 2.01372 2.06044 2.05013 2.07115 2.16008 2.16128 2.20495 
1.58642 1.54989 1.52916 1.48797 1.51145 1.53752 1.49415 1.49024 1.38035 1.40341 1.37406 1.3842 1.30806 1.34633 1.34957 1.29444 1.24813 1.29348 1.26704 1.26522 1.22703 1.22103 1.21954 1.17578 1.14683 1.14378 1.14804 1.13456 1.09926 1.10007 1.07476 1.08266 1.04768 1.05785 1.04468 1.0277 1.02299 1.02089 1.00638 1.00256 1.00028 0.997864 0.985907 0.983413 0.982138 0.983483 0.981096 0.98496 0.990221 0.994537 1 1.00706 1.01575 1.02389 1.03454 1.04378 1.062 1.07103 1.08815 1.10038 1.12184 1.13393 1.15234 1.17818 1.20853 1.22781 1.2466 1.26055 1.2986 1.31148 1.33324 1.34339 1.37799 1.41827 1.4364 1.47728 1.49285 1.52303 1.56575 1.56389 1.59817 1.63398 1.65821 1.69614 1.73086 1.73619 1.76255 1.79502 1.83106 1.88223 1.87551 1.91514 1.95821 1.9868 2.00501 2.01904 2.0487 2.1077 2.11543 2.14536 2.21095 
1.54867 1.55059 1.46674 1.47333 1.4153 1.45877 1.44446 1.48909 1.40419 1.40727 1.36715 1.32711 1.30794 1.32508 1.30128 1.31603 1.28619 1.23946 1.22993 1.24071 1.25515 1.20887 1.21491 1.17398 1.1446 1.15209 1.13171 1.11228 1.10519 1.1183 1.09237 1.08681 1.04883 1.0497 1.03541 1.02857 1.01335 1.01589 1.01043 1.0027 0.996227 0.994638 0.992823 0.986497 0.981337 0.982728 0.980688 0.984785 0.989606 0.994353 1 1.00685 1.01405 1.02564 1.03705 1.0436 1.05851 1.07162 1.08598 1.10339 1.12519 1.1456 1.15671 1.18853 1.20544 1.22288 1.25482 1.26404 1.29964 1.3082 1.33627 1.35728 1.37515 1.41467 1.43288 1.47047 1.49949 1.52437 1.55094 1.58374 1.60612 1.63105 1.63617 1.67211 1.70978 1.76316 1.80135 1.77422 1.85746 1.86313 1.85706 1.91849 1.90948 2.01334 2.00748 2.03638 2.08304 2.11155 2.11779 2.1706 2.2152 
1.58397 1.50591 1.49611 1.50559 1.52109 1.48937 1.42606 1.43594 1.43616 1.43751 1.35974 1.40318 1.33604 1.33284 1.34054 1.32897 1.28933 1.24624 1.24728 1.25641 1.23043 1.20302 1.19953 1.18753 1.13997 1.1385 1.1374 1.13619 1.11125 1.08396 1.09 1.07854 1.05775 1.04918 1.03791 1.03155 1.02462 1.0188 1.0026 0.995356 0.992068 0.986031 0.989122 0.985127 0.984674 0.983041 0.985199 0.985631 0.990217 0.99446 1 1.00757 1.01511 1.02312 1.03379 1.04592 1.06122 1.07419 1.09315 1.1086 1.12899 1.1284 1.15565 1.18747 1.20097 1.22099 1.24371 1.26202 1.28828 1.31186 1.33971 1.38663 1.381 1.43248 1.46238 1.46559 1.49499 1.49559 1.54936 1.57449 1.59698 1.63871 1.6576 1.68657 1.72716 1.74447 1.75608 1.80357 1.8581 1.87271 1.92114 1.92789 1.95938 1.97718 2.02181 2.02882 2.10329 2.09918 2.11748 2.19307 2.21204 
1.58879 1.53361 1.52826 1.52882 1.50699 1.43828 1.39768 1.41554 1.41419 1.41156 1.36442 1.37515 1.36089 1.32165 1.29892 1.26554 1.24677 1.29431 1.27507 1.24535 1.22043 1.19341 1.18676 1.17956 1.15735 1.15588 1.10419 1.11099 1.10345 1.08699 1.09124 1.07356 1.0538 1.05894 1.04087 1.03163 1.02412 1.00342 1.00966 0.992921 0.986743 0.993316 0.988348 0.980267 0.984378 0.982731 0.984567 0.985487 0.98919 0.994073 1 1.00751 1.01619 1.02484 1.03644 1.04485 1.06195 1.07402 1.08912 1.10655 1.12528 1.1426 1.16231 1.18098 1.19673 1.21363 1.24352 1.2623 1.28835 1.31788 1.34684 1.36535 1.3866 1.41382 1.44437 1.45774 1.50491 1.52976 1.57175 1.56486 1.62882 1.63662 1.65562 1.7054 1.74405 1.74172 1.78885 1.78278 1.84322 1.8708 1.9012 1.92768 1.94568 1.98404 2.05099 2.07932 2.07166 2.11909 2.15529 2.17241 2.205 
1.6128 1.48384 1.57707 1.53633 1.49184 1.46635 1.48748 1.44043 1.47468 1.38762 1.40728 1.3869 1.27445 1.32238 1.33969 1.28274 1.28356 1.2635 1.20538 1.22412 1.22116 1.22326 1.19386 1.17598 1.14579 1.12402 1.1086 1.10317 1.11285 1.09605 1.06343 1.06096 1.0726 1.05828 1.05241 1.00563 1.01691 1.00581 1.01023 0.993206 1.00087 0.993418 0.991112 0.988486 0.984212 0.985853 0.984142 0.986764 0.989458 0.993689 1 1.0073 1.0164 1.02437 1.03409 1.04979 1.0582 1.07972 1.08778 1.1095 1.12696 1.14015 1.16447 1.17365 1.20411 1.22282 1.24113 1.26602 1.29489 1.30971 1.33348 1.36237 1.39741 1.42988 1.44412 1.47783 1.50291 1.52726 1.54774 1.57203 1.61349 1.65992 1.65444 1.67432 1.74768 1.72034 1.77365 1.80254 1.85494 1.86486 1.89454 1.92612 1.9588 2.00048 2.00197 2.03907 2.07378 2.1153 2.17042 2.14434 2.23807 
1.53718 1.50576 1.52971 1.50026 1.51639 1.46715 1.43186 1.40133 1.45196 1.38532 1.38591 1.36296 1.32076 1.32142 1.29865 1.32128 1.26866 1.29983 1.23003 1.23005 1.2284 1.17581 1.18084 1.13212 1.14713 1.1871 1.11662 1.10418 1.10059 1.10411 1.08753 1.0829 1.06017 1.0538 1.03909 1.02192 1.00485 1.01111 1.01132 1.00901 0.989165 0.997556 0.99071 0.987403 0.983669 0.979437 0.982419 0.986718 0.990273 0.99521 1 1.00736 1.01633 1.02597 1.03616 1.04837 1.05753 1.07776 1.0892 1.10636 1.1274 1.1466 1.16106 1.18701 1.20035 1.21035 1.24003 1.27576 1.2929 1.3011 1.34501 1.35884 1.40475 1.43196 1.43776 1.46315 1.505 1.52568 1.53668 1.55934 1.60243 1.63859 1.66373 1.68479 1.74283 1.72494 1.79076 1.79312 1.81692 1.85974 1.91111 1.92929 1.95666 1.97329 2.04698 2.02345 2.09125 2.09992 2.16493 2.15802 2.19094 
1.55398 1.56738 1.49945 1.50553 1.48479 1.47595 1.44272 1.43375 1.44264 1.32737 1.37038 1.35491 1.38029 1.35767 1.29524 1.30805 1.26931 1.24515 1.23387 1.22322 1.21595 1.20787 1.18058 1.19304 1.14904 1.13942 1.13479 1.11766 1.09642 1.10564 1.06479 1.05729 1.06869 1.03246 1.04164 1.02695 1.02333 1.01328 1.00901 0.993022 0.993226 0.990267 0.983513 0.980991 0.984536 0.98042 0.98304 0.986794 0.988229 0.994908 1 1.00694 1.01486 1.02583 1.03553 1.04928 1.06091 1.07506 1.08914 1.10964 1.12385 1.14107 1.161 1.18882 1.20598 1.22715 1.24409 1.2652 1.29654 1.32094 1.35194 1.37386 1.39407 1.43549 1.42153 1.47203 1.49857 1.5313 1.54202 1.57548 1.61445 1.64819 1.65383 1.68031 1.7241 1.74573 1.76245 1.81315 1.86562 1.87631 1.93224 1.95002 1.97545 1.95667 2.05162 2.05033 2.11394 2.14648 2.13515 2.18737 2.19607 
1.53374 1.50466 1.50754 1.51814 1.47516 1.49548 1.42894 1.44068 1.46015 1.38979 1.34126 1.35509 1.34691 1.33165 1.31011 1.29504 1.2442 1.27329 1.21426 1.24482 1.19152 1.20446 1.20837 1.18218 1.15155 1.14564 1.12382 1.09475 1.10392 1.10169 1.07896 1.06186 1.06162 1.04998 1.0414 1.02142 1.03676 1.01168 1.01993 1.00053 1.00009 0.988062 0.990606 0.97978 0.985518 0.982185 0.985079 0.985796 0.989485 0.993951 1 1.00651 1.01542 1.02502 1.03696 1.04896 1.0612 1.07415 1.09303 1.11305 1.12318 1.14606 1.1695 1.18317 1.20361 1.21937 1.24794 1.27779 1.29696 1.31489 1.35092 1.35719 1.39026 1.40641 1.44609 1.49619 1.50763 1.53857 1.54709 1.60926 1.61679 1.64437 1.68357 1.70008 1.72797 1.73841 1.75116 1.81805 1.82758 1.84237 1.91202 1.93515 1.95296 1.98331 2.02155 2.06786 2.10954 2.11976 2.14645 2.1883 2.17296 
1.59024 1.51725 1.51576 1.5342 1.53202 1.47868 1.41527 1.41146 1.40317 1.37031 1.35249 1.3247 1.32647 1.35011 1.30834 1.2891 1.30412 1.24623 1.20772 1.22674 1.24004 1.20534 1.18486 1.16429 1.1626 1.14618 1.13144 1.11061 1.08055 1.10531 1.09237 1.06209 1.04449 1.04588 1.03352 1.02267 1.00631 1.01796 1.00838 0.99516 0.989036 0.987329 0.985056 0.980451 0.982071 0.979722 0.98087 0.986507 0.99128 0.993941 1 1.00723 1.01566 1.02552 1.03578 1.04537 1.06054 1.08083 1.09414 1.11127 1.12651 1.14228 1.16387 1.19002 1.20053 1.23335 1.26026 1.27534 1.29613 1.31705 1.3568 1.36373 1.37543 1.43413 1.44321 1.46066 1.48242 1.52219 1.55798 1.58039 1.6136 1.6531 1.65883 1.70484 1.73457 1.75397 1.78962 1.82023 1.85429 1.88852 1.92372 1.92495 1.98241 2.00947 2.01022 2.03631 2.10886 2.10089 2.11836 2.19345 2.18096 
1.55197 1.55784 1.50635 1.4986 1.46556 1.49129 1.42793 1.39478 1.37745 1.38686 1.34078 1.3181 1.36872 1.35184 1.28675 1.32102 1.30564 1.28231 1.2396 1.22633 1.22006 1.2032 1.21081 1.18341 1.16507 1.13 1.12785 1.12071 1.11391 1.07777 1.06804 1.06592 1.06047 1.05695 1.04596 1.03401 1.02203 1.00552 0.997609 0.996464 0.991476 0.983282 0.980251 0.984262 0.984846 0.981743 0.985729 0.984249 0.987915 0.993646 1 1.00724 1.01595 1.02656 1.03724 1.04863 1.05938 1.07905 1.0912 1.11185 1.12561 1.14792 1.16561 1.18709 1.21352 1.22365 1.25778 1.2729 1.29567 1.32539 1.3439 1.36655 1.38681 1.41089 1.44459 1.47451 1.51369 1.54857 1.5548 1.55814 1.62211 1.66869 1.65864 1.68845 1.73804 1.77006 1.7339 1.80475 1.8312 1.87944 1.90108 1.90191 1.97822 1.97159 2.03641 2.04592 2.09108 2.12105 2.1395 2.15779 2.16072 
1.57434 1.52172 1.52823 1.45273 1.47489 1.47632 1.45937 1.43579 1.48621 1.40616 1.40982 1.35002 1.37403 1.32408 1.31098 1.3115 1.28341 1.25142 1.22302 1.23812 1.22957 1.2209 1.17422 1.18813 1.13851 1.12589 1.13148 1.1243 1.09871 1.08237 1.06827 1.07157 1.06091 1.04049 1.03737 1.0216 1.00718 1.01629 1.00439 0.996911 0.998392 0.988528 0.984093 0.980901 0.981854 0.982659 0.983143 0.985516 0.989325 0.994004 1 1.00714 1.01474 1.02252 1.03661 1.04882 1.06661 1.08024 1.09252 1.11527 1.1237 1.15067 1.16509 1.18176 1.20496 1.22297 1.23567 1.2796 1.29567 1.32478 1.34458 1.38286 1.39893 1.43086 1.43297 1.4783 1.49858 1.54722 1.55617 1.57739 1.59137 1.66582 1.65596 1.71326 1.70581 1.76386 1.80505 1.80196 1.84264 1.85182 1.9021 1.9515 1.98133 2.00314 2.04855 2.05705 2.09663 2.11962 2.17783 2.15203 2.19196 
1.51255 1.56947 1.55563 1.45567 1.45108 1.43112 1.45523 1.42183 1.42265 1.30935 1.33973 1.32788 1.3356 1.3055 1.29061 1.29548 1.30979 1.22847 1.24911 1.21397 1.22726 1.16727 1.18886 1.1427 1.13663 1.16008 1.11321 1.10112 1.0862 1.08164 1.08498 1.05316 1.06182 1.04021 1.03672 1.02078 1.01165 1.01584 1.00069 1.00355 0.995388 0.990351 0.984529 0.975086 0.983426 0.980746 0.981666 0.986173 0.987207 0.992885 1 1.00672 1.01656 1.02642 1.03645 1.04972 1.05958 1.07514 1.09256 1.11029 1.13062 1.14801 1.16611 1.1882 1.201 1.22453 1.24837 1.26872 1.2856 1.32182 1.34452 1.3805 1.41161 1.41825 1.4418 1.49064 1.48908 1.51959 1.57459 1.58332 1.63619 1.6438 1.66942 1.70619 1.73603 1.74759 1.75524 1.82626 1.8472 1.86624 1.90436 1.94247 1.96486 1.97837 2.02416 2.07509 2.11505 2.12863 2.14053 2.20272 2.2396 
1.56274 1.55542 1.53383 1.49547 1.51688 1.48427 1.41055 1.40869 1.44244 1.42104 1.42451 1.31894 1.32256 1.33419 1.32092 1.263 1.28065 1.23248 1.28687 1.21709 1.23052 1.21001 1.17664 1.17127 1.14474 1.15092 1.12464 1.11127 1.09226 1.07891 1.08481 1.05253 1.0503 1.03921 1.04361 1.01151 1.03017 1.01065 1.00204 1.00243 0.992091 0.990612 0.984132 0.983332 0.980504 0.984098 0.979237 0.98631 0.98877 0.993743 1 1.00753 1.01572 1.02577 1.0374 1.04804 1.0629 1.07893 1.09236 1.10582 1.13301 1.14509 1.15844 1.1945 1.20635 1.2395 1.24788 1.28568 1.30329 1.31944 1.34891 1.38486 1.39185 1.405 1.46939 1.49626 1.52245 1.52839 1.53867 1.58995 1.60125 1.64612 1.66155 1.70025 1.73457 1.76809 1.81019 1.82286 1.8567 1.87886 1.88817 1.92844 1.97995 2.00531 2.05581 2.02679 2.07172 2.13384 2.15946 2.19728 2.23859 
1.58721 1.52998 1.53072 1.52999 1.47973 1.47481 1.4556 1.42536 1.37812 1.40227 1.33754 1.32846 1.32356 1.33472 1.3324 1.25383 1.26339 1.23965 1.26991 1.22118 1.21425 1.21471 1.18588 1.1818 1.13297 1.13108 1.1261 1.10532 1.09779 1.07768 1.08058 1.07763 1.0708 1.03863 1.04492 1.02859 1.015 1.01235 1.00233 0.998098 0.991485 0.990814 0.983944 0.978574 0.978361 0.975633 0.985532 0.986261 0.987735 0.993396 1 1.00753 1.01549 1.02707 1.03602 1.05141 1.05766 1.07818 1.08794 1.11265 1.1237 1.15343 1.15765 1.19639 1.20186 1.23544 1.2523 1.2656 1.29087 1.32564 1.33634 1.38315 1.40506 1.41272 1.45839 1.48559 1.4813 1.5264 1.56192 1.57865 1.5961 1.61862 1.66824 1.71509 1.74618 1.75129 1.79227 1.80891 1.86675 1.90766 1.89738 1.94452 1.96198 1.97964 2.03312 2.08339 2.08283 2.10764 2.19492 2.2036 2.20439 
1.53806 1.52526 1.46849 1.48583 1.46688 1.456 1.49309 1.43059 1.3547 1.38476 1.32678 1.35815 1.38275 1.30773 1.28503 1.27846 1.26298 1.22732 1.2359 1.24647 1.18901 1.19912 1.19335 1.15815 1.14953 1.14257 1.11036 1.11796 1.10886 1.07938 1.06453 1.0624 1.03908 1.03292 1.03761 1.03372 1.00984 1.01374 1.00627 0.997704 0.996449 0.983412 0.989897 0.981403 0.978801 0.983071 0.981293 0.983642 0.987492 0.994005 1 1.00714 1.01667 1.02645 1.038 1.05091 1.06385 1.08166 1.0939 1.1065 1.12847 1.13921 1.17119 1.18389 1.20897 1.23454 1.25012 1.28457 1.29601 1.31933 1.36142 1.3785 1.40522 1.42904 1.44717 1.47791 1.52733 1.5359 1.54785 1.58949 1.62691 1.64589 1.68186 1.70236 1.74441 1.74067 1.79158 1.80418 1.84924 1.85332 1.89736 1.94312 1.99049 2.01664 2.03791 2.06075 2.07001 2.14507 2.12599 2.18748 2.22282 
1.53713 1.51162 1.49777 1.478 1.45526 1.46806 1.47387 1.46393 1.40256 1.39902 1.39923 1.34128 1.39854 1.34359 1.29343 1.27907 1.25872 1.28061 1.22912 1.23127 1.22182 1.18752 1.19758 1.15874 1.14384 1.1597 1.12576 1.12466 1.10968 1.09402 1.07871 1.07639 1.04723 1.03587 1.02864 1.03332 1.00622 1.00703 1.00197 0.994325 0.989023 0.995658 0.983402 0.981377 0.97994 0.981939 0.984196 0.984875 0.987676 0.993709 1 1.00724 1.01676 1.02667 1.03776 1.05228 1.06132 1.07565 1.085 1.11193 1.12308 1.15228 1.17507 1.18078 1.21016 1.23385 1.25244 1.2756 1.29972 1.32626 1.37012 1.37485 1.40547 1.41547 1.44337 1.47888 1.51792 1.53765 1.5494 1.60527 1.62991 1.66628 1.65372 1.71172 1.74006 1.7712 1.80174 1.8118 1.85611 1.8971 1.92689 1.93693 1.96815 1.99636 2.02112 2.04485 2.11082 2.13099 2.17907 2.18709 2.25254 
1.50735 1.53193 1.48609 1.44664 1.49782 1.43835 1.46395 1.36994 1.40005 1.39146 1.35902 1.39509 1.3593 1.29945 1.29296 1.25627 1.28096 1.26428 1.24456 1.23705 1.19439 1.17431 1.19021 1.17392 1.14336 1.12928 1.12181 1.12124 1.09689 1.10643 1.05924 1.05629 1.05328 1.02906 1.01983 1.026 1.02514 1.00788 1.00502 0.989299 0.988409 0.992319 0.980081 0.980484 0.977509 0.982037 0.983361 0.984501 0.988676 0.993386 1 1.00704 1.01485 1.0267 1.03708 1.04913 1.0634 1.08009 1.08875 1.11191 1.1288 1.14531 1.16628 1.18415 1.20695 1.22322 1.24341 1.27732 1.29493 1.32804 1.3483 1.38078 1.40218 1.43306 1.46334 1.49408 1.49994 1.54821 1.55902 1.57 1.6181 1.6609 1.6928 1.71312 1.74448 1.76507 1.8046 1.82569 1.84529 1.91152 1.90701 1.95232 1.9693 2.01827 2.04363 2.06405 2.08482 2.1306 2.18322 2.18702 2.26219 
1.5826 1.50688 1.53132 1.48396 1.46643 1.4436 1.40284 1.45705 1.39539 1.38087 1.41357 1.30849 1.34493 1.30162 1.32491 1.29653 1.2956 1.26056 1.22638 1.23592 1.22249 1.22269 1.16445 1.18064 1.16789 1.15448 1.14264 1.11358 1.11733 1.09273 1.06887 1.06351 1.0538 1.0349 1.01986 1.02866 1.01533 1.00441 1.0009 0.995774 0.993597 0.987779 0.98597 0.984681 0.98112 0.981253 0.982515 0.982148 0.988357 0.993711 1 1.00756 1.01487 1.02758 1.03588 1.04927 1.06628 1.07807 1.09902 1.10807 1.13113 1.14203 1.16613 1.19096 1.21533 1.23388 1.2451 1.27734 1.29801 1.3232 1.34093 1.3822 1.41911 1.43264 1.46394 1.49044 1.52182 1.53289 1.5616 1.5864 1.59216 1.64994 1.68349 1.7241 1.73925 1.75564 1.81047 1.839 1.85723 1.8993 1.9096 1.94788 2.01542 2.02053 2.01685 2.08957 2.09661 2.14968 2.15398 2.20108 2.25283 
1.53399 1.51093 1.47599 1.45238 1.45708 1.41022 1.44402 1.41786 1.40016 1.38088 1.37203 1.32879 1.29725 1.28647 1.29027 1.29105 1.27712 1.2635 1.26899 1.24584 1.21037 1.17908 1.22098 1.17701 1.16208 1.14989 1.10952 1.09072 1.11085 1.08051 1.09518 1.06693 1.05235 1.03707 1.04084 1.01784 1.01238 1.00672 0.995515 0.990952 0.989849 0.983241 0.988762 0.978291 0.982104 0.980063 0.980571 0.986777 0.989174 0.994172 1 1.00825 1.01747 1.02741 1.03427 1.04971 1.06383 1.07908 1.09455 1.10637 1.12717 1.14892 1.15779 1.1855 1.20549 1.22635 1.24588 1.26101 1.30374 1.3203 1.35162 1.36681 1.39432 1.4244 1.46665 1.49273 1.51413 1.55793 1.56337 1.62258 1.63978 1.66224 1.6566 1.71625 1.73173 1.7588 1.81543 1.79721 1.85249 1.90735 1.94378 1.95282 1.95254 1.99505 2.07949 2.06168 2.09539 2.12197 2.18021 2.19038 2.22073 
1.55235 1.4739 1.50695 1.50493 1.48999 1.39855 1.41416 1.38381 1.41991 1.39555 1.39252 1.34125 1.33085 1.32021 1.31168 1.27273 1.25314 1.25775 1.25313 1.2115 1.17449 1.18917 1.18366 1.17882 1.13465 1.13229 1.11933 1.11388 1.08755 1.0842 1.07703 1.07601 1.06015 1.04603 1.03409 1.02367 1.02204 1.01733 0.990633 0.989628 0.991414 0.990913 0.983332 0.980913 0.974845 0.980679 0.982917 0.984994 0.988753 0.993897 1 1.00755 1.01687 1.02526 1.03796 1.05076 1.06498 1.0801 1.0938 1.11022 1.12602 1.15397 1.1614 1.18448 1.20974 1.22002 1.25333 1.28095 1.30565 1.32081 1.34837 1.37171 1.40729 1.41236 1.45414 1.47892 1.51675 1.53602 1.58524 1.59071 1.63612 1.69497 1.66819 1.70992 1.7484 1.75994 1.80956 1.84288 1.8498 1.88743 1.945 1.93106 1.97816 2.00998 2.06781 2.10667 2.12383 2.13403 2.16923 2.19255 2.1953 
1.52825 1.52076 1.49891 1.46918 1.45599 1.50599 1.40183 1.40907 1.36812 1.41172 1.33522 1.36098 1.32313 1.29107 1.32238 1.29953 1.26365 1.26062 1.22943 1.23069 1.20848 1.18892 1.1754 1.15908 1.16251 1.1417 1.13233 1.12612 1.08759 1.07126 1.07671 1.04826 1.05691 1.04972 1.03328 1.03236 1.02721 1.01022 1.00457 0.996155 0.989596 0.991671 0.979298 0.98476 0.984476 0.983273 0.985477 0.98493 0.987642 0.994415 1 1.00763 1.01592 1.02423 1.03668 1.04763 1.06126 1.07949 1.09702 1.11169 1.13018 1.15036 1.16341 1.19069 1.21235 1.23629 1.25089 1.27475 1.29247 1.33523 1.36187 1.3827 1.40695 1.42606 1.46206 1.47795 1.51155 1.5367 1.58713 1.60177 1.62411 1.66184 1.71229 1.71746 1.76717 1.77306 1.78811 1.82747 1.86993 1.90026 1.91487 1.95408 2.01344 2.03219 2.00687 2.0824 2.14364 2.14285 2.15647 2.23247 2.23986 
1.50299 1.50028 1.50902 1.47058 1.46122 1.42654 1.45414 1.39455 1.45557 1.33959 1.42666 1.31989 1.3475 1.32174 1.29019 1.26105 1.26298 1.26825 1.24707 1.20901 1.1925 1.20397 1.21566 1.16189 1.16362 1.1306 1.13056 1.12801 1.10288 1.08267 1.06535 1.06721 1.0429 1.05236 1.0217 1.02436 1.01991 1.00919 0.997538 0.994222 0.988214 0.989196 0.992739 0.981731 0.981222 0.978596 0.979253 0.984848 0.989126 0.993185 1 1.0083 1.0169 1.02813 1.03951 1.04867 1.0657 1.08185 1.09437 1.10683 1.13346 1.14594 1.16808 1.18761 1.2098 1.22619 1.25837 1.27195 1.31757 1.33466 1.34724 1.37431 1.41345 1.41723 1.46213 1.48031 1.53468 1.53586 1.55097 1.59832 1.65265 1.66783 1.69069 1.69217 1.72797 1.80016 1.81019 1.81766 1.85792 1.88931 1.93442 1.94236 1.98513 2.02443 2.06112 2.03321 2.11408 2.11677 2.14408 2.20846 2.25142 
1.59717 1.49049 1.44084 1.52081 1.52353 1.4373 1.4426 1.40433 1.39391 1.39949 1.36971 1.32604 1.33831 1.31887 1.27268 1.29589 1.29387 1.24611 1.22294 1.20686 1.20457 1.19363 1.17453 1.1821 1.14659 1.12394 1.12417 1.12849 1.09364 1.08237 1.06867 1.04989 1.05531 1.04445 1.04898 1.04007 1.03209 1.00103 0.995805 0.999455 0.992133 0.988991 0.982578 0.980953 0.97796 0.984026 0.976352 0.984497 0.987892 0.992784 1 1.00806 1.01621 1.02663 1.03776 1.0519 1.06506 1.0831 1.09583 1.11436 1.12536 1.14807 1.16803 1.19553 1.21164 1.22958 1.25056 1.2728 1.29398 1.32435 1.35601 1.38025 1.40139 1.45105 1.46575 1.48735 1.4981 1.54706 1.56878 1.58816 1.60752 1.66061 1.70155 1.70622 1.73544 1.7571 1.79989 1.81453 1.89766 1.89062 1.896 1.98928 1.99621 2.01198 2.0228 2.09328 2.12217 2.1358 2.13385 2.20644 2.26446 
1.53323 1.505 1.57338 1.47692 1.43591 1.46183 1.42558 1.41725 1.4366 1.3934 1.40257 1.35737 1.3178 1.32143 1.32376 1.3048 1.25447 1.27495 1.24251 1.21986 1.21483 1.20055 1.19536 1.15487 1.13067 1.12998 1.13141 1.12259 1.10557 1.09174 1.08414 1.05179 1.06972 1.0289 1.03012 1.01883 1.01614 0.999221 0.996441 0.984869 0.987266 0.989832 0.985803 0.982243 0.977879 0.981371 0.984278 0.985414 0.986989 0.994176 1 1.0082 1.01798 1.02713 1.03853 1.05166 1.06409 1.07358 1.09783 1.11217 1.13256 1.15179 1.17051 1.19478 1.21837 1.22644 1.2496 1.27738 1.30553 1.31272 1.34173 1.38181 1.40855 1.42222 1.44622 1.47646 1.50544 1.53376 1.56864 1.61292 1.634 1.68046 1.68716 1.70327 1.74084 1.77564 1.79479 1.79966 1.85997 1.8822 1.92713 1.96167 2.0202 2.05285 2.03422 2.11426 2.09642 2.13208 2.16887 2.20602 2.24018 
1.5322 1.54832 1.497 1.50637 1.45995 1.47619 1.47694 1.3959 1.39428 1.38017 1.32199 1.34754 1.31148 1.31159 1.29792 1.30385 1.32308 1.25048 1.29429 1.20532 1.19999 1.19745 1.16726 1.14821 1.15468 1.13209 1.13074 1.12002 1.11111 1.07878 1.09514 1.07352 1.0408 1.04196 1.03164 1.0287 1.00945 1.00168 0.999767 0.995953 0.986174 0.991714 0.983773 0.987219 0.980889 0.977879 0.981124 0.982881 0.987291 0.993917 1 1.0076 1.016 1.02414 1.0375 1.04913 1.06188 1.07749 1.08928 1.1094 1.12905 1.15028 1.17345 1.19216 1.21514 1.23309 1.24762 1.28505 1.30753 1.32949 1.35062 1.37206 1.4147 1.42874 1.45414 1.49924 1.50416 1.52018 1.57397 1.60969 1.61083 1.6719 1.68635 1.72468 1.73669 1.76538 1.78678 1.84433 1.8516 1.90417 1.94961 1.97029 1.99116 2.00197 2.05216 2.08961 2.11061 2.15038 2.20133 2.21692 2.24327 
1.54936 1.50356 1.51164 1.53665 1.4552 1.43477 1.41983 1.37176 1.39085 1.39324 1.3549 1.37731 1.37668 1.30145 1.30295 1.27534 1.25035 1.24562 1.23196 1.23812 1.14381 1.20829 1.16406 1.15369 1.16211 1.1204 1.13705 1.12933 1.10008 1.08883 1.07053 1.07087 1.0554 1.04358 1.02969 1.0218 1.01762 1.00691 1.00426 0.990291 0.994504 0.988732 0.983196 0.979551 0.978178 0.982013 0.982632 0.986375 0.988772 0.993405 1 1.00706 1.01593 1.02765 1.03821 1.05146 1.06436 1.0774 1.09958 1.11557 1.1245 1.14509 1.17022 1.18971 1.21209 1.23486 1.27024 1.29002 1.30454 1.31666 1.35051 1.37855 1.4168 1.43543 1.48214 1.49028 1.52824 1.55324 1.56509 1.62323 1.60929 1.65023 1.69072 1.69909 1.75899 1.77559 1.821 1.85435 1.84783 1.92433 1.90859 1.93652 1.98746 1.99961 2.03508 2.05605 2.12481 2.14941 2.17576 2.16669 2.21328 
1.54583 1.54196 1.49206 1.51294 1.40631 1.42822 1.4036 1.47472 1.41725 1.39112 1.40325 1.38004 1.32058 1.32404 1.30793 1.29323 1.25832 1.22313 1.22397 1.22039 1.22354 1.18449 1.18147 1.15573 1.12385 1.13602 1.13522 1.11194 1.09903 1.07904 1.0716 1.0438 1.05302 1.05049 1.02908 1.02532 1.01647 1.01901 1.00479 0.9968 0.987078 0.983326 0.988104 0.981776 0.978128 0.97849 0.982034 0.982994 0.988848 0.994016 1 1.00802 1.01763 1.02726 1.03734 1.05081 1.06414 1.08335 1.08837 1.11241 1.13351 1.14994 1.16776 1.19909 1.20944 1.2433 1.26174 1.28323 1.31202 1.33786 1.35101 1.37573 1.42072 1.42513 1.46774 1.47965 1.50637 1.53441 1.58495 1.5932 1.61543 1.65321 1.691 1.72635 1.72137 1.78336 1.80084 1.82246 1.8859 1.89303 1.91595 1.93431 1.98154 2.03808 2.09075 2.07605 2.15117 2.15118 2.16034 2.21506 2.22411 
1.54907 1.50193 1.48036 1.55221 1.48491 1.4809 1.36427 1.45576 1.39716 1.40215 1.36647 1.34197 1.31945 1.29774 1.31014 1.31222 1.26687 1.2493 1.22066 1.2428 1.23764 1.21417 1.1904 1.15011 1.1658 1.12626 1.12389 1.10522 1.09398 1.09548 1.06544 1.07205 1.0623 1.03345 1.03576 1.02924 1.01047 1.01835 1.00633 0.988716 0.996866 0.992528 0.983351 0.983318 0.980589 0.980494 0.981336 0.984261 0.989349 0.993081 1 1.0078 1.01517 1.02626 1.03544 1.0494 1.06777 1.07988 1.09364 1.11802 1.12544 1.146 1.17205 1.19684 1.21716 1.22891 1.2588 1.27248 1.3088 1.32451 1.35995 1.38755 1.40535 1.44412 1.45476 1.49138 1.52546 1.55659 1.58239 1.6007 1.63561 1.65454 1.69977 1.71468 1.73015 1.77345 1.815 1.8358 1.85951 1.90591 1.95571 1.9799 1.99284 2.03446 2.02992 2.09416 2.13758 2.12026 2.21223 2.21003 2.20223 
1.56021 1.54963 1.5063 1.50744 1.48328 1.4425 1.407 1.40863 1.43802 1.38114 1.38403 1.34453 1.29235 1.33966 1.2928 1.29803 1.28307 1.27828 1.22803 1.2282 1.19829 1.22984 1.18215 1.15863 1.14519 1.10776 1.1047 1.10717 1.07931 1.08438 1.06671 1.05315 1.04807 1.04637 1.03741 1.02235 1.01624 1.00675 0.999053 0.997824 0.986135 0.988711 0.976399 0.980987 0.976097 0.982072 0.980985 0.985245 0.986286 0.99303 1 1.00752 1.015 1.02947 1.03963 1.04839 1.06458 1.08043 1.09441 1.12038 1.13252 1.15371 1.16378 1.19732 1.21223 1.23101 1.26918 1.28983 1.3109 1.33491 1.35401 1.36868 1.40788 1.43454 1.46155 1.49362 1.52634 1.55342 1.56855 1.58369 1.64052 1.68282 1.69129 1.6898 1.74039 1.77699 1.79447 1.82281 1.86468 1.88427 1.94136 1.9805 2.00139 2.03953 2.0641 2.11167 2.10113 2.16933 2.17535 2.26066 2.24353 
1.55704 1.5165 1.55018 1.46741 1.45164 1.439 1.42275 1.43162 1.37212 1.39222 1.36773 1.33572 1.29444 1.35296 1.33357 1.30259 1.26937 1.27104 1.24023 1.20723 1.18925 1.20795 1.20445 1.1357 1.1662 1.13772 1.13119 1.11014 1.0923 1.08483 1.07444 1.04922 1.03971 1.04611 1.03095 1.0229 1.01073 1.01364 1.00719 0.992687 0.985742 0.987907 0.985104 0.984887 0.977771 0.983845 0.98202 0.984621 0.989267 0.993764 1 1.00793 1.01714 1.02805 1.039 1.05082 1.06638 1.08069 1.09669 1.11239 1.13367 1.14379 1.17019 1.19147 1.21761 1.22869 1.2545 1.27994 1.32463 1.31847 1.34914 1.38912 1.40463 1.42985 1.46938 1.50299 1.50577 1.56035 1.58529 1.61011 1.62328 1.67071 1.69422 1.7174 1.75108 1.77972 1.81246 1.83115 1.84257 1.89872 1.95531 1.9392 1.99803 2.01882 2.06366 2.04388 2.13055 2.14965 2.19217 2.20326 2.26097 
1.53145 1.52195 1.52551 1.49333 1.47681 1.45632 1.41289 1.41602 1.39623 1.3887 1.37842 1.34832 1.33231 1.30452 1.29049 1.30254 1.26403 1.26282 1.25323 1.19792 1.18796 1.18069 1.18348 1.19131 1.15188 1.11346 1.12863 1.10371 1.09204 1.08114 1.0758 1.07076 1.06346 1.03462 1.04026 1.02772 1.00889 1.01144 1.00718 0.99262 0.992111 0.979965 0.983684 0.979956 0.98003 0.979975 0.986183 0.986173 0.989434 0.993097 1 1.00704 1.01685 1.02932 1.03615 1.05366 1.06388 1.07564 1.09408 1.10752 1.13307 1.15337 1.16894 1.19114 1.21576 1.2437 1.26334 1.28187 1.30471 1.34151 1.35664 1.38701 1.40294 1.44469 1.48173 1.50055 1.52551 1.54039 1.58605 1.5935 1.6344 1.64682 1.68485 1.72484 1.75938 1.791 1.80628 1.83859 1.86633 1.88865 1.90782 1.9728 1.98936 2.03522 2.08018 2.07095 2.09397 2.15814 2.19823 2.20626 2.25155 
1.52796 1.50175 1.51277 1.47565 1.53303 1.46913 1.4527 1.37791 1.35061 1.34481 1.3468 1.33927 1.34046 1.3406 1.28013 1.27089 1.25796 1.24498 1.23296 1.23031 1.22283 1.18137 1.15961 1.15731 1.15644 1.11832 1.13091 1.10248 1.08264 1.08996 1.07082 1.08597 1.04304 1.04717 1.03538 1.02341 1.0265 1.00294 1.00429 0.9974 0.988676 0.982206 0.982816 0.980554 0.977682 0.979657 0.982268 0.984997 0.988032 0.993871 1 1.00765 1.01799 1.02685 1.04106 1.05345 1.06573 1.08165 1.09808 1.11179 1.13445 1.15003 1.16817 1.19467 1.21447 1.23945 1.25508 1.29217 1.31228 1.32896 1.35108 1.38273 1.42399 1.44391 1.44938 1.50368 1.53074 1.5385 1.57435 1.5947 1.651 1.65663 1.6765 1.70855 1.77984 1.8127 1.82368 1.85501 1.87438 1.86623 1.93395 1.98495 1.98165 2.04563 2.05381 2.1217 2.11033 2.10232 2.19742 2.25703 2.27871 
1.55186 1.51195 1.46358 1.44657 1.49774 1.49004 1.43939 1.42233 1.39508 1.35632 1.34879 1.34358 1.32366 1.31794 1.31104 1.26949 1.28225 1.26415 1.25644 1.18975 1.21474 1.20362 1.19638 1.13592 1.16774 1.12527 1.10914 1.09556 1.09157 1.07589 1.07799 1.07036 1.04264 1.03181 1.02839 1.01459 1.01769 1.00584 1.00087 0.99003 0.992611 0.985249 0.980788 0.981787 0.979499 0.978776 0.979992 0.983372 0.989491 0.993547 1 1.00731 1.01766 1.0268 1.03597 1.05204 1.06845 1.07553 1.09854 1.11511 1.13202 1.15588 1.17197 1.19538 1.21088 1.23186 1.25698 1.28476 1.31852 1.33694 1.36394 1.38523 1.40245 1.44275 1.47995 1.47731 1.54188 1.54461 1.5829 1.63431 1.61708 1.7043 1.69521 1.70875 1.75883 1.79166 1.80961 1.83709 1.89094 1.8881 1.92578 1.98199 1.96227 2.06951 2.03867 2.11911 2.13312 2.15565 2.16329 2.20823 2.27091 
1.55688 1.49354 1.50267 1.46766 1.44572 1.4803 1.46563 1.41791 1.45115 1.36464 1.32591 1.35282 1.33815 1.30621 1.29317 1.326 1.2237 1.26483 1.25148 1.20698 1.19538 1.17505 1.16387 1.17667 1.14927 1.14431 1.13705 1.11192 1.09493 1.08985 1.08966 1.05175 1.05453 1.03543 1.03632 1.01887 1.0111 1.01598 1.003 0.98827 0.989 0.987508 0.980287 0.979599 0.980008 0.97749 0.981088 0.986504 0.986822 0.993386 1 1.00786 1.01545 1.02774 1.03497 1.05219 1.06945 1.08201 1.09842 1.1123 1.137 1.1532 1.16964 1.18923 1.21823 1.23482 1.25873 1.28428 1.3142 1.33798 1.35806 1.39283 1.41916 1.43969 1.447 1.48723 1.52321 1.53459 1.5856 1.63303 1.64084 1.66405 1.69939 1.71406 1.78433 1.80006 1.82573 1.84284 1.85833 1.92671 1.94384 1.96365 1.98103 2.02832 2.11877 2.04573 2.10746 2.17496 2.16867 2.23714 2.24384 
1.60485 1.47631 1.45399 1.49902 1.4469 1.43912 1.43955 1.43201 1.39227 1.3748 1.35233 1.35484 1.32847 1.32772 1.27187 1.28913 1.32995 1.29841 1.23428 1.20833 1.21323 1.21155 1.16217 1.14512 1.16414 1.15045 1.14944 1.11547 1.09402 1.0891 1.07567 1.07471 1.04439 1.04821 1.03215 1.01935 1.00775 1.00315 1.00402 0.990779 0.988556 0.981999 0.977992 0.976464 0.97573 0.982779 0.984377 0.983181 0.986231 0.993081 1 1.00742 1.01815 1.02828 1.03978 1.05226 1.06965 1.07503 1.09456 1.1111 1.12642 1.15147 1.17106 1.18859 1.2148 1.22585 1.26151 1.27811 1.31731 1.34301 1.36073 1.37608 1.42437 1.41239 1.45827 1.49518 1.50707 1.54262 1.59571 1.60276 1.6264 1.65965 1.70468 1.70037 1.7499 1.80294 1.79809 1.85421 1.87474 1.88403 1.91598 1.97816 1.98708 2.02005 2.07202 2.05872 2.14471 2.1572 2.15749 2.20508 2.25672 
1.55214 1.52126 1.50808 1.49993 1.48666 1.4083 1.43871 1.48303 1.39066 1.37895 1.34617 1.3641 1.35026 1.32789 1.29245 1.282 1.26916 1.24179 1.26336 1.21595 1.19306 1.19251 1.18802 1.16583 1.15303 1.12368 1.14742 1.10634 1.08937 1.0757 1.07474 1.05622 1.04771 1.03449 1.03504 1.01681 1.02439 1.00197 1.00902 0.995372 0.995783 0.993363 0.986309 0.978515 0.978658 0.982095 0.981407 0.983499 0.987145 0.993756 1 1.0077 1.01808 1.02688 1.03509 1.0484 1.06986 1.07983 1.0972 1.11551 1.12975 1.15443 1.1764 1.19795 1.20894 1.24008 1.25391 1.28689 1.31251 1.34694 1.36804 1.38086 1.40742 1.44401 1.45801 1.48306 1.50662 1.55113 1.56338 1.60903 1.63856 1.66867 1.69402 1.71471 1.74345 1.79492 1.81145 1.82209 1.86361 1.92486 1.93274 1.95884 1.97865 2.04981 2.06645 2.11493 2.10145 2.16713 2.13363 2.24318 2.22919 
1.58012 1.51767 1.4646 1.50047 1.47041 1.52564 1.44563 1.38204 1.34758 1.44453 1.32678 1.34249 1.35427 1.30712 1.28459 1.29412 1.26047 1.2446 1.23963 1.22818 1.21327 1.19424 1.16158 1.20327 1.1493 1.15393 1.1219 1.10716 1.11294 1.07845 1.07638 1.06306 1.04785 1.03678 1.02565 1.01589 1.01722 1.01403 0.991507 0.994572 0.980362 0.9926 0.980713 0.982488 0.978572 0.979641 0.982564 0.984777 0.988179 0.993026 1 1.00775 1.01703 1.02741 1.04032 1.05222 1.06706 1.084 1.09681 1.11459 1.12722 1.15069 1.17214 1.18227 1.21801 1.24481 1.25466 1.2844 1.30275 1.33864 1.36532 1.37277 1.41848 1.43827 1.46952 1.4949 1.52794 1.55294 1.57968 1.59966 1.63425 1.67591 1.68085 1.71741 1.7376 1.78059 1.82719 1.87628 1.88754 1.90114 1.92869 1.9716 1.97362 2.02872 2.07841 2.08444 2.14824 2.14381 2.2169 2.22158 2.28126 
1.57815 1.52039 1.49927 1.48108 1.43296 1.5171 1.44539 1.45763 1.42039 1.38689 1.36307 1.34209 1.3099 1.31119 1.26898 1.31259 1.31189 1.24413 1.24413 1.19403 1.211 1.18165 1.16026 1.1711 1.15087 1.10822 1.14869 1.11146 1.08899 1.07929 1.07215 1.0421 1.04766 1.04295 1.03829 1.03276 1.00156 0.999631 0.99464 0.995955 0.987664 0.987407 0.980278 0.983119 0.981513 0.979332 0.982236 0.984154 0.9875 0.993082 1 1.00839 1.01722 1.02695 1.03766 1.04912 1.06707 1.07578 1.10352 1.11086 1.13283 1.15189 1.17294 1.186 1.20876 1.23421 1.25697 1.28445 1.3029 1.31623 1.34899 1.40193 1.42465 1.43846 1.45684 1.48123 1.53261 1.55136 1.58055 1.62216 1.62298 1.66386 1.68145 1.72617 1.75502 1.78065 1.83408 1.84884 1.87359 1.89803 1.92553 1.95859 1.97482 2.02588 2.08278 2.09151 2.10123 2.15574 2.18996 2.22639 2.25604 
