1.1891 1.22099 1.22756 1.19764 1.19993 1.17563 1.16899 1.1616 1.1381 1.13887 1.11408 1.14332 1.11026 1.12146 1.09828 1.08482 1.06404 1.07221 1.06578 1.09292 1.06237 1.02743 1.03714 1.0475 1.04277 1.03432 1.00453 1.01834 1.01592 0.996124 1.00705 1.00085 0.993805 0.990634 0.994405 0.984639 0.984125 0.994254 0.980293 0.988572 0.98954 0.979772 0.981382 0.980862 0.982433 0.986079 0.988595 0.990758 0.993663 0.996489 1 1.00394 1.00826 1.01396 1.01775 1.02763 1.02214 1.0349 1.0405 1.0459 1.06367 1.06528 1.07209 1.07537 1.09428 1.10813 1.10848 1.11736 1.11577 1.13433 1.14851 1.14688 1.16623 1.17174 1.1923 1.22715 1.22019 1.26041 1.25388 1.26031 1.28539 1.29279 1.30385 1.33025 1.30721 1.32698 1.35934 1.38289 1.40448 1.4282 1.40154 1.44593 1.45003 1.47599 1.47897 1.51076 1.51877 1.56759 1.56617 1.52917 1.61353 
1.24553 1.23589 1.22897 1.20482 1.21613 1.18142 1.169 1.15437 1.16568 1.14831 1.13349 1.12799 1.11377 1.10314 1.11248 1.0925 1.08986 1.07063 1.0519 1.07095 1.04049 1.0531 1.05186 1.02876 1.02783 1.01573 1.02501 1.00771 1.03457 0.999919 1.00894 0.988643 1.00082 0.98388 0.995961 0.978053 0.984571 0.984484 0.978717 0.983985 0.98334 0.984237 0.981494 0.984862 0.983895 0.991944 0.986137 0.992119 0.993854 0.997574 1 1.00329 1.00689 1.01257 1.01783 1.02472 1.02929 1.03587 1.03844 1.04588 1.05302 1.06427 1.07014 1.07541 1.08369 1.09132 1.11192 1.12458 1.12451 1.14965 1.15578 1.15778 1.17177 1.18433 1.21985 1.22901 1.21708 1.20897 1.23297 1.25204 1.26464 1.30286 1.31145 1.31464 1.30311 1.36395 1.36326 1.37384 1.40436 1.41433 1.38739 1.46939 1.44779 1.47159 1.50329 1.49403 1.51875 1.57643 1.55914 1.61312 1.60535 
1.23266 1.2276 1.20111 1.18514 1.18973 1.16923 1.16915 1.15921 1.14887 1.13372 1.12303 1.13676 1.11853 1.11524 1.09688 1.09633 1.08691 1.0887 1.05788 1.0694 1.06021 1.05869 1.04213 1.02578 1.0341 1.02706 1.03695 1.02492 1.01025 1.01018 1.02367 1.00602 0.988662 0.997762 0.992209 0.99417 0.989808 0.980824 0.982221 0.97755 0.979373 0.981526 0.982305 0.985767 0.988289 0.983238 0.989811 0.989156 0.994529 0.996836 1 1.00405 1.00745 1.01316 1.01766 1.02555 1.0279 1.03483 1.04154 1.04606 1.05324 1.05995 1.06879 1.08762 1.0824 1.101 1.10833 1.11469 1.12942 1.13435 1.15543 1.16816 1.17603 1.18687 1.1802 1.20887 1.23375 1.253 1.24684 1.24247 1.27865 1.2773 1.3096 1.32633 1.35872 1.34379 1.37752 1.38512 1.40071 1.41879 1.41399 1.42243 1.44921 1.48099 1.44853 1.50624 1.5471 1.53509 1.55548 1.59763 1.61918 
1.22167 1.19932 1.20591 1.20621 1.15903 1.18863 1.17197 1.14458 1.17078 1.15346 1.11887 1.12663 1.12258 1.09426 1.09546 1.08659 1.05841 1.07532 1.07926 1.04232 1.05727 1.05535 1.05079 1.01884 1.03103 1.02787 1.01859 1.0152 1.0126 1.00095 0.99187 1.00406 0.992501 0.995092 0.988171 0.987019 0.991606 0.987501 0.98512 0.987699 0.972537 0.982452 0.984396 0.983218 0.986168 0.988418 0.987587 0.989259 0.993093 0.996509 1 1.00399 1.00884 1.01021 1.01519 1.02343 1.03115 1.0336 1.04754 1.04724 1.06137 1.05801 1.0692 1.07991 1.08995 1.09304 1.10302 1.12146 1.13114 1.13962 1.15026 1.16453 1.15961 1.18809 1.21591 1.21401 1.23504 1.22556 1.24615 1.26453 1.2882 1.28202 1.31911 1.32764 1.33895 1.34921 1.37499 1.35926 1.40963 1.40136 1.40348 1.44628 1.45994 1.4896 1.5093 1.48719 1.54461 1.54331 1.53892 1.54953 1.62903 
1.21665 1.21887 1.21451 1.20712 1.18829 1.17898 1.16916 1.16535 1.14003 1.12988 1.13655 1.11255 1.12925 1.10361 1.08269 1.1082 1.07717 1.05492 1.05666 1.08195 1.04689 1.04235 1.05367 1.02675 1.02021 1.02437 1.02496 1.01177 1.01432 1.0061 1.00256 1.00232 0.988725 0.987942 0.986216 0.986568 0.98564 0.999915 0.985959 0.982153 0.978198 0.980629 0.979881 0.985341 0.981561 0.988174 0.986731 0.990761 0.992938 0.996676 1 1.00366 1.00603 1.01128 1.01823 1.02197 1.03358 1.03832 1.03894 1.05285 1.0572 1.06859 1.06911 1.08175 1.09263 1.0926 1.10764 1.11932 1.13506 1.1278 1.15283 1.16927 1.16097 1.18149 1.20327 1.20417 1.20316 1.21955 1.25213 1.28402 1.28107 1.28835 1.31769 1.33054 1.34716 1.3684 1.37324 1.37214 1.42028 1.40449 1.41563 1.45595 1.44091 1.49093 1.49787 1.4862 1.53548 1.52509 1.56906 1.62379 1.62028 
1.2232 1.22794 1.23361 1.20205 1.1876 1.15122 1.18198 1.15173 1.16151 1.13236 1.11803 1.13248 1.12266 1.09919 1.08887 1.08073 1.08209 1.09063 1.05967 1.04882 1.05019 1.03999 1.05521 1.03956 1.02021 1.01554 1.02534 1.01817 1.01555 1.00858 1.00321 0.990116 0.989733 0.984277 0.995439 0.990588 0.987046 0.982845 0.989791 0.980286 0.984721 0.976412 0.98236 0.98348 0.984428 0.988908 0.989458 0.991661 0.994131 0.9958 1 1.00407 1.00934 1.01442 1.01683 1.02081 1.03068 1.03784 1.03968 1.04447 1.05316 1.06344 1.06579 1.07603 1.0873 1.09269 1.11031 1.12163 1.12575 1.13143 1.15734 1.15395 1.17428 1.17175 1.18988 1.20701 1.21294 1.24421 1.25934 1.27283 1.27268 1.28491 1.29183 1.33643 1.32128 1.37373 1.3816 1.38476 1.38955 1.43388 1.45935 1.45548 1.46214 1.49488 1.51641 1.50925 1.53358 1.56521 1.54194 1.56826 1.6307 
1.26886 1.22613 1.18316 1.19071 1.18401 1.18567 1.15969 1.1863 1.15408 1.14713 1.14047 1.13404 1.12764 1.09623 1.11549 1.08845 1.09543 1.07631 1.07265 1.05316 1.05355 1.04999 1.03592 1.02525 1.01271 1.02208 1.02405 0.997322 1.01121 1.00928 0.996714 0.997659 0.992838 0.992486 0.989819 0.987646 0.983008 0.986791 0.982805 0.984913 0.979431 0.98464 0.985386 0.986697 0.987519 0.982692 0.986297 0.992128 0.994694 0.996274 1 1.00335 1.008 1.01319 1.01539 1.02231 1.02784 1.03465 1.04257 1.04609 1.05744 1.05997 1.07256 1.08898 1.0993 1.10351 1.10708 1.12508 1.12701 1.1377 1.15017 1.16307 1.18219 1.18385 1.19714 1.20936 1.20083 1.22616 1.25639 1.27881 1.28821 1.29843 1.2916 1.2886 1.31938 1.39175 1.33497 1.38445 1.4078 1.44853 1.42337 1.4362 1.45054 1.47299 1.52488 1.49383 1.54123 1.5857 1.59882 1.59984 1.64748 
1.24952 1.22628 1.19228 1.18349 1.19363 1.17912 1.2027 1.18154 1.16529 1.14014 1.13343 1.13049 1.09231 1.11671 1.11093 1.11916 1.085 1.07882 1.06971 1.05482 1.05478 1.04717 1.05067 1.03151 1.029 1.02901 1.02042 1.0012 1.00408 0.99328 1.0081 0.991639 1.00422 0.990301 0.989441 0.981017 0.978633 0.982647 0.984098 0.981637 0.989124 0.98085 0.983099 0.983099 0.984512 0.987587 0.987449 0.991058 0.992959 0.996094 1 1.00352 1.00819 1.01326 1.01912 1.02238 1.02891 1.03959 1.04341 1.04624 1.05522 1.05781 1.07411 1.08668 1.09426 1.10332 1.09774 1.11684 1.12082 1.13194 1.15925 1.15205 1.17483 1.1749 1.17869 1.21415 1.22857 1.24088 1.23978 1.24348 1.27686 1.27262 1.29087 1.30697 1.34258 1.33832 1.39615 1.38524 1.4165 1.4345 1.43049 1.47249 1.47292 1.47666 1.49121 1.53074 1.56006 1.5473 1.52511 1.59775 1.62464 
1.20824 1.23586 1.20942 1.2125 1.17429 1.17753 1.15955 1.15849 1.1442 1.16174 1.12428 1.12849 1.12072 1.10218 1.10366 1.08814 1.08581 1.07952 1.07595 1.06349 1.05625 1.04434 1.03981 1.02009 1.01717 1.03034 1.01683 1.01948 1.0191 1.00755 0.988337 0.996121 0.988834 0.989237 0.984086 0.987105 0.986149 0.983209 0.984175 0.979448 0.982011 0.979041 0.983634 0.985193 0.985583 0.986685 0.987832 0.991149 0.993505 0.996206 1 1.00462 1.00931 1.01204 1.01711 1.02214 1.02737 1.0343 1.04276 1.04458 1.05653 1.06768 1.07226 1.07061 1.08838 1.09372 1.111 1.12453 1.12894 1.14212 1.1615 1.15411 1.16522 1.1831 1.21094 1.20913 1.21362 1.24122 1.25625 1.26903 1.27723 1.30095 1.32649 1.33142 1.34069 1.34732 1.35348 1.37405 1.40853 1.44426 1.45978 1.43497 1.44311 1.45501 1.51209 1.52045 1.53736 1.56485 1.60371 1.58273 1.59332 
1.23111 1.21743 1.21703 1.22921 1.18996 1.18819 1.14771 1.15295 1.14624 1.17736 1.15268 1.10673 1.15171 1.10881 1.07199 1.10736 1.08045 1.07578 1.0716 1.05912 1.04014 1.04246 1.02259 1.03025 1.03297 1.02635 1.02085 1.02383 1.00153 1.00004 0.991131 1.00008 0.991029 0.994315 0.98382 0.990007 0.988816 0.973725 0.977559 0.980053 0.980593 0.982232 0.979407 0.981745 0.987411 0.985708 0.988181 0.990082 0.993851 0.995807 1 1.00377 1.00789 1.01144 1.01728 1.0234 1.02819 1.0386 1.03984 1.0448 1.06196 1.0635 1.07574 1.07527 1.08922 1.09212 1.10285 1.1259 1.13337 1.13857 1.14222 1.16855 1.16349 1.19159 1.199 1.20861 1.2179 1.24532 1.27715 1.2422 1.2713 1.29418 1.30653 1.32124 1.32547 1.36137 1.3734 1.36836 1.40249 1.40014 1.4218 1.44323 1.49058 1.46009 1.53074 1.49681 1.56476 1.53769 1.58549 1.59872 1.61709 
1.23865 1.21069 1.20522 1.21522 1.1865 1.18949 1.15456 1.16412 1.14645 1.10864 1.16465 1.11501 1.10405 1.11025 1.08858 1.09749 1.08908 1.0736 1.06072 1.04986 1.02977 1.0414 1.03372 1.03597 1.03564 1.01601 1.02438 1.01328 1.00591 1.01043 1.00341 0.993894 0.99824 0.988213 0.988033 0.98279 0.98918 0.983473 0.986458 0.987045 0.981608 0.982205 0.979468 0.982069 0.984601 0.986326 0.989821 0.991421 0.993492 0.996177 1 1.00369 1.0093 1.01395 1.0184 1.02434 1.02842 1.03131 1.04656 1.04754 1.05302 1.07022 1.07158 1.08082 1.09004 1.10064 1.10009 1.11651 1.12807 1.12572 1.15969 1.16145 1.17416 1.17475 1.19313 1.19534 1.20508 1.2374 1.2272 1.25586 1.29118 1.28346 1.30002 1.32504 1.33154 1.3462 1.37062 1.38204 1.37288 1.40739 1.42643 1.43578 1.49074 1.49173 1.46876 1.47786 1.53287 1.5563 1.57704 1.58212 1.60274 
1.23242 1.24111 1.21054 1.22732 1.18556 1.15381 1.179 1.15246 1.16343 1.17194 1.13318 1.13986 1.12169 1.12224 1.09169 1.08013 1.09395 1.08762 1.0754 1.05234 1.05183 1.05249 1.04122 1.01705 1.03631 1.03875 0.99995 1.01976 1.01356 1.01323 0.996867 1.00803 0.997671 0.979646 0.988403 0.991322 0.981113 0.979512 0.98222 0.983774 0.980231 0.977267 0.988724 0.985273 0.983776 0.986337 0.989881 0.990039 0.993995 0.996144 1 1.00406 1.0079 1.01247 1.01752 1.01883 1.0303 1.03537 1.0394 1.05198 1.05961 1.06855 1.07689 1.09181 1.0792 1.09614 1.11953 1.11843 1.12372 1.14147 1.13362 1.14619 1.18493 1.18369 1.19747 1.20644 1.21529 1.22925 1.24556 1.26224 1.30073 1.28167 1.29398 1.30572 1.34104 1.35018 1.34923 1.40843 1.3914 1.39945 1.42335 1.44198 1.4634 1.53602 1.49231 1.5123 1.55167 1.55676 1.60579 1.57821 1.61325 
1.24541 1.19404 1.20213 1.20841 1.17441 1.16294 1.16872 1.15763 1.13936 1.14663 1.12839 1.10958 1.11275 1.11423 1.1195 1.0936 1.09657 1.07782 1.0614 1.04724 1.04639 1.05754 1.03974 1.03278 1.03879 1.02525 1.02182 1.02739 1.01324 1.00104 1.01171 1.00338 1.00113 0.984154 0.999399 0.986292 0.989012 0.986993 0.973656 0.982886 0.97756 0.981946 0.984388 0.982002 0.982998 0.985389 0.986877 0.989393 0.993479 0.996956 1 1.00329 1.00746 1.01085 1.01678 1.02419 1.02966 1.0355 1.04063 1.05285 1.04748 1.06746 1.07137 1.07897 1.0849 1.09444 1.12178 1.12042 1.12963 1.13924 1.13723 1.16868 1.16541 1.18217 1.18497 1.2201 1.22283 1.24203 1.2571 1.25553 1.27508 1.27278 1.30334 1.31298 1.32821 1.35219 1.37369 1.40283 1.40296 1.43538 1.4544 1.45941 1.46918 1.49072 1.49289 1.47877 1.53749 1.56317 1.58292 1.59112 1.60811 
1.23799 1.23839 1.19583 1.17997 1.18849 1.17872 1.1964 1.16183 1.14104 1.14024 1.13907 1.11348 1.10947 1.09572 1.10479 1.09618 1.05565 1.09518 1.05818 1.05527 1.04672 1.04843 1.01956 1.04482 1.02775 1.00546 1.02115 1.01049 1.01567 1.00014 1.00513 0.987274 0.995601 0.977719 0.997111 0.979757 0.982703 0.985787 0.982335 0.987299 0.986715 0.980658 0.979769 0.981278 0.98231 0.987176 0.984592 0.990868 0.991672 0.997435 1 1.00407 1.00841 1.01404 1.01939 1.02356 1.02964 1.03752 1.04428 1.05243 1.05568 1.07009 1.06069 1.08597 1.07416 1.10057 1.10913 1.11773 1.11514 1.13024 1.15486 1.15215 1.17557 1.18807 1.18781 1.23564 1.21161 1.22835 1.2338 1.27427 1.27647 1.28156 1.32293 1.32563 1.3488 1.34244 1.34298 1.36904 1.3965 1.39805 1.42971 1.44116 1.45498 1.47959 1.51034 1.51064 1.55127 1.5648 1.58541 1.57984 1.59214 
1.21673 1.24166 1.1816 1.20569 1.17796 1.18115 1.17538 1.16033 1.13381 1.13916 1.12785 1.10594 1.09007 1.10508 1.09688 1.09614 1.09549 1.10277 1.07408 1.04394 1.05529 1.03611 1.03557 1.04053 1.03117 1.00873 1.02724 1.01387 1.01197 0.99651 1.0069 0.990609 1.00271 0.990572 0.986329 0.992585 0.990894 0.987922 0.986217 0.983875 0.982068 0.97992 0.981955 0.985826 0.985423 0.985448 0.987841 0.990614 0.992397 0.996744 1 1.00413 1.00899 1.01295 1.01701 1.02678 1.0296 1.03452 1.04193 1.0515 1.05938 1.06621 1.07894 1.08673 1.09349 1.11177 1.10633 1.12157 1.13345 1.1467 1.14632 1.17007 1.17958 1.18647 1.19078 1.2119 1.22544 1.2406 1.23466 1.27814 1.26828 1.32086 1.31035 1.32027 1.32046 1.35958 1.37658 1.38558 1.40975 1.43238 1.46011 1.44813 1.46093 1.49608 1.49951 1.52515 1.55481 1.58995 1.57598 1.58887 1.64702 
1.23945 1.20627 1.22131 1.20134 1.18555 1.19852 1.17227 1.14672 1.14406 1.14142 1.13361 1.11216 1.11733 1.09721 1.08816 1.07395 1.07195 1.09211 1.06406 1.06061 1.04888 1.04584 1.01774 1.03315 1.03207 1.02851 1.03365 1.01292 1.005 1.01636 0.998529 0.998935 1.00251 1.00178 0.99366 0.994797 0.984828 0.978763 0.987048 0.982747 0.97697 0.9763 0.981224 0.982601 0.984677 0.987879 0.986887 0.989555 0.993659 0.996235 1 1.00358 1.00917 1.01177 1.01825 1.02335 1.02644 1.0344 1.04391 1.04837 1.05922 1.062 1.07189 1.08777 1.09186 1.10154 1.10067 1.11163 1.12292 1.13522 1.14815 1.17451 1.18014 1.18877 1.19664 1.21436 1.22 1.2435 1.25601 1.23002 1.29001 1.29652 1.29427 1.34572 1.31958 1.35069 1.3701 1.38465 1.40205 1.40686 1.45063 1.46213 1.47671 1.46152 1.51337 1.54503 1.55541 1.5724 1.55147 1.65917 1.59914 
1.2379 1.23107 1.19876 1.20726 1.18466 1.20815 1.17457 1.14378 1.14847 1.15531 1.12595 1.12678 1.12931 1.08583 1.08702 1.10362 1.10106 1.07977 1.05622 1.05671 1.05597 1.05639 1.04951 1.01948 1.02817 1.02116 1.0249 1.0161 0.999142 1.00159 0.991551 1.0049 0.990725 0.990136 0.981669 0.992481 0.983523 0.979563 0.977647 0.983192 0.972295 0.983935 0.979617 0.984875 0.982384 0.986755 0.988375 0.990119 0.992679 0.996258 1 1.00306 1.00815 1.01207 1.01804 1.02606 1.02865 1.03581 1.04994 1.04671 1.05443 1.06781 1.07192 1.09139 1.09243 1.09201 1.11163 1.11391 1.13164 1.13419 1.15075 1.16328 1.17324 1.19328 1.20134 1.19085 1.22854 1.248 1.2516 1.25617 1.28487 1.29617 1.34761 1.31654 1.35109 1.34477 1.36378 1.36366 1.39985 1.42783 1.41177 1.45487 1.45273 1.46402 1.49384 1.5204 1.57077 1.56129 1.60237 1.57327 1.614 
1.22204 1.21386 1.21103 1.20222 1.2184 1.19764 1.15916 1.15347 1.15678 1.14959 1.11316 1.12905 1.13324 1.10653 1.06435 1.08888 1.07518 1.07485 1.06709 1.05725 1.04197 1.03007 1.04598 1.03464 1.02595 1.03019 1.01542 1.01909 1.01392 1.00932 1.00743 0.993568 0.989157 1.00143 0.987199 0.97646 0.987759 0.985444 0.989964 0.979184 0.984587 0.979789 0.973889 0.979884 0.985322 0.98487 0.987825 0.989467 0.992193 0.99684 1 1.00418 1.0082 1.01442 1.0166 1.02128 1.03082 1.03695 1.04155 1.04348 1.05415 1.06221 1.07158 1.0777 1.08565 1.10774 1.1036 1.11168 1.12249 1.13031 1.16148 1.16573 1.1749 1.18502 1.20086 1.2394 1.22898 1.22902 1.23831 1.25543 1.28661 1.29396 1.30501 1.3107 1.31547 1.32545 1.37353 1.35704 1.40127 1.39372 1.45956 1.44058 1.46163 1.48697 1.52536 1.52106 1.56795 1.52809 1.57618 1.61949 1.59129 
1.231 1.24945 1.20637 1.20399 1.19853 1.18195 1.1577 1.12603 1.14436 1.1498 1.12064 1.10375 1.1086 1.10744 1.10861 1.10073 1.08403 1.06881 1.06777 1.06567 1.0622 1.04414 1.04744 1.02259 1.02104 1.02957 1.01859 1.02286 1.01235 1.0094 0.995567 1.00223 1.00699 0.98826 0.987889 0.982143 0.983417 0.984486 0.993286 0.984303 0.98351 0.979096 0.981253 0.984168 0.980455 0.98416 0.98709 0.991341 0.993872 0.996003 1 1.00339 1.00789 1.01448 1.01802 1.0233 1.0265 1.03333 1.0439 1.0511 1.06321 1.06799 1.07595 1.08052 1.082 1.10166 1.11396 1.11763 1.12495 1.13171 1.15555 1.15517 1.18397 1.19221 1.19056 1.21088 1.23151 1.22073 1.25929 1.27152 1.2815 1.28408 1.32196 1.3486 1.31941 1.3454 1.35321 1.40286 1.36299 1.40771 1.43356 1.45815 1.46379 1.53766 1.53119 1.54443 1.58489 1.53301 1.57711 1.61094 1.63975 
1.2365 1.20634 1.21026 1.21407 1.20278 1.17998 1.17491 1.14034 1.14812 1.13109 1.12219 1.11232 1.11528 1.09518 1.07741 1.07263 1.08973 1.08084 1.07404 1.05645 1.06443 1.06075 1.04488 1.01951 1.02188 1.02649 1.00875 0.997721 1.00364 1.01167 0.996205 1.00162 0.992679 0.985354 0.984452 0.982659 0.977514 0.977458 0.977793 0.985115 0.981291 0.975661 0.985346 0.984665 0.987638 0.987176 0.988771 0.98933 0.993787 0.997203 1 1.00403 1.00723 1.01239 1.02002 1.02449 1.03016 1.03591 1.03841 1.04617 1.0553 1.06359 1.07444 1.07425 1.08563 1.09812 1.12269 1.11661 1.13306 1.13533 1.15417 1.15592 1.183 1.1748 1.20666 1.20787 1.23418 1.22907 1.24546 1.23703 1.28344 1.27792 1.30077 1.33133 1.33132 1.33589 1.36559 1.38013 1.41363 1.3843 1.40199 1.47152 1.50394 1.46166 1.51085 1.51864 1.54825 1.56586 1.57256 1.59948 1.65015 
1.21259 1.19617 1.19903 1.18339 1.18714 1.17359 1.19335 1.14636 1.16221 1.15057 1.13952 1.1169 1.09792 1.09564 1.10517 1.08892 1.09673 1.09082 1.05889 1.05846 1.04749 1.04881 1.02227 1.03921 1.0127 1.01356 1.02702 1.00631 1.03123 1.00013 0.993141 1.00015 0.989934 1.0008 0.982481 0.993072 0.98697 0.974991 0.976594 0.979162 0.977248 0.977652 0.981971 0.986511 0.984469 0.985585 0.986784 0.990247 0.994615 0.9971 1 1.00438 1.00759 1.0129 1.01778 1.02445 1.02849 1.03553 1.04122 1.05654 1.0564 1.06465 1.06695 1.0873 1.08431 1.10077 1.11066 1.10577 1.13314 1.12761 1.15173 1.16456 1.18137 1.19859 1.19968 1.22114 1.2388 1.22157 1.25391 1.27879 1.28261 1.29243 1.28498 1.35889 1.3076 1.36011 1.37862 1.38877 1.39323 1.43109 1.41695 1.48073 1.47485 1.52059 1.50214 1.54081 1.57262 1.57564 1.5876 1.57256 1.61563 
1.22357 1.20706 1.19244 1.2168 1.1976 1.18401 1.18116 1.15712 1.16649 1.14103 1.11878 1.11013 1.1308 1.09497 1.1089 1.08517 1.08558 1.06956 1.05385 1.04277 1.04803 1.03411 1.04109 1.04033 1.02117 1.00731 1.01366 1.00425 0.989101 0.995983 1.00409 1.006 0.977474 0.997368 0.986794 0.982594 0.989186 0.987032 0.978355 0.974968 0.983138 0.9786 0.985757 0.982346 0.983069 0.98498 0.987841 0.991494 0.992932 0.996244 1 1.00403 1.009 1.01126 1.01955 1.0277 1.02869 1.0366 1.04394 1.04668 1.05714 1.06793 1.0744 1.08258 1.09585 1.09297 1.11199 1.10485 1.13571 1.12871 1.15718 1.16952 1.14936 1.16816 1.20439 1.21184 1.22764 1.23849 1.23764 1.26301 1.27147 1.31169 1.32496 1.31267 1.34361 1.37166 1.36093 1.40568 1.3911 1.40729 1.44747 1.48276 1.45212 1.49242 1.48935 1.53775 1.51014 1.55748 1.60813 1.61473 1.6246 
1.25077 1.2171 1.18006 1.1987 1.20227 1.18639 1.1754 1.17234 1.13332 1.14841 1.14582 1.10485 1.11552 1.10949 1.11286 1.10531 1.07404 1.09532 1.06966 1.06363 1.05364 1.04353 1.03534 1.01961 1.03491 1.03041 1.00984 1.02478 1.01332 1.00052 1.0074 0.990101 0.989992 0.988874 0.99153 0.982842 0.977217 0.987744 0.975082 0.981479 0.982424 0.978004 0.981189 0.9831 0.981207 0.985496 0.988457 0.988847 0.993223 0.996399 1 1.00392 1.00848 1.01327 1.01852 1.02085 1.02701 1.03375 1.04094 1.04992 1.06096 1.06783 1.08116 1.07773 1.08814 1.1034 1.10956 1.11954 1.13223 1.14135 1.1677 1.17192 1.18598 1.19502 1.20064 1.20765 1.2352 1.22927 1.25064 1.27301 1.26757 1.29826 1.30242 1.32312 1.33007 1.36886 1.36388 1.37945 1.39572 1.41119 1.43954 1.46532 1.43976 1.53521 1.49544 1.51387 1.55646 1.53254 1.55413 1.61758 1.58968 
1.24139 1.22997 1.23217 1.19662 1.18976 1.16833 1.17431 1.15747 1.15121 1.13178 1.11179 1.12924 1.10438 1.09788 1.09678 1.09534 1.08361 1.08869 1.05545 1.06145 1.04362 1.05077 1.05718 1.04709 1.02721 1.03493 1.01397 1.01241 1.01464 1.00088 0.999282 0.980135 0.994647 0.994531 0.991176 0.984081 0.987058 0.984867 0.982164 0.97556 0.985192 0.978247 0.980402 0.980746 0.986879 0.985022 0.987154 0.990311 0.993793 0.99638 1 1.00378 1.0075 1.01293 1.0215 1.0254 1.02803 1.04149 1.04227 1.05183 1.06284 1.05903 1.07659 1.07835 1.08948 1.09468 1.12258 1.12743 1.13151 1.14253 1.1557 1.15524 1.19041 1.20643 1.1992 1.21687 1.23203 1.24237 1.25062 1.25903 1.28145 1.29727 1.31532 1.30568 1.35511 1.35712 1.35979 1.37827 1.39687 1.4331 1.41546 1.46309 1.47007 1.48888 1.48721 1.54632 1.52984 1.55828 1.57996 1.59911 1.59599 
1.22852 1.19329 1.21905 1.20566 1.18028 1.16188 1.15599 1.15574 1.1333 1.14023 1.1378 1.12129 1.1287 1.1073 1.07991 1.08129 1.05852 1.0729 1.06621 1.05988 1.04249 1.04506 1.05233 1.02683 1.01578 1.0244 1.00402 1.01662 1.00456 0.999534 1.00578 0.996369 0.994432 0.996585 0.986296 0.976448 0.988356 0.98033 0.979078 0.981746 0.985894 0.983567 0.983244 0.981824 0.985226 0.985041 0.988073 0.991175 0.992444 0.99619 1 1.00327 1.0086 1.01271 1.01823 1.02165 1.03 1.03839 1.04128 1.0539 1.06587 1.07051 1.07465 1.0829 1.08834 1.09904 1.11134 1.1135 1.13576 1.13163 1.1616 1.16672 1.16846 1.17512 1.20708 1.21312 1.23413 1.23166 1.22571 1.29285 1.26618 1.29631 1.29734 1.3367 1.33018 1.3708 1.37075 1.39757 1.40057 1.43477 1.43951 1.45153 1.45973 1.49023 1.53526 1.53839 1.51949 1.54769 1.58216 1.63076 1.60404 
1.22778 1.22173 1.18118 1.20272 1.17235 1.17432 1.17147 1.14181 1.15157 1.13027 1.1234 1.1238 1.13322 1.08435 1.08829 1.09382 1.08703 1.0745 1.07091 1.04428 1.05969 1.05255 1.04841 1.03117 1.02286 1.01575 1.02587 0.997362 1.0089 1.01019 1.01119 1.00468 0.997337 0.988513 0.982487 0.992627 0.97551 0.976981 0.981228 0.978871 0.988057 0.987077 0.980396 0.985731 0.980958 0.986212 0.987581 0.990605 0.992841 0.996537 1 1.0039 1.00826 1.0116 1.01733 1.02516 1.02832 1.0309 1.04529 1.05329 1.0589 1.07044 1.07123 1.08525 1.08697 1.1033 1.11782 1.11622 1.11796 1.12957 1.16527 1.1414 1.16865 1.1849 1.20485 1.21632 1.22053 1.24618 1.26808 1.26498 1.2668 1.30054 1.29455 1.32613 1.34127 1.36088 1.38354 1.38077 1.4168 1.42124 1.42698 1.48359 1.47958 1.50015 1.51889 1.52067 1.52318 1.53634 1.5848 1.5698 1.66051 
1.2317 1.20147 1.20895 1.17191 1.16929 1.16333 1.15486 1.14525 1.14192 1.16271 1.10505 1.10972 1.10127 1.11988 1.08466 1.07892 1.06989 1.05701 1.07628 1.03714 1.04621 1.0329 1.04511 1.021 1.02639 1.03113 1.0134 1.01542 1.00952 0.999162 1.00532 0.993423 0.987959 0.986389 0.985764 0.988225 0.985955 0.982576 0.97843 0.977935 0.978839 0.982841 0.980728 0.982322 0.980106 0.98556 0.989424 0.991359 0.992825 0.996264 1 1.00416 1.00837 1.01196 1.01798 1.02216 1.03055 1.03361 1.03975 1.05429 1.06124 1.07044 1.0678 1.08343 1.08279 1.09037 1.10753 1.11959 1.13153 1.14248 1.15002 1.16077 1.17827 1.20118 1.18856 1.23032 1.22507 1.20866 1.26661 1.27924 1.26553 1.28737 1.32248 1.315 1.33733 1.33741 1.35127 1.38909 1.40969 1.41301 1.39299 1.41717 1.47363 1.46462 1.48564 1.5531 1.52682 1.54731 1.56003 1.6072 1.60222 
1.23121 1.25 1.21466 1.19429 1.18484 1.16712 1.1679 1.13727 1.14892 1.13728 1.14486 1.10662 1.12189 1.08831 1.11064 1.0733 1.09374 1.06977 1.0615 1.048 1.0393 1.05023 1.04589 1.02351 1.02968 1.02514 1.02578 1.02678 1.01707 0.988846 1.00054 1.00017 0.993919 0.993808 0.979329 0.985886 0.986112 0.977735 0.985255 0.980492 0.973444 0.974076 0.982365 0.980251 0.983813 0.985993 0.988634 0.991111 0.993333 0.996052 1 1.00372 1.00829 1.01321 1.01967 1.0262 1.02994 1.03893 1.03815 1.04707 1.05819 1.06011 1.07101 1.07529 1.09352 1.09423 1.11953 1.11889 1.1236 1.13407 1.14474 1.1612 1.17524 1.1967 1.19989 1.21044 1.21731 1.24556 1.24699 1.26903 1.27765 1.29775 1.31373 1.30455 1.34907 1.35106 1.36984 1.3905 1.40149 1.42792 1.42456 1.45377 1.47479 1.52708 1.53065 1.52711 1.52602 1.56775 1.57241 1.61912 1.60568 
1.22191 1.22925 1.19476 1.18961 1.18826 1.18544 1.1607 1.17191 1.14387 1.14233 1.15513 1.1055 1.10809 1.10704 1.08391 1.08726 1.07427 1.05183 1.03978 1.06195 1.04844 1.03484 1.03585 1.04048 1.01508 1.02076 0.999049 1.00791 1.00445 1.00792 0.994568 0.994779 0.985083 0.990835 0.991568 0.993405 0.975363 0.979616 0.982285 0.973721 0.984738 0.977352 0.983731 0.982868 0.982663 0.983877 0.985717 0.990595 0.992383 0.996687 1 1.00389 1.00897 1.01274 1.01947 1.02134 1.03357 1.04107 1.04891 1.05061 1.05488 1.06704 1.08215 1.08064 1.09417 1.10883 1.11062 1.11063 1.13503 1.14345 1.15921 1.17616 1.1847 1.17022 1.1963 1.22616 1.21792 1.25715 1.25709 1.27227 1.28818 1.30798 1.31455 1.32952 1.33006 1.37055 1.37525 1.38376 1.38666 1.39288 1.45437 1.44666 1.46945 1.46017 1.52852 1.53861 1.52002 1.56729 1.56261 1.58535 1.64297 
1.25313 1.23859 1.18991 1.20339 1.17182 1.17984 1.16038 1.16893 1.15071 1.12968 1.13343 1.10979 1.13634 1.07526 1.08288 1.07798 1.07637 1.07805 1.03127 1.03894 1.05321 1.05239 1.02231 1.01287 1.01383 1.02842 1.01429 1.01018 1.00768 0.991458 0.996886 0.993632 0.993461 0.995632 0.977417 0.98283 0.996864 0.981135 0.984036 0.980413 0.982432 0.983034 0.986035 0.981862 0.983812 0.986019 0.986638 0.989371 0.992426 0.996618 1 1.00368 1.00913 1.01414 1.01934 1.02392 1.0288 1.03978 1.0458 1.05161 1.05818 1.06698 1.07234 1.08186 1.08865 1.11307 1.10984 1.11686 1.13744 1.13661 1.16374 1.15602 1.16705 1.17012 1.21958 1.20464 1.21815 1.23629 1.26683 1.26248 1.28361 1.27242 1.3162 1.33289 1.36074 1.36025 1.35263 1.38565 1.39031 1.42665 1.44759 1.44271 1.48568 1.44976 1.5023 1.51039 1.52067 1.5709 1.59062 1.64865 1.60257 
1.22624 1.23911 1.18679 1.20773 1.16841 1.17816 1.16314 1.15944 1.14972 1.14547 1.14381 1.10834 1.112 1.09842 1.0858 1.07996 1.07164 1.06762 1.07093 1.04751 1.03721 1.03146 1.03256 1.03654 1.02423 1.02648 1.01221 1.01529 1.00526 1.00341 1.00032 0.993776 0.9969 0.99924 0.994385 0.98363 0.977664 0.983896 0.985467 0.97528 0.984789 0.97839 0.978617 0.98213 0.983076 0.985471 0.984962 0.99107 0.991558 0.996003 1 1.00373 1.00863 1.01295 1.0162 1.02354 1.03356 1.0353 1.04344 1.05053 1.06064 1.06792 1.07317 1.07747 1.0995 1.09808 1.09867 1.12106 1.13441 1.14327 1.1529 1.17405 1.17759 1.19257 1.19607 1.20712 1.24001 1.27448 1.26146 1.26362 1.2937 1.31035 1.30748 1.30654 1.36961 1.33937 1.40036 1.38821 1.39838 1.4413 1.42693 1.46215 1.45938 1.47177 1.49896 1.51628 1.54804 1.5757 1.57692 1.57695 1.655 
1.21297 1.22844 1.22576 1.18752 1.20841 1.18345 1.15838 1.15347 1.17417 1.13197 1.13851 1.14344 1.10892 1.11297 1.10017 1.08778 1.06637 1.08619 1.07267 1.06752 1.05821 1.05314 1.0489 1.037 1.02458 1.03008 1.02026 1.01849 1.01282 0.991253 1.00303 0.99676 0.991847 0.991831 0.985704 0.987028 0.984091 0.983473 0.980681 0.982341 0.978053 0.982726 0.978232 0.984233 0.986532 0.987819 0.985914 0.990038 0.992252 0.995975 1 1.00493 1.00911 1.01561 1.01768 1.02324 1.03848 1.0371 1.04064 1.05184 1.06019 1.05998 1.07915 1.08685 1.09347 1.09346 1.09944 1.12573 1.12553 1.13642 1.15854 1.16006 1.1735 1.1889 1.20169 1.19727 1.20619 1.22628 1.26321 1.28732 1.24476 1.28609 1.31971 1.33068 1.3543 1.37429 1.38121 1.39731 1.41341 1.4456 1.42309 1.47206 1.45559 1.50609 1.53185 1.53852 1.55145 1.55883 1.55658 1.58505 1.61997 
1.2318 1.20338 1.22216 1.20981 1.1668 1.19251 1.17825 1.14502 1.14615 1.1485 1.12151 1.14721 1.08601 1.10923 1.0972 1.10019 1.08539 1.0837 1.06005 1.06095 1.05285 1.04397 1.03302 1.03116 1.02163 1.03417 1.00908 1.01874 1.00985 0.981526 1.00142 1.00722 0.983575 0.996084 0.988068 0.990131 0.98826 0.981488 0.982164 0.984323 0.976997 0.977215 0.979951 0.981622 0.984345 0.983324 0.984991 0.99179 0.992625 0.996472 1 1.00429 1.00776 1.01241 1.02131 1.02213 1.02773 1.0342 1.03757 1.05059 1.05708 1.07054 1.06639 1.07854 1.09422 1.09922 1.12203 1.12424 1.13237 1.1353 1.15098 1.15622 1.17081 1.1979 1.20189 1.21069 1.24424 1.24553 1.25284 1.26858 1.28366 1.30186 1.31657 1.3262 1.35645 1.35704 1.35769 1.38223 1.39416 1.42529 1.4474 1.45399 1.4832 1.48026 1.51017 1.51951 1.55557 1.55513 1.61431 1.63802 1.61903 
1.23171 1.22176 1.22682 1.19921 1.18082 1.16572 1.16616 1.17755 1.15838 1.15165 1.12905 1.11246 1.09659 1.10461 1.11158 1.06262 1.06254 1.072 1.06456 1.05015 1.04594 1.04706 1.03301 1.03264 1.02227 1.01524 1.02895 1.01009 1.01224 1.00472 0.99585 0.995536 0.99856 0.990694 0.999289 0.978517 0.970692 0.981009 0.985795 0.980985 0.984189 0.984333 0.978229 0.983281 0.988066 0.988491 0.987066 0.991317 0.99366 0.99634 1 1.00444 1.0077 1.01583 1.01634 1.02618 1.03026 1.04495 1.04641 1.05165 1.06224 1.06275 1.07281 1.07773 1.10054 1.0982 1.11609 1.11482 1.12726 1.14213 1.15493 1.17757 1.17099 1.19254 1.21122 1.21537 1.20725 1.23189 1.24646 1.26332 1.2828 1.28694 1.30653 1.32145 1.34232 1.32256 1.35487 1.37089 1.40527 1.41715 1.42239 1.43192 1.45868 1.502 1.4994 1.51075 1.55173 1.60463 1.59899 1.60352 1.62791 
1.20154 1.21748 1.2185 1.17322 1.19238 1.18909 1.15481 1.15563 1.12899 1.1232 1.11275 1.10759 1.11201 1.08638 1.1154 1.09459 1.07544 1.05664 1.06037 1.06279 1.05659 1.04475 1.02653 1.02124 1.02872 1.01581 1.02331 0.996083 1.00421 1.00265 0.985006 0.995562 0.986137 0.983923 0.981226 0.987804 0.989235 0.975229 0.987107 0.980207 0.980936 0.985453 0.980977 0.98305 0.982788 0.984181 0.987761 0.989256 0.992942 0.99567 1 1.00457 1.0082 1.01701 1.01884 1.02656 1.03065 1.03521 1.04908 1.05211 1.05743 1.06918 1.07492 1.07526 1.09843 1.10364 1.10222 1.10844 1.13877 1.13709 1.14627 1.17063 1.17574 1.19364 1.18372 1.20317 1.2256 1.24178 1.27633 1.26798 1.27566 1.30511 1.32054 1.34832 1.32665 1.36189 1.36601 1.42461 1.40598 1.44633 1.41163 1.45168 1.48001 1.47384 1.48271 1.50243 1.53701 1.56376 1.57939 1.59988 1.6564 
1.24704 1.22501 1.22544 1.20862 1.20701 1.18608 1.14788 1.16906 1.14138 1.12862 1.12182 1.13193 1.12073 1.12356 1.07647 1.06486 1.07632 1.08368 1.05438 1.04071 1.05571 1.04528 1.02215 1.02616 1.02293 1.01834 1.00417 1.0106 1.00546 1.0038 0.995993 0.991221 1.00135 0.988191 0.979324 0.982024 0.986965 0.979006 0.973407 0.975439 0.985067 0.97506 0.980209 0.980966 0.98258 0.986667 0.988895 0.991305 0.993127 0.996048 1 1.00432 1.00801 1.01345 1.01794 1.02751 1.03096 1.03451 1.04321 1.0523 1.05401 1.06406 1.08006 1.08183 1.08466 1.10589 1.10585 1.12423 1.1338 1.1469 1.15194 1.17248 1.18612 1.19887 1.20533 1.19822 1.22445 1.24053 1.26827 1.2885 1.30942 1.2916 1.30627 1.33833 1.34356 1.37216 1.41254 1.38262 1.37351 1.4186 1.45932 1.44312 1.45252 1.50378 1.48501 1.518 1.56533 1.52253 1.6142 1.56462 1.61736 
1.25045 1.22818 1.21792 1.19722 1.15809 1.15746 1.13462 1.15124 1.11709 1.13669 1.11781 1.15323 1.12298 1.08356 1.0898 1.09306 1.06995 1.04731 1.08182 1.07679 1.05493 1.04268 1.04225 1.03857 1.02733 1.03218 1.00828 1.02085 1.01406 1.00173 1.00036 0.991912 0.997007 0.981233 0.984433 0.982512 0.980586 0.983619 0.979212 0.978484 0.986791 0.982706 0.980383 0.979856 0.982675 0.986091 0.988452 0.992157 0.993554 0.99674 1 1.00348 1.00899 1.01466 1.01677 1.02345 1.03114 1.03166 1.0397 1.05242 1.05402 1.06935 1.07508 1.09263 1.09732 1.10527 1.10911 1.11163 1.14219 1.13498 1.1513 1.18694 1.2034 1.19286 1.18532 1.20442 1.21517 1.24977 1.27604 1.27537 1.29136 1.30911 1.31303 1.32731 1.34025 1.37212 1.37606 1.39829 1.39031 1.39361 1.42145 1.45414 1.50608 1.49262 1.51391 1.55329 1.54159 1.52853 1.59524 1.5832 1.57203 
1.25781 1.2201 1.21816 1.19256 1.18382 1.17615 1.14536 1.13401 1.15286 1.14674 1.13694 1.10334 1.10712 1.11592 1.09381 1.10564 1.07002 1.06652 1.06571 1.04744 1.04032 1.05472 1.05389 1.02005 1.01913 1.01683 1.0139 1.00293 1.0077 1.00326 0.999693 1.00957 0.98986 0.989965 0.982779 0.991476 0.977976 0.978969 0.985473 0.981745 0.980031 0.98518 0.984313 0.982438 0.984503 0.985684 0.984843 0.990169 0.994074 0.996397 1 1.00437 1.00889 1.01654 1.01805 1.0244 1.03597 1.03522 1.04291 1.05446 1.06062 1.07183 1.07377 1.08169 1.09494 1.10613 1.10231 1.11606 1.12993 1.15188 1.16277 1.16313 1.17575 1.17591 1.1905 1.21342 1.2414 1.24078 1.27002 1.28054 1.29267 1.27968 1.2976 1.32798 1.35081 1.34776 1.38458 1.37581 1.4129 1.44038 1.41401 1.46881 1.46742 1.48258 1.5004 1.49135 1.52836 1.54537 1.57679 1.58893 1.66174 
1.22549 1.20412 1.18395 1.20173 1.15989 1.18546 1.17085 1.15198 1.15672 1.14891 1.14412 1.12244 1.09493 1.1124 1.07807 1.08543 1.0694 1.06558 1.07011 1.03583 1.02916 1.03973 1.04663 1.01434 1.02291 1.02181 1.00859 0.999366 0.993033 1.01457 1.00591 0.996564 0.996275 0.984838 0.9806 0.995274 0.981111 0.979196 0.982186 0.987643 0.979499 0.980146 0.981641 0.985491 0.982486 0.986082 0.990369 0.989411 0.992392 0.996593 1 1.00476 1.00712 1.01467 1.02176 1.02452 1.02796 1.03546 1.0461 1.05218 1.05795 1.06241 1.06658 1.07897 1.09589 1.10284 1.10775 1.11552 1.12541 1.1558 1.14856 1.16364 1.16903 1.18654 1.19409 1.19179 1.22664 1.24551 1.26065 1.27963 1.27128 1.28028 1.31939 1.33136 1.35812 1.36261 1.38792 1.38801 1.40963 1.42067 1.44434 1.45958 1.48134 1.49827 1.5311 1.55343 1.53645 1.56198 1.57532 1.5878 1.62748 
1.23645 1.24342 1.21151 1.2103 1.21045 1.18458 1.14016 1.14746 1.14386 1.14911 1.13091 1.11879 1.09498 1.0762 1.11766 1.0889 1.06881 1.08761 1.04246 1.06601 1.0558 1.02536 1.03632 1.0284 1.02787 1.01071 0.99942 1.02339 1.01287 0.997987 1.01286 0.987704 0.987079 0.98145 0.985254 0.988693 0.981075 0.982324 0.984737 0.984376 0.980401 0.976681 0.98402 0.984111 0.984799 0.984924 0.986879 0.991972 0.993821 0.996671 1 1.00443 1.00867 1.01112 1.01852 1.02443 1.03211 1.03449 1.04125 1.05217 1.07039 1.06349 1.07369 1.0819 1.08585 1.09998 1.1125 1.13078 1.13624 1.14803 1.15976 1.16303 1.17548 1.18958 1.20894 1.20396 1.23879 1.24845 1.26704 1.27509 1.26954 1.2846 1.31187 1.31912 1.36264 1.35086 1.38986 1.3868 1.40003 1.39913 1.45264 1.49348 1.50118 1.51523 1.47462 1.53179 1.52789 1.57132 1.57155 1.61202 1.63101 
1.20553 1.19062 1.20611 1.15766 1.20161 1.17244 1.18174 1.137 1.13902 1.14644 1.11294 1.1116 1.1281 1.09584 1.06907 1.07946 1.07893 1.06867 1.06213 1.05381 1.04569 1.05808 1.03928 1.04098 1.03633 1.01759 1.00841 1.00418 1.00006 1.00368 1.00139 0.98932 0.978602 0.98978 0.988993 0.978662 0.985358 0.980621 0.98489 0.974469 0.97881 0.978591 0.982788 0.978463 0.984211 0.987068 0.990617 0.990365 0.992278 0.996953 1 1.00471 1.00818 1.01353 1.01757 1.02418 1.03032 1.04132 1.04428 1.04661 1.05752 1.06596 1.07439 1.08787 1.09812 1.10727 1.11546 1.13031 1.13243 1.16442 1.15666 1.15971 1.17637 1.19504 1.21038 1.2037 1.23873 1.22036 1.25555 1.27557 1.2773 1.29863 1.30934 1.32468 1.35081 1.38158 1.37911 1.3613 1.38759 1.39447 1.44504 1.45423 1.46495 1.48073 1.49078 1.50811 1.53592 1.57114 1.59654 1.63568 1.64246 
1.19868 1.22242 1.18994 1.19945 1.18568 1.18641 1.1499 1.13993 1.12706 1.11801 1.13142 1.12631 1.12861 1.11646 1.09169 1.06523 1.07923 1.0736 1.08506 1.03874 1.05936 1.0526 1.02919 1.03127 1.02598 1.01334 1.00475 1.01266 0.993711 0.99489 0.995391 0.993853 0.983589 0.978088 0.988361 0.985498 0.988614 0.973994 0.978136 0.980911 0.980499 0.982627 0.981628 0.978919 0.981229 0.986269 0.987669 0.989498 0.993133 0.996354 1 1.00443 1.0083 1.01485 1.01735 1.02495 1.02762 1.03447 1.04718 1.04647 1.05643 1.0682 1.07009 1.06723 1.09034 1.1007 1.1086 1.10679 1.13507 1.12904 1.16753 1.17806 1.17899 1.17687 1.22297 1.22585 1.22572 1.23763 1.25618 1.25457 1.28975 1.28431 1.31392 1.34403 1.32657 1.34692 1.35792 1.34858 1.43745 1.43137 1.44491 1.45608 1.45824 1.50123 1.48901 1.51564 1.5513 1.56831 1.57972 1.59885 1.61905 
1.22912 1.21068 1.19442 1.21036 1.18252 1.18565 1.1405 1.15184 1.1299 1.10242 1.14389 1.10868 1.11806 1.10976 1.07208 1.07675 1.09086 1.04463 1.06923 1.05051 1.0386 1.0416 1.02899 1.02846 1.02918 1.01221 1.01953 0.995049 1.00339 0.988763 0.998359 1.00287 0.98147 0.993823 0.990541 0.976829 0.983794 0.973225 0.979857 0.98401 0.985079 0.982317 0.978711 0.983917 0.984806 0.983998 0.989902 0.990197 0.991774 0.995698 1 1.00409 1.00847 1.01389 1.01692 1.0257 1.02818 1.03532 1.04117 1.04878 1.05985 1.06716 1.07362 1.0844 1.09607 1.10177 1.10268 1.1102 1.12779 1.14345 1.14866 1.15798 1.17807 1.18579 1.2106 1.21567 1.24079 1.23374 1.25971 1.28644 1.27955 1.30176 1.32912 1.33262 1.34651 1.33551 1.38869 1.3993 1.38945 1.39636 1.41948 1.46771 1.47704 1.50094 1.49865 1.53018 1.56374 1.56995 1.58948 1.61369 1.61147 
1.22908 1.22338 1.21353 1.20289 1.16922 1.17471 1.17141 1.12992 1.14096 1.13643 1.11887 1.14331 1.09321 1.09481 1.1037 1.08652 1.06401 1.08204 1.05197 1.05489 1.04431 1.03742 1.0515 1.03366 1.01941 1.00849 0.998296 1.00565 1.0082 0.997431 0.991414 0.992121 1.00173 0.987272 0.983244 0.976755 0.977646 0.985004 0.985917 0.98131 0.977082 0.983381 0.978004 0.983502 0.985779 0.984901 0.98731 0.989994 0.993411 0.996281 1 1.00449 1.00872 1.01265 1.02162 1.02688 1.0297 1.03703 1.04449 1.0509 1.06137 1.06977 1.08359 1.08501 1.09301 1.09675 1.12173 1.10781 1.13141 1.13836 1.1612 1.16085 1.16223 1.19854 1.19907 1.21369 1.24719 1.24131 1.2505 1.3011 1.27108 1.30602 1.32322 1.30303 1.36051 1.35337 1.36588 1.37604 1.41392 1.41984 1.44921 1.4471 1.49651 1.51265 1.50388 1.52248 1.54902 1.54309 1.58788 1.58306 1.59727 
1.21586 1.20975 1.21008 1.1746 1.17149 1.17605 1.13327 1.14601 1.12386 1.16041 1.14141 1.09644 1.11243 1.11533 1.1047 1.0878 1.07512 1.0798 1.0534 1.06139 1.05305 1.04422 1.0126 1.02055 1.03241 1.03502 1.01965 1.02042 1.00668 1.00336 1.00408 0.999574 0.987739 0.995935 0.984467 0.984781 0.991463 0.988852 0.97548 0.976479 0.981795 0.98328 0.978502 0.981685 0.982726 0.986579 0.988045 0.988924 0.992744 0.995645 1 1.00517 1.00956 1.01443 1.01989 1.02475 1.02722 1.03754 1.0454 1.04768 1.06301 1.06205 1.07057 1.09044 1.09102 1.10507 1.10801 1.12366 1.13064 1.15817 1.15127 1.16933 1.1792 1.20487 1.20631 1.22405 1.24042 1.23624 1.26081 1.29157 1.27167 1.30678 1.30157 1.31946 1.34688 1.36616 1.36316 1.41397 1.4485 1.42748 1.42657 1.4808 1.52422 1.50578 1.50488 1.50819 1.5488 1.58402 1.55394 1.60835 1.69096 
1.22703 1.24334 1.20662 1.22697 1.19443 1.17635 1.18635 1.14092 1.12948 1.11698 1.1303 1.11947 1.11844 1.09428 1.11253 1.07759 1.08275 1.08188 1.0674 1.04592 1.05432 1.04145 1.02774 1.02249 1.03406 1.02178 1.01136 1.00731 1.01179 0.996424 0.985879 0.995105 0.992167 0.981566 0.989062 0.984322 0.982359 0.97504 0.979748 0.978823 0.986832 0.987012 0.975443 0.98078 0.98484 0.985603 0.986307 0.990145 0.99221 0.997089 1 1.00457 1.00877 1.01522 1.01779 1.0199 1.02999 1.03697 1.04285 1.04949 1.05728 1.0621 1.07695 1.08513 1.0888 1.10721 1.10508 1.12442 1.13641 1.13109 1.15562 1.16758 1.17767 1.18366 1.22611 1.20712 1.24042 1.21939 1.25256 1.29688 1.2874 1.30263 1.33427 1.28303 1.32497 1.36892 1.4036 1.37685 1.41155 1.4155 1.45589 1.42779 1.50234 1.48494 1.53992 1.51825 1.54238 1.55335 1.57202 1.56421 1.6139 
1.21525 1.22391 1.21919 1.18583 1.16237 1.17054 1.18575 1.17177 1.13611 1.12396 1.13548 1.1162 1.12729 1.09982 1.07439 1.0809 1.07261 1.06018 1.06429 1.0686 1.03825 1.04615 1.02445 1.0432 1.02626 1.0291 1.02321 1.00504 1.01595 1.01257 0.997855 1.00746 0.995621 1.00195 0.996591 0.984776 0.980858 0.985011 0.979845 0.981391 0.98081 0.9814 0.98363 0.978203 0.980392 0.986616 0.987476 0.989252 0.992747 0.995693 1 1.00379 1.00939 1.01459 1.0199 1.02503 1.03076 1.03383 1.04641 1.04677 1.05501 1.07399 1.06999 1.08618 1.09186 1.09825 1.10026 1.12857 1.14257 1.13869 1.15956 1.15786 1.18409 1.18791 1.18582 1.19603 1.24395 1.22614 1.25459 1.26634 1.29407 1.30495 1.31263 1.32541 1.36061 1.36346 1.37354 1.40272 1.41158 1.39388 1.43469 1.45795 1.48299 1.488 1.50666 1.52245 1.56253 1.55633 1.56523 1.59402 1.59882 
1.20691 1.21659 1.20973 1.19814 1.15454 1.15929 1.1472 1.13401 1.14444 1.13305 1.12014 1.09181 1.11204 1.09947 1.07826 1.07778 1.07801 1.05471 1.06254 1.06067 1.04179 1.04039 1.03284 1.03713 1.02026 1.01611 1.02234 1.0096 1.0041 1.00292 0.995873 0.998597 0.98903 0.984315 0.980352 0.990206 0.97778 0.983004 0.976709 0.973893 0.977755 0.975186 0.980803 0.980523 0.982259 0.983294 0.986537 0.991129 0.993445 0.996453 1 1.00448 1.0079 1.01331 1.02065 1.02077 1.0317 1.03303 1.04327 1.05622 1.0608 1.06985 1.08121 1.08201 1.09691 1.10834 1.10248 1.12844 1.13481 1.14319 1.15532 1.16722 1.16923 1.18833 1.19871 1.2301 1.20433 1.23615 1.25042 1.2585 1.28521 1.29778 1.3133 1.32973 1.32647 1.35983 1.36222 1.40115 1.41748 1.44755 1.48068 1.43266 1.47881 1.50345 1.5055 1.53931 1.54222 1.56468 1.59878 1.61301 1.61668 
1.22501 1.18436 1.20372 1.1773 1.18989 1.17192 1.14385 1.17331 1.15533 1.14852 1.1339 1.14003 1.09859 1.09119 1.10634 1.07623 1.07489 1.08652 1.078 1.06486 1.04508 1.02555 1.02998 1.02431 1.01061 1.00884 1.01465 1.01783 1.00221 1.00732 1.00735 0.997763 0.982584 0.989831 0.990361 0.984949 0.984151 0.981127 0.976064 0.983209 0.980151 0.980936 0.978963 0.98093 0.984246 0.983022 0.986499 0.992196 0.993345 0.995682 1 1.00361 1.00759 1.01362 1.01847 1.02516 1.03042 1.03691 1.04577 1.04554 1.05769 1.06714 1.06528 1.08268 1.08882 1.10884 1.11508 1.11952 1.1345 1.15776 1.14659 1.16043 1.18317 1.20078 1.21826 1.20251 1.22355 1.25147 1.26141 1.25073 1.28134 1.2892 1.32327 1.32124 1.34634 1.36198 1.40039 1.39735 1.41894 1.41653 1.42371 1.43091 1.47028 1.51937 1.51256 1.50474 1.53371 1.54032 1.57646 1.62724 1.57327 
1.20455 1.22543 1.18517 1.20187 1.17157 1.19305 1.16426 1.14592 1.13769 1.13976 1.11598 1.14134 1.10982 1.10346 1.07496 1.08463 1.07028 1.06464 1.05061 1.06645 1.03428 1.0376 1.03716 1.02867 1.0177 1.02224 1.00614 1.00274 0.994827 0.992287 0.983837 0.983977 0.977352 0.983921 0.981729 0.982945 0.979169 0.98324 0.981403 0.987937 0.980978 0.979682 0.980806 0.979789 0.982185 0.985018 0.987239 0.992235 0.992243 0.996003 1 1.00423 1.00822 1.01179 1.02032 1.02511 1.03176 1.0406 1.04552 1.05048 1.06314 1.06273 1.07157 1.07339 1.09413 1.09874 1.1037 1.11957 1.1313 1.14933 1.16106 1.17807 1.16189 1.18792 1.20078 1.22772 1.24094 1.24682 1.26428 1.2739 1.29701 1.33219 1.32184 1.29719 1.3401 1.37685 1.34281 1.38826 1.41533 1.42638 1.44168 1.47184 1.48101 1.52482 1.50869 1.52 1.52394 1.54544 1.58667 1.62029 1.63136 
1.2077 1.21402 1.21723 1.17822 1.21119 1.17698 1.17934 1.1625 1.15406 1.13886 1.13706 1.1037 1.10662 1.09041 1.08226 1.08575 1.07792 1.05991 1.07073 1.04423 1.05373 1.05348 1.02668 1.02876 1.00885 1.02347 1.01993 1.01057 1.00585 1.01082 0.998553 0.987312 0.988705 0.982083 0.996088 0.983506 0.985192 0.982883 0.981346 0.986454 0.977524 0.978546 0.981119 0.980593 0.985543 0.986008 0.98758 0.991886 0.991953 0.996258 1 1.00439 1.00678 1.01396 1.01808 1.02586 1.03065 1.03792 1.04131 1.05031 1.05635 1.05905 1.07282 1.08666 1.09115 1.09135 1.11947 1.12758 1.13411 1.1507 1.14814 1.1713 1.18193 1.19692 1.17704 1.22951 1.23058 1.23125 1.25168 1.24503 1.28496 1.30222 1.29942 1.32002 1.35277 1.34134 1.393 1.40346 1.38483 1.43802 1.45757 1.45734 1.4766 1.46445 1.549 1.51723 1.53408 1.59766 1.58127 1.62749 1.62741 
1.22778 1.21733 1.19022 1.19129 1.18866 1.18779 1.14844 1.17818 1.12619 1.14289 1.1367 1.10101 1.12745 1.07321 1.08359 1.07916 1.068 1.05915 1.06206 1.05004 1.05597 1.03366 1.02352 1.02873 1.02096 1.01579 1.0074 1.00196 0.997909 0.988214 0.985071 0.987442 0.994523 0.990381 0.99393 0.982829 0.981542 0.981401 0.986025 0.986037 0.982908 0.984743 0.980886 0.982328 0.984652 0.984233 0.987502 0.990787 0.99327 0.995942 1 1.0042 1.0076 1.01346 1.01684 1.02594 1.03062 1.03715 1.04238 1.05125 1.0503 1.06554 1.07539 1.08835 1.09583 1.11336 1.11314 1.12795 1.13778 1.13419 1.1538 1.16633 1.18453 1.20246 1.20252 1.21855 1.23718 1.22925 1.26201 1.26768 1.29075 1.31371 1.32155 1.30545 1.35478 1.36758 1.39097 1.40055 1.40059 1.46581 1.44102 1.47361 1.47275 1.50137 1.5216 1.52138 1.50662 1.57586 1.5894 1.61193 1.59306 
1.20579 1.2268 1.20701 1.21086 1.18866 1.20616 1.16361 1.152 1.15443 1.11663 1.10853 1.1138 1.0884 1.09384 1.10277 1.11641 1.07571 1.07618 1.05601 1.0456 1.052 1.05494 1.0268 1.01631 1.02344 1.02259 1.00342 1.0158 1.00816 1.00573 1.01587 0.980121 0.98592 0.993799 0.985199 0.982637 0.978718 0.985983 0.981545 0.982189 0.980031 0.979725 0.983176 0.978277 0.984398 0.981772 0.98812 0.990722 0.993028 0.996012 1 1.00368 1.00728 1.01392 1.01744 1.02605 1.02935 1.03383 1.04137 1.05037 1.05966 1.06727 1.07836 1.07254 1.08988 1.09234 1.12454 1.13083 1.13529 1.14942 1.16266 1.16103 1.18441 1.17189 1.2021 1.22187 1.20839 1.23359 1.26576 1.26841 1.26485 1.29691 1.32412 1.29111 1.34751 1.34589 1.37237 1.37388 1.39931 1.46015 1.44669 1.45002 1.45048 1.46415 1.51774 1.55985 1.54143 1.55163 1.58375 1.6116 1.58289 
1.22769 1.24678 1.1821 1.19496 1.1946 1.1559 1.19479 1.16128 1.14337 1.12264 1.13591 1.1221 1.11465 1.10033 1.10145 1.06604 1.09547 1.06645 1.06677 1.0458 1.05251 1.04405 1.02953 1.02318 1.02343 1.02272 1.01117 1.00739 1.01338 0.994544 0.998783 1.00127 0.997027 0.982212 0.978857 0.981004 0.982876 0.97333 0.966386 0.984728 0.978369 0.976102 0.978022 0.978707 0.984983 0.986572 0.987551 0.989198 0.991868 0.996206 1 1.0041 1.00885 1.01299 1.01843 1.02596 1.03024 1.03606 1.04128 1.05458 1.06111 1.07044 1.07487 1.08074 1.09308 1.11109 1.11613 1.11759 1.14343 1.15415 1.16345 1.15503 1.17392 1.1992 1.19755 1.22591 1.23862 1.24233 1.27913 1.2721 1.28985 1.28821 1.32963 1.3528 1.34695 1.3935 1.3434 1.39813 1.38624 1.40653 1.43266 1.42626 1.46671 1.47882 1.51508 1.5382 1.56953 1.57816 1.57972 1.63716 1.59169 
1.25445 1.22061 1.18728 1.21652 1.18377 1.15821 1.17116 1.1356 1.15012 1.13709 1.11913 1.13536 1.10158 1.10084 1.07877 1.07843 1.08945 1.06224 1.02921 1.06066 1.04768 1.05542 1.03892 1.01806 1.02051 1.00446 1.02143 1.00118 1.0055 0.997545 0.99651 1.00159 0.990595 0.988685 0.987259 0.983553 0.99084 0.969524 0.985274 0.985147 0.981848 0.982706 0.982368 0.985606 0.981678 0.98437 0.990641 0.990692 0.993265 0.996387 1 1.00392 1.00796 1.01323 1.0203 1.02524 1.02754 1.03354 1.0444 1.04752 1.05987 1.06901 1.0824 1.07839 1.09006 1.09985 1.10925 1.12886 1.11852 1.13138 1.1637 1.162 1.17997 1.20109 1.20817 1.2102 1.22352 1.25128 1.24084 1.25396 1.29162 1.30061 1.32044 1.32475 1.33948 1.36412 1.39258 1.3952 1.39221 1.43328 1.44735 1.47367 1.49943 1.49133 1.5479 1.51554 1.52956 1.57309 1.58684 1.59804 1.64917 
1.2323 1.19378 1.19835 1.19347 1.17322 1.18261 1.14369 1.14807 1.1593 1.1354 1.12261 1.13191 1.11946 1.11219 1.09707 1.08069 1.06474 1.07245 1.06532 1.04426 1.05045 1.04097 1.03979 1.02234 1.0184 1.00114 1.01437 1.0079 1.00934 0.99075 1.00719 0.999912 0.990056 0.988209 0.990725 0.984359 0.976689 0.97484 0.982953 0.978707 0.97836 0.979986 0.980466 0.981856 0.980368 0.986349 0.987076 0.988896 0.992659 0.996481 1 1.00417 1.00918 1.01324 1.0189 1.02369 1.03275 1.03543 1.04132 1.05103 1.06022 1.06963 1.07376 1.08267 1.0881 1.09537 1.10404 1.12139 1.13878 1.15428 1.16476 1.17641 1.174 1.1893 1.20217 1.21762 1.19981 1.23839 1.24364 1.25534 1.28309 1.29855 1.32449 1.33249 1.35185 1.3722 1.38322 1.37745 1.41035 1.40799 1.41266 1.438 1.47777 1.47555 1.47702 1.53867 1.54598 1.56618 1.58731 1.6166 1.62761 
1.20398 1.20922 1.211 1.20868 1.19157 1.1624 1.15616 1.15921 1.14654 1.14399 1.13733 1.11227 1.10223 1.11965 1.10574 1.08178 1.08262 1.07171 1.05759 1.04401 1.05631 1.04134 1.0397 1.03095 1.01301 1.03421 1.02113 1.01068 1.0111 0.999566 1.0085 0.991729 0.993026 0.988042 0.983925 0.985129 0.965516 0.983253 0.977181 0.979549 0.980988 0.981429 0.978917 0.984896 0.986355 0.984156 0.987384 0.990751 0.99183 0.9962 1 1.00447 1.00921 1.01385 1.01581 1.02612 1.03573 1.03735 1.0377 1.05039 1.05699 1.0667 1.07541 1.0859 1.09221 1.10096 1.11436 1.12115 1.11971 1.14851 1.15303 1.16258 1.17997 1.1856 1.20824 1.20361 1.24176 1.26861 1.26183 1.25648 1.27992 1.28751 1.32082 1.32382 1.34655 1.37321 1.3664 1.39035 1.42656 1.38714 1.43497 1.46191 1.4716 1.51727 1.5282 1.52904 1.57951 1.57143 1.58867 1.55031 1.59173 
1.20533 1.21634 1.22088 1.20977 1.1763 1.15892 1.16326 1.13674 1.16162 1.13946 1.12857 1.11945 1.13601 1.12288 1.09933 1.08307 1.06395 1.08091 1.04557 1.04793 1.0456 1.0453 1.05262 1.01964 1.02386 1.01804 1.01407 1.00393 0.993405 0.993002 1.0033 0.988993 1.00227 0.994217 0.984211 0.98342 0.973167 0.98553 0.982044 0.986947 0.982376 0.979464 0.981993 0.984579 0.983003 0.985517 0.987321 0.990511 0.992949 0.995988 1 1.00443 1.00871 1.01342 1.0206 1.02292 1.03029 1.0368 1.04881 1.05293 1.06183 1.07207 1.07577 1.08223 1.0888 1.10654 1.10771 1.12573 1.14755 1.16099 1.15485 1.16552 1.17555 1.1747 1.22266 1.21493 1.2276 1.24355 1.24961 1.28134 1.30405 1.29958 1.30606 1.32047 1.34032 1.3664 1.38811 1.41541 1.41152 1.44246 1.41805 1.48848 1.48585 1.48464 1.48573 1.51844 1.54118 1.56246 1.5528 1.60158 1.65475 
1.23337 1.20376 1.19801 1.18748 1.17966 1.16884 1.16569 1.16615 1.17278 1.1236 1.12498 1.12487 1.10763 1.10717 1.08622 1.0806 1.09759 1.07652 1.06249 1.03897 1.04802 1.03662 1.02972 1.02277 1.02817 1.03723 0.998433 1.00857 1.00383 1.00365 1.00375 1.00626 0.987715 0.99395 0.989224 0.982773 0.975469 0.97325 0.989656 0.980085 0.987149 0.985875 0.984747 0.984397 0.980004 0.982999 0.984962 0.991042 0.992295 0.996211 1 1.00483 1.00745 1.01465 1.01941 1.02721 1.02895 1.03859 1.04136 1.05079 1.06108 1.06782 1.06591 1.08109 1.09222 1.10647 1.11385 1.12618 1.1419 1.14034 1.15982 1.17448 1.16975 1.20203 1.21598 1.19754 1.2279 1.26067 1.26311 1.29122 1.27104 1.31618 1.31935 1.3395 1.35536 1.36405 1.34722 1.41737 1.40451 1.44933 1.4462 1.46388 1.45917 1.4712 1.49677 1.52574 1.58029 1.5561 1.58493 1.63616 1.68079 
1.23913 1.23281 1.20157 1.19861 1.18329 1.14968 1.17925 1.15431 1.13113 1.15412 1.14224 1.12236 1.0686 1.09493 1.08999 1.07604 1.08256 1.06213 1.05043 1.0541 1.02667 1.03756 1.01466 1.0288 1.02554 0.996913 1.01566 1.01176 1.00649 0.999145 0.996206 0.996056 0.982189 0.999789 0.991172 0.987052 0.982116 0.981689 0.972593 0.981064 0.974868 0.987447 0.977798 0.981019 0.980074 0.986513 0.987303 0.989886 0.993115 0.996519 1 1.00402 1.00799 1.01526 1.01608 1.02532 1.03157 1.03592 1.04767 1.05374 1.0584 1.06613 1.07802 1.08749 1.09215 1.09665 1.11661 1.13 1.13146 1.15641 1.15492 1.16944 1.18877 1.19121 1.19741 1.20543 1.23728 1.26375 1.26464 1.28881 1.29835 1.30103 1.30787 1.33509 1.36515 1.38848 1.3852 1.40207 1.40307 1.42229 1.46922 1.42836 1.4738 1.48982 1.4992 1.52089 1.5468 1.57478 1.60204 1.60103 1.63227 
1.24549 1.21811 1.18464 1.19014 1.19518 1.18837 1.1659 1.16304 1.13078 1.13708 1.12007 1.12279 1.0975 1.10182 1.0867 1.07949 1.05648 1.06087 1.07038 1.06763 1.0455 1.04508 1.03682 1.02968 1.02577 0.997624 1.00793 1.00679 1.00394 0.999903 0.979626 0.987301 0.983843 0.992975 0.983584 0.991606 0.981757 0.983786 0.9801 0.981108 0.974002 0.978276 0.976807 0.982799 0.982674 0.985696 0.987089 0.990238 0.992931 0.996622 1 1.00432 1.00792 1.01244 1.01997 1.02543 1.03089 1.03636 1.04804 1.05017 1.06953 1.06502 1.07437 1.09044 1.09609 1.11111 1.111 1.12261 1.13597 1.14542 1.13937 1.15824 1.18686 1.19078 1.19921 1.23309 1.22959 1.24749 1.24458 1.28284 1.27056 1.33164 1.3136 1.33339 1.36866 1.36854 1.40124 1.37875 1.41437 1.41005 1.45265 1.45749 1.46137 1.51343 1.5245 1.53748 1.54196 1.56474 1.59724 1.58125 1.60417 
1.2404 1.20552 1.20864 1.19258 1.17995 1.17654 1.16893 1.15797 1.1447 1.11785 1.10304 1.11538 1.09728 1.08974 1.09061 1.0664 1.07424 1.05458 1.05504 1.07733 1.04006 1.03499 1.0305 1.02885 1.02613 1.02363 1.00568 1.01167 1.01835 1.00799 0.992512 0.998947 0.983385 0.98516 0.97783 0.980546 0.980415 0.974538 0.987384 0.98215 0.978988 0.976486 0.981837 0.983584 0.981023 0.988279 0.985788 0.988354 0.993399 0.995942 1 1.00422 1.00847 1.01435 1.01726 1.02559 1.0326 1.04078 1.04517 1.05007 1.05707 1.05853 1.0717 1.08772 1.08884 1.10784 1.11691 1.12129 1.13618 1.1452 1.14742 1.15478 1.17301 1.19158 1.19768 1.22602 1.23483 1.24477 1.25992 1.2731 1.29173 1.31102 1.30468 1.31633 1.30908 1.37598 1.38769 1.3944 1.42601 1.41833 1.44053 1.44996 1.4402 1.46552 1.52002 1.54199 1.52693 1.59771 1.56593 1.58625 1.66057 
1.2279 1.23389 1.1932 1.2021 1.16891 1.16875 1.18508 1.15389 1.14306 1.14555 1.11315 1.10191 1.10673 1.10243 1.10215 1.07916 1.09549 1.06307 1.05833 1.05023 1.04057 1.03764 1.04092 1.03476 1.01451 1.014 1.01179 1.02012 1.01042 0.992762 1.00072 0.992446 0.988357 0.990094 0.986467 0.979622 0.976125 0.982773 0.987638 0.971345 0.979493 0.987175 0.985015 0.980284 0.981514 0.985424 0.988032 0.989368 0.992462 0.99643 1 1.00456 1.00949 1.01186 1.02123 1.02353 1.03082 1.03468 1.04202 1.05682 1.05467 1.06568 1.07869 1.08123 1.09063 1.10006 1.12346 1.1197 1.13858 1.13238 1.15399 1.16394 1.1872 1.18127 1.21094 1.20636 1.23926 1.24898 1.24981 1.26469 1.29065 1.29837 1.33061 1.32651 1.3318 1.33915 1.37829 1.38359 1.38928 1.43408 1.43342 1.4589 1.46714 1.51497 1.52402 1.53222 1.58126 1.56302 1.57439 1.58417 1.63774 
1.22958 1.23971 1.21279 1.18411 1.18906 1.17732 1.15218 1.15454 1.15328 1.12988 1.10645 1.1087 1.09553 1.11187 1.09319 1.09732 1.07892 1.07968 1.06579 1.05807 1.05252 1.02592 1.04135 1.01136 1.02295 1.02997 1.00863 1.00206 0.985523 1.00478 0.999811 0.991429 0.979376 0.984007 0.978735 0.982812 0.982674 0.980012 0.976521 0.980316 0.981941 0.980992 0.97877 0.98025 0.985223 0.983273 0.986981 0.991061 0.992127 0.996127 1 1.00411 1.00855 1.01309 1.0181 1.02419 1.02929 1.03224 1.0374 1.04971 1.05466 1.06523 1.0757 1.07321 1.08962 1.10611 1.10768 1.11587 1.14398 1.1458 1.15889 1.16729 1.1784 1.18982 1.20209 1.22434 1.23808 1.24893 1.24335 1.27089 1.28301 1.30043 1.32229 1.33796 1.35064 1.37549 1.36423 1.39269 1.42366 1.41785 1.44697 1.47541 1.51307 1.49876 1.52631 1.55255 1.56251 1.55133 1.61716 1.54977 1.63228 
1.21079 1.21746 1.19848 1.18983 1.18866 1.17029 1.17373 1.1451 1.13693 1.12055 1.12411 1.1163 1.11491 1.10056 1.08937 1.08728 1.06414 1.07759 1.06291 1.04458 1.0532 1.05284 1.03922 1.0314 1.01888 1.02006 1.00996 0.993211 1.00807 0.994669 0.98787 1.00291 0.988827 0.987325 0.983857 0.988132 0.986637 0.976422 0.974464 0.983582 0.979427 0.982924 0.980369 0.9806 0.984219 0.98498 0.984515 0.988616 0.99306 0.995516 1 1.00443 1.00853 1.01424 1.01959 1.02685 1.02915 1.04169 1.05225 1.05188 1.05443 1.07147 1.07742 1.07922 1.09111 1.10005 1.10837 1.12753 1.11679 1.14085 1.14723 1.15683 1.16451 1.18263 1.20182 1.22747 1.23076 1.23703 1.25347 1.27898 1.30354 1.31484 1.29947 1.35461 1.36369 1.34822 1.33977 1.38593 1.40439 1.42344 1.44812 1.45945 1.44701 1.51182 1.52681 1.50137 1.56668 1.55388 1.59427 1.6191 1.59332 
1.22215 1.24382 1.19116 1.1933 1.17108 1.18027 1.17013 1.14197 1.16349 1.14052 1.14574 1.12309 1.0895 1.09857 1.11186 1.06609 1.08114 1.05732 1.05735 1.04424 1.04741 1.05435 1.0518 1.02601 1.02929 1.01575 1.01206 1.00255 1.00822 0.989319 0.996094 1.00235 0.99253 0.992223 0.977762 0.994644 0.983904 0.982688 0.983863 0.985172 0.978596 0.980901 0.978682 0.979747 0.983961 0.984051 0.987591 0.992175 0.991958 0.996278 1 1.00361 1.00932 1.01171 1.01773 1.02382 1.03243 1.04026 1.04751 1.05178 1.05157 1.07228 1.06587 1.08776 1.0834 1.1068 1.1205 1.12742 1.12754 1.14111 1.16476 1.15567 1.17887 1.18239 1.1936 1.21754 1.21225 1.25186 1.26143 1.26043 1.2737 1.3007 1.31209 1.3297 1.35308 1.38711 1.37039 1.4002 1.43033 1.43357 1.44671 1.4347 1.49277 1.533 1.48981 1.52239 1.50721 1.55804 1.57135 1.58109 1.62567 
1.23119 1.22297 1.20923 1.2019 1.17075 1.18015 1.18184 1.18017 1.15534 1.13927 1.12943 1.12154 1.12643 1.09065 1.0882 1.08424 1.06128 1.05388 1.05728 1.04253 1.03824 1.04458 1.03795 1.02554 1.03072 1.02135 1.01341 1.01949 1.01351 0.986049 0.999882 0.987899 0.993734 0.986891 0.983473 0.979548 0.98146 0.981776 0.978293 0.983929 0.977298 0.983597 0.98476 0.982543 0.984841 0.983921 0.988577 0.989611 0.993036 0.996458 1 1.00461 1.00752 1.01518 1.01876 1.02592 1.03035 1.03776 1.04611 1.05603 1.0597 1.07159 1.0693 1.08765 1.09598 1.10026 1.12136 1.1311 1.12731 1.1423 1.15623 1.16585 1.18841 1.18624 1.19305 1.1964 1.21979 1.22784 1.25846 1.26705 1.31505 1.29076 1.30466 1.35095 1.32775 1.37358 1.37632 1.37848 1.39355 1.40501 1.46533 1.4289 1.49596 1.50542 1.52122 1.53062 1.52474 1.59201 1.59631 1.59497 1.63271 
1.22402 1.233 1.20885 1.18782 1.20454 1.16472 1.18645 1.15057 1.15216 1.14653 1.13527 1.10998 1.12035 1.11979 1.10102 1.07182 1.08667 1.05753 1.06009 1.05981 1.04733 1.0346 1.03424 1.0281 1.03352 1.01179 1.02206 1.00838 1.008 1.01812 0.998382 0.994714 0.985005 0.993307 0.984152 0.993508 0.994461 0.987311 0.980877 0.97913 0.984531 0.977689 0.972659 0.985666 0.987968 0.984209 0.986978 0.990544 0.992495 0.995481 1 1.0047 1.00761 1.01445 1.01775 1.024 1.02955 1.03421 1.04614 1.05393 1.05479 1.06932 1.06924 1.08705 1.08794 1.09954 1.10773 1.1212 1.13207 1.13689 1.14955 1.17196 1.1835 1.19566 1.20229 1.21026 1.23643 1.25654 1.24856 1.27641 1.30868 1.29107 1.31708 1.3428 1.34789 1.3706 1.35597 1.38292 1.38842 1.40942 1.43896 1.45007 1.45198 1.509 1.53206 1.56087 1.54421 1.5529 1.54779 1.62597 1.65522 
1.21562 1.22625 1.17547 1.19012 1.18458 1.18168 1.17432 1.16476 1.14066 1.13798 1.15737 1.10302 1.11632 1.11613 1.10668 1.08472 1.07828 1.08312 1.07089 1.064 1.03426 1.0428 1.04703 1.01752 1.031 1.02853 1.01375 1.01541 1.00577 1.00007 1.00072 0.985189 0.994051 0.979848 0.983548 0.987984 0.978601 0.984581 0.97902 0.984785 0.975693 0.97308 0.984425 0.984737 0.984746 0.988957 0.989845 0.989817 0.994165 0.996268 1 1.00365 1.00825 1.01553 1.01826 1.02597 1.03165 1.037 1.04464 1.0549 1.06062 1.06446 1.07302 1.07855 1.08735 1.1105 1.12898 1.12699 1.12674 1.14308 1.14836 1.1578 1.19731 1.17916 1.21397 1.20247 1.239 1.23556 1.25175 1.26191 1.26496 1.32779 1.31178 1.3231 1.35448 1.37001 1.39025 1.37185 1.39887 1.41203 1.47541 1.41712 1.48881 1.5183 1.50159 1.50767 1.55267 1.55048 1.57671 1.6194 1.60318 
1.24357 1.24023 1.19328 1.19599 1.18818 1.18061 1.17418 1.17129 1.15307 1.15915 1.12807 1.12935 1.10233 1.10263 1.1187 1.07492 1.07809 1.07043 1.07001 1.03914 1.04655 1.03888 1.03673 1.02854 1.01147 1.0095 1.0162 1.02349 1.0021 0.98981 0.986596 0.99023 0.991376 0.986832 0.991518 0.994396 0.981323 0.979793 0.974506 0.96842 0.986199 0.982355 0.98117 0.981387 0.986929 0.98364 0.987364 0.991161 0.993834 0.996119 1 1.00376 1.00751 1.01354 1.0176 1.0237 1.03324 1.03525 1.05094 1.04626 1.06289 1.05938 1.06976 1.07276 1.09834 1.10289 1.11638 1.11253 1.13991 1.1583 1.15162 1.15948 1.16044 1.1967 1.20582 1.217 1.24214 1.24164 1.24496 1.26975 1.30818 1.30146 1.30224 1.33317 1.33817 1.34126 1.36465 1.40825 1.40746 1.42977 1.42321 1.43993 1.49558 1.47617 1.48541 1.5161 1.53486 1.56514 1.57985 1.58226 1.643 
1.25065 1.21486 1.18281 1.17866 1.20063 1.1659 1.14464 1.14468 1.15009 1.14741 1.13744 1.11124 1.09411 1.10661 1.07387 1.08162 1.06858 1.08235 1.05318 1.05207 1.04171 1.0467 1.02774 1.02941 1.02347 1.01726 1.0273 1.00753 1.0046 0.993743 0.99191 0.998127 0.998116 0.978328 0.987792 0.980119 0.983153 0.978432 0.975141 0.980071 0.981101 0.978643 0.983608 0.982102 0.984843 0.983891 0.986829 0.988654 0.99335 0.996919 1 1.00421 1.00924 1.01398 1.01882 1.02269 1.02937 1.04288 1.04295 1.05129 1.05829 1.06763 1.07532 1.08043 1.09349 1.10286 1.11619 1.12467 1.13032 1.15008 1.15931 1.15417 1.18366 1.18768 1.19609 1.20039 1.23254 1.2459 1.24036 1.25783 1.28062 1.30756 1.3296 1.34151 1.34917 1.38436 1.34693 1.38227 1.41655 1.44395 1.41077 1.4416 1.4881 1.47514 1.49516 1.50055 1.53681 1.58337 1.61505 1.55621 1.60444 
1.19538 1.25104 1.19151 1.17705 1.16537 1.16306 1.15232 1.15519 1.14961 1.12141 1.14396 1.11637 1.11088 1.10358 1.10456 1.07998 1.08461 1.07819 1.05952 1.05617 1.04006 1.03846 1.03828 1.03082 1.0245 1.01649 1.02671 1.00676 1.00477 0.994354 0.988487 1.00403 0.98488 0.985354 0.978572 0.973468 0.973706 0.982952 0.982978 0.981993 0.978053 0.980781 0.98697 0.981866 0.982996 0.986355 0.987679 0.98944 0.993464 0.99582 1 1.00393 1.00899 1.01292 1.01721 1.02499 1.02974 1.04675 1.03921 1.04879 1.06171 1.06767 1.07266 1.08036 1.09397 1.09304 1.10954 1.13746 1.10677 1.15235 1.15492 1.15793 1.17661 1.19972 1.20217 1.20123 1.25351 1.25099 1.26723 1.27446 1.30534 1.31857 1.30561 1.32968 1.33504 1.38543 1.38367 1.35354 1.38996 1.44168 1.44948 1.45386 1.45906 1.52193 1.5119 1.51595 1.56417 1.57294 1.5735 1.59725 1.67181 
1.24199 1.22417 1.192 1.20844 1.20308 1.18679 1.17515 1.15598 1.15737 1.13108 1.14285 1.11982 1.09106 1.11212 1.08141 1.07901 1.07138 1.07476 1.05221 1.06662 1.04879 1.05097 1.03679 1.03127 1.042 1.02484 1.00893 1.00462 1.01216 1.00964 0.988031 0.988615 0.991352 0.99395 0.985934 0.979029 0.979438 0.987844 0.976568 0.974967 0.97936 0.981556 0.983295 0.984235 0.985678 0.983972 0.989514 0.991852 0.992246 0.996271 1 1.00381 1.00787 1.01428 1.01823 1.02223 1.03024 1.03566 1.04316 1.05188 1.05588 1.06515 1.07726 1.08593 1.09805 1.09487 1.11711 1.12279 1.13111 1.14475 1.1511 1.15585 1.18955 1.17909 1.20299 1.22101 1.23819 1.23887 1.26656 1.26061 1.31402 1.31806 1.31684 1.3016 1.33648 1.38889 1.36255 1.39894 1.40191 1.45451 1.42862 1.49016 1.47122 1.50243 1.50674 1.5927 1.57964 1.57414 1.60566 1.58054 1.59317 
1.24016 1.21865 1.1872 1.20946 1.19388 1.19646 1.16597 1.16876 1.15372 1.1413 1.15442 1.12668 1.12193 1.11685 1.08329 1.09851 1.08627 1.06415 1.06421 1.08292 1.0494 1.05759 1.05347 1.03809 1.02912 1.0263 1.01108 1.00928 1.00885 0.998928 0.997666 0.993931 0.987045 0.992495 0.97726 0.991879 0.979982 0.984637 0.981513 0.974916 0.979459 0.97952 0.98057 0.985269 0.982865 0.983626 0.986253 0.991947 0.994152 0.995742 1 1.00497 1.00899 1.01308 1.01793 1.02031 1.02909 1.03688 1.05111 1.05283 1.05853 1.06692 1.07753 1.08321 1.08896 1.10093 1.10237 1.12579 1.13237 1.1411 1.16755 1.1659 1.18552 1.18244 1.20333 1.22678 1.23345 1.24486 1.25064 1.26605 1.2684 1.30279 1.31163 1.3357 1.33137 1.33435 1.38396 1.38769 1.43189 1.40292 1.4075 1.45477 1.43613 1.47298 1.52439 1.51843 1.55032 1.5352 1.6042 1.59006 1.62696 
1.22279 1.23788 1.19175 1.191 1.18965 1.18777 1.18195 1.14239 1.15184 1.1265 1.13768 1.13128 1.10106 1.10355 1.09909 1.09653 1.0759 1.05952 1.07227 1.05767 1.04362 1.03004 1.02483 1.02652 1.02542 1.01891 1.01673 1.01981 0.993598 0.997784 0.985816 0.987013 0.993583 0.992268 0.985015 0.984342 0.984663 0.97794 0.973128 0.989552 0.983899 0.983193 0.984936 0.978236 0.982528 0.984483 0.985917 0.987513 0.992135 0.996536 1 1.00374 1.00878 1.01283 1.01794 1.02601 1.0323 1.03984 1.04745 1.0483 1.05432 1.0704 1.07418 1.08536 1.08746 1.10304 1.10172 1.12391 1.14321 1.13678 1.14487 1.15983 1.18906 1.20556 1.19209 1.19434 1.23694 1.24337 1.2688 1.24698 1.2865 1.29887 1.31481 1.31936 1.32619 1.34134 1.34129 1.36389 1.42361 1.43453 1.41588 1.44916 1.46593 1.50719 1.51643 1.52016 1.54971 1.52997 1.5916 1.58863 1.61948 
1.2288 1.2228 1.19331 1.16137 1.16389 1.15217 1.15364 1.17347 1.154 1.13962 1.14768 1.0889 1.11372 1.09986 1.09658 1.06634 1.09008 1.07645 1.06525 1.05237 1.0366 1.05439 1.04792 1.02789 1.03013 1.01607 1.00322 1.00796 1.00139 1.00063 1.00064 0.992525 0.989074 0.989077 0.980716 0.981801 0.978221 0.979176 0.982696 0.976428 0.98708 0.980497 0.982716 0.982626 0.984774 0.985417 0.987859 0.989951 0.993413 0.995996 1 1.00391 1.00837 1.01388 1.017 1.02527 1.02555 1.03353 1.0461 1.05074 1.06161 1.06013 1.0698 1.08018 1.08884 1.10797 1.10506 1.1134 1.12565 1.14765 1.15384 1.17125 1.19251 1.18947 1.20416 1.21348 1.23979 1.24159 1.25191 1.24854 1.30081 1.29364 1.29679 1.32572 1.3386 1.33906 1.36193 1.37607 1.40027 1.44056 1.43951 1.45532 1.47787 1.46701 1.53262 1.52148 1.53061 1.52868 1.57097 1.57479 1.59626 
1.24248 1.19169 1.19455 1.14917 1.18733 1.20807 1.16193 1.14547 1.13342 1.13157 1.12254 1.12852 1.12012 1.09267 1.09136 1.08874 1.08897 1.07077 1.05691 1.05517 1.06463 1.04371 1.04464 1.03082 1.0324 1.01745 1.01428 1.00726 1.0031 0.995102 1.0025 0.998532 0.993595 0.980149 0.985183 0.982032 0.98589 0.979027 0.981833 0.984687 0.985866 0.977378 0.981373 0.982647 0.984768 0.986882 0.987174 0.99021 0.993252 0.99611 1 1.00328 1.00781 1.01336 1.0205 1.02393 1.03259 1.03439 1.04453 1.04923 1.06108 1.07098 1.06581 1.07515 1.08646 1.10706 1.1085 1.11335 1.13687 1.15759 1.1374 1.15601 1.15822 1.18613 1.19824 1.21726 1.22619 1.23617 1.25278 1.27041 1.30151 1.28331 1.31367 1.32937 1.36063 1.37529 1.39615 1.38562 1.43146 1.40759 1.44707 1.44767 1.47765 1.48309 1.51182 1.54242 1.57558 1.56022 1.54824 1.60066 1.61733 
1.25514 1.20126 1.19572 1.17328 1.15247 1.17824 1.18927 1.1617 1.12172 1.13817 1.12417 1.13019 1.09712 1.1047 1.10512 1.10469 1.06922 1.07809 1.06499 1.05917 1.03911 1.03874 1.04171 1.03364 1.03433 1.01942 1.023 1.02138 1.01502 1.0056 0.995543 0.990256 0.996781 0.981132 0.988635 0.980088 0.991902 0.97421 0.979378 0.977195 0.986806 0.978013 0.982076 0.983397 0.987714 0.982834 0.988293 0.990897 0.992536 0.99676 1 1.00394 1.00829 1.01397 1.01615 1.02457 1.0316 1.03394 1.04105 1.05273 1.05564 1.06598 1.07282 1.08034 1.09265 1.10375 1.10879 1.12623 1.1333 1.14725 1.16102 1.1528 1.17668 1.18441 1.21197 1.21705 1.22542 1.24251 1.25704 1.2796 1.29776 1.30566 1.31475 1.33267 1.33341 1.3541 1.37091 1.41273 1.40929 1.41798 1.44749 1.45389 1.48579 1.49048 1.48192 1.56057 1.5497 1.56521 1.59757 1.57032 1.62088 
1.20814 1.22499 1.21867 1.23169 1.1879 1.18668 1.19477 1.15978 1.14975 1.13578 1.13345 1.08116 1.12135 1.09846 1.08509 1.08611 1.05507 1.07419 1.07435 1.06969 1.04481 1.05258 1.01803 1.02385 1.02192 1.01772 1.01151 1.00958 1.00443 1.01437 0.997301 1.00278 0.993975 0.990258 0.984428 0.986817 0.98774 0.984578 0.980926 0.983365 0.978625 0.982865 0.976844 0.979401 0.982247 0.984441 0.988029 0.988039 0.992822 0.996525 1 1.00424 1.00902 1.01263 1.01661 1.02373 1.03072 1.03379 1.04306 1.05108 1.05713 1.06876 1.06802 1.08678 1.09479 1.09507 1.11261 1.1274 1.13835 1.15105 1.16104 1.1594 1.18724 1.17628 1.21481 1.21148 1.23274 1.22761 1.27858 1.27632 1.26872 1.31019 1.34959 1.32534 1.34415 1.35775 1.37356 1.3833 1.39352 1.43828 1.44427 1.47624 1.46208 1.49359 1.50874 1.55288 1.53992 1.57777 1.57793 1.55251 1.58073 
1.25414 1.20672 1.1861 1.19783 1.20741 1.18654 1.17447 1.1625 1.15042 1.1482 1.13142 1.12841 1.12436 1.11057 1.1144 1.10211 1.08795 1.07 1.06263 1.06116 1.05952 1.05328 1.05593 1.05345 1.03558 1.01457 1.04163 1.01358 1.00999 1.0123 1.00239 0.989435 0.999444 0.984415 0.986009 0.997557 0.981108 0.984781 0.975285 0.981561 0.976252 0.9739 0.980308 0.984493 0.983124 0.986051 0.987486 0.988734 0.993819 0.996175 1 1.00355 1.00837 1.01395 1.01913 1.02557 1.03266 1.03586 1.03972 1.0474 1.05337 1.06178 1.07798 1.08477 1.07861 1.09972 1.117 1.10901 1.12543 1.14138 1.15481 1.18 1.16591 1.18374 1.20776 1.20268 1.23206 1.24484 1.26255 1.26251 1.27724 1.28529 1.32727 1.31905 1.35178 1.374 1.39683 1.41325 1.38944 1.447 1.42756 1.45714 1.46919 1.47845 1.50318 1.51367 1.54772 1.57663 1.58524 1.60385 1.6211 
1.21549 1.23603 1.24014 1.2105 1.17316 1.1671 1.15204 1.1479 1.12881 1.15578 1.10944 1.10241 1.10452 1.10356 1.09696 1.08452 1.08022 1.08322 1.05748 1.05963 1.04914 1.05329 1.03279 1.02703 1.02451 1.01839 1.0285 1.01821 1.00945 1.01071 0.993315 0.989528 0.993454 0.985018 0.995711 0.979428 0.981088 0.977279 0.975943 0.987074 0.982188 0.98 0.981057 0.979787 0.982422 0.985463 0.989621 0.989027 0.991766 0.996451 1 1.00426 1.00686 1.01283 1.01667 1.02661 1.0311 1.03836 1.04609 1.05565 1.05891 1.06267 1.07097 1.07973 1.08971 1.09551 1.12019 1.12829 1.12213 1.14116 1.15598 1.16135 1.18003 1.19173 1.20147 1.20252 1.22236 1.24562 1.27171 1.26058 1.27883 1.30681 1.31646 1.32624 1.35658 1.32593 1.3458 1.41536 1.39626 1.38841 1.45106 1.46536 1.4672 1.48863 1.51698 1.4817 1.51214 1.53801 1.58052 1.57472 1.62609 
1.25008 1.21856 1.20347 1.1917 1.20346 1.17788 1.15177 1.16398 1.16853 1.15165 1.11847 1.13222 1.1013 1.10377 1.08438 1.06219 1.10175 1.07351 1.02613 1.05493 1.03617 1.0435 1.03896 1.0439 1.02455 1.03064 1.00937 1.00888 1.01955 1.00604 0.996904 0.99522 0.994227 0.990897 0.988324 0.988704 0.983719 0.985581 0.980112 0.973822 0.985156 0.984516 0.979397 0.984726 0.986615 0.986998 0.986672 0.989554 0.993901 0.99673 1 1.00418 1.00992 1.0111 1.01897 1.02377 1.02961 1.03534 1.04424 1.0501 1.05797 1.07058 1.07394 1.08473 1.09404 1.09987 1.10552 1.11736 1.13409 1.13714 1.15877 1.1593 1.1686 1.17624 1.2016 1.22383 1.23714 1.23453 1.24252 1.26864 1.27866 1.28258 1.30401 1.36011 1.34246 1.35505 1.38342 1.36945 1.40099 1.41136 1.44442 1.46444 1.47303 1.51242 1.50225 1.52478 1.58822 1.55153 1.55389 1.62354 1.57219 
1.24374 1.23809 1.20117 1.17517 1.20257 1.16997 1.18712 1.16179 1.16707 1.13038 1.12364 1.12145 1.12755 1.12317 1.10239 1.10102 1.09279 1.06467 1.04689 1.06672 1.0641 1.02281 1.02536 1.02357 1.01271 1.02274 1.01204 1.00762 1.01353 1.0007 0.995314 0.995286 1.00106 0.990988 0.994681 0.998198 0.980458 0.988219 0.983663 0.970617 0.983106 0.983324 0.980465 0.984539 0.98491 0.988739 0.986743 0.989684 0.993758 0.996281 1 1.0036 1.00781 1.01234 1.01803 1.02718 1.02951 1.03893 1.03819 1.05008 1.06524 1.06249 1.0669 1.08476 1.08612 1.09677 1.11108 1.13288 1.12292 1.13919 1.15898 1.1749 1.17083 1.17318 1.18332 1.21111 1.24422 1.22529 1.26806 1.27578 1.2923 1.26373 1.29814 1.3314 1.34526 1.37838 1.34142 1.41577 1.40076 1.41932 1.44178 1.45681 1.46913 1.49339 1.51499 1.48945 1.55787 1.55116 1.5445 1.60558 1.58457 
1.24571 1.23401 1.23732 1.20208 1.18856 1.18024 1.17152 1.16068 1.17494 1.16062 1.1126 1.1328 1.09194 1.08948 1.08174 1.07533 1.07433 1.07706 1.06649 1.04394 1.0448 1.04217 1.03336 1.02979 1.0417 1.02754 1.00407 1.01375 1.01775 1.00967 0.9982 0.990374 0.988459 0.99063 0.988483 0.992383 0.983354 0.986647 0.97731 0.978581 0.977929 0.981609 0.983557 0.983649 0.983846 0.985923 0.986313 0.991013 0.993064 0.995916 1 1.00377 1.0072 1.01286 1.0197 1.0254 1.02757 1.03055 1.0431 1.0539 1.0547 1.05764 1.07331 1.08348 1.08938 1.09663 1.10782 1.11834 1.12439 1.14186 1.15407 1.17227 1.16832 1.19208 1.19498 1.21135 1.24503 1.21819 1.25256 1.26966 1.28086 1.27856 1.30165 1.31133 1.35514 1.37359 1.37742 1.35941 1.41903 1.41338 1.43817 1.42881 1.47782 1.48696 1.4938 1.53321 1.56693 1.54164 1.54142 1.58034 1.66018 
1.22749 1.22324 1.20986 1.18407 1.20045 1.18895 1.16773 1.18104 1.15761 1.13238 1.11277 1.13249 1.10242 1.11713 1.10361 1.09241 1.08969 1.06905 1.05881 1.04666 1.04352 1.0439 1.04089 1.015 1.03351 1.02067 1.01453 1.00958 1.00137 1.00746 1.00347 1.00552 0.985771 0.995183 0.988024 0.98564 0.981804 0.973535 0.982557 0.983017 0.977522 0.97904 0.977693 0.980995 0.985834 0.983445 0.989259 0.992063 0.991794 0.996167 1 1.00427 1.00921 1.01167 1.01413 1.0249 1.02872 1.03774 1.04135 1.04238 1.05754 1.06792 1.07282 1.08021 1.09262 1.10373 1.1079 1.11355 1.12731 1.15998 1.14319 1.15987 1.19177 1.18208 1.21466 1.19785 1.24217 1.22286 1.25328 1.27153 1.30299 1.29599 1.31367 1.31846 1.3194 1.31851 1.38043 1.3988 1.40984 1.41459 1.43903 1.43586 1.48178 1.47853 1.49059 1.52723 1.57285 1.5848 1.56948 1.61156 1.61109 
1.19697 1.22494 1.21978 1.20128 1.19121 1.20014 1.16144 1.18297 1.13692 1.13566 1.12849 1.12739 1.11223 1.10745 1.08947 1.09646 1.06099 1.06511 1.06467 1.08216 1.07065 1.05407 1.03682 1.04003 1.02824 1.02978 1.02341 1.01378 1.01943 1.01561 0.999241 0.993592 0.996839 0.992103 0.991868 0.997402 0.98687 0.99736 0.983107 0.984988 0.981184 0.977189 0.980996 0.981187 0.984671 0.985085 0.986194 0.990513 0.993547 0.99645 1 1.00403 1.00892 1.0128 1.01878 1.02403 1.03274 1.03908 1.03766 1.05844 1.05601 1.06711 1.07171 1.0829 1.09072 1.10045 1.11315 1.12121 1.13362 1.13202 1.14766 1.15767 1.16946 1.1849 1.20727 1.19858 1.21883 1.23484 1.25785 1.27152 1.27578 1.29612 1.30463 1.32884 1.34966 1.3415 1.37872 1.3811 1.40684 1.41407 1.43919 1.46889 1.47809 1.5116 1.50517 1.50415 1.5343 1.56196 1.60387 1.57579 1.61606 
1.26281 1.23713 1.20805 1.19633 1.17094 1.17874 1.18913 1.17749 1.15768 1.12503 1.14197 1.13285 1.10634 1.07971 1.1112 1.09833 1.09008 1.07482 1.07608 1.05506 1.05157 1.03446 1.04295 1.04232 1.03675 1.01885 1.02401 1.00675 1.01187 1.00392 1.00726 0.992054 0.993986 0.980845 0.991005 0.988995 0.993669 0.976476 0.983832 0.979119 0.979046 0.984469 0.981175 0.984348 0.983697 0.986539 0.987895 0.990402 0.993505 0.996746 1 1.00446 1.00802 1.01309 1.01884 1.02404 1.02747 1.03257 1.04041 1.05567 1.0519 1.06513 1.07344 1.07481 1.09017 1.0999 1.10558 1.11338 1.13936 1.13723 1.14241 1.16652 1.17393 1.19579 1.19056 1.19713 1.23459 1.26478 1.2399 1.24878 1.28075 1.29135 1.30465 1.30896 1.34592 1.34423 1.35627 1.3789 1.3901 1.4212 1.43982 1.44277 1.47766 1.48907 1.51755 1.54645 1.54799 1.55002 1.61037 1.58098 1.63761 
1.23001 1.22288 1.20523 1.19092 1.20359 1.14318 1.15324 1.14698 1.1424 1.13146 1.13083 1.12815 1.12781 1.10826 1.09456 1.08659 1.10076 1.06773 1.0775 1.07708 1.06091 1.05473 1.03647 1.03394 1.02906 1.00719 1.01568 1.02398 0.998287 1.00485 1.00942 0.983833 0.996255 0.998202 1.00125 0.991617 0.984361 0.979837 0.986086 0.985523 0.982622 0.985761 0.983543 0.979892 0.982321 0.98702 0.987069 0.990461 0.992335 0.995831 1 1.00369 1.00901 1.014 1.01732 1.02399 1.02899 1.03639 1.04182 1.04423 1.06221 1.06351 1.07526 1.08291 1.088 1.09149 1.107 1.11942 1.13143 1.139 1.15751 1.16838 1.15789 1.18284 1.20887 1.21825 1.22039 1.24877 1.26943 1.25898 1.26818 1.27474 1.31741 1.31973 1.33063 1.31171 1.38027 1.35865 1.40876 1.44524 1.45322 1.45048 1.43311 1.47965 1.49754 1.51538 1.522 1.57247 1.55569 1.65715 1.64478 
1.23808 1.21362 1.21129 1.19621 1.20659 1.18178 1.18108 1.14468 1.1457 1.16484 1.13716 1.09623 1.1104 1.10642 1.07816 1.09775 1.09143 1.08119 1.06781 1.07291 1.04706 1.04147 1.02936 1.02793 1.02371 1.02287 1.01302 1.01909 1.01812 1.01307 1.00409 0.998933 0.99575 0.987338 0.994179 0.985045 0.986711 0.987696 0.977107 0.996544 0.976288 0.988234 0.982585 0.980193 0.982699 0.986297 0.989035 0.992568 0.99411 0.996212 1 1.00394 1.00828 1.01333 1.01804 1.02518 1.0295 1.03776 1.03912 1.04725 1.06728 1.06474 1.07078 1.08333 1.08625 1.09597 1.1155 1.11075 1.13499 1.14402 1.14904 1.16184 1.17945 1.17861 1.18146 1.2056 1.23121 1.23926 1.25795 1.26629 1.27494 1.29394 1.33063 1.31079 1.33379 1.34008 1.4023 1.37668 1.40652 1.43926 1.42425 1.45908 1.44389 1.47882 1.48531 1.51056 1.56536 1.55472 1.5345 1.58306 1.62346 
1.2636 1.21814 1.23922 1.21311 1.16397 1.1787 1.16552 1.17641 1.13587 1.14613 1.12187 1.12101 1.12192 1.11606 1.11068 1.08424 1.09343 1.05782 1.06666 1.05424 1.04983 1.05075 1.02781 1.03468 1.04425 1.02205 1.02195 1.00651 1.01311 1.00054 0.998181 0.9944 0.990598 0.978299 0.998195 0.987817 0.980858 0.98303 0.98368 0.993143 0.981304 0.985578 0.986238 0.984665 0.985467 0.985257 0.986221 0.991447 0.992209 0.996082 1 1.0034 1.00879 1.01257 1.01891 1.02313 1.02883 1.03557 1.03796 1.05419 1.05862 1.06521 1.07169 1.08157 1.09587 1.09339 1.10409 1.11323 1.1192 1.13178 1.15923 1.16278 1.18197 1.19511 1.19 1.21193 1.22989 1.24633 1.2458 1.24573 1.28534 1.30136 1.28617 1.32061 1.336 1.34808 1.37693 1.40781 1.39394 1.41965 1.4535 1.46827 1.46142 1.48342 1.51146 1.50999 1.5351 1.58383 1.56826 1.5833 1.62617 
1.2321 1.22408 1.2358 1.23957 1.18419 1.17406 1.16478 1.16349 1.1612 1.14488 1.14874 1.13213 1.11192 1.11223 1.1063 1.09702 1.05784 1.06286 1.08157 1.07666 1.05996 1.0547 1.0506 1.0459 1.03494 1.00049 1.00736 1.02321 1.00996 1.00275 0.981142 1.00611 0.986822 0.995672 0.989124 0.991541 0.988314 0.982396 0.980468 0.978468 0.985561 0.98596 0.982868 0.980541 0.983839 0.984899 0.987557 0.991129 0.99448 0.996422 1 1.00423 1.00742 1.01315 1.0204 1.02505 1.0296 1.03739 1.04371 1.04597 1.05447 1.06811 1.08026 1.07277 1.10409 1.09821 1.10605 1.11396 1.11264 1.13022 1.15494 1.15667 1.1753 1.19828 1.18958 1.20363 1.22819 1.24286 1.24893 1.25073 1.2822 1.26317 1.31454 1.30925 1.33388 1.34192 1.37985 1.36868 1.40279 1.45433 1.47777 1.43401 1.47979 1.48119 1.53083 1.47314 1.57702 1.55891 1.57586 1.58538 1.59745 
1.27258 1.25914 1.20442 1.18614 1.18262 1.17406 1.18347 1.13431 1.16636 1.13187 1.16126 1.14803 1.13184 1.12093 1.08998 1.09849 1.08816 1.08886 1.05884 1.04806 1.0512 1.04894 1.02581 1.06259 1.02794 1.02372 1.0283 1.01159 1.02061 0.987865 0.994848 1.00232 1.00384 1.00145 0.991073 0.988811 0.982737 0.985029 0.990635 0.985212 0.979762 0.982266 0.983873 0.985909 0.987973 0.986502 0.989158 0.989597 0.993623 0.996107 1 1.00374 1.00765 1.01341 1.01637 1.02341 1.0321 1.03607 1.04269 1.05221 1.05887 1.07062 1.08197 1.08598 1.09232 1.10147 1.11364 1.11738 1.12429 1.12383 1.14848 1.16784 1.16954 1.18125 1.19947 1.21036 1.22898 1.23244 1.25253 1.26215 1.27592 1.30418 1.30495 1.30466 1.33485 1.35279 1.36093 1.40034 1.39428 1.42871 1.43644 1.42333 1.46709 1.47536 1.5068 1.56791 1.51463 1.59261 1.58736 1.59812 1.58996 
1.2572 1.22851 1.20527 1.20435 1.19852 1.17959 1.18601 1.1667 1.18817 1.14298 1.11292 1.1261 1.10616 1.11543 1.09913 1.09041 1.07885 1.08728 1.06241 1.06167 1.0474 1.05845 1.02305 1.05376 1.03032 1.01789 1.02119 1.01212 1.0133 1.00223 1.0066 0.995885 0.99174 0.99162 0.992741 0.990567 0.991728 0.971279 0.982719 0.981435 0.982015 0.983999 0.978845 0.985545 0.984005 0.986802 0.986533 0.991776 0.992503 0.99576 1 1.00368 1.00852 1.01368 1.01779 1.02378 1.02892 1.03397 1.04555 1.05053 1.04963 1.05998 1.07713 1.07248 1.09671 1.10217 1.11427 1.11866 1.11379 1.13922 1.14595 1.17171 1.1742 1.18942 1.2126 1.21701 1.21188 1.23546 1.23925 1.26027 1.2826 1.28412 1.29952 1.32226 1.34041 1.35104 1.35338 1.40272 1.39025 1.42564 1.42293 1.45783 1.45219 1.4841 1.46928 1.53383 1.53278 1.53292 1.55386 1.62672 1.63511 
1.23424 1.22511 1.25158 1.23929 1.25896 1.17091 1.16648 1.162 1.1435 1.12849 1.11908 1.11402 1.10217 1.12166 1.09366 1.07612 1.0862 1.0795 1.09191 1.07738 1.05762 1.03367 1.05299 1.04384 1.01972 1.02623 1.01465 1.01341 1.00416 1.00464 0.996202 1.00062 0.987608 0.984175 0.995387 0.981243 0.991157 0.986086 0.980749 0.981488 0.980035 0.98138 0.98593 0.984946 0.985118 0.985419 0.988788 0.989161 0.993063 0.996645 1 1.00424 1.00959 1.01329 1.01913 1.02116 1.03091 1.03381 1.04532 1.04717 1.05197 1.06962 1.06548 1.08078 1.09123 1.09188 1.10133 1.1139 1.12525 1.14623 1.13326 1.16869 1.16597 1.19152 1.20092 1.20242 1.23387 1.25131 1.23591 1.2629 1.26927 1.30074 1.30804 1.32409 1.34192 1.36548 1.35571 1.38518 1.38409 1.43399 1.4305 1.43127 1.43107 1.48486 1.51935 1.50253 1.50393 1.5649 1.54966 1.57915 1.59792 
1.24885 1.22074 1.21166 1.23561 1.18331 1.20876 1.16105 1.17139 1.16255 1.1615 1.14983 1.1163 1.14313 1.10537 1.09352 1.09273 1.08242 1.08732 1.08234 1.05731 1.03858 1.06626 1.02689 1.02628 1.0354 1.02659 1.01732 1.01791 0.996066 1.00389 1.00926 1.00639 0.991578 0.992454 0.979563 0.98125 0.99003 0.983114 0.984444 0.983322 0.980282 0.988215 0.98084 0.981543 0.984904 0.985161 0.986991 0.991477 0.992906 0.996625 1 1.00429 1.00772 1.01135 1.01548 1.02496 1.02721 1.03359 1.03829 1.03938 1.05134 1.0636 1.06552 1.07964 1.0896 1.10862 1.10935 1.12492 1.13323 1.13815 1.14031 1.16724 1.18653 1.19343 1.19786 1.20751 1.20042 1.2389 1.25646 1.26552 1.25806 1.29056 1.30609 1.32543 1.33465 1.32624 1.35438 1.36059 1.38065 1.40073 1.44303 1.47638 1.43008 1.48298 1.45103 1.5026 1.56101 1.52358 1.58154 1.59593 1.64004 
1.25427 1.2152 1.2042 1.21352 1.19154 1.17768 1.20535 1.12765 1.13758 1.15067 1.12912 1.13093 1.11556 1.10636 1.10766 1.10469 1.08231 1.08871 1.06613 1.05643 1.04889 1.02843 1.03176 1.03466 1.03067 1.0186 1.01413 1.01395 0.99875 1.00913 1.00567 1.00013 0.995453 0.997797 0.984517 0.981979 0.988508 0.984983 0.978645 0.987435 0.980009 0.981727 0.984752 0.985249 0.98344 0.983301 0.988042 0.990204 0.992839 0.996659 1 1.00387 1.00908 1.01092 1.02096 1.02387 1.02792 1.03731 1.04482 1.04679 1.05245 1.06326 1.07679 1.08209 1.09299 1.09292 1.11457 1.11245 1.11219 1.13713 1.1598 1.15335 1.18792 1.17915 1.17806 1.21733 1.19887 1.23547 1.2617 1.29676 1.28501 1.27504 1.30495 1.31303 1.32777 1.33137 1.35873 1.3749 1.40718 1.39516 1.41453 1.46023 1.47017 1.50454 1.5342 1.51639 1.55177 1.52946 1.55008 1.58514 1.58875 
1.25791 1.23921 1.20325 1.20364 1.19131 1.19886 1.16975 1.19575 1.15343 1.17034 1.14137 1.13605 1.126 1.09354 1.11106 1.08526 1.08546 1.08133 1.06694 1.06036 1.05865 1.06165 1.03255 1.03552 1.05181 1.02451 1.0187 1.01966 1.01161 1.00915 1.01617 0.993905 0.992365 0.998227 0.991018 0.997236 1.00261 0.986999 0.97804 0.988883 0.986135 0.977058 0.980985 0.977256 0.985039 0.983624 0.988631 0.992667 0.992521 0.997049 1 1.00418 1.00837 1.01422 1.01654 1.02291 1.02905 1.03295 1.03951 1.04003 1.0513 1.06832 1.07867 1.07919 1.08304 1.09268 1.10569 1.11621 1.11995 1.13213 1.14227 1.15968 1.17667 1.18606 1.18904 1.20102 1.20478 1.23178 1.25517 1.25881 1.31223 1.3058 1.30672 1.30988 1.33954 1.3455 1.34968 1.38263 1.40982 1.41472 1.40778 1.41617 1.45351 1.48565 1.53177 1.48992 1.54401 1.55714 1.54991 1.57919 1.57229 
1.23749 1.22238 1.23645 1.18405 1.19133 1.18128 1.15548 1.18131 1.15508 1.14189 1.14939 1.13448 1.15024 1.12716 1.11709 1.08967 1.08931 1.07761 1.07272 1.06496 1.04776 1.041 1.04788 1.0272 1.03119 1.02718 1.02833 1.02578 1.00691 1.00579 1.01014 1.00917 0.993195 0.990554 0.986678 0.99507 0.987961 0.985565 0.972046 0.984646 0.98271 0.984527 0.97772 0.982742 0.986577 0.983069 0.990058 0.99096 0.995342 0.996592 1 1.00359 1.00667 1.01078 1.01649 1.02325 1.0307 1.03192 1.03691 1.05209 1.0641 1.0668 1.05904 1.07197 1.09068 1.09654 1.09926 1.11973 1.12157 1.13519 1.14707 1.16362 1.1804 1.18856 1.19877 1.20098 1.21893 1.22562 1.23794 1.27554 1.28612 1.28029 1.29815 1.34676 1.33866 1.32519 1.35655 1.38481 1.39895 1.37573 1.42516 1.44739 1.47491 1.47335 1.49252 1.51797 1.54154 1.54066 1.60106 1.59529 1.5822 
1.23721 1.23247 1.22017 1.20094 1.20279 1.17779 1.17932 1.17159 1.16259 1.15747 1.13243 1.14424 1.13633 1.10875 1.10889 1.1015 1.08743 1.0975 1.08575 1.06382 1.06296 1.02891 1.045 1.0478 1.02316 1.02774 1.01935 1.0121 1.01375 1.00756 0.998139 0.998138 0.990031 0.992159 0.986512 0.987975 0.98668 0.983952 0.987386 0.981893 0.982467 0.985481 0.983978 0.979592 0.989106 0.986092 0.98775 0.990434 0.993547 0.997091 1 1.0045 1.00905 1.01257 1.01937 1.02022 1.02804 1.03413 1.03807 1.04585 1.0537 1.06063 1.0749 1.07936 1.08313 1.09906 1.10914 1.11957 1.123 1.14474 1.15248 1.17012 1.1752 1.17744 1.19484 1.20205 1.23127 1.22755 1.26094 1.26507 1.24805 1.31479 1.3259 1.32617 1.33402 1.36452 1.35098 1.38182 1.40954 1.42735 1.4217 1.47528 1.44021 1.48045 1.49649 1.5214 1.5438 1.55007 1.56748 1.57274 1.60869 
1.25883 1.21669 1.23461 1.21553 1.1908 1.19579 1.22293 1.18268 1.14036 1.15419 1.13552 1.13106 1.11423 1.1155 1.10564 1.1071 1.09649 1.08724 1.05674 1.06075 1.05145 1.04231 1.05464 1.04697 1.03075 1.01773 1.02614 1.01598 1.01352 1.00563 1.00269 0.999078 0.99143 0.985238 0.989793 0.995677 0.988087 0.982994 0.991199 0.989984 0.98503 0.983998 0.979914 0.981826 0.987122 0.989712 0.986553 0.990705 0.993073 0.996102 1 1.00393 1.00792 1.01296 1.01667 1.02119 1.03236 1.03768 1.03684 1.04655 1.05045 1.05834 1.07469 1.08609 1.0931 1.08908 1.10081 1.11869 1.13204 1.14889 1.15681 1.15943 1.17722 1.19032 1.213 1.20211 1.23249 1.23279 1.24148 1.26494 1.27765 1.31008 1.29864 1.32753 1.34683 1.35938 1.38601 1.37497 1.41484 1.39204 1.43378 1.45111 1.4386 1.46352 1.48223 1.52286 1.54101 1.57018 1.59086 1.6009 1.5994 
1.25112 1.24995 1.2513 1.2021 1.20693 1.16148 1.18361 1.19052 1.18273 1.16623 1.15095 1.12006 1.12994 1.12067 1.10248 1.10446 1.10431 1.07815 1.07055 1.06984 1.07835 1.0637 1.05859 1.03953 1.03387 1.02949 1.0325 1.02209 1.0124 1.00757 1.00849 0.991937 0.990627 0.996449 0.994648 0.992893 0.995035 0.985212 0.986657 0.986683 0.98516 0.981335 0.984255 0.985871 0.984976 0.983284 0.988143 0.991712 0.994479 0.996292 1 1.00429 1.0084 1.01247 1.01484 1.02575 1.02963 1.03539 1.04205 1.04284 1.05154 1.06101 1.06388 1.07446 1.08625 1.1023 1.11817 1.11791 1.12854 1.13029 1.14342 1.16588 1.16549 1.18246 1.19269 1.19933 1.21566 1.24486 1.28792 1.23464 1.24502 1.28673 1.31033 1.33077 1.36549 1.34801 1.38442 1.39933 1.37481 1.41472 1.4478 1.44228 1.45538 1.47541 1.49208 1.52267 1.52836 1.5311 1.55293 1.59464 1.60553 
