3.73217 3.48105 3.52791 3.35903 3.414 3.29493 3.3075 3.26453 3.17003 3.1931 3.02493 2.96426 2.91416 2.82767 2.81345 2.70498 2.70067 2.60886 2.5526 2.43776 2.40605 2.33472 2.30869 2.23844 2.18695 2.10126 1.99386 1.98268 1.86505 1.86477 1.82229 1.74783 1.7089 1.62151 1.56507 1.52408 1.48822 1.44505 1.39102 1.31883 1.27413 1.22554 1.20934 1.15639 1.12458 1.08426 1.05729 1.03607 1.02081 1.00797 1 0.99656 1.00165 1.00641 1.01734 1.02477 1.06214 1.0805 1.10341 1.13327 1.16115 1.18905 1.2497 1.27305 1.32457 1.4021 1.41323 1.4733 1.48211 1.5372 1.65042 1.63525 1.6756 1.74802 1.78786 1.92234 1.91663 1.94502 2.06041 2.07179 2.08085 2.16773 2.19708 2.26869 2.23458 2.22966 2.39188 2.40672 2.58141 2.47208 2.6536 2.66038 2.51736 2.77443 2.79387 2.73436 2.76346 2.78001 2.8965 2.78646 2.922 
3.69014 3.50446 3.51504 3.42748 3.42568 3.46425 3.32074 3.2636 3.10651 3.13743 3.054 2.96471 2.82876 2.82321 2.79298 2.74231 2.6428 2.59014 2.57964 2.51169 2.39818 2.31037 2.3391 2.2317 2.12692 2.13652 2.06979 1.99362 1.89845 1.85651 1.82995 1.77918 1.6963 1.63325 1.57261 1.53291 1.47962 1.41619 1.37296 1.32227 1.28804 1.20978 1.19304 1.15733 1.12019 1.08859 1.05448 1.03369 1.02295 1.00758 1 0.99837 1.00057 1.00622 1.01131 1.03399 1.04424 1.06454 1.08909 1.13947 1.16715 1.21207 1.23717 1.28983 1.33901 1.34638 1.38504 1.43026 1.48519 1.55466 1.58567 1.64894 1.69346 1.72957 1.73837 1.79387 1.89369 1.95243 2.06539 2.11313 2.07341 2.14871 2.21303 2.30082 2.24237 2.31735 2.34578 2.38431 2.46883 2.56237 2.66607 2.56692 2.60927 2.7005 2.66284 2.83298 2.91002 2.88447 2.80903 2.87872 2.83819 
3.66398 3.5079 3.48643 3.42882 3.42554 3.35147 3.29879 3.26675 3.10797 3.05253 3.01791 2.92894 2.9686 2.75727 2.79714 2.7281 2.70799 2.55797 2.56833 2.42929 2.38666 2.3551 2.26394 2.1865 2.17929 2.11116 2.06956 1.95466 1.89943 1.8526 1.80477 1.73471 1.70149 1.59364 1.55981 1.51818 1.45925 1.43198 1.38373 1.31306 1.26112 1.2295 1.1907 1.14469 1.11557 1.08139 1.05765 1.03605 1.02257 1.00794 1 0.997857 0.998214 1.00445 1.0237 1.04663 1.04503 1.07612 1.1154 1.13588 1.16215 1.22664 1.25457 1.28983 1.31767 1.35439 1.41422 1.46022 1.49838 1.56245 1.55319 1.64018 1.71319 1.70408 1.792 1.8441 1.89028 1.89099 1.96245 2.03254 2.05864 2.17794 2.21223 2.20109 2.32285 2.38428 2.32495 2.47237 2.50059 2.59348 2.54203 2.66676 2.80104 2.64802 2.75765 2.80249 2.83315 2.88742 2.88125 2.93615 2.9303 
3.66728 3.64444 3.58375 3.42242 3.40596 3.34496 3.21414 3.1544 3.10494 3.10645 3.02107 3.01847 2.9175 2.8348 2.8199 2.75934 2.60119 2.5974 2.48122 2.4713 2.36723 2.27102 2.3225 2.23301 2.11424 2.08712 2.0531 1.99412 1.90965 1.81762 1.80865 1.70887 1.69419 1.62849 1.58114 1.52522 1.47446 1.42539 1.3715 1.30394 1.27981 1.22184 1.20906 1.14459 1.11194 1.09146 1.06439 1.03818 1.02066 1.0077 1 0.996321 0.996802 1.01202 1.02279 1.03515 1.05853 1.06398 1.12063 1.13384 1.18691 1.20348 1.20538 1.27938 1.34125 1.34997 1.42113 1.48217 1.49952 1.56031 1.58926 1.66322 1.72984 1.74066 1.77082 1.86299 1.91456 1.98347 1.95251 2.10801 2.04285 2.18658 2.26102 2.20309 2.34834 2.35961 2.41468 2.46748 2.50923 2.49804 2.45265 2.58979 2.6478 2.82824 2.67421 2.96498 2.75053 2.93921 2.99954 2.89861 2.89321 
3.58376 3.57487 3.55443 3.45442 3.36694 3.3975 3.26969 3.28745 3.14363 3.16328 3.0218 2.90657 2.94614 2.82611 2.78779 2.69585 2.6179 2.5671 2.49069 2.4005 2.35947 2.27497 2.28572 2.23965 2.15489 2.09751 2.06142 1.96861 1.93907 1.87978 1.86651 1.77271 1.70922 1.57856 1.57887 1.52866 1.44846 1.39909 1.34702 1.30279 1.28308 1.22847 1.18771 1.15907 1.10734 1.08279 1.06695 1.02907 1.01742 1.00892 1 0.996933 1.0001 1.0048 1.01403 1.03913 1.06125 1.06658 1.10888 1.12375 1.16774 1.22992 1.22004 1.27866 1.31037 1.36001 1.41373 1.42763 1.51097 1.56911 1.6145 1.61026 1.66663 1.76957 1.82504 1.86235 1.91157 2.03978 2.00888 2.046 2.06726 2.19122 2.19484 2.21 2.3066 2.37966 2.50923 2.54354 2.53294 2.5066 2.63869 2.60125 2.66235 2.77589 2.90009 2.81634 2.80419 2.83832 2.97216 2.92306 2.92888 
3.63772 3.5047 3.48794 3.40253 3.27748 3.41657 3.16283 3.26822 3.15147 3.10229 3.01574 2.93564 2.90394 2.81416 2.81311 2.77591 2.65111 2.58638 2.52994 2.49936 2.43364 2.39128 2.29496 2.20171 2.13371 2.06818 2.02366 2.00971 1.90347 1.84014 1.83139 1.75125 1.68098 1.62375 1.59294 1.52145 1.47593 1.4024 1.37112 1.32431 1.28738 1.23476 1.18383 1.1475 1.11497 1.08413 1.05091 1.02805 1.02004 1.00791 1 0.997941 1.00456 1.00202 1.0144 1.03363 1.07032 1.07746 1.1003 1.13734 1.15647 1.20466 1.23153 1.26984 1.33719 1.36644 1.42597 1.47278 1.48411 1.59893 1.59971 1.64523 1.70031 1.76097 1.81332 1.89785 1.87456 1.96317 2.05238 2.06776 2.09093 2.13228 2.31578 2.30376 2.22252 2.38951 2.42857 2.50743 2.56394 2.57938 2.58451 2.57392 2.66078 2.75885 2.83268 2.91276 2.92437 2.75625 2.95777 2.84934 2.98057 
3.65167 3.63196 3.52616 3.49049 3.38627 3.40605 3.25885 3.18571 3.19148 3.09645 2.96855 2.93605 2.91433 2.87453 2.75459 2.68341 2.63962 2.60379 2.50885 2.50911 2.40591 2.36787 2.26906 2.25233 2.14367 2.03714 2.02773 1.95644 1.92986 1.87038 1.81051 1.74084 1.72031 1.60444 1.57827 1.52445 1.4432 1.42484 1.34773 1.30302 1.25684 1.22752 1.17476 1.14244 1.11687 1.09135 1.05677 1.03733 1.02003 1.00852 1 0.997724 0.997569 1.00456 1.02229 1.0439 1.0557 1.09832 1.10773 1.14053 1.17759 1.19748 1.28232 1.27502 1.31788 1.35503 1.41842 1.46182 1.57888 1.56614 1.58977 1.66511 1.70992 1.69778 1.7977 1.91701 1.90855 1.9481 2.05642 2.05041 2.12916 2.11573 2.29552 2.36098 2.39093 2.47142 2.38963 2.45628 2.51457 2.69427 2.58231 2.68306 2.65605 2.67467 2.76505 2.78594 2.86633 2.8797 2.88306 2.79103 2.90905 
3.58043 3.62356 3.51437 3.35744 3.40323 3.34941 3.23476 3.20667 3.09668 3.04623 3.04697 2.94234 2.89794 2.74682 2.75494 2.67966 2.62316 2.60683 2.52153 2.48865 2.43877 2.3435 2.28103 2.18831 2.16518 2.07414 1.98679 1.98175 1.9334 1.89174 1.8125 1.7373 1.70599 1.63234 1.59816 1.53751 1.44751 1.43337 1.35673 1.28881 1.26078 1.21663 1.18273 1.15183 1.1206 1.08786 1.05532 1.03329 1.01621 1.00597 1 0.997824 1.00104 1.01352 1.01711 1.02347 1.05627 1.07441 1.10028 1.15809 1.19582 1.20802 1.24573 1.27785 1.34504 1.39392 1.43629 1.4567 1.49998 1.61586 1.59967 1.7028 1.73263 1.73936 1.871 1.82877 1.91652 1.99456 1.91042 2.07794 2.13076 2.17041 2.25314 2.27547 2.39256 2.44357 2.52474 2.37867 2.51674 2.69588 2.57965 2.70457 2.77755 2.71951 2.80548 2.84882 2.8211 3.02809 2.93326 2.8738 2.92806 
3.70627 3.55452 3.54022 3.42924 3.38943 3.3763 3.20703 3.22229 3.09766 3.07398 3.04822 2.99313 2.91271 2.87066 2.73946 2.65945 2.733 2.57581 2.47451 2.43042 2.36189 2.33321 2.28368 2.21635 2.13326 2.09476 2.00095 1.9613 1.88981 1.89213 1.81607 1.74826 1.66539 1.61795 1.54568 1.50607 1.4734 1.40038 1.36048 1.3073 1.27025 1.20269 1.18339 1.14832 1.11989 1.08502 1.05294 1.03578 1.02345 1.0081 1 1.00001 1.00198 1.00663 1.02651 1.03834 1.05987 1.08266 1.11225 1.15648 1.18168 1.21066 1.26799 1.25824 1.33511 1.35696 1.42443 1.46111 1.49168 1.53129 1.61213 1.65879 1.70217 1.73997 1.80836 1.83117 1.90573 1.86682 2.00416 2.00294 2.14671 2.17495 2.27701 2.19266 2.35088 2.35667 2.35576 2.53534 2.52962 2.59588 2.70653 2.71231 2.66177 2.86762 2.79908 2.71954 2.77488 2.81753 2.89619 2.88123 2.99829 
3.54674 3.58789 3.50428 3.46866 3.35478 3.27054 3.22258 3.15115 3.18231 3.0971 3.08386 2.9523 2.88997 2.84005 2.79692 2.67129 2.5384 2.58343 2.49757 2.44399 2.40837 2.26015 2.32414 2.16056 2.1065 2.04509 2.04965 1.97719 1.90282 1.81635 1.80142 1.72457 1.67736 1.62496 1.56457 1.49576 1.48954 1.38402 1.37963 1.31463 1.26687 1.22547 1.18848 1.15707 1.10751 1.08622 1.06122 1.03718 1.02261 1.00804 1 0.998718 1.00003 1.01079 1.02871 1.02379 1.06107 1.08057 1.10865 1.14386 1.2032 1.22517 1.29854 1.31915 1.30798 1.35872 1.43588 1.478 1.50057 1.57084 1.58236 1.67098 1.727 1.78914 1.83409 1.9227 1.91708 2.05782 2.0073 2.03722 2.19713 2.185 2.25885 2.24159 2.31217 2.38253 2.49938 2.50363 2.58903 2.59468 2.66505 2.67181 2.71789 2.769 2.876 2.85115 2.72325 3.01746 2.92675 2.86984 3.01478 
3.60776 3.63418 3.51707 3.4224 3.37015 3.33422 3.27592 3.18297 3.00018 3.04017 2.99947 2.98752 2.82376 2.81731 2.80889 2.76312 2.5694 2.57664 2.49603 2.48712 2.35466 2.29202 2.29 2.17128 2.1475 2.045 2.01335 1.96338 1.88992 1.78938 1.76464 1.70602 1.66334 1.61898 1.54451 1.51943 1.44491 1.38335 1.34182 1.30477 1.25892 1.22264 1.17667 1.14938 1.10907 1.07855 1.05194 1.03274 1.01899 1.00664 1 0.99729 1.00044 1.01158 1.0191 1.0472 1.04872 1.05898 1.12055 1.13212 1.15677 1.2545 1.25215 1.29484 1.38552 1.35363 1.45711 1.5151 1.55235 1.57268 1.66655 1.71653 1.64222 1.7491 1.82766 1.89171 1.83308 1.95625 2.04669 2.06688 2.14055 2.22938 2.335 2.28841 2.29392 2.37432 2.52023 2.45135 2.46615 2.6953 2.65312 2.72565 2.64899 2.78574 2.88198 2.77708 2.87201 2.90662 2.78801 2.92362 2.92352 
3.68162 3.54401 3.60546 3.44114 3.34943 3.37228 3.28938 3.25116 3.08979 3.06914 2.99999 2.91315 2.82703 2.83366 2.71665 2.67408 2.60259 2.51983 2.43663 2.44679 2.3914 2.29956 2.23353 2.14701 2.09062 2.07544 2.02516 2.00436 1.89288 1.89023 1.79083 1.7229 1.65386 1.63654 1.57983 1.50346 1.45928 1.39569 1.36492 1.29757 1.27042 1.22631 1.17332 1.15061 1.10768 1.08926 1.06208 1.03463 1.01765 1.00783 1 0.99713 0.999781 1.01154 1.01757 1.04585 1.05726 1.0876 1.10824 1.132 1.17759 1.19848 1.24534 1.29178 1.34571 1.40442 1.44855 1.4654 1.51335 1.59367 1.58821 1.70298 1.73627 1.70297 1.81886 1.81617 1.90956 2.00446 2.05512 2.11095 2.12699 2.14187 2.28806 2.25673 2.35517 2.46093 2.39592 2.56122 2.60518 2.61427 2.54793 2.65094 2.6168 2.77349 2.80211 2.71022 2.85746 2.91939 2.91559 2.87899 2.98505 
3.64568 3.61497 3.47975 3.47163 3.39188 3.33613 3.28673 3.166 3.17346 3.0261 2.99815 2.92035 2.90758 2.82839 2.76145 2.69887 2.66163 2.53573 2.48385 2.42002 2.34068 2.3176 2.26712 2.22028 2.14801 2.04235 2.02437 1.9741 1.8783 1.80236 1.79783 1.71215 1.65467 1.60392 1.56507 1.47101 1.43751 1.43101 1.36012 1.29068 1.25026 1.21131 1.16272 1.13641 1.10347 1.06423 1.05701 1.03313 1.01834 1.0051 1 0.999693 0.998867 1.00274 1.02269 1.04366 1.06016 1.07937 1.12396 1.17086 1.18383 1.22663 1.28837 1.28315 1.32875 1.36874 1.42042 1.48145 1.48913 1.6276 1.65435 1.61106 1.73427 1.78372 1.84151 1.85861 1.92548 1.96808 2.0561 2.09818 2.17692 2.15889 2.29858 2.39057 2.36018 2.41788 2.32574 2.51875 2.46935 2.56766 2.61708 2.7261 2.6981 2.68421 2.87474 2.7731 2.94031 2.89843 2.90225 2.92292 2.94029 
3.60151 3.59913 3.47056 3.38294 3.36562 3.25871 3.28924 3.14807 3.01621 3.03874 3.06363 2.91903 2.89068 2.82079 2.79789 2.68587 2.58992 2.53759 2.52694 2.45205 2.3601 2.26778 2.30031 2.20427 2.15991 2.08093 2.02147 1.97989 1.91128 1.8346 1.74537 1.6896 1.68496 1.6094 1.50432 1.54089 1.43839 1.37329 1.3529 1.28872 1.24231 1.20503 1.16468 1.14373 1.10389 1.08803 1.05259 1.04564 1.01363 1.00549 1 0.997385 1.00327 1.01346 1.01522 1.03531 1.06482 1.09933 1.12234 1.15896 1.17548 1.22983 1.2582 1.31095 1.37125 1.40058 1.45848 1.49466 1.52909 1.54965 1.63227 1.67445 1.76372 1.81119 1.79976 1.92205 1.96333 1.93983 2.09354 2.157 2.11176 2.16876 2.20958 2.18116 2.31588 2.39423 2.47182 2.61542 2.6035 2.58885 2.62335 2.70951 2.79279 2.8131 2.77085 2.91425 2.81773 2.80668 2.86162 3.02208 3.02764 
3.53443 3.46758 3.4738 3.45526 3.3167 3.26084 3.21533 3.17239 3.16704 3.07528 3.0052 2.88766 2.86823 2.81483 2.72533 2.73759 2.63198 2.52461 2.48237 2.47711 2.42618 2.27875 2.26044 2.13594 2.15429 2.06607 2.02929 1.94896 1.8824 1.82024 1.76566 1.70062 1.65844 1.59829 1.54715 1.50796 1.44973 1.38929 1.38287 1.31791 1.2762 1.22477 1.167 1.13573 1.12246 1.0736 1.06015 1.03421 1.02447 1.00586 1 1.00107 1.00688 1.00885 1.01868 1.04184 1.07131 1.0764 1.13185 1.14824 1.18928 1.21337 1.25815 1.31363 1.36286 1.39569 1.45805 1.47893 1.55358 1.57878 1.62951 1.68844 1.72815 1.78733 1.7792 1.87255 1.88081 1.98973 1.98572 2.0965 2.16012 2.20473 2.30822 2.3474 2.30412 2.37574 2.47241 2.40776 2.54534 2.59304 2.59983 2.75031 2.69803 2.72952 2.75182 2.81028 2.9443 2.96078 3.00355 2.84062 3.14983 
3.51501 3.48174 3.54689 3.4166 3.40933 3.28412 3.23736 3.15926 3.10261 3.09515 2.92215 2.91856 2.86351 2.84908 2.69095 2.7132 2.5379 2.54439 2.45449 2.44791 2.38373 2.32765 2.24851 2.26231 2.11854 2.1102 1.97952 1.9374 1.86924 1.83068 1.79084 1.72996 1.66965 1.58215 1.53981 1.49926 1.42585 1.3623 1.32599 1.27695 1.26367 1.2102 1.17385 1.14967 1.1101 1.07524 1.05217 1.03334 1.01761 1.00429 1 1.0012 1.0048 1.01699 1.01944 1.04287 1.07916 1.09693 1.11755 1.15193 1.18241 1.22046 1.27328 1.30554 1.34889 1.41125 1.39053 1.46233 1.55607 1.57937 1.62226 1.66015 1.75023 1.77251 1.7806 1.8745 1.90112 1.9578 2.04806 2.07048 2.17365 2.28663 2.25909 2.28992 2.38707 2.43777 2.41651 2.4762 2.57107 2.58697 2.82276 2.69564 2.78154 2.87523 2.86295 2.9774 2.93193 2.88451 2.93246 3.02816 3.0493 
3.52617 3.5142 3.50655 3.38993 3.40686 3.26899 3.266 3.09169 3.06681 3.14225 3.02683 2.9276 2.89477 2.87131 2.74802 2.66867 2.60173 2.51244 2.49314 2.46074 2.4331 2.32249 2.2664 2.18948 2.12364 2.1025 2.01399 1.96894 1.86513 1.79982 1.79113 1.7041 1.70295 1.58601 1.56907 1.49523 1.47986 1.39832 1.32631 1.31499 1.25188 1.20971 1.17137 1.14925 1.10211 1.0685 1.0547 1.03069 1.01449 1.00658 1 1.00065 1.00113 1.01095 1.02635 1.04434 1.07747 1.07381 1.11273 1.14262 1.17204 1.20714 1.26489 1.26818 1.33325 1.37836 1.44653 1.50386 1.49902 1.60893 1.67136 1.63216 1.72973 1.77831 1.8788 1.90847 1.92391 1.96279 2.06094 2.10654 2.15104 2.22059 2.31119 2.25165 2.38383 2.36636 2.49192 2.53279 2.53821 2.59146 2.63591 2.73508 2.76513 2.90341 2.80275 2.86532 2.84654 2.93441 3.03382 2.94362 2.94537 
3.58974 3.48492 3.43865 3.38111 3.31095 3.21799 3.20193 3.23275 3.11853 3.05303 2.96111 2.9169 2.8484 2.74663 2.73244 2.65557 2.55001 2.53992 2.52409 2.43698 2.39101 2.27743 2.24853 2.15169 2.1633 2.06569 1.99301 1.96641 1.90699 1.81186 1.7838 1.72168 1.67278 1.60235 1.54247 1.49941 1.44809 1.36893 1.34215 1.29259 1.24336 1.20241 1.18726 1.13016 1.10755 1.08574 1.05044 1.03281 1.01842 1.00409 1 0.9993 1.00252 1.01244 1.03211 1.04518 1.07382 1.09922 1.11792 1.13043 1.19248 1.24761 1.28367 1.32347 1.33553 1.40284 1.45866 1.52069 1.5479 1.62014 1.64993 1.72055 1.75362 1.79265 1.82971 1.84142 1.94078 2.02283 2.08727 2.13478 2.17374 2.14465 2.29467 2.29553 2.35438 2.38441 2.54654 2.47777 2.58881 2.64581 2.73586 2.73795 2.827 2.87512 2.79486 2.85351 2.94313 3.01401 3.01441 2.98093 2.97228 
3.55734 3.58717 3.4261 3.45231 3.3506 3.21212 3.27008 3.18671 3.10835 3.08804 3.02298 2.94902 2.86651 2.75781 2.7927 2.65304 2.59526 2.53457 2.44996 2.41677 2.31982 2.27093 2.25313 2.19091 2.12101 2.07007 1.98596 1.98079 1.90287 1.80453 1.7505 1.69563 1.69159 1.60396 1.55834 1.45797 1.47658 1.3969 1.3462 1.30111 1.25026 1.20384 1.1722 1.14654 1.09163 1.0572 1.03452 1.03969 1.01761 1.00753 1 1.00037 1.00352 1.01739 1.01804 1.05293 1.06754 1.09922 1.13106 1.16716 1.19612 1.23949 1.26584 1.30185 1.36239 1.44437 1.39838 1.49992 1.53054 1.59943 1.65933 1.69507 1.74612 1.82666 1.898 1.98556 2.00473 2.0229 2.09315 2.15172 2.22054 2.20874 2.24314 2.29939 2.37407 2.42666 2.56716 2.54211 2.65289 2.6019 2.74672 2.94424 2.77897 2.76087 2.78135 2.87177 2.91924 2.95156 2.95202 2.95106 3.05062 
3.55433 3.5538 3.43997 3.34552 3.28893 3.2418 3.21587 3.13874 3.06512 3.02916 2.96713 2.86737 2.79609 2.73613 2.67156 2.66753 2.59117 2.49257 2.43466 2.4515 2.34561 2.27106 2.25834 2.16683 2.13913 2.08005 1.97167 1.94498 1.8753 1.81242 1.75265 1.67302 1.6518 1.60371 1.54972 1.52104 1.43335 1.38085 1.34094 1.3166 1.25751 1.22262 1.16942 1.14993 1.10489 1.0734 1.05242 1.03036 1.01535 1.00585 1 1.00094 1.0048 1.01219 1.02702 1.05179 1.07582 1.10109 1.13031 1.16509 1.18782 1.24543 1.27478 1.33497 1.35868 1.41619 1.47733 1.49914 1.5583 1.61555 1.59859 1.77775 1.70414 1.82035 1.81976 1.90488 1.9913 2.05907 2.02231 2.12899 2.21922 2.20642 2.17789 2.3837 2.46888 2.52681 2.4363 2.49137 2.54465 2.66285 2.627 2.7226 2.77529 2.8939 2.83161 2.89623 2.90462 2.88407 2.92409 3.05109 3.0302 
3.64324 3.45816 3.48213 3.32392 3.28219 3.23079 3.1648 3.20044 3.0911 3.03292 2.97168 2.89893 2.8751 2.74981 2.69941 2.62008 2.61319 2.56264 2.49289 2.49122 2.36725 2.27112 2.18845 2.21792 2.09351 2.02975 2.0259 1.91832 1.86757 1.87248 1.77996 1.63679 1.6623 1.59215 1.51202 1.51181 1.41473 1.39765 1.34121 1.30388 1.23891 1.19802 1.15286 1.1321 1.10479 1.06871 1.05117 1.03114 1.01636 1.00702 1 0.997943 1.00018 1.0139 1.0302 1.04933 1.08064 1.09055 1.13067 1.14711 1.20866 1.25942 1.29123 1.34726 1.34914 1.40779 1.46237 1.46969 1.53275 1.65205 1.67255 1.69822 1.73725 1.80662 1.85303 1.92152 2.00386 2.00291 2.12753 2.15221 2.18015 2.29292 2.21145 2.34174 2.35722 2.42281 2.43142 2.62561 2.54827 2.77058 2.71407 2.64738 2.80592 2.84607 2.92031 2.90057 3.00409 2.9892 3.07391 3.09428 3.00894 
3.53665 3.53865 3.41235 3.44187 3.28164 3.20658 3.15221 3.17565 3.17342 2.99245 3.00027 2.87172 2.76351 2.77585 2.74857 2.6831 2.56745 2.52028 2.45752 2.37566 2.34096 2.30606 2.22707 2.16656 2.11663 2.02731 2.00614 1.90642 1.89099 1.80011 1.74708 1.6985 1.62533 1.6138 1.52845 1.47582 1.40235 1.35555 1.34012 1.2925 1.26607 1.19863 1.18256 1.15061 1.10679 1.06885 1.05071 1.02824 1.01441 1.00561 1 0.998538 0.999343 1.00749 1.03167 1.0449 1.06186 1.07985 1.10946 1.15452 1.19535 1.25909 1.29217 1.31788 1.37579 1.39212 1.42574 1.4808 1.57744 1.62188 1.65943 1.72369 1.73234 1.83771 1.84024 1.88658 2.02485 2.01259 2.15062 2.11424 2.16081 2.263 2.33475 2.34415 2.37526 2.49766 2.49111 2.55422 2.61044 2.7254 2.69719 2.88832 2.7926 2.84709 2.8631 2.92036 2.8866 2.94571 2.94311 3.02415 2.95081 
3.5664 3.54437 3.38766 3.35045 3.33831 3.21349 3.22671 3.19361 3.06637 3.02212 2.95995 2.85852 2.84983 2.72959 2.76263 2.68047 2.60724 2.48439 2.47369 2.41062 2.35056 2.35713 2.24176 2.19915 2.15297 2.03617 1.97455 1.91881 1.81561 1.80717 1.75948 1.72276 1.6371 1.5832 1.55269 1.47418 1.45848 1.41335 1.32251 1.30382 1.2664 1.19055 1.16765 1.11908 1.10263 1.07708 1.05189 1.02815 1.01365 1.00473 1 1.00009 1.0033 1.01603 1.03509 1.06171 1.07926 1.09773 1.1093 1.15721 1.19799 1.22604 1.28462 1.28354 1.37244 1.43978 1.47389 1.56734 1.55425 1.58876 1.68071 1.71282 1.80646 1.79684 1.87477 1.96961 2.00735 1.9928 2.11853 2.11073 2.22627 2.1672 2.33179 2.40862 2.41864 2.45396 2.62529 2.70433 2.71288 2.69567 2.55394 2.67925 2.83015 2.88626 2.94289 2.8519 2.88629 2.97377 3.03934 2.99905 3.18238 
3.52037 3.4474 3.38817 3.36424 3.27897 3.29754 3.21939 3.15092 3.07927 2.97154 2.91295 2.87887 2.76526 2.77202 2.72882 2.61854 2.54416 2.50516 2.46856 2.41084 2.31411 2.34563 2.20062 2.11513 2.09356 2.06281 1.98163 1.94204 1.86673 1.83945 1.77604 1.6863 1.66911 1.5969 1.53805 1.48707 1.44202 1.38589 1.32605 1.32122 1.24285 1.20294 1.1664 1.13168 1.10157 1.07531 1.04943 1.03391 1.01389 1.00619 1 1.00046 1.00414 1.01241 1.02565 1.04807 1.07725 1.10723 1.14386 1.17472 1.20841 1.233 1.29161 1.29816 1.41029 1.37991 1.49048 1.52927 1.57154 1.6046 1.70845 1.6999 1.77219 1.8176 1.87419 1.96396 1.98324 2.03798 2.05695 2.1039 2.22403 2.26991 2.29263 2.36679 2.34871 2.49097 2.43493 2.59997 2.62915 2.72689 2.71299 2.60699 2.80367 2.85682 2.82238 2.97787 2.78844 2.93968 3.01842 3.19825 3.10512 
3.535 3.50745 3.3411 3.36572 3.35036 3.20587 3.16163 3.12274 2.99896 3.02863 2.92873 2.86038 2.8648 2.76115 2.65741 2.62395 2.56618 2.52319 2.40665 2.42706 2.36847 2.24395 2.25399 2.15525 2.05932 2.07227 2.00948 1.93114 1.85624 1.79006 1.77123 1.71255 1.63459 1.58017 1.55435 1.47241 1.41957 1.41415 1.33361 1.28265 1.25143 1.20272 1.16326 1.12462 1.10148 1.09367 1.05072 1.02849 1.01748 1.00439 1 1.00172 1.00424 1.01187 1.03206 1.05137 1.07719 1.10991 1.14859 1.17524 1.20072 1.25036 1.29634 1.34492 1.37315 1.43746 1.46422 1.57722 1.59032 1.57288 1.61871 1.73059 1.70048 1.82212 1.8811 1.90584 1.94236 2.04105 2.13818 2.17962 2.24696 2.29268 2.28546 2.37226 2.36555 2.45417 2.50125 2.50629 2.55618 2.765 2.84323 2.79653 2.79755 2.72647 2.72654 2.96234 2.93708 2.95253 3.04466 3.1035 3.07824 
3.66825 3.50917 3.46761 3.31621 3.38932 3.15024 3.14713 3.08046 3.06128 3.04933 2.85506 2.83207 2.79083 2.77576 2.66669 2.63052 2.62074 2.53443 2.41723 2.38674 2.35511 2.27749 2.18951 2.19727 2.05826 2.00342 1.95695 1.92184 1.86716 1.81554 1.76864 1.68903 1.62272 1.57417 1.54108 1.47261 1.42534 1.38938 1.31402 1.28305 1.23519 1.1855 1.14531 1.11462 1.09479 1.07614 1.04588 1.03387 1.01145 1.00245 1 0.998633 1.01065 1.01437 1.03275 1.05673 1.07026 1.10517 1.1314 1.17008 1.21508 1.21358 1.26952 1.3234 1.40671 1.40619 1.46049 1.50262 1.52272 1.62339 1.67278 1.72542 1.78922 1.79486 1.85643 1.94503 1.99471 2.06775 2.07564 2.16631 2.21704 2.2108 2.34902 2.39131 2.47376 2.57594 2.48563 2.59518 2.76292 2.75544 2.76721 2.71438 2.81475 2.80424 2.97435 2.89184 2.97158 3.0001 3.06126 3.0401 3.05277 
3.55102 3.45682 3.43265 3.39806 3.2186 3.21909 3.16872 3.10985 3.01492 2.97039 2.95172 2.87742 2.75651 2.72562 2.70507 2.53559 2.55771 2.45214 2.49823 2.36814 2.37971 2.25005 2.17684 2.16538 2.0798 2.02307 1.94229 1.92393 1.85322 1.83772 1.74074 1.66932 1.65672 1.58313 1.52821 1.47256 1.38838 1.39027 1.33273 1.29606 1.24196 1.20732 1.17436 1.13774 1.10423 1.07801 1.05161 1.02935 1.0176 1.00407 1 1.00019 1.005 1.01784 1.03301 1.05857 1.07778 1.08505 1.12871 1.15802 1.19422 1.26686 1.26975 1.33571 1.34596 1.42506 1.48276 1.56285 1.58806 1.65313 1.66644 1.77953 1.798 1.7882 1.84531 1.93431 2.00538 1.99733 2.03259 2.14948 2.17482 2.31893 2.43764 2.32547 2.50248 2.52498 2.53395 2.61076 2.64998 2.6394 2.78196 2.86175 2.74549 2.92126 2.8251 2.84325 3.00301 2.91575 3.05796 3.02519 3.11822 
3.54943 3.5115 3.40636 3.34327 3.25086 3.19343 3.16587 3.02001 2.9586 2.99329 2.94705 2.82132 2.83374 2.73118 2.62746 2.6946 2.5555 2.42942 2.37876 2.40479 2.25828 2.29606 2.17236 2.14396 2.10502 2.07822 1.98908 1.92533 1.84383 1.75355 1.73537 1.67038 1.61224 1.61232 1.5136 1.43603 1.42978 1.38633 1.34268 1.28597 1.24161 1.1785 1.16573 1.13556 1.08986 1.06517 1.04544 1.02926 1.01354 1.00588 1 1.00183 1.00316 1.02146 1.03181 1.04987 1.06519 1.10499 1.13047 1.15218 1.21735 1.24608 1.29622 1.3318 1.40288 1.43209 1.39383 1.49613 1.6008 1.69671 1.66483 1.72948 1.75417 1.78417 1.86356 1.90649 1.97288 1.9767 2.12721 2.13492 2.23145 2.19721 2.26976 2.38095 2.49203 2.48912 2.55867 2.59176 2.72663 2.68323 2.71649 2.84958 2.75053 2.7904 2.84352 2.93692 2.90241 2.97637 2.95218 3.15866 3.05711 
3.51756 3.48053 3.28294 3.28537 3.20293 3.22169 3.19021 3.03431 3.04685 3.01867 3.018 2.86001 2.73146 2.73635 2.63951 2.62566 2.50453 2.50176 2.41783 2.3669 2.36674 2.24079 2.213 2.12035 2.08815 1.98965 1.92156 1.94292 1.87881 1.79691 1.73365 1.68992 1.63571 1.57605 1.49889 1.44468 1.41425 1.37305 1.34896 1.29165 1.24314 1.20016 1.15969 1.14101 1.10439 1.06571 1.04669 1.03186 1.01219 1.00537 1 1.0003 1.00524 1.01419 1.03092 1.05581 1.08086 1.11177 1.14353 1.19448 1.1937 1.25127 1.30686 1.36927 1.37302 1.39514 1.50255 1.54617 1.56197 1.57782 1.62709 1.73897 1.77164 1.83691 1.80293 1.93212 2.03937 2.05075 2.15166 2.20921 2.23039 2.17612 2.30964 2.30781 2.4344 2.55966 2.51761 2.52474 2.70132 2.61752 2.76967 2.8831 2.95395 2.81061 2.84317 2.93907 2.9979 2.88633 2.95161 3.14876 3.11853 
3.53318 3.45775 3.43226 3.32778 3.20498 3.17465 3.2068 3.07313 3.01836 2.90369 2.95551 2.8198 2.73117 2.77228 2.67089 2.58134 2.57847 2.52571 2.48419 2.33684 2.26893 2.24423 2.22384 2.13937 2.06091 2.03646 1.9674 1.9177 1.83912 1.79704 1.73608 1.64804 1.64554 1.56196 1.5452 1.48803 1.44857 1.37437 1.32352 1.28947 1.23522 1.21149 1.17275 1.10526 1.08987 1.08061 1.05142 1.02519 1.01089 1.00459 1 0.999929 1.00694 1.01773 1.03389 1.05262 1.08411 1.10568 1.12403 1.17082 1.19658 1.22352 1.28432 1.34995 1.36161 1.4224 1.48522 1.53395 1.55218 1.62494 1.69581 1.72752 1.81412 1.78923 1.86044 1.91824 1.90605 1.99873 2.16443 2.16885 2.20654 2.32739 2.2867 2.34736 2.44667 2.53305 2.52567 2.55617 2.60125 2.67792 2.75116 2.69478 2.81631 2.87316 2.91817 2.92335 3.05737 3.0284 3.05616 2.97778 2.96765 
3.50491 3.37145 3.34154 3.34412 3.29915 3.19773 3.21414 3.07659 2.97645 2.98324 2.91702 2.89974 2.82789 2.76172 2.65229 2.67874 2.57488 2.52023 2.48764 2.43453 2.28572 2.25369 2.22251 2.17883 2.10268 1.99644 2.00674 1.88505 1.81638 1.83715 1.73493 1.67545 1.6021 1.53522 1.48792 1.50458 1.44131 1.36397 1.3217 1.28427 1.24484 1.20047 1.15874 1.11631 1.09701 1.06333 1.04478 1.02636 1.01515 1.00191 1 1.00065 1.00837 1.01651 1.03673 1.05557 1.07671 1.10483 1.14068 1.15767 1.21697 1.26458 1.27372 1.31576 1.35665 1.46085 1.50012 1.59596 1.56002 1.61045 1.63443 1.69274 1.72792 1.86133 1.86458 2.01096 1.95395 2.07596 2.09022 2.22693 2.25118 2.24791 2.3051 2.33423 2.4153 2.45654 2.49789 2.64212 2.66996 2.74651 2.82883 2.68508 2.86409 2.83219 2.82504 2.91116 3.05283 2.89743 2.97909 3.10083 3.11621 
3.47343 3.44364 3.33601 3.31852 3.24214 3.05585 3.11116 3.10264 2.99163 2.95644 2.86006 2.87639 2.77597 2.73812 2.6715 2.64117 2.50447 2.45883 2.43396 2.36092 2.32923 2.25201 2.19293 2.1215 2.07826 2.02617 1.94974 1.92157 1.8353 1.77035 1.7841 1.68088 1.64617 1.56875 1.53885 1.44818 1.40135 1.38237 1.34172 1.27204 1.23524 1.20807 1.16324 1.13591 1.08497 1.06509 1.05071 1.02638 1.00994 1.00564 1 1.0018 1.00583 1.01189 1.03032 1.04524 1.07569 1.12363 1.11375 1.14378 1.17842 1.2469 1.28976 1.33256 1.39065 1.41959 1.45574 1.54519 1.58349 1.55957 1.69773 1.73452 1.77843 1.82309 1.90335 1.93378 1.96361 2.05617 2.05708 2.08458 2.19573 2.24853 2.28986 2.38333 2.42416 2.46537 2.52695 2.51586 2.65167 2.66678 2.79656 2.75433 2.84242 2.78603 2.87573 3.00643 2.99925 3.08432 2.89919 3.10063 3.08349 
3.58839 3.38845 3.36871 3.24939 3.27652 3.23352 3.0652 3.06508 2.9941 2.96367 2.93677 2.84596 2.7856 2.6772 2.69889 2.58967 2.51533 2.50659 2.45456 2.34868 2.28995 2.20899 2.21394 2.10631 2.07959 2.03242 1.9586 1.93774 1.8467 1.8169 1.69391 1.68431 1.6216 1.59011 1.50989 1.49242 1.40253 1.37617 1.33497 1.26963 1.22748 1.19786 1.14688 1.13369 1.1084 1.07037 1.04551 1.02385 1.01224 1.00443 1 1.00019 1.00533 1.02312 1.02814 1.04698 1.06983 1.11121 1.12551 1.15542 1.21148 1.26597 1.26427 1.31271 1.43328 1.39684 1.50632 1.4926 1.52564 1.61627 1.6751 1.65562 1.79548 1.81762 1.93893 1.95185 1.9861 2.09778 2.00667 2.19038 2.27467 2.29127 2.37312 2.39599 2.43215 2.46131 2.53168 2.57674 2.56838 2.69804 2.70057 2.68073 2.87779 2.82705 2.91448 2.92828 2.98243 2.98858 3.05201 3.09488 3.08981 
3.51482 3.36944 3.28784 3.28326 3.28485 3.17016 3.13634 3.12134 2.99919 3.02622 2.86447 2.83706 2.76019 2.69567 2.56984 2.61512 2.55578 2.54711 2.46878 2.31128 2.25515 2.22345 2.22623 2.12895 2.03746 1.97966 1.95904 1.89517 1.83599 1.78189 1.73734 1.67278 1.59338 1.55508 1.51191 1.43708 1.41873 1.39331 1.31453 1.27864 1.22369 1.20042 1.1605 1.12775 1.09302 1.06889 1.04113 1.02092 1.01226 1.0038 1 1.00064 1.00401 1.01829 1.04021 1.05322 1.08223 1.08893 1.14239 1.18643 1.19656 1.2618 1.28426 1.30608 1.34738 1.45013 1.46575 1.49963 1.5467 1.61702 1.75258 1.77453 1.78058 1.86303 1.88016 1.92457 1.98134 2.04681 2.08111 2.14213 2.13124 2.29485 2.37667 2.33049 2.39316 2.43769 2.47294 2.62084 2.61212 2.66537 2.70366 2.77174 2.84001 2.96575 2.85779 2.88456 2.89058 3.0419 3.04628 3.07146 3.13806 
3.50175 3.45217 3.28395 3.25953 3.14718 3.22415 3.13194 3.1039 2.93596 3.02959 2.87975 2.85076 2.81703 2.64802 2.6788 2.58971 2.56066 2.43467 2.45295 2.37168 2.297 2.25595 2.21281 2.11889 2.08953 2.02558 1.94992 1.84815 1.85523 1.78162 1.69475 1.64785 1.62237 1.56829 1.50737 1.46329 1.42452 1.3531 1.31318 1.27298 1.22751 1.18498 1.15644 1.12804 1.10278 1.057 1.04489 1.02338 1.01373 1.0045 1 1.00073 1.00725 1.01907 1.03611 1.05831 1.07779 1.09342 1.13928 1.16505 1.18812 1.24226 1.27808 1.35354 1.39871 1.39583 1.4717 1.52124 1.60127 1.63514 1.64039 1.72557 1.76552 1.78675 1.89793 1.97698 2.02525 2.06239 2.08402 2.1033 2.20941 2.28901 2.31474 2.33819 2.47998 2.47427 2.50218 2.47607 2.58662 2.68022 2.68006 2.74205 2.80448 2.77832 2.87403 2.92991 2.89928 3.06084 2.95499 3.04729 2.99508 
3.40051 3.41688 3.3189 3.2388 3.19305 3.14712 3.10578 3.12298 2.95554 2.84353 2.83854 2.80456 2.77868 2.71565 2.68314 2.59305 2.4765 2.47918 2.41946 2.3311 2.28961 2.18393 2.18431 2.08289 2.07188 2.00473 1.93314 1.8997 1.86576 1.78498 1.73356 1.68924 1.59239 1.53503 1.54021 1.44573 1.40855 1.40279 1.31842 1.27778 1.24328 1.1874 1.163 1.12018 1.11868 1.06053 1.05414 1.03315 1.01208 1.00465 1 0.999598 1.00652 1.0188 1.0328 1.05812 1.07586 1.10193 1.1171 1.19525 1.19511 1.23115 1.25898 1.31924 1.39936 1.4148 1.47345 1.48931 1.5516 1.59282 1.67647 1.76184 1.72649 1.83562 1.92271 1.96055 1.96584 1.95438 2.08182 2.11388 2.15189 2.28859 2.334 2.36828 2.36668 2.53395 2.50952 2.55324 2.56259 2.55971 2.72333 2.74466 2.86159 2.88783 2.90215 2.97907 2.98795 2.9531 2.89931 3.00882 3.08428 
3.44373 3.4632 3.33617 3.16886 3.13427 3.10128 3.07195 3.0163 2.97212 2.91953 2.87086 2.76638 2.73798 2.68416 2.59771 2.55332 2.51608 2.4765 2.38687 2.35869 2.2793 2.25997 2.18491 2.09037 2.11434 1.9813 1.92057 1.86727 1.83841 1.7767 1.68369 1.67011 1.63091 1.59176 1.52172 1.46021 1.42986 1.36853 1.29299 1.2737 1.23549 1.18526 1.1656 1.12267 1.09279 1.07133 1.04654 1.02644 1.01272 1.00586 1 0.999904 1.00333 1.01563 1.03456 1.05896 1.08231 1.09611 1.12987 1.17692 1.19558 1.23749 1.24945 1.32794 1.3557 1.38216 1.41271 1.50826 1.51652 1.5752 1.66687 1.73387 1.76272 1.83975 1.88068 1.97863 1.959 2.05242 2.06225 2.13534 2.19848 2.25651 2.2931 2.39151 2.35833 2.47688 2.50181 2.5172 2.6433 2.56827 2.73368 2.66578 2.79857 2.78972 2.85565 2.95512 2.89343 3.05152 2.93782 2.94405 2.95868 
3.41996 3.29664 3.31197 3.2222 3.20574 3.184 3.1179 2.97201 3.04031 2.93961 2.89922 2.81601 2.72986 2.73997 2.68324 2.60297 2.51254 2.46158 2.349 2.37262 2.27849 2.21094 2.16181 2.05353 2.06209 1.95806 1.91352 1.82702 1.836 1.77767 1.71488 1.69365 1.62759 1.57081 1.51142 1.45956 1.42017 1.35658 1.30729 1.26216 1.23893 1.17664 1.15731 1.12048 1.08779 1.08026 1.05097 1.02831 1.01732 1.00232 1 0.999974 1.00782 1.01283 1.03248 1.04735 1.08791 1.08954 1.14727 1.15738 1.20514 1.21787 1.27014 1.3179 1.37373 1.41918 1.50668 1.50004 1.49963 1.5671 1.68133 1.69086 1.69276 1.79584 1.89295 1.86851 1.87974 2.03699 2.03077 2.03669 2.20848 2.23458 2.36859 2.24866 2.35358 2.42531 2.54305 2.52597 2.49211 2.66993 2.6984 2.7479 2.74779 2.91287 2.77811 2.95465 2.89966 2.92802 2.939 2.93266 3.03421 
3.38183 3.32388 3.24362 3.25065 3.16269 3.13347 3.12446 3.02173 3.0424 2.97011 2.89441 2.76199 2.76461 2.6513 2.61429 2.56172 2.53509 2.47582 2.38754 2.3704 2.27785 2.1774 2.1624 2.10059 2.05461 2.01666 1.9774 1.90284 1.80556 1.78929 1.72282 1.65399 1.60702 1.55035 1.5165 1.45484 1.42814 1.37268 1.32885 1.24824 1.24231 1.19591 1.15676 1.11532 1.08469 1.07335 1.04727 1.03468 1.01415 1.00493 1 0.999788 1.00474 1.01107 1.03357 1.04735 1.06959 1.09669 1.12371 1.15614 1.19899 1.2292 1.27905 1.31524 1.38569 1.3819 1.44714 1.47414 1.53221 1.54947 1.59892 1.6791 1.71575 1.76112 1.83104 1.9028 1.97391 1.9861 2.07638 2.15903 2.18932 2.18398 2.30019 2.27227 2.2824 2.51512 2.54715 2.5253 2.54031 2.53156 2.65192 2.65369 2.69478 2.74707 2.80286 2.80717 2.94411 2.85098 2.96553 3.09099 2.85081 
3.42081 3.3739 3.25294 3.27478 3.16029 3.12652 3.02206 3.04614 2.9652 2.94097 2.87262 2.73054 2.72629 2.6552 2.66333 2.56293 2.50503 2.46746 2.4302 2.35627 2.27023 2.25447 2.11587 2.06178 2.019 1.98626 1.91641 1.90328 1.79142 1.76275 1.73395 1.67735 1.57952 1.56427 1.52359 1.45529 1.41494 1.3699 1.32033 1.27555 1.25136 1.20052 1.16263 1.12543 1.10021 1.07403 1.04706 1.02936 1.01726 1.00257 1 1.00043 1.00565 1.017 1.02321 1.05898 1.07231 1.10536 1.13234 1.15576 1.21778 1.21187 1.27407 1.30346 1.30807 1.38932 1.47338 1.47179 1.5402 1.56662 1.61375 1.67413 1.70105 1.80113 1.84166 1.91582 1.91884 1.9609 2.04448 2.05509 2.09646 2.16859 2.22632 2.24462 2.36761 2.40616 2.4646 2.46256 2.52816 2.54151 2.59876 2.68594 2.68269 2.72215 2.68827 2.83767 2.84429 2.80968 2.71667 3.01879 2.806 
3.39093 3.3585 3.30025 3.21221 3.18991 3.1412 3.0846 3.08892 2.9458 2.89237 2.83956 2.79048 2.73323 2.71074 2.64447 2.57047 2.46956 2.42617 2.36485 2.34655 2.22689 2.20613 2.18722 2.08692 2.01367 1.98392 1.9232 1.90125 1.81349 1.77313 1.73753 1.65589 1.59754 1.5999 1.52032 1.48167 1.38369 1.39244 1.3502 1.27741 1.24532 1.20061 1.17234 1.13126 1.09883 1.06982 1.04993 1.03033 1.01786 1.00495 1 1.0029 0.998919 1.00764 1.02327 1.04254 1.06743 1.11566 1.11699 1.15812 1.1911 1.20104 1.24473 1.30774 1.32929 1.36517 1.47046 1.48615 1.52114 1.57787 1.61894 1.66886 1.60023 1.80059 1.84133 1.89724 1.88678 1.94309 2.03997 2.07194 2.05364 2.04654 2.12447 2.32968 2.24647 2.40261 2.39183 2.47311 2.47588 2.44718 2.63373 2.55777 2.69592 2.6962 2.65103 2.84163 2.73008 2.77523 2.90154 2.81502 2.86693 
3.43174 3.35668 3.23381 3.27183 3.12719 3.14499 3.08653 3.08934 2.94301 2.88817 2.82752 2.75555 2.71091 2.66003 2.66215 2.54075 2.48432 2.39949 2.38886 2.31518 2.27758 2.20687 2.15361 2.08797 2.0429 1.998 1.96221 1.8774 1.81243 1.76581 1.67819 1.66241 1.65417 1.55758 1.54324 1.48042 1.40659 1.38396 1.32829 1.28128 1.25574 1.22408 1.1777 1.13671 1.11156 1.07322 1.03898 1.03083 1.01592 1.00556 1 0.998803 1.00367 1.00442 1.02234 1.04138 1.06433 1.09351 1.11317 1.12232 1.15544 1.19751 1.24605 1.29223 1.33115 1.37841 1.37737 1.43682 1.46942 1.54724 1.61727 1.63154 1.70883 1.78296 1.78874 1.82178 1.90491 1.91876 1.93791 2.03331 2.16572 2.15865 2.19449 2.28434 2.20674 2.30354 2.32207 2.40338 2.47356 2.55108 2.56041 2.54145 2.67709 2.572 2.62591 2.62544 2.74502 2.88002 2.75049 2.79298 2.89815 
3.48254 3.31307 3.27342 3.27579 3.14661 3.11555 3.11915 3.01093 2.89525 2.96677 2.80434 2.7423 2.68437 2.70112 2.59714 2.55426 2.49638 2.44321 2.36612 2.33256 2.25989 2.22126 2.18647 2.09728 2.05881 1.95707 1.93661 1.88053 1.83762 1.77557 1.71462 1.67993 1.62272 1.56928 1.50126 1.49372 1.43062 1.37714 1.35853 1.28465 1.25921 1.20489 1.15241 1.13058 1.10208 1.07951 1.04114 1.03001 1.01617 1.00698 1 0.998519 1.005 1.0072 1.01928 1.03378 1.04312 1.07731 1.12509 1.15106 1.16446 1.20476 1.24048 1.28454 1.27894 1.34679 1.40468 1.42698 1.46288 1.52569 1.55577 1.62208 1.62407 1.68325 1.81802 1.8176 1.92523 1.93986 1.8688 2.00215 2.04497 2.04743 2.10416 2.17032 2.23809 2.27192 2.30841 2.42689 2.46922 2.48373 2.56017 2.68842 2.56618 2.65115 2.65384 2.72274 2.77751 2.71291 2.7066 2.79048 2.75248 
3.33856 3.39303 3.23109 3.24907 3.20893 3.14243 2.99854 2.96837 2.94062 2.92644 2.85197 2.73236 2.67669 2.68195 2.57601 2.56317 2.50495 2.4396 2.38643 2.34731 2.28282 2.18667 2.1328 2.1265 2.03827 1.97462 1.95052 1.88687 1.82922 1.77177 1.72688 1.65816 1.61091 1.54187 1.49112 1.48402 1.42825 1.37321 1.31877 1.29424 1.2489 1.21307 1.1763 1.12884 1.10616 1.06892 1.04915 1.03384 1.02045 1.00634 1 0.996982 1.00197 1.01026 1.01796 1.02945 1.06389 1.05794 1.08384 1.13223 1.16791 1.20473 1.22299 1.2538 1.33109 1.35931 1.38298 1.40783 1.50787 1.47128 1.52607 1.57411 1.62731 1.6759 1.69254 1.82233 1.84022 1.89363 1.88882 1.9291 2.06684 2.08979 2.0806 2.155 2.2262 2.2787 2.32242 2.24617 2.37282 2.48476 2.37068 2.5221 2.45745 2.57121 2.63896 2.6489 2.62508 2.81785 2.7564 2.68629 2.85127 
3.37043 3.38674 3.2485 3.23814 3.19111 3.0929 3.0708 2.96934 2.88744 2.85056 2.80806 2.8091 2.70004 2.69237 2.6101 2.54009 2.4905 2.45816 2.34597 2.37342 2.29882 2.20781 2.1064 2.10523 2.03311 2.01056 1.95539 1.90914 1.83535 1.79247 1.72017 1.67762 1.65468 1.61102 1.52567 1.50221 1.41164 1.37356 1.33209 1.30483 1.24759 1.20427 1.17876 1.14318 1.11028 1.07963 1.06046 1.0354 1.01571 1.00607 1 0.997163 0.999806 1.00292 1.01317 1.0137 1.05441 1.07238 1.08172 1.11099 1.14732 1.16935 1.20513 1.23175 1.27642 1.31269 1.32001 1.39417 1.4143 1.48401 1.5593 1.54745 1.60779 1.65738 1.76276 1.73294 1.79588 1.7686 1.91476 1.87936 2.00358 2.05839 2.06216 2.12224 2.0965 2.23518 2.19291 2.27823 2.33463 2.33116 2.42494 2.46373 2.53559 2.45008 2.5595 2.53017 2.64654 2.64244 2.72619 2.62866 2.69843 
3.38606 3.29115 3.20463 3.20095 3.13817 3.0879 3.10855 2.99397 2.99624 2.92773 2.72783 2.73502 2.73814 2.70306 2.5986 2.58466 2.49182 2.40187 2.33973 2.34034 2.25496 2.26457 2.17509 2.12106 2.08244 2.026 1.96471 1.87059 1.82496 1.82114 1.74594 1.66639 1.6356 1.56939 1.54244 1.49832 1.42245 1.37716 1.32405 1.29985 1.25383 1.2054 1.17426 1.13886 1.1113 1.0789 1.05251 1.03514 1.02333 1.00896 1 0.995312 0.999248 0.995071 1.01795 1.02765 1.05053 1.07401 1.07554 1.11687 1.14119 1.17346 1.19343 1.23882 1.27008 1.31259 1.33972 1.38638 1.41642 1.44432 1.48221 1.53142 1.61441 1.64461 1.69093 1.6755 1.72829 1.82065 1.85372 1.8895 1.91524 2.01086 2.03867 2.07747 2.09537 2.10091 2.21907 2.17175 2.29804 2.42375 2.34874 2.37464 2.37427 2.43334 2.43424 2.46663 2.62034 2.68061 2.69747 2.6887 2.66812 
3.35825 3.37619 3.28794 3.20918 3.25042 3.149 3.06271 3.01399 2.89381 2.89814 2.88113 2.72532 2.77261 2.67404 2.62394 2.53576 2.53055 2.42884 2.37165 2.34766 2.2367 2.23996 2.18994 2.07296 2.08362 2.01118 1.97226 1.87698 1.84107 1.7723 1.72804 1.68345 1.60241 1.57269 1.53077 1.49397 1.45473 1.40992 1.33078 1.30181 1.24662 1.20448 1.17377 1.14611 1.11358 1.08904 1.06187 1.03662 1.0271 1.00661 1 0.996145 0.990718 1.00282 1.01949 1.03015 1.03949 1.05181 1.06986 1.09386 1.14576 1.15174 1.19021 1.20027 1.25563 1.29061 1.32529 1.38205 1.39527 1.46294 1.48968 1.543 1.54861 1.60921 1.62032 1.66777 1.67547 1.87422 1.81193 1.85174 1.94793 1.95904 2.05056 2.07702 2.02417 2.0559 2.09978 2.15442 2.28054 2.26001 2.29357 2.35283 2.28166 2.43301 2.54257 2.46963 2.62692 2.42628 2.57929 2.42566 2.63483 
3.42475 3.31539 3.23695 3.23298 3.14448 3.12533 3.00006 2.95308 3.03308 2.93264 2.81856 2.82033 2.73696 2.67336 2.63213 2.5494 2.487 2.49818 2.40699 2.30169 2.27514 2.20815 2.14553 2.12907 2.02985 2.01115 1.93012 1.88119 1.89378 1.74892 1.76538 1.67614 1.65647 1.56897 1.51191 1.48546 1.44382 1.40052 1.34878 1.31707 1.26696 1.22118 1.18062 1.14696 1.11722 1.08143 1.05865 1.03268 1.02601 1.01027 1 0.995052 0.993963 1.00267 1.00546 1.01922 1.02896 1.05308 1.06244 1.08135 1.12895 1.15683 1.15066 1.19491 1.24107 1.26626 1.30528 1.3773 1.39521 1.46125 1.47422 1.5131 1.56623 1.60542 1.59837 1.64538 1.72138 1.74676 1.82197 1.82664 1.88055 1.81628 1.88293 2.02586 2.05915 2.12802 2.05516 2.15645 2.19669 2.24065 2.25326 2.32419 2.35044 2.35532 2.34075 2.39877 2.37905 2.51449 2.57236 2.47419 2.45969 
3.42961 3.37727 3.23162 3.23139 3.22626 3.1358 3.02432 3.06629 2.8709 2.90988 2.82741 2.73182 2.74958 2.65267 2.65018 2.52863 2.50006 2.55562 2.38536 2.3478 2.31727 2.23568 2.19629 2.12133 2.08425 2.0145 1.95664 1.91053 1.89317 1.7795 1.73024 1.6977 1.6226 1.56412 1.54965 1.50303 1.42882 1.39913 1.35847 1.28721 1.25886 1.2157 1.17934 1.1445 1.12456 1.09112 1.06777 1.0406 1.02407 1.00908 1 0.993578 0.99248 0.998405 1.00203 1.00646 1.02087 1.04199 1.06351 1.0934 1.09428 1.13703 1.17223 1.20496 1.21577 1.27154 1.34375 1.33972 1.37207 1.40617 1.43829 1.45928 1.573 1.55745 1.55888 1.68674 1.71595 1.70711 1.71419 1.77489 1.81796 1.88549 1.93836 1.89503 2.02842 2.00197 1.96794 2.19485 2.20752 2.19482 2.29454 2.27821 2.24164 2.42802 2.36578 2.37769 2.43561 2.36362 2.51236 2.49857 2.55816 
3.35233 3.35064 3.23167 3.18485 3.09456 3.07566 3.05307 2.95145 2.90144 2.96419 2.88584 2.77458 2.70083 2.65097 2.61789 2.57254 2.50638 2.43562 2.3876 2.33801 2.23198 2.22129 2.16815 2.14436 2.08044 2.0685 1.94253 1.88824 1.82647 1.83715 1.76926 1.72066 1.65006 1.61209 1.54606 1.5021 1.43664 1.39196 1.35452 1.29727 1.27234 1.23604 1.20031 1.14843 1.11135 1.0893 1.06223 1.04138 1.02573 1.00835 1 0.994841 0.991984 0.995298 1.00528 1.00932 1.01694 1.03616 1.06891 1.07972 1.12953 1.10969 1.16439 1.21548 1.20937 1.23874 1.25594 1.29147 1.35657 1.36118 1.40947 1.48944 1.49246 1.56371 1.57183 1.62609 1.61572 1.6684 1.74694 1.68774 1.72136 1.83748 1.90672 1.95325 1.93932 1.99393 2.05061 2.07061 2.10558 2.07418 2.20937 2.14842 2.11771 2.25644 2.42291 2.37713 2.28026 2.33603 2.37549 2.39331 2.44564 
3.30568 3.30126 3.26202 3.2651 3.20806 3.13514 3.09334 3.05773 2.9117 2.95898 2.84053 2.77435 2.73052 2.64283 2.66887 2.53544 2.51736 2.50552 2.44466 2.33349 2.28496 2.24412 2.16478 2.12339 2.08482 2.03301 1.94013 1.90321 1.82972 1.76302 1.76535 1.70022 1.63268 1.60761 1.54832 1.46616 1.44874 1.40331 1.34217 1.31593 1.27646 1.23041 1.18552 1.15747 1.12045 1.08762 1.06258 1.04042 1.02575 1.01288 1 0.994257 0.988872 0.997759 0.992265 1.01484 1.02705 1.03697 1.03316 1.08372 1.08251 1.13361 1.13747 1.19967 1.21646 1.25467 1.247 1.33559 1.30053 1.36328 1.39378 1.47251 1.49011 1.54023 1.59179 1.58479 1.65645 1.66479 1.70782 1.70528 1.72705 1.71672 1.87845 1.87962 1.88642 1.97447 1.94918 2.01735 1.96654 2.08106 2.05193 2.19145 2.18824 2.20742 2.26434 2.32299 2.2991 2.25543 2.42278 2.41803 2.39539 
3.38066 3.36618 3.23764 3.2207 3.28487 3.15169 3.06722 3.00772 2.94693 2.96599 2.89526 2.78546 2.77856 2.69832 2.60444 2.49759 2.49349 2.44241 2.44482 2.35866 2.2526 2.23224 2.19295 2.1163 2.07035 1.98746 1.93799 1.89969 1.84471 1.80905 1.73095 1.71725 1.67173 1.5802 1.52811 1.49344 1.44417 1.39875 1.35172 1.31463 1.27763 1.23328 1.17799 1.15895 1.12935 1.09455 1.06919 1.04432 1.02418 1.01059 1 0.992814 0.992128 0.990201 0.997302 1.00365 1.01879 1.02358 1.04372 1.072 1.08205 1.11327 1.16328 1.16662 1.18165 1.24417 1.21853 1.24688 1.30355 1.32718 1.4064 1.41583 1.48461 1.45275 1.54167 1.53622 1.63181 1.6487 1.57984 1.66167 1.73116 1.83626 1.79012 1.88133 1.84343 1.93545 1.98966 2.04242 2.09988 2.13189 2.06996 2.00765 2.13985 2.20137 2.27859 2.1615 2.21041 2.33088 2.30547 2.40494 2.4105 
3.43115 3.38278 3.18835 3.2354 3.12516 3.18447 3.12701 3.00626 2.96336 2.88303 2.8729 2.75286 2.73095 2.63932 2.60405 2.50606 2.47936 2.45692 2.38922 2.34993 2.27575 2.25226 2.17941 2.13083 2.05066 2.04968 1.96344 1.91239 1.86041 1.83546 1.75869 1.71073 1.66044 1.59634 1.54878 1.4896 1.44328 1.41184 1.36972 1.31813 1.26504 1.23305 1.19971 1.15293 1.12077 1.09516 1.06637 1.04006 1.03011 1.01041 1 0.99224 0.990368 0.984236 0.989728 0.995789 1.01075 1.02338 1.04117 1.07696 1.06814 1.1077 1.15494 1.16314 1.17122 1.23183 1.2559 1.2668 1.27209 1.35728 1.36548 1.36875 1.44501 1.47412 1.4793 1.52575 1.57216 1.57853 1.68292 1.72083 1.70625 1.71291 1.73151 1.84435 1.8423 1.91407 1.84737 1.89884 2.02162 2.03328 2.06406 2.03683 2.03841 2.12902 2.16758 2.12819 2.18971 2.2295 2.30126 2.32738 2.36536 
3.40138 3.33872 3.30061 3.26469 3.18789 3.10277 3.07293 3.02484 2.98257 2.90348 2.81211 2.80181 2.67887 2.65993 2.6056 2.49997 2.47179 2.41867 2.39239 2.3292 2.29747 2.2736 2.21033 2.13266 2.11166 2.04394 1.94873 1.91457 1.85318 1.78957 1.72604 1.70405 1.64248 1.6415 1.55095 1.49709 1.44592 1.41196 1.3626 1.31734 1.27509 1.22601 1.19023 1.16015 1.12258 1.09949 1.07763 1.05014 1.02881 1.01231 1 0.992368 0.984975 0.987033 0.98677 1.0016 1.02819 1.0212 1.03171 1.05498 1.07856 1.08595 1.13109 1.13721 1.18398 1.21261 1.23674 1.25018 1.273 1.36468 1.3404 1.43253 1.40745 1.4971 1.4803 1.46392 1.51364 1.65429 1.72897 1.62463 1.69107 1.71471 1.7177 1.78398 1.80482 1.86502 1.89786 1.95679 1.93612 2.02088 1.97701 2.05869 2.02483 2.03199 2.16425 2.23887 2.06535 2.17644 2.2835 2.18549 2.31335 
3.35282 3.26487 3.2165 3.18309 3.14789 3.08586 3.083 2.95299 2.96221 2.90317 2.81298 2.77095 2.7444 2.68142 2.61542 2.5184 2.50701 2.46489 2.38624 2.30311 2.30901 2.21524 2.19747 2.11468 2.06388 2.01838 1.9485 1.9034 1.88756 1.79139 1.72344 1.71392 1.65535 1.59873 1.5329 1.47311 1.44696 1.41928 1.36191 1.30434 1.28422 1.2381 1.21065 1.17526 1.12183 1.0902 1.07736 1.04687 1.02663 1.01175 1 0.991617 0.989237 0.984931 0.986542 0.993371 1.01126 1.01004 1.01849 1.03907 1.08944 1.10812 1.12374 1.14975 1.15976 1.19058 1.22496 1.28682 1.25131 1.28304 1.35574 1.3908 1.38481 1.40491 1.47072 1.515 1.53542 1.54265 1.57471 1.63271 1.66879 1.62322 1.70717 1.79591 1.82434 1.85585 1.86384 1.90371 1.96109 1.96662 1.98774 2.03079 2.01817 2.09327 2.11236 2.12593 2.19268 2.1567 2.15402 2.26888 2.2885 
3.34104 3.30228 3.27312 3.24318 3.1643 3.09321 3.02922 3.0254 2.96649 2.88341 2.81838 2.86385 2.7082 2.61175 2.59688 2.55279 2.50872 2.39444 2.39994 2.34507 2.28805 2.24475 2.1682 2.12671 2.05205 2.00963 1.96998 1.90912 1.88896 1.83779 1.72864 1.70755 1.67278 1.61818 1.57074 1.50507 1.45097 1.39414 1.36179 1.30227 1.2764 1.23298 1.20597 1.15968 1.12848 1.09676 1.07632 1.05521 1.02881 1.011 1 0.99354 0.989452 0.983441 0.980486 0.991485 1.01155 1.00829 1.04014 1.05177 1.07118 1.08942 1.0991 1.14944 1.1718 1.16969 1.23203 1.29416 1.23583 1.26909 1.34073 1.39246 1.39269 1.4087 1.45433 1.51232 1.399 1.57967 1.58276 1.65041 1.65204 1.66961 1.75796 1.70286 1.7509 1.8741 1.80163 1.92766 1.89989 1.88495 1.992 2.04546 2.09879 2.01866 2.14802 2.11049 2.16574 2.09155 2.16717 2.21333 2.25449 
3.34399 3.35419 3.251 3.28749 3.0818 3.11887 3.06001 2.95047 2.89967 2.86519 2.80883 2.7473 2.67484 2.64979 2.55648 2.51072 2.48061 2.43971 2.37012 2.35459 2.28247 2.22727 2.18379 2.14094 2.08747 1.98777 1.94448 1.87846 1.87622 1.80118 1.73446 1.69175 1.66613 1.60982 1.56615 1.49159 1.44095 1.42376 1.35303 1.32444 1.26551 1.23411 1.19468 1.16208 1.13108 1.09895 1.07175 1.05182 1.03003 1.01222 1 0.991485 0.986698 0.984439 0.997061 0.995278 1.00141 1.02006 1.02969 1.04616 1.0678 1.08073 1.10296 1.12138 1.176 1.16731 1.19148 1.23261 1.24182 1.2906 1.33535 1.35573 1.38871 1.41164 1.44524 1.44135 1.56148 1.5764 1.63639 1.61505 1.61424 1.76424 1.76525 1.68379 1.7844 1.75566 1.83546 1.84453 1.89637 1.8746 1.96327 2.00275 2.01169 2.02426 2.12006 2.05902 2.1456 2.08666 2.16946 2.18479 2.12735 
3.37931 3.30831 3.22774 3.18842 3.11282 3.06249 3.03741 3.02725 2.87138 2.8783 2.8186 2.69954 2.70407 2.64202 2.60199 2.57311 2.47075 2.41747 2.40955 2.30072 2.25876 2.23902 2.15004 2.15694 2.0366 2.02077 1.97569 1.89322 1.85038 1.81455 1.75368 1.71146 1.65717 1.60381 1.53538 1.51145 1.45964 1.39275 1.3706 1.32658 1.24873 1.23714 1.19644 1.16568 1.12134 1.0963 1.07216 1.05051 1.02944 1.01189 1 0.99163 0.986096 0.983833 0.983543 0.987233 0.994628 1.0125 1.01841 1.04043 1.06901 1.09871 1.11639 1.12811 1.1425 1.16763 1.21713 1.20769 1.27339 1.26773 1.30416 1.34401 1.36014 1.39932 1.37983 1.45006 1.54484 1.54171 1.54549 1.5408 1.60491 1.69218 1.63652 1.6563 1.722 1.76344 1.82832 1.78781 1.94107 1.88115 1.87244 1.94017 1.89854 2.03347 1.96102 1.99729 2.08588 2.01917 2.15301 2.0565 2.06409 
3.31858 3.30158 3.21888 3.16378 3.11431 3.10273 3.04186 2.92298 2.93032 2.81563 2.81643 2.7518 2.72153 2.68475 2.64398 2.48854 2.49047 2.43449 2.3235 2.32851 2.2839 2.19653 2.16556 2.10834 2.05586 1.99226 1.9507 1.87656 1.84368 1.79372 1.75267 1.68468 1.64652 1.5804 1.55247 1.46248 1.44592 1.40226 1.38074 1.32 1.27991 1.23916 1.20627 1.16412 1.13109 1.1034 1.07277 1.05154 1.03004 1.01301 1 0.989419 0.985869 0.983944 0.982976 0.994822 0.996463 1.01105 1.02738 1.04741 1.03728 1.10135 1.09058 1.12466 1.17965 1.18959 1.18998 1.24755 1.2392 1.27565 1.32773 1.341 1.36949 1.34811 1.41718 1.46782 1.49846 1.53385 1.50579 1.5385 1.63194 1.62927 1.56458 1.66069 1.80078 1.78705 1.85221 1.778 1.8159 1.95208 1.95426 1.94719 2.05687 2.03203 2.00212 2.01005 2.07614 2.07623 2.15123 2.24952 2.18451 
3.40064 3.30784 3.25843 3.13332 3.12135 3.01503 3.0401 2.95354 2.96977 2.8301 2.80462 2.75769 2.73343 2.63869 2.56482 2.51782 2.51316 2.43657 2.38718 2.31031 2.22583 2.23866 2.17214 2.10146 2.09928 1.97652 1.92154 1.91203 1.83624 1.76082 1.76244 1.69492 1.66844 1.59499 1.5435 1.51547 1.43965 1.42295 1.36982 1.32641 1.25939 1.23296 1.21447 1.16831 1.12902 1.09878 1.07388 1.05236 1.03064 1.01292 1 0.991303 0.988311 0.979534 0.992005 0.99178 1.00187 0.995332 1.02088 1.0527 1.05962 1.07861 1.09155 1.11549 1.14616 1.16779 1.19427 1.18064 1.22215 1.23269 1.33701 1.35227 1.37096 1.35763 1.39643 1.47074 1.46784 1.51488 1.57799 1.54441 1.59837 1.64001 1.60036 1.71873 1.65706 1.77189 1.77918 1.86535 1.80894 1.94912 1.92243 1.91028 2.01157 1.99827 2.06152 2.11753 2.06024 1.97417 2.14282 2.04397 2.15969 
3.27836 3.19222 3.21509 3.17413 3.02903 3.07771 3.0749 2.96897 2.85378 2.84719 2.80803 2.75828 2.72517 2.71306 2.58491 2.4833 2.47924 2.42763 2.34897 2.33108 2.25724 2.20541 2.14814 2.09513 2.02065 2.01475 1.9506 1.87183 1.82686 1.80555 1.73524 1.70249 1.65223 1.57949 1.50395 1.50711 1.44283 1.40689 1.36096 1.30184 1.26583 1.22822 1.20256 1.17992 1.1244 1.10114 1.0741 1.0512 1.02861 1.01383 1 0.989263 0.986909 0.981698 0.982767 0.987312 1.00691 1.00095 1.02041 1.03479 1.05919 1.06963 1.07957 1.101 1.18286 1.16683 1.19507 1.21539 1.23706 1.28006 1.25524 1.31455 1.39195 1.36689 1.44129 1.45908 1.51198 1.45635 1.48769 1.55461 1.60867 1.62636 1.69827 1.80361 1.73916 1.6969 1.86138 1.80636 1.85333 1.83584 1.85455 1.83195 1.91236 1.99036 2.00647 1.9064 2.088 2.07695 2.09814 1.98354 2.0463 
3.26617 3.27411 3.20206 3.16605 3.04556 2.99816 2.95772 2.89986 2.87242 2.80218 2.81718 2.70177 2.64841 2.60343 2.54686 2.52927 2.46611 2.4028 2.38176 2.30713 2.2365 2.18631 2.15945 2.09923 2.0337 1.94605 1.98654 1.91601 1.82429 1.80722 1.73286 1.68562 1.63002 1.57684 1.55962 1.48415 1.47408 1.41556 1.36273 1.30056 1.29363 1.23534 1.18672 1.16617 1.12401 1.09943 1.07537 1.05031 1.03283 1.01301 1 0.990565 0.985997 0.982765 0.97952 0.982071 0.987783 1.00804 1.01736 1.0249 1.05509 1.06126 1.07519 1.12598 1.13037 1.1894 1.19442 1.2376 1.25118 1.24177 1.31209 1.30643 1.32972 1.36064 1.37202 1.40235 1.46503 1.53797 1.50114 1.5094 1.57597 1.66399 1.62318 1.61995 1.68298 1.67836 1.64628 1.7287 1.79141 1.76958 1.87494 1.90774 1.86963 1.93236 1.95395 1.98641 2.04166 2.15131 2.10613 2.10391 2.09114 
3.26943 3.2681 3.22902 3.12874 3.05102 3.01095 2.95888 2.9055 2.84829 2.78729 2.75647 2.67488 2.59016 2.60762 2.56789 2.53243 2.41848 2.41438 2.34 2.27626 2.2425 2.18766 2.16722 2.07126 2.08294 2.00483 1.94162 1.87588 1.82714 1.79246 1.69191 1.68167 1.64576 1.58216 1.54002 1.48483 1.43973 1.42052 1.35477 1.32506 1.27675 1.2495 1.19995 1.17109 1.13372 1.10021 1.07559 1.04712 1.0313 1.01439 1 0.990583 0.986573 0.983456 0.985448 0.981229 0.994242 1.00996 1.01351 1.02148 1.06202 1.06894 1.07281 1.11069 1.12039 1.14083 1.1953 1.21939 1.26339 1.24202 1.27071 1.2729 1.32422 1.38694 1.36101 1.46257 1.48147 1.47487 1.50582 1.54284 1.58612 1.60684 1.63371 1.69285 1.667 1.68066 1.75404 1.82347 1.82835 1.84525 1.82929 1.86845 1.84701 1.9501 1.98895 1.92642 1.87563 2.11033 2.09046 1.99752 2.08046 
3.31844 3.19024 3.09378 3.1049 3.02215 3.02091 2.92297 2.90963 2.85058 2.80066 2.76889 2.66437 2.68638 2.60773 2.54073 2.52932 2.52722 2.38107 2.38685 2.27991 2.24178 2.16886 2.12679 2.08374 2.06486 1.96661 1.88038 1.88959 1.82041 1.77027 1.67382 1.67832 1.62533 1.58496 1.51725 1.48798 1.4419 1.41363 1.34063 1.33182 1.257 1.22737 1.20529 1.16566 1.13214 1.09426 1.07577 1.05242 1.02889 1.01362 1 0.990623 0.986915 0.980735 0.987804 0.987097 0.989584 0.995804 1.01648 1.02972 1.035 1.06383 1.10092 1.11325 1.12659 1.16312 1.17673 1.19757 1.23328 1.29879 1.2265 1.35538 1.35335 1.33098 1.35893 1.34321 1.49344 1.50914 1.46878 1.53792 1.55634 1.56084 1.67178 1.59123 1.66024 1.73738 1.77857 1.73283 1.87537 1.85206 1.84659 1.82351 1.87634 1.912 1.88336 1.90085 1.95322 1.94898 1.98773 2.01183 2.02482 
3.16336 3.23718 3.12666 3.07622 3.06489 2.89732 2.90031 2.90052 2.81991 2.80931 2.6576 2.66056 2.62021 2.55268 2.49295 2.43542 2.38601 2.40893 2.32141 2.26167 2.24994 2.20083 2.16469 2.08523 2.00031 1.95269 1.92918 1.88174 1.81247 1.76543 1.72519 1.65982 1.61652 1.56047 1.51652 1.48461 1.41455 1.39752 1.35231 1.30825 1.27837 1.23811 1.19086 1.16693 1.13431 1.10005 1.06956 1.04894 1.03089 1.0119 1 0.990078 0.982072 0.984033 0.986461 0.988428 0.988247 0.992763 1.00939 1.02822 1.05378 1.05686 1.07913 1.09974 1.13733 1.13327 1.1545 1.17151 1.21872 1.25383 1.32486 1.25428 1.32459 1.30241 1.35486 1.36963 1.47608 1.46491 1.44276 1.52316 1.53701 1.52566 1.64774 1.59424 1.61909 1.72062 1.7379 1.70564 1.70653 1.85822 1.80006 1.85425 1.80402 1.92769 1.81875 1.90651 1.93939 1.95104 1.96242 1.99574 1.99698 
3.25631 3.17454 3.17985 3.08012 3.032 2.96364 2.91938 2.96473 2.88141 2.75778 2.70064 2.69223 2.64477 2.62027 2.51186 2.36516 2.35452 2.35731 2.33441 2.2333 2.14351 2.1316 2.11002 2.06371 2.01522 1.98816 1.93541 1.86392 1.80089 1.7457 1.69673 1.66258 1.61972 1.59136 1.54806 1.45469 1.4093 1.39646 1.36695 1.31396 1.26873 1.23611 1.18314 1.15259 1.11679 1.09361 1.06776 1.04864 1.03013 1.01208 1 0.990872 0.986756 0.981384 0.979668 0.98419 0.987547 0.993211 1.01689 1.02787 1.0381 1.06223 1.07752 1.11697 1.1053 1.14831 1.17437 1.17108 1.20484 1.26662 1.26084 1.31886 1.32106 1.32254 1.36513 1.39091 1.42278 1.47276 1.51461 1.52861 1.52049 1.55453 1.50984 1.62876 1.58753 1.71484 1.69479 1.6812 1.74865 1.85009 1.80301 1.88024 1.78597 1.84048 1.84694 1.95317 1.90739 1.96021 1.85318 2.03658 1.92494 
3.22778 3.21649 3.11987 3.02039 3.04402 2.97236 2.83445 2.80755 2.81108 2.75138 2.73884 2.70331 2.54009 2.49189 2.48444 2.36382 2.39755 2.32777 2.32602 2.2381 2.19578 2.12008 2.09919 2.0435 1.9841 1.87383 1.87195 1.82831 1.80245 1.73573 1.72055 1.65353 1.62954 1.55149 1.50862 1.50631 1.43299 1.38305 1.35142 1.29618 1.26707 1.23609 1.19228 1.16485 1.11713 1.09278 1.07789 1.0492 1.02984 1.01277 1 0.990185 0.982015 0.983552 0.980478 0.983013 0.984863 1.00684 1.01321 1.03102 1.04704 1.08538 1.0562 1.08451 1.11144 1.11139 1.16694 1.17521 1.18472 1.22535 1.2661 1.27982 1.28818 1.30408 1.32594 1.41413 1.40175 1.4817 1.46069 1.53795 1.50993 1.48875 1.54764 1.58276 1.6535 1.65241 1.65443 1.63111 1.67348 1.80227 1.76886 1.74679 1.87078 1.85943 1.80842 1.94621 1.90969 1.88862 2.02046 2.08404 2.05811 
3.19904 3.18155 3.12059 2.97134 2.86686 2.96154 2.87602 2.89222 2.71579 2.74851 2.67965 2.62879 2.59563 2.56191 2.56575 2.35089 2.42992 2.31153 2.31792 2.22119 2.17711 2.13305 2.08204 2.04127 1.97153 1.89171 1.85382 1.87007 1.81423 1.76592 1.7037 1.64336 1.58936 1.54484 1.51012 1.45532 1.40489 1.3895 1.34437 1.30625 1.26871 1.22799 1.18784 1.14796 1.13211 1.10119 1.07348 1.0548 1.02993 1.0132 1 0.990281 0.982899 0.978725 0.981292 0.986096 0.994658 1.00046 1.02054 1.01549 1.0228 1.06726 1.07121 1.08235 1.08786 1.13702 1.16301 1.22774 1.18579 1.21955 1.20754 1.28114 1.30122 1.29052 1.34561 1.4037 1.45097 1.432 1.46037 1.46159 1.51177 1.51056 1.5487 1.54462 1.6167 1.58298 1.65502 1.63629 1.79247 1.71321 1.75131 1.72255 1.83688 1.84692 1.84546 1.9548 1.83228 1.91081 1.7974 1.91876 1.92743 
3.13933 3.12903 3.20662 2.98754 2.9774 2.83726 2.85673 2.82486 2.7428 2.6956 2.69735 2.65674 2.49832 2.47611 2.46103 2.43223 2.37578 2.35857 2.27108 2.24512 2.07674 2.10456 2.05465 2.04826 1.98223 1.91157 1.86269 1.81481 1.78434 1.77644 1.70403 1.65832 1.63136 1.54516 1.49051 1.44485 1.39307 1.39054 1.33762 1.30417 1.27012 1.21886 1.19541 1.15401 1.13077 1.10294 1.0689 1.04882 1.02874 1.01338 1 0.990118 0.984926 0.980574 0.980948 0.982134 0.997814 1.00008 1.00287 1.01544 1.01695 1.03412 1.06964 1.08093 1.08876 1.14277 1.16959 1.19529 1.211 1.22686 1.24347 1.27133 1.29642 1.28111 1.33429 1.32822 1.3389 1.41112 1.42688 1.47509 1.47562 1.49547 1.47443 1.55178 1.57517 1.71543 1.6477 1.67827 1.64979 1.7513 1.78223 1.77262 1.81012 1.84408 1.72097 1.78861 1.9185 1.9447 1.94053 1.94063 1.93935 
3.10844 3.01938 3.1271 3.01618 2.86566 2.90472 2.87953 2.77526 2.80464 2.70607 2.57628 2.62653 2.51193 2.49917 2.44112 2.35805 2.32558 2.28701 2.20074 2.19734 2.21131 2.09767 2.05033 2.02607 1.94414 1.92249 1.84723 1.82727 1.78827 1.73985 1.65326 1.64069 1.59647 1.54232 1.50822 1.46673 1.43422 1.38784 1.33408 1.28925 1.26732 1.22299 1.19053 1.15507 1.12222 1.1065 1.06618 1.04819 1.02741 1.01394 1 0.990065 0.986574 0.986903 0.980045 0.983509 0.993727 0.987457 1.00995 1.02598 1.02325 1.04689 1.05747 1.06566 1.11273 1.12452 1.13392 1.18098 1.19181 1.16106 1.25368 1.25738 1.25693 1.31071 1.35934 1.43562 1.35369 1.36779 1.39329 1.49135 1.52402 1.58322 1.52287 1.56575 1.61081 1.6314 1.69111 1.70297 1.62788 1.6417 1.78279 1.70735 1.71922 1.76477 1.81766 1.90395 1.78481 1.83964 1.84886 1.91586 1.90932 
3.10475 3.08856 2.98806 3.00676 2.93548 2.88971 2.76827 2.774 2.74886 2.72188 2.63863 2.57084 2.49227 2.45047 2.39569 2.40974 2.34827 2.30441 2.26031 2.2317 2.20181 2.10504 2.08991 2.02226 1.90973 1.9007 1.84978 1.7993 1.75749 1.71246 1.6915 1.62906 1.58438 1.53697 1.48639 1.45525 1.41007 1.36596 1.35173 1.28209 1.26395 1.21681 1.18248 1.15481 1.11554 1.08968 1.06944 1.04796 1.02859 1.01293 1 0.989395 0.983439 0.985855 0.980611 0.985898 0.976873 0.997141 0.995439 1.01871 1.05109 1.04976 1.07236 1.08604 1.09307 1.10255 1.1369 1.1391 1.16909 1.2239 1.24946 1.24645 1.26602 1.27425 1.3341 1.31025 1.33075 1.40025 1.38498 1.4329 1.42282 1.46212 1.49496 1.51586 1.56396 1.60182 1.54878 1.60812 1.65617 1.65235 1.70002 1.77673 1.79831 1.7421 1.7646 1.78158 1.77828 1.83779 1.88148 1.86008 1.8792 
3.00552 3.1461 2.90534 2.97063 2.80984 2.87288 2.66499 2.81278 2.64752 2.69091 2.64283 2.55789 2.53673 2.53272 2.42435 2.39798 2.39162 2.20741 2.2181 2.17417 2.10483 2.05828 2.03657 2.00023 1.8726 1.94394 1.8303 1.81679 1.74406 1.71357 1.68014 1.6358 1.5543 1.53725 1.48418 1.46766 1.39918 1.37225 1.3328 1.29269 1.25825 1.22276 1.18171 1.15532 1.12331 1.09454 1.06695 1.04403 1.02993 1.01387 1 0.991066 0.985152 0.981628 0.974958 0.984639 0.994076 0.998207 1.0162 1.00218 1.03171 1.053 1.05255 1.07403 1.07367 1.11796 1.11913 1.16083 1.18229 1.21451 1.20386 1.20362 1.28693 1.26431 1.294 1.33047 1.33048 1.3512 1.43749 1.41834 1.48512 1.45207 1.42723 1.53866 1.56893 1.57416 1.61831 1.63121 1.74942 1.65907 1.67164 1.70269 1.71675 1.73575 1.73697 1.75905 1.87007 1.73866 1.91148 1.78316 1.83876 
3.1096 2.94175 2.98755 2.99839 2.87893 2.79979 2.66564 2.73449 2.65499 2.61591 2.60469 2.55511 2.40679 2.47197 2.37993 2.39161 2.29334 2.29424 2.21286 2.19373 2.12295 2.0341 2.04616 1.96038 1.95491 1.90087 1.83482 1.8306 1.71983 1.74317 1.6751 1.63761 1.56904 1.53946 1.49603 1.44288 1.40291 1.3642 1.30756 1.30353 1.26495 1.22291 1.18476 1.15811 1.12187 1.09411 1.07259 1.04931 1.02892 1.01408 1 0.991405 0.983371 0.980737 0.973694 0.985895 0.991518 0.987179 1.00917 1.01052 1.02021 1.03932 1.06972 1.07189 1.11089 1.12636 1.1622 1.14221 1.14543 1.18526 1.22188 1.20922 1.23927 1.23522 1.28741 1.28379 1.35697 1.36558 1.40232 1.47786 1.39323 1.42273 1.51178 1.45406 1.55195 1.41547 1.59057 1.55235 1.59252 1.67779 1.7254 1.64853 1.68326 1.66178 1.68972 1.74534 1.74385 1.76532 1.80379 1.77776 1.78269 
3.04412 2.98148 2.9738 2.79876 2.82702 2.77399 2.81177 2.72468 2.6505 2.60562 2.55355 2.52761 2.49917 2.39964 2.30772 2.3941 2.29339 2.24851 2.24052 2.16087 2.07964 2.0951 2.02009 1.94123 1.89512 1.89538 1.8227 1.75388 1.73529 1.70038 1.66481 1.61879 1.5561 1.55212 1.48348 1.43018 1.40673 1.35351 1.32491 1.28486 1.23513 1.20972 1.17611 1.16282 1.13057 1.09164 1.07442 1.0508 1.03012 1.01308 1 0.990185 0.983994 0.977954 0.975299 0.97988 0.991924 0.988588 1.00553 1.01341 1.02022 1.04691 1.05236 1.08784 1.09585 1.11979 1.09081 1.13576 1.17134 1.14875 1.20065 1.25517 1.24992 1.30206 1.3115 1.36215 1.33369 1.37591 1.39166 1.40365 1.41527 1.52628 1.4595 1.51083 1.51848 1.60258 1.5745 1.59914 1.58282 1.6313 1.64491 1.80511 1.66707 1.78364 1.61716 1.71151 1.77165 1.75474 1.78447 1.80126 1.87449 
3.0314 2.84645 2.89892 2.91917 2.80157 2.7165 2.77658 2.63498 2.64212 2.5885 2.54829 2.52315 2.44229 2.49525 2.32069 2.27514 2.28995 2.14698 2.20013 2.13556 2.10783 2.02892 2.02229 1.94732 1.9583 1.84723 1.85254 1.76973 1.71046 1.67736 1.64835 1.64413 1.56609 1.53987 1.47458 1.43041 1.40659 1.36601 1.31577 1.27634 1.21872 1.20742 1.18876 1.14842 1.11054 1.0868 1.07433 1.04722 1.02782 1.01256 1 0.988705 0.983885 0.976087 0.97431 0.982619 0.980599 0.985935 1.01689 1.00739 1.02969 1.02826 1.03433 1.06889 1.08697 1.09292 1.10975 1.15068 1.15751 1.18729 1.2103 1.21229 1.24435 1.23891 1.31577 1.25386 1.33468 1.32787 1.33312 1.4181 1.47255 1.44972 1.45609 1.5453 1.50764 1.49665 1.5485 1.62393 1.51642 1.69221 1.68717 1.62101 1.68078 1.71948 1.73929 1.74359 1.73686 1.79256 1.74817 1.70772 1.80218 
2.93668 2.9388 3.01073 2.81409 2.84869 2.70154 2.67112 2.69632 2.57288 2.60997 2.53845 2.51027 2.39185 2.38255 2.34192 2.3187 2.21655 2.23488 2.17491 2.15328 2.09215 2.02445 1.98453 1.9337 1.91255 1.864 1.80038 1.77267 1.7153 1.68961 1.6424 1.59276 1.54288 1.49955 1.45006 1.43044 1.39736 1.35359 1.29783 1.26719 1.25327 1.22326 1.17583 1.15385 1.11564 1.09134 1.06891 1.04714 1.0291 1.01271 1 0.990078 0.982264 0.977964 0.985023 0.981239 0.979256 0.983346 1.00139 1.01561 1.01138 1.03014 1.01999 1.07872 1.06466 1.10226 1.10904 1.12303 1.1592 1.17863 1.16035 1.20486 1.24772 1.22376 1.26257 1.29325 1.29107 1.35208 1.31583 1.33856 1.4237 1.39156 1.44515 1.48441 1.54082 1.58983 1.52102 1.58507 1.56067 1.60803 1.6512 1.57303 1.70275 1.68767 1.76413 1.70782 1.75687 1.78769 1.69174 1.77885 1.7925 
2.90531 2.9077 2.95412 2.82691 2.72489 2.74029 2.6148 2.64393 2.56582 2.66774 2.56434 2.48122 2.42163 2.3313 2.39913 2.33397 2.24009 2.22738 2.17997 2.09798 2.06977 2.03396 1.95004 1.96036 1.89508 1.82678 1.77221 1.74879 1.70672 1.70565 1.64124 1.60841 1.53865 1.51575 1.48966 1.43399 1.38549 1.35927 1.30152 1.27923 1.25705 1.21316 1.1756 1.13857 1.11661 1.09103 1.06416 1.04828 1.02633 1.0138 1 0.989555 0.984736 0.983858 0.981449 0.978837 0.978949 0.980919 1.00008 1.00779 1.02378 1.04597 1.04383 1.04012 1.06869 1.10805 1.09531 1.14447 1.14122 1.18781 1.18114 1.19477 1.22184 1.26013 1.25028 1.27819 1.31159 1.31983 1.35323 1.36891 1.41477 1.41636 1.46883 1.41323 1.5165 1.47721 1.55013 1.5008 1.64543 1.61601 1.59916 1.64592 1.52869 1.64493 1.74509 1.70632 1.70298 1.776 1.71351 1.71002 1.78544 
2.87682 2.88058 2.83984 2.81849 2.69789 2.6179 2.74107 2.61195 2.54903 2.55945 2.5076 2.44239 2.42341 2.37388 2.43168 2.32097 2.2327 2.19461 2.07748 2.13849 2.0073 2.03443 1.9546 1.91381 1.85525 1.83557 1.78342 1.7761 1.6922 1.67251 1.63791 1.57116 1.53986 1.51977 1.46194 1.42081 1.40214 1.3321 1.31104 1.26994 1.23518 1.21684 1.1662 1.14637 1.11504 1.09516 1.07093 1.04576 1.02812 1.01155 1 0.990792 0.984376 0.984541 0.98113 0.985601 0.974368 0.989624 0.989176 1.00004 1.01729 1.02899 1.02791 1.05194 1.05345 1.10327 1.06373 1.10786 1.14657 1.17903 1.17478 1.20467 1.17883 1.26162 1.29803 1.26826 1.28283 1.36403 1.30112 1.39506 1.40846 1.44544 1.41538 1.44528 1.46292 1.43104 1.53598 1.5854 1.52306 1.53305 1.54768 1.63357 1.59801 1.56977 1.65164 1.69486 1.6664 1.65857 1.6314 1.77229 1.87055 
2.87039 2.9066 2.94699 2.80529 2.83984 2.64728 2.64755 2.6285 2.56466 2.52291 2.57443 2.55212 2.41286 2.36433 2.28308 2.23306 2.13856 2.20625 2.10652 2.03443 1.99173 1.99287 1.94811 1.87681 1.82476 1.80428 1.77217 1.71922 1.72493 1.6587 1.6479 1.62471 1.55865 1.47167 1.47696 1.42436 1.36722 1.34037 1.31738 1.28676 1.22597 1.21152 1.17084 1.14286 1.11475 1.09517 1.06525 1.0457 1.03274 1.01215 1 0.989428 0.980717 0.976772 0.979856 0.982704 0.977507 0.980601 0.985203 1.00434 1.02225 1.04027 1.04674 1.04954 1.05864 1.07947 1.10731 1.13488 1.14996 1.14715 1.17609 1.20934 1.23168 1.19181 1.23188 1.26922 1.32773 1.30587 1.36696 1.30688 1.39961 1.33342 1.38875 1.47409 1.47755 1.44021 1.53378 1.51702 1.55783 1.5317 1.66384 1.58831 1.6099 1.62033 1.60066 1.68397 1.70097 1.6966 1.64443 1.71461 1.79236 
2.90239 2.84727 2.71829 2.87521 2.78299 2.70556 2.66486 2.66967 2.60029 2.53714 2.41276 2.34627 2.42291 2.35803 2.19414 2.24975 2.19075 2.15688 2.07607 2.07437 2.00907 1.96636 1.93019 1.95135 1.89213 1.86639 1.78694 1.78428 1.66369 1.60865 1.59174 1.55044 1.52712 1.49008 1.45606 1.4013 1.378 1.33462 1.29803 1.27616 1.23187 1.20986 1.17929 1.14651 1.11439 1.08488 1.06825 1.04867 1.02986 1.01228 1 0.991343 0.985334 0.977456 0.973701 0.982431 0.983441 0.97811 0.989667 1.0118 1.00835 1.00346 1.04547 1.04889 1.04646 1.07812 1.0821 1.12304 1.14544 1.14775 1.18942 1.18256 1.20608 1.18047 1.33398 1.24663 1.26013 1.31497 1.32602 1.34589 1.36483 1.42097 1.36052 1.3767 1.49242 1.38844 1.53221 1.49908 1.52994 1.48096 1.52676 1.58555 1.62811 1.64584 1.65662 1.60171 1.67075 1.50548 1.74722 1.74514 1.67605 
2.80356 2.87614 2.8103 2.78259 2.65029 2.57762 2.56419 2.68505 2.61791 2.40904 2.42077 2.33303 2.36333 2.3232 2.3123 2.25723 2.13823 2.06519 2.08933 2.01455 2.04464 1.94164 1.92425 1.92609 1.88223 1.84098 1.7268 1.73632 1.66307 1.64997 1.61603 1.55228 1.55868 1.4842 1.43101 1.41938 1.36586 1.33302 1.30611 1.27143 1.23659 1.21257 1.16369 1.13271 1.11371 1.09272 1.06536 1.04734 1.02814 1.01181 1 0.989534 0.981102 0.977583 0.97502 0.981305 0.980075 0.983602 0.979135 0.995124 1.01147 1.01412 1.04139 1.05316 1.06648 1.0637 1.10833 1.10647 1.1191 1.14665 1.15904 1.16417 1.22522 1.24511 1.23791 1.20876 1.31095 1.29911 1.32388 1.33017 1.30291 1.39049 1.40425 1.37931 1.46663 1.3973 1.46571 1.41011 1.53459 1.65915 1.55126 1.54371 1.59454 1.63382 1.53178 1.65993 1.59048 1.72979 1.70985 1.69798 1.68603 
2.71882 2.86543 2.79457 2.64803 2.64277 2.65514 2.52802 2.58777 2.5407 2.4123 2.356 2.36744 2.32997 2.28883 2.30562 2.23303 2.15191 2.12503 2.04076 2.08115 2.03767 1.87192 1.97785 1.89705 1.80354 1.79417 1.72653 1.75817 1.68933 1.62738 1.57661 1.56476 1.51069 1.44847 1.42326 1.42972 1.38843 1.3117 1.30664 1.26197 1.23876 1.22089 1.18172 1.15017 1.11925 1.09411 1.0678 1.04812 1.02862 1.01202 1 0.989232 0.985177 0.978817 0.970673 0.982466 0.98522 0.983254 0.979593 0.99674 1.03214 1.01815 1.03664 1.04865 1.06391 1.09327 1.07508 1.08073 1.12173 1.15382 1.13973 1.14637 1.17001 1.21298 1.20377 1.22672 1.26667 1.24765 1.28344 1.27689 1.32079 1.39611 1.33522 1.40581 1.39834 1.40871 1.44389 1.4826 1.4875 1.49211 1.51586 1.58089 1.53631 1.60273 1.52406 1.58043 1.61573 1.6384 1.6599 1.84558 1.77024 
2.6512 2.87184 2.73473 2.67209 2.6525 2.50696 2.62492 2.50222 2.54595 2.56573 2.40448 2.37267 2.37186 2.27251 2.2217 2.16354 2.14497 2.18501 2.06523 2.00108 1.99229 2.0027 1.91841 1.83002 1.85016 1.79334 1.7638 1.68554 1.6867 1.628 1.56429 1.55329 1.50529 1.45687 1.41522 1.40113 1.41207 1.35089 1.2782 1.26301 1.24863 1.19697 1.16998 1.13807 1.11043 1.08522 1.0656 1.04929 1.02683 1.0135 1 0.990078 0.98308 0.97731 0.982411 0.974819 0.979199 0.984063 0.990213 0.988586 0.997084 1.00808 1.0164 1.02292 1.06336 1.07825 1.09968 1.08213 1.11584 1.09654 1.13698 1.13584 1.17409 1.16782 1.21853 1.18205 1.287 1.30176 1.26636 1.34239 1.36417 1.29663 1.41545 1.34094 1.45752 1.44242 1.41604 1.41116 1.4862 1.43656 1.51505 1.49163 1.5348 1.55082 1.5096 1.63392 1.65834 1.71732 1.57966 1.60781 1.60457 
2.88728 2.80221 2.60275 2.72884 2.64742 2.60972 2.6307 2.49188 2.47552 2.34745 2.36518 2.50364 2.31482 2.31013 2.28083 2.22326 2.21989 2.08242 2.00873 2.01592 1.99224 2.02572 1.96656 1.83765 1.8159 1.74393 1.73927 1.72156 1.71493 1.6114 1.56626 1.55267 1.54297 1.52074 1.45196 1.43339 1.39454 1.3388 1.30026 1.24527 1.22566 1.19898 1.17544 1.14389 1.11887 1.09557 1.06632 1.04876 1.02813 1.01245 1 0.990793 0.983307 0.97748 0.972882 0.971945 0.979865 0.98031 0.992942 0.994133 0.996745 1.00423 1.03572 1.01263 1.05091 1.05263 1.06565 1.06518 1.09519 1.11878 1.14784 1.16593 1.21473 1.20323 1.2247 1.2317 1.2497 1.25929 1.28261 1.28427 1.33516 1.34878 1.38344 1.43045 1.40321 1.41709 1.40026 1.49516 1.5219 1.41355 1.42844 1.53535 1.62274 1.52137 1.63291 1.54992 1.63789 1.58369 1.59518 1.54803 1.57894 
2.89444 2.83141 2.71998 2.63159 2.61594 2.40817 2.66659 2.51653 2.54847 2.41724 2.41549 2.29609 2.30912 2.26072 2.19204 2.1194 2.13532 1.97794 2.02339 2.02767 2.00914 1.89312 1.88508 1.86377 1.87894 1.76957 1.74108 1.75844 1.68002 1.68371 1.59648 1.57183 1.47549 1.50941 1.3849 1.39374 1.36416 1.33441 1.30392 1.26015 1.22624 1.18989 1.1586 1.13552 1.1217 1.08655 1.06387 1.04519 1.02629 1.01179 1 0.99049 0.981308 0.980806 0.975002 0.978845 0.971982 0.979834 0.981355 1.00404 1.02113 1.01418 1.02459 1.05352 1.08368 1.09501 1.09587 1.09291 1.11013 1.10082 1.11111 1.19265 1.17795 1.1804 1.17497 1.23414 1.1804 1.19183 1.2877 1.31292 1.27457 1.32515 1.29964 1.39057 1.27634 1.44628 1.40796 1.37967 1.38875 1.4082 1.59161 1.54098 1.51183 1.52968 1.54767 1.55963 1.58745 1.51593 1.62897 1.591 1.6194 
2.84592 2.66589 2.78126 2.71919 2.60304 2.60671 2.51441 2.51842 2.41262 2.45236 2.41667 2.36198 2.3127 2.24187 2.22738 2.15711 2.18544 2.13502 2.07202 2.00462 1.89666 1.94751 1.84048 1.82066 1.82725 1.84091 1.76901 1.73614 1.65851 1.57425 1.58316 1.55532 1.4974 1.4845 1.43507 1.3943 1.34806 1.33166 1.30562 1.25144 1.23806 1.20548 1.17598 1.13304 1.11355 1.08715 1.06895 1.04637 1.02786 1.01151 1 0.990518 0.979278 0.977386 0.978782 0.979555 0.97332 0.977384 0.99039 0.986769 0.988343 1.00598 1.02069 1.02928 1.04402 1.10171 1.10727 1.06773 1.09437 1.12424 1.14053 1.16669 1.16932 1.13975 1.20015 1.24694 1.15742 1.28214 1.28192 1.3007 1.33946 1.26202 1.25333 1.32191 1.40672 1.40237 1.43813 1.4017 1.45451 1.56601 1.42754 1.53982 1.55441 1.5176 1.53493 1.49495 1.55872 1.59397 1.53949 1.65345 1.59723 
2.89957 2.6886 2.71689 2.55889 2.61252 2.4942 2.50171 2.51799 2.45498 2.34172 2.30102 2.34892 2.15573 2.18026 2.08726 2.10666 2.11756 2.1666 2.10575 2.05258 1.99212 1.99782 1.79155 1.88129 1.84635 1.84436 1.78462 1.76722 1.63286 1.60472 1.59137 1.53037 1.55379 1.50786 1.39887 1.37864 1.36592 1.3282 1.27988 1.25794 1.21606 1.19728 1.16695 1.13287 1.11673 1.09846 1.0701 1.04238 1.02743 1.01303 1 0.988347 0.98288 0.976559 0.974465 0.974921 0.975686 0.979037 0.988968 0.982639 0.994082 1.01427 1.02131 1.05044 1.04379 1.07825 1.0791 1.07771 1.11916 1.1488 1.12911 1.13959 1.14387 1.15606 1.17964 1.25043 1.21422 1.26796 1.23532 1.29725 1.30058 1.35013 1.33401 1.39161 1.35884 1.36005 1.53447 1.33487 1.51193 1.465 1.39394 1.53266 1.48344 1.423 1.57554 1.55827 1.54612 1.69642 1.62501 1.63413 1.56523 
2.7187 2.63091 2.71557 2.57144 2.6896 2.6624 2.47672 2.50615 2.53416 2.36868 2.40872 2.3802 2.30079 2.18852 2.18104 2.26468 2.04091 2.09842 2.07836 1.95529 1.9515 1.93619 1.82937 1.74917 1.85846 1.75304 1.69897 1.68752 1.64426 1.62234 1.57442 1.52717 1.50423 1.4695 1.44778 1.38294 1.33134 1.30665 1.29028 1.26457 1.23393 1.18677 1.16193 1.13571 1.10652 1.09166 1.06516 1.04777 1.02712 1.01195 1 0.989878 0.981882 0.977803 0.97233 0.968502 0.977139 0.975056 0.977615 0.97974 1.00672 1.00067 1.00265 1.05006 1.05114 1.07738 1.09052 1.08474 1.09215 1.10444 1.13874 1.11746 1.21599 1.22477 1.18677 1.19416 1.19298 1.23166 1.20619 1.23007 1.27518 1.34861 1.34293 1.3485 1.36738 1.38305 1.46789 1.48906 1.50363 1.45792 1.49448 1.4177 1.48556 1.41293 1.51506 1.60101 1.57979 1.5072 1.56787 1.62236 1.56257 
2.82204 2.60547 2.58133 2.60768 2.61365 2.63487 2.65294 2.48226 2.41775 2.47343 2.39877 2.27648 2.30052 2.18299 2.24306 2.19999 2.06792 2.09817 2.0809 2.03273 2.01192 1.9223 1.91849 1.88545 1.80931 1.67308 1.71679 1.6815 1.63907 1.58103 1.53546 1.58567 1.52152 1.46439 1.43631 1.36243 1.32584 1.33865 1.29373 1.23783 1.22966 1.19506 1.16221 1.12638 1.11154 1.08257 1.06824 1.04431 1.02808 1.01286 1 0.989429 0.981718 0.977611 0.973272 0.973163 0.971078 0.986207 0.993948 0.983613 0.998392 1.03984 1.0194 1.02351 1.03893 1.04719 1.08235 1.10958 1.09598 1.09663 1.0934 1.11191 1.16602 1.18783 1.1946 1.20318 1.19985 1.24093 1.29293 1.25226 1.29371 1.29909 1.34937 1.30729 1.41554 1.41664 1.33842 1.41071 1.38483 1.50576 1.45856 1.52556 1.46651 1.45164 1.51314 1.52991 1.49709 1.57349 1.51918 1.70913 1.53733 
2.78659 2.78612 2.80665 2.55703 2.55524 2.5828 2.38658 2.52045 2.38963 2.38527 2.46268 2.0385 2.18559 2.14644 2.14936 2.09912 2.12014 1.98011 2.00723 1.92982 1.94627 1.8908 1.84026 1.90412 1.82949 1.70446 1.75344 1.70499 1.64418 1.60388 1.64973 1.55106 1.48616 1.48135 1.41893 1.43055 1.35527 1.33144 1.28212 1.27179 1.2131 1.19093 1.15052 1.14122 1.11266 1.085 1.06419 1.04123 1.02698 1.01298 1 0.990967 0.980951 0.977854 0.974669 0.965231 0.97755 0.975644 0.985754 0.984239 0.987245 1.00325 1.03087 1.02795 1.03245 1.05158 1.09155 1.06609 1.09897 1.09182 1.10817 1.11688 1.14617 1.12275 1.17603 1.23422 1.30888 1.21806 1.17003 1.22242 1.38211 1.30793 1.28013 1.30554 1.41458 1.36089 1.37993 1.33894 1.46326 1.34982 1.40699 1.46342 1.46414 1.47739 1.54082 1.56462 1.55244 1.66389 1.55285 1.56048 1.57206 
2.72342 2.74972 2.60829 2.48369 2.58367 2.63364 2.39024 2.32545 2.33351 2.46999 2.27783 2.33299 2.23727 2.27907 2.1472 2.1592 2.20342 1.9394 2.03713 1.94777 1.92895 1.93039 1.78023 1.75506 1.76856 1.68921 1.71217 1.61026 1.65702 1.60355 1.55283 1.55812 1.53069 1.48851 1.39253 1.38446 1.37417 1.31856 1.29694 1.26289 1.19464 1.19061 1.15861 1.12505 1.10234 1.09415 1.06976 1.04501 1.02643 1.01218 1 0.98919 0.982714 0.977147 0.969523 0.97171 0.977091 0.985646 0.980019 0.984235 1.00114 1.0204 1.00888 1.01266 1.02324 1.057 1.04165 1.08606 1.07674 1.08813 1.10698 1.17985 1.14829 1.1828 1.21536 1.21794 1.22591 1.33411 1.24678 1.319 1.25659 1.29332 1.30706 1.31214 1.32168 1.37643 1.43767 1.37979 1.33624 1.41368 1.48155 1.445 1.42966 1.43174 1.57954 1.64611 1.54476 1.65944 1.45072 1.54927 1.6218 
2.72967 2.74047 2.61936 2.54435 2.51054 2.57221 2.48157 2.40976 2.38543 2.44793 2.24156 2.24979 2.21159 2.33818 2.17728 2.21438 2.1168 2.14008 2.05653 2.09232 1.879 1.8992 1.81407 1.72617 1.76986 1.75465 1.72415 1.60197 1.58521 1.55176 1.63056 1.53247 1.51504 1.47627 1.42276 1.38305 1.35167 1.31262 1.27771 1.24726 1.22168 1.20063 1.16504 1.13484 1.12075 1.09534 1.06626 1.04505 1.0276 1.01309 1 0.990023 0.983604 0.980965 0.972936 0.977919 0.970475 0.971672 0.966415 0.991755 1.00034 0.988313 1.02208 1.03355 1.02584 1.04446 1.05312 1.09541 1.07111 1.09344 1.1131 1.1502 1.19035 1.13633 1.18909 1.25969 1.21876 1.18116 1.21265 1.30823 1.24044 1.32627 1.28735 1.34311 1.30282 1.39856 1.37875 1.25097 1.52035 1.36765 1.49793 1.46245 1.40654 1.38339 1.52325 1.52794 1.42412 1.55962 1.55159 1.49997 1.58672 
2.66062 2.62293 2.60102 2.55807 2.50737 2.52076 2.54873 2.4541 2.37975 2.23095 2.33589 2.2041 2.4107 2.19743 2.21108 2.21171 2.0441 2.11047 2.01065 2.08528 1.89779 1.79394 1.86283 1.85114 1.81063 1.8197 1.68009 1.7125 1.62597 1.66237 1.61821 1.56408 1.4413 1.45276 1.43333 1.38024 1.40302 1.31831 1.27079 1.27189 1.20509 1.17904 1.15137 1.12938 1.12284 1.09756 1.06082 1.0429 1.02864 1.01311 1 0.990442 0.982674 0.975168 0.973357 0.968809 0.980657 0.981388 0.983502 0.976835 0.999151 1.01287 1.03588 1.00954 1.01764 1.05671 1.07107 1.07288 1.10497 1.09621 1.15538 1.10192 1.1613 1.15204 1.08119 1.17114 1.22035 1.1708 1.16271 1.27303 1.24954 1.2669 1.32961 1.27889 1.43453 1.33178 1.44263 1.33073 1.42892 1.40473 1.45472 1.46188 1.44382 1.48829 1.33274 1.4035 1.44834 1.52544 1.54508 1.43941 1.55663 
2.60217 2.70144 2.7043 2.63361 2.54626 2.49187 2.48353 2.50142 2.29425 2.30822 2.0742 2.21501 2.41245 2.12895 2.13318 2.01707 1.98082 2.03942 2.02885 2.00229 1.85964 1.86248 1.93356 1.85425 1.83791 1.76879 1.6459 1.66712 1.5842 1.56341 1.64321 1.53567 1.45812 1.41011 1.34952 1.37812 1.34106 1.30693 1.29705 1.25014 1.22061 1.18912 1.16735 1.13489 1.11182 1.08124 1.06045 1.04501 1.02921 1.01172 1 0.990669 0.980365 0.981176 0.9724 0.968057 0.978818 0.974009 0.97466 0.978633 0.994283 1.00066 1.04327 1.04031 1.03628 1.00519 1.0542 1.05621 1.07031 1.09748 1.14852 1.11105 1.10807 1.14407 1.15111 1.18386 1.22233 1.23869 1.25731 1.27438 1.3021 1.28662 1.27521 1.36466 1.28789 1.34151 1.31093 1.38511 1.42371 1.45197 1.48647 1.33773 1.49174 1.51655 1.39317 1.42729 1.38978 1.5091 1.56251 1.49653 1.64747 
2.83235 2.56779 2.57035 2.63759 2.54679 2.52025 2.5947 2.33798 2.42979 2.24728 2.28644 2.39019 2.08839 2.08674 2.1951 2.1147 2.01988 1.96436 1.93298 1.99727 1.83242 1.92916 1.83365 1.868 1.68223 1.74755 1.678 1.70502 1.57849 1.61351 1.52667 1.55404 1.54173 1.50123 1.41794 1.36475 1.33271 1.31659 1.28128 1.22807 1.19612 1.21137 1.16586 1.12843 1.10203 1.0898 1.06366 1.04569 1.03374 1.0115 1 0.989938 0.981747 0.974837 0.97407 0.973362 0.97476 0.967863 0.98129 0.981143 0.9981 1.01448 1.01468 1.01415 1.04598 0.997219 1.01042 1.05713 1.10148 1.08865 1.13253 1.10916 1.1348 1.17092 1.13514 1.17671 1.20773 1.19221 1.20651 1.19453 1.27598 1.26793 1.30537 1.29647 1.22432 1.34817 1.38563 1.32634 1.28339 1.4499 1.34071 1.34768 1.50057 1.34014 1.38654 1.53137 1.39644 1.37088 1.62983 1.49161 1.60243 
2.62984 2.8204 2.7504 2.50013 2.55136 2.56234 2.54462 2.45294 2.45066 2.52035 2.21152 2.23296 2.19273 2.32734 2.11403 1.95678 2.12385 1.96848 1.89974 2.11556 1.96346 1.897 1.8972 1.78046 1.81906 1.71535 1.75058 1.59804 1.62237 1.59086 1.64371 1.5185 1.45745 1.4123 1.47191 1.36693 1.36858 1.29246 1.27048 1.24894 1.20422 1.19924 1.17396 1.13122 1.10647 1.07986 1.06434 1.04187 1.02715 1.01133 1 0.98923 0.980534 0.977339 0.970745 0.974144 0.971716 0.979347 0.988792 0.976808 0.998581 1.01898 1.00959 0.99356 1.02556 1.0469 1.04486 1.03137 1.09213 1.08706 1.11383 1.16777 1.18162 1.16528 1.14382 1.11155 1.23432 1.19478 1.18702 1.29181 1.29484 1.22831 1.22532 1.25311 1.39879 1.29491 1.30068 1.3352 1.30646 1.43607 1.32758 1.43165 1.44027 1.43917 1.51884 1.45853 1.47528 1.45209 1.44617 1.51115 1.52211 
2.60378 2.49309 2.38003 2.85965 2.58005 2.55586 2.34328 2.43839 2.47506 2.46358 2.1985 2.28427 2.26735 2.23786 2.206 2.03716 2.12797 1.96758 2.02982 1.87025 1.88943 1.93214 1.89215 1.77455 1.73178 1.67454 1.77101 1.65002 1.62339 1.57734 1.57272 1.51113 1.52906 1.4387 1.48952 1.42157 1.33534 1.29633 1.27559 1.25132 1.22598 1.18621 1.18379 1.14794 1.1025 1.08199 1.06731 1.04018 1.02825 1.01327 1 0.989765 0.981148 0.975245 0.969942 0.970028 0.971302 0.973091 0.990796 0.978298 0.997328 0.983556 1.02569 1.01347 1.05137 1.03797 1.04057 1.04414 1.06341 1.07807 1.04015 1.12064 1.11907 1.1609 1.1733 1.20311 1.23424 1.25254 1.28544 1.27838 1.27411 1.37693 1.29907 1.37248 1.35335 1.32615 1.26641 1.26666 1.41077 1.32828 1.34968 1.39227 1.37176 1.49131 1.51865 1.50178 1.68075 1.54067 1.61233 1.48158 1.39453 
2.78756 2.43824 2.78378 2.53776 2.68933 2.69706 2.4193 2.33914 2.38218 2.17192 2.2658 2.45951 2.08798 2.10222 2.05526 2.14037 1.92815 1.93749 1.88727 1.85149 1.88519 2.02652 1.86972 1.74546 1.75458 1.77826 1.59117 1.64357 1.62165 1.64956 1.57945 1.54721 1.44533 1.46378 1.34062 1.35744 1.29015 1.28567 1.26324 1.22699 1.20896 1.20037 1.17102 1.12627 1.10946 1.07993 1.0693 1.03964 1.02701 1.01149 1 0.98913 0.983964 0.978155 0.972403 0.975248 0.966093 0.97187 0.975567 0.984632 0.991117 0.989908 1.00775 1.03188 1.01888 1.04122 1.04819 1.04655 1.10711 1.07344 1.10084 1.11553 1.09785 1.18918 1.182 1.16699 1.17206 1.22388 1.13567 1.17736 1.29127 1.24051 1.26044 1.36325 1.27217 1.33255 1.31031 1.32768 1.50301 1.28212 1.40898 1.50501 1.35153 1.43486 1.49676 1.44353 1.57376 1.4205 1.46535 1.50824 1.54314 
2.71699 2.79808 2.79167 2.59122 2.44521 2.62532 2.40637 2.55739 2.2796 2.20052 2.29041 2.55032 2.29846 2.1574 1.90277 2.21647 2.03852 2.1005 2.01962 1.88147 1.83489 1.92678 1.7684 1.86209 1.72608 1.61354 1.63323 1.77657 1.72701 1.64666 1.48424 1.51018 1.4465 1.50092 1.4022 1.37396 1.34308 1.34183 1.26444 1.24579 1.22508 1.2141 1.16093 1.13987 1.10675 1.08853 1.06543 1.04185 1.02923 1.01129 1 0.99083 0.980732 0.976498 0.973474 0.978897 0.972218 0.988714 0.97074 0.989917 1.01051 1.01449 0.987691 1.02719 1.02313 1.08974 1.03395 1.01574 1.11523 1.0912 1.09743 1.11633 1.13127 1.1255 1.16141 1.20591 1.2189 1.21762 1.28374 1.27441 1.21055 1.28347 1.37287 1.27694 1.33588 1.26786 1.27275 1.33908 1.38464 1.444 1.30705 1.30849 1.44107 1.4814 1.54352 1.51905 1.43642 1.57841 1.6052 1.66508 1.47457 
2.66339 2.72664 2.54073 2.35475 2.46849 2.3256 2.49412 2.48337 2.34073 2.28014 2.15019 2.27559 1.91757 2.25894 2.01399 2.32836 1.88656 2.08592 2.07338 1.92387 2.05459 1.82158 1.72907 1.84516 1.75703 1.63828 1.70198 1.65493 1.62759 1.48205 1.51749 1.54351 1.47478 1.47007 1.4145 1.4201 1.37306 1.32669 1.26432 1.26302 1.22247 1.17276 1.16869 1.13811 1.10997 1.08578 1.07407 1.04529 1.02549 1.01184 1 0.990312 0.983251 0.974437 0.973662 0.972986 0.97985 0.97612 0.9844 0.98226 0.996153 0.990151 0.975836 1.01604 1.01163 1.03947 1.02369 1.09114 1.05835 1.04916 1.14847 1.09646 1.13769 1.08499 1.14241 1.13022 1.24915 1.15135 1.26731 1.20654 1.20025 1.15916 1.21711 1.30012 1.34334 1.29709 1.31432 1.30723 1.30199 1.40651 1.4456 1.41651 1.51222 1.48492 1.30903 1.34617 1.39564 1.40645 1.28869 1.54718 1.52093 
2.57077 2.67991 2.54134 2.73934 2.327 2.32783 2.33731 2.34561 2.46179 2.32073 2.36715 2.20484 2.28999 1.92238 2.07854 2.14016 1.89513 2.12216 1.86613 1.8194 1.95024 1.87636 1.66502 1.8544 1.78689 1.64522 1.79397 1.64038 1.62656 1.62513 1.57971 1.5598 1.44277 1.50496 1.42027 1.34977 1.33224 1.27641 1.27848 1.24784 1.22694 1.20463 1.18566 1.13374 1.11394 1.07448 1.06581 1.04121 1.02817 1.01258 1 0.989211 0.979575 0.975344 0.973616 0.965644 0.974111 0.979593 0.983167 0.988607 0.972509 0.991599 1.0357 1.01673 1.03025 1.00709 1.04607 1.08504 1.04109 1.09163 1.11325 1.10917 1.02691 1.19585 1.17863 1.14257 1.1679 1.26947 1.18943 1.24 1.13708 1.15364 1.30606 1.34962 1.34718 1.38803 1.32827 1.37662 1.32376 1.38812 1.39174 1.38417 1.51284 1.42511 1.46767 1.59255 1.49602 1.67315 1.3393 1.40946 1.50228 
