1.55303 1.55445 1.47817 1.47614 1.4827 1.45829 1.44527 1.41656 1.40203 1.38664 1.33728 1.36952 1.34018 1.33533 1.30095 1.27743 1.28323 1.27348 1.22576 1.24214 1.23212 1.20305 1.18578 1.1737 1.16895 1.16713 1.14004 1.1394 1.11207 1.12353 1.10674 1.08583 1.09374 1.07133 1.0575 1.06758 1.05914 1.05257 1.04547 1.03795 1.03135 1.02331 1.02452 1.01702 1.0164 1.00941 1.0079 1.00293 1.00155 1.00126 1 0.999835 0.998823 1.00106 0.999539 1.00079 1.00306 1.00789 1.00636 1.00907 1.01309 1.01364 1.02201 1.01982 1.03425 1.03738 1.04934 1.057 1.05885 1.06164 1.05979 1.06566 1.08785 1.09115 1.10166 1.11222 1.12759 1.13633 1.12775 1.16426 1.1546 1.16959 1.19009 1.18921 1.22475 1.21198 1.23557 1.2466 1.28361 1.27573 1.28956 1.33119 1.33825 1.3609 1.38453 1.38601 1.41169 1.4114 1.41157 1.42508 1.45518 
1.5568 1.53256 1.51274 1.47742 1.49729 1.45212 1.41565 1.42051 1.40332 1.37091 1.3487 1.35457 1.3281 1.3305 1.32646 1.31035 1.26037 1.25295 1.24995 1.24438 1.21806 1.22275 1.20544 1.19988 1.17464 1.14863 1.13901 1.13644 1.12954 1.12925 1.11091 1.09848 1.08173 1.082 1.06362 1.06639 1.05677 1.04498 1.04668 1.0329 1.03371 1.03174 1.02599 1.02022 1.01372 1.01354 1.00659 1.00368 1.00409 1.0012 1 0.999218 0.999333 0.998827 0.999738 1.0012 0.999112 1.00474 1.00895 1.00913 1.01583 1.01863 1.01752 1.02222 1.02933 1.04077 1.04695 1.05098 1.04955 1.07385 1.07976 1.06782 1.09158 1.10225 1.0925 1.11824 1.11953 1.11919 1.15038 1.15618 1.16231 1.18705 1.19877 1.18926 1.22547 1.2152 1.25082 1.24079 1.26572 1.29756 1.28642 1.31131 1.31829 1.36759 1.35551 1.36227 1.40268 1.42932 1.41458 1.44538 1.45787 
1.56022 1.51359 1.52489 1.49545 1.46 1.46808 1.43134 1.41568 1.38972 1.39228 1.37138 1.34712 1.32663 1.30742 1.30437 1.27382 1.28225 1.26698 1.24741 1.21318 1.21909 1.21587 1.20105 1.1807 1.16599 1.15381 1.13959 1.13234 1.12647 1.11766 1.10089 1.099 1.09761 1.07741 1.07809 1.06517 1.05566 1.05064 1.04054 1.03123 1.02701 1.0291 1.02112 1.02251 1.01116 1.00849 1.00942 1.00438 1.00245 1.00141 1 0.999547 0.999116 1.00055 0.998408 0.999427 1.00382 1.00799 1.00534 1.01237 1.01264 1.01483 1.01847 1.03086 1.03402 1.04255 1.03884 1.04913 1.04577 1.05702 1.06259 1.07417 1.08227 1.0831 1.10342 1.11184 1.1328 1.15694 1.14804 1.14346 1.18783 1.17731 1.18887 1.19056 1.21542 1.23194 1.23817 1.22814 1.28441 1.29453 1.27628 1.29689 1.30229 1.34569 1.33175 1.37501 1.37022 1.43042 1.42709 1.46069 1.48145 
1.56385 1.54068 1.51419 1.47966 1.47523 1.46835 1.42562 1.41969 1.40858 1.3879 1.37603 1.36963 1.32894 1.32173 1.29937 1.27916 1.28901 1.25581 1.23716 1.23277 1.22869 1.20722 1.19896 1.17913 1.17848 1.15608 1.15207 1.13465 1.1257 1.11758 1.12104 1.09868 1.09698 1.08555 1.08014 1.07499 1.05628 1.05336 1.03686 1.04003 1.03224 1.01789 1.02127 1.01866 1.01688 1.00948 1.00799 1.0035 1.00275 1.00172 1 0.999189 0.999293 0.999161 0.999838 1.00164 1.00343 1.0038 1.00482 1.00995 1.0169 1.02181 1.02025 1.0233 1.03099 1.03366 1.04479 1.05097 1.0476 1.06007 1.07355 1.0745 1.08755 1.09171 1.10896 1.11814 1.12264 1.13559 1.14353 1.15958 1.16824 1.18778 1.18962 1.19183 1.23589 1.22527 1.23087 1.23766 1.24831 1.30373 1.27829 1.33143 1.33248 1.32871 1.37214 1.38059 1.40206 1.43804 1.40553 1.42271 1.45277 
1.5555 1.53965 1.50218 1.46036 1.45034 1.47094 1.44559 1.41956 1.4042 1.39512 1.39664 1.34441 1.33895 1.30272 1.31225 1.28179 1.27781 1.27609 1.23554 1.23471 1.22237 1.20018 1.21803 1.18186 1.17873 1.15843 1.15096 1.14869 1.13579 1.10262 1.10322 1.0971 1.08388 1.07763 1.07978 1.06666 1.05445 1.04809 1.04546 1.03866 1.0359 1.03149 1.02091 1.0156 1.01262 1.01367 1.00729 1.00633 1.00394 1.00097 1 0.999538 0.998912 1.00028 0.99768 0.99918 1.00236 1.00316 1.00658 1.01152 1.01242 1.01202 1.01804 1.02288 1.03137 1.03869 1.02985 1.04548 1.04734 1.06888 1.06523 1.07041 1.09126 1.11353 1.11502 1.11556 1.11506 1.13241 1.11671 1.16435 1.16589 1.17782 1.18664 1.1859 1.2121 1.21583 1.24944 1.26176 1.28047 1.2753 1.30402 1.32487 1.33723 1.33416 1.31734 1.3864 1.39828 1.42027 1.42601 1.42839 1.43708 
1.56917 1.51633 1.50364 1.4799 1.47615 1.43082 1.42269 1.42261 1.39471 1.39223 1.38897 1.35872 1.34511 1.32593 1.3029 1.28425 1.27851 1.27156 1.25369 1.23573 1.2232 1.22093 1.18621 1.18234 1.18207 1.16542 1.15151 1.13797 1.12693 1.1148 1.10919 1.10301 1.09162 1.07938 1.0657 1.05552 1.06441 1.06034 1.03979 1.0347 1.03378 1.02978 1.01638 1.0168 1.01503 1.01305 1.00802 1.00436 1.00297 1.00193 1 0.999325 0.99779 0.998755 0.999719 1.00066 0.999192 1.00371 1.00804 1.00754 1.00731 1.014 1.02107 1.02872 1.03098 1.03772 1.03459 1.04099 1.05943 1.0689 1.06046 1.06883 1.08573 1.09136 1.09999 1.12348 1.12522 1.12144 1.15861 1.14061 1.17294 1.16667 1.18781 1.20626 1.21914 1.24964 1.2289 1.2602 1.25282 1.2913 1.28951 1.32308 1.31634 1.35452 1.34915 1.34182 1.33542 1.40935 1.40535 1.40808 1.46874 
1.53915 1.53807 1.50828 1.48057 1.48387 1.44963 1.44241 1.43046 1.41053 1.37409 1.38184 1.36881 1.32752 1.32135 1.32221 1.2918 1.29147 1.26311 1.26058 1.23409 1.21092 1.20697 1.20563 1.19654 1.17633 1.15482 1.15416 1.14205 1.13423 1.11446 1.1053 1.09951 1.08555 1.0856 1.06226 1.06325 1.05936 1.05243 1.03766 1.03882 1.03166 1.02629 1.02325 1.01769 1.01506 1.01008 1.00884 1.00465 1.00444 1.0011 1 0.999598 0.999465 0.999737 1.00185 1.00545 1.00101 0.999049 1.0074 1.00693 1.00795 1.01819 1.02703 1.02465 1.03239 1.03931 1.0323 1.04408 1.0649 1.06325 1.07834 1.07336 1.08386 1.0888 1.09336 1.0997 1.10723 1.12274 1.14093 1.16766 1.17906 1.16392 1.17796 1.20206 1.21759 1.23149 1.24567 1.22606 1.26716 1.28966 1.28419 1.33807 1.31156 1.35048 1.34541 1.34728 1.37915 1.39157 1.37749 1.41709 1.4363 
1.5793 1.54713 1.50592 1.51725 1.46638 1.44113 1.45067 1.41239 1.42457 1.40514 1.3871 1.36196 1.33072 1.34424 1.3251 1.29111 1.28528 1.26264 1.24821 1.24171 1.22104 1.21734 1.19954 1.17505 1.17487 1.17284 1.13974 1.13533 1.12117 1.12188 1.11329 1.08707 1.08571 1.09501 1.073 1.07026 1.0605 1.05525 1.04313 1.04069 1.03796 1.02648 1.02406 1.01658 1.01222 1.01055 1.00679 1.00415 1.00269 1.00054 1 0.998946 0.998623 0.99861 1.00001 0.997512 1.00283 1.0048 1.00938 1.00471 1.01015 1.00869 1.01884 1.02378 1.02412 1.0357 1.03783 1.04866 1.05234 1.05885 1.06701 1.06652 1.07375 1.08668 1.11047 1.1103 1.12837 1.13917 1.13865 1.15885 1.16844 1.16915 1.18544 1.20726 1.18197 1.23037 1.23177 1.23008 1.24443 1.27745 1.29291 1.28985 1.32054 1.32961 1.31752 1.36949 1.37302 1.40326 1.39386 1.42124 1.48672 
1.56472 1.53437 1.53683 1.48345 1.49804 1.45696 1.44478 1.41171 1.39542 1.36524 1.37655 1.36788 1.33159 1.3548 1.30065 1.30269 1.29889 1.26056 1.25417 1.25067 1.22865 1.19635 1.20887 1.16589 1.17373 1.16993 1.14667 1.14008 1.12588 1.12401 1.1021 1.10271 1.08407 1.07903 1.08055 1.07701 1.06499 1.04609 1.04189 1.03938 1.02897 1.03545 1.02358 1.02056 1.01431 1.01086 1.00648 1.00678 1.00331 1.00124 1 0.999392 0.999586 0.999413 0.998609 0.998111 1.00344 1.00609 1.01021 1.01327 1.01244 1.01468 1.02832 1.02649 1.02399 1.02947 1.03596 1.04721 1.04579 1.05909 1.06045 1.0684 1.07848 1.0993 1.09503 1.1014 1.12973 1.12987 1.1389 1.17437 1.17066 1.16556 1.17608 1.2005 1.19379 1.21774 1.24275 1.23072 1.26422 1.26762 1.28339 1.30577 1.30592 1.33493 1.34465 1.38202 1.38914 1.40264 1.40009 1.41741 1.47492 
1.56426 1.53551 1.5074 1.51989 1.47537 1.48682 1.44098 1.43561 1.41242 1.39862 1.37578 1.3606 1.34553 1.33421 1.31355 1.29921 1.28645 1.26959 1.2675 1.24661 1.22614 1.20869 1.21092 1.18636 1.17757 1.16401 1.15332 1.13895 1.1296 1.12407 1.11001 1.10189 1.08696 1.08317 1.07373 1.06827 1.05921 1.05298 1.04369 1.03949 1.03224 1.02469 1.02036 1.01638 1.01271 1.01274 1.00821 1.00446 1.00157 1.00145 1 0.998707 0.9991 0.998452 0.999704 0.999742 1.00222 1.00007 1.00479 1.01518 1.01771 1.01983 1.01683 1.02075 1.02656 1.03979 1.03918 1.05592 1.05599 1.06628 1.07582 1.07154 1.07974 1.1015 1.09673 1.12319 1.10863 1.12899 1.14261 1.14569 1.15411 1.16667 1.18674 1.21079 1.20174 1.23292 1.25702 1.24918 1.26647 1.25299 1.26741 1.26168 1.33049 1.34955 1.35429 1.38574 1.37949 1.40261 1.40984 1.43811 1.43208 
1.552 1.55229 1.50818 1.50415 1.49157 1.45863 1.46739 1.41421 1.41654 1.39472 1.40091 1.37318 1.36735 1.34703 1.32329 1.31313 1.29543 1.26923 1.25121 1.2415 1.2547 1.22485 1.20597 1.18346 1.17105 1.16089 1.15507 1.13691 1.14117 1.12245 1.11806 1.12043 1.08436 1.08174 1.06706 1.07392 1.05962 1.0502 1.03989 1.04098 1.03605 1.02494 1.02401 1.01889 1.01471 1.01263 1.00857 1.00554 1.00394 1.00206 1 0.999383 0.998493 0.997333 1.00008 0.997808 1.00303 1.00095 1.00812 1.00953 1.0125 1.0137 1.02001 1.0217 1.0332 1.0376 1.03768 1.0472 1.05198 1.0489 1.06392 1.06797 1.08642 1.10433 1.10522 1.10979 1.11322 1.12616 1.13444 1.12696 1.17113 1.17224 1.19659 1.19612 1.19508 1.23211 1.24492 1.21678 1.24187 1.27184 1.30423 1.3197 1.31418 1.30865 1.3231 1.38538 1.37173 1.39788 1.37784 1.43699 1.46961 
1.53742 1.5567 1.51779 1.49947 1.50409 1.47796 1.44919 1.42059 1.41329 1.40717 1.38757 1.36935 1.33568 1.35191 1.32225 1.30225 1.28908 1.27118 1.25705 1.23167 1.23815 1.2196 1.19893 1.19322 1.1702 1.1761 1.15262 1.14408 1.1334 1.11477 1.10575 1.09933 1.08712 1.08304 1.07481 1.06777 1.0639 1.05275 1.04719 1.03725 1.03632 1.03511 1.02596 1.0229 1.01425 1.0116 1.00973 1.00536 1.00347 1.00162 1 0.998504 0.998318 0.998497 0.999341 1.0019 1.00077 0.99908 1.00521 1.00981 1.00476 1.01251 1.02215 1.01705 1.031 1.0245 1.02876 1.04103 1.04969 1.05726 1.06198 1.06955 1.0752 1.0694 1.1067 1.11071 1.10022 1.12552 1.137 1.15109 1.15735 1.17211 1.16402 1.1941 1.2054 1.21726 1.2316 1.2498 1.26477 1.27198 1.29139 1.27894 1.31849 1.3106 1.34018 1.35101 1.35304 1.38774 1.40671 1.42406 1.46604 
1.57238 1.52877 1.50406 1.48744 1.47991 1.47399 1.44867 1.4411 1.40516 1.39691 1.39649 1.35204 1.33919 1.34226 1.35316 1.29946 1.29622 1.2596 1.2761 1.24913 1.21653 1.21819 1.20679 1.19122 1.18964 1.16612 1.15664 1.14856 1.13203 1.13858 1.10568 1.10233 1.09087 1.09331 1.07597 1.07232 1.06533 1.0564 1.04747 1.03834 1.03292 1.02807 1.02739 1.02458 1.0161 1.01022 1.00655 1.00554 1.00312 1.00165 1 0.99806 0.99745 0.999603 0.999745 0.999546 1.00197 1.00488 1.00543 1.00905 1.01016 1.01243 1.01565 1.02778 1.02238 1.04357 1.04143 1.04134 1.04976 1.0589 1.06633 1.06654 1.07405 1.08396 1.09956 1.09396 1.11073 1.1317 1.14124 1.14569 1.1652 1.154 1.17155 1.20862 1.20421 1.21451 1.24161 1.21169 1.27002 1.27779 1.29967 1.29393 1.31131 1.33186 1.35289 1.3548 1.36978 1.38822 1.41494 1.40286 1.44277 
1.58142 1.51735 1.51765 1.50718 1.47325 1.44556 1.45337 1.43935 1.42195 1.40837 1.38883 1.38852 1.37531 1.33484 1.29184 1.30233 1.29165 1.28784 1.24923 1.25102 1.22958 1.20887 1.21016 1.18862 1.17708 1.15837 1.15535 1.13862 1.14119 1.12605 1.11291 1.10028 1.0863 1.08623 1.07343 1.07019 1.06561 1.05056 1.04138 1.04465 1.03445 1.0333 1.02481 1.01981 1.01594 1.01077 1.01042 1.00613 1.00484 1.00116 1 0.998678 0.999384 0.997887 0.999026 0.999707 1.00068 1.00266 1.00753 1.00642 1.01349 1.01472 1.01491 1.01758 1.02042 1.02896 1.03004 1.04727 1.05301 1.0568 1.05996 1.06973 1.09009 1.0896 1.08186 1.11399 1.10658 1.12676 1.12158 1.15411 1.17549 1.17266 1.18169 1.19129 1.18708 1.21148 1.22574 1.23121 1.23592 1.22775 1.30125 1.28409 1.30785 1.33051 1.33683 1.36654 1.3662 1.42381 1.41016 1.38701 1.4472 
1.59186 1.56099 1.51829 1.50297 1.49991 1.45212 1.44143 1.44028 1.43991 1.41241 1.37973 1.34939 1.34444 1.32029 1.34742 1.29892 1.29557 1.28497 1.25223 1.24339 1.23084 1.22398 1.18557 1.18938 1.18517 1.16967 1.15558 1.13056 1.13343 1.1281 1.1043 1.11008 1.08736 1.09191 1.0874 1.06618 1.06984 1.05915 1.05372 1.03697 1.0357 1.03147 1.02545 1.01991 1.01476 1.01426 1.00825 1.0052 1.00354 1.00218 1 0.999169 0.999075 0.998089 0.996836 0.997256 0.99823 1.00135 1.00122 1.0064 1.00847 1.01239 1.01659 1.01799 1.01902 1.02718 1.0272 1.03773 1.05056 1.05345 1.05701 1.06846 1.09288 1.08865 1.09617 1.07961 1.11279 1.12348 1.13738 1.14274 1.16115 1.16303 1.18633 1.20025 1.21261 1.21205 1.21696 1.25639 1.26017 1.29422 1.29489 1.28162 1.30241 1.32489 1.33033 1.37726 1.36193 1.4164 1.3756 1.39608 1.42539 
1.58791 1.54492 1.50756 1.51624 1.47773 1.5079 1.46197 1.45702 1.4323 1.40928 1.38487 1.3618 1.3483 1.32607 1.3251 1.31891 1.30062 1.2843 1.25103 1.24021 1.23332 1.23099 1.19151 1.20324 1.18493 1.16545 1.15293 1.14654 1.14011 1.12079 1.12033 1.11242 1.09094 1.0828 1.07362 1.06547 1.05662 1.0566 1.04239 1.04053 1.03305 1.02801 1.02376 1.02084 1.01725 1.01232 1.00825 1.00693 1.00375 1.00137 1 0.998868 0.997484 0.997997 0.997824 1.00143 0.998336 1.00158 1.00724 1.00793 1.00615 1.0072 1.01993 1.01511 1.01838 1.02025 1.03634 1.039 1.03387 1.06056 1.05989 1.0786 1.07256 1.08588 1.08941 1.09651 1.10111 1.12682 1.14151 1.13363 1.15325 1.15324 1.18463 1.19672 1.20615 1.22045 1.21814 1.25321 1.25005 1.25786 1.27618 1.28403 1.31552 1.31087 1.34929 1.3676 1.36588 1.37366 1.40561 1.41051 1.4066 
1.5477 1.55309 1.54286 1.52613 1.49256 1.47085 1.47909 1.42767 1.4514 1.39465 1.37808 1.36352 1.36029 1.34082 1.29444 1.29752 1.28792 1.27649 1.27237 1.25073 1.22342 1.22951 1.19914 1.20308 1.1953 1.1682 1.15352 1.15321 1.13588 1.1255 1.11628 1.09477 1.09005 1.08608 1.08206 1.07532 1.06516 1.0557 1.05057 1.05148 1.03992 1.03214 1.02009 1.0227 1.01598 1.01088 1.01115 1.00548 1.00431 1.00159 1 0.999059 0.997216 0.997369 0.999842 0.999295 0.999281 0.998575 1.00412 1.00915 1.00945 1.01217 1.01686 1.02409 1.01852 1.0355 1.03807 1.04169 1.03943 1.03847 1.05633 1.06082 1.0614 1.09263 1.09724 1.09983 1.09899 1.12094 1.12581 1.14837 1.15672 1.1481 1.20163 1.1847 1.20457 1.21193 1.20571 1.22193 1.27356 1.23862 1.28371 1.31015 1.28764 1.33914 1.32514 1.34111 1.38175 1.39997 1.38319 1.40884 1.44576 
1.55871 1.54643 1.54185 1.52 1.49537 1.47278 1.44946 1.43282 1.41452 1.40284 1.40708 1.37429 1.35346 1.34268 1.3338 1.3083 1.29721 1.28209 1.25856 1.26535 1.2504 1.20577 1.20727 1.19433 1.17099 1.16281 1.16589 1.15557 1.12932 1.12683 1.11526 1.11193 1.09191 1.09204 1.07888 1.07409 1.06632 1.05732 1.05432 1.04022 1.03727 1.03636 1.02625 1.01908 1.01642 1.01349 1.00968 1.0064 1.00356 1.00159 1 0.998612 0.995931 0.998274 0.997798 0.999355 1.00001 1.00021 1.00421 1.00551 1.00843 1.01035 1.01143 1.02095 1.02696 1.03189 1.03309 1.04559 1.0377 1.04928 1.05302 1.06915 1.08318 1.0742 1.10259 1.08692 1.11795 1.1247 1.13989 1.1248 1.14711 1.16364 1.18189 1.18292 1.20632 1.20997 1.20142 1.21229 1.2357 1.22956 1.26939 1.28551 1.30161 1.28546 1.33953 1.32014 1.34747 1.36786 1.36957 1.41171 1.42254 
1.55326 1.54653 1.5346 1.54204 1.47683 1.4751 1.44872 1.45772 1.43953 1.39512 1.39583 1.38618 1.34536 1.33049 1.34636 1.30932 1.28661 1.27535 1.27333 1.24815 1.2437 1.22996 1.21755 1.20466 1.18577 1.17383 1.17024 1.14396 1.13488 1.13019 1.12723 1.11194 1.09536 1.08353 1.081 1.08186 1.06056 1.05893 1.04375 1.04329 1.04298 1.03082 1.02751 1.01921 1.02112 1.01483 1.00916 1.0067 1.00411 1.00173 1 0.99906 0.998553 0.998062 0.997575 0.996627 0.999306 0.999687 1.00498 1.00268 1.00953 1.01064 1.01253 1.01488 1.02126 1.01815 1.03058 1.03429 1.04127 1.06489 1.06181 1.06562 1.08006 1.07666 1.0924 1.09735 1.11868 1.12629 1.12433 1.15457 1.14052 1.16072 1.16222 1.18428 1.19348 1.20233 1.23272 1.21631 1.27091 1.2422 1.2723 1.26944 1.28435 1.30221 1.34769 1.36311 1.35873 1.34407 1.36007 1.39578 1.40425 
1.59114 1.56558 1.55125 1.52512 1.4891 1.46586 1.47262 1.42404 1.42376 1.41261 1.39046 1.38615 1.33852 1.34266 1.32925 1.3231 1.30094 1.28304 1.27898 1.26594 1.23974 1.21804 1.20719 1.19623 1.17615 1.17774 1.1491 1.15928 1.13949 1.13061 1.12563 1.1063 1.099 1.09139 1.08114 1.07374 1.0601 1.05335 1.04622 1.04785 1.03831 1.0292 1.03259 1.02101 1.01438 1.01337 1.00963 1.00698 1.00371 1.00179 1 0.9989 0.998614 0.99472 0.998093 0.997403 0.997762 0.999833 1.00083 1.00058 1.00449 1.00646 1.01223 1.02456 1.02293 1.0224 1.01604 1.03932 1.03685 1.0502 1.06126 1.06211 1.07719 1.07657 1.07699 1.10197 1.10789 1.10571 1.12271 1.1114 1.14251 1.15991 1.18258 1.18525 1.20084 1.21337 1.21323 1.24874 1.23446 1.25809 1.26442 1.27417 1.30895 1.28719 1.3294 1.33354 1.36927 1.39285 1.34827 1.39645 1.39188 
1.56811 1.56518 1.54051 1.53033 1.49555 1.4869 1.45201 1.41672 1.41914 1.41474 1.38999 1.38482 1.36525 1.34803 1.31959 1.31926 1.29302 1.26519 1.25846 1.25893 1.23655 1.2258 1.21982 1.21699 1.17714 1.17847 1.1445 1.15938 1.14182 1.13197 1.12766 1.11179 1.1016 1.09037 1.08565 1.0749 1.07379 1.05387 1.05516 1.03989 1.0382 1.03019 1.02778 1.02005 1.0181 1.01377 1.01022 1.00768 1.00399 1.00178 1 0.998092 0.998513 0.998506 0.999298 0.996708 1.00219 1.00286 1.00152 1.00403 1.00557 1.01556 1.00463 1.02319 1.02311 1.0271 1.03036 1.05076 1.04323 1.04977 1.04632 1.05947 1.06133 1.07809 1.09677 1.089 1.11406 1.09988 1.12877 1.14271 1.14064 1.14681 1.16984 1.17038 1.18826 1.21326 1.21296 1.25077 1.21724 1.25965 1.25193 1.29566 1.33018 1.32118 1.30915 1.32689 1.33143 1.36503 1.39274 1.39927 1.42541 
1.58965 1.55512 1.5451 1.54795 1.49522 1.49393 1.46831 1.44375 1.42779 1.40795 1.39625 1.36304 1.36766 1.3375 1.35171 1.30658 1.29847 1.28126 1.26892 1.25114 1.23686 1.22667 1.21922 1.18076 1.19773 1.1693 1.17222 1.14836 1.13033 1.13796 1.12871 1.11536 1.09896 1.09676 1.07914 1.07605 1.0661 1.05895 1.05024 1.05264 1.03741 1.0306 1.02223 1.02552 1.01693 1.01109 1.00982 1.00898 1.00397 1.00172 1 0.998378 0.998162 0.997337 0.996089 0.999364 0.996429 0.998624 1.00162 1.00388 1.00558 1.01217 1.01544 1.01172 1.02428 1.02051 1.02704 1.03827 1.03803 1.04219 1.04558 1.06118 1.07255 1.07465 1.07699 1.09738 1.0927 1.12415 1.09766 1.13218 1.13212 1.16071 1.14026 1.16332 1.21201 1.21115 1.23318 1.21516 1.23455 1.28135 1.24618 1.29234 1.29516 1.30556 1.31684 1.34486 1.35462 1.38128 1.38918 1.4248 1.39865 
1.59608 1.54457 1.54755 1.52469 1.50558 1.50683 1.4528 1.45146 1.42111 1.40681 1.42214 1.37658 1.35136 1.3558 1.34014 1.30823 1.29708 1.28452 1.28548 1.2669 1.25394 1.23646 1.22393 1.21266 1.18125 1.17987 1.16241 1.15413 1.13839 1.13311 1.12389 1.11918 1.09852 1.09528 1.07936 1.06979 1.06611 1.06633 1.05407 1.04705 1.03591 1.04049 1.02814 1.02462 1.01825 1.01459 1.01152 1.00805 1.00418 1.00231 1 0.998395 0.997614 0.997566 0.997529 0.998116 0.997525 1.00208 0.998709 1.00181 1.0096 1.00838 1.00383 1.00991 1.01761 1.02138 1.01651 1.02795 1.03463 1.05026 1.05005 1.06236 1.07472 1.05413 1.08541 1.09999 1.09584 1.11087 1.13799 1.13829 1.13322 1.16908 1.16176 1.19018 1.18781 1.16743 1.21841 1.23351 1.23841 1.26861 1.26397 1.27352 1.28624 1.30772 1.30734 1.33427 1.35665 1.38933 1.34983 1.39301 1.37681 
1.59007 1.55641 1.5569 1.54141 1.501 1.48544 1.47263 1.45482 1.44971 1.41757 1.39292 1.39513 1.37773 1.36646 1.35061 1.31911 1.28806 1.2766 1.28118 1.26797 1.23815 1.24323 1.22972 1.20581 1.18697 1.1828 1.16315 1.16821 1.15035 1.13641 1.11837 1.10752 1.10287 1.10094 1.07704 1.07723 1.06521 1.06428 1.06042 1.04147 1.03994 1.03953 1.02902 1.02419 1.02026 1.01687 1.00983 1.00593 1.00425 1.0019 1 0.998993 0.996866 0.997427 0.996457 0.996566 0.995627 0.994722 0.996748 1.0083 1.00182 1.00942 1.00468 1.01525 1.02092 1.02621 1.02994 1.02729 1.05215 1.03623 1.04552 1.05246 1.06976 1.06861 1.07749 1.07589 1.10096 1.10658 1.10512 1.14376 1.13205 1.16238 1.16727 1.15909 1.18295 1.19217 1.20295 1.25771 1.22184 1.21858 1.26365 1.27442 1.26901 1.31124 1.31603 1.33282 1.33828 1.35963 1.36473 1.3981 1.42808 
1.58792 1.56839 1.55766 1.52608 1.50559 1.49498 1.4799 1.45361 1.43704 1.41662 1.41133 1.38418 1.37386 1.35202 1.32816 1.32875 1.30177 1.29006 1.27176 1.24981 1.25583 1.22685 1.20846 1.20122 1.21432 1.18042 1.1584 1.16218 1.14555 1.14216 1.12504 1.11322 1.11317 1.08826 1.08977 1.07533 1.07021 1.06269 1.04767 1.04613 1.03906 1.03819 1.02704 1.02271 1.01832 1.01656 1.01129 1.00599 1.00435 1.00205 1 0.998204 0.998378 0.995762 0.997236 0.997478 0.994188 0.99882 0.998451 1.00538 1.00271 1.00319 1.0087 1.00956 1.00898 1.02817 1.03688 1.03119 1.03967 1.04742 1.04358 1.05779 1.07105 1.08595 1.0782 1.09174 1.09554 1.11289 1.13482 1.13985 1.15946 1.15493 1.15426 1.17205 1.18008 1.18742 1.17666 1.22622 1.26029 1.24993 1.25791 1.27742 1.29513 1.31254 1.31971 1.32634 1.34666 1.37919 1.37021 1.41023 1.40734 
1.57457 1.56947 1.55551 1.54946 1.51564 1.51692 1.48357 1.46982 1.4552 1.41303 1.41096 1.39571 1.36664 1.36589 1.33848 1.32128 1.33448 1.29438 1.29316 1.25668 1.22787 1.2263 1.21972 1.20937 1.20036 1.18871 1.16494 1.17092 1.14922 1.14457 1.12422 1.11253 1.10883 1.08291 1.09067 1.07463 1.06821 1.0618 1.05462 1.05636 1.04334 1.03818 1.02886 1.01822 1.02001 1.01682 1.0099 1.00726 1.00507 1.00195 1 0.998157 0.997653 0.994405 0.993769 0.99714 0.994136 0.993927 0.997623 0.999433 1.00394 1.00764 1.01248 1.01931 1.01489 1.02671 1.02399 1.03089 1.03298 1.05056 1.0528 1.05491 1.06591 1.0747 1.08024 1.09662 1.09354 1.08891 1.10658 1.12889 1.12282 1.13479 1.15109 1.16231 1.176 1.18453 1.20054 1.23601 1.23704 1.23715 1.25753 1.25174 1.28333 1.31008 1.28321 1.32211 1.32544 1.33765 1.35358 1.37595 1.39986 
1.59211 1.57229 1.54999 1.52431 1.51726 1.50107 1.50429 1.43044 1.44907 1.42171 1.42818 1.38784 1.39098 1.37211 1.34695 1.31889 1.31513 1.30918 1.27121 1.26093 1.25351 1.22948 1.22618 1.20746 1.19555 1.19044 1.16504 1.15665 1.14578 1.14915 1.12878 1.11185 1.10879 1.09393 1.0813 1.08518 1.07711 1.06508 1.05339 1.04525 1.04466 1.03428 1.03051 1.02547 1.01999 1.01508 1.01241 1.0079 1.00423 1.00181 1 0.998094 0.996148 0.995983 0.993835 0.99447 0.996227 0.999254 0.996756 1.00378 0.999046 1.00076 1.01344 1.00916 1.02603 1.01847 1.02463 1.02291 1.03734 1.04674 1.04419 1.05879 1.0679 1.06922 1.0846 1.09483 1.08018 1.09188 1.10344 1.11755 1.12558 1.15381 1.16505 1.18912 1.18819 1.19604 1.18283 1.20824 1.22808 1.22396 1.23943 1.25679 1.26074 1.28349 1.3133 1.30395 1.33991 1.34854 1.37294 1.42229 1.3643 
1.60061 1.5878 1.54417 1.52644 1.52602 1.54371 1.47886 1.45972 1.44036 1.4259 1.397 1.37306 1.37608 1.37428 1.3578 1.32756 1.32682 1.26883 1.2731 1.27535 1.25085 1.23435 1.22531 1.21789 1.19468 1.18381 1.18135 1.16509 1.1399 1.14244 1.13314 1.11518 1.10796 1.09524 1.08993 1.07103 1.07205 1.06169 1.06009 1.04485 1.03906 1.03594 1.03307 1.02333 1.01955 1.0169 1.01054 1.00848 1.00523 1.00257 1 0.998012 0.997875 0.996509 0.99453 0.993611 0.996987 0.997964 0.995246 1.00181 0.995651 1.00481 1.0123 1.0053 1.01383 1.0188 1.02292 1.0273 1.02937 1.03695 1.03906 1.04678 1.06257 1.06552 1.07756 1.09441 1.07678 1.10338 1.108 1.14088 1.12661 1.14227 1.14212 1.16441 1.18265 1.17901 1.18736 1.22758 1.21695 1.20069 1.23431 1.27829 1.26876 1.28103 1.30528 1.30166 1.29862 1.3605 1.35319 1.35511 1.35185 
1.59843 1.57657 1.55952 1.53278 1.49742 1.49928 1.47556 1.45818 1.44942 1.4434 1.42 1.40905 1.38965 1.33635 1.35711 1.34141 1.32697 1.27755 1.28224 1.26455 1.2564 1.23849 1.22619 1.21981 1.21626 1.18102 1.16768 1.17192 1.14827 1.14242 1.13669 1.12867 1.10701 1.1013 1.08964 1.08488 1.07192 1.0681 1.06205 1.05105 1.04193 1.03655 1.03224 1.02157 1.0245 1.01583 1.01182 1.00505 1.00556 1.00186 1 0.998708 0.997076 0.995573 0.992424 0.994404 0.995919 0.993935 0.997029 1.00558 1.00392 1.00482 1.01356 1.01162 1.00985 1.02532 1.01858 1.02966 1.02416 1.03574 1.04499 1.05294 1.0672 1.06397 1.07797 1.08388 1.09482 1.08044 1.10618 1.12531 1.11717 1.15007 1.13874 1.15211 1.1603 1.19455 1.19868 1.19525 1.22795 1.2376 1.24282 1.25949 1.23833 1.28956 1.30054 1.29961 1.30475 1.32407 1.34084 1.38117 1.36894 
1.59296 1.59567 1.58962 1.53604 1.52366 1.51564 1.4875 1.46615 1.44773 1.44014 1.40094 1.39112 1.38991 1.36915 1.36371 1.34084 1.31802 1.27784 1.27786 1.28814 1.24811 1.24821 1.21687 1.21649 1.21377 1.1746 1.18179 1.16643 1.15609 1.13702 1.12378 1.12991 1.11178 1.09817 1.09843 1.07903 1.07835 1.07682 1.05441 1.05262 1.04559 1.03688 1.03181 1.0291 1.02241 1.01882 1.01058 1.00844 1.00453 1.00178 1 0.997542 0.996775 0.996366 0.996621 0.995601 0.994092 0.992699 0.995999 0.999464 0.996809 1.00085 0.997053 1.00964 1.01079 1.01421 1.02666 1.02631 1.03187 1.04613 1.04671 1.04878 1.05268 1.07547 1.07204 1.07029 1.07488 1.09716 1.09529 1.11994 1.12698 1.14057 1.12968 1.15314 1.14138 1.17635 1.21183 1.17094 1.20631 1.2237 1.20768 1.24989 1.25661 1.30745 1.27941 1.34584 1.31633 1.32596 1.32982 1.38312 1.36524 
1.578 1.58632 1.56022 1.56768 1.51704 1.52864 1.4772 1.46259 1.44783 1.42219 1.41904 1.41574 1.4078 1.36219 1.35973 1.35898 1.31837 1.29108 1.30021 1.27997 1.23999 1.24048 1.22838 1.21894 1.20145 1.18386 1.18139 1.16828 1.16313 1.14025 1.13335 1.11563 1.09984 1.10587 1.09499 1.0852 1.07635 1.06895 1.05385 1.05457 1.03967 1.03926 1.03542 1.02329 1.02076 1.01755 1.01359 1.00733 1.00577 1.00254 1 0.997823 0.996702 0.995005 0.994837 0.993694 0.993428 0.995694 0.993798 0.995289 1.00091 1.0082 1.00424 0.999723 1.01938 1.00917 1.01677 1.02352 1.0262 1.0345 1.03106 1.0516 1.06208 1.07515 1.07557 1.06865 1.08925 1.10722 1.09697 1.11614 1.11052 1.15895 1.12926 1.14602 1.15449 1.18562 1.21118 1.21903 1.20696 1.18621 1.22586 1.23413 1.25745 1.27971 1.29692 1.30714 1.29647 1.32896 1.35048 1.3689 1.36874 
1.61489 1.57095 1.56509 1.54627 1.52384 1.51169 1.49258 1.47693 1.44758 1.42953 1.42515 1.42488 1.40461 1.35429 1.35961 1.35127 1.3246 1.31103 1.32046 1.27829 1.24911 1.24478 1.23509 1.21956 1.21181 1.19707 1.18726 1.17089 1.14731 1.14525 1.12877 1.11544 1.10894 1.09477 1.09312 1.09153 1.07951 1.0692 1.06181 1.04925 1.03993 1.03752 1.0332 1.02983 1.01987 1.01643 1.01223 1.00917 1.00662 1.00274 1 0.998468 0.994895 0.995914 0.994268 0.995923 0.991356 0.993658 0.994781 0.992471 0.996422 1.00029 0.997439 1.01004 1.00509 1.01891 1.01371 1.03381 1.0271 1.0488 1.03033 1.04464 1.05689 1.06113 1.05774 1.08754 1.09049 1.11246 1.1161 1.12905 1.10829 1.13215 1.13046 1.12835 1.17174 1.15853 1.19259 1.21769 1.23649 1.21876 1.20904 1.24813 1.26517 1.27705 1.27918 1.30155 1.33145 1.28659 1.34399 1.36101 1.36468 
1.61132 1.58577 1.57892 1.55006 1.54554 1.51836 1.47193 1.47478 1.45758 1.4435 1.43711 1.40847 1.3703 1.38107 1.36018 1.33956 1.32869 1.32036 1.29046 1.27561 1.26249 1.25059 1.22587 1.22694 1.2129 1.20352 1.18208 1.1766 1.15786 1.14092 1.14533 1.12272 1.11578 1.10488 1.08899 1.09139 1.06958 1.0661 1.05991 1.05745 1.04637 1.03644 1.03328 1.02792 1.02038 1.01741 1.01483 1.00964 1.00663 1.00276 1 0.99735 0.996183 0.992624 0.996294 0.996731 0.992324 0.995259 0.993589 0.996301 1.00036 0.994824 1.00192 1.00203 1.00928 1.0074 1.02498 1.02061 1.02869 1.02697 1.03 1.0374 1.05082 1.05245 1.0564 1.07482 1.06383 1.07569 1.09576 1.11449 1.13303 1.13787 1.1231 1.13733 1.17428 1.17366 1.20982 1.2069 1.20681 1.21145 1.26627 1.21326 1.27049 1.25422 1.28155 1.29514 1.323 1.29963 1.36926 1.38544 1.38132 
1.62848 1.6069 1.56136 1.56325 1.53134 1.51409 1.50283 1.48132 1.472 1.45068 1.43932 1.42958 1.38602 1.38055 1.36154 1.34605 1.32136 1.31042 1.30263 1.27936 1.26754 1.24969 1.21678 1.22005 1.21695 1.19618 1.19018 1.17133 1.15352 1.15815 1.13676 1.13589 1.11095 1.10724 1.09903 1.08961 1.07211 1.06719 1.06326 1.05359 1.0514 1.03986 1.03841 1.03286 1.02206 1.01922 1.01311 1.01018 1.00664 1.00215 1 0.997186 0.994092 0.994155 0.99352 0.992813 0.991751 0.993719 0.993197 1.00011 1.00081 0.992703 1.00016 0.998887 1.00723 1.01192 1.00515 1.01543 1.02358 1.03591 1.03516 1.0571 1.05938 1.05044 1.04877 1.07121 1.07453 1.08284 1.09854 1.11115 1.12234 1.09553 1.14287 1.14622 1.13834 1.17575 1.17251 1.18562 1.22867 1.20405 1.23426 1.25618 1.24437 1.26132 1.29547 1.31122 1.30816 1.30045 1.33729 1.34498 1.35889 
1.63307 1.58643 1.61995 1.55687 1.52771 1.4968 1.51582 1.46789 1.46857 1.44973 1.42912 1.40919 1.37751 1.36217 1.3467 1.34874 1.32269 1.3156 1.29505 1.28025 1.26314 1.26176 1.23791 1.2149 1.20873 1.19519 1.19269 1.17904 1.16366 1.15294 1.14029 1.12344 1.11766 1.1039 1.10093 1.08539 1.0758 1.07238 1.06487 1.05272 1.04887 1.03882 1.03791 1.03234 1.02457 1.02021 1.01449 1.0095 1.00733 1.00271 1 0.997982 0.995473 0.992748 0.990803 0.990376 0.98966 0.995464 0.995574 0.998844 0.995001 0.991842 0.995356 0.997279 1.01085 1.00713 1.01386 1.02029 1.02566 1.02673 1.02848 1.04949 1.0541 1.06417 1.05843 1.07321 1.07254 1.08462 1.07707 1.09758 1.11237 1.13008 1.14664 1.13217 1.1747 1.17133 1.1845 1.15371 1.18796 1.23713 1.22396 1.24528 1.22974 1.2505 1.27007 1.28222 1.28682 1.31851 1.3254 1.37887 1.32894 
1.58812 1.60306 1.57942 1.53341 1.55061 1.53999 1.50152 1.46233 1.4693 1.46413 1.44031 1.42974 1.39256 1.37396 1.36998 1.33819 1.3256 1.32727 1.28193 1.29336 1.26395 1.25451 1.2509 1.23405 1.20816 1.19413 1.17675 1.16133 1.1575 1.16104 1.13236 1.12551 1.11687 1.10534 1.09957 1.08081 1.08921 1.06876 1.06863 1.05521 1.04336 1.04615 1.03742 1.03077 1.0278 1.01789 1.0118 1.01063 1.00614 1.00196 1 0.997479 0.995261 0.994077 0.993039 0.991352 0.990561 0.987908 0.995147 0.996592 0.993335 0.994964 0.996098 1.00694 1.00594 1.0115 1.01199 1.02766 1.0244 1.03001 1.03937 1.04599 1.04176 1.04552 1.0496 1.06969 1.0849 1.07432 1.08562 1.09089 1.09738 1.10355 1.12065 1.14779 1.14347 1.16066 1.16845 1.1876 1.20247 1.1966 1.23602 1.24056 1.27005 1.25081 1.25352 1.26655 1.27654 1.29723 1.31006 1.33709 1.33262 
1.64032 1.6109 1.60741 1.56189 1.54845 1.52355 1.50731 1.47666 1.48668 1.45941 1.42774 1.40906 1.42007 1.37142 1.36901 1.35215 1.32029 1.31769 1.29828 1.2815 1.26154 1.26792 1.24416 1.23269 1.21756 1.19211 1.19031 1.17599 1.16823 1.15944 1.13827 1.13522 1.11331 1.10512 1.10248 1.08668 1.08056 1.07021 1.06047 1.0523 1.04408 1.04227 1.03253 1.03133 1.02379 1.0181 1.01419 1.01016 1.00689 1.00328 1 0.998127 0.994531 0.993973 0.992233 0.990546 0.990023 0.989239 0.992213 0.991185 0.992482 1.00249 0.999188 1.00322 1.00872 1.00752 1.01587 1.01659 1.02318 1.01037 1.02784 1.03027 1.05249 1.0504 1.05734 1.05829 1.08406 1.07792 1.10093 1.09855 1.11341 1.11852 1.12243 1.13868 1.13102 1.165 1.15887 1.18253 1.20457 1.2189 1.18791 1.22818 1.25149 1.264 1.26988 1.30609 1.31894 1.31562 1.30697 1.36165 1.351 
1.64615 1.60495 1.58011 1.55944 1.5675 1.5478 1.51517 1.51997 1.45937 1.44697 1.43082 1.41536 1.40294 1.38584 1.34892 1.35722 1.326 1.32245 1.30168 1.30225 1.2759 1.2603 1.24318 1.24433 1.21791 1.20687 1.20289 1.17401 1.15783 1.15632 1.15256 1.13667 1.12516 1.11681 1.10758 1.09693 1.07991 1.07952 1.06219 1.05535 1.04455 1.04207 1.03785 1.03123 1.02648 1.01922 1.01502 1.0096 1.00696 1.003 1 0.997715 0.996703 0.993541 0.991836 0.987139 0.993888 0.989032 0.993098 0.98614 0.992066 0.997707 0.999033 1.00204 1.00355 1.00566 1.01053 1.02083 1.02184 1.01853 1.03165 1.03814 1.03728 1.06661 1.0641 1.05777 1.08383 1.07241 1.08419 1.09074 1.1113 1.11187 1.11177 1.12919 1.1266 1.14998 1.17824 1.17104 1.17408 1.20374 1.20254 1.24026 1.24941 1.25219 1.26999 1.27972 1.27666 1.31075 1.31278 1.34921 1.35127 
1.6232 1.6514 1.58956 1.60476 1.56668 1.52932 1.48803 1.50088 1.47348 1.46675 1.42951 1.41524 1.39405 1.3778 1.3642 1.35005 1.31969 1.32705 1.30889 1.31659 1.26862 1.2627 1.24901 1.23293 1.2211 1.21041 1.20247 1.17831 1.17143 1.15403 1.13984 1.14034 1.11316 1.11498 1.109 1.09114 1.08485 1.0773 1.06235 1.05612 1.05293 1.04376 1.03726 1.03861 1.0249 1.02018 1.01398 1.00888 1.00672 1.00286 1 0.997357 0.995417 0.992593 0.992895 0.991955 0.989404 0.98736 0.991882 0.992187 0.998384 0.99729 1.00048 1.00044 0.997373 1.00512 0.999126 1.02324 1.02049 1.01344 1.03334 1.02752 1.03815 1.03945 1.06802 1.06282 1.06227 1.07479 1.08329 1.09884 1.10271 1.09912 1.10825 1.1111 1.14864 1.13884 1.16342 1.18909 1.18286 1.19153 1.21789 1.19821 1.23529 1.24401 1.28008 1.27169 1.32509 1.31812 1.30462 1.30645 1.34747 
1.66436 1.6259 1.57989 1.57099 1.56999 1.52853 1.51209 1.486 1.51329 1.48303 1.42797 1.41961 1.40477 1.39878 1.36171 1.35769 1.33778 1.31918 1.30658 1.30204 1.27784 1.25656 1.266 1.24302 1.21165 1.20511 1.18964 1.19631 1.17512 1.15491 1.15714 1.13842 1.12542 1.11283 1.09692 1.09807 1.08369 1.07751 1.06471 1.05758 1.04988 1.04194 1.03798 1.03035 1.02744 1.01885 1.01621 1.00959 1.00701 1.00341 1 0.997266 0.995953 0.991734 0.989775 0.991661 0.989846 0.987751 0.990629 0.993353 0.995647 0.997346 0.996387 0.994858 1.00399 0.996092 1.00702 1.01624 1.01178 1.00722 1.03512 1.03428 1.02637 1.05246 1.03446 1.05962 1.07158 1.09347 1.08516 1.0988 1.08606 1.0762 1.13631 1.1287 1.14734 1.16337 1.15012 1.15184 1.17111 1.17412 1.22423 1.19828 1.21564 1.24384 1.27346 1.26111 1.28535 1.29554 1.30428 1.33605 1.32315 
1.63821 1.60164 1.58317 1.55727 1.54428 1.53681 1.51389 1.4999 1.49483 1.45703 1.44734 1.43245 1.43649 1.38292 1.37189 1.36632 1.36607 1.33774 1.30371 1.29732 1.2854 1.26862 1.25554 1.24835 1.22469 1.20455 1.19566 1.19282 1.16365 1.15294 1.14847 1.13768 1.12665 1.10929 1.1049 1.10381 1.08614 1.07456 1.07246 1.06213 1.0482 1.05271 1.03745 1.03249 1.02605 1.02195 1.01757 1.01149 1.00688 1.00348 1 0.997202 0.995231 0.991334 0.992626 0.988447 0.989511 0.985367 0.99128 0.994679 0.992978 0.991733 0.997283 1.00099 1.00116 1.00133 1.00781 1.01996 1.01171 1.0221 1.03417 1.02318 1.04426 1.04003 1.05104 1.04653 1.0754 1.06309 1.0905 1.09616 1.09606 1.09146 1.10933 1.10988 1.1422 1.13305 1.15299 1.13821 1.18137 1.19787 1.18514 1.24255 1.2086 1.2547 1.25421 1.24465 1.25455 1.30109 1.30343 1.29072 1.33394 
1.64381 1.63691 1.6146 1.58776 1.56488 1.56544 1.53037 1.50837 1.48993 1.46868 1.46501 1.44376 1.42232 1.39201 1.37158 1.3655 1.35308 1.34045 1.32507 1.31144 1.29146 1.25604 1.26061 1.2303 1.22588 1.21471 1.2077 1.18291 1.16105 1.1617 1.1499 1.14694 1.12785 1.11505 1.10943 1.09777 1.09095 1.07243 1.06921 1.06703 1.05575 1.04454 1.04528 1.03164 1.02725 1.02506 1.01546 1.01101 1.00718 1.00376 1 0.997044 0.993578 0.99174 0.99042 0.991244 0.985186 0.987578 0.985615 0.991069 0.991855 0.989221 1.00028 1.00842 0.997574 0.998965 1.01078 1.0129 1.00231 1.01533 1.01281 1.02079 1.03108 1.02236 1.03158 1.0437 1.05256 1.06362 1.07841 1.09531 1.10647 1.10893 1.10151 1.12772 1.11236 1.14182 1.15005 1.14965 1.16153 1.19906 1.20066 1.20999 1.22158 1.23557 1.25445 1.2528 1.261 1.29118 1.29527 1.3142 1.37362 
1.6301 1.61591 1.61748 1.5691 1.55623 1.52499 1.53725 1.49942 1.48401 1.49328 1.44628 1.42964 1.4185 1.40313 1.39153 1.35901 1.35347 1.34589 1.29925 1.29912 1.29895 1.2683 1.24594 1.24311 1.22894 1.20997 1.20748 1.17634 1.16952 1.15004 1.16175 1.14096 1.13138 1.1172 1.11753 1.10323 1.09163 1.07771 1.07142 1.05793 1.05693 1.04957 1.03748 1.03202 1.02884 1.0238 1.01582 1.01286 1.00744 1.00335 1 0.997893 0.994271 0.990586 0.989856 0.987164 0.987648 0.986608 0.981908 0.988131 0.986715 0.988786 0.988931 0.991211 0.995609 0.998872 1.00699 1.0133 1.00037 1.02077 1.01051 1.03206 1.02687 1.03795 1.03171 1.05775 1.05523 1.07224 1.08557 1.07462 1.09008 1.09106 1.10827 1.12036 1.14263 1.14334 1.13654 1.14651 1.1508 1.16951 1.18968 1.1892 1.21628 1.21949 1.25719 1.23332 1.29295 1.27004 1.28767 1.30645 1.28794 
1.67238 1.66907 1.59731 1.58035 1.56484 1.56862 1.5464 1.48919 1.49173 1.45156 1.46434 1.44898 1.41428 1.40609 1.41552 1.37756 1.35549 1.34625 1.33128 1.29216 1.29713 1.26914 1.26508 1.23962 1.23044 1.20843 1.21573 1.1868 1.18238 1.16126 1.15985 1.13255 1.13478 1.12114 1.10928 1.10486 1.09062 1.07868 1.06652 1.06604 1.05359 1.04695 1.03755 1.03446 1.02921 1.02387 1.01626 1.01185 1.00762 1.00332 1 0.996901 0.995918 0.990475 0.988819 0.988889 0.984848 0.98516 0.994683 0.988242 0.987348 0.990892 1.00297 0.984527 0.998975 1.00845 0.996386 0.998845 1.01444 1.01424 1.02005 1.01936 1.03163 1.03536 1.04712 1.03891 1.04213 1.06799 1.06531 1.07633 1.06597 1.09239 1.11767 1.12464 1.12208 1.15546 1.14411 1.1725 1.15289 1.19643 1.18668 1.21842 1.23271 1.20261 1.25178 1.24529 1.24639 1.29263 1.23871 1.28885 1.2978 
1.68629 1.64364 1.63656 1.59 1.59048 1.57282 1.53792 1.52268 1.49305 1.48038 1.46901 1.43698 1.42429 1.40455 1.40503 1.36407 1.36442 1.33766 1.32927 1.32014 1.31107 1.28173 1.2715 1.25958 1.22519 1.20306 1.20811 1.2005 1.18579 1.16449 1.14602 1.14 1.12583 1.12504 1.1141 1.10038 1.09684 1.07841 1.07131 1.06449 1.05838 1.05019 1.04484 1.03792 1.02918 1.02326 1.01499 1.01409 1.00875 1.00346 1 0.996693 0.993558 0.990244 0.987991 0.986916 0.987172 0.987783 0.98426 0.986275 0.988307 0.988074 0.989362 0.990135 0.99489 1.00431 1.00296 0.996931 1.00805 1.0247 1.02287 1.02484 1.01741 1.03425 1.03186 1.05189 1.03932 1.05426 1.06266 1.07308 1.05907 1.08548 1.09901 1.11689 1.1235 1.13713 1.12418 1.15439 1.16012 1.16128 1.18741 1.21842 1.22034 1.23728 1.20004 1.25808 1.2512 1.25111 1.30502 1.3002 1.29014 
1.67576 1.63222 1.61188 1.63284 1.57629 1.56335 1.54516 1.53262 1.48598 1.5018 1.47084 1.44359 1.44252 1.40593 1.40484 1.3796 1.35489 1.35221 1.3251 1.31932 1.29637 1.27476 1.26103 1.26846 1.24405 1.21959 1.21087 1.19758 1.18882 1.18234 1.15881 1.14472 1.13334 1.12489 1.11142 1.0975 1.09014 1.0837 1.07437 1.06224 1.05883 1.04599 1.04631 1.03316 1.02854 1.02321 1.01698 1.01443 1.00745 1.004 1 0.996969 0.994263 0.99155 0.98857 0.98602 0.988813 0.984871 0.984394 0.983596 0.986955 0.987961 0.982166 0.987882 0.993531 0.991946 1.00028 0.99671 1.00683 1.00444 1.01398 1.01674 1.02658 1.03159 1.0258 1.05516 1.03581 1.06203 1.05375 1.07533 1.06802 1.08613 1.08912 1.07857 1.12134 1.13596 1.13286 1.15487 1.17392 1.17287 1.16932 1.18431 1.21614 1.22003 1.19945 1.24546 1.24606 1.27568 1.27182 1.29105 1.32829 
1.67359 1.64977 1.60269 1.61652 1.55938 1.58189 1.53682 1.53454 1.49021 1.48855 1.46846 1.44429 1.43225 1.4108 1.40376 1.37264 1.35755 1.34656 1.32751 1.31649 1.27831 1.2669 1.25955 1.24626 1.24296 1.21813 1.21231 1.2044 1.18491 1.17092 1.15393 1.15635 1.14302 1.12164 1.11193 1.10225 1.10298 1.08751 1.07857 1.07238 1.05818 1.04892 1.04171 1.03739 1.03278 1.02221 1.02014 1.01326 1.00874 1.00358 1 0.996714 0.993998 0.991912 0.988423 0.986746 0.983915 0.984955 0.984946 0.982141 0.981703 0.983362 0.986721 0.98484 0.989444 0.986046 0.992997 1.00131 0.998357 1.01713 1.00522 1.02159 1.03315 1.01784 1.03226 1.05434 1.04213 1.05334 1.06019 1.0498 1.07647 1.1104 1.08473 1.10343 1.13324 1.11629 1.14158 1.14154 1.14117 1.14858 1.18563 1.19775 1.16714 1.21564 1.22738 1.25111 1.24216 1.25541 1.28638 1.2965 1.31272 
1.67712 1.66308 1.65401 1.60005 1.60847 1.5842 1.55374 1.5398 1.52037 1.50348 1.48022 1.46244 1.45835 1.43061 1.38835 1.36412 1.37378 1.34435 1.32695 1.31205 1.30233 1.30027 1.28456 1.24499 1.23057 1.23301 1.20614 1.21277 1.18933 1.1858 1.16182 1.15041 1.14226 1.13438 1.10981 1.10785 1.09699 1.07677 1.07676 1.07249 1.06023 1.05049 1.04537 1.03639 1.02929 1.02582 1.01962 1.01399 1.00803 1.00412 1 0.995704 0.993469 0.990521 0.988564 0.984979 0.984418 0.985998 0.984041 0.983081 0.98723 0.988363 0.986329 0.983724 0.987994 0.984205 0.99355 0.990146 1.00258 0.993608 1.00059 1.00564 1.01367 1.01132 1.02691 1.04011 1.03844 1.04867 1.07285 1.04629 1.08956 1.09206 1.06735 1.08245 1.10747 1.12254 1.12845 1.13623 1.15553 1.15129 1.16023 1.16649 1.20511 1.15371 1.21946 1.24625 1.26652 1.2321 1.2622 1.28673 1.30078 
1.65991 1.66273 1.6283 1.61042 1.57803 1.56121 1.55467 1.54729 1.51441 1.51862 1.46985 1.46858 1.4624 1.42653 1.42061 1.38439 1.38036 1.34288 1.32019 1.31185 1.29041 1.28668 1.27695 1.27417 1.24012 1.2358 1.22129 1.20104 1.18957 1.17401 1.17065 1.14371 1.14615 1.12864 1.11445 1.10857 1.1007 1.08132 1.07831 1.06289 1.06007 1.05236 1.04305 1.03265 1.02818 1.02752 1.01954 1.01368 1.00879 1.00393 1 0.996506 0.992922 0.990312 0.987662 0.986607 0.983985 0.982414 0.980241 0.976605 0.986237 0.989081 0.985837 0.980272 0.979049 0.986008 0.990763 0.987669 1.00871 0.999241 1.01165 1.00951 1.01428 1.02523 1.03148 1.02042 1.03177 1.05068 1.05774 1.04809 1.08076 1.07366 1.0748 1.08546 1.08277 1.09089 1.11565 1.14075 1.14099 1.13518 1.16438 1.14588 1.18458 1.19903 1.19108 1.24496 1.23914 1.23467 1.25997 1.23487 1.30328 
1.69639 1.64664 1.65133 1.60902 1.60431 1.56822 1.52742 1.53538 1.49716 1.49519 1.48101 1.46756 1.46115 1.41399 1.39391 1.37533 1.38002 1.33764 1.3333 1.34065 1.30588 1.31398 1.28883 1.26932 1.25385 1.24116 1.22247 1.21289 1.19709 1.16994 1.17121 1.15929 1.1492 1.13094 1.11386 1.11227 1.10287 1.08957 1.07711 1.06938 1.06071 1.05437 1.04786 1.0382 1.03385 1.02547 1.02225 1.0152 1.00812 1.00447 1 0.996458 0.994154 0.989527 0.987675 0.985208 0.982889 0.980657 0.98224 0.982002 0.980713 0.98334 0.977381 0.976025 0.987424 0.987461 0.986534 0.999176 0.997965 0.998112 1.00772 1.01722 1.00177 1.01583 1.03538 1.02905 1.05813 1.04454 1.06 1.05494 1.06218 1.08438 1.09975 1.08683 1.09351 1.10902 1.12155 1.10097 1.11835 1.15122 1.14563 1.15604 1.20761 1.19149 1.21078 1.21159 1.2648 1.24523 1.2354 1.24403 1.26516 
1.67828 1.66505 1.64979 1.63836 1.59652 1.57105 1.56884 1.55537 1.52838 1.50562 1.46812 1.46696 1.44685 1.43592 1.4259 1.37643 1.36661 1.35022 1.35622 1.31982 1.28859 1.30189 1.28158 1.2639 1.23398 1.22427 1.219 1.21014 1.18698 1.1694 1.1648 1.1518 1.1494 1.14102 1.11845 1.11049 1.10721 1.08834 1.0871 1.07092 1.06589 1.05573 1.04074 1.03892 1.03347 1.02978 1.0212 1.01429 1.00873 1.00399 1 0.995741 0.993039 0.988577 0.984081 0.984731 0.98215 0.982952 0.975614 0.978214 0.980963 0.981602 0.983699 0.987665 0.983064 0.983713 0.987641 0.984752 0.993639 0.994399 1.00236 1.00848 1.01693 1.00384 1.03365 1.03245 1.04068 1.04343 1.04885 1.04566 1.06822 1.05626 1.08329 1.06891 1.10223 1.08244 1.13933 1.128 1.12918 1.12696 1.16815 1.17202 1.18796 1.18893 1.23079 1.23375 1.22196 1.25941 1.21724 1.26053 1.27331 
1.68715 1.64692 1.66636 1.63797 1.59373 1.58824 1.56886 1.52984 1.5241 1.52154 1.48767 1.46649 1.43928 1.42256 1.42916 1.41131 1.38684 1.35995 1.3599 1.3238 1.32185 1.29061 1.29542 1.26298 1.25237 1.23985 1.23736 1.20382 1.19114 1.19954 1.1609 1.16858 1.14112 1.14356 1.12111 1.12098 1.09875 1.10032 1.08441 1.07568 1.06508 1.05563 1.04754 1.04225 1.03299 1.02482 1.01977 1.01482 1.0093 1.00498 1 0.995837 0.993398 0.990221 0.985475 0.980592 0.983888 0.983271 0.978538 0.98148 0.983467 0.979476 0.975747 0.98212 0.977409 0.980291 0.994488 0.989943 0.985434 1.00328 1.00315 1.01893 1.00223 1.00315 1.02558 1.0186 1.03345 1.04719 1.04524 1.06245 1.07676 1.08014 1.07226 1.06684 1.10477 1.09177 1.09572 1.10573 1.11952 1.13044 1.13948 1.17561 1.16169 1.166 1.18292 1.19752 1.18748 1.22856 1.21727 1.2641 1.32289 
1.69898 1.67037 1.63523 1.64785 1.59199 1.60285 1.55953 1.56869 1.55774 1.49683 1.49923 1.4633 1.43816 1.4335 1.40914 1.40546 1.39159 1.34062 1.36901 1.33903 1.30316 1.29858 1.29468 1.26554 1.25506 1.23564 1.22746 1.21217 1.20472 1.19071 1.18079 1.15649 1.13655 1.13363 1.12315 1.10851 1.10042 1.09214 1.08805 1.0732 1.06684 1.05678 1.05495 1.03725 1.03235 1.02802 1.02 1.01507 1.00857 1.00454 1 0.995928 0.991844 0.989578 0.985833 0.985605 0.98335 0.977098 0.98065 0.973482 0.977846 0.973914 0.980131 0.976935 0.977203 0.984578 0.989202 0.990111 0.980465 0.980338 1.00467 1.01119 1.01067 1.00831 1.01612 1.0155 1.03131 1.01831 1.03695 1.05691 1.07004 1.07004 1.0806 1.09059 1.08367 1.11144 1.10138 1.116 1.13267 1.13065 1.1386 1.19171 1.18164 1.19211 1.19832 1.1801 1.17766 1.23027 1.24794 1.2744 1.25992 
1.66106 1.66732 1.67871 1.65477 1.61047 1.59093 1.57054 1.55847 1.52636 1.49685 1.50248 1.46695 1.4498 1.43859 1.45476 1.39047 1.40973 1.37238 1.35846 1.35105 1.31986 1.30953 1.2794 1.2757 1.26375 1.23505 1.22379 1.21445 1.20522 1.18921 1.17886 1.16294 1.1519 1.13882 1.13046 1.11786 1.10891 1.0943 1.08065 1.07627 1.06272 1.05563 1.04975 1.03753 1.03184 1.02637 1.02231 1.01561 1.01075 1.00483 1 0.995771 0.992585 0.988362 0.985332 0.983433 0.981655 0.978306 0.975921 0.976388 0.975605 0.97804 0.97893 0.985069 0.98327 0.976131 0.98235 0.989015 0.99382 0.990136 0.99272 1.0004 1.0027 1.00166 1.01142 1.00342 1.03016 1.03942 1.04121 1.03811 1.05847 1.04864 1.06196 1.09037 1.0968 1.07938 1.0843 1.10575 1.10965 1.14132 1.11997 1.15242 1.17205 1.17687 1.20015 1.19988 1.19527 1.22606 1.26521 1.23489 1.25606 
1.68761 1.6771 1.66265 1.65707 1.6122 1.60573 1.5553 1.57328 1.55141 1.53107 1.49597 1.46469 1.44516 1.43693 1.43251 1.41821 1.37643 1.37 1.35103 1.33951 1.31379 1.29644 1.28892 1.27641 1.27452 1.26097 1.22961 1.21667 1.20532 1.18703 1.17078 1.16014 1.1354 1.13631 1.12974 1.11549 1.10856 1.09359 1.0896 1.07822 1.0593 1.05987 1.055 1.04336 1.03364 1.02512 1.01944 1.01504 1.00888 1.00442 1 0.995411 0.991197 0.989215 0.985075 0.983499 0.982653 0.977129 0.977765 0.981349 0.976969 0.981501 0.980584 0.968895 0.973672 0.986987 0.985998 0.987233 0.98767 0.986956 0.993595 0.996964 1.00936 1.01252 1.00919 1.02551 1.01602 1.03034 1.04256 1.05996 1.05453 1.05212 1.0674 1.0342 1.06474 1.08519 1.09846 1.09274 1.12726 1.13001 1.14092 1.15105 1.15041 1.16284 1.17619 1.18893 1.19034 1.20251 1.22028 1.22308 1.25693 
1.72693 1.68945 1.67024 1.62202 1.61862 1.58912 1.58727 1.54189 1.54526 1.53223 1.51275 1.48965 1.47241 1.43894 1.43044 1.39781 1.3924 1.35935 1.35919 1.33324 1.33234 1.30408 1.27869 1.2759 1.25505 1.25733 1.23849 1.21687 1.20449 1.18459 1.16892 1.17176 1.16004 1.13554 1.13358 1.11008 1.10474 1.09764 1.09174 1.07888 1.06612 1.05788 1.05062 1.04372 1.03651 1.03278 1.02326 1.01446 1.01135 1.00464 1 0.995519 0.991018 0.986848 0.984575 0.982648 0.978788 0.974847 0.976821 0.97979 0.975225 0.974855 0.970903 0.980142 0.970454 0.984333 0.993058 0.97121 0.980816 0.984957 0.990219 1.01307 0.996187 1.00211 1.01195 1.01559 1.01667 1.03052 1.03472 1.02851 1.05025 1.04797 1.06602 1.06038 1.04635 1.0748 1.10323 1.08786 1.12163 1.1229 1.10997 1.14447 1.15504 1.13639 1.16459 1.18546 1.20346 1.21566 1.23417 1.25125 1.25281 
1.70224 1.70393 1.69654 1.6825 1.65703 1.61736 1.59547 1.57946 1.55339 1.53942 1.49798 1.49217 1.47327 1.45386 1.45115 1.42792 1.39499 1.38734 1.36377 1.35465 1.33064 1.32339 1.29381 1.29378 1.2675 1.26391 1.24558 1.22921 1.19409 1.19257 1.18501 1.16478 1.15349 1.14697 1.13553 1.11644 1.11151 1.09673 1.08247 1.08287 1.07135 1.06264 1.05333 1.04595 1.03804 1.0278 1.02289 1.01478 1.01077 1.00506 1 0.995962 0.992303 0.988503 0.984088 0.978478 0.977631 0.975537 0.97179 0.972805 0.974745 0.964945 0.96833 0.982176 0.966207 0.976222 0.976441 0.986797 0.977602 0.9887 0.995353 0.994907 1.00541 1.00429 1.01601 1.00946 1.01485 1.01914 1.02875 1.04001 1.02234 1.04388 1.0549 1.05613 1.05677 1.08252 1.09117 1.11175 1.08207 1.11658 1.11291 1.14677 1.14845 1.16135 1.17464 1.15766 1.18657 1.19683 1.16057 1.23375 1.21515 
1.71333 1.70719 1.69032 1.64618 1.63647 1.62606 1.58741 1.58281 1.54774 1.54506 1.5412 1.49104 1.48377 1.46024 1.39465 1.42268 1.41907 1.38697 1.37247 1.34555 1.32931 1.30424 1.30014 1.27238 1.26718 1.25317 1.24271 1.22074 1.2024 1.19944 1.18188 1.16609 1.16583 1.15048 1.13336 1.1187 1.12309 1.09549 1.08602 1.08012 1.07055 1.06152 1.05546 1.0451 1.03831 1.0304 1.02146 1.01693 1.01103 1.00528 1 0.995216 0.99148 0.987284 0.980185 0.982598 0.974948 0.973648 0.973044 0.970846 0.972774 0.968844 0.975955 0.98044 0.971532 0.979493 0.968574 0.981807 0.970155 0.981859 0.989505 0.974081 0.981035 0.997966 0.999938 1.00678 1.00167 1.023 1.02822 1.03009 1.03726 1.05376 1.05 1.05381 1.07348 1.06776 1.06983 1.10391 1.11902 1.1026 1.1402 1.12018 1.16692 1.15927 1.16198 1.17708 1.19116 1.20139 1.20055 1.21772 1.21875 
1.74409 1.69511 1.67933 1.65304 1.61713 1.62705 1.62092 1.58817 1.56113 1.54556 1.5299 1.51594 1.48297 1.46726 1.43804 1.42968 1.40242 1.37607 1.36419 1.34549 1.32544 1.30656 1.29682 1.27217 1.27265 1.25263 1.24889 1.20485 1.21444 1.19074 1.18734 1.17235 1.15115 1.15378 1.13519 1.13168 1.11249 1.10532 1.092 1.08149 1.06703 1.06656 1.05478 1.04767 1.04191 1.02953 1.02321 1.01969 1.01038 1.00513 1 0.994869 0.990809 0.986041 0.98447 0.982348 0.979177 0.968828 0.974226 0.974737 0.976744 0.968956 0.965748 0.974608 0.970934 0.962085 0.973815 0.982069 0.976012 0.980048 0.975685 0.974078 0.97558 0.97416 0.996191 1.00077 0.998984 1.0163 1.02839 1.03844 1.04537 1.05779 1.02751 1.06218 1.05686 1.07287 1.06356 1.09008 1.09068 1.09167 1.11027 1.12581 1.14262 1.13861 1.13717 1.1613 1.18347 1.192 1.21841 1.2177 1.2324 
1.74015 1.69188 1.69759 1.67304 1.6558 1.63233 1.60819 1.58012 1.55359 1.5533 1.52712 1.50914 1.48147 1.48639 1.43817 1.41357 1.39325 1.40226 1.37743 1.34254 1.33481 1.31667 1.3167 1.27538 1.27738 1.25802 1.24551 1.21897 1.20391 1.20089 1.18703 1.1755 1.15329 1.15266 1.13469 1.12343 1.1143 1.10779 1.09604 1.08221 1.07701 1.06012 1.05522 1.04486 1.03797 1.03094 1.0254 1.01714 1.0122 1.00517 1 0.995076 0.990093 0.986673 0.984569 0.98176 0.974091 0.973875 0.972275 0.971366 0.976577 0.971993 0.968431 0.972689 0.971119 0.981195 0.979667 0.971275 0.989531 0.977537 0.973996 0.967449 0.96975 0.984464 0.989917 0.992477 1.0123 1.01463 1.0258 1.03166 1.02007 1.04227 1.0519 1.0343 1.04892 1.07402 1.07379 1.08855 1.08866 1.10055 1.12674 1.13931 1.14494 1.12116 1.14642 1.14837 1.174 1.19621 1.18785 1.21022 1.25253 
1.73337 1.73348 1.6947 1.69469 1.63823 1.64866 1.60994 1.5803 1.55032 1.56065 1.52475 1.49825 1.49913 1.4705 1.45466 1.40422 1.4054 1.39224 1.38106 1.35208 1.33216 1.32341 1.29565 1.30237 1.2736 1.25914 1.25006 1.22414 1.22073 1.1916 1.19283 1.16985 1.1568 1.14753 1.13144 1.12311 1.11243 1.10275 1.09677 1.08281 1.06899 1.06572 1.05926 1.04548 1.03564 1.02996 1.02405 1.01781 1.01092 1.00575 1 0.995013 0.990388 0.987574 0.980506 0.975842 0.976739 0.973276 0.970454 0.972342 0.975473 0.958518 0.961894 0.966721 0.959458 0.968055 0.976992 0.963034 0.968663 0.983126 0.97745 0.985741 0.986893 0.993873 0.987423 0.985419 1.00984 1.01667 1.02032 1.01245 1.0298 1.02685 1.04297 1.05877 1.06328 1.05733 1.07394 1.07431 1.07665 1.10288 1.07552 1.10901 1.12139 1.12317 1.12905 1.16454 1.13427 1.16782 1.15033 1.18988 1.24759 
1.74625 1.71202 1.70153 1.66135 1.64567 1.64404 1.61455 1.6089 1.5551 1.54019 1.52665 1.50622 1.48807 1.47688 1.44984 1.44109 1.41436 1.38807 1.37187 1.34947 1.3355 1.31183 1.29516 1.29108 1.27129 1.27794 1.24654 1.24258 1.21505 1.20067 1.18237 1.1856 1.16186 1.14572 1.13856 1.1334 1.11375 1.0998 1.09598 1.08725 1.07309 1.06878 1.05742 1.04895 1.04345 1.0301 1.02637 1.0171 1.01163 1.00514 1 0.995114 0.990101 0.985491 0.982906 0.978988 0.976449 0.970365 0.971719 0.968719 0.968453 0.966241 0.962872 0.962849 0.96655 0.961044 0.964578 0.964396 0.971089 0.979164 0.978141 0.976819 0.979166 0.975941 0.988104 1.00594 1.00405 1.01389 1.0143 1.02226 1.03942 1.02718 1.03555 1.0465 1.06162 1.04848 1.0923 1.07761 1.08471 1.1196 1.11224 1.09994 1.12507 1.13582 1.14007 1.14496 1.16568 1.18839 1.18144 1.17845 1.20431 
1.7579 1.71157 1.71887 1.67425 1.66218 1.62738 1.60849 1.57182 1.55429 1.57779 1.5392 1.50085 1.49323 1.48537 1.46433 1.42249 1.41953 1.37609 1.37984 1.36921 1.34901 1.33128 1.31617 1.294 1.29005 1.26544 1.25698 1.23427 1.21373 1.21453 1.20236 1.17843 1.17086 1.15778 1.14426 1.12673 1.11138 1.10855 1.0944 1.078 1.07725 1.06666 1.05715 1.05136 1.03953 1.03242 1.02596 1.0183 1.01079 1.00603 1 0.994683 0.98991 0.986152 0.981063 0.979129 0.976529 0.974432 0.969001 0.962486 0.965798 0.963113 0.963982 0.961049 0.966643 0.970483 0.966993 0.965471 0.961989 0.969151 0.964979 0.986595 0.987472 0.98815 0.999799 1.01514 0.99967 0.990469 1.01215 1.01491 1.03227 1.02744 1.04332 1.03876 1.03549 1.05379 1.05939 1.06063 1.08197 1.06179 1.09785 1.10212 1.10133 1.13979 1.12113 1.16174 1.12388 1.18186 1.19177 1.18549 1.19108 
1.76946 1.74365 1.72115 1.68376 1.65045 1.63427 1.62055 1.60692 1.59499 1.56409 1.54756 1.51585 1.50532 1.48459 1.46722 1.44115 1.42158 1.39736 1.38265 1.36483 1.34574 1.32643 1.29397 1.30604 1.29311 1.28312 1.25579 1.22865 1.21832 1.20382 1.20266 1.18148 1.16936 1.15673 1.15308 1.13186 1.11862 1.10622 1.10011 1.0797 1.08293 1.06622 1.05523 1.047 1.04125 1.03288 1.02535 1.01793 1.01209 1.00597 1 0.994342 0.988625 0.985763 0.980124 0.978326 0.973596 0.971377 0.969387 0.967171 0.959663 0.967592 0.958711 0.965725 0.95878 0.963168 0.970562 0.969286 0.95911 0.971996 0.964249 0.980348 0.972206 0.981138 0.98107 0.976122 0.989466 0.985274 0.993755 1.01058 1.01768 1.02926 1.02272 1.04907 1.03742 1.0274 1.0489 1.07493 1.07013 1.07171 1.09702 1.08267 1.10815 1.14773 1.11095 1.14939 1.1558 1.16593 1.18661 1.19943 1.20885 
1.7571 1.72401 1.73744 1.68779 1.66767 1.65613 1.62024 1.61615 1.58349 1.57421 1.55398 1.53979 1.51199 1.47552 1.46813 1.43367 1.42642 1.3988 1.40249 1.37435 1.36165 1.34368 1.3074 1.29808 1.28332 1.27351 1.26472 1.2478 1.22007 1.20662 1.19662 1.17825 1.16319 1.16204 1.14869 1.13346 1.12155 1.1039 1.10548 1.08565 1.08007 1.06258 1.06358 1.05266 1.04077 1.03363 1.02662 1.01827 1.01183 1.0055 1 0.994177 0.990713 0.984572 0.982048 0.976764 0.976644 0.971035 0.968996 0.969276 0.962563 0.957277 0.954085 0.95493 0.958595 0.967035 0.970293 0.958919 0.966077 0.96359 0.970073 0.978604 0.97011 0.987924 0.983505 0.980832 0.995515 1.00525 0.99745 1.00533 1.04014 1.02993 1.00668 1.02918 1.03029 1.04634 1.05738 1.07572 1.07756 1.10328 1.06846 1.10113 1.1261 1.12127 1.13272 1.12195 1.16055 1.11965 1.16951 1.16772 1.23409 
1.76918 1.75899 1.70266 1.71551 1.66716 1.64718 1.62741 1.60129 1.6018 1.57039 1.54439 1.50973 1.49496 1.48259 1.4705 1.4366 1.42008 1.41074 1.38382 1.3677 1.37162 1.33978 1.32973 1.31897 1.29183 1.26484 1.24554 1.23887 1.22532 1.2142 1.19723 1.18577 1.18181 1.15835 1.15313 1.12979 1.11579 1.11413 1.10058 1.09462 1.08004 1.07136 1.06079 1.05219 1.03996 1.03159 1.027 1.01877 1.01318 1.0059 1 0.994518 0.989588 0.987038 0.980302 0.974586 0.971417 0.966906 0.972182 0.960927 0.961329 0.95464 0.959737 0.949451 0.955159 0.956681 0.959155 0.963871 0.955642 0.962819 0.962903 0.977364 0.976459 0.968858 0.983937 0.97102 0.984592 0.99344 1.00463 1.00462 1.00601 1.00717 1.02237 1.01117 1.02169 1.04747 1.01752 1.05936 1.07144 1.0768 1.05797 1.0869 1.09392 1.07505 1.12495 1.12124 1.15823 1.1541 1.14072 1.17977 1.17793 
1.78883 1.74831 1.72954 1.69726 1.68203 1.67016 1.60558 1.60912 1.58909 1.60024 1.56527 1.52625 1.52774 1.48509 1.46264 1.45605 1.43403 1.41346 1.38107 1.37963 1.35456 1.35967 1.32127 1.31956 1.30583 1.27788 1.24567 1.26126 1.23199 1.19878 1.20689 1.19389 1.16803 1.15897 1.15571 1.13445 1.12381 1.11052 1.09952 1.08769 1.07797 1.07194 1.05906 1.05372 1.04377 1.03544 1.02516 1.02013 1.01241 1.00627 1 0.994485 0.988417 0.98356 0.981317 0.973559 0.971683 0.969878 0.963945 0.961321 0.959102 0.965392 0.960939 0.961157 0.95246 0.957754 0.957433 0.958368 0.957882 0.953663 0.963224 0.96665 0.964035 0.957053 0.979555 0.974422 0.981468 0.992724 0.983397 1.00911 1.0094 1.02593 1.01931 1.03485 1.04147 1.04547 1.03136 1.04931 1.06051 1.03395 1.05334 1.06127 1.07183 1.09421 1.10893 1.10528 1.14594 1.11452 1.15982 1.17214 1.17408 
1.79413 1.7779 1.73049 1.71049 1.68186 1.68642 1.63452 1.62707 1.59915 1.57268 1.55605 1.5424 1.50266 1.5057 1.47529 1.45713 1.43637 1.41149 1.39753 1.39489 1.36576 1.35664 1.31894 1.31218 1.28946 1.27773 1.25284 1.25117 1.21777 1.22371 1.21281 1.19885 1.16754 1.16812 1.15216 1.14063 1.12438 1.11325 1.10362 1.09427 1.08508 1.07015 1.06086 1.05439 1.04251 1.03332 1.02679 1.01899 1.01298 1.00636 1 0.994114 0.989068 0.982411 0.979803 0.977388 0.974806 0.965593 0.961176 0.960875 0.962246 0.951454 0.953914 0.951449 0.955353 0.961469 0.955376 0.959924 0.970223 0.955804 0.959259 0.96468 0.965194 0.986841 0.968907 0.988236 0.979219 0.991745 0.992569 0.989089 1.01127 1.01809 1.00234 1.01325 1.02491 1.00664 1.0307 1.06355 1.04582 1.04902 1.0714 1.0643 1.08546 1.07302 1.13232 1.14316 1.11286 1.13966 1.12066 1.15774 1.18593 
1.77874 1.7367 1.70936 1.72135 1.70259 1.6774 1.62779 1.63649 1.59865 1.58562 1.56004 1.52247 1.53456 1.4893 1.46926 1.45341 1.45448 1.41428 1.40373 1.39658 1.36858 1.35341 1.32882 1.31549 1.29923 1.29348 1.26377 1.25719 1.23825 1.2352 1.20059 1.18337 1.17866 1.16297 1.1598 1.13894 1.12822 1.11227 1.10144 1.09135 1.07779 1.0726 1.06516 1.04936 1.04688 1.03402 1.02836 1.02025 1.0128 1.00615 1 0.994201 0.988722 0.981986 0.979142 0.974433 0.972301 0.967897 0.96392 0.9602 0.955542 0.95611 0.953662 0.957979 0.944136 0.957173 0.960439 0.946487 0.956798 0.96029 0.956924 0.96145 0.967999 0.97374 0.973284 0.971472 0.955957 0.979796 0.981812 0.985853 0.991054 1.01504 0.999167 1.0192 1.0085 1.01779 1.02631 1.03487 1.0492 1.05775 1.06001 1.06327 1.09363 1.08526 1.08149 1.07139 1.12044 1.12858 1.13905 1.14066 1.14086 
1.77842 1.73688 1.74001 1.72598 1.72353 1.65877 1.64769 1.65172 1.62143 1.57653 1.56219 1.55738 1.49973 1.50717 1.4878 1.47406 1.44768 1.42743 1.40101 1.39776 1.36933 1.32606 1.3315 1.31619 1.29654 1.28315 1.27232 1.25068 1.24389 1.22104 1.19704 1.20049 1.17538 1.17482 1.15951 1.13574 1.12969 1.11022 1.11479 1.09185 1.07908 1.07228 1.0692 1.05512 1.04493 1.03709 1.02792 1.02119 1.01352 1.00687 1 0.993396 0.988134 0.983043 0.977591 0.971519 0.969141 0.966876 0.958493 0.96054 0.958105 0.954645 0.957301 0.95434 0.955595 0.950985 0.944375 0.957087 0.962742 0.960285 0.954888 0.95028 0.973556 0.967156 0.960463 0.958729 0.976473 0.981281 0.991304 0.990883 1.00171 0.99249 1.00821 1.01842 1.00253 1.01975 1.01948 1.03757 1.02892 1.0574 1.07529 1.09427 1.11541 1.10179 1.08034 1.09746 1.08759 1.13271 1.12455 1.1349 1.13639 
1.79943 1.75633 1.73932 1.70013 1.71793 1.67505 1.66853 1.63503 1.61907 1.58307 1.58101 1.54052 1.52475 1.5131 1.50306 1.47267 1.4479 1.41883 1.42551 1.40324 1.37342 1.36215 1.34517 1.33446 1.29373 1.29126 1.26565 1.2588 1.23709 1.22067 1.20215 1.20011 1.18976 1.1676 1.16129 1.13931 1.13135 1.12122 1.10541 1.09575 1.08258 1.0736 1.06166 1.052 1.04382 1.03509 1.02882 1.02005 1.01404 1.00692 1 0.993814 0.988737 0.983218 0.974525 0.975203 0.969952 0.962623 0.962608 0.961037 0.95958 0.954979 0.958376 0.953439 0.956408 0.945072 0.945099 0.951248 0.949875 0.951447 0.950311 0.952516 0.965741 0.96084 0.974235 0.97327 0.952165 0.988695 0.986436 0.99214 0.991366 0.984381 1.00179 0.988515 0.997696 1.03605 1.02961 1.02886 1.08638 1.05604 1.03406 1.053 1.06183 1.0797 1.11495 1.1154 1.12844 1.09512 1.11316 1.09922 1.12612 
1.80748 1.76998 1.73525 1.72712 1.67904 1.68024 1.66193 1.60317 1.62062 1.60455 1.579 1.54681 1.54542 1.51954 1.49261 1.47745 1.43929 1.42636 1.40078 1.40146 1.3723 1.349 1.35102 1.32983 1.30406 1.29442 1.26821 1.25425 1.25117 1.21471 1.21347 1.20048 1.19182 1.1705 1.15504 1.14371 1.13707 1.12174 1.10552 1.09845 1.088 1.06715 1.06271 1.0593 1.04508 1.03908 1.02954 1.01986 1.0135 1.0071 1 0.993719 0.987226 0.982235 0.977085 0.971147 0.96915 0.962517 0.96088 0.958629 0.959152 0.958344 0.947781 0.950545 0.945793 0.947188 0.94253 0.953805 0.947414 0.955507 0.942636 0.953111 0.946746 0.955425 0.965775 0.968027 0.970604 0.965888 0.983051 0.98899 0.993506 0.969525 0.974265 0.985818 1.01662 1.01613 1.01812 1.02915 1.02305 1.03221 1.03482 1.06524 1.07024 1.07363 1.10014 1.11329 1.08143 1.10581 1.15093 1.11036 1.13527 
1.79256 1.78418 1.76145 1.709 1.72322 1.69191 1.66512 1.65155 1.63349 1.61072 1.55966 1.55537 1.51884 1.51514 1.50667 1.4827 1.45336 1.42375 1.41571 1.37927 1.39934 1.3596 1.33631 1.3191 1.31211 1.29159 1.2827 1.26644 1.23725 1.22702 1.21197 1.20346 1.19159 1.16649 1.15462 1.14943 1.12941 1.12094 1.10853 1.10171 1.08111 1.07628 1.06368 1.05906 1.04944 1.04117 1.03159 1.01996 1.01481 1.00708 1 0.993693 0.987669 0.982217 0.976333 0.971937 0.96734 0.96289 0.961732 0.963469 0.94874 0.956664 0.95159 0.952396 0.946487 0.949201 0.944787 0.94712 0.941408 0.942154 0.947515 0.951314 0.95105 0.955254 0.959292 0.968284 0.974192 0.959449 0.988192 0.959741 0.97447 0.985685 1.00201 0.974501 0.995575 1.01905 1.01765 1.02173 1.02797 1.0182 1.05728 1.07062 1.03793 1.04322 1.10842 1.09041 1.08656 1.11046 1.12072 1.11612 1.10709 
1.81379 1.79796 1.75467 1.72846 1.71771 1.68011 1.65463 1.63946 1.61938 1.61106 1.53142 1.56966 1.53452 1.51896 1.50043 1.47697 1.45076 1.44627 1.41526 1.42374 1.37277 1.35947 1.35114 1.33273 1.30925 1.29006 1.26491 1.25529 1.24704 1.21932 1.21463 1.20735 1.18459 1.17482 1.16032 1.1485 1.13061 1.11683 1.11376 1.09973 1.08636 1.07546 1.06694 1.05819 1.04442 1.03805 1.03146 1.02422 1.01525 1.00683 1 0.993603 0.986579 0.982392 0.978323 0.969071 0.971716 0.96165 0.956469 0.955989 0.952966 0.949891 0.945104 0.953496 0.94462 0.945678 0.948474 0.938424 0.943227 0.95003 0.943628 0.949001 0.938509 0.937652 0.951227 0.954363 0.965152 0.966896 0.966972 0.976135 0.975749 0.979072 0.986964 0.99283 0.999466 1.02589 1.01113 1.02254 1.02618 1.04619 1.06999 1.03446 1.07598 1.09549 1.06947 1.07534 1.07873 1.11736 1.11604 1.10412 1.12286 
1.8018 1.80111 1.77849 1.73242 1.71843 1.7029 1.68209 1.66761 1.63736 1.61812 1.59462 1.54694 1.5505 1.50768 1.50394 1.48413 1.47309 1.4372 1.41581 1.41602 1.38358 1.36457 1.34037 1.3347 1.30451 1.29984 1.27708 1.27373 1.25655 1.24533 1.21019 1.20048 1.18821 1.17372 1.16243 1.16258 1.13329 1.12208 1.11863 1.10028 1.095 1.08077 1.06793 1.05964 1.04844 1.04106 1.03086 1.02271 1.01489 1.00702 1 0.993872 0.988096 0.982426 0.97476 0.968665 0.965769 0.965141 0.96145 0.957085 0.948269 0.959007 0.950963 0.942915 0.946836 0.943929 0.944918 0.93199 0.935889 0.950544 0.941045 0.95337 0.944943 0.951634 0.951243 0.950673 0.960949 0.964036 0.963963 0.981793 0.969558 1.00312 0.975105 0.991455 0.996009 0.992094 0.97693 1.01524 1.02161 1.00649 1.02262 1.05319 1.0869 1.0951 1.06734 1.09282 1.08531 1.07802 1.09561 1.08575 1.10059 
1.79711 1.7649 1.77364 1.74073 1.71179 1.69224 1.67998 1.65942 1.63378 1.6102 1.57723 1.57146 1.53071 1.53013 1.50133 1.48579 1.45445 1.45889 1.43265 1.41313 1.37987 1.37288 1.35967 1.33874 1.29533 1.30502 1.27841 1.26995 1.24777 1.23063 1.21438 1.21771 1.18831 1.17857 1.16311 1.14962 1.14497 1.12807 1.11132 1.10294 1.08906 1.08209 1.06876 1.05886 1.0496 1.0407 1.02877 1.02459 1.01436 1.00749 1 0.993249 0.986663 0.980915 0.975096 0.970831 0.963739 0.959646 0.959138 0.955149 0.946891 0.946986 0.948154 0.94563 0.93979 0.944586 0.940647 0.932691 0.939445 0.932044 0.941343 0.951573 0.945863 0.94797 0.940686 0.952013 0.953463 0.957626 0.952349 0.964195 0.99386 0.968733 0.975797 0.975519 1.00061 0.999177 1.00984 1.0095 1.01575 1.02133 1.03315 1.04307 1.05289 1.07239 1.12619 1.08134 1.06891 1.06992 1.13685 1.10719 1.10756 
1.83508 1.81073 1.76746 1.73455 1.72807 1.69162 1.68374 1.66061 1.63099 1.60493 1.56449 1.58264 1.5263 1.54696 1.50603 1.51008 1.45772 1.45698 1.43175 1.40224 1.39433 1.36665 1.36695 1.33524 1.3203 1.31419 1.29089 1.26382 1.25663 1.24729 1.22919 1.20413 1.18913 1.169 1.16066 1.15272 1.14315 1.12582 1.11366 1.09719 1.09346 1.07844 1.07041 1.06159 1.04601 1.04348 1.03155 1.02227 1.01509 1.00782 1 0.992695 0.987443 0.979496 0.974491 0.970084 0.96562 0.959738 0.952649 0.952509 0.952118 0.946584 0.950426 0.93798 0.941417 0.935845 0.938729 0.940599 0.937798 0.931259 0.92954 0.937183 0.937848 0.938612 0.95252 0.950028 0.946257 0.941514 0.969698 0.966993 0.956128 0.976565 0.977385 0.972922 1.00089 0.990902 0.998586 1.0284 1.01582 1.02387 1.03562 1.04902 1.03046 1.04979 1.05985 1.04671 1.07269 1.08305 1.10424 1.10899 1.1073 
1.79876 1.80144 1.78112 1.75571 1.716 1.69984 1.68374 1.64573 1.64165 1.62973 1.57153 1.5753 1.56775 1.54686 1.52889 1.50295 1.47442 1.44379 1.43326 1.41423 1.39106 1.3721 1.35047 1.34278 1.31526 1.3094 1.28885 1.26587 1.26363 1.24101 1.22591 1.21477 1.18629 1.18587 1.16273 1.15792 1.14452 1.12507 1.11433 1.10263 1.09516 1.08708 1.06964 1.06108 1.05291 1.043 1.03428 1.02347 1.01608 1.00772 1 0.993599 0.986307 0.980829 0.973426 0.968146 0.964261 0.964614 0.954455 0.953721 0.948378 0.945074 0.948263 0.952073 0.937261 0.937546 0.936237 0.934704 0.942575 0.946205 0.926151 0.948554 0.938813 0.941769 0.950713 0.942249 0.948933 0.969754 0.946541 0.953449 0.971898 0.958018 0.971754 0.98461 0.96805 0.975556 0.99584 0.994779 1.01336 0.986272 1.01132 1.02298 1.04177 1.02742 1.03975 1.05901 1.08187 1.09721 1.08684 1.09306 1.10312 
1.83943 1.81684 1.77492 1.76972 1.73926 1.73256 1.68513 1.65921 1.64301 1.6318 1.60999 1.5678 1.55038 1.53075 1.53802 1.4692 1.46199 1.44635 1.41319 1.4191 1.39966 1.3692 1.36627 1.34817 1.33053 1.32047 1.30441 1.28698 1.27043 1.23927 1.23506 1.20667 1.20463 1.19187 1.1719 1.16133 1.14436 1.12944 1.11822 1.10336 1.09579 1.08286 1.07863 1.05843 1.04924 1.04528 1.03448 1.02346 1.01423 1.00759 1 0.992939 0.986105 0.979106 0.973917 0.96805 0.962919 0.957852 0.953024 0.95119 0.945655 0.947652 0.948195 0.934486 0.933037 0.944883 0.937433 0.939618 0.925614 0.920775 0.927559 0.930076 0.941159 0.944074 0.925279 0.941984 0.939951 0.948505 0.95709 0.958735 0.967516 0.956199 0.972331 0.972693 0.980577 0.973049 0.977118 0.995535 0.99965 1.0061 1.01877 1.02872 1.02343 1.0253 1.03947 1.07282 1.0611 1.05847 1.04387 1.12293 1.09646 
1.84879 1.81681 1.81684 1.76754 1.73774 1.69356 1.70279 1.64148 1.64863 1.62836 1.62703 1.56922 1.57028 1.55452 1.52954 1.49361 1.48383 1.44524 1.4316 1.41336 1.40734 1.38605 1.35845 1.36167 1.33524 1.3042 1.29606 1.2883 1.2632 1.24765 1.22542 1.22349 1.19438 1.17906 1.17449 1.16028 1.14638 1.12568 1.11163 1.1092 1.09739 1.07822 1.07234 1.06581 1.05275 1.04113 1.03036 1.02373 1.01549 1.00764 1 0.992593 0.985651 0.979598 0.975 0.967796 0.960695 0.959328 0.955477 0.955374 0.94983 0.94134 0.944183 0.932688 0.932299 0.941517 0.929054 0.942408 0.925881 0.938073 0.925061 0.957451 0.932493 0.934832 0.948845 0.947039 0.934196 0.963341 0.942024 0.940192 0.954815 0.956023 0.981531 0.967922 0.972362 0.998799 0.965599 0.998417 0.991028 0.986665 1.00411 1.00471 1.02119 1.00212 1.05314 1.05151 1.05706 1.05115 1.08088 1.07469 1.08476 
1.84749 1.81861 1.7964 1.77574 1.73086 1.72295 1.69716 1.66968 1.66788 1.6443 1.60203 1.58824 1.58226 1.54576 1.52446 1.494 1.48333 1.46588 1.43847 1.42652 1.40716 1.38911 1.37094 1.34447 1.32249 1.30332 1.30642 1.27432 1.26269 1.22656 1.23817 1.21573 1.20198 1.18914 1.17411 1.15163 1.15169 1.12802 1.124 1.109 1.09807 1.08648 1.07643 1.06768 1.05158 1.0445 1.0323 1.02467 1.01687 1.00768 1 0.992274 0.985586 0.979658 0.975261 0.96726 0.962829 0.957882 0.953865 0.942255 0.942918 0.936768 0.943426 0.936611 0.931064 0.939611 0.932539 0.919308 0.926362 0.932635 0.930977 0.944779 0.941788 0.920197 0.933446 0.941038 0.944607 0.932108 0.934868 0.933269 0.957527 0.962764 0.955081 0.970953 0.965255 0.950674 0.981426 1.00967 0.983278 0.999219 1.00287 1.0199 1.01691 1.02885 1.05285 1.05673 1.06012 1.06981 1.06272 1.08326 1.08543 
1.82982 1.83865 1.77773 1.76614 1.7635 1.71862 1.70389 1.69258 1.66535 1.64212 1.63162 1.58487 1.56306 1.55084 1.51916 1.50266 1.48743 1.46434 1.44498 1.42948 1.40308 1.39059 1.37499 1.34406 1.3248 1.32098 1.30463 1.2802 1.25744 1.24146 1.22946 1.22146 1.21012 1.18699 1.17819 1.15916 1.1467 1.13409 1.12021 1.11137 1.09586 1.08682 1.07318 1.06286 1.05193 1.04254 1.0333 1.0252 1.01514 1.00794 1 0.992806 0.98585 0.978991 0.97094 0.964875 0.958374 0.957852 0.951665 0.947765 0.943242 0.93762 0.939276 0.936861 0.935089 0.926219 0.932675 0.912562 0.923081 0.924712 0.927569 0.917369 0.919843 0.930259 0.937337 0.932238 0.941275 0.951215 0.943518 0.939819 0.938157 0.951554 0.960445 0.969154 0.973612 0.989384 0.983872 0.983402 0.994837 1.00467 1.00341 1.02144 1.01559 1.00408 1.00393 1.03297 1.05386 1.0527 1.07869 1.07671 1.06844 
1.85585 1.8406 1.80708 1.76732 1.76302 1.71049 1.69492 1.70379 1.65113 1.63541 1.63098 1.58897 1.57005 1.57092 1.52627 1.52392 1.48542 1.45066 1.44906 1.41695 1.41902 1.38315 1.36775 1.33594 1.32538 1.31885 1.30322 1.27056 1.26369 1.25411 1.23922 1.22458 1.19464 1.19501 1.18147 1.16956 1.14852 1.12916 1.12563 1.11238 1.09671 1.07927 1.06867 1.06661 1.05664 1.04548 1.03509 1.02448 1.01642 1.00769 1 0.992481 0.984566 0.977529 0.974218 0.96522 0.959717 0.957273 0.952446 0.94132 0.943051 0.935439 0.93907 0.941492 0.931275 0.925544 0.930961 0.918518 0.929174 0.930474 0.920372 0.919883 0.930305 0.938967 0.939816 0.936413 0.930919 0.937144 0.936818 0.955952 0.929341 0.946017 0.946703 0.963716 0.96942 0.983087 0.958763 0.981875 0.977225 0.978365 1.00859 1.00607 1.01877 0.988149 0.996256 1.03558 1.06457 1.05947 1.06595 1.05695 1.09452 
1.86604 1.8355 1.77346 1.77861 1.75449 1.75417 1.71235 1.67219 1.67061 1.65785 1.62888 1.60736 1.57589 1.54396 1.52803 1.52293 1.4945 1.47883 1.44411 1.42853 1.41523 1.40852 1.37788 1.35145 1.34679 1.32492 1.29121 1.28134 1.2751 1.24351 1.24384 1.21701 1.21547 1.18674 1.17749 1.165 1.14487 1.14147 1.12695 1.11322 1.09453 1.08997 1.07362 1.06114 1.05435 1.04319 1.03416 1.02585 1.01721 1.00773 1 0.99255 0.985365 0.976756 0.970174 0.96701 0.96119 0.955187 0.952633 0.944058 0.94415 0.93793 0.93466 0.932316 0.930131 0.92447 0.918934 0.926767 0.927974 0.931393 0.92617 0.917915 0.91598 0.941367 0.923976 0.934995 0.927114 0.919288 0.940787 0.92662 0.957858 0.951417 0.95929 0.963585 0.951802 0.984517 0.965309 0.969246 0.994312 0.990834 0.997905 0.986548 0.983563 1.00995 1.01454 1.00808 1.04875 1.05181 1.03293 1.04771 1.08032 
1.86156 1.82986 1.8141 1.80432 1.73934 1.73007 1.72387 1.70291 1.68597 1.64053 1.62109 1.61344 1.58108 1.565 1.5289 1.50858 1.50327 1.47392 1.4555 1.44081 1.41918 1.38941 1.37702 1.35548 1.3463 1.31878 1.31881 1.2797 1.27181 1.26055 1.23358 1.2338 1.21122 1.19625 1.17908 1.16377 1.15675 1.13858 1.12415 1.11186 1.10097 1.09195 1.07938 1.06586 1.05483 1.04433 1.03627 1.02457 1.0162 1.00808 1 0.9924 0.985045 0.979353 0.970273 0.964759 0.958037 0.95367 0.950079 0.944042 0.93752 0.94519 0.93045 0.923138 0.929071 0.926418 0.910742 0.927801 0.917528 0.927398 0.914803 0.926469 0.922874 0.934837 0.934858 0.921924 0.918954 0.909172 0.936327 0.944432 0.940865 0.941193 0.944687 0.933024 0.949966 0.94887 0.957596 0.974341 0.98425 0.95769 0.989489 0.987447 0.992839 1.00251 1.0082 1.02149 0.993085 1.07625 1.08382 1.03579 1.03898 
1.87105 1.86505 1.8258 1.78917 1.76235 1.74879 1.70418 1.69002 1.67547 1.66731 1.63589 1.61074 1.57544 1.55343 1.55617 1.54632 1.48813 1.48958 1.4419 1.42232 1.40924 1.39856 1.37738 1.35546 1.33973 1.32836 1.30841 1.2819 1.2744 1.25451 1.25461 1.23107 1.22194 1.18876 1.18037 1.17167 1.1527 1.13811 1.12546 1.11419 1.10094 1.08491 1.0811 1.06859 1.05635 1.0434 1.03562 1.02587 1.01685 1.00857 1 0.991559 0.985353 0.9779 0.971918 0.962618 0.959055 0.955393 0.950174 0.948659 0.939772 0.935926 0.928517 0.927212 0.930569 0.922236 0.915971 0.925686 0.928155 0.925823 0.91476 0.9027 0.914422 0.918126 0.925432 0.914398 0.912277 0.931151 0.925648 0.930454 0.930012 0.935835 0.941872 0.936281 0.959567 0.965023 0.984814 0.96952 0.977785 0.972051 0.997547 0.9854 1.00232 0.993771 1.00399 1.03331 1.00805 1.00967 1.02657 1.05633 1.03114 
1.87586 1.83025 1.83779 1.79115 1.78306 1.72179 1.73326 1.6885 1.68929 1.65614 1.62079 1.61022 1.59627 1.59657 1.53714 1.53735 1.49512 1.47412 1.47692 1.44034 1.42378 1.40986 1.38263 1.36918 1.34172 1.32971 1.31157 1.30358 1.27558 1.25743 1.24413 1.21218 1.2125 1.19877 1.18362 1.16819 1.159 1.13555 1.12838 1.11303 1.10537 1.092 1.07637 1.06638 1.05875 1.04757 1.03651 1.02906 1.01747 1.00804 1 0.99236 0.983686 0.978276 0.969744 0.96431 0.956238 0.951283 0.945189 0.94232 0.937418 0.938012 0.934604 0.926961 0.934991 0.920906 0.918703 0.921005 0.927589 0.922669 0.915205 0.918764 0.9033 0.901115 0.910931 0.91737 0.917091 0.921488 0.924265 0.938442 0.916265 0.94418 0.943283 0.938626 0.950959 0.949156 0.944791 0.957423 0.962353 0.947898 0.983006 0.968612 0.978223 0.994017 0.991106 1.02583 1.00197 1.0359 1.04797 1.03181 1.0491 
1.8609 1.83303 1.80512 1.81482 1.75632 1.74999 1.73046 1.72627 1.67787 1.63989 1.61496 1.61346 1.58951 1.56561 1.55614 1.51721 1.48855 1.48056 1.45852 1.43697 1.4276 1.40643 1.38089 1.37165 1.36471 1.33127 1.30781 1.282 1.27765 1.25707 1.24646 1.22512 1.2237 1.19622 1.18491 1.1723 1.15441 1.13925 1.12787 1.11794 1.10693 1.09036 1.08244 1.06975 1.05588 1.04531 1.03723 1.02713 1.01694 1.00894 1 0.992082 0.984622 0.978075 0.968778 0.962999 0.954816 0.951747 0.943428 0.945052 0.939139 0.927301 0.930993 0.924497 0.922975 0.915773 0.914931 0.904734 0.911876 0.920596 0.920775 0.919137 0.913722 0.917973 0.919083 0.928733 0.913153 0.906993 0.922042 0.922754 0.942772 0.904475 0.955347 0.941312 0.941314 0.949775 0.961798 0.954442 0.94469 0.967712 0.967307 0.95804 0.975626 0.98775 0.985232 0.992473 0.993237 1.0277 1.03736 1.04254 1.04106 
1.88179 1.86079 1.84472 1.81109 1.78166 1.74794 1.74377 1.71515 1.68279 1.64665 1.63424 1.59221 1.61281 1.55472 1.54587 1.54234 1.5041 1.48419 1.46482 1.44482 1.44063 1.42844 1.38331 1.36727 1.34164 1.34474 1.31224 1.29617 1.28059 1.26142 1.24136 1.23267 1.20961 1.19737 1.19069 1.16458 1.16805 1.14524 1.13361 1.11977 1.10152 1.09421 1.08098 1.07047 1.0579 1.04631 1.0366 1.02572 1.01773 1.0086 1 0.991514 0.98335 0.975774 0.96851 0.964481 0.955266 0.94772 0.949519 0.940828 0.942355 0.937992 0.928585 0.919817 0.924372 0.922021 0.913879 0.925439 0.917655 0.908011 0.917298 0.910593 0.914593 0.912955 0.917177 0.908982 0.899758 0.920237 0.924576 0.911935 0.915617 0.927778 0.906613 0.932662 0.933431 0.96305 0.96538 0.96492 0.976732 0.961041 0.963977 0.974623 1.00037 0.985976 0.990228 1.00503 0.985546 1.02853 1.02254 1.03951 1.03109 
1.89297 1.82196 1.82575 1.7887 1.79204 1.7519 1.75574 1.73355 1.69051 1.66557 1.63805 1.60466 1.60773 1.58702 1.57895 1.53879 1.48936 1.4894 1.47485 1.45904 1.42078 1.40445 1.40465 1.36659 1.35929 1.34416 1.313 1.29768 1.28171 1.28036 1.24042 1.2269 1.2119 1.20605 1.18919 1.16317 1.15325 1.14251 1.13958 1.11401 1.10354 1.0924 1.08105 1.06799 1.05626 1.04813 1.03689 1.02696 1.01775 1.00863 1 0.991792 0.98504 0.9765 0.968279 0.959257 0.956715 0.950953 0.944537 0.943525 0.93382 0.929813 0.927983 0.927544 0.916662 0.921079 0.916123 0.914981 0.91004 0.912118 0.915592 0.910681 0.89784 0.904081 0.908446 0.913721 0.918418 0.91259 0.922833 0.938482 0.929294 0.92164 0.920287 0.924776 0.93317 0.952458 0.951055 0.929074 0.937501 0.945923 0.9917 0.976361 0.968439 0.984632 0.998292 0.999538 1.00834 1.00336 0.992753 1.01676 1.03323 
1.87309 1.86826 1.84701 1.80359 1.79271 1.76868 1.7224 1.71796 1.68189 1.68697 1.63474 1.61407 1.61663 1.59592 1.55238 1.51521 1.51582 1.48465 1.48955 1.45455 1.43085 1.42155 1.40167 1.38768 1.35756 1.34571 1.31574 1.30378 1.29847 1.27287 1.25185 1.24157 1.22513 1.20004 1.19149 1.17146 1.15274 1.14897 1.13643 1.11378 1.10263 1.09391 1.0824 1.07261 1.05953 1.05106 1.03859 1.02769 1.01725 1.00901 1 0.99137 0.982361 0.974212 0.96795 0.963241 0.957501 0.950572 0.948092 0.937731 0.938742 0.926318 0.925853 0.916461 0.91978 0.914125 0.921247 0.91499 0.913856 0.913175 0.906487 0.901995 0.907317 0.908917 0.919565 0.886913 0.90854 0.91161 0.904115 0.92571 0.912543 0.911584 0.905799 0.941436 0.915554 0.952045 0.953765 0.945114 0.941195 0.956406 0.964685 0.986669 0.945607 0.965545 0.976242 0.979056 1.00384 0.986993 1.03546 1.0267 1.06191 
1.92329 1.87042 1.84925 1.81794 1.8006 1.75844 1.74114 1.71309 1.69288 1.66068 1.66927 1.62924 1.56799 1.59339 1.57631 1.54396 1.53653 1.47967 1.46854 1.47046 1.4402 1.42021 1.39655 1.37952 1.37203 1.34501 1.3201 1.30966 1.292 1.2685 1.25233 1.22887 1.22537 1.20827 1.19525 1.17465 1.15908 1.14188 1.1352 1.12342 1.10899 1.09499 1.08157 1.06972 1.05896 1.05039 1.03758 1.02708 1.01868 1.00908 1 0.991118 0.983125 0.976517 0.968002 0.961283 0.956415 0.949126 0.943051 0.932961 0.934605 0.928062 0.926062 0.916226 0.919509 0.919666 0.910705 0.912433 0.90502 0.910014 0.910072 0.897474 0.903701 0.892823 0.913027 0.907993 0.908691 0.917988 0.918325 0.911412 0.912649 0.90907 0.91861 0.934747 0.927944 0.931264 0.930631 0.950916 0.934013 0.96396 0.969131 0.965977 0.981823 0.965847 1.00609 1.01186 1.00961 0.990326 1.01318 1.04733 1.02072 
1.91139 1.89337 1.86075 1.81104 1.78669 1.79254 1.74792 1.71726 1.70933 1.67866 1.64765 1.64031 1.58857 1.58528 1.56152 1.55181 1.51597 1.49684 1.49333 1.45096 1.44268 1.42255 1.39498 1.36545 1.36471 1.33609 1.32393 1.29902 1.28846 1.27657 1.24727 1.23331 1.22662 1.20846 1.1937 1.1789 1.16573 1.13781 1.13891 1.12165 1.10562 1.09695 1.08233 1.07456 1.05761 1.04979 1.03872 1.02696 1.01896 1.00873 1 0.990789 0.984565 0.976849 0.966887 0.960359 0.954295 0.950325 0.94146 0.933498 0.932152 0.929508 0.923918 0.925982 0.920613 0.920666 0.910052 0.90594 0.911242 0.905405 0.907243 0.90921 0.89921 0.901738 0.896192 0.907057 0.890956 0.90204 0.918265 0.908137 0.894284 0.917201 0.935858 0.923942 0.908657 0.94009 0.9031 0.93682 0.953701 0.96069 0.963448 0.928497 0.972993 0.950967 0.981064 0.979715 0.953414 0.990733 1.0125 1.02143 0.991384 
1.89456 1.88515 1.86505 1.85004 1.76281 1.76926 1.73811 1.72702 1.6915 1.67774 1.66109 1.63337 1.5956 1.59146 1.58335 1.5487 1.52797 1.49076 1.49092 1.4538 1.43824 1.41142 1.38597 1.37991 1.35648 1.35178 1.32496 1.31171 1.29445 1.26892 1.25783 1.24426 1.22083 1.20714 1.19088 1.18492 1.1663 1.14465 1.13303 1.12034 1.10983 1.10065 1.08534 1.07093 1.06306 1.05483 1.04197 1.02959 1.01921 1.00896 1 0.991497 0.982837 0.975617 0.967092 0.959355 0.951992 0.947629 0.939961 0.938659 0.933806 0.927405 0.924163 0.914664 0.913059 0.912328 0.905982 0.907026 0.916099 0.903529 0.89394 0.9013 0.897771 0.901535 0.896808 0.90772 0.900398 0.909564 0.904942 0.908099 0.899569 0.92419 0.917048 0.914075 0.918472 0.901 0.931303 0.945807 0.935425 0.957459 0.94044 0.952837 0.989103 0.957921 0.969902 0.965758 0.97187 1.00652 0.997771 1.02027 1.02331 
1.90984 1.8817 1.87166 1.82248 1.80697 1.77101 1.74985 1.7431 1.71694 1.6864 1.65721 1.64603 1.6141 1.6066 1.57783 1.56258 1.52783 1.52155 1.48697 1.46804 1.46236 1.42243 1.38565 1.39506 1.36759 1.3396 1.33254 1.30276 1.29512 1.27772 1.25641 1.24949 1.22173 1.20752 1.19482 1.18233 1.16981 1.14738 1.13688 1.12411 1.11495 1.09517 1.08296 1.07288 1.06575 1.05067 1.03984 1.02778 1.01929 1.00894 1 0.991388 0.982358 0.975372 0.966113 0.962082 0.952539 0.943641 0.939902 0.934848 0.936007 0.925266 0.918842 0.913389 0.914403 0.910571 0.906898 0.901143 0.897053 0.906248 0.896743 0.896804 0.896405 0.904115 0.901609 0.892811 0.893163 0.897409 0.901668 0.909265 0.889832 0.910601 0.904132 0.927665 0.915837 0.898156 0.932935 0.922466 0.946988 0.929904 0.92629 0.914867 0.922008 0.964617 0.965057 0.959387 0.981985 0.987774 0.997766 0.982234 0.96933 
1.89538 1.87224 1.87144 1.84076 1.79178 1.77165 1.77505 1.70344 1.69215 1.68129 1.66371 1.64794 1.62407 1.57964 1.59036 1.54552 1.52934 1.50274 1.47571 1.4678 1.44407 1.42877 1.40281 1.38507 1.36992 1.34031 1.32709 1.3102 1.29129 1.27964 1.27042 1.24571 1.22734 1.21235 1.20506 1.17381 1.1651 1.15104 1.13511 1.12399 1.10975 1.09865 1.0884 1.0777 1.0632 1.05166 1.04192 1.02898 1.01912 1.00875 1 0.990475 0.982322 0.974415 0.966594 0.959566 0.951914 0.943809 0.938185 0.939168 0.926158 0.928161 0.923681 0.924574 0.912814 0.908926 0.90321 0.904528 0.904128 0.905185 0.894022 0.899543 0.895578 0.905126 0.90016 0.892038 0.872582 0.912183 0.890295 0.911666 0.906841 0.906184 0.895423 0.898254 0.892295 0.916241 0.932553 0.934903 0.936036 0.944515 0.927819 0.942061 0.958116 0.946508 0.959923 0.956508 0.979254 0.980555 0.975265 0.998013 0.986912 
1.92211 1.87463 1.85795 1.84313 1.79715 1.76821 1.76875 1.74304 1.7193 1.68821 1.66396 1.65103 1.62169 1.58615 1.58567 1.54561 1.53502 1.51759 1.48353 1.46974 1.43169 1.43111 1.41142 1.39764 1.38263 1.3491 1.34475 1.32313 1.29045 1.27905 1.25945 1.24259 1.22872 1.20908 1.19772 1.1883 1.16766 1.15272 1.13533 1.1324 1.10693 1.09899 1.08597 1.07081 1.05869 1.05299 1.03931 1.02914 1.01929 1.00909 1 0.990884 0.981912 0.975349 0.96715 0.96002 0.954216 0.944532 0.937822 0.936713 0.930337 0.917189 0.920025 0.912934 0.906922 0.91278 0.900467 0.900958 0.896334 0.909296 0.901477 0.90043 0.88185 0.894201 0.897557 0.888812 0.893139 0.894728 0.900371 0.88358 0.883208 0.902625 0.892143 0.907154 0.922053 0.917213 0.895999 0.922274 0.924787 0.939796 0.927676 0.953018 0.9548 0.940145 0.933913 0.950713 0.960925 0.975894 0.961889 0.99213 1.00613 
1.94194 1.88263 1.85843 1.84023 1.81081 1.81689 1.77359 1.75337 1.70648 1.67921 1.68275 1.65539 1.63945 1.61236 1.57097 1.55898 1.54671 1.52088 1.48819 1.47508 1.45531 1.43711 1.40951 1.38981 1.36732 1.36327 1.32844 1.32735 1.28794 1.28919 1.26348 1.25428 1.23152 1.21714 1.20209 1.17827 1.16919 1.15039 1.13996 1.12279 1.10868 1.10116 1.08929 1.07725 1.06217 1.05105 1.04098 1.02942 1.02027 1.00961 1 0.991017 0.981931 0.974255 0.965534 0.957929 0.95223 0.943561 0.938495 0.928329 0.930296 0.920889 0.927517 0.91811 0.907391 0.910276 0.898616 0.901055 0.897775 0.894422 0.899886 0.901253 0.892809 0.880023 0.893925 0.883592 0.887846 0.897941 0.893296 0.876306 0.922894 0.899949 0.900329 0.917527 0.911362 0.920746 0.914485 0.917572 0.898926 0.933374 0.938698 0.959936 0.936543 0.942364 0.954338 0.935427 0.958427 0.959715 0.96291 0.991097 0.999124 
1.90408 1.91414 1.86982 1.8567 1.82171 1.80965 1.7822 1.7345 1.71339 1.6768 1.68883 1.65087 1.61632 1.60769 1.5751 1.56901 1.55092 1.52845 1.49518 1.4699 1.45668 1.44714 1.41442 1.40703 1.37932 1.34542 1.34019 1.31149 1.29356 1.28795 1.26859 1.24622 1.22325 1.21519 1.20349 1.18276 1.17129 1.15126 1.14028 1.12506 1.11338 1.10376 1.08908 1.07663 1.06407 1.05014 1.04131 1.03094 1.02129 1.00857 1 0.991159 0.981597 0.973784 0.966707 0.956748 0.95171 0.943343 0.943285 0.931164 0.923179 0.922721 0.914416 0.917489 0.907799 0.905052 0.90119 0.894839 0.893434 0.903846 0.901886 0.887805 0.886421 0.888162 0.881119 0.862578 0.880894 0.875493 0.890206 0.904374 0.901736 0.899309 0.902412 0.876748 0.903602 0.894715 0.911874 0.886471 0.911571 0.943368 0.903131 0.938436 0.936144 0.932328 0.96614 0.937253 0.934051 0.962618 0.972729 0.979558 0.980238 
1.93278 1.90806 1.85402 1.83718 1.82599 1.80315 1.79671 1.75192 1.7261 1.70162 1.69174 1.6459 1.64075 1.61976 1.59017 1.56193 1.5438 1.52797 1.48851 1.4681 1.45334 1.42846 1.42278 1.38609 1.38696 1.35765 1.33854 1.31691 1.30285 1.28306 1.27744 1.25703 1.24152 1.21597 1.1987 1.17896 1.1767 1.15713 1.13545 1.12758 1.11384 1.10503 1.08457 1.07435 1.064 1.05484 1.04123 1.03029 1.01873 1.00988 1 0.990626 0.981472 0.972653 0.963158 0.955936 0.949661 0.940567 0.937084 0.929049 0.920043 0.923666 0.912504 0.911457 0.902925 0.906328 0.898505 0.896913 0.897583 0.892774 0.895368 0.890301 0.884269 0.893495 0.883048 0.891144 0.879541 0.897567 0.901696 0.89864 0.896652 0.889562 0.909115 0.898158 0.90869 0.901177 0.906541 0.911442 0.90861 0.914936 0.907543 0.905201 0.911476 0.917767 0.941985 0.933454 0.957638 0.954462 0.977975 0.982257 0.982218 
1.93384 1.89924 1.88261 1.86619 1.81343 1.78083 1.78619 1.74133 1.7349 1.68571 1.67693 1.66208 1.62265 1.62052 1.5836 1.57874 1.54879 1.5123 1.50624 1.49611 1.45371 1.43725 1.42724 1.41426 1.37184 1.36695 1.34238 1.32464 1.31246 1.28172 1.26141 1.25298 1.23317 1.22086 1.20446 1.18993 1.18212 1.16267 1.14477 1.12463 1.11153 1.10352 1.09 1.07766 1.06192 1.05321 1.04537 1.03106 1.01977 1.00978 1 0.990786 0.981493 0.9737 0.964681 0.958069 0.952425 0.941919 0.938279 0.930276 0.931107 0.918304 0.913079 0.908858 0.909287 0.895878 0.900966 0.887881 0.893208 0.877363 0.883099 0.884719 0.882579 0.888452 0.880604 0.886172 0.885939 0.878299 0.895496 0.886619 0.889046 0.905047 0.897177 0.895118 0.895831 0.900271 0.887868 0.92276 0.906974 0.926275 0.918264 0.904997 0.907032 0.9217 0.949477 0.964407 0.961373 0.95862 0.977953 0.990048 0.989235 
