2.56549 2.45832 2.46412 2.43274 2.39767 2.32629 2.29064 2.24391 2.19953 2.15788 2.10599 2.11451 2.05599 1.96939 2.01651 1.90179 1.84641 1.84155 1.79284 1.75706 1.7309 1.70324 1.63267 1.63466 1.60658 1.49179 1.54591 1.41274 1.42189 1.39803 1.36827 1.30949 1.30741 1.26457 1.24518 1.20642 1.18274 1.15484 1.12179 1.10819 1.12012 1.07659 1.05722 1.05385 1.0381 1.0267 1.0201 1.01178 1.0039 1.00172 1 1.001 1.00444 1.01367 1.0185 1.02374 1.03232 1.05116 1.06832 1.07848 1.09516 1.13986 1.13719 1.17489 1.19595 1.21695 1.24392 1.27147 1.28892 1.32798 1.33577 1.40203 1.40964 1.42368 1.47999 1.54896 1.58172 1.62468 1.63582 1.65617 1.68246 1.72924 1.77688 1.846 1.90276 1.87777 1.90917 1.99303 1.98287 2.02209 2.08466 2.1508 2.2465 2.21231 2.32779 2.32307 2.31297 2.3898 2.46377 2.52098 2.56363 
2.5345 2.47233 2.45189 2.49582 2.3463 2.32929 2.31323 2.20567 2.18867 2.13595 2.13611 2.08805 2.08894 2.06495 2.02234 1.94622 1.87551 1.83786 1.80534 1.7736 1.71366 1.68964 1.66046 1.59114 1.55808 1.56641 1.55487 1.39045 1.38419 1.36906 1.37913 1.3228 1.30932 1.26705 1.24816 1.19043 1.21037 1.1742 1.13138 1.12397 1.10572 1.09431 1.06485 1.04099 1.03174 1.02792 1.01255 1.01178 1.00337 0.999902 1 1.00067 1.00405 1.0031 1.0181 1.02782 1.03427 1.05086 1.05713 1.07561 1.10298 1.1259 1.13761 1.16089 1.18087 1.21956 1.24303 1.26994 1.28088 1.32176 1.37757 1.38531 1.42506 1.47682 1.51332 1.53545 1.57545 1.59791 1.66352 1.73878 1.73552 1.74685 1.78382 1.82936 1.86955 1.93393 1.96101 2.00296 2.01617 2.12179 2.16043 2.16342 2.23231 2.26644 2.27901 2.31086 2.36667 2.43296 2.46623 2.51331 2.56606 
2.54262 2.5055 2.53844 2.41358 2.35983 2.40894 2.32581 2.25117 2.16635 2.15239 2.11342 2.07254 2.02458 1.9591 2.04164 1.9009 1.87112 1.87062 1.86179 1.74236 1.6926 1.65958 1.62388 1.68338 1.61602 1.5371 1.49127 1.44404 1.44111 1.39906 1.36353 1.32627 1.29159 1.27493 1.25367 1.20384 1.20774 1.16427 1.17267 1.10508 1.1049 1.07915 1.07095 1.04578 1.04409 1.02641 1.01769 1.00943 1.0063 0.999733 1 0.999588 1.00601 1.0087 1.0126 1.03234 1.03843 1.05249 1.06626 1.08167 1.09601 1.12021 1.15273 1.1713 1.19681 1.21615 1.24068 1.25096 1.31415 1.32073 1.34901 1.38705 1.42542 1.45942 1.51649 1.51211 1.58838 1.6265 1.63133 1.67094 1.70794 1.71226 1.78672 1.84976 1.90494 1.89695 1.9951 2.02707 2.01788 2.1126 2.13291 2.19486 2.22291 2.23776 2.3166 2.29148 2.40577 2.40542 2.44842 2.48046 2.50706 
2.54351 2.47466 2.39039 2.38713 2.36589 2.4002 2.29117 2.26364 2.15986 2.13767 2.12595 2.08585 2.04319 1.95574 1.90395 1.87257 1.87449 1.85069 1.81799 1.73109 1.76262 1.67117 1.62936 1.61354 1.58442 1.54673 1.48098 1.42906 1.44927 1.38903 1.36628 1.31965 1.30472 1.2895 1.25471 1.21887 1.16847 1.17052 1.11609 1.12446 1.09284 1.10038 1.06686 1.0579 1.04271 1.02316 1.01436 1.01299 1.00405 0.999438 1 1.0005 1.00391 1.00998 1.02167 1.02119 1.03307 1.05397 1.07148 1.06659 1.08545 1.1254 1.12549 1.16457 1.2116 1.22321 1.23956 1.25839 1.28933 1.31534 1.35045 1.37885 1.41343 1.48853 1.48852 1.49564 1.54396 1.6115 1.66847 1.67725 1.7181 1.73293 1.8198 1.83343 1.83911 1.93924 1.94629 1.97061 2.00672 2.05582 2.1175 2.21092 2.24373 2.24267 2.28827 2.35861 2.44133 2.43556 2.4855 2.50695 2.5371 
2.50031 2.52551 2.554 2.48764 2.39949 2.37584 2.28888 2.29554 2.20844 2.2281 2.10892 2.05535 2.02173 2.00312 1.95826 1.89569 1.92323 1.85169 1.76198 1.76214 1.68472 1.67445 1.63484 1.62078 1.51326 1.54353 1.54603 1.50176 1.40775 1.40399 1.37613 1.31577 1.33312 1.25692 1.24141 1.22261 1.20388 1.18669 1.16031 1.1109 1.10427 1.08656 1.06026 1.04445 1.04532 1.02353 1.02136 1.00964 1.00472 1.00094 1 1.00134 1.00447 1.00781 1.01889 1.02698 1.04062 1.05637 1.05444 1.07399 1.10272 1.1369 1.14841 1.16641 1.18902 1.2102 1.25303 1.27271 1.29359 1.30893 1.34495 1.39719 1.39434 1.44273 1.49944 1.53899 1.56569 1.65233 1.60145 1.69315 1.73795 1.75446 1.82892 1.86223 1.87677 1.88154 1.90739 1.98599 2.08005 2.09569 2.12981 2.14205 2.22149 2.26099 2.28751 2.34653 2.39354 2.39906 2.51398 2.54731 2.54719 
2.52099 2.44732 2.40301 2.47227 2.36844 2.30115 2.36563 2.24504 2.17726 2.20639 2.07345 2.08774 2.04127 1.9127 1.9264 1.87583 1.87589 1.85487 1.85074 1.80749 1.66894 1.63961 1.57013 1.58699 1.5534 1.53154 1.48174 1.46802 1.42532 1.39901 1.36017 1.34487 1.32862 1.27224 1.25227 1.23986 1.1643 1.13379 1.14324 1.12657 1.09768 1.07736 1.04569 1.04337 1.04572 1.02205 1.01419 1.00976 1.00452 1.0017 1 1.00104 1.00618 1.01169 1.02021 1.02467 1.03513 1.04926 1.06444 1.08809 1.09544 1.13177 1.15091 1.17014 1.1694 1.21577 1.24245 1.25861 1.33486 1.32374 1.35233 1.38764 1.44992 1.50265 1.50372 1.53589 1.57841 1.60757 1.64992 1.69806 1.72725 1.76477 1.79011 1.84897 1.89139 1.91853 1.96103 1.94532 2.03023 2.06524 2.10357 2.13785 2.23246 2.28412 2.2508 2.35709 2.39395 2.44791 2.41612 2.5651 2.54786 
2.53042 2.49882 2.3846 2.42397 2.38497 2.31732 2.29609 2.29093 2.24432 2.17058 2.06993 1.96263 2.0317 1.93827 2.00344 1.92087 1.89308 1.83976 1.77365 1.73964 1.72177 1.67476 1.69595 1.61897 1.54449 1.52865 1.48214 1.49566 1.38514 1.38558 1.3472 1.32365 1.27262 1.25759 1.25537 1.21298 1.18559 1.15299 1.1595 1.12898 1.11425 1.07871 1.05952 1.04204 1.04323 1.02263 1.02015 1.01115 1.00227 1.00125 1 1.00011 1.00573 1.0107 1.01295 1.0221 1.03968 1.05303 1.07131 1.07353 1.10313 1.12428 1.15146 1.16575 1.20167 1.19867 1.24279 1.25458 1.28688 1.35433 1.36001 1.40866 1.39364 1.45431 1.51688 1.54835 1.54032 1.62807 1.62735 1.67073 1.68084 1.77972 1.77883 1.8085 1.87871 1.90653 1.96268 1.98267 2.03257 2.06748 2.19484 2.16906 2.19704 2.2826 2.33156 2.40102 2.41831 2.43441 2.44541 2.55927 2.4928 
2.57364 2.46905 2.36487 2.50329 2.39357 2.30294 2.22899 2.27399 2.26368 2.08801 2.14633 2.07426 2.04509 1.90849 1.99432 1.92635 1.90759 1.88424 1.78151 1.73676 1.7234 1.72228 1.64893 1.56891 1.55343 1.52107 1.48844 1.43091 1.39988 1.39972 1.34087 1.33768 1.27706 1.27444 1.23688 1.23767 1.18084 1.17345 1.14656 1.11537 1.10812 1.07847 1.06711 1.06206 1.04359 1.01927 1.01467 1.0084 1.00791 1.00131 1 1.00178 1.00387 1.01038 1.02122 1.02188 1.03435 1.05446 1.06664 1.07496 1.10371 1.11972 1.12421 1.15403 1.18544 1.22084 1.23545 1.27219 1.30595 1.31883 1.36188 1.34317 1.43866 1.43001 1.51712 1.5316 1.58401 1.58396 1.69897 1.66972 1.70775 1.74819 1.76181 1.82563 1.87951 1.93059 1.99781 1.99004 2.06907 2.08625 2.11504 2.16844 2.16125 2.24539 2.3648 2.37595 2.35915 2.37484 2.45572 2.46757 2.5404 
2.48953 2.57473 2.47015 2.41477 2.41067 2.36459 2.22 2.24562 2.21454 2.13765 2.1222 2.10964 2.0449 1.98693 1.99374 1.90027 1.92499 1.79373 1.81093 1.81723 1.71283 1.65538 1.67296 1.59687 1.54593 1.54767 1.45567 1.45733 1.44087 1.36311 1.35358 1.33685 1.29764 1.30027 1.24309 1.21791 1.17816 1.14495 1.12622 1.10835 1.1044 1.06521 1.07046 1.03925 1.03618 1.02542 1.01295 1.01424 1.00624 1.00114 1 1.00021 1.00425 1.00826 1.01977 1.01636 1.04148 1.05948 1.06927 1.08363 1.10007 1.12716 1.13569 1.16449 1.19734 1.20315 1.24738 1.26036 1.2976 1.35463 1.37229 1.40054 1.41537 1.4473 1.52267 1.50627 1.5494 1.58759 1.63772 1.68692 1.70044 1.73756 1.80115 1.81984 1.83977 1.91676 1.96065 2.00708 2.01984 2.06951 2.11528 2.21033 2.18903 2.22569 2.27272 2.36045 2.40698 2.44879 2.46079 2.50907 2.50959 
2.46271 2.54195 2.44473 2.40478 2.37804 2.36995 2.26837 2.23845 2.16147 2.05675 2.07366 2.11054 2.05192 2.01023 1.98153 1.94601 1.85812 1.88166 1.77749 1.73317 1.74355 1.69375 1.6589 1.59073 1.54528 1.49567 1.51888 1.46078 1.45863 1.39543 1.34222 1.31862 1.29201 1.25344 1.25622 1.20829 1.19162 1.16247 1.14557 1.11387 1.101 1.09286 1.06209 1.04843 1.0388 1.02493 1.01363 1.00762 1.00591 0.999883 1 1.00096 1.00389 1.01023 1.01675 1.01815 1.04032 1.05118 1.06853 1.08582 1.10705 1.11415 1.1335 1.1643 1.17061 1.21292 1.23128 1.26633 1.28112 1.33614 1.37487 1.40647 1.43689 1.48785 1.53143 1.52754 1.56205 1.57312 1.66009 1.67776 1.72707 1.7599 1.78449 1.79965 1.86501 1.91603 1.92541 2.07416 2.01196 2.07762 2.14371 2.15664 2.20456 2.2237 2.30464 2.33351 2.36853 2.38097 2.47537 2.55303 2.55454 
2.58301 2.44783 2.47383 2.48073 2.36843 2.33397 2.18959 2.27651 2.28176 2.2164 2.15589 2.04984 1.95666 1.99841 1.92604 1.9487 1.87735 1.82928 1.83923 1.75081 1.72682 1.69751 1.63541 1.59164 1.56311 1.52565 1.54311 1.47868 1.39244 1.40505 1.34856 1.31263 1.29433 1.29872 1.24149 1.23987 1.20088 1.16441 1.16805 1.13504 1.10456 1.07629 1.05246 1.05939 1.04442 1.02373 1.02062 1.01057 1.00348 1.00052 1 1.00198 1.00305 1.01362 1.01314 1.02749 1.03312 1.04409 1.06237 1.07482 1.1061 1.0978 1.11709 1.16906 1.18739 1.20051 1.25287 1.25423 1.2733 1.34065 1.35946 1.39028 1.41505 1.43199 1.48766 1.56028 1.55885 1.6169 1.64834 1.66761 1.73343 1.77617 1.82171 1.81701 1.9014 1.88764 1.8995 1.98516 2.0507 2.10487 2.13482 2.15832 2.23963 2.2265 2.2644 2.36518 2.30898 2.44886 2.44983 2.52652 2.58718 
2.55501 2.4927 2.45509 2.34253 2.33617 2.27928 2.32651 2.25839 2.13875 2.13508 2.12176 2.13414 2.03755 1.98928 2.01136 1.94435 1.82503 1.83597 1.77454 1.82458 1.72493 1.61098 1.67975 1.59477 1.57329 1.56387 1.52225 1.46429 1.4485 1.40792 1.35534 1.33108 1.28695 1.23433 1.24437 1.18362 1.18025 1.15296 1.12803 1.11796 1.10355 1.08028 1.05315 1.05025 1.04093 1.02898 1.0189 1.01434 1.0031 1.00197 1 1.00051 1.00422 1.00985 1.01521 1.02583 1.04225 1.04438 1.06984 1.08016 1.09744 1.11419 1.14876 1.16852 1.1671 1.20862 1.2672 1.26724 1.30187 1.31257 1.37005 1.39836 1.43059 1.46072 1.48987 1.49899 1.55135 1.57372 1.63256 1.69954 1.67049 1.76615 1.80168 1.8297 1.88916 1.92828 1.92055 2.01296 2.05666 2.08882 2.10389 2.10664 2.22111 2.23462 2.25251 2.31829 2.34473 2.43232 2.51741 2.52304 2.53455 
2.61815 2.5251 2.53871 2.42127 2.37893 2.2916 2.29138 2.2523 2.22078 2.17226 2.11539 2.05495 2.02778 1.99931 1.97225 1.93164 1.79363 1.78104 1.79186 1.73675 1.72902 1.68009 1.63744 1.62214 1.58397 1.53399 1.49584 1.46417 1.4295 1.37752 1.36993 1.31669 1.28674 1.27419 1.25755 1.21779 1.22257 1.16935 1.13526 1.13295 1.08897 1.09448 1.06291 1.05499 1.0534 1.01672 1.0205 1.0097 1.00825 1.00218 1 1.00283 1.00367 1.01268 1.01879 1.02358 1.04455 1.04904 1.06988 1.08158 1.09045 1.12887 1.13858 1.16547 1.16166 1.22098 1.25821 1.27448 1.28311 1.32057 1.33838 1.39268 1.42929 1.45353 1.48899 1.49492 1.58353 1.61888 1.62955 1.72612 1.72834 1.75659 1.76191 1.83918 1.90444 1.96315 1.89277 1.99785 2.00124 2.02756 2.09243 2.14372 2.22017 2.23322 2.32267 2.33531 2.38065 2.45705 2.44015 2.44072 2.52853 
2.56483 2.53859 2.39017 2.42141 2.38492 2.28804 2.29157 2.18461 2.16507 2.19933 2.07997 2.07269 2.04555 1.93877 1.98749 1.97148 1.86204 1.83502 1.77583 1.72004 1.6778 1.68015 1.59878 1.57758 1.57555 1.53959 1.51497 1.50743 1.38371 1.40576 1.35804 1.341 1.33976 1.2911 1.23268 1.19534 1.18308 1.18989 1.15307 1.12824 1.09045 1.07258 1.06088 1.049 1.02984 1.02626 1.01126 1.01274 1.00393 1.00112 1 1.00007 1.0029 1.01419 1.01862 1.0259 1.0371 1.05367 1.05896 1.07012 1.11389 1.14378 1.13552 1.16408 1.17847 1.21871 1.24913 1.26475 1.30077 1.34429 1.38163 1.42341 1.43751 1.46565 1.49162 1.53171 1.56276 1.62901 1.66414 1.71763 1.69112 1.75596 1.79232 1.81066 1.88432 1.93084 1.95471 2.00103 2.13053 2.10466 2.14841 2.1817 2.16451 2.25653 2.31637 2.34987 2.34053 2.44756 2.48307 2.49336 2.57062 
2.59501 2.58872 2.44916 2.39655 2.32892 2.29094 2.30988 2.27122 2.15837 2.15593 2.04908 2.09291 2.02962 2.05019 1.87993 1.92505 1.88863 1.85503 1.7683 1.73093 1.72714 1.68044 1.71828 1.59495 1.59517 1.51159 1.48485 1.44729 1.41252 1.36694 1.37118 1.34357 1.32745 1.25751 1.24775 1.21169 1.18183 1.14938 1.1451 1.11796 1.11186 1.07141 1.07076 1.04747 1.03031 1.02447 1.01192 1.00781 0.999906 1.00035 1 1.00151 1.00397 1.00825 1.02111 1.03033 1.02784 1.04588 1.0647 1.07856 1.10377 1.13354 1.12857 1.16442 1.18665 1.20815 1.25305 1.27218 1.31594 1.31948 1.36578 1.38693 1.43536 1.44397 1.4914 1.51804 1.55529 1.62186 1.59523 1.67149 1.70409 1.74583 1.80588 1.82849 1.87929 1.92935 1.95156 1.97122 2.05881 2.05795 2.09172 2.19585 2.16871 2.30429 2.26964 2.32724 2.4104 2.43043 2.51777 2.54251 2.52631 
2.64607 2.48486 2.44873 2.40886 2.42372 2.28879 2.27379 2.14209 2.20171 2.19473 2.16766 2.04907 2.01568 1.98066 1.96234 1.93415 1.86961 1.82763 1.81528 1.72083 1.67219 1.65501 1.65411 1.54405 1.57823 1.52147 1.52085 1.43263 1.4162 1.38335 1.35357 1.31771 1.28634 1.27105 1.21678 1.22464 1.18394 1.15803 1.12655 1.13874 1.09576 1.09119 1.06478 1.05446 1.04381 1.02425 1.01054 1.00662 1.00485 1.00068 1 0.99996 1.00335 1.00508 1.01729 1.02977 1.03784 1.05045 1.05703 1.07439 1.10562 1.11724 1.15886 1.16372 1.19581 1.2155 1.25559 1.26104 1.32819 1.34079 1.34534 1.36037 1.45057 1.44302 1.49138 1.53462 1.58078 1.60278 1.62927 1.71173 1.72068 1.73075 1.79961 1.80595 1.86751 1.97116 1.97213 2.00994 2.06335 2.0509 2.12914 2.12332 2.18531 2.21333 2.25013 2.35299 2.3486 2.43972 2.51403 2.53517 2.55843 
2.52369 2.51432 2.44878 2.36346 2.36349 2.3479 2.37366 2.30175 2.16627 2.17479 2.19955 2.07116 2.11349 1.96698 1.9474 1.91363 1.87735 1.86254 1.80816 1.72916 1.7304 1.65373 1.65864 1.62122 1.5864 1.49751 1.47559 1.41672 1.46913 1.35114 1.33327 1.32181 1.30982 1.26357 1.24174 1.19444 1.19923 1.17026 1.15126 1.12404 1.11105 1.08192 1.0711 1.05377 1.04103 1.02449 1.01441 1.00365 1.00421 1.0005 1 1.00096 1.00465 1.00999 1.01731 1.02721 1.04238 1.0528 1.06332 1.07857 1.09735 1.12297 1.14377 1.16211 1.2026 1.20071 1.2405 1.29324 1.30469 1.31136 1.36629 1.38432 1.41307 1.46421 1.49863 1.54171 1.54006 1.60929 1.61043 1.68712 1.72365 1.74822 1.82263 1.8292 1.85615 1.90759 1.93007 1.98561 2.06178 2.07244 2.08279 2.12197 2.16225 2.2368 2.30862 2.31212 2.37991 2.38022 2.43745 2.44604 2.55936 
2.59281 2.54336 2.42622 2.48309 2.28592 2.31752 2.30929 2.17877 2.1929 2.24044 2.16195 2.07209 2.04607 2.03223 1.917 1.91182 1.88278 1.86666 1.80737 1.75108 1.70849 1.74028 1.65854 1.61052 1.58732 1.52913 1.55941 1.43273 1.45029 1.40466 1.37056 1.32904 1.30119 1.28817 1.24634 1.22173 1.17475 1.15379 1.14526 1.12042 1.08544 1.08569 1.05835 1.04713 1.04086 1.02505 1.01596 1.01237 1.00165 0.99983 1 1.00082 1.00107 1.00657 1.01713 1.02557 1.03961 1.04962 1.06138 1.08945 1.11331 1.12718 1.14052 1.16906 1.18909 1.20357 1.23216 1.28187 1.30566 1.35778 1.34953 1.40688 1.42041 1.43519 1.47641 1.53833 1.54132 1.60141 1.6454 1.6727 1.69806 1.73914 1.76103 1.83463 1.83314 1.89224 1.96787 2.0113 2.06575 2.06411 2.11769 2.17662 2.21036 2.26314 2.28426 2.27686 2.35861 2.37485 2.41893 2.47056 2.62607 
2.57008 2.50854 2.49793 2.42753 2.36506 2.37172 2.30854 2.22978 2.24549 2.11172 2.1229 2.01798 2.07836 1.94255 1.96892 1.92868 1.85936 1.8593 1.80431 1.70153 1.71299 1.65225 1.64826 1.62495 1.57931 1.52728 1.50934 1.45092 1.42608 1.36531 1.33742 1.32988 1.31309 1.27072 1.25467 1.20304 1.20531 1.15803 1.13304 1.10649 1.10047 1.06956 1.06419 1.05736 1.03549 1.02652 1.02257 1.01161 1.00607 0.999776 1 1.00205 1.0048 1.01072 1.01639 1.02865 1.04797 1.05131 1.07321 1.10284 1.10406 1.12097 1.16482 1.15114 1.16469 1.21073 1.24788 1.27028 1.31134 1.31601 1.36074 1.39945 1.42692 1.46745 1.50973 1.50857 1.58518 1.58342 1.67369 1.68813 1.71875 1.74168 1.80179 1.8145 1.87891 1.94228 1.97646 2.02084 2.03007 2.07368 2.09053 2.1772 2.1858 2.23386 2.31894 2.34911 2.3793 2.48172 2.45309 2.50795 2.51969 
2.59861 2.5885 2.34339 2.37479 2.36796 2.31753 2.29254 2.21239 2.17212 2.21403 2.15168 2.11151 1.95657 2.04165 1.98401 1.92585 1.85649 1.86033 1.78587 1.7701 1.65732 1.63635 1.68968 1.56783 1.56317 1.4898 1.47832 1.45982 1.42735 1.38962 1.38454 1.30282 1.32498 1.26128 1.22718 1.19942 1.18736 1.17143 1.15576 1.10975 1.10965 1.09489 1.07401 1.04584 1.03609 1.03525 1.01381 1.01006 1.00297 1.00088 1 1.00155 0.999681 1.01004 1.02011 1.02951 1.03793 1.05351 1.07457 1.0777 1.07977 1.11965 1.14395 1.17117 1.17566 1.21495 1.25321 1.26459 1.31827 1.3312 1.38502 1.39878 1.40888 1.46536 1.53117 1.51735 1.55923 1.61029 1.65354 1.69373 1.70216 1.73597 1.80252 1.82881 1.89014 1.88779 1.94806 1.97748 2.02104 2.05235 2.13074 2.15912 2.23526 2.21574 2.31007 2.33247 2.44511 2.35701 2.4484 2.53016 2.60598 
2.46061 2.52147 2.45402 2.48839 2.48067 2.37066 2.2919 2.31679 2.28406 2.18901 2.08761 2.13251 2.02854 1.96051 1.94882 1.92196 1.86602 1.89641 1.78985 1.76278 1.72577 1.65384 1.6138 1.57518 1.54333 1.5529 1.48244 1.459 1.38684 1.41091 1.36971 1.34934 1.26757 1.26747 1.25054 1.22965 1.18178 1.15199 1.15753 1.11557 1.07348 1.07971 1.04752 1.04293 1.03331 1.02708 1.01902 1.01138 1.00367 1.00046 1 1.00027 1.00482 1.00615 1.01801 1.02661 1.03242 1.04865 1.06424 1.09164 1.10318 1.1298 1.13307 1.15675 1.18812 1.21633 1.24649 1.27359 1.27565 1.33445 1.36927 1.37057 1.44293 1.46235 1.494 1.54152 1.59872 1.59888 1.63198 1.65619 1.70144 1.75719 1.7791 1.86053 1.86064 1.92732 1.93661 1.96413 2.02539 2.08889 2.12257 2.16859 2.17733 2.23248 2.2557 2.30761 2.38395 2.42198 2.51631 2.48137 2.57858 
2.51006 2.47188 2.4194 2.45159 2.40535 2.30363 2.27287 2.23124 2.19676 2.16057 2.15134 2.0425 1.95565 1.9747 1.9574 1.93151 1.8363 1.84495 1.7926 1.78589 1.71521 1.69302 1.66503 1.58748 1.52867 1.52581 1.49082 1.47122 1.45032 1.40243 1.33908 1.35605 1.27721 1.25675 1.26027 1.23284 1.18448 1.15836 1.14636 1.12527 1.10174 1.08503 1.06643 1.06365 1.0376 1.02592 1.01948 1.01099 1.00278 1.00192 1 1.00129 1.00453 1.01157 1.01362 1.0238 1.03999 1.0377 1.06841 1.08316 1.1213 1.12373 1.14045 1.16938 1.21079 1.20131 1.21955 1.27365 1.30358 1.34846 1.36988 1.38158 1.44598 1.47014 1.47803 1.55959 1.56136 1.59917 1.6377 1.66474 1.70091 1.76253 1.78492 1.88175 1.84375 1.94212 1.92883 2.01254 2.02684 2.09454 2.1574 2.08912 2.16507 2.22737 2.30834 2.34231 2.39932 2.45538 2.48084 2.51102 2.52107 
2.51682 2.50096 2.46687 2.4639 2.40193 2.39856 2.32718 2.27182 2.18248 2.20309 2.08144 1.97577 2.01823 1.98004 1.96933 1.94777 1.82744 1.84756 1.80338 1.69385 1.77576 1.69365 1.68629 1.59284 1.60289 1.55648 1.51962 1.50175 1.40459 1.38632 1.36101 1.3295 1.31962 1.26636 1.23318 1.23625 1.19202 1.15898 1.14694 1.11883 1.09857 1.06878 1.07323 1.05821 1.03336 1.02767 1.01534 1.00889 1.00411 1.0002 1 0.999871 1.00259 1.00695 1.01977 1.02507 1.04091 1.04948 1.05728 1.07263 1.0966 1.11528 1.15014 1.14197 1.17849 1.21146 1.24949 1.27368 1.30346 1.35221 1.34634 1.39608 1.42008 1.46879 1.487 1.49231 1.58497 1.61177 1.66239 1.683 1.68503 1.79536 1.7679 1.81693 1.86878 1.85551 1.98948 2.01302 2.00764 2.1261 2.13345 2.14802 2.18227 2.24637 2.24526 2.25127 2.38488 2.48333 2.49314 2.50214 2.55893 
2.53115 2.57135 2.54224 2.43043 2.34969 2.34262 2.23909 2.18158 2.21335 2.1921 2.15103 2.07147 2.07806 2.016 1.89365 1.8685 1.87034 1.80915 1.77417 1.75562 1.75832 1.72686 1.62832 1.61956 1.56645 1.55947 1.53803 1.51282 1.43471 1.39821 1.37657 1.2798 1.27287 1.26328 1.23032 1.2246 1.19085 1.16296 1.15013 1.12866 1.09457 1.08069 1.05861 1.05179 1.03265 1.02396 1.0181 1.01385 1.00086 1.00199 1 1.00166 1.00164 1.00597 1.0129 1.02673 1.03856 1.05618 1.07603 1.07482 1.11683 1.11747 1.15446 1.16611 1.19624 1.21747 1.24047 1.25823 1.28367 1.34422 1.35261 1.37656 1.43638 1.46657 1.48458 1.55489 1.55832 1.60243 1.66607 1.70307 1.68386 1.72715 1.76521 1.8395 1.88136 1.85257 1.95967 2.00533 2.04748 2.08936 2.11591 2.1905 2.18924 2.27075 2.28404 2.33256 2.34594 2.41665 2.47565 2.49668 2.53601 
2.56953 2.46008 2.42 2.33209 2.36511 2.28565 2.27636 2.24059 2.19849 2.15296 2.15982 2.0419 2.01924 2.03798 1.91152 1.95196 1.85357 1.86758 1.73813 1.75888 1.72038 1.64687 1.64935 1.59483 1.56318 1.52425 1.45962 1.4802 1.43084 1.38384 1.35654 1.30752 1.30137 1.28071 1.2424 1.22729 1.18455 1.15944 1.13819 1.12422 1.10577 1.0747 1.06222 1.04218 1.03285 1.02523 1.01261 1.00907 1.00373 1.00072 1 1.00048 1.00197 1.00702 1.01303 1.02438 1.0281 1.04533 1.06211 1.09384 1.10002 1.13502 1.14556 1.16097 1.16064 1.22851 1.24461 1.2631 1.27995 1.33895 1.35395 1.37218 1.40552 1.45773 1.4919 1.517 1.56202 1.6078 1.64045 1.65999 1.71024 1.76144 1.7959 1.78289 1.87322 1.91899 1.97052 2.00212 1.9836 2.11634 2.14922 2.19781 2.16958 2.27104 2.30569 2.37502 2.35683 2.4615 2.46226 2.44565 2.56263 
2.49635 2.56455 2.38218 2.4208 2.33344 2.2744 2.25049 2.30571 2.18804 2.17628 2.09723 2.12179 1.99935 2.02023 1.93014 1.90388 1.87348 1.77709 1.75295 1.74925 1.70006 1.6689 1.63743 1.6338 1.5628 1.53233 1.45309 1.47351 1.45681 1.40561 1.37071 1.33435 1.30907 1.24873 1.2387 1.21115 1.17248 1.16359 1.15813 1.13713 1.1146 1.08493 1.06362 1.05036 1.03416 1.03581 1.01556 1.00771 1.0039 1.00274 1 0.999996 1.00227 1.00993 1.01564 1.02305 1.04996 1.05254 1.06438 1.07644 1.10637 1.11311 1.14578 1.15237 1.18395 1.2191 1.25696 1.2688 1.32085 1.35658 1.34813 1.3846 1.41752 1.46962 1.50262 1.55054 1.56168 1.60463 1.63838 1.71249 1.71552 1.74628 1.80145 1.84474 1.8624 1.90073 1.95645 1.96162 2.04088 2.01346 2.0807 2.1528 2.18887 2.20895 2.29905 2.28808 2.36654 2.43208 2.42555 2.54 2.54462 
2.49442 2.52355 2.43268 2.45711 2.33932 2.34263 2.21802 2.26973 2.20844 2.16354 2.05544 2.0659 2.02405 2.09228 1.92421 1.93202 1.81782 1.83794 1.80749 1.74667 1.73333 1.68715 1.65267 1.59201 1.54119 1.53191 1.47739 1.45157 1.41519 1.39678 1.33434 1.34233 1.29384 1.29263 1.23515 1.22561 1.19352 1.16824 1.14021 1.10356 1.08613 1.08162 1.06989 1.04934 1.04776 1.02656 1.01563 1.0096 1.00419 0.999364 1 1.00117 1.00404 1.00679 1.01502 1.02634 1.03649 1.05297 1.06232 1.06623 1.0935 1.12033 1.161 1.17236 1.19173 1.20745 1.23164 1.25875 1.30122 1.33055 1.34537 1.40176 1.42195 1.46898 1.49279 1.53702 1.59689 1.56165 1.62198 1.65384 1.70976 1.76057 1.79633 1.81874 1.8815 1.86146 1.95666 1.99035 2.07995 2.04006 2.15124 2.16609 2.20241 2.22042 2.29555 2.27176 2.33321 2.46823 2.48639 2.544 2.52944 
2.52539 2.51708 2.41245 2.41574 2.30672 2.25644 2.27849 2.23581 2.21587 2.20738 2.11295 2.06703 2.05711 2.00643 1.90027 1.89107 1.92649 1.8301 1.80719 1.75649 1.7175 1.63059 1.64711 1.57825 1.55374 1.56146 1.5252 1.45949 1.41907 1.39616 1.35442 1.31556 1.31182 1.26251 1.26208 1.22389 1.18563 1.1716 1.15878 1.12556 1.11866 1.08548 1.06461 1.04939 1.04159 1.02839 1.0174 1.00821 1.00557 0.999821 1 1.00063 1.00353 1.0119 1.0254 1.01961 1.03844 1.05298 1.05793 1.08358 1.10407 1.12042 1.13832 1.15793 1.21478 1.2111 1.2221 1.28303 1.30056 1.3221 1.35937 1.37864 1.39803 1.44607 1.49414 1.56163 1.56732 1.62392 1.65698 1.64516 1.71933 1.75965 1.76592 1.81304 1.85521 1.89322 1.96702 1.98785 2.02664 2.13271 2.135 2.1609 2.25198 2.22875 2.32602 2.34937 2.40035 2.41295 2.41793 2.50546 2.51195 
2.49005 2.60993 2.41522 2.33062 2.36169 2.30959 2.29973 2.12903 2.21904 2.20463 2.09608 2.1133 2.05183 1.98975 1.95097 1.88294 1.84989 1.88372 1.77104 1.73693 1.68112 1.65139 1.63658 1.5918 1.55032 1.56559 1.4769 1.43459 1.39315 1.39994 1.35113 1.35855 1.31289 1.23622 1.24439 1.19691 1.19584 1.16378 1.11653 1.12375 1.11436 1.08704 1.04811 1.05686 1.04034 1.02662 1.01638 1.01153 1.00482 1.00092 1 1.00054 1.00273 1.01254 1.01375 1.02985 1.03516 1.0517 1.06946 1.08895 1.10628 1.11276 1.13321 1.16766 1.19651 1.22821 1.23801 1.25594 1.30406 1.31075 1.37769 1.41383 1.45237 1.46528 1.49877 1.51511 1.54827 1.60283 1.6584 1.66382 1.67874 1.76219 1.82508 1.82266 1.86262 1.97884 1.91836 1.99039 2.03722 2.1197 2.1369 2.15889 2.23011 2.24686 2.29715 2.37797 2.41864 2.37605 2.48467 2.5275 2.5611 
2.59532 2.5379 2.41302 2.372 2.28831 2.3514 2.21474 2.28975 2.28151 2.16679 2.13066 2.10034 2.06446 1.98106 1.95642 1.93981 1.85355 1.83655 1.79336 1.77608 1.73392 1.63746 1.61354 1.59984 1.57738 1.54614 1.47546 1.43038 1.43338 1.42558 1.36161 1.30101 1.27939 1.26134 1.23587 1.23675 1.1809 1.16065 1.13003 1.11782 1.10408 1.08418 1.06081 1.06313 1.03297 1.02691 1.01642 1.01199 1.00548 1.00236 1 1.00127 1.00212 1.00618 1.02323 1.03398 1.03057 1.06139 1.06597 1.0693 1.09335 1.10841 1.12878 1.15461 1.19591 1.24025 1.25629 1.3128 1.28477 1.31432 1.35169 1.40961 1.43235 1.47191 1.47659 1.54173 1.56474 1.59559 1.63415 1.66079 1.67345 1.7589 1.77563 1.82567 1.82137 1.94906 1.90826 2.03372 2.06766 2.11879 2.12227 2.17366 2.16299 2.24601 2.28981 2.36876 2.41245 2.38177 2.47085 2.52626 2.54906 
2.47125 2.52384 2.52122 2.40447 2.26846 2.41643 2.16709 2.21228 2.13474 2.18995 2.05416 2.08607 2.00746 1.96081 1.94232 1.88992 1.85508 1.84674 1.78014 1.72143 1.68572 1.68198 1.64055 1.64173 1.63519 1.52991 1.50708 1.41305 1.39104 1.40301 1.36595 1.34008 1.28546 1.27711 1.26343 1.20597 1.16992 1.18273 1.13968 1.12461 1.07737 1.09439 1.05068 1.05908 1.03824 1.02988 1.01284 1.01234 1.00691 0.999553 1 1.00048 1.00341 1.01053 1.01842 1.02769 1.04027 1.04606 1.07152 1.07846 1.10911 1.12029 1.12298 1.17076 1.18851 1.22343 1.24363 1.26773 1.27467 1.33774 1.35261 1.3852 1.39523 1.44563 1.49321 1.52673 1.57006 1.58622 1.64734 1.69136 1.73468 1.73711 1.7727 1.8465 1.88862 1.91668 1.92686 2.0073 2.05249 2.11301 2.14451 2.13995 2.21386 2.19318 2.34988 2.35554 2.30375 2.37836 2.4517 2.46463 2.55435 
2.55007 2.46979 2.43714 2.38623 2.39772 2.30619 2.26402 2.24027 2.15804 2.16395 2.16927 2.03261 2.027 2.04031 1.97168 1.84508 1.89033 1.78357 1.8061 1.68009 1.73638 1.68709 1.60052 1.63277 1.56654 1.52061 1.49653 1.47322 1.42245 1.35953 1.36605 1.30148 1.29615 1.27048 1.25812 1.21505 1.19547 1.16397 1.14094 1.10606 1.09051 1.08442 1.06987 1.05158 1.03683 1.02002 1.01881 1.00802 1.00678 1.0013 1 1.0015 1.00236 1.00876 1.01393 1.02632 1.03034 1.05917 1.0642 1.09197 1.11224 1.11296 1.1432 1.18014 1.17675 1.21466 1.24348 1.2679 1.29714 1.31142 1.34386 1.38991 1.42005 1.45116 1.48747 1.50567 1.55235 1.5833 1.617 1.68286 1.72649 1.71622 1.78718 1.84006 1.88515 1.93467 1.94942 1.98657 2.00648 2.08953 2.14638 2.17212 2.22741 2.22527 2.25621 2.37148 2.40368 2.42282 2.47202 2.41989 2.59626 
2.49287 2.50721 2.54006 2.47245 2.38789 2.28791 2.31392 2.23816 2.20265 2.14161 2.13342 2.07876 1.99499 1.94309 1.98236 1.86463 1.92973 1.82532 1.75877 1.72799 1.63218 1.68637 1.5968 1.61047 1.55252 1.51934 1.48593 1.43793 1.38404 1.44522 1.37076 1.32994 1.30864 1.25806 1.24732 1.20969 1.1802 1.15692 1.13662 1.12178 1.10389 1.08359 1.07054 1.05551 1.03771 1.02182 1.01454 1.00738 1.00674 1.00128 1 0.999628 1.0042 1.01006 1.01863 1.01889 1.0432 1.05717 1.07521 1.08719 1.09353 1.12206 1.13564 1.15902 1.20733 1.23614 1.24199 1.27195 1.2934 1.34491 1.34818 1.35533 1.44478 1.48274 1.48958 1.5449 1.58334 1.61647 1.64292 1.67518 1.72287 1.77699 1.79515 1.8088 1.87235 1.90744 1.92071 1.98887 2.04898 2.02205 2.08514 2.18966 2.21086 2.26941 2.3046 2.33424 2.32449 2.38506 2.45716 2.54338 2.57665 
2.46322 2.49573 2.50309 2.42194 2.34664 2.31961 2.26459 2.25142 2.22185 2.15123 2.11408 2.05148 2.1117 2.05566 2.00962 1.92066 1.87114 1.81214 1.87124 1.80773 1.70384 1.66158 1.58009 1.57363 1.60196 1.56591 1.51436 1.49126 1.40327 1.39172 1.36734 1.33244 1.29626 1.26986 1.24636 1.21865 1.15134 1.18066 1.13414 1.11492 1.09956 1.06341 1.05348 1.04266 1.04031 1.02752 1.01571 1.01357 1.00249 0.999249 1 1.00065 1.00497 1.00985 1.01381 1.02457 1.04379 1.05572 1.05859 1.07645 1.09922 1.12633 1.13589 1.15671 1.17523 1.21256 1.24016 1.25422 1.30253 1.32693 1.36148 1.39299 1.43341 1.4663 1.48019 1.52574 1.56653 1.58267 1.61067 1.67573 1.7282 1.76569 1.80236 1.81903 1.85158 1.91855 1.97191 2.00163 2.04694 2.0858 2.1054 2.13508 2.18645 2.27491 2.34493 2.34308 2.35025 2.45872 2.46669 2.48461 2.58563 
2.56046 2.45673 2.49501 2.42764 2.35427 2.29634 2.29163 2.19565 2.17328 2.12417 2.11708 2.1657 2.03354 2.00294 1.85665 1.94345 1.86182 1.78397 1.77952 1.74422 1.75177 1.68676 1.63012 1.60817 1.5552 1.51062 1.5391 1.46451 1.40779 1.36259 1.38088 1.30987 1.29622 1.25614 1.23813 1.20891 1.19468 1.15258 1.14026 1.11352 1.09073 1.08139 1.07056 1.04557 1.03794 1.0264 1.01601 1.0074 1.00159 1.00185 1 1.00146 1.00068 1.01153 1.01217 1.02966 1.03594 1.04458 1.06985 1.07893 1.10327 1.1101 1.13035 1.1663 1.18537 1.24359 1.25929 1.25928 1.27343 1.33582 1.36116 1.40165 1.42476 1.48898 1.52642 1.52479 1.54752 1.59235 1.63404 1.65724 1.71336 1.70561 1.78225 1.8115 1.85951 1.89509 1.94049 2.02216 2.02142 2.09609 2.07499 2.12981 2.18502 2.23453 2.33538 2.33494 2.40546 2.42446 2.50531 2.51718 2.5062 
2.45871 2.50343 2.41681 2.40773 2.3717 2.28033 2.30615 2.23095 2.25573 2.10925 2.17977 2.04864 1.9999 1.97402 1.9272 1.9256 1.84768 1.8426 1.79273 1.7412 1.65342 1.70383 1.6457 1.62462 1.53829 1.51808 1.5078 1.48287 1.42829 1.36745 1.40436 1.32379 1.28757 1.27539 1.23115 1.22528 1.18051 1.15151 1.14088 1.12368 1.09321 1.07876 1.0705 1.05696 1.04134 1.02318 1.01022 1.0088 1.00472 1.00148 1 1.00074 1.00526 1.00832 1.02143 1.02817 1.04157 1.05687 1.06465 1.08299 1.07964 1.12327 1.15157 1.15706 1.19702 1.22228 1.24651 1.27521 1.29446 1.32536 1.33879 1.40866 1.43916 1.44608 1.50858 1.5145 1.53723 1.62271 1.65286 1.69274 1.7048 1.76204 1.79921 1.81663 1.89345 1.90675 1.92286 2.009 2.04483 2.06598 2.09952 2.16479 2.17402 2.23964 2.23332 2.36741 2.37391 2.38427 2.46069 2.51587 2.57192 
2.52989 2.47973 2.51611 2.42785 2.37512 2.28849 2.24359 2.23983 2.12986 2.17206 2.1599 2.1374 2.13224 1.93976 1.91599 1.90333 1.90621 1.83254 1.73026 1.71372 1.67486 1.66098 1.6284 1.59827 1.55231 1.52239 1.47104 1.47844 1.42394 1.40273 1.36295 1.33399 1.29147 1.26554 1.24475 1.20668 1.19025 1.16457 1.1541 1.12327 1.10344 1.07566 1.07697 1.03962 1.02926 1.03017 1.0139 1.012 1.00263 1.00066 1 1.00038 1.00139 1.00803 1.015 1.0291 1.04269 1.05784 1.06071 1.08432 1.1022 1.11291 1.14833 1.15328 1.19155 1.19796 1.25388 1.23719 1.31816 1.33782 1.36577 1.39073 1.41669 1.44996 1.52727 1.52228 1.5589 1.60856 1.64064 1.66388 1.68347 1.74301 1.78327 1.85122 1.88591 1.95018 1.96963 2.01264 2.02148 2.06801 2.09853 2.12849 2.23948 2.28682 2.2363 2.30966 2.28213 2.43678 2.43365 2.4485 2.50743 
2.56777 2.5659 2.51197 2.44946 2.29526 2.34615 2.25443 2.23416 2.1752 2.21171 2.12457 2.14984 1.95863 1.95048 1.94474 1.9317 1.8719 1.8281 1.78131 1.76145 1.7237 1.67556 1.64034 1.63388 1.54257 1.50339 1.50199 1.46452 1.40211 1.37619 1.3513 1.34327 1.32264 1.25392 1.2705 1.21214 1.18019 1.18772 1.15094 1.13815 1.08937 1.08146 1.07294 1.0614 1.04017 1.02433 1.0184 1.00812 1.00182 1.00116 1 1.00189 1.00353 1.01105 1.01228 1.02416 1.04128 1.0567 1.06111 1.08627 1.09724 1.10554 1.13644 1.17741 1.19536 1.21205 1.25688 1.25543 1.29492 1.3221 1.37661 1.39207 1.44764 1.47128 1.48674 1.53844 1.5639 1.6038 1.61622 1.68809 1.70397 1.71401 1.78451 1.86215 1.83977 1.8637 1.99654 2.00297 2.03853 2.06827 2.15342 2.16888 2.18118 2.27907 2.3154 2.39867 2.31523 2.40099 2.40023 2.48105 2.47216 
2.47292 2.50511 2.38681 2.32304 2.39475 2.36561 2.26136 2.3104 2.13442 2.11983 2.12135 2.06364 2.06314 2.02444 1.92996 1.94707 1.82324 1.8302 1.76743 1.77628 1.70309 1.69667 1.65702 1.57779 1.5447 1.55753 1.49851 1.47046 1.44131 1.39829 1.38639 1.31894 1.29042 1.26373 1.2525 1.2266 1.17916 1.17984 1.13656 1.11756 1.11124 1.09207 1.06428 1.04204 1.03226 1.02166 1.01925 1.00422 1.00385 1.0003 1 1.00163 1.00595 1.0069 1.02222 1.02482 1.02813 1.04711 1.07338 1.09125 1.11137 1.11646 1.13613 1.17191 1.19582 1.22247 1.25085 1.28794 1.29808 1.32622 1.36484 1.36724 1.40061 1.43382 1.50705 1.54784 1.57289 1.58142 1.64085 1.68509 1.7165 1.72851 1.74329 1.83935 1.81419 1.92406 1.94846 2.00086 2.02139 2.0522 2.12681 2.16369 2.21519 2.27442 2.35721 2.34066 2.37782 2.34588 2.49584 2.4879 2.46323 
2.46885 2.47437 2.44262 2.34703 2.38134 2.44563 2.26335 2.23831 2.25741 2.09578 2.13672 2.00628 2.04725 1.9651 1.90408 1.91263 1.91498 1.78492 1.81978 1.71638 1.70753 1.65631 1.66259 1.63 1.57242 1.51443 1.44546 1.47529 1.43311 1.35472 1.33515 1.35753 1.32254 1.27234 1.2518 1.20736 1.1978 1.18356 1.15056 1.12626 1.10916 1.08939 1.05886 1.04655 1.03112 1.02667 1.01437 1.01099 1.00369 1.00117 1 1.00168 1.00423 1.01136 1.0168 1.0253 1.03738 1.04663 1.06398 1.07925 1.11328 1.13565 1.14364 1.16948 1.19488 1.21213 1.21206 1.25959 1.29286 1.32816 1.35274 1.39263 1.43578 1.45557 1.47609 1.51904 1.55936 1.59489 1.62247 1.66929 1.73588 1.74961 1.78707 1.83598 1.83907 1.91173 1.98135 1.987 2.0173 2.06273 2.06625 2.13464 2.15102 2.24499 2.30105 2.2717 2.32928 2.43273 2.44083 2.53356 2.57328 
2.49348 2.44311 2.5512 2.36862 2.33197 2.32543 2.29461 2.24957 2.18333 2.21082 2.02378 2.09308 2.09263 1.97192 1.99822 1.97062 1.92079 1.80996 1.80781 1.73408 1.66583 1.67022 1.65433 1.60414 1.58278 1.54361 1.4917 1.42617 1.41684 1.40463 1.36217 1.36994 1.30053 1.27996 1.23617 1.20553 1.19289 1.16486 1.16459 1.1184 1.10006 1.07193 1.07031 1.05985 1.03573 1.03377 1.02253 1.00822 1.00182 1.00161 1 1.00058 1.00257 1.01159 1.01032 1.02668 1.03145 1.04804 1.05547 1.07804 1.104 1.10861 1.13211 1.14438 1.18416 1.20173 1.23615 1.26038 1.30665 1.336 1.35869 1.37335 1.4407 1.46372 1.4945 1.51914 1.56795 1.5725 1.64488 1.66784 1.701 1.75054 1.77009 1.78746 1.82838 1.89016 1.9567 2.0497 2.01918 2.08748 2.15228 2.13365 2.19891 2.22724 2.31194 2.32185 2.32115 2.35869 2.49468 2.49305 2.43916 
2.52245 2.49073 2.38441 2.37757 2.35696 2.30297 2.29749 2.24383 2.24455 2.15315 2.13946 2.05675 1.99906 1.97343 1.91222 1.83634 1.86333 1.8463 1.7387 1.74208 1.66437 1.6664 1.60311 1.58643 1.55698 1.56031 1.49915 1.46918 1.43131 1.36736 1.34717 1.32724 1.28184 1.24839 1.26117 1.22429 1.19482 1.16233 1.14638 1.1317 1.10775 1.0902 1.05225 1.03971 1.0312 1.02543 1.01718 1.01175 1.00423 1.00199 1 1.00074 1.00325 1.00557 1.01732 1.02117 1.02349 1.05496 1.06102 1.08558 1.11283 1.12073 1.13232 1.16401 1.18027 1.21408 1.25171 1.27882 1.29921 1.32204 1.3665 1.41767 1.42957 1.48223 1.4731 1.53263 1.57943 1.57241 1.63527 1.64288 1.7232 1.7373 1.78485 1.81602 1.86012 1.90694 1.93798 2.01917 1.98405 2.07877 2.10224 2.15384 2.16751 2.27438 2.30383 2.30142 2.38694 2.40592 2.44808 2.47619 2.56951 
2.63044 2.43156 2.48149 2.42179 2.33286 2.33647 2.28435 2.2443 2.15773 2.20067 2.1513 2.0641 1.95352 1.95377 1.92815 1.92757 1.89661 1.86386 1.79541 1.76714 1.71233 1.70367 1.65722 1.61107 1.56718 1.49467 1.44912 1.44633 1.43033 1.41082 1.33436 1.3482 1.29852 1.25443 1.24062 1.20668 1.16766 1.15485 1.13998 1.13095 1.09779 1.08229 1.05762 1.04404 1.04111 1.03119 1.01575 1.00994 1.00517 1.00194 1 1.00027 1.00515 1.0095 1.01458 1.03209 1.03592 1.05779 1.07413 1.08448 1.12184 1.1109 1.14206 1.16679 1.18635 1.22638 1.24237 1.26124 1.29619 1.32034 1.36131 1.40828 1.4348 1.44531 1.51225 1.49892 1.59283 1.63251 1.63237 1.65955 1.72633 1.71696 1.77816 1.811 1.86459 1.93342 1.92873 2.03292 1.99187 2.13328 2.09649 2.18717 2.21573 2.26936 2.28962 2.30612 2.33906 2.3975 2.49147 2.46049 2.58982 
2.54193 2.41359 2.4126 2.34296 2.38106 2.30029 2.2929 2.17776 2.19815 2.14272 2.11214 2.04835 2.00693 1.99888 1.94363 1.93224 1.8806 1.75755 1.79558 1.75219 1.7534 1.70459 1.62983 1.62839 1.56595 1.54242 1.51654 1.44465 1.41439 1.42231 1.34796 1.31898 1.32131 1.26338 1.27028 1.19761 1.20175 1.16946 1.13303 1.11958 1.11292 1.0724 1.05683 1.04521 1.03167 1.02539 1.02141 1.01292 1.00431 1.00104 1 1.00121 1.00422 1.01005 1.01375 1.03343 1.03609 1.05745 1.06651 1.09147 1.09505 1.11002 1.13468 1.173 1.17898 1.20759 1.24536 1.26676 1.29808 1.34431 1.35504 1.42403 1.41184 1.49428 1.48424 1.51183 1.55904 1.60699 1.66485 1.66455 1.70278 1.71912 1.76296 1.84371 1.87913 1.90608 1.94013 2.00133 2.03709 2.11566 2.06684 2.12548 2.16089 2.23499 2.26177 2.32715 2.33958 2.39673 2.47662 2.52637 2.59997 
2.53326 2.4908 2.42265 2.37811 2.38382 2.3959 2.15221 2.18237 2.20617 2.08474 2.07372 2.08243 2.03559 1.97595 1.9005 1.92697 1.84441 1.85793 1.78871 1.75705 1.6555 1.70039 1.69463 1.56951 1.61278 1.49255 1.49955 1.47625 1.44376 1.35381 1.36807 1.31016 1.27895 1.26534 1.23108 1.21397 1.17409 1.15785 1.13336 1.11199 1.10871 1.07879 1.06447 1.04286 1.03636 1.0183 1.02054 1.00732 1.00463 1.00089 1 1.00196 1.00623 1.00933 1.01277 1.02283 1.03596 1.04077 1.07222 1.06903 1.08031 1.11986 1.14698 1.16522 1.17851 1.21505 1.2292 1.27737 1.30806 1.35271 1.35421 1.38443 1.43863 1.45201 1.49205 1.51288 1.57978 1.61906 1.58689 1.6747 1.74534 1.7639 1.81187 1.84825 1.82716 1.83161 1.90976 1.97549 2.0231 2.05336 2.11808 2.17121 2.19391 2.20438 2.22221 2.29576 2.31218 2.40421 2.48835 2.48735 2.54736 
2.48989 2.49362 2.40657 2.41095 2.34619 2.32213 2.28751 2.31627 2.19379 2.13482 2.13245 2.01291 1.99839 1.98286 1.95637 1.92637 1.8693 1.84833 1.79951 1.7506 1.66391 1.68064 1.68134 1.58023 1.55158 1.50052 1.42407 1.43038 1.41251 1.38108 1.37773 1.33068 1.28135 1.27956 1.26812 1.23875 1.17377 1.1662 1.13183 1.11582 1.08271 1.08493 1.06495 1.03591 1.03813 1.02628 1.01169 1.00934 1.00643 1.00101 1 1.00212 1.00631 1.00937 1.01567 1.02886 1.03638 1.05257 1.0793 1.08289 1.1034 1.10967 1.14544 1.14961 1.19073 1.22879 1.26182 1.27809 1.30539 1.31869 1.36506 1.40206 1.39238 1.42961 1.50294 1.51009 1.58306 1.5884 1.65263 1.64925 1.71286 1.73507 1.80589 1.7982 1.87081 1.91351 1.99604 1.95927 2.02685 2.08959 2.12588 2.17601 2.258 2.22895 2.37203 2.34649 2.36316 2.39658 2.40774 2.53794 2.54357 
2.49231 2.43827 2.39104 2.38464 2.44617 2.35197 2.22679 2.23027 2.23237 2.13762 2.07114 2.08102 2.02041 2.05668 1.93169 1.88644 1.87468 1.7571 1.76143 1.75647 1.69999 1.69512 1.6289 1.64804 1.53436 1.5361 1.51238 1.44599 1.41444 1.39872 1.36709 1.30029 1.29406 1.27312 1.22708 1.20025 1.18691 1.18286 1.15493 1.13046 1.10497 1.05791 1.06434 1.04204 1.02765 1.01656 1.01452 1.01321 1.00487 1.00097 1 1.00221 1.00414 1.00645 1.01759 1.02517 1.03885 1.05638 1.05211 1.09138 1.09861 1.10009 1.15203 1.15748 1.19731 1.20339 1.24135 1.28147 1.30884 1.35162 1.37339 1.40367 1.42051 1.45216 1.48482 1.53832 1.55946 1.57179 1.65756 1.68562 1.70234 1.71713 1.80372 1.80442 1.85251 1.8837 1.933 1.99186 2.01626 2.08235 2.12005 2.1158 2.21263 2.24981 2.24802 2.29664 2.38785 2.38209 2.47853 2.48811 2.53936 
2.49161 2.42428 2.50785 2.46812 2.36879 2.32225 2.24127 2.25939 2.19287 2.20418 2.06499 2.03987 1.97133 2.00234 1.91347 1.96468 1.85193 1.80409 1.84922 1.73686 1.66754 1.70108 1.59854 1.5892 1.55204 1.48532 1.48944 1.43939 1.44343 1.39906 1.35204 1.33615 1.27475 1.25619 1.26948 1.1925 1.17862 1.17215 1.15695 1.12266 1.11042 1.08048 1.05848 1.0599 1.03548 1.02646 1.01629 1.00733 1.00245 1.00227 1 1.00191 1.00284 1.00469 1.01186 1.02532 1.04077 1.04963 1.05558 1.08506 1.10813 1.11608 1.14202 1.17597 1.183 1.20959 1.23879 1.28885 1.27939 1.32858 1.35698 1.3811 1.4269 1.4756 1.50891 1.53883 1.55772 1.59741 1.58518 1.70399 1.71849 1.78061 1.78389 1.81288 1.85344 1.92343 1.99683 2.0049 2.00516 2.09093 2.09149 2.15361 2.20772 2.21228 2.26904 2.35726 2.37778 2.41091 2.51767 2.4729 2.57808 
2.60619 2.46676 2.4296 2.4264 2.35244 2.38168 2.22824 2.31592 2.21537 2.15801 2.15953 2.06619 2.06558 2.02775 1.91556 1.92463 1.89309 1.77602 1.78735 1.78723 1.70716 1.7013 1.68087 1.551 1.55623 1.51187 1.45721 1.43877 1.42799 1.38021 1.34218 1.33131 1.26925 1.25941 1.24625 1.21767 1.18556 1.16704 1.141 1.12027 1.10484 1.08194 1.04656 1.05352 1.03081 1.02439 1.01762 1.00806 1.00663 0.99933 1 1.00099 1.00582 1.01019 1.01938 1.02566 1.02848 1.05832 1.06576 1.07784 1.09312 1.11684 1.14265 1.16338 1.16423 1.20176 1.23657 1.24631 1.29927 1.32906 1.349 1.38651 1.44837 1.47381 1.51881 1.52162 1.57692 1.61509 1.6078 1.67714 1.732 1.7442 1.80812 1.83524 1.89368 1.90186 1.93934 2.00509 2.08253 2.06192 2.19433 2.16403 2.19729 2.23111 2.31145 2.32249 2.3806 2.47173 2.40934 2.48242 2.58628 
2.52131 2.42419 2.39043 2.42564 2.28623 2.20347 2.3087 2.23274 2.16547 2.126 2.1341 2.0799 2.00839 1.96137 1.91515 1.92589 1.87137 1.88219 1.82493 1.77042 1.68148 1.73666 1.62409 1.55639 1.5688 1.51579 1.51929 1.46726 1.40823 1.41378 1.35451 1.3333 1.27721 1.27659 1.24929 1.21283 1.1869 1.16272 1.14067 1.11779 1.09783 1.09552 1.07171 1.04607 1.04475 1.02886 1.01652 1.00801 1.00216 1.00012 1 1.00164 1.00533 1.01306 1.01059 1.03115 1.03549 1.05217 1.07265 1.08768 1.11234 1.13251 1.14461 1.18729 1.20591 1.21562 1.22414 1.26679 1.33382 1.32948 1.37488 1.39727 1.41648 1.4713 1.49469 1.51518 1.54519 1.62507 1.62086 1.69539 1.73434 1.79974 1.78689 1.84977 1.87081 1.89336 1.94096 1.97609 2.02663 2.06277 2.12359 2.16799 2.20785 2.25039 2.26684 2.35881 2.39581 2.4337 2.47776 2.50346 2.51222 
2.47538 2.48969 2.39633 2.36912 2.42021 2.35417 2.2518 2.31611 2.16265 2.07855 2.08925 2.0883 2.07288 1.91897 1.91587 1.90037 1.84388 1.73252 1.7877 1.71936 1.73724 1.64655 1.59964 1.60963 1.57335 1.51473 1.48748 1.46959 1.42807 1.38634 1.38798 1.32852 1.31775 1.27561 1.23015 1.20849 1.18736 1.17211 1.14808 1.12481 1.10284 1.06915 1.07496 1.05334 1.04713 1.02792 1.01839 1.00304 1.00329 0.999535 1 1.00119 1.00397 1.00765 1.01691 1.03124 1.0386 1.05618 1.06149 1.08289 1.0994 1.12753 1.13524 1.16325 1.19182 1.22008 1.23777 1.27461 1.28724 1.31168 1.36492 1.37735 1.41793 1.44116 1.50926 1.54709 1.57596 1.59576 1.62791 1.67465 1.71321 1.75897 1.79226 1.82281 1.87816 1.91752 1.92305 2.03307 1.98909 2.02961 2.08417 2.15307 2.20949 2.17394 2.26162 2.35887 2.33982 2.42616 2.49134 2.47776 2.53559 
2.55133 2.41633 2.431 2.36579 2.37226 2.30674 2.31903 2.26973 2.21023 2.18631 2.12203 2.05917 2.03048 2.02717 1.949 1.95057 1.94825 1.82577 1.75766 1.78405 1.70065 1.71473 1.6444 1.62822 1.54174 1.53726 1.52596 1.48555 1.41259 1.38364 1.36352 1.33665 1.27877 1.27861 1.28756 1.20067 1.18695 1.175 1.14863 1.11444 1.11359 1.08138 1.06601 1.05134 1.03545 1.0266 1.02012 1.00988 1.00438 1.00112 1 1.0017 1.0049 1.0099 1.01736 1.02143 1.04206 1.04779 1.06732 1.07526 1.11041 1.12186 1.13187 1.15632 1.1699 1.22824 1.23329 1.26442 1.30504 1.33056 1.33656 1.39952 1.42897 1.45627 1.47526 1.51901 1.54914 1.61938 1.61905 1.69487 1.66811 1.73258 1.81646 1.79769 1.92453 1.90437 1.91233 1.98768 2.02316 2.05378 2.10722 2.16036 2.20195 2.28778 2.32896 2.31375 2.38794 2.43631 2.4498 2.56716 2.56822 
2.57983 2.44746 2.56632 2.44537 2.32022 2.3191 2.27773 2.30505 2.23155 2.24595 2.01815 2.04716 2.02214 2.05307 1.9364 1.93505 1.92479 1.84982 1.80558 1.73473 1.68297 1.68583 1.64955 1.57667 1.5881 1.54484 1.48848 1.45605 1.44948 1.40701 1.39633 1.3117 1.30347 1.26313 1.24199 1.21026 1.19513 1.15542 1.11451 1.13163 1.09365 1.0839 1.04787 1.04615 1.04032 1.02331 1.01896 1.00791 1.00476 1.00101 1 1.00135 1.00533 1.01039 1.01757 1.02537 1.04415 1.05445 1.06248 1.06993 1.09089 1.12361 1.1378 1.17467 1.19718 1.20311 1.23759 1.26969 1.32143 1.33215 1.38314 1.37934 1.4539 1.46556 1.49947 1.51508 1.53566 1.57374 1.64644 1.66289 1.72259 1.75915 1.80355 1.8443 1.85432 1.91803 1.96334 1.94907 2.03714 2.15392 2.06743 2.12474 2.12606 2.23915 2.23406 2.31785 2.36941 2.38321 2.49547 2.53948 2.57609 
2.5074 2.50405 2.37392 2.45246 2.34403 2.27811 2.23315 2.24997 2.12172 2.16756 2.11048 2.03989 2.01705 1.97013 1.92679 1.9063 1.7897 1.84395 1.80159 1.74307 1.71386 1.63028 1.63653 1.57307 1.55075 1.55602 1.45245 1.4609 1.4026 1.3892 1.36076 1.33235 1.27872 1.30018 1.20759 1.20419 1.18925 1.17252 1.14194 1.12101 1.10725 1.08286 1.05705 1.06139 1.03011 1.03105 1.01507 1.00918 1.00388 1.00099 1 1.00146 1.00483 1.00697 1.0174 1.02953 1.03385 1.05405 1.06552 1.06028 1.11003 1.13507 1.1417 1.16762 1.18455 1.19742 1.24116 1.27227 1.31106 1.34405 1.35419 1.40422 1.42614 1.46475 1.46865 1.52756 1.56478 1.56689 1.59898 1.70935 1.72601 1.74268 1.79116 1.83069 1.85212 1.88964 1.92655 2.00667 2.00256 2.07469 2.11507 2.19465 2.21185 2.23184 2.27079 2.38113 2.36392 2.42761 2.42921 2.48427 2.57478 
2.53756 2.51272 2.50477 2.46677 2.34745 2.32682 2.24011 2.27806 2.22931 2.2116 2.0277 2.09888 2.01249 2.02179 1.93638 1.89636 1.89344 1.82586 1.74399 1.76666 1.70779 1.64412 1.66004 1.59479 1.57041 1.55799 1.4716 1.47357 1.4389 1.36758 1.36756 1.33392 1.3046 1.27755 1.23507 1.21234 1.19954 1.14528 1.14916 1.10652 1.0996 1.0988 1.05269 1.04835 1.04383 1.02357 1.00993 1.01396 1.00594 1.0008 1 1.00194 1.00348 1.00896 1.01813 1.02474 1.03658 1.04601 1.05737 1.08695 1.09865 1.11245 1.13392 1.17641 1.18594 1.20788 1.2435 1.27197 1.30415 1.3048 1.36383 1.40507 1.41991 1.42596 1.48288 1.52364 1.5696 1.6205 1.67108 1.67697 1.70374 1.77518 1.79817 1.81872 1.83555 1.93224 1.89346 1.99927 2.01366 2.06475 2.09889 2.1478 2.1697 2.25828 2.31494 2.36178 2.34225 2.31656 2.41854 2.58691 2.43966 
2.51125 2.55581 2.52103 2.45202 2.35751 2.25956 2.28465 2.27252 2.23702 2.14968 2.13314 2.08688 1.97313 2.07059 1.99019 1.8535 1.87234 1.83923 1.83302 1.74615 1.76857 1.68111 1.63042 1.58572 1.57133 1.51893 1.51287 1.47129 1.41266 1.39584 1.35828 1.30239 1.29146 1.25135 1.26299 1.24017 1.1838 1.17278 1.15014 1.12972 1.10043 1.07212 1.0668 1.05169 1.03779 1.0336 1.01147 1.00737 1.00263 1.00046 1 1.00148 1.00403 1.00871 1.01521 1.02344 1.03804 1.05516 1.06334 1.08083 1.091 1.11766 1.12429 1.16195 1.18501 1.20933 1.224 1.25694 1.30299 1.31042 1.3429 1.36096 1.43244 1.47973 1.50007 1.55891 1.53672 1.61705 1.61763 1.64642 1.73032 1.74651 1.82486 1.87292 1.83752 1.89153 1.97086 2.00384 2.04872 2.08658 2.10978 2.19318 2.253 2.28542 2.25461 2.3856 2.37082 2.3707 2.45191 2.44624 2.53761 
2.55316 2.44767 2.45316 2.36277 2.40057 2.33118 2.25618 2.30901 2.13822 2.15327 2.14407 2.08273 2.07625 2.03415 1.96519 1.89292 1.88166 1.92593 1.83519 1.78573 1.75196 1.63992 1.60121 1.6242 1.5677 1.49556 1.45778 1.48392 1.44813 1.40294 1.34062 1.32644 1.30103 1.29008 1.22967 1.19172 1.19595 1.18442 1.15314 1.09816 1.09372 1.08372 1.06069 1.04676 1.04228 1.0267 1.01798 1.00688 1.0026 1.00071 1 0.99965 1.00291 1.00887 1.02051 1.0205 1.03942 1.03792 1.07158 1.07811 1.08271 1.12349 1.13458 1.17204 1.19599 1.23203 1.23402 1.26653 1.31465 1.32611 1.3538 1.38606 1.43524 1.45615 1.50053 1.56812 1.56699 1.61497 1.64358 1.69413 1.72109 1.70243 1.77667 1.83342 1.90414 1.9185 1.95979 2.01052 2.04962 2.09388 2.13579 2.14107 2.21348 2.24593 2.35161 2.28707 2.35452 2.40377 2.43096 2.5533 2.62848 
2.62246 2.42916 2.40848 2.38574 2.36631 2.32849 2.31486 2.26843 2.16837 2.16727 2.10512 2.11833 1.99282 2.00835 1.95752 1.9097 1.84548 1.85302 1.75347 1.73283 1.66901 1.63404 1.62908 1.58974 1.60159 1.51479 1.48553 1.45664 1.41161 1.41601 1.34678 1.33282 1.30665 1.27107 1.25235 1.21102 1.19267 1.14702 1.15187 1.12856 1.10839 1.08414 1.0573 1.04711 1.03063 1.02119 1.01805 1.01231 1.0032 1.00098 1 1.00191 1.00174 1.01076 1.01957 1.02393 1.03426 1.04735 1.06009 1.0875 1.09701 1.12541 1.14467 1.16377 1.19954 1.2241 1.25209 1.2717 1.31186 1.34602 1.3631 1.3823 1.41573 1.47214 1.51219 1.53856 1.5468 1.58777 1.66864 1.67079 1.73194 1.77133 1.76229 1.82712 1.87069 1.90571 1.97125 1.9349 2.03101 2.08995 2.11181 2.11383 2.19554 2.30112 2.30135 2.30907 2.36464 2.39674 2.46614 2.49715 2.51125 
2.60598 2.50119 2.40157 2.42917 2.45711 2.37674 2.32573 2.27636 2.16676 2.15883 2.10377 2.14364 2.07803 1.99579 1.97112 1.86795 1.87465 1.81834 1.81416 1.77286 1.73013 1.62235 1.60146 1.63832 1.55437 1.52841 1.51054 1.4862 1.4229 1.36997 1.3774 1.33959 1.284 1.27469 1.24684 1.23566 1.1719 1.17601 1.14885 1.1122 1.08676 1.10125 1.07329 1.04423 1.03339 1.02356 1.01875 1.00914 1.0036 1.00122 1 1.00079 1.00607 1.01224 1.01377 1.02432 1.04683 1.05265 1.06481 1.08915 1.10546 1.11706 1.16442 1.17556 1.18618 1.2032 1.23244 1.24484 1.30064 1.30611 1.36303 1.4042 1.42538 1.43714 1.52491 1.54922 1.55258 1.61451 1.6723 1.68362 1.70816 1.76641 1.77781 1.84434 1.8528 1.90756 1.95505 2.00075 2.04802 2.0686 2.10554 2.15155 2.23267 2.2617 2.20821 2.31839 2.35562 2.39133 2.4676 2.52304 2.61053 
2.43864 2.48121 2.42986 2.43925 2.35387 2.33547 2.30423 2.21348 2.17268 2.15311 2.04931 2.05832 2.06631 2.01539 1.95326 1.89031 1.88711 1.81136 1.83154 1.76272 1.71128 1.62819 1.66333 1.64684 1.57476 1.51768 1.48301 1.46173 1.39636 1.42926 1.38488 1.33857 1.30124 1.26663 1.25068 1.21219 1.17827 1.17361 1.13472 1.11688 1.10804 1.0814 1.06593 1.04208 1.03748 1.02408 1.01837 1.0098 1.00608 0.999841 1 1.00141 1.00434 1.01013 1.01054 1.03052 1.03355 1.05256 1.06773 1.07379 1.09803 1.12704 1.15676 1.16746 1.19353 1.2052 1.23694 1.272 1.31316 1.33414 1.34951 1.40972 1.42063 1.4619 1.47224 1.55749 1.55214 1.55829 1.64902 1.69004 1.72137 1.76747 1.77625 1.85466 1.86295 1.88522 1.96747 2.03649 2.05441 2.08356 2.08161 2.10195 2.11906 2.25566 2.26003 2.28327 2.388 2.4059 2.52447 2.45366 2.61251 
2.61061 2.46858 2.48525 2.44107 2.32251 2.35073 2.25226 2.23854 2.15186 2.08623 2.15156 2.11827 2.03647 2.02621 1.95206 1.91037 1.8908 1.84168 1.81406 1.75449 1.69404 1.60188 1.64232 1.60653 1.56871 1.52949 1.5017 1.49118 1.45887 1.42109 1.3819 1.34366 1.31469 1.27491 1.24427 1.21583 1.17859 1.16065 1.1369 1.11506 1.09346 1.06709 1.06523 1.04693 1.04335 1.02521 1.01933 1.00584 1.00451 1.00272 1 0.999909 1.00559 1.01229 1.0165 1.02098 1.03878 1.05017 1.05515 1.07472 1.10136 1.13284 1.13214 1.16185 1.1868 1.22516 1.24856 1.25881 1.29263 1.3141 1.34913 1.40639 1.43325 1.47962 1.49405 1.52111 1.55631 1.60626 1.64304 1.6219 1.69502 1.74299 1.78804 1.78777 1.85181 1.92046 1.91985 1.994 2.05228 2.04626 2.13816 2.14311 2.25442 2.23355 2.27315 2.33057 2.33831 2.40058 2.41112 2.49221 2.53957 
2.52097 2.4669 2.45137 2.39174 2.34046 2.31479 2.31641 2.22928 2.21886 2.11991 2.0727 2.14121 2.00282 2.04424 1.93657 1.94862 1.92918 1.7751 1.74888 1.72579 1.70133 1.64833 1.66181 1.58708 1.55522 1.49703 1.49492 1.43094 1.42915 1.35381 1.33883 1.3404 1.3125 1.25157 1.24993 1.22348 1.20426 1.14614 1.14445 1.11369 1.10219 1.08538 1.07177 1.04249 1.03143 1.02047 1.01781 1.00818 1.00539 1.00046 1 1.0017 1.00352 1.00539 1.01718 1.02168 1.03512 1.03425 1.07319 1.08628 1.10827 1.11068 1.13486 1.17129 1.19603 1.22459 1.24017 1.27752 1.32004 1.34547 1.34874 1.40567 1.41798 1.48383 1.48624 1.52588 1.57605 1.61402 1.61147 1.71009 1.72114 1.7365 1.82577 1.837 1.83874 1.91349 1.88633 2.0288 2.02242 2.08591 2.16945 2.18517 2.22452 2.25308 2.29362 2.29073 2.35825 2.43968 2.50402 2.58947 2.53383 
2.55503 2.49049 2.48019 2.40941 2.41053 2.38166 2.30077 2.22896 2.17554 2.24205 2.14294 2.02438 2.0447 1.95155 1.93403 1.91412 1.80745 1.82803 1.77453 1.68839 1.66463 1.70843 1.6327 1.62029 1.5486 1.51032 1.48374 1.47414 1.423 1.39418 1.34797 1.34524 1.28474 1.24542 1.24073 1.21483 1.18713 1.17718 1.14112 1.09995 1.12538 1.07171 1.05649 1.04687 1.02571 1.02599 1.01561 1.01329 1.00591 1.00145 1 1.00149 1.00325 1.01028 1.01515 1.03275 1.04328 1.03625 1.05344 1.08384 1.11223 1.11916 1.13845 1.17983 1.20425 1.22401 1.24446 1.26827 1.29036 1.31966 1.35841 1.39362 1.44526 1.41562 1.50718 1.54495 1.5814 1.5968 1.62098 1.70904 1.71181 1.74619 1.82012 1.81511 1.85749 1.88834 1.93829 1.98309 2.0389 2.0553 2.134 2.14249 2.1937 2.21081 2.2555 2.33952 2.34987 2.41275 2.46682 2.52716 2.53915 
2.48688 2.48953 2.39683 2.44131 2.38964 2.37327 2.32962 2.28892 2.22975 2.22946 2.1669 2.14688 2.04416 1.94985 1.86927 1.96725 1.87012 1.85433 1.80349 1.8189 1.71789 1.67635 1.63611 1.60753 1.56762 1.51231 1.49991 1.43247 1.42036 1.40611 1.35188 1.33865 1.25484 1.26814 1.25837 1.22212 1.18576 1.17291 1.14267 1.10888 1.10933 1.07247 1.07451 1.0433 1.03258 1.02463 1.01542 1.00539 1.00522 1.00244 1 0.999892 1.00591 1.01024 1.02085 1.02438 1.03497 1.05048 1.07398 1.08757 1.10462 1.11709 1.14356 1.15581 1.20435 1.21723 1.23529 1.28212 1.30004 1.34254 1.37433 1.36072 1.42407 1.45636 1.4974 1.52121 1.55013 1.58435 1.62045 1.68328 1.68678 1.74717 1.79423 1.81661 1.83593 1.92528 1.93998 1.98833 2.03726 2.0991 2.11616 2.16901 2.20625 2.22185 2.27091 2.31271 2.38179 2.43639 2.44752 2.50468 2.61426 
2.59125 2.39369 2.479 2.43259 2.4278 2.24522 2.25907 2.21643 2.25953 2.20627 2.11588 1.99937 2.00005 1.94514 1.98407 1.87879 1.88397 1.82436 1.80085 1.7123 1.7494 1.63684 1.61949 1.59789 1.56689 1.52642 1.48744 1.47577 1.38732 1.40074 1.36818 1.33132 1.32582 1.25859 1.24965 1.20905 1.1824 1.17398 1.14283 1.12366 1.10248 1.06822 1.0712 1.046 1.03898 1.02788 1.02156 1.01021 1.00319 1.00033 1 1.00145 1.00666 1.01068 1.01117 1.02346 1.03813 1.05573 1.0617 1.08582 1.09005 1.11703 1.14688 1.17412 1.17089 1.21952 1.25111 1.27475 1.2998 1.32491 1.36745 1.4036 1.41072 1.4338 1.49216 1.54138 1.55498 1.58513 1.63126 1.6821 1.73743 1.78606 1.73348 1.88301 1.88167 1.93405 1.96505 1.9529 2.05003 2.03293 2.0672 2.1641 2.2175 2.21912 2.27492 2.30431 2.35764 2.42546 2.52182 2.5081 2.48939 
2.58395 2.47251 2.42508 2.36336 2.38922 2.28063 2.27382 2.30104 2.18034 2.16087 2.11203 2.112 2.07676 2.00952 1.98278 1.88791 1.89502 1.8622 1.76187 1.78714 1.68127 1.71081 1.6511 1.65052 1.57862 1.52816 1.50177 1.47747 1.42246 1.3873 1.36819 1.31043 1.30703 1.26364 1.25398 1.20154 1.20375 1.17503 1.13604 1.1036 1.10243 1.07649 1.06636 1.0512 1.04062 1.02735 1.01593 1.0073 1.00555 1.00108 1 1.0003 1.00304 1.00926 1.01593 1.02509 1.03697 1.05764 1.06293 1.07459 1.10379 1.1311 1.13088 1.17582 1.19442 1.20879 1.23796 1.2881 1.29878 1.3368 1.37699 1.38482 1.41946 1.47664 1.50361 1.55462 1.55733 1.61292 1.61437 1.70703 1.73282 1.76054 1.78663 1.83593 1.84034 1.92997 1.92338 1.99342 2.02938 2.08492 2.0997 2.1385 2.1481 2.1861 2.31217 2.28778 2.35283 2.40751 2.52092 2.54029 2.594 
2.51362 2.54749 2.48821 2.28098 2.3183 2.31889 2.25487 2.25433 2.25113 2.16861 2.1781 2.05029 2.01376 1.99998 1.98419 1.87222 1.88548 1.84109 1.72648 1.73962 1.70615 1.68328 1.65816 1.58165 1.54728 1.56271 1.47686 1.44796 1.43361 1.38269 1.34517 1.30185 1.28363 1.24332 1.24367 1.21214 1.18333 1.18297 1.13863 1.10794 1.08399 1.07299 1.07084 1.04318 1.03985 1.02938 1.015 1.00798 1.00365 1.00329 1 1.00022 1.00422 1.00862 1.01919 1.02967 1.03204 1.05642 1.06946 1.0818 1.07975 1.11727 1.14195 1.16321 1.18482 1.2158 1.24713 1.28738 1.29285 1.31834 1.33948 1.39191 1.45546 1.46482 1.51007 1.53902 1.56935 1.59565 1.63055 1.68823 1.72106 1.76001 1.80047 1.81205 1.84574 1.91486 1.91008 1.98962 2.04155 2.11227 2.11267 2.18159 2.2191 2.26422 2.28038 2.32868 2.36427 2.40721 2.41559 2.48634 2.58046 
2.57193 2.51583 2.52827 2.4117 2.3079 2.34976 2.28623 2.23478 2.19756 2.19752 2.13563 2.064 2.11123 1.98381 1.99351 1.94047 1.92276 1.84451 1.77331 1.70982 1.72647 1.69347 1.63372 1.61532 1.59403 1.53577 1.52204 1.47893 1.4134 1.41378 1.38237 1.34106 1.32911 1.26809 1.21588 1.20423 1.18207 1.15982 1.14269 1.1221 1.09083 1.0838 1.07215 1.05015 1.03314 1.02824 1.01539 1.01073 1.00431 1.001 1 1.00086 1.00558 1.01261 1.0196 1.01603 1.03209 1.0445 1.06551 1.09035 1.09988 1.11833 1.1433 1.16141 1.20503 1.20682 1.24951 1.27181 1.31179 1.34369 1.32969 1.40263 1.39938 1.45367 1.48287 1.51955 1.5491 1.61542 1.64734 1.6694 1.72823 1.77669 1.79504 1.85849 1.84893 1.92442 1.96498 2.00179 1.99575 2.1348 2.17701 2.16949 2.19203 2.22567 2.26053 2.3572 2.40917 2.36058 2.50637 2.54353 2.56368 
2.58346 2.41633 2.54019 2.41789 2.33701 2.42774 2.30126 2.3081 2.18864 2.13188 2.14947 2.0961 2.01327 2.04543 1.93688 1.95382 1.83482 1.84018 1.79055 1.74402 1.79523 1.6404 1.6383 1.6259 1.56527 1.53918 1.52293 1.43636 1.4368 1.38486 1.35485 1.31659 1.30568 1.24986 1.2496 1.22121 1.19637 1.15748 1.14766 1.12058 1.086 1.08584 1.05882 1.04417 1.03792 1.02092 1.02021 1.01457 1.00448 0.999881 1 1.00079 1.00587 1.00895 1.01449 1.02765 1.03812 1.05981 1.06976 1.07807 1.10886 1.1102 1.1384 1.15148 1.18486 1.20299 1.23145 1.27322 1.29624 1.30705 1.37103 1.38421 1.42211 1.44605 1.48008 1.52839 1.57377 1.62191 1.62676 1.64549 1.67704 1.76319 1.76466 1.79593 1.84171 1.92302 1.97962 1.99476 2.00898 2.14149 2.06136 2.18141 2.16948 2.23551 2.30266 2.33153 2.39786 2.44045 2.50955 2.51693 2.56341 
2.57317 2.43611 2.48306 2.40318 2.31544 2.29006 2.32081 2.27891 2.21405 2.14076 2.15171 2.08933 2.03379 1.91136 1.9631 1.90485 1.84567 1.85384 1.78757 1.74676 1.76041 1.65974 1.67024 1.60238 1.58532 1.51809 1.45535 1.46401 1.444 1.3861 1.34389 1.32587 1.28295 1.27752 1.24691 1.20835 1.19608 1.16433 1.11094 1.11787 1.09268 1.10383 1.07046 1.04612 1.03034 1.02991 1.01445 1.01095 1.00303 1.00184 1 1.00212 1.00375 1.00842 1.01435 1.02132 1.03404 1.05478 1.06755 1.08117 1.11025 1.11715 1.12681 1.15883 1.18416 1.21799 1.24771 1.2506 1.29961 1.32775 1.36755 1.40941 1.42733 1.44574 1.53173 1.51839 1.54349 1.58794 1.68888 1.67045 1.70184 1.79256 1.79132 1.85234 1.89759 1.90696 1.95958 2.01044 1.98447 2.09226 2.16019 2.17355 2.16721 2.26714 2.24361 2.3474 2.37813 2.40534 2.49019 2.49639 2.55488 
2.53684 2.49466 2.46347 2.44493 2.32749 2.29185 2.2698 2.22993 2.24073 2.13568 2.10951 2.03424 2.02122 1.95412 1.94143 1.85593 1.88211 1.79165 1.80954 1.76258 1.68708 1.68353 1.64264 1.55473 1.54189 1.52818 1.47913 1.47979 1.47239 1.42694 1.37388 1.31264 1.29683 1.28263 1.21599 1.22526 1.18781 1.1641 1.14635 1.12192 1.08696 1.06815 1.06349 1.04858 1.03127 1.03112 1.02025 1.01473 1.00329 1.00093 1 0.999643 1.00429 1.01036 1.02002 1.02414 1.03613 1.05313 1.06087 1.07488 1.10123 1.11673 1.14818 1.15997 1.19025 1.20507 1.24066 1.28323 1.30002 1.32406 1.36639 1.40986 1.414 1.45591 1.5237 1.52907 1.56184 1.61162 1.62109 1.67764 1.67233 1.78259 1.78425 1.84607 1.87642 1.92348 1.9968 2.04246 2.0349 2.07862 2.14914 2.16891 2.24985 2.30728 2.2973 2.31897 2.42518 2.36548 2.48703 2.50207 2.59497 
2.62143 2.54664 2.41046 2.50396 2.35841 2.34442 2.26057 2.26607 2.18717 2.18117 2.19024 2.14424 2.06055 2.01741 1.97119 1.9282 1.92077 1.80909 1.76661 1.76187 1.72533 1.65766 1.61972 1.56898 1.55248 1.53427 1.53621 1.46714 1.4004 1.38186 1.38147 1.36389 1.25937 1.28353 1.22366 1.20321 1.1876 1.14771 1.16021 1.13082 1.10695 1.07778 1.0806 1.05408 1.04019 1.03107 1.01838 1.01131 1.0034 1.00083 1 1.00115 1.00448 1.0076 1.01972 1.02425 1.03766 1.04914 1.07207 1.08593 1.09117 1.11462 1.14044 1.16734 1.18193 1.22246 1.23229 1.29973 1.29948 1.32815 1.35617 1.36213 1.42535 1.47183 1.4869 1.54604 1.58905 1.60566 1.6285 1.66652 1.69695 1.75068 1.85579 1.81984 1.83988 1.92931 1.99818 2.01804 2.01064 2.0806 2.08711 2.15301 2.16158 2.23813 2.3012 2.32831 2.40154 2.39673 2.46583 2.54277 2.53753 
2.53886 2.45103 2.41998 2.37982 2.30668 2.40103 2.36119 2.21057 2.19192 2.14831 2.15082 2.12764 2.06929 2.00879 1.91864 1.87229 1.87154 1.8384 1.79803 1.76788 1.73335 1.64295 1.64547 1.57188 1.62716 1.54426 1.49551 1.434 1.43054 1.38839 1.35977 1.34284 1.31401 1.25847 1.24317 1.21454 1.18514 1.18962 1.14564 1.11939 1.11771 1.10332 1.0654 1.03882 1.03982 1.01753 1.02338 1.00159 1.0019 1.00127 1 0.999669 1.00227 1.0092 1.0163 1.01672 1.03246 1.04595 1.06534 1.08705 1.10288 1.1009 1.15033 1.16459 1.18536 1.21662 1.2437 1.27797 1.32004 1.32156 1.36406 1.39588 1.43453 1.44189 1.47604 1.54331 1.55569 1.60524 1.62142 1.68782 1.70423 1.74216 1.77527 1.87252 1.84717 1.93781 1.95201 2.00154 2.06364 2.08398 2.12355 2.20936 2.21167 2.29776 2.33059 2.37686 2.41351 2.43647 2.46647 2.50383 2.52684 
2.60493 2.46798 2.39345 2.44247 2.46437 2.28458 2.31881 2.23454 2.19696 2.14544 2.11629 2.0876 2.05164 2.01611 1.95066 1.84565 1.89049 1.83118 1.77461 1.75708 1.70822 1.6947 1.60376 1.60498 1.51616 1.55491 1.48651 1.48364 1.39804 1.41458 1.36355 1.3059 1.27397 1.28501 1.24718 1.19505 1.21745 1.18345 1.13298 1.12351 1.10288 1.08801 1.06914 1.04748 1.03853 1.02193 1.01888 1.00908 1.005 1.00153 1 1.00395 1.0042 1.01129 1.0172 1.02438 1.03051 1.04381 1.06352 1.08347 1.10416 1.12564 1.15133 1.15404 1.18599 1.21213 1.27502 1.26332 1.28294 1.32814 1.37191 1.3943 1.44247 1.46883 1.51139 1.52731 1.58501 1.58924 1.64613 1.6504 1.71765 1.76462 1.83961 1.83167 1.87762 1.90895 1.96449 1.98121 2.00149 2.12017 2.11527 2.15478 2.21207 2.25862 2.29357 2.33695 2.3666 2.44096 2.43518 2.51753 2.5204 
2.49163 2.47192 2.39969 2.39361 2.30732 2.31932 2.31244 2.19693 2.24663 2.18223 2.15991 2.00643 1.96499 1.97875 1.98872 1.8956 1.86963 1.88238 1.82126 1.7292 1.66907 1.67645 1.66034 1.6531 1.57162 1.53379 1.50575 1.45557 1.4369 1.36904 1.39075 1.33361 1.29509 1.28234 1.25006 1.20929 1.20319 1.16311 1.1559 1.12265 1.09566 1.07956 1.05529 1.04899 1.0437 1.02651 1.01947 1.00957 1.00343 1.00094 1 1.00159 1.00348 1.00786 1.01754 1.02555 1.03554 1.04688 1.06109 1.09011 1.09323 1.11521 1.14637 1.16138 1.20224 1.22152 1.24273 1.26834 1.30287 1.32983 1.35164 1.39242 1.39333 1.45803 1.48666 1.54273 1.55291 1.57982 1.63035 1.66315 1.75842 1.7762 1.78078 1.81752 1.86896 1.92804 1.94605 2.02438 2.03033 2.02487 2.14164 2.13019 2.15536 2.26961 2.32098 2.32154 2.3938 2.44577 2.39565 2.48057 2.50506 
2.56903 2.39814 2.52013 2.47136 2.41753 2.36148 2.33439 2.28765 2.23686 2.22173 2.0801 2.09286 2.06601 2.02262 2.01852 1.92106 1.8622 1.84423 1.78759 1.77028 1.71136 1.68843 1.65965 1.62963 1.57681 1.48452 1.51304 1.48705 1.41351 1.38939 1.35007 1.31585 1.3059 1.26195 1.2229 1.21858 1.17181 1.17463 1.14655 1.12099 1.10282 1.08879 1.0633 1.04274 1.03906 1.03163 1.01236 1.00834 1.0022 1.00064 1 1.00219 1.00316 1.00801 1.02172 1.03151 1.03998 1.05336 1.06657 1.07902 1.104 1.11323 1.15253 1.14507 1.19508 1.21619 1.24119 1.26966 1.30265 1.36514 1.34915 1.41504 1.41204 1.45924 1.50507 1.56279 1.58179 1.58364 1.66757 1.67942 1.70765 1.72716 1.76174 1.8365 1.84953 1.92101 1.9976 1.96208 1.98915 2.06805 2.11378 2.15952 2.15569 2.17591 2.29872 2.36287 2.37629 2.38168 2.52151 2.47103 2.5673 
2.54366 2.51571 2.45985 2.49002 2.37473 2.26754 2.25445 2.24213 2.21476 2.1323 2.06845 2.09199 2.0647 2.04745 2.00205 1.94435 1.90558 1.88991 1.76141 1.69565 1.71776 1.6647 1.65109 1.59948 1.55762 1.5219 1.47309 1.4682 1.39419 1.42043 1.36846 1.32079 1.25786 1.26356 1.25112 1.21466 1.19078 1.14441 1.1179 1.1054 1.09532 1.08477 1.06468 1.05991 1.04385 1.02865 1.01217 1.00763 1.00513 1.00183 1 1.00131 1.00374 1.00697 1.02426 1.02256 1.03391 1.0587 1.05774 1.08546 1.09691 1.12987 1.1585 1.14959 1.17824 1.2193 1.24174 1.26901 1.29807 1.31324 1.33535 1.37836 1.42617 1.45312 1.49916 1.50071 1.53631 1.61323 1.65423 1.6484 1.73718 1.79395 1.81354 1.84774 1.87251 1.93477 1.94821 1.96733 2.01946 2.09868 2.10821 2.15766 2.23333 2.24047 2.2844 2.31441 2.38864 2.3936 2.49656 2.47996 2.51407 
2.61476 2.55364 2.49796 2.41837 2.46149 2.28098 2.33733 2.2386 2.263 2.14741 2.14115 2.05604 2.02062 1.92224 1.96076 1.95608 1.83648 1.82583 1.76363 1.76167 1.72247 1.70933 1.65196 1.63853 1.54354 1.53599 1.49877 1.46238 1.47668 1.44152 1.34501 1.33012 1.2995 1.29168 1.23081 1.22143 1.19439 1.16823 1.15521 1.13846 1.09005 1.08674 1.06849 1.03795 1.03894 1.0239 1.0196 1.00854 1.00238 1.00029 1 0.999652 1.00167 1.00819 1.01876 1.02907 1.04617 1.05507 1.05393 1.08267 1.10471 1.11089 1.13244 1.1652 1.17601 1.21061 1.25717 1.25813 1.28928 1.33683 1.38687 1.40811 1.43351 1.40536 1.48735 1.5598 1.57354 1.5629 1.64863 1.71525 1.73313 1.73437 1.79387 1.854 1.89954 1.88025 1.92172 2.00024 2.06682 2.11859 2.08893 2.14797 2.13175 2.26665 2.2771 2.31553 2.41252 2.4113 2.47225 2.50951 2.53454 
2.49334 2.49357 2.47859 2.44542 2.37102 2.38765 2.31389 2.26668 2.20402 2.15899 2.06952 2.08711 2.02619 1.9593 1.92216 1.86754 1.84157 1.85222 1.82138 1.6998 1.70587 1.70143 1.67288 1.60713 1.60909 1.55788 1.49704 1.43982 1.42627 1.4084 1.33794 1.33534 1.3164 1.28361 1.23376 1.21832 1.18696 1.16223 1.15202 1.13925 1.1025 1.08298 1.06893 1.0536 1.03818 1.02157 1.01661 1.01091 1.0023 1.00106 1 1.00219 1.00409 1.00515 1.01559 1.03084 1.04236 1.04996 1.05955 1.09092 1.08578 1.11557 1.13468 1.16748 1.16817 1.22173 1.23702 1.25116 1.30586 1.32632 1.37306 1.39445 1.40387 1.45798 1.51305 1.51297 1.57112 1.60272 1.64095 1.71048 1.70607 1.75254 1.80963 1.85276 1.87361 1.90369 1.94158 1.97807 2.07311 2.13274 2.14263 2.11977 2.21988 2.23163 2.38164 2.36943 2.36303 2.4798 2.47015 2.50578 2.60696 
2.50955 2.56784 2.42763 2.40525 2.48637 2.33257 2.2713 2.19182 2.27037 2.21015 2.14681 2.10434 2.07047 1.99888 2.00898 1.91361 1.87002 1.87996 1.80577 1.72893 1.70949 1.66474 1.6163 1.64731 1.60743 1.55693 1.48366 1.45099 1.4133 1.36263 1.36957 1.35559 1.32583 1.2429 1.2397 1.20222 1.19847 1.16539 1.13864 1.11687 1.09624 1.08504 1.06608 1.05009 1.04346 1.02482 1.01541 1.00923 1.00417 1.00245 1 1.00139 1.00221 1.0058 1.01505 1.02557 1.03544 1.05971 1.06765 1.07558 1.10967 1.11902 1.12642 1.16284 1.18534 1.19801 1.24226 1.24643 1.29474 1.34482 1.33293 1.40473 1.43692 1.48565 1.50595 1.52395 1.57843 1.56818 1.65256 1.67938 1.73543 1.73316 1.79551 1.86581 1.88093 1.92257 1.95308 1.99749 2.06639 2.02847 2.16991 2.21963 2.19064 2.25291 2.27942 2.33093 2.37498 2.47703 2.46315 2.55603 2.58399 
2.62236 2.54771 2.49953 2.36276 2.33038 2.37014 2.20609 2.26268 2.15718 2.16898 2.12521 2.10155 2.00975 2.03212 1.98615 1.91305 1.83623 1.83151 1.78868 1.78885 1.73023 1.69586 1.65919 1.5692 1.57141 1.55694 1.48931 1.4601 1.4448 1.37185 1.34629 1.31178 1.26329 1.28061 1.26609 1.22099 1.17076 1.18393 1.16407 1.12178 1.10897 1.08345 1.05906 1.06154 1.04815 1.02915 1.02073 1.01073 1.00177 1.00137 1 1.00115 1.00513 1.00272 1.01074 1.02789 1.04004 1.05391 1.06729 1.08042 1.0935 1.12212 1.14466 1.15427 1.18784 1.22252 1.23914 1.25767 1.29803 1.33445 1.38192 1.39959 1.42953 1.46883 1.49525 1.5593 1.57123 1.58511 1.65362 1.65603 1.6909 1.76676 1.77931 1.85331 1.83784 1.95066 1.99747 1.98713 2.01618 2.1266 2.1569 2.19492 2.19628 2.20098 2.29025 2.30276 2.36125 2.39238 2.50337 2.50505 2.58942 
2.4664 2.51647 2.50913 2.44163 2.36644 2.35472 2.30174 2.21908 2.21932 2.13897 2.09338 2.15907 2.06337 2.0372 1.96375 1.87175 1.81982 1.86688 1.7904 1.78797 1.68625 1.67789 1.66215 1.62614 1.5683 1.52779 1.45721 1.48858 1.42796 1.40699 1.36681 1.30944 1.292 1.26185 1.23596 1.2345 1.15076 1.1633 1.13541 1.11637 1.10467 1.09515 1.08044 1.04633 1.03393 1.01874 1.01456 1.00489 1.00339 1.00132 1 1.0012 1.0003 1.00977 1.01888 1.02482 1.04151 1.05005 1.0675 1.08085 1.10962 1.11335 1.13963 1.16282 1.17978 1.19175 1.25624 1.25852 1.30647 1.33125 1.35439 1.41544 1.42737 1.46971 1.5029 1.57875 1.56598 1.5536 1.64682 1.66526 1.70384 1.74933 1.80716 1.81201 1.8439 1.91111 1.94346 1.97824 2.02616 2.10126 2.14035 2.16489 2.23448 2.2384 2.29099 2.3152 2.35428 2.45559 2.39726 2.56606 2.58387 
2.51866 2.49049 2.46961 2.38787 2.32854 2.36598 2.34109 2.20998 2.18047 2.13754 2.17867 2.14277 1.94029 1.96381 1.946 1.96646 1.82094 1.82549 1.77876 1.77927 1.65967 1.66235 1.67994 1.63982 1.5634 1.52728 1.46305 1.44613 1.3971 1.41224 1.34501 1.34046 1.31858 1.27603 1.23734 1.20298 1.19541 1.1802 1.14363 1.12705 1.10187 1.07995 1.06542 1.04343 1.03928 1.03413 1.02036 1.00588 1.00266 1.00121 1 1.002 1.00553 1.01014 1.01642 1.02625 1.03372 1.04837 1.07082 1.07692 1.10168 1.11646 1.14481 1.17865 1.18325 1.20529 1.24503 1.25738 1.26656 1.33579 1.37075 1.39532 1.42785 1.46589 1.48986 1.51637 1.55777 1.6075 1.65267 1.65775 1.7043 1.73914 1.81048 1.8247 1.88849 1.95008 1.95573 2.00535 2.06607 2.10875 2.11995 2.16622 2.19369 2.28255 2.27745 2.3343 2.38152 2.48453 2.45737 2.56599 2.53908 
2.54609 2.43089 2.46096 2.38312 2.42384 2.31021 2.33819 2.30175 2.19794 2.1403 2.07094 2.0717 2.07757 2.00232 1.96514 1.94519 1.8794 1.83191 1.7688 1.75679 1.75101 1.6443 1.64314 1.59843 1.57117 1.47418 1.45358 1.45461 1.45074 1.38506 1.36106 1.32082 1.28438 1.28513 1.22903 1.20572 1.18316 1.15412 1.14788 1.12562 1.11178 1.07545 1.07051 1.05061 1.0394 1.03029 1.01655 1.00887 1.00735 1.00099 1 1.00086 1.00781 1.01154 1.01342 1.02974 1.03788 1.04236 1.06756 1.06584 1.09351 1.12899 1.1324 1.1706 1.19923 1.20478 1.24401 1.28981 1.27962 1.32692 1.37346 1.36828 1.42953 1.45367 1.50074 1.51616 1.59151 1.6004 1.61622 1.67065 1.76352 1.80186 1.82065 1.85113 1.8688 1.91998 1.91692 1.98761 2.0141 2.09671 2.15808 2.2001 2.19246 2.18824 2.26523 2.28276 2.36515 2.46671 2.5039 2.47645 2.54556 
2.54472 2.49111 2.44622 2.49363 2.42556 2.33513 2.27075 2.24967 2.16111 2.09749 2.08542 2.07469 2.08757 1.98599 2.00696 1.94423 1.87997 1.84256 1.77256 1.76317 1.66498 1.68688 1.64482 1.62106 1.55332 1.56184 1.49696 1.50302 1.45254 1.41059 1.33406 1.3153 1.31604 1.29198 1.2407 1.2282 1.18109 1.1756 1.13655 1.11235 1.10003 1.07079 1.06233 1.04215 1.03535 1.02567 1.01592 1.01051 1.00376 1.00167 1 1.00311 1.00595 1.01051 1.01687 1.03187 1.04005 1.05058 1.06189 1.08446 1.09633 1.12048 1.14942 1.15712 1.1896 1.20448 1.24008 1.27158 1.27787 1.31175 1.36039 1.39584 1.44451 1.45582 1.48017 1.53764 1.57641 1.5924 1.63172 1.66379 1.68099 1.74156 1.7926 1.86695 1.90496 1.88661 1.96417 2.05027 2.0523 2.03295 2.13276 2.20655 2.19835 2.24812 2.23808 2.37515 2.40907 2.37713 2.50483 2.47921 2.52957 
2.51965 2.5195 2.49906 2.45986 2.28676 2.42463 2.27045 2.21255 2.21406 2.18193 2.09436 2.02017 2.02349 1.94303 1.97306 1.93234 1.84036 1.86239 1.79872 1.78832 1.70002 1.67012 1.62866 1.61224 1.52069 1.54803 1.5018 1.44584 1.44145 1.3906 1.36871 1.32039 1.27817 1.31122 1.22588 1.22371 1.20159 1.16065 1.14808 1.12092 1.09502 1.08921 1.06554 1.0572 1.03859 1.02431 1.02043 1.01435 1.00208 1.00037 1 1.00076 1.00316 1.00517 1.01198 1.02334 1.0413 1.04907 1.0688 1.08596 1.09235 1.11591 1.13463 1.18316 1.18829 1.20267 1.23294 1.25958 1.30152 1.32693 1.35533 1.39706 1.40619 1.48193 1.47873 1.53414 1.56899 1.62555 1.6208 1.6527 1.71516 1.7594 1.81898 1.80433 1.86821 1.89217 1.99093 2.0084 2.0466 2.07089 2.12993 2.15346 2.27243 2.2518 2.24546 2.36841 2.39211 2.44121 2.4308 2.50444 2.6166 
2.61136 2.50943 2.47412 2.41525 2.44394 2.32187 2.29522 2.31548 2.20698 2.14576 2.09696 2.12131 2.01695 2.03003 2.00207 1.93177 1.89074 1.84203 1.84036 1.74997 1.70217 1.6676 1.68334 1.59698 1.58244 1.51445 1.53611 1.44561 1.42743 1.41093 1.38207 1.33349 1.28056 1.27275 1.23815 1.21985 1.18257 1.17438 1.14074 1.13508 1.10602 1.08577 1.07488 1.04856 1.03682 1.02401 1.01418 1.00852 1.00576 1.00197 1 1.00121 1.00501 1.01577 1.01672 1.01938 1.03968 1.05897 1.06057 1.09339 1.08169 1.12464 1.14653 1.16523 1.19251 1.19697 1.22837 1.2648 1.30692 1.34369 1.36551 1.38152 1.4078 1.44937 1.47503 1.54819 1.59372 1.62385 1.6598 1.67839 1.65978 1.75768 1.81955 1.83232 1.90735 1.90809 1.9655 1.99264 2.05116 2.09421 2.13899 2.1292 2.23888 2.24272 2.29378 2.36392 2.33164 2.4172 2.48473 2.43626 2.58377 
2.443 2.59779 2.52151 2.4304 2.33009 2.3271 2.27381 2.23199 2.22457 2.1653 2.17229 2.06874 2.12233 1.96818 1.96474 1.86766 1.88919 1.81722 1.80674 1.72183 1.73023 1.66378 1.64925 1.6654 1.56744 1.55045 1.48422 1.41276 1.41312 1.36224 1.34982 1.31732 1.30837 1.26071 1.24135 1.19436 1.1869 1.15232 1.15988 1.11661 1.10987 1.08509 1.07516 1.04736 1.04097 1.02955 1.0117 1.01537 1.00062 1.00113 1 1.0013 1.00346 1.01131 1.01275 1.0193 1.03485 1.04904 1.06867 1.07171 1.09122 1.10896 1.15544 1.17732 1.17661 1.20786 1.24427 1.26545 1.32546 1.31864 1.4051 1.40785 1.41338 1.48444 1.4927 1.53869 1.56864 1.6063 1.67159 1.66611 1.69052 1.71215 1.8053 1.81278 1.88263 1.90931 1.93006 1.97722 2.06131 2.07876 2.12562 2.1552 2.1734 2.21301 2.33068 2.32541 2.43336 2.39409 2.47484 2.51942 2.5681 
2.54566 2.52516 2.49528 2.32152 2.41844 2.31812 2.30725 2.25063 2.20107 2.14226 2.1134 2.10761 2.02818 2.01318 1.96836 1.99002 1.85518 1.88301 1.7766 1.72906 1.67009 1.67914 1.64571 1.62616 1.5563 1.54466 1.53885 1.49101 1.45375 1.40655 1.38066 1.33265 1.25187 1.2557 1.24364 1.2398 1.17344 1.15165 1.14484 1.13026 1.08817 1.07317 1.07345 1.04757 1.03571 1.02793 1.01956 1.01325 1.00742 1.0019 1 1.00115 1.00289 1.01018 1.01865 1.03291 1.03947 1.0465 1.07278 1.08569 1.11182 1.11725 1.15699 1.16838 1.17874 1.20656 1.23088 1.26937 1.29085 1.35079 1.3754 1.42564 1.45341 1.45068 1.51993 1.54341 1.56806 1.61248 1.63257 1.64799 1.74661 1.73673 1.80778 1.83639 1.85301 1.92205 1.97474 2.01961 2.04878 2.09761 2.15605 2.20672 2.21755 2.25335 2.282 2.27218 2.35578 2.39443 2.45532 2.50505 2.49474 
2.58222 2.4893 2.4653 2.36168 2.38533 2.30809 2.30119 2.2418 2.16218 2.18765 2.2352 2.12011 2.07449 2.03949 1.98164 1.94388 1.9008 1.78418 1.86895 1.79732 1.68275 1.67869 1.6339 1.60838 1.58528 1.54403 1.47611 1.4281 1.42995 1.40404 1.38018 1.27042 1.2862 1.27339 1.21933 1.19453 1.18087 1.16962 1.1552 1.12974 1.09924 1.07761 1.06886 1.05088 1.04034 1.02387 1.02006 1.00565 1.00529 1.00236 1 1.00097 1.00388 1.00899 1.01672 1.02797 1.03695 1.05212 1.06782 1.08544 1.10411 1.11325 1.1421 1.16502 1.18617 1.20973 1.24322 1.26934 1.30498 1.34583 1.35852 1.37668 1.44777 1.46073 1.49908 1.53501 1.57744 1.57784 1.64823 1.6701 1.72987 1.77835 1.78802 1.85203 1.88471 1.94134 1.98022 2.01775 2.05818 2.02277 2.13294 2.15091 2.22785 2.2654 2.31291 2.34921 2.46444 2.42226 2.47231 2.47403 2.57457 
2.58612 2.50448 2.43087 2.38034 2.36528 2.32363 2.30196 2.20553 2.31149 2.12405 2.13975 2.12012 2.01036 1.96975 1.93822 1.91182 1.88586 1.8638 1.78123 1.77221 1.69602 1.67539 1.6626 1.63715 1.59137 1.55582 1.49649 1.46644 1.45539 1.41889 1.35872 1.33219 1.29579 1.26463 1.24174 1.21398 1.19231 1.16504 1.13346 1.12566 1.09348 1.09551 1.07537 1.04855 1.03746 1.02127 1.01868 1.01669 1.0031 1.0018 1 1.00014 0.999498 1.0125 1.01362 1.0231 1.02881 1.03958 1.06937 1.07295 1.09461 1.12696 1.14033 1.15556 1.18628 1.18295 1.23106 1.26525 1.30467 1.35342 1.37049 1.39497 1.45937 1.47289 1.51016 1.50037 1.57293 1.62023 1.64616 1.698 1.73419 1.78713 1.80427 1.86663 1.83657 1.94886 1.92275 1.99813 2.05795 2.11158 2.12975 2.15666 2.16559 2.2991 2.34317 2.39401 2.41119 2.40951 2.44363 2.54571 2.61259 
2.56091 2.50787 2.44675 2.38176 2.35213 2.28802 2.29226 2.2556 2.18563 2.18495 2.10611 2.06673 2.02996 2.01308 2.00166 1.87654 1.91821 1.873 1.85354 1.78147 1.69132 1.67033 1.69716 1.58743 1.53567 1.52674 1.50077 1.502 1.40581 1.39764 1.35531 1.32381 1.2961 1.2655 1.27927 1.215 1.2006 1.17746 1.13508 1.11607 1.09092 1.08317 1.06335 1.05724 1.03877 1.02978 1.01466 1.0123 1.00371 1.0017 1 1.00012 1.00372 1.00868 1.01702 1.02122 1.0386 1.05604 1.06481 1.08516 1.09913 1.11715 1.14089 1.14515 1.19902 1.22454 1.25888 1.27775 1.29327 1.31414 1.34599 1.39207 1.44622 1.47708 1.49722 1.53748 1.55528 1.55723 1.62991 1.69685 1.68192 1.75935 1.80115 1.85837 1.88659 1.8996 1.96557 2.01556 1.99335 2.11898 2.10838 2.21766 2.22666 2.28551 2.25561 2.31897 2.38199 2.46013 2.41243 2.54711 2.56524 
2.5402 2.49988 2.41522 2.32137 2.40566 2.3588 2.24127 2.24402 2.253 2.21258 2.10128 2.13138 2.07716 2.03849 1.91667 1.89012 1.86053 1.75167 1.83294 1.77853 1.74421 1.66411 1.6769 1.59524 1.55268 1.50245 1.49361 1.42226 1.42561 1.35749 1.36307 1.36608 1.31349 1.25286 1.2392 1.23714 1.18766 1.14716 1.13443 1.10831 1.08382 1.08612 1.06624 1.04663 1.03975 1.02221 1.00802 1.00743 1.00328 1.0004 1 1.00157 1.00177 1.00584 1.01814 1.02111 1.04194 1.04945 1.06043 1.07379 1.10626 1.13209 1.13552 1.14088 1.19053 1.22244 1.26453 1.23736 1.30243 1.32092 1.36026 1.39752 1.41342 1.49933 1.47303 1.5399 1.56209 1.57987 1.68232 1.70883 1.74357 1.7278 1.77122 1.79912 1.88976 1.89217 1.989 1.97794 2.04657 2.10185 2.09469 2.16929 2.16851 2.27919 2.32996 2.32124 2.34894 2.47168 2.46226 2.53952 2.53201 
2.61682 2.52941 2.43555 2.35662 2.43983 2.3292 2.30805 2.28784 2.20386 2.13132 2.12154 2.06205 2.08905 2.0426 1.89479 1.87529 1.86705 1.85495 1.80186 1.73852 1.67043 1.64462 1.63483 1.63105 1.52329 1.52265 1.49965 1.47362 1.45705 1.39892 1.32588 1.33707 1.28907 1.26588 1.22795 1.24292 1.18875 1.17197 1.13446 1.13731 1.1105 1.07684 1.06127 1.05588 1.03429 1.03114 1.01905 1.01577 1.00394 1.00064 1 1.00178 1.00384 1.00981 1.02166 1.02805 1.03781 1.05809 1.07365 1.09296 1.10596 1.12262 1.14502 1.17732 1.21849 1.23005 1.25626 1.28376 1.32188 1.34171 1.35964 1.41838 1.39897 1.47347 1.48869 1.51396 1.58422 1.61026 1.64118 1.64215 1.74508 1.72671 1.8051 1.85451 1.86222 1.91151 1.89156 1.97271 2.06811 2.02942 2.14265 2.15354 2.15832 2.22175 2.23129 2.31244 2.4092 2.43301 2.4594 2.49961 2.59681 
2.61005 2.46097 2.60578 2.46459 2.39113 2.3429 2.29374 2.17557 2.2 2.16875 2.1422 2.06774 2.09593 2.05533 2.00223 1.92988 1.86924 1.83895 1.78754 1.76575 1.77229 1.685 1.68645 1.59503 1.60229 1.5606 1.51305 1.44718 1.45049 1.36374 1.36626 1.33109 1.30539 1.2771 1.26213 1.22127 1.20291 1.17477 1.13997 1.11104 1.09387 1.07999 1.07048 1.05154 1.0387 1.02751 1.02314 1.0107 1.00159 1.00175 1 1.00181 1.0012 1.0081 1.01714 1.02195 1.03672 1.0544 1.07002 1.09202 1.1001 1.13131 1.12438 1.16777 1.19657 1.21537 1.25051 1.27857 1.28588 1.3366 1.3475 1.41457 1.44699 1.49859 1.50921 1.53309 1.56118 1.62095 1.66906 1.68395 1.7275 1.75154 1.78714 1.85592 1.86215 1.90043 1.94648 2.01273 2.06689 2.09838 2.09626 2.1185 2.23213 2.22469 2.23116 2.33131 2.37285 2.48076 2.49742 2.443 2.57461 
2.58371 2.51761 2.48294 2.3561 2.3454 2.37138 2.27147 2.23522 2.17069 2.24002 2.0677 2.0693 2.04556 2.01878 1.9483 1.87417 1.90267 1.83178 1.79562 1.74558 1.74208 1.67231 1.63132 1.64078 1.61949 1.50457 1.4916 1.46238 1.4147 1.39286 1.34859 1.3106 1.28348 1.28741 1.25523 1.23499 1.1962 1.1873 1.14832 1.11513 1.10343 1.0696 1.06278 1.05766 1.03727 1.03566 1.02109 1.01049 1.0025 1.0003 1 1.00276 1.00479 1.01006 1.01852 1.02026 1.02703 1.04696 1.0663 1.09592 1.1047 1.13219 1.13933 1.1796 1.20174 1.20797 1.23403 1.27897 1.28277 1.32817 1.35916 1.39399 1.4168 1.46194 1.50041 1.54042 1.54216 1.58287 1.63795 1.67953 1.73604 1.77648 1.78994 1.85369 1.89415 1.91884 1.94904 1.9762 2.00915 2.07546 2.12327 2.16901 2.18369 2.26724 2.25193 2.30315 2.3945 2.38143 2.54855 2.45543 2.50676 
2.59117 2.55129 2.45094 2.40805 2.3427 2.33065 2.23939 2.20796 2.22431 2.1398 2.13381 2.01754 1.98004 2.00899 1.90735 1.90619 1.9109 1.80468 1.76534 1.79233 1.75121 1.68816 1.64638 1.62453 1.54368 1.54013 1.48496 1.47464 1.41563 1.37839 1.36058 1.30911 1.294 1.25732 1.23617 1.24964 1.21162 1.18429 1.14725 1.11897 1.08385 1.08819 1.06426 1.04515 1.03169 1.02863 1.01561 1.01111 1.00186 1.0015 1 1.00179 1.00297 1.00637 1.01401 1.02718 1.03766 1.04623 1.0674 1.07934 1.10667 1.1236 1.14295 1.17233 1.18525 1.22783 1.23857 1.28175 1.31649 1.35705 1.33589 1.38539 1.40931 1.44468 1.49009 1.52377 1.58992 1.62538 1.59399 1.67502 1.73199 1.73691 1.78327 1.8469 1.89384 1.92558 1.95173 2.02008 2.04089 2.07343 2.15496 2.18692 2.19587 2.26088 2.2866 2.32488 2.43107 2.41777 2.4817 2.51386 2.61738 
2.58734 2.40508 2.51275 2.50338 2.36042 2.33202 2.28565 2.25925 2.23055 2.14326 2.12749 2.06242 2.05879 2.02571 1.99374 1.94653 1.90357 1.83412 1.77512 1.77052 1.72108 1.62361 1.6727 1.64146 1.60531 1.5461 1.48305 1.47356 1.40975 1.40131 1.33439 1.30948 1.30556 1.25232 1.25862 1.21582 1.18462 1.19124 1.15984 1.09995 1.09886 1.0769 1.057 1.05141 1.03303 1.02333 1.01257 1.0162 1.00574 1.00152 1 1.00153 1.0062 1.00599 1.01877 1.02725 1.03846 1.05743 1.06896 1.0863 1.10278 1.12067 1.13583 1.16244 1.18151 1.20885 1.25165 1.26247 1.30341 1.33716 1.39279 1.40353 1.44752 1.43712 1.53567 1.50757 1.54987 1.59842 1.63163 1.65377 1.7208 1.74408 1.80501 1.77786 1.88931 1.94816 1.97022 2.024 2.0153 2.0853 2.121 2.21071 2.22868 2.27794 2.29851 2.34867 2.41723 2.47127 2.41507 2.52896 2.5187 
2.52995 2.50545 2.52558 2.4107 2.32511 2.34082 2.26686 2.24925 2.27825 2.16612 2.09866 2.06074 2.11062 1.99536 1.97806 1.88128 1.87652 1.8297 1.76727 1.71842 1.68407 1.6578 1.67617 1.6085 1.57052 1.58496 1.53421 1.42352 1.371 1.43392 1.34891 1.29261 1.32904 1.28198 1.23124 1.21527 1.18267 1.15908 1.14057 1.11279 1.09129 1.06836 1.06431 1.05884 1.03426 1.02555 1.01512 1.01053 1.00563 1.00037 1 1.00174 0.998678 1.01002 1.01683 1.02742 1.03682 1.0525 1.06943 1.0778 1.09316 1.11807 1.13663 1.17654 1.18122 1.19792 1.22545 1.26078 1.30628 1.35777 1.36315 1.42723 1.40204 1.45279 1.50164 1.56009 1.56985 1.59927 1.63924 1.68041 1.69894 1.76166 1.80599 1.84375 1.88405 1.94514 1.97019 1.96032 2.01179 2.02226 2.10693 2.12936 2.15242 2.2317 2.27878 2.339 2.33173 2.42414 2.49243 2.58574 2.46714 
2.45429 2.50979 2.41661 2.39307 2.32335 2.34176 2.31174 2.31551 2.26216 2.14618 2.10861 2.08944 2.02559 2.01317 2.00886 1.94991 1.82131 1.78649 1.756 1.74583 1.74746 1.64496 1.63572 1.63859 1.53549 1.46813 1.50917 1.42136 1.43095 1.39579 1.34505 1.33347 1.27812 1.30476 1.25102 1.22439 1.19165 1.16839 1.14184 1.12805 1.106 1.09115 1.07199 1.04698 1.04311 1.03418 1.01715 1.00605 1.00099 1.00142 1 1.00182 1.0022 1.00912 1.01437 1.02856 1.04044 1.04231 1.05975 1.07631 1.08957 1.12313 1.14857 1.16352 1.19953 1.20678 1.23075 1.26627 1.29869 1.34304 1.37744 1.39593 1.43888 1.45902 1.47907 1.55147 1.55994 1.64008 1.60683 1.65281 1.71791 1.77604 1.78379 1.87938 1.8903 1.94879 1.9342 2.01939 2.0066 2.06647 2.14741 2.15894 2.20137 2.25081 2.22681 2.30696 2.36752 2.42556 2.44278 2.47549 2.50229 
2.51249 2.54679 2.55082 2.43048 2.37857 2.3647 2.32167 2.19981 2.27827 2.19564 2.17021 2.14282 2.04377 2.05242 1.92915 1.89175 1.84601 1.81006 1.84936 1.75827 1.73707 1.71064 1.63812 1.60252 1.58599 1.52172 1.47762 1.46432 1.44498 1.38139 1.35242 1.32719 1.32869 1.26746 1.24312 1.21391 1.20412 1.17909 1.16276 1.10428 1.11761 1.08766 1.0677 1.05736 1.0365 1.02382 1.01993 1.00655 1.00394 1.00018 1 1.00181 1.0032 1.00714 1.01276 1.0274 1.03655 1.05727 1.06582 1.08002 1.11147 1.12007 1.14194 1.18676 1.20169 1.23255 1.24935 1.24378 1.30326 1.3517 1.37075 1.38319 1.4368 1.45358 1.50258 1.53578 1.55682 1.61365 1.66319 1.72494 1.72153 1.73029 1.74522 1.82907 1.84856 1.94517 1.97856 2.04455 2.07089 2.05915 2.11475 2.18798 2.17804 2.25457 2.26582 2.30733 2.37435 2.43541 2.47745 2.55492 2.55237 
