1.93614 1.92338 1.9138 1.92448 1.90196 1.87972 1.84939 1.90143 1.8497 1.85296 1.82559 1.81111 1.80876 1.80721 1.79639 1.80615 1.77581 1.77335 1.75483 1.74656 1.72891 1.73896 1.70575 1.70484 1.70684 1.68562 1.69081 1.6698 1.66316 1.66536 1.64921 1.66539 1.64843 1.6408 1.65915 1.63061 1.62509 1.61373 1.61764 1.62195 1.61384 1.616 1.6056 1.60765 1.60594 1.60405 1.60096 1.60459 1.60386 1.60324 1.60341 1.60363 1.60404 1.60565 1.60545 1.6095 1.61754 1.61165 1.62019 1.61998 1.61602 1.62402 1.63146 1.64146 1.64182 1.64623 1.6464 1.65545 1.66811 1.67773 1.67414 1.67906 1.68486 1.68281 1.69763 1.716 1.72893 1.72517 1.7198 1.74841 1.75114 1.76701 1.76144 1.80622 1.80239 1.80061 1.81971 1.80595 1.8513 1.82189 1.85692 1.87897 1.88255 1.91594 1.94233 1.98278 1.92283 1.93251 1.96073 2.00389 2.01632 
1.9113 1.91486 1.86387 1.86613 1.87003 1.8342 1.8393 1.85017 1.79358 1.81908 1.79517 1.77171 1.76488 1.78083 1.77622 1.75477 1.7413 1.72324 1.71824 1.69723 1.69843 1.6756 1.70114 1.67415 1.66583 1.67106 1.64575 1.6605 1.65142 1.63068 1.63389 1.62844 1.61201 1.61774 1.60109 1.61155 1.59296 1.59907 1.59294 1.59257 1.58845 1.59022 1.5768 1.57766 1.57717 1.57251 1.57438 1.5728 1.57308 1.57269 1.57305 1.57369 1.5741 1.57733 1.57642 1.57838 1.5851 1.5835 1.58623 1.58952 1.59849 1.5996 1.59196 1.59781 1.60492 1.62031 1.61512 1.62156 1.62653 1.63629 1.65428 1.66179 1.65295 1.65809 1.67111 1.68148 1.67424 1.70442 1.69552 1.70744 1.72377 1.71839 1.72951 1.75615 1.77646 1.76259 1.79917 1.78361 1.80698 1.81172 1.83616 1.8625 1.86692 1.85099 1.8929 1.87965 1.89691 1.89432 1.89679 1.92989 1.94499 
1.87227 1.87037 1.89867 1.85658 1.83322 1.78395 1.79934 1.80856 1.79495 1.76239 1.78473 1.75459 1.73881 1.72571 1.73587 1.70266 1.71194 1.69288 1.69675 1.677 1.68542 1.67252 1.65702 1.66075 1.64425 1.62055 1.63276 1.60535 1.61987 1.62132 1.59998 1.58558 1.58894 1.59399 1.58558 1.57136 1.57428 1.57041 1.56641 1.56453 1.55979 1.55222 1.54714 1.55614 1.5515 1.54801 1.54247 1.54269 1.54445 1.54428 1.54382 1.54372 1.54658 1.54533 1.547 1.55228 1.55145 1.55808 1.56249 1.55768 1.55997 1.56902 1.57314 1.57913 1.57038 1.59548 1.58784 1.60086 1.59655 1.61646 1.6082 1.62667 1.63687 1.63895 1.6341 1.66675 1.65694 1.65323 1.67892 1.69358 1.69086 1.69417 1.7164 1.72443 1.7206 1.72584 1.7668 1.78565 1.77306 1.78481 1.83078 1.81838 1.83724 1.87209 1.83432 1.86794 1.88212 1.89416 1.91041 1.89285 1.92806 
1.85474 1.87514 1.80649 1.81281 1.79004 1.81978 1.78287 1.77169 1.80521 1.76169 1.73877 1.74728 1.70821 1.74085 1.71233 1.67937 1.67316 1.67044 1.64592 1.65634 1.64333 1.65994 1.63671 1.61487 1.6047 1.62519 1.60461 1.58548 1.58133 1.59175 1.56442 1.5705 1.55452 1.54912 1.54542 1.54274 1.54324 1.53733 1.52617 1.53775 1.53224 1.52875 1.52292 1.52358 1.52103 1.52007 1.51769 1.51768 1.51503 1.51633 1.5157 1.51569 1.51645 1.51827 1.52139 1.52368 1.52179 1.52417 1.52378 1.53062 1.53037 1.53434 1.54408 1.53605 1.55261 1.55468 1.55734 1.55467 1.55956 1.58597 1.58579 1.59139 1.58906 1.59617 1.60393 1.6086 1.62777 1.63666 1.65099 1.65148 1.67069 1.68964 1.69723 1.6593 1.70482 1.69215 1.72161 1.7254 1.7305 1.75524 1.75537 1.77258 1.75785 1.80143 1.76243 1.78946 1.83114 1.85733 1.87117 1.88875 1.8902 
1.82002 1.7935 1.82119 1.77052 1.77641 1.81701 1.78027 1.72454 1.72783 1.74345 1.69632 1.68333 1.68958 1.6983 1.67958 1.65873 1.64429 1.65211 1.6351 1.62574 1.62992 1.61538 1.58917 1.59637 1.58166 1.5802 1.5624 1.57372 1.55844 1.55893 1.53829 1.55067 1.53083 1.5297 1.52211 1.52037 1.52025 1.51142 1.51097 1.5044 1.50185 1.50049 1.49571 1.49893 1.49333 1.49328 1.49115 1.48887 1.4877 1.48835 1.48865 1.4896 1.48965 1.49169 1.48886 1.4933 1.50002 1.49444 1.49925 1.50473 1.50933 1.51628 1.51234 1.51643 1.52301 1.52889 1.5375 1.53934 1.54742 1.55197 1.55053 1.56042 1.56975 1.58417 1.57681 1.61179 1.59411 1.62525 1.61253 1.63005 1.62112 1.64478 1.63764 1.6706 1.66383 1.68626 1.68851 1.69269 1.69889 1.7482 1.73314 1.74988 1.73163 1.7847 1.80036 1.79137 1.79875 1.81194 1.83278 1.83793 1.86548 
1.79727 1.79013 1.80758 1.73912 1.77964 1.71397 1.71195 1.72634 1.7015 1.72057 1.71636 1.67343 1.66024 1.65767 1.64808 1.63602 1.66032 1.62326 1.6239 1.59639 1.59939 1.58593 1.57053 1.56984 1.57224 1.55837 1.55555 1.54308 1.53411 1.528 1.52989 1.50948 1.50293 1.50664 1.496 1.50652 1.48415 1.49072 1.48314 1.48948 1.47547 1.47308 1.47177 1.46865 1.46429 1.46687 1.4662 1.46217 1.46223 1.46246 1.46263 1.46316 1.46477 1.46364 1.46544 1.4666 1.4665 1.46945 1.47848 1.4786 1.47737 1.48211 1.48086 1.49132 1.49345 1.49449 1.50531 1.50835 1.52894 1.51914 1.52188 1.53567 1.54373 1.55718 1.5595 1.58014 1.57396 1.58982 1.59314 1.60586 1.60458 1.609 1.61005 1.64567 1.61421 1.64661 1.68241 1.64573 1.68236 1.68524 1.68594 1.69581 1.71899 1.72588 1.7523 1.79609 1.76331 1.7899 1.78405 1.8017 1.8311 
1.79924 1.7959 1.73078 1.75096 1.73973 1.74687 1.66486 1.68608 1.68533 1.66824 1.6808 1.66509 1.64461 1.60741 1.6037 1.61306 1.60799 1.60488 1.59568 1.5734 1.58118 1.56658 1.55665 1.55184 1.52604 1.54192 1.55416 1.5216 1.52232 1.50567 1.50821 1.4898 1.48699 1.47769 1.48008 1.48312 1.46045 1.46055 1.45684 1.45165 1.44924 1.45104 1.44326 1.44266 1.44571 1.43874 1.4386 1.43866 1.43692 1.43778 1.43761 1.43766 1.44035 1.44006 1.44141 1.44355 1.43984 1.4503 1.45303 1.45535 1.4568 1.4599 1.46663 1.46752 1.47632 1.473 1.47116 1.47405 1.4869 1.51436 1.48983 1.51688 1.52559 1.5207 1.53293 1.54003 1.54736 1.5406 1.56127 1.55817 1.56987 1.56603 1.58777 1.59674 1.60467 1.62412 1.61721 1.63963 1.6722 1.67788 1.71399 1.68966 1.67993 1.7305 1.75198 1.73732 1.7275 1.73809 1.76781 1.82145 1.84005 
1.78319 1.74983 1.71429 1.74036 1.70555 1.68191 1.67223 1.67059 1.62944 1.63639 1.64997 1.63731 1.6005 1.61501 1.59912 1.59679 1.57584 1.58526 1.57083 1.56433 1.54717 1.54967 1.52492 1.51847 1.50588 1.50658 1.5008 1.48333 1.48328 1.47664 1.47157 1.48188 1.45719 1.46045 1.46163 1.45606 1.44884 1.43845 1.42978 1.43652 1.42368 1.43181 1.42288 1.42059 1.4167 1.41857 1.4162 1.41385 1.41393 1.41311 1.41356 1.41469 1.41544 1.41495 1.41598 1.41925 1.41827 1.41907 1.43181 1.42998 1.42621 1.43677 1.43629 1.44849 1.4531 1.44633 1.45243 1.47131 1.46814 1.47387 1.48334 1.49583 1.50376 1.49278 1.49858 1.51949 1.51771 1.5327 1.52935 1.54336 1.55654 1.6 1.55572 1.57933 1.58237 1.59788 1.63257 1.60937 1.62599 1.63825 1.62367 1.66268 1.6691 1.66573 1.69685 1.71394 1.72459 1.70821 1.72433 1.75625 1.72836 
1.70087 1.71984 1.70534 1.67507 1.72307 1.65683 1.67417 1.66515 1.62451 1.6585 1.61659 1.5962 1.62341 1.60336 1.59885 1.56762 1.55423 1.54389 1.5523 1.52381 1.52731 1.53108 1.48876 1.48574 1.4945 1.47616 1.46678 1.47566 1.45897 1.46049 1.44975 1.43932 1.45074 1.43763 1.42394 1.42458 1.42859 1.41254 1.41973 1.4124 1.40514 1.40182 1.398 1.40057 1.39746 1.39082 1.39409 1.39022 1.39114 1.39055 1.39046 1.39103 1.39089 1.39253 1.39176 1.39629 1.39658 1.39822 1.40269 1.40658 1.39724 1.40841 1.41028 1.41209 1.41342 1.41407 1.43259 1.44378 1.44766 1.44666 1.46385 1.46683 1.45766 1.47895 1.47274 1.47825 1.50342 1.5088 1.50842 1.52982 1.55225 1.51142 1.55185 1.56144 1.56484 1.59993 1.58314 1.60111 1.59119 1.58678 1.62563 1.63273 1.64705 1.6722 1.68015 1.66871 1.67628 1.71262 1.72594 1.76536 1.75468 
1.69597 1.68768 1.67613 1.67363 1.66744 1.66618 1.64589 1.66415 1.59374 1.61864 1.60001 1.60691 1.56829 1.55451 1.56456 1.5492 1.51133 1.54385 1.50579 1.49899 1.48658 1.49733 1.48172 1.47269 1.46253 1.46771 1.45904 1.44525 1.43197 1.43234 1.42422 1.43036 1.42877 1.41621 1.4098 1.40709 1.40246 1.40796 1.39336 1.38638 1.38047 1.38263 1.38007 1.3779 1.3749 1.37128 1.37022 1.36984 1.36876 1.36831 1.36826 1.36839 1.36911 1.36965 1.37127 1.36867 1.37433 1.37792 1.37394 1.38328 1.38545 1.39972 1.39265 1.39719 1.4044 1.40141 1.40731 1.41765 1.42035 1.41714 1.41529 1.45249 1.4457 1.43927 1.47014 1.47 1.46673 1.46859 1.48776 1.48476 1.50231 1.50755 1.55427 1.55238 1.51832 1.53232 1.58159 1.56112 1.58571 1.58012 1.58215 1.64003 1.61045 1.66311 1.63527 1.6368 1.65529 1.66202 1.67181 1.69548 1.70327 
1.67914 1.68038 1.67257 1.6593 1.66137 1.62015 1.62081 1.62386 1.59522 1.58987 1.57709 1.57667 1.55113 1.57476 1.53486 1.50914 1.50106 1.51232 1.50241 1.48391 1.48461 1.47115 1.45697 1.45909 1.45604 1.4415 1.43447 1.42756 1.41335 1.41084 1.40874 1.4167 1.40179 1.39424 1.37908 1.38301 1.37302 1.37063 1.37286 1.3641 1.36761 1.36004 1.35459 1.35455 1.35633 1.34986 1.34576 1.34757 1.34735 1.34677 1.34696 1.34653 1.34777 1.34811 1.34947 1.3516 1.35339 1.35755 1.36084 1.35807 1.3703 1.36397 1.37147 1.37317 1.37723 1.38276 1.38511 1.39231 1.40179 1.41963 1.41772 1.41715 1.41477 1.44059 1.4273 1.44574 1.45159 1.45984 1.45955 1.47947 1.48508 1.50328 1.48479 1.49571 1.52149 1.53885 1.51236 1.53259 1.56344 1.56301 1.58999 1.55933 1.60729 1.60838 1.59024 1.64895 1.62316 1.67373 1.68527 1.68667 1.66123 
1.68931 1.66725 1.61341 1.6601 1.61205 1.64191 1.62554 1.59152 1.56738 1.56254 1.56027 1.51497 1.53569 1.52217 1.51832 1.50958 1.49953 1.47459 1.49777 1.47179 1.44086 1.43763 1.44498 1.44556 1.42462 1.42043 1.40841 1.41501 1.39988 1.40325 1.39269 1.38583 1.37789 1.36007 1.37182 1.36143 1.36184 1.35142 1.35252 1.34516 1.33977 1.33236 1.33382 1.33346 1.33307 1.32713 1.32887 1.32747 1.32791 1.32664 1.32651 1.32672 1.32651 1.3258 1.3286 1.33187 1.33217 1.33697 1.33865 1.33597 1.34365 1.34044 1.35034 1.34488 1.35814 1.363 1.36064 1.37518 1.36994 1.38373 1.3875 1.40219 1.39866 1.4157 1.40404 1.41357 1.42284 1.44249 1.46834 1.44134 1.45206 1.47156 1.46922 1.48334 1.50394 1.50743 1.50313 1.54669 1.53049 1.54814 1.54081 1.59849 1.57701 1.57865 1.59382 1.60752 1.60176 1.65576 1.65916 1.66367 1.67464 
1.64802 1.63323 1.64671 1.62141 1.59457 1.58721 1.59052 1.55731 1.52233 1.52227 1.51731 1.55603 1.50895 1.50732 1.49193 1.4968 1.46276 1.47229 1.4677 1.47475 1.45015 1.42324 1.43353 1.415 1.40716 1.40802 1.39676 1.37935 1.37331 1.37259 1.36289 1.3594 1.35988 1.35135 1.3475 1.34154 1.33175 1.33799 1.33174 1.32828 1.32048 1.32093 1.31957 1.31245 1.31444 1.3093 1.30777 1.30887 1.30628 1.3071 1.3069 1.30723 1.30801 1.30896 1.30463 1.30967 1.31107 1.31297 1.31075 1.32015 1.32634 1.33627 1.32517 1.32869 1.343 1.32983 1.34987 1.3571 1.36442 1.36798 1.36725 1.36799 1.37661 1.39824 1.39531 1.41836 1.4196 1.41282 1.42127 1.44165 1.43433 1.43959 1.44802 1.45271 1.45856 1.50421 1.4897 1.49136 1.50969 1.51344 1.54142 1.5599 1.59646 1.55039 1.59067 1.58781 1.60434 1.59287 1.63803 1.59694 1.64264 
1.60203 1.61847 1.60671 1.57567 1.55403 1.60293 1.56476 1.54152 1.52859 1.51274 1.50033 1.50868 1.4844 1.49748 1.47264 1.44526 1.46472 1.4618 1.42061 1.42741 1.4039 1.41311 1.4082 1.39338 1.40189 1.38445 1.37862 1.374 1.36946 1.36472 1.34404 1.34019 1.33537 1.33144 1.33716 1.32664 1.32845 1.30966 1.31058 1.30821 1.30951 1.29912 1.2964 1.29465 1.29464 1.29374 1.28968 1.29095 1.288 1.28797 1.2881 1.28866 1.28805 1.28905 1.28887 1.29134 1.29028 1.29145 1.30409 1.30415 1.30258 1.30608 1.30621 1.31311 1.31671 1.31122 1.32825 1.33429 1.33053 1.34002 1.35096 1.35193 1.36349 1.37888 1.36181 1.38257 1.38111 1.38333 1.39341 1.40357 1.41571 1.43239 1.43358 1.44274 1.44276 1.45868 1.4999 1.47677 1.47808 1.51197 1.52736 1.55193 1.53291 1.54184 1.57496 1.58 1.58355 1.58887 1.55848 1.61679 1.63316 
1.59505 1.58776 1.57599 1.5954 1.57355 1.54421 1.53043 1.51581 1.53345 1.50654 1.49954 1.48538 1.46843 1.47384 1.46443 1.44406 1.43807 1.44504 1.41509 1.41672 1.41004 1.40246 1.38604 1.37083 1.36759 1.36505 1.35862 1.34538 1.33925 1.34175 1.33924 1.33435 1.32902 1.31077 1.31789 1.29888 1.2959 1.29868 1.28878 1.29093 1.29363 1.28233 1.28523 1.27896 1.27355 1.27331 1.27252 1.27193 1.27061 1.27062 1.27008 1.27007 1.27109 1.27037 1.27275 1.27342 1.27744 1.27577 1.28113 1.28383 1.27986 1.28963 1.28793 1.30082 1.30105 1.28679 1.31109 1.30993 1.31281 1.31255 1.31176 1.34174 1.34685 1.35169 1.35161 1.36208 1.37995 1.3789 1.37479 1.39894 1.39764 1.39344 1.42092 1.41195 1.43925 1.44624 1.44168 1.47949 1.47863 1.4799 1.49726 1.50219 1.51181 1.52686 1.55401 1.51608 1.5382 1.56601 1.57794 1.58909 1.61494 
1.55094 1.59137 1.5888 1.56187 1.5479 1.53269 1.53006 1.52511 1.49398 1.47979 1.49257 1.47086 1.47621 1.4573 1.43085 1.44339 1.41115 1.4204 1.38968 1.40483 1.3834 1.39601 1.37482 1.35094 1.34306 1.34469 1.34462 1.3329 1.33305 1.30892 1.31076 1.30639 1.30193 1.31229 1.29394 1.2984 1.288 1.28117 1.27561 1.27147 1.27045 1.26553 1.27036 1.26328 1.26073 1.25596 1.25572 1.25559 1.25372 1.25255 1.25283 1.25284 1.25414 1.25232 1.25699 1.25625 1.25693 1.25792 1.2605 1.26332 1.26418 1.27218 1.26879 1.27292 1.27378 1.2899 1.29611 1.29254 1.30871 1.31584 1.29798 1.31256 1.31964 1.32295 1.33946 1.33392 1.3567 1.36121 1.36923 1.36291 1.3774 1.38695 1.39039 1.39183 1.38655 1.41714 1.42211 1.43474 1.45391 1.45855 1.49871 1.47783 1.50175 1.50449 1.4995 1.54492 1.54619 1.58296 1.56787 1.57297 1.56668 
1.59639 1.57225 1.55222 1.56983 1.53713 1.50705 1.50672 1.48657 1.49438 1.49257 1.49241 1.45517 1.45248 1.43266 1.43048 1.3984 1.39844 1.3909 1.4015 1.38632 1.35771 1.35108 1.36317 1.35003 1.33322 1.33773 1.31616 1.31267 1.31345 1.30874 1.30755 1.29718 1.28953 1.27721 1.27225 1.26707 1.27717 1.25845 1.25958 1.25046 1.25433 1.25019 1.25124 1.24858 1.23783 1.24032 1.23793 1.23827 1.23654 1.23637 1.23631 1.23629 1.23519 1.23715 1.2385 1.24241 1.23745 1.24513 1.24262 1.23963 1.25387 1.25311 1.25695 1.26175 1.26395 1.26108 1.2766 1.27339 1.27686 1.29962 1.30263 1.29009 1.32128 1.30286 1.30288 1.32847 1.31783 1.34053 1.35745 1.35682 1.37716 1.36404 1.39006 1.3875 1.40814 1.39606 1.38819 1.44248 1.44968 1.46568 1.44923 1.45896 1.49033 1.50977 1.47037 1.53005 1.50603 1.50274 1.52584 1.55807 1.57658 
1.57954 1.55307 1.56136 1.53815 1.51906 1.53818 1.47754 1.52604 1.46859 1.46516 1.4328 1.44317 1.43956 1.42723 1.39916 1.41627 1.38473 1.38297 1.38038 1.35564 1.36679 1.36132 1.34943 1.33193 1.32501 1.32415 1.31084 1.29332 1.30305 1.30721 1.28558 1.2673 1.26865 1.26087 1.2593 1.25446 1.2527 1.25469 1.24703 1.24349 1.23721 1.23946 1.22732 1.22871 1.22919 1.22334 1.22418 1.22103 1.22281 1.22114 1.22052 1.22065 1.221 1.2213 1.22077 1.22349 1.22541 1.22727 1.22664 1.23328 1.23605 1.23425 1.24292 1.24704 1.25615 1.24285 1.25163 1.25358 1.26704 1.2665 1.26909 1.28968 1.28462 1.30123 1.3091 1.31722 1.31902 1.31757 1.31229 1.33476 1.3411 1.36151 1.3616 1.37574 1.38744 1.38171 1.38702 1.40227 1.42552 1.42338 1.40681 1.43338 1.43947 1.41484 1.48379 1.51759 1.50251 1.51714 1.49156 1.53309 1.55716 
1.53829 1.55637 1.52664 1.51248 1.50334 1.46719 1.48436 1.45699 1.46073 1.44758 1.42818 1.44545 1.41329 1.3988 1.37679 1.37612 1.37035 1.37356 1.36162 1.36687 1.33875 1.35456 1.32269 1.31333 1.32254 1.29263 1.30361 1.28391 1.28073 1.27703 1.27231 1.26388 1.26608 1.25274 1.24985 1.2458 1.23919 1.23294 1.23081 1.2253 1.22341 1.22399 1.21937 1.21048 1.21128 1.20919 1.20702 1.20658 1.20547 1.20562 1.20542 1.20516 1.20498 1.20635 1.20643 1.20711 1.20721 1.20873 1.21334 1.21877 1.217 1.21937 1.22405 1.23942 1.23024 1.23719 1.24364 1.25485 1.25079 1.25893 1.26853 1.26397 1.27547 1.27837 1.2804 1.29824 1.29719 1.32159 1.31755 1.31098 1.32417 1.3371 1.34309 1.36409 1.37588 1.3714 1.38299 1.4112 1.38763 1.40934 1.4355 1.45905 1.46086 1.43494 1.45993 1.49466 1.46017 1.54172 1.51776 1.50698 1.55229 
1.53516 1.52987 1.51483 1.49686 1.49934 1.45744 1.46005 1.43068 1.42514 1.4375 1.41167 1.41703 1.42554 1.3881 1.37446 1.38513 1.36659 1.34124 1.33335 1.3275 1.33971 1.32383 1.32182 1.29786 1.30054 1.28637 1.28718 1.27094 1.26452 1.25386 1.25173 1.24738 1.24896 1.2325 1.22474 1.22584 1.22685 1.21708 1.21065 1.21409 1.20639 1.20879 1.2002 1.19815 1.19807 1.19883 1.19455 1.19153 1.19229 1.19096 1.191 1.19107 1.1903 1.19188 1.19168 1.19548 1.19351 1.19955 1.19482 1.19822 1.19815 1.20906 1.21402 1.21702 1.22621 1.2222 1.2321 1.23338 1.23875 1.24297 1.25944 1.24523 1.24447 1.27499 1.25997 1.26944 1.29589 1.2827 1.28468 1.31361 1.30679 1.32481 1.33614 1.33613 1.35616 1.3625 1.34082 1.36825 1.40505 1.38473 1.3963 1.42391 1.42295 1.43226 1.41359 1.47269 1.48707 1.47631 1.44663 1.50394 1.51938 
1.53449 1.51607 1.50642 1.51245 1.46534 1.47254 1.44476 1.44613 1.42824 1.42543 1.42408 1.40929 1.38843 1.40054 1.35521 1.35594 1.33824 1.34134 1.33183 1.32406 1.32767 1.32481 1.30813 1.28336 1.28271 1.26921 1.26966 1.2613 1.25509 1.25276 1.24017 1.23089 1.23641 1.22782 1.22094 1.21611 1.21324 1.20536 1.20571 1.19958 1.19313 1.18714 1.18724 1.18348 1.18429 1.17991 1.18073 1.17868 1.17873 1.17777 1.17724 1.17731 1.17697 1.17682 1.17749 1.17937 1.18253 1.18072 1.18682 1.18515 1.1929 1.19668 1.20255 1.19494 1.20682 1.21779 1.21206 1.21806 1.20731 1.22055 1.22829 1.23686 1.23783 1.25422 1.24691 1.24037 1.28742 1.26415 1.28607 1.30901 1.28022 1.30975 1.30836 1.30555 1.34007 1.34309 1.34197 1.34939 1.38182 1.39576 1.3909 1.40085 1.39545 1.42192 1.41712 1.45945 1.4575 1.46451 1.47852 1.47577 1.48402 
1.5225 1.50235 1.48898 1.50409 1.45206 1.47489 1.43545 1.42509 1.40713 1.41128 1.40599 1.37059 1.3814 1.36573 1.36451 1.3658 1.35107 1.3254 1.314 1.30791 1.29567 1.3222 1.29898 1.26971 1.2808 1.28254 1.25582 1.262 1.23007 1.22811 1.23667 1.21573 1.22277 1.21536 1.19884 1.20632 1.1925 1.19226 1.18608 1.19149 1.17964 1.17839 1.17129 1.17506 1.1747 1.16707 1.16742 1.16456 1.16431 1.16416 1.16413 1.16459 1.16364 1.16565 1.16383 1.16664 1.16991 1.16974 1.16583 1.17418 1.1794 1.18143 1.18258 1.18338 1.18575 1.19242 1.19625 1.20344 1.20499 1.21502 1.21562 1.22414 1.22553 1.22765 1.23821 1.23842 1.25544 1.25524 1.27495 1.26772 1.28894 1.28919 1.30564 1.30396 1.30373 1.31853 1.32905 1.34763 1.34728 1.37271 1.37795 1.38453 1.39412 1.40068 1.43452 1.45364 1.39911 1.41693 1.42494 1.47092 1.44353 
1.47345 1.50019 1.47578 1.45511 1.4414 1.45308 1.41764 1.40535 1.42102 1.39507 1.39167 1.38787 1.36114 1.35872 1.36679 1.32813 1.32577 1.32552 1.30486 1.295 1.29291 1.27362 1.28874 1.26261 1.25314 1.25201 1.24425 1.23813 1.22209 1.22539 1.22181 1.20994 1.20179 1.21156 1.19924 1.18592 1.18353 1.17865 1.18393 1.18028 1.17054 1.16469 1.15791 1.16341 1.1612 1.15562 1.1559 1.15163 1.153 1.15146 1.15164 1.15143 1.15188 1.15131 1.15412 1.15638 1.15538 1.15282 1.1585 1.16018 1.1617 1.16207 1.16934 1.17585 1.1736 1.17889 1.17866 1.19595 1.19966 1.19776 1.21347 1.2193 1.22582 1.21313 1.24187 1.24178 1.24424 1.2649 1.25849 1.29063 1.29024 1.28405 1.3014 1.31159 1.30582 1.33224 1.30901 1.32805 1.3491 1.34101 1.34843 1.38693 1.38391 1.40429 1.38672 1.39824 1.44392 1.45944 1.43721 1.43851 1.44135 
1.51725 1.47549 1.49062 1.42422 1.42276 1.43216 1.40483 1.41221 1.39475 1.38088 1.36713 1.35533 1.34626 1.3397 1.33153 1.34014 1.31708 1.3 1.30477 1.29711 1.26754 1.29957 1.2619 1.23926 1.24268 1.23818 1.23774 1.22964 1.22435 1.19856 1.20784 1.20375 1.19668 1.17878 1.17564 1.17742 1.17223 1.17135 1.17056 1.15755 1.15986 1.14966 1.15653 1.14782 1.14928 1.1453 1.14388 1.14208 1.14181 1.14034 1.13975 1.13933 1.13867 1.14105 1.14025 1.14323 1.14619 1.14498 1.14827 1.14411 1.15765 1.15408 1.15768 1.16042 1.16986 1.15863 1.16459 1.17757 1.18824 1.17312 1.19542 1.19904 1.20797 1.20818 1.22392 1.2132 1.24361 1.21817 1.25383 1.27514 1.26373 1.26763 1.27228 1.30375 1.30038 1.30888 1.31748 1.31523 1.32912 1.35272 1.35427 1.37276 1.37602 1.37148 1.40005 1.41273 1.42953 1.40419 1.4248 1.46513 1.46978 
1.44914 1.46251 1.44221 1.43498 1.40444 1.42581 1.40699 1.3767 1.37374 1.35776 1.35684 1.34083 1.34692 1.34448 1.34454 1.31233 1.30068 1.32154 1.29389 1.27999 1.27244 1.25731 1.26468 1.24636 1.22835 1.2178 1.22564 1.21727 1.20007 1.21552 1.19697 1.19493 1.18341 1.181 1.17149 1.16567 1.16367 1.15903 1.14532 1.14758 1.14709 1.13989 1.14064 1.13547 1.13795 1.13405 1.13036 1.12977 1.13009 1.12897 1.12846 1.12826 1.12945 1.12832 1.12828 1.12887 1.12878 1.13374 1.13204 1.13762 1.13956 1.14034 1.15028 1.15234 1.16074 1.1591 1.15431 1.16286 1.16709 1.18258 1.18366 1.19177 1.2004 1.18998 1.21607 1.22115 1.20325 1.24294 1.22523 1.24481 1.25567 1.26569 1.26278 1.28529 1.26487 1.28358 1.32442 1.32229 1.3272 1.32644 1.33143 1.3184 1.35866 1.3915 1.41164 1.38339 1.37061 1.38651 1.43794 1.45491 1.4531 
1.46737 1.46224 1.43725 1.43242 1.43234 1.40998 1.38884 1.40193 1.3807 1.36973 1.36271 1.35134 1.32165 1.33949 1.32408 1.30072 1.28302 1.28916 1.28515 1.24435 1.24942 1.25068 1.24833 1.22837 1.21925 1.21683 1.19682 1.19546 1.19123 1.19475 1.18329 1.16835 1.16895 1.16976 1.15675 1.15775 1.15054 1.15013 1.14518 1.13922 1.13633 1.12843 1.12593 1.1266 1.12414 1.12338 1.12079 1.11998 1.11853 1.11801 1.11774 1.11766 1.11817 1.11816 1.11841 1.12035 1.11831 1.12532 1.12401 1.12278 1.13246 1.12691 1.13311 1.137 1.14709 1.13468 1.15449 1.16023 1.16334 1.16378 1.16667 1.17641 1.17376 1.17165 1.18088 1.19447 1.20991 1.21463 1.22891 1.23035 1.2239 1.23469 1.25419 1.26061 1.26152 1.27382 1.29098 1.29616 1.30083 1.30019 1.32937 1.35946 1.34867 1.35699 1.35585 1.3664 1.41666 1.39411 1.42596 1.42375 1.46821 
1.46425 1.45136 1.44049 1.44756 1.42294 1.36967 1.36851 1.35877 1.38803 1.35062 1.33129 1.34631 1.31228 1.30428 1.30676 1.28958 1.29148 1.28477 1.26588 1.24971 1.23892 1.23109 1.21958 1.23289 1.20825 1.21382 1.19508 1.20472 1.18972 1.17231 1.17581 1.15568 1.16732 1.15606 1.14889 1.14374 1.13977 1.13611 1.13417 1.13362 1.12879 1.12105 1.12542 1.11881 1.1137 1.11536 1.1112 1.10924 1.10803 1.10754 1.10757 1.10725 1.10935 1.10761 1.1082 1.10783 1.11141 1.11146 1.1127 1.11804 1.1184 1.12265 1.13525 1.1354 1.12189 1.1333 1.14603 1.13942 1.14707 1.14589 1.15451 1.16136 1.17235 1.17504 1.18339 1.19247 1.18921 1.19737 1.22631 1.2037 1.24552 1.23397 1.26165 1.25584 1.25559 1.27301 1.28462 1.28603 1.27502 1.32345 1.31878 1.34207 1.36815 1.34302 1.36101 1.39915 1.36454 1.42706 1.41918 1.37602 1.43822 
1.47806 1.43337 1.44911 1.40155 1.40693 1.39775 1.38017 1.3704 1.36561 1.36562 1.33744 1.33639 1.28787 1.30773 1.28274 1.27733 1.27709 1.25861 1.24666 1.23618 1.23762 1.22524 1.2231 1.20848 1.20694 1.19042 1.19802 1.18012 1.16838 1.15855 1.16533 1.1604 1.15266 1.15414 1.14085 1.12987 1.12752 1.11943 1.12634 1.1165 1.11425 1.11002 1.10924 1.1063 1.10796 1.10388 1.10236 1.09829 1.09954 1.09843 1.09796 1.09776 1.09917 1.09923 1.1002 1.09967 1.10423 1.10237 1.10965 1.1064 1.11019 1.11645 1.11824 1.11434 1.1284 1.12949 1.12048 1.12989 1.13953 1.13136 1.15426 1.15798 1.15485 1.16562 1.17241 1.18093 1.18334 1.19747 1.20655 1.21444 1.22061 1.22936 1.22392 1.2383 1.26509 1.26811 1.27504 1.27187 1.27217 1.28367 1.32161 1.32494 1.32452 1.3307 1.32042 1.34082 1.36473 1.39953 1.38738 1.39402 1.42082 
1.43898 1.4319 1.38617 1.39681 1.38498 1.37402 1.36883 1.37078 1.34861 1.35615 1.34765 1.32944 1.30472 1.29307 1.29979 1.26311 1.257 1.24657 1.25475 1.23579 1.23364 1.2249 1.22218 1.20766 1.19359 1.17736 1.16962 1.18389 1.15978 1.16635 1.1484 1.14634 1.14239 1.14655 1.13437 1.13338 1.12252 1.1298 1.11077 1.11126 1.10537 1.10011 1.09943 1.10105 1.09515 1.09627 1.09215 1.09174 1.09038 1.08967 1.08887 1.0892 1.088 1.08797 1.08954 1.09261 1.08931 1.09366 1.09891 1.09714 1.09742 1.10633 1.11268 1.10645 1.11694 1.12138 1.12503 1.11923 1.12832 1.1482 1.14133 1.15031 1.16441 1.16658 1.149 1.18391 1.17228 1.19416 1.1993 1.20307 1.20734 1.22624 1.24872 1.25264 1.24104 1.27171 1.25123 1.27466 1.27711 1.28718 1.28573 1.28369 1.30206 1.28959 1.35729 1.31976 1.34622 1.37711 1.39312 1.36133 1.40839 
1.4183 1.41712 1.42292 1.39214 1.36114 1.38965 1.34751 1.34969 1.35963 1.34117 1.30945 1.31649 1.29949 1.26894 1.28568 1.27198 1.25178 1.24178 1.23661 1.22715 1.21716 1.20535 1.18113 1.20036 1.18967 1.17538 1.16831 1.17414 1.15611 1.1673 1.15916 1.14732 1.13167 1.13027 1.12974 1.13006 1.11047 1.10696 1.09984 1.10031 1.09878 1.09436 1.0905 1.08943 1.08528 1.08546 1.08202 1.08476 1.08118 1.08113 1.0803 1.08045 1.08001 1.08081 1.0794 1.08124 1.0837 1.08908 1.08989 1.08366 1.0903 1.1001 1.09391 1.09985 1.09228 1.11096 1.11233 1.10647 1.12139 1.14084 1.14122 1.14093 1.14123 1.14737 1.17076 1.15389 1.17071 1.18222 1.18771 1.20119 1.19517 1.17316 1.2071 1.24989 1.23054 1.23556 1.22423 1.25339 1.2616 1.27181 1.29067 1.29115 1.32336 1.3211 1.3562 1.33258 1.36429 1.36859 1.37026 1.37931 1.39006 
1.43951 1.40598 1.40654 1.3943 1.36357 1.37956 1.36387 1.33524 1.31837 1.29886 1.29602 1.30259 1.29079 1.26275 1.269 1.26569 1.25395 1.22491 1.24131 1.23205 1.20723 1.20909 1.20357 1.1811 1.17925 1.17024 1.15767 1.14812 1.15234 1.13542 1.13371 1.1412 1.12609 1.1296 1.12158 1.11031 1.10604 1.09331 1.10246 1.09511 1.09334 1.08078 1.08215 1.08521 1.07906 1.07622 1.07711 1.07451 1.0735 1.0725 1.07224 1.07188 1.07193 1.07192 1.07203 1.0759 1.07816 1.07872 1.08189 1.07979 1.08002 1.09377 1.07872 1.09196 1.10377 1.10059 1.11717 1.11768 1.11007 1.12162 1.12262 1.13199 1.13681 1.14918 1.14106 1.13743 1.1507 1.16453 1.16519 1.19431 1.19241 1.1986 1.20776 1.18098 1.22733 1.23716 1.2389 1.2329 1.25132 1.26703 1.27444 1.2904 1.32316 1.29731 1.33362 1.32708 1.34286 1.35661 1.35638 1.41405 1.36229 
1.41069 1.40982 1.39524 1.37165 1.36659 1.36296 1.33621 1.3482 1.31533 1.3147 1.30134 1.31317 1.28157 1.26636 1.26822 1.25689 1.22308 1.22429 1.23705 1.22849 1.20521 1.19342 1.19525 1.18622 1.18505 1.16963 1.15324 1.14137 1.15413 1.14742 1.14262 1.12613 1.11824 1.11905 1.10575 1.09957 1.10247 1.09048 1.08606 1.09411 1.07627 1.07866 1.07711 1.07686 1.07129 1.06852 1.06694 1.06647 1.06619 1.06559 1.06466 1.06389 1.06464 1.06464 1.0641 1.06679 1.07272 1.07217 1.07391 1.06662 1.07775 1.07811 1.08129 1.07742 1.0803 1.09581 1.09499 1.10176 1.09483 1.12851 1.11973 1.11452 1.13042 1.15961 1.12991 1.12812 1.13501 1.16062 1.16659 1.17996 1.1988 1.17791 1.20058 1.21433 1.1999 1.22444 1.2279 1.23612 1.27475 1.2438 1.27301 1.28784 1.30158 1.3057 1.33054 1.34752 1.33294 1.3531 1.36242 1.34612 1.37144 
1.42017 1.39326 1.40362 1.38589 1.35344 1.35615 1.34285 1.31909 1.31983 1.31228 1.29815 1.28461 1.27697 1.28025 1.25751 1.25357 1.24327 1.23648 1.19869 1.20118 1.20355 1.20018 1.18519 1.1849 1.1623 1.16505 1.14908 1.13371 1.13219 1.1361 1.12003 1.11956 1.10391 1.10379 1.0977 1.10951 1.09809 1.08899 1.08531 1.08126 1.08198 1.07406 1.07373 1.06798 1.06501 1.06492 1.06161 1.05916 1.05794 1.05846 1.05757 1.05769 1.0575 1.05829 1.0583 1.06247 1.05995 1.06387 1.06255 1.06954 1.0662 1.07513 1.07883 1.08323 1.08953 1.09547 1.08681 1.09286 1.10079 1.10321 1.10105 1.10071 1.12333 1.14071 1.15304 1.15102 1.1523 1.17131 1.14959 1.17436 1.16379 1.19334 1.1991 1.1922 1.23331 1.22469 1.23887 1.24838 1.26262 1.2654 1.24996 1.27649 1.27471 1.31931 1.32767 1.32102 1.3257 1.31806 1.35695 1.3632 1.37101 
1.39481 1.39159 1.38334 1.3746 1.35443 1.33168 1.35083 1.31921 1.31926 1.31095 1.30955 1.3017 1.29675 1.26271 1.24304 1.22088 1.21773 1.21201 1.20822 1.19967 1.1854 1.1871 1.16502 1.17206 1.15421 1.1553 1.15561 1.13657 1.1223 1.11697 1.11606 1.1212 1.10624 1.09156 1.08918 1.09065 1.08802 1.07435 1.07419 1.0698 1.07199 1.06244 1.06264 1.06372 1.06169 1.05528 1.05385 1.05284 1.05319 1.05175 1.05094 1.05095 1.05081 1.05101 1.05304 1.05289 1.05509 1.05832 1.05679 1.05965 1.06396 1.06658 1.06939 1.07789 1.07759 1.07774 1.08837 1.09085 1.09626 1.10401 1.10354 1.11996 1.11092 1.1292 1.13121 1.12336 1.14045 1.13366 1.15645 1.16189 1.17561 1.19417 1.18102 1.21311 1.22682 1.20556 1.22603 1.25264 1.23321 1.25774 1.28755 1.28966 1.27465 1.32194 1.26758 1.3215 1.30458 1.34672 1.33239 1.37415 1.3427 
1.42473 1.36451 1.39947 1.33548 1.35493 1.33694 1.32588 1.31278 1.29654 1.30171 1.29777 1.28759 1.26179 1.24399 1.23298 1.24691 1.23138 1.21912 1.21391 1.19762 1.1834 1.17116 1.1563 1.18981 1.1531 1.14284 1.13446 1.13386 1.12085 1.1045 1.11591 1.10583 1.10843 1.09477 1.08489 1.0828 1.08134 1.07339 1.07261 1.0727 1.06247 1.06073 1.05446 1.05491 1.05074 1.05189 1.04698 1.04772 1.04573 1.04539 1.04476 1.04421 1.04429 1.04537 1.04448 1.04981 1.04996 1.04903 1.05149 1.05266 1.05782 1.05939 1.05797 1.05946 1.06403 1.07028 1.08222 1.08774 1.09716 1.08749 1.09438 1.0921 1.11683 1.13161 1.11182 1.13396 1.16319 1.14622 1.13796 1.18083 1.15202 1.15975 1.19651 1.18627 1.20716 1.21364 1.23214 1.24471 1.22292 1.22802 1.22526 1.28728 1.2644 1.25859 1.30153 1.27988 1.37354 1.35844 1.34898 1.36965 1.33463 
1.39347 1.39581 1.36381 1.36964 1.34934 1.33262 1.32432 1.32059 1.28774 1.27706 1.27592 1.28701 1.29265 1.24281 1.2431 1.22388 1.24833 1.19125 1.20384 1.18503 1.17583 1.17031 1.17232 1.15804 1.14909 1.14731 1.13832 1.11979 1.11746 1.11049 1.10796 1.09243 1.09161 1.08228 1.08761 1.07772 1.07717 1.06361 1.06519 1.06472 1.05551 1.05094 1.05038 1.05078 1.04598 1.04572 1.04493 1.04206 1.04093 1.04031 1.03903 1.03913 1.03883 1.03926 1.04091 1.04049 1.04153 1.04386 1.04605 1.04647 1.05108 1.05979 1.05558 1.05944 1.06607 1.06598 1.07883 1.0912 1.08099 1.09599 1.08979 1.09047 1.10978 1.10511 1.12707 1.11972 1.11645 1.13729 1.13006 1.15884 1.15241 1.16146 1.19204 1.176 1.21146 1.21108 1.22571 1.21737 1.23228 1.23381 1.25027 1.27828 1.26569 1.29573 1.29719 1.27057 1.31441 1.35395 1.32988 1.37545 1.38554 
1.3815 1.37894 1.36284 1.3771 1.34059 1.31713 1.31199 1.32034 1.30362 1.29691 1.27749 1.27436 1.25206 1.26712 1.25746 1.22311 1.21043 1.19868 1.19331 1.20367 1.18232 1.1668 1.16551 1.1582 1.1513 1.13699 1.11409 1.11076 1.12011 1.10562 1.10426 1.09741 1.09657 1.08523 1.08047 1.07814 1.06063 1.07007 1.05166 1.05368 1.05462 1.04836 1.04465 1.04165 1.04022 1.03811 1.03526 1.03692 1.03509 1.03402 1.03374 1.03321 1.03408 1.0334 1.03356 1.03435 1.04032 1.03872 1.0385 1.04724 1.04662 1.04939 1.04751 1.05669 1.06289 1.06253 1.05684 1.07924 1.07283 1.08246 1.08864 1.10646 1.10367 1.08885 1.11624 1.11629 1.13829 1.1576 1.14693 1.12941 1.15111 1.15996 1.19194 1.1733 1.18503 1.21325 1.18846 1.23119 1.23585 1.24225 1.25192 1.23841 1.25327 1.28101 1.26652 1.29363 1.32766 1.34345 1.34522 1.32815 1.39637 
1.38717 1.38448 1.3411 1.33825 1.34449 1.32561 1.31282 1.30736 1.29921 1.29198 1.29431 1.25444 1.25771 1.23318 1.24882 1.22772 1.22606 1.19237 1.18324 1.18473 1.17443 1.18702 1.16607 1.15515 1.12352 1.12783 1.1305 1.11559 1.10494 1.11464 1.09868 1.09084 1.08506 1.07543 1.06651 1.07264 1.06059 1.05924 1.0544 1.0514 1.04788 1.04487 1.04651 1.04145 1.03669 1.0348 1.03412 1.03131 1.0297 1.02885 1.02887 1.02841 1.02838 1.02879 1.02969 1.03174 1.03503 1.03587 1.03399 1.03775 1.04325 1.0429 1.04701 1.05395 1.05477 1.06375 1.0624 1.06273 1.06907 1.07718 1.09378 1.08395 1.09754 1.08709 1.11773 1.1145 1.13062 1.12933 1.12508 1.1325 1.15328 1.14601 1.20045 1.18349 1.16504 1.19515 1.20407 1.21823 1.23997 1.19826 1.24179 1.24765 1.31467 1.25005 1.27345 1.28628 1.29352 1.29978 1.32662 1.32087 1.33696 
1.38854 1.38429 1.34777 1.34876 1.30537 1.3087 1.30966 1.29101 1.26868 1.28001 1.24664 1.256 1.23423 1.23512 1.20314 1.23049 1.20982 1.18712 1.1957 1.18549 1.16181 1.14073 1.14416 1.12572 1.14452 1.13522 1.12019 1.11859 1.1046 1.09601 1.08559 1.08209 1.07747 1.08352 1.07387 1.0661 1.05223 1.05775 1.0483 1.0482 1.04182 1.03526 1.03889 1.03318 1.03096 1.02859 1.02638 1.02619 1.02634 1.02472 1.02441 1.02424 1.02248 1.0241 1.02819 1.0272 1.02704 1.02662 1.03069 1.03497 1.03407 1.03731 1.03937 1.04632 1.05688 1.05562 1.05343 1.05878 1.06669 1.07317 1.07106 1.08376 1.09256 1.09805 1.11386 1.12485 1.12882 1.12271 1.12114 1.13004 1.13854 1.141 1.16559 1.16702 1.18815 1.21377 1.1867 1.19742 1.22101 1.20208 1.24218 1.27481 1.26084 1.25735 1.25347 1.29459 1.29767 1.28738 1.29792 1.33236 1.33631 
1.35366 1.40455 1.34019 1.36243 1.32233 1.32399 1.31737 1.31159 1.3045 1.25377 1.26831 1.28219 1.25411 1.23576 1.23435 1.18378 1.19059 1.17335 1.17494 1.18126 1.14872 1.14891 1.16409 1.13581 1.12593 1.13184 1.10381 1.11415 1.10167 1.09663 1.08839 1.08547 1.08663 1.06633 1.07065 1.06432 1.0558 1.04283 1.04979 1.04 1.04101 1.04019 1.03269 1.03333 1.02725 1.02433 1.02236 1.02297 1.02232 1.02093 1.02036 1.02018 1.02005 1.02086 1.02103 1.02128 1.02412 1.02413 1.02881 1.02484 1.03146 1.04472 1.04091 1.04253 1.04085 1.05735 1.05975 1.06757 1.07468 1.07388 1.07698 1.07969 1.09322 1.09821 1.11594 1.09955 1.10214 1.11115 1.14194 1.12962 1.15289 1.15533 1.15747 1.17822 1.18717 1.1831 1.20462 1.20696 1.19667 1.21383 1.23845 1.24485 1.29369 1.304 1.28464 1.29813 1.29879 1.34392 1.35211 1.33402 1.3561 
1.39733 1.35356 1.36724 1.34182 1.31481 1.33167 1.306 1.30285 1.29037 1.28367 1.26382 1.24503 1.24795 1.2469 1.23165 1.24625 1.16871 1.18761 1.16564 1.16255 1.1627 1.14185 1.14981 1.1303 1.13509 1.14077 1.11096 1.1099 1.09813 1.08392 1.08421 1.07596 1.08974 1.06993 1.05976 1.0595 1.05219 1.0511 1.04756 1.04171 1.03519 1.02893 1.03012 1.02685 1.02348 1.02392 1.02191 1.0193 1.01745 1.01715 1.0167 1.01699 1.01769 1.01702 1.01562 1.01899 1.01938 1.02292 1.02418 1.02652 1.02846 1.03165 1.03304 1.03972 1.04373 1.04477 1.05371 1.05991 1.05357 1.06262 1.07527 1.07417 1.08206 1.09215 1.09432 1.11091 1.12898 1.1189 1.1289 1.14243 1.13374 1.15573 1.15323 1.17894 1.18436 1.18247 1.21997 1.20568 1.20264 1.24116 1.20441 1.2737 1.26897 1.26615 1.29846 1.30076 1.30011 1.28931 1.36906 1.36414 1.33656 
1.36811 1.37451 1.37986 1.33285 1.31607 1.30337 1.31426 1.31434 1.27902 1.2794 1.24665 1.25004 1.23118 1.2201 1.24358 1.19622 1.20213 1.1988 1.20278 1.17216 1.15615 1.16761 1.1395 1.12811 1.11215 1.10945 1.11863 1.09642 1.09915 1.07669 1.08858 1.07721 1.07209 1.05545 1.05868 1.05375 1.05056 1.04217 1.03946 1.03437 1.03199 1.0264 1.02762 1.0273 1.02322 1.0177 1.01668 1.01607 1.01451 1.01362 1.01342 1.01297 1.01291 1.01474 1.014 1.01634 1.01593 1.0189 1.02689 1.02975 1.02561 1.03537 1.03096 1.03465 1.04075 1.05344 1.04255 1.0611 1.0609 1.07418 1.08674 1.08217 1.08749 1.09028 1.08527 1.11367 1.10602 1.11268 1.1157 1.13347 1.13357 1.15612 1.1362 1.16409 1.18391 1.1739 1.20533 1.19179 1.21525 1.22282 1.23934 1.24729 1.24504 1.2781 1.29363 1.30671 1.32223 1.32619 1.33716 1.33115 1.32746 
1.38663 1.36722 1.35441 1.3107 1.31718 1.31752 1.32509 1.28601 1.28676 1.25145 1.23321 1.23675 1.22078 1.19105 1.20921 1.20697 1.20023 1.17931 1.16974 1.17929 1.15983 1.16793 1.14669 1.12028 1.11738 1.10371 1.10514 1.09918 1.08644 1.09585 1.073 1.07683 1.06133 1.05254 1.05369 1.04885 1.04698 1.03726 1.04037 1.0313 1.02607 1.0272 1.02051 1.01936 1.01736 1.01589 1.01487 1.01426 1.01152 1.01068 1.01053 1.01066 1.01006 1.01104 1.01385 1.0176 1.01354 1.01415 1.02009 1.01169 1.02451 1.02431 1.02495 1.02803 1.03737 1.04292 1.04 1.05349 1.05793 1.0664 1.07319 1.07949 1.07772 1.07884 1.09003 1.09001 1.08424 1.10848 1.12781 1.14458 1.15011 1.15328 1.15577 1.1858 1.17859 1.18477 1.20196 1.20312 1.2134 1.23167 1.20764 1.22155 1.23988 1.23353 1.30317 1.29819 1.3013 1.31681 1.31777 1.30651 1.37514 
1.3689 1.35155 1.33239 1.32813 1.31848 1.31958 1.28703 1.28687 1.27329 1.25543 1.26346 1.26112 1.24378 1.20267 1.20667 1.19097 1.18169 1.17626 1.15607 1.15252 1.15256 1.13804 1.14417 1.12016 1.12955 1.11363 1.1094 1.09146 1.09064 1.08227 1.08973 1.07848 1.05109 1.05125 1.0531 1.04196 1.04621 1.04375 1.02878 1.03018 1.02714 1.02159 1.02245 1.01836 1.01694 1.00983 1.01025 1.01067 1.00921 1.00778 1.008 1.00747 1.00945 1.00893 1.00902 1.01365 1.0108 1.01374 1.01853 1.02116 1.02047 1.02531 1.03054 1.03289 1.03284 1.03448 1.04731 1.04908 1.05349 1.05101 1.06719 1.06769 1.07123 1.08586 1.08639 1.11362 1.11706 1.11483 1.10686 1.13924 1.13656 1.14716 1.15328 1.15373 1.17769 1.1814 1.21466 1.22564 1.22078 1.211 1.23815 1.23413 1.26263 1.22765 1.30489 1.27514 1.26019 1.27699 1.32953 1.3665 1.35749 
1.37566 1.33091 1.33916 1.3414 1.32063 1.30639 1.30161 1.28724 1.27121 1.25876 1.27118 1.22775 1.23568 1.22292 1.19388 1.21615 1.17486 1.16611 1.15704 1.1576 1.14634 1.15601 1.13837 1.11818 1.12392 1.11669 1.09853 1.08491 1.0906 1.07505 1.06981 1.0657 1.06312 1.05886 1.05726 1.05299 1.0422 1.03084 1.0252 1.02667 1.02591 1.02145 1.01801 1.01337 1.00947 1.00789 1.00623 1.00745 1.00659 1.0058 1.00584 1.0055 1.00594 1.00661 1.00781 1.00826 1.00954 1.01097 1.01484 1.02446 1.0142 1.02008 1.02158 1.03281 1.0383 1.03675 1.04141 1.05111 1.04521 1.05349 1.06155 1.07329 1.09144 1.08933 1.10294 1.11118 1.09915 1.09743 1.12787 1.12298 1.15691 1.13157 1.13675 1.17508 1.17129 1.17567 1.19681 1.21491 1.21588 1.2401 1.23206 1.2239 1.25078 1.2563 1.28933 1.27991 1.29311 1.33251 1.2879 1.33608 1.33774 
1.36835 1.37143 1.35226 1.32081 1.30245 1.2937 1.29636 1.2846 1.29126 1.26399 1.23909 1.23379 1.23477 1.22331 1.19778 1.20814 1.1896 1.16687 1.16599 1.15954 1.14706 1.13744 1.13771 1.1174 1.11923 1.09741 1.08684 1.0772 1.08977 1.07619 1.05513 1.07472 1.05374 1.05342 1.05619 1.03633 1.03101 1.03226 1.02903 1.02916 1.02323 1.02209 1.01529 1.01096 1.01401 1.01098 1.00748 1.00594 1.00533 1.0046 1.00402 1.00381 1.00496 1.00625 1.00527 1.00724 1.00986 1.01037 1.01491 1.0115 1.01714 1.01794 1.02248 1.03607 1.04025 1.03958 1.04182 1.05894 1.04412 1.05908 1.06413 1.0732 1.0745 1.08185 1.10532 1.10087 1.10427 1.11399 1.10764 1.1453 1.13789 1.13622 1.1717 1.15899 1.17424 1.19909 1.21582 1.21481 1.21056 1.2196 1.22631 1.23843 1.24434 1.25069 1.23911 1.29896 1.31894 1.27094 1.32764 1.35707 1.35119 
1.37493 1.36059 1.33796 1.35686 1.3294 1.32744 1.30495 1.29388 1.2775 1.28674 1.24154 1.2397 1.22524 1.21044 1.22348 1.20748 1.17894 1.17657 1.16462 1.17244 1.12849 1.13875 1.12919 1.11625 1.10884 1.10973 1.09185 1.08941 1.07344 1.07725 1.07307 1.06006 1.05987 1.04929 1.04538 1.03334 1.0347 1.02945 1.02907 1.01662 1.02207 1.01542 1.01556 1.00897 1.00715 1.00801 1.00571 1.0065 1.00274 1.00304 1.00256 1.0032 1.003 1.00145 1.00401 1.00381 1.00925 1.00991 1.01296 1.01128 1.01391 1.01731 1.02484 1.02006 1.02699 1.01556 1.04644 1.05209 1.04453 1.0533 1.06861 1.0669 1.07113 1.07067 1.08828 1.08597 1.10475 1.12539 1.11548 1.13262 1.13798 1.13739 1.167 1.16345 1.15215 1.16414 1.17767 1.18188 1.19404 1.22827 1.25117 1.24216 1.22482 1.28177 1.32027 1.302 1.28993 1.30718 1.33776 1.30916 1.40274 
1.38977 1.35218 1.32665 1.33539 1.30387 1.32037 1.28707 1.28008 1.26826 1.24228 1.24572 1.22089 1.23255 1.20558 1.22068 1.18549 1.18785 1.15327 1.17412 1.15347 1.16284 1.12766 1.13282 1.11684 1.10379 1.09293 1.09349 1.08249 1.07499 1.08379 1.06056 1.06146 1.06774 1.05215 1.04812 1.03626 1.02807 1.025 1.0321 1.01896 1.02174 1.01318 1.01099 1.00601 1.00842 1.00571 1.00611 1.00131 1.00177 1.00195 1.00143 1.0011 1.0005 1.00307 1.00493 1.00429 1.00775 1.0063 1.01219 1.011 1.01967 1.01626 1.01611 1.032 1.03122 1.03237 1.0472 1.03632 1.05324 1.05337 1.06058 1.06918 1.0703 1.0809 1.07805 1.08774 1.09338 1.11448 1.10057 1.13194 1.12308 1.15531 1.14883 1.15731 1.16649 1.17345 1.18448 1.18292 1.23303 1.21167 1.23766 1.22362 1.24962 1.26961 1.27628 1.28037 1.28449 1.32038 1.31898 1.33671 1.35473 
1.39029 1.35901 1.32943 1.33225 1.31278 1.30265 1.29422 1.28218 1.27838 1.25672 1.24385 1.24227 1.19667 1.22101 1.19967 1.20246 1.17139 1.16742 1.15961 1.14601 1.15683 1.12881 1.1423 1.10827 1.11608 1.10517 1.08424 1.0803 1.08073 1.06913 1.07128 1.06774 1.06042 1.04082 1.04267 1.02612 1.02734 1.02965 1.02694 1.02576 1.02749 1.01457 1.01333 1.0115 1.00612 1.00529 1.00416 1.00363 1.00136 1.00069 1.00063 1.0005 1.00163 1.00023 1.00337 1.00678 1.0033 1.00863 1.01231 1.01264 1.01994 1.01733 1.02077 1.03282 1.02038 1.02765 1.04186 1.05865 1.04853 1.05549 1.06162 1.05848 1.05991 1.07511 1.09364 1.10717 1.10655 1.1078 1.12047 1.12241 1.14247 1.15664 1.12415 1.16775 1.19035 1.18683 1.21029 1.21155 1.20202 1.17258 1.24112 1.22355 1.28225 1.27396 1.30103 1.28021 1.3026 1.3472 1.33559 1.32236 1.34623 
1.36031 1.33184 1.34249 1.31524 1.2931 1.31011 1.29101 1.25673 1.29183 1.2705 1.25453 1.22738 1.21783 1.20358 1.18355 1.19502 1.17121 1.17422 1.17534 1.16823 1.14401 1.12953 1.12982 1.11875 1.1126 1.1016 1.08454 1.0931 1.08536 1.07698 1.07656 1.06527 1.06159 1.05272 1.0487 1.04472 1.04171 1.02777 1.02537 1.02091 1.01701 1.02166 1.0132 1.01054 1.00676 1.00309 1.00416 1.00231 1.00084 1.00052 1.00016 1.00073 0.999999 1.00145 1.00134 1.00295 1.00686 1.00968 1.01069 1.01032 1.01901 1.01931 1.01966 1.02734 1.02838 1.0334 1.03663 1.04648 1.05688 1.06029 1.06264 1.07204 1.06697 1.07903 1.10353 1.11066 1.10391 1.09541 1.1309 1.13398 1.15046 1.13527 1.13871 1.16946 1.17129 1.20817 1.21779 1.1948 1.2262 1.20597 1.24956 1.22679 1.22609 1.26836 1.26373 1.29163 1.28175 1.33662 1.34024 1.3351 1.34151 
1.39266 1.33092 1.34155 1.32358 1.34132 1.29874 1.30955 1.27749 1.2634 1.24478 1.24138 1.24498 1.22868 1.19661 1.18567 1.17657 1.17116 1.17405 1.16619 1.15387 1.12921 1.14949 1.1323 1.11885 1.11301 1.09249 1.10128 1.08158 1.07947 1.07271 1.07051 1.05624 1.04801 1.04452 1.04354 1.03669 1.03123 1.02856 1.02443 1.02807 1.02178 1.00836 1.01309 1.00913 1.00721 1.00245 1.0049 1.00348 1.00072 0.999824 1 0.999599 0.999958 1.00216 1.0022 1.00196 1.00583 1.00593 1.00923 1.00952 1.01276 1.02 1.02262 1.02216 1.02811 1.03119 1.03171 1.04848 1.05093 1.05425 1.06536 1.05892 1.07927 1.09922 1.10019 1.10925 1.09855 1.12209 1.10175 1.11689 1.13821 1.13456 1.15171 1.18301 1.16308 1.1613 1.1854 1.20838 1.21491 1.25432 1.23321 1.2608 1.24598 1.2384 1.29345 1.30011 1.33267 1.2959 1.29235 1.33713 1.33625 
1.3615 1.34388 1.34006 1.31554 1.31988 1.29624 1.3013 1.26676 1.28277 1.26465 1.24409 1.24571 1.22428 1.21427 1.18174 1.19424 1.17881 1.19044 1.17161 1.1283 1.14673 1.12794 1.12541 1.116 1.1049 1.08819 1.10505 1.09697 1.08592 1.07101 1.07223 1.06024 1.04914 1.04384 1.04465 1.04323 1.03525 1.03067 1.0239 1.02101 1.02506 1.01715 1.01302 1.00718 1.00466 1.004 1.003 1.00126 0.999949 1.00003 1.00015 1.00061 1.00096 1.00197 1.00545 1.00373 1.00323 1.00597 1.00991 1.00861 1.01427 1.02085 1.02243 1.02969 1.03808 1.02903 1.04648 1.05092 1.0583 1.05251 1.05659 1.0849 1.07192 1.08624 1.09683 1.10564 1.11206 1.11095 1.13532 1.14299 1.13835 1.15127 1.15866 1.18933 1.17067 1.17455 1.20032 1.22313 1.20921 1.26664 1.26149 1.2468 1.26113 1.26037 1.28488 1.28942 1.29239 1.3543 1.33148 1.33861 1.34666 
1.37476 1.35817 1.3449 1.34302 1.3227 1.30782 1.29266 1.28241 1.29419 1.25933 1.23975 1.24878 1.24024 1.23731 1.22425 1.20724 1.1979 1.17925 1.18442 1.14464 1.16 1.12699 1.13515 1.12108 1.12093 1.11324 1.0925 1.08121 1.08053 1.06784 1.07583 1.05658 1.05479 1.05124 1.04346 1.04 1.03578 1.02697 1.02465 1.01713 1.02127 1.01393 1.01308 1.011 1.00745 1.00429 1.00151 1.00374 1.00084 1.0009 1.00061 1.00089 1.00114 1.00153 1.00372 1.00465 1.00516 1.01016 1.01094 1.01638 1.01327 1.02453 1.02201 1.02605 1.03158 1.03617 1.04278 1.04418 1.04675 1.05985 1.068 1.07889 1.08297 1.09748 1.09187 1.11348 1.1068 1.15584 1.12473 1.14334 1.15196 1.15903 1.1802 1.17543 1.17719 1.21325 1.20178 1.22942 1.18856 1.25876 1.22827 1.23291 1.24967 1.27909 1.29361 1.30824 1.29819 1.32385 1.32003 1.34591 1.40647 
1.39033 1.35566 1.3749 1.31436 1.30371 1.3095 1.28384 1.26835 1.27917 1.23691 1.24771 1.22608 1.24242 1.22223 1.22192 1.18412 1.19439 1.18755 1.17381 1.1554 1.14596 1.13369 1.13296 1.10974 1.09794 1.10109 1.09887 1.08923 1.07451 1.07166 1.06939 1.05904 1.05989 1.0485 1.03894 1.04627 1.02574 1.02997 1.02314 1.01544 1.02111 1.01568 1.00833 1.00194 1.00383 1.00611 1.00371 1.00123 1.00278 1.00186 1.00137 1.00138 1.00098 1.00306 1.00536 1.00499 1.00871 1.01432 1.00853 1.02194 1.01701 1.02487 1.02595 1.0316 1.02567 1.03634 1.04934 1.05754 1.05012 1.06945 1.07957 1.0824 1.08225 1.08938 1.10181 1.09762 1.10177 1.13239 1.1284 1.11907 1.1301 1.1654 1.18535 1.20076 1.21377 1.18747 1.19743 1.23248 1.23208 1.22406 1.27037 1.24535 1.24795 1.27272 1.27771 1.30396 1.32916 1.32018 1.35373 1.35601 1.39638 
1.372 1.35065 1.34531 1.33087 1.31074 1.29506 1.30501 1.2869 1.25016 1.25241 1.25303 1.2634 1.22261 1.19687 1.19887 1.1868 1.1774 1.19031 1.17824 1.16888 1.13694 1.13776 1.13807 1.12236 1.10758 1.1202 1.09222 1.08265 1.07628 1.07291 1.06731 1.06661 1.05733 1.05642 1.03982 1.04508 1.02803 1.02291 1.02703 1.02348 1.02268 1.01497 1.01662 1.01294 1.00722 1.00359 1.00089 1.00361 1.00293 1.00325 1.00242 1.00275 1.00266 1.00165 1.00761 1.00922 1.00609 1.01314 1.01629 1.01571 1.0186 1.0273 1.02778 1.03114 1.03382 1.04925 1.03819 1.04819 1.06074 1.06568 1.08902 1.08513 1.08072 1.07453 1.11141 1.09108 1.13111 1.12386 1.13142 1.12965 1.13879 1.15581 1.18441 1.17355 1.20807 1.18839 1.22013 1.21228 1.20164 1.26829 1.27705 1.24689 1.25478 1.28437 1.33773 1.29368 1.33188 1.352 1.3113 1.38741 1.36871 
1.37125 1.34166 1.36084 1.33896 1.33 1.30794 1.27352 1.2724 1.2647 1.24676 1.24308 1.2318 1.22363 1.23402 1.21319 1.19811 1.18189 1.19764 1.16787 1.15908 1.14306 1.13365 1.10453 1.11313 1.11049 1.09863 1.10149 1.08147 1.07469 1.07365 1.06916 1.0665 1.05241 1.05554 1.05108 1.03881 1.03931 1.03355 1.03207 1.02316 1.02379 1.0164 1.01484 1.01189 1.00819 1.00804 1.00547 1.0045 1.00433 1.00409 1.00375 1.00416 1.0047 1.00475 1.00862 1.00759 1.00966 1.0109 1.01231 1.00978 1.0199 1.02652 1.02389 1.03152 1.04425 1.04985 1.04899 1.05173 1.05552 1.06919 1.08147 1.07884 1.09745 1.09545 1.08904 1.12101 1.12894 1.12458 1.1387 1.12124 1.16301 1.15221 1.19688 1.17103 1.16675 1.21591 1.22342 1.22271 1.24991 1.28603 1.26062 1.26664 1.28616 1.27974 1.28641 1.2892 1.34779 1.34937 1.37749 1.36162 1.39753 
1.38299 1.37922 1.34087 1.32644 1.32197 1.33414 1.30783 1.29556 1.23456 1.26249 1.25296 1.23786 1.22579 1.22601 1.20643 1.19095 1.19402 1.1758 1.16475 1.16453 1.14765 1.13285 1.14056 1.11861 1.09752 1.10304 1.10395 1.11309 1.07064 1.07948 1.06034 1.06036 1.06324 1.05123 1.04445 1.04635 1.03931 1.03699 1.02427 1.02186 1.0154 1.01914 1.0135 1.01237 1.00928 1.00882 1.00782 1.0088 1.0059 1.0054 1.00537 1.00577 1.00615 1.00785 1.00918 1.00979 1.0167 1.0138 1.01602 1.01876 1.03082 1.02657 1.03465 1.03669 1.04814 1.04874 1.04473 1.05521 1.0705 1.07114 1.07067 1.08397 1.08192 1.09758 1.12208 1.11702 1.12933 1.13275 1.14396 1.1565 1.15927 1.16323 1.18435 1.18472 1.18605 1.20742 1.23174 1.22805 1.22971 1.24959 1.24949 1.29074 1.27027 1.31024 1.33742 1.31951 1.32389 1.33022 1.31699 1.39402 1.39789 
1.37047 1.34304 1.36284 1.32753 1.32206 1.32701 1.30208 1.31202 1.2665 1.26264 1.26233 1.22824 1.20869 1.22802 1.20171 1.19129 1.1755 1.18066 1.15077 1.15553 1.1675 1.14764 1.12927 1.1288 1.12312 1.09703 1.10855 1.0927 1.0907 1.0901 1.06953 1.05793 1.05402 1.06742 1.05411 1.04535 1.03631 1.02864 1.03002 1.02688 1.02426 1.0161 1.01843 1.01734 1.01225 1.01149 1.01058 1.00808 1.00766 1.00769 1.00726 1.0078 1.00731 1.00845 1.01151 1.01202 1.0183 1.0142 1.01924 1.02516 1.02786 1.03403 1.03291 1.03923 1.04472 1.04436 1.05233 1.05982 1.05821 1.07853 1.07833 1.08542 1.07346 1.0962 1.12211 1.12284 1.1288 1.14485 1.15425 1.15448 1.16975 1.18029 1.17937 1.19534 1.19053 1.20609 1.23983 1.26627 1.2516 1.24081 1.27135 1.30082 1.29332 1.3076 1.34894 1.34538 1.31737 1.35372 1.36985 1.40005 1.39667 
1.41635 1.36703 1.38987 1.30367 1.36981 1.33049 1.29545 1.28808 1.28764 1.27174 1.26644 1.22961 1.22641 1.22059 1.22432 1.21586 1.17622 1.19728 1.17278 1.16377 1.17224 1.16143 1.13572 1.11975 1.12597 1.11342 1.10971 1.09795 1.10351 1.07057 1.07711 1.05754 1.07039 1.06441 1.04558 1.05009 1.03289 1.03517 1.03499 1.02839 1.02823 1.01901 1.02026 1.01631 1.01098 1.01578 1.01067 1.01061 1.00964 1.00947 1.00942 1.00994 1.01169 1.01274 1.01563 1.01851 1.0186 1.02131 1.02691 1.02296 1.02977 1.0373 1.03795 1.02679 1.05029 1.05697 1.0536 1.06111 1.07273 1.08234 1.07428 1.08823 1.09216 1.113 1.12005 1.11389 1.10921 1.12631 1.13099 1.14248 1.15603 1.18512 1.15345 1.18374 1.23584 1.22837 1.22088 1.21414 1.23268 1.26355 1.28067 1.3131 1.29304 1.31999 1.34139 1.34707 1.3169 1.35528 1.38145 1.40679 1.41153 
1.38893 1.36569 1.3577 1.35046 1.33478 1.32915 1.29846 1.30829 1.25479 1.26406 1.25926 1.22546 1.24329 1.22333 1.20733 1.19319 1.19055 1.16767 1.16991 1.16284 1.14421 1.13512 1.14759 1.12931 1.11289 1.11886 1.10803 1.08605 1.08457 1.06355 1.06385 1.07055 1.07097 1.0594 1.05145 1.04745 1.04385 1.05529 1.03353 1.02579 1.02511 1.02144 1.02066 1.01839 1.01957 1.01399 1.01603 1.01311 1.01144 1.01148 1.01185 1.0124 1.01258 1.01211 1.01526 1.01923 1.02257 1.02025 1.02471 1.02236 1.03064 1.03952 1.03942 1.0383 1.04645 1.05602 1.05043 1.06863 1.06111 1.07892 1.09178 1.09866 1.10007 1.12404 1.1018 1.09287 1.14587 1.1585 1.15783 1.14117 1.18017 1.19565 1.1948 1.18134 1.19986 1.26475 1.23338 1.2623 1.24576 1.27233 1.29492 1.28311 1.28708 1.32823 1.33392 1.33226 1.34259 1.38404 1.37314 1.37019 1.42997 
1.34507 1.35091 1.34738 1.36904 1.3365 1.32676 1.30619 1.30197 1.26209 1.26056 1.27812 1.22926 1.22517 1.21739 1.22836 1.22148 1.18526 1.17735 1.1844 1.15469 1.14468 1.12027 1.1158 1.12525 1.11519 1.10251 1.10728 1.0996 1.08315 1.08286 1.08568 1.07191 1.06616 1.06432 1.05478 1.0525 1.04715 1.04227 1.03067 1.03027 1.02276 1.02502 1.02571 1.01397 1.01755 1.0127 1.01521 1.01631 1.01337 1.01459 1.01453 1.01508 1.01609 1.01797 1.01726 1.01882 1.02517 1.02478 1.03213 1.03092 1.03446 1.04169 1.03999 1.04315 1.05714 1.06888 1.06754 1.06378 1.08358 1.09237 1.09144 1.10339 1.10625 1.12306 1.1192 1.12491 1.14574 1.14067 1.15658 1.14752 1.1648 1.20026 1.20344 1.22147 1.23088 1.21061 1.24027 1.26515 1.29193 1.28549 1.28286 1.31349 1.30539 1.35407 1.33109 1.36758 1.40134 1.39357 1.39518 1.40646 1.46658 
1.38051 1.3838 1.36946 1.32203 1.34441 1.36122 1.31183 1.29468 1.30093 1.25089 1.27212 1.26304 1.23426 1.25484 1.20012 1.21752 1.19827 1.1678 1.17051 1.16873 1.1655 1.14695 1.15263 1.14726 1.12092 1.13232 1.10389 1.1065 1.08205 1.08337 1.07884 1.08605 1.06332 1.06948 1.06007 1.05744 1.04692 1.03781 1.03638 1.03668 1.03317 1.02706 1.02845 1.02347 1.02036 1.02312 1.02 1.01668 1.01836 1.01708 1.01747 1.01706 1.01902 1.0211 1.02204 1.02207 1.02654 1.02935 1.03278 1.04467 1.0358 1.04449 1.04165 1.05622 1.05386 1.06872 1.06962 1.06576 1.07936 1.08809 1.09803 1.10991 1.10226 1.13116 1.13579 1.1236 1.13783 1.16287 1.16513 1.15823 1.18124 1.19165 1.21751 1.2187 1.20506 1.26144 1.26407 1.25567 1.26781 1.28394 1.3039 1.31683 1.3357 1.34646 1.3381 1.34093 1.39216 1.35308 1.38855 1.39786 1.44309 
1.40853 1.36914 1.37524 1.36102 1.30813 1.32517 1.28324 1.28496 1.30648 1.28564 1.26913 1.27422 1.25453 1.24247 1.21225 1.21554 1.21428 1.18572 1.18507 1.17737 1.17523 1.13562 1.13404 1.13939 1.12004 1.11739 1.09806 1.09587 1.09866 1.08943 1.08931 1.07637 1.06913 1.07161 1.0598 1.05094 1.05893 1.04185 1.03524 1.04669 1.0365 1.03578 1.03031 1.02283 1.02193 1.02069 1.02474 1.01998 1.02215 1.01965 1.02065 1.02186 1.0233 1.02225 1.02574 1.02842 1.03392 1.03379 1.03649 1.04106 1.04471 1.05152 1.05371 1.05995 1.06127 1.06742 1.08082 1.08243 1.07985 1.10882 1.09491 1.10633 1.11928 1.12346 1.12318 1.13828 1.15396 1.16608 1.17139 1.16493 1.20903 1.20139 1.23402 1.23014 1.24614 1.22888 1.23403 1.27868 1.29422 1.26529 1.30258 1.33439 1.32764 1.33171 1.34338 1.36887 1.38267 1.40958 1.4077 1.44181 1.43346 
1.36838 1.38163 1.34818 1.35319 1.323 1.34984 1.3122 1.29231 1.30083 1.27291 1.26753 1.24575 1.21506 1.23649 1.23195 1.24505 1.19789 1.18513 1.18402 1.15517 1.17411 1.17243 1.14358 1.14494 1.12689 1.11755 1.10915 1.08888 1.0981 1.09506 1.07658 1.08508 1.06621 1.07482 1.06459 1.05032 1.05278 1.04909 1.04001 1.03416 1.03729 1.03547 1.03096 1.02755 1.02633 1.02711 1.021 1.02325 1.02458 1.02408 1.02408 1.02544 1.02481 1.02621 1.02883 1.0317 1.03113 1.03452 1.04454 1.04549 1.04267 1.05746 1.06468 1.06653 1.07237 1.06777 1.07167 1.07209 1.08962 1.09281 1.10078 1.10806 1.11569 1.14574 1.1356 1.14896 1.12537 1.15543 1.17896 1.19852 1.20865 1.1872 1.21981 1.24018 1.23863 1.26826 1.2537 1.27305 1.27257 1.26709 1.29201 1.34479 1.34287 1.3439 1.34672 1.38554 1.39535 1.41895 1.37832 1.43489 1.45332 
1.40984 1.38116 1.38317 1.33775 1.32729 1.34232 1.33326 1.31649 1.30621 1.27527 1.27147 1.23894 1.25316 1.22196 1.21054 1.20754 1.23096 1.18104 1.18147 1.17913 1.17031 1.16137 1.14925 1.13833 1.13212 1.12419 1.11482 1.11207 1.09773 1.08512 1.07552 1.0764 1.06288 1.07082 1.06634 1.06255 1.0571 1.05045 1.04903 1.04593 1.03989 1.038 1.02949 1.03071 1.02592 1.03059 1.02798 1.02758 1.02712 1.02757 1.02775 1.02806 1.02906 1.02854 1.0308 1.03496 1.03561 1.04361 1.04391 1.04521 1.05371 1.06392 1.06273 1.06896 1.0772 1.07592 1.07571 1.09787 1.11285 1.11106 1.11991 1.1288 1.13986 1.15562 1.15599 1.15708 1.15608 1.19629 1.18846 1.18644 1.19846 1.22013 1.22995 1.24302 1.24017 1.24338 1.26172 1.25887 1.28994 1.29137 1.33016 1.30718 1.34479 1.39225 1.37751 1.37974 1.40022 1.41478 1.43146 1.4538 1.46493 
1.39781 1.39516 1.35058 1.37252 1.34562 1.34151 1.32037 1.332 1.30863 1.28649 1.26066 1.29009 1.25683 1.24589 1.23508 1.21958 1.22995 1.1939 1.17916 1.19078 1.16799 1.14522 1.14769 1.16417 1.13027 1.11902 1.13091 1.12431 1.11525 1.09544 1.08329 1.08381 1.07707 1.07492 1.06987 1.06527 1.05775 1.05578 1.0538 1.04336 1.04484 1.044 1.03527 1.03472 1.03593 1.03277 1.03267 1.02977 1.03055 1.03062 1.03165 1.03274 1.03427 1.03645 1.03572 1.03891 1.04567 1.04419 1.05296 1.05314 1.06253 1.06919 1.06321 1.07626 1.07059 1.08483 1.09556 1.09652 1.09952 1.11828 1.1246 1.13275 1.11506 1.14189 1.14485 1.15147 1.18734 1.18156 1.21905 1.19555 1.23554 1.22241 1.25216 1.24927 1.26245 1.26933 1.28196 1.30554 1.32032 1.34092 1.33239 1.33582 1.3508 1.39384 1.39284 1.42715 1.40913 1.44146 1.41456 1.46689 1.4833 
1.38356 1.39749 1.38514 1.38387 1.34916 1.32341 1.31589 1.30261 1.29369 1.25729 1.28124 1.27591 1.26967 1.25296 1.21522 1.21174 1.21035 1.19048 1.18619 1.18311 1.18725 1.18056 1.1421 1.14478 1.14517 1.12681 1.13607 1.12685 1.1017 1.09825 1.09337 1.07642 1.08143 1.08033 1.0652 1.05973 1.06509 1.06229 1.06012 1.05422 1.04529 1.04324 1.03953 1.03739 1.03946 1.03842 1.03603 1.0332 1.03349 1.03508 1.03578 1.03709 1.03818 1.0394 1.04202 1.04182 1.04751 1.05128 1.05625 1.05785 1.07114 1.0682 1.07815 1.07466 1.08831 1.09933 1.09933 1.09974 1.13272 1.11273 1.11785 1.11753 1.14321 1.1547 1.15807 1.1845 1.1886 1.1854 1.18328 1.21081 1.21246 1.24491 1.25495 1.25863 1.27342 1.28394 1.32182 1.31374 1.27861 1.32851 1.30642 1.41309 1.36533 1.35183 1.41893 1.42968 1.41491 1.45536 1.47752 1.49039 1.50892 
1.4185 1.40651 1.36348 1.3596 1.3694 1.34998 1.33146 1.34728 1.32609 1.29257 1.31014 1.27913 1.26122 1.25227 1.2391 1.22456 1.2146 1.20549 1.19884 1.1983 1.1926 1.19241 1.16508 1.16278 1.15125 1.124 1.14236 1.11846 1.1133 1.11937 1.09618 1.09022 1.08831 1.0872 1.07305 1.06517 1.0622 1.05805 1.05589 1.05785 1.05353 1.04317 1.04529 1.0431 1.04193 1.03931 1.03872 1.04106 1.03922 1.04004 1.04014 1.041 1.03947 1.04403 1.04683 1.0508 1.05278 1.05677 1.06239 1.06472 1.06482 1.07708 1.07574 1.07685 1.08237 1.08441 1.09964 1.11353 1.11724 1.12625 1.12859 1.12624 1.14358 1.16436 1.16833 1.18865 1.19743 1.20785 1.20897 1.2163 1.24203 1.22575 1.25268 1.28807 1.2702 1.29149 1.26965 1.31829 1.32979 1.32697 1.33377 1.37573 1.34487 1.40368 1.37109 1.42685 1.45975 1.47046 1.49717 1.45969 1.47371 
1.41627 1.43532 1.37625 1.3709 1.36411 1.35077 1.35178 1.32789 1.33187 1.29616 1.27544 1.3044 1.25651 1.25999 1.22481 1.25165 1.21874 1.19777 1.19656 1.18637 1.17978 1.18212 1.17408 1.15292 1.14896 1.12273 1.12659 1.11278 1.12379 1.10265 1.10612 1.1013 1.08725 1.08227 1.07103 1.07025 1.06716 1.06146 1.06888 1.0493 1.05401 1.05297 1.04944 1.04404 1.04657 1.04392 1.04201 1.04446 1.04301 1.04396 1.04471 1.0454 1.04715 1.05022 1.05113 1.05444 1.05691 1.05952 1.06062 1.06756 1.06771 1.08267 1.07779 1.09784 1.10351 1.10089 1.1099 1.11083 1.12612 1.134 1.12806 1.14296 1.15033 1.15256 1.18385 1.20136 1.19769 1.2153 1.22155 1.20554 1.23778 1.24805 1.28527 1.25148 1.25731 1.28603 1.29007 1.32077 1.32642 1.37373 1.36725 1.37079 1.3713 1.39639 1.42012 1.44023 1.42465 1.45478 1.47148 1.50381 1.52722 
1.41373 1.42781 1.39255 1.3586 1.36501 1.35286 1.3419 1.32382 1.28155 1.29791 1.27267 1.25588 1.28649 1.2552 1.2328 1.24591 1.22623 1.20434 1.19104 1.19609 1.19254 1.18666 1.18016 1.16685 1.14951 1.14249 1.12066 1.12788 1.13128 1.10254 1.10285 1.09658 1.08601 1.0799 1.09242 1.08822 1.07417 1.06358 1.06773 1.06084 1.05271 1.05545 1.05503 1.05531 1.05538 1.05029 1.04978 1.04698 1.04777 1.049 1.0495 1.05026 1.05342 1.05383 1.05585 1.06167 1.05825 1.06152 1.06926 1.07341 1.07952 1.08178 1.09713 1.09266 1.09539 1.11699 1.10898 1.12302 1.13224 1.15153 1.13463 1.15536 1.16512 1.17558 1.17738 1.17422 1.20247 1.20854 1.22814 1.22615 1.24382 1.28549 1.2763 1.28903 1.29217 1.275 1.28371 1.32629 1.32933 1.34045 1.37884 1.36368 1.41257 1.3929 1.39743 1.4719 1.44253 1.48129 1.48423 1.47468 1.52469 
1.43384 1.37411 1.39579 1.37299 1.38179 1.32795 1.32675 1.3353 1.34445 1.35463 1.31239 1.26657 1.26897 1.26598 1.24723 1.24809 1.23504 1.19689 1.20505 1.19069 1.19978 1.1826 1.17132 1.16199 1.13905 1.14977 1.14055 1.10677 1.11697 1.10907 1.1169 1.10202 1.09264 1.09317 1.08114 1.09304 1.08589 1.07674 1.07651 1.06228 1.05152 1.06046 1.06327 1.05905 1.06211 1.0558 1.0542 1.0533 1.0532 1.05331 1.05451 1.05631 1.05736 1.05933 1.06298 1.06487 1.06922 1.0695 1.07269 1.07963 1.08775 1.08675 1.08968 1.10389 1.10897 1.10055 1.11399 1.14296 1.12777 1.14958 1.14297 1.15198 1.15085 1.18057 1.20185 1.21583 1.20249 1.2189 1.21314 1.22275 1.26611 1.27879 1.27513 1.29241 1.32431 1.29152 1.33076 1.33596 1.33832 1.38437 1.39752 1.41444 1.42968 1.44785 1.45827 1.47051 1.50866 1.49699 1.51348 1.52169 1.57021 
1.4236 1.40598 1.43228 1.36315 1.33701 1.39169 1.35341 1.33409 1.336 1.33229 1.29705 1.30226 1.27774 1.25944 1.25693 1.25202 1.22001 1.22974 1.19171 1.20538 1.2121 1.20007 1.16698 1.1561 1.15626 1.13405 1.14703 1.11563 1.12547 1.12613 1.11748 1.12365 1.09624 1.09437 1.09233 1.09087 1.07191 1.08874 1.06547 1.07245 1.06777 1.06835 1.06106 1.05807 1.06058 1.05951 1.05979 1.05625 1.05852 1.05913 1.05972 1.06146 1.06324 1.06489 1.06506 1.07206 1.07608 1.07945 1.08002 1.09134 1.09277 1.09676 1.09625 1.0996 1.11492 1.11716 1.1334 1.14868 1.13225 1.15332 1.15189 1.16979 1.16717 1.18786 1.20376 1.20525 1.23684 1.24251 1.25997 1.26524 1.27476 1.25935 1.26987 1.29215 1.28289 1.32927 1.31289 1.33973 1.36935 1.37799 1.40428 1.40449 1.39752 1.42141 1.4287 1.44858 1.513 1.48478 1.50358 1.48524 1.5408 
1.41237 1.41924 1.4272 1.38169 1.38742 1.37817 1.3539 1.33249 1.32756 1.3282 1.32973 1.2734 1.277 1.27765 1.26977 1.22898 1.24137 1.21846 1.21798 1.21533 1.19169 1.16661 1.18092 1.15196 1.16798 1.16235 1.12902 1.13971 1.13319 1.12099 1.11883 1.09672 1.09577 1.10433 1.08635 1.09559 1.08174 1.08074 1.08028 1.07455 1.06345 1.06525 1.06768 1.06603 1.06514 1.06326 1.06115 1.06268 1.06416 1.06405 1.06513 1.06706 1.06829 1.06944 1.07579 1.07504 1.07956 1.08403 1.09328 1.08935 1.09876 1.10835 1.1129 1.1149 1.12751 1.12387 1.11609 1.15453 1.15535 1.16413 1.16804 1.19422 1.18064 1.20488 1.19196 1.21005 1.21474 1.24925 1.23536 1.26605 1.27306 1.27873 1.29309 1.29697 1.31045 1.31183 1.3561 1.35843 1.3774 1.38717 1.38988 1.43005 1.40033 1.41477 1.45295 1.49752 1.50223 1.47986 1.51634 1.52998 1.56019 
1.42384 1.40314 1.4117 1.39094 1.42359 1.36708 1.37153 1.38637 1.3302 1.30902 1.30927 1.29728 1.27927 1.24436 1.27115 1.24989 1.2574 1.23898 1.20749 1.18872 1.20195 1.21424 1.17752 1.17717 1.16818 1.16511 1.17181 1.14882 1.1321 1.13211 1.13311 1.11727 1.11395 1.10394 1.09822 1.09948 1.09438 1.08471 1.07691 1.07438 1.08268 1.07625 1.06554 1.07016 1.07242 1.06763 1.0713 1.06786 1.06959 1.06932 1.07074 1.07253 1.07418 1.07762 1.07915 1.08397 1.0892 1.09086 1.09733 1.09891 1.11128 1.11612 1.11196 1.12287 1.12394 1.13231 1.13695 1.1391 1.16273 1.17432 1.17188 1.18193 1.20593 1.22757 1.2057 1.22775 1.22011 1.24875 1.25822 1.27569 1.26842 1.29434 1.32592 1.31165 1.31857 1.32677 1.38219 1.4053 1.40375 1.41473 1.43437 1.40486 1.4872 1.45919 1.49313 1.446 1.54792 1.50754 1.5643 1.52985 1.5559 
1.4344 1.45149 1.41327 1.45891 1.37918 1.39232 1.33793 1.35185 1.37438 1.32909 1.28327 1.29039 1.3257 1.26379 1.27226 1.25018 1.23087 1.22633 1.24405 1.20758 1.20381 1.18358 1.18863 1.15998 1.17238 1.1497 1.13878 1.13917 1.1374 1.13705 1.13213 1.11495 1.10278 1.11483 1.10708 1.10294 1.10058 1.09169 1.09128 1.08469 1.08406 1.08749 1.08473 1.07457 1.07384 1.07402 1.07505 1.07342 1.07486 1.07439 1.07654 1.07842 1.08102 1.08238 1.08348 1.08643 1.09087 1.09992 1.10216 1.10483 1.11338 1.11238 1.13368 1.12496 1.12677 1.14046 1.14995 1.16287 1.15908 1.18669 1.1742 1.17603 1.22944 1.20063 1.24124 1.22286 1.25157 1.23446 1.26848 1.28265 1.29202 1.33197 1.28119 1.30823 1.36042 1.36112 1.36952 1.37822 1.43017 1.42202 1.39471 1.40999 1.47068 1.49434 1.51227 1.51658 1.53755 1.50877 1.57037 1.56492 1.5717 
1.47932 1.42324 1.42886 1.38484 1.36659 1.33597 1.38655 1.36242 1.34745 1.30158 1.33241 1.32154 1.2779 1.2588 1.26159 1.25322 1.2065 1.25731 1.23119 1.23425 1.23492 1.20726 1.20081 1.18689 1.17935 1.17133 1.15862 1.16522 1.12683 1.14353 1.13804 1.1372 1.12531 1.11731 1.10582 1.1138 1.11203 1.09903 1.09269 1.09331 1.09094 1.08541 1.08228 1.08215 1.08037 1.07717 1.08118 1.07699 1.07961 1.08051 1.08253 1.08448 1.08598 1.08791 1.08962 1.0925 1.09633 1.10323 1.10653 1.10809 1.12212 1.12752 1.12999 1.13214 1.14308 1.14675 1.14197 1.15425 1.16686 1.19029 1.18867 1.20636 1.20748 1.21505 1.2288 1.22713 1.25757 1.26743 1.26195 1.26697 1.28427 1.30101 1.33035 1.31329 1.35865 1.37418 1.37399 1.43008 1.41308 1.40568 1.47662 1.45183 1.45828 1.48874 1.46999 1.49762 1.56119 1.55312 1.56499 1.55684 1.61247 
1.47713 1.44742 1.42118 1.36832 1.44974 1.40209 1.38881 1.36021 1.33619 1.30899 1.32023 1.3091 1.31235 1.28898 1.25755 1.27141 1.26797 1.24612 1.2261 1.22252 1.20197 1.21303 1.20226 1.19963 1.18089 1.16747 1.15868 1.17883 1.15311 1.13985 1.14422 1.13278 1.1303 1.13189 1.10982 1.11292 1.09964 1.10802 1.09534 1.09628 1.09613 1.09647 1.08834 1.08586 1.08733 1.08575 1.08906 1.08829 1.0852 1.08716 1.08871 1.09081 1.09293 1.09571 1.09719 1.10585 1.11216 1.10879 1.11509 1.11912 1.12394 1.13827 1.14145 1.14502 1.15788 1.16655 1.16512 1.17207 1.18305 1.17836 1.20156 1.21617 1.22273 1.20748 1.24196 1.25295 1.27362 1.27285 1.29036 1.30833 1.31676 1.33082 1.34165 1.32728 1.34037 1.37824 1.38504 1.39971 1.41801 1.42953 1.40832 1.49228 1.49559 1.4867 1.49643 1.50908 1.49594 1.56913 1.61224 1.64323 1.65263 
1.43254 1.44997 1.41558 1.40908 1.40161 1.39796 1.38515 1.33393 1.37404 1.3287 1.34248 1.28996 1.3288 1.26744 1.2879 1.27178 1.26671 1.23991 1.23485 1.24282 1.22507 1.22976 1.19815 1.19804 1.16644 1.17841 1.14184 1.16446 1.17804 1.13378 1.14231 1.13342 1.13117 1.1303 1.12922 1.12786 1.11478 1.11069 1.1045 1.1051 1.09745 1.09779 1.09751 1.09358 1.09013 1.09244 1.09012 1.09475 1.09223 1.09295 1.09507 1.09738 1.10054 1.10039 1.10447 1.10619 1.11218 1.12525 1.12472 1.13223 1.13112 1.14498 1.14295 1.14499 1.15323 1.16566 1.16454 1.18115 1.19484 1.19012 1.20489 1.23113 1.21099 1.22973 1.23831 1.26501 1.26365 1.27266 1.28993 1.31062 1.34161 1.34694 1.36984 1.33642 1.33774 1.38153 1.41623 1.39268 1.42213 1.43792 1.49348 1.46587 1.50034 1.49245 1.56653 1.54129 1.60836 1.59089 1.56321 1.62983 1.61677 
1.47632 1.4313 1.42954 1.40362 1.45486 1.37361 1.37689 1.38736 1.35779 1.34807 1.34064 1.32186 1.29511 1.29436 1.29036 1.25372 1.26033 1.25847 1.25567 1.23787 1.2341 1.21814 1.21407 1.20322 1.18864 1.18961 1.16657 1.15272 1.16639 1.1589 1.13534 1.14805 1.1358 1.12664 1.11636 1.11557 1.12524 1.12484 1.1095 1.11353 1.1008 1.10252 1.10513 1.099 1.09464 1.09903 1.10003 1.09922 1.09898 1.10058 1.10161 1.10411 1.1058 1.10939 1.11164 1.11439 1.11401 1.13069 1.13028 1.14565 1.14283 1.1484 1.14221 1.15788 1.1653 1.16776 1.16854 1.18825 1.19255 1.21806 1.20668 1.21714 1.24537 1.26493 1.24808 1.24773 1.30499 1.3008 1.32494 1.32166 1.33259 1.33208 1.39709 1.37089 1.39554 1.39094 1.41555 1.41536 1.43658 1.45205 1.46127 1.47987 1.49627 1.52368 1.55264 1.53359 1.58337 1.57 1.57438 1.61594 1.59997 
1.47539 1.487 1.4427 1.40573 1.45174 1.41812 1.38311 1.3522 1.351 1.36236 1.34038 1.3026 1.30716 1.30329 1.33723 1.23955 1.28233 1.27024 1.22679 1.22757 1.22582 1.21779 1.21991 1.19464 1.20408 1.17438 1.18818 1.18202 1.16634 1.14655 1.16674 1.145 1.14735 1.14311 1.14581 1.12408 1.12243 1.12025 1.12031 1.13204 1.11226 1.10952 1.10162 1.10476 1.10644 1.10111 1.10531 1.10601 1.10565 1.10638 1.10832 1.11048 1.1126 1.11581 1.11639 1.12076 1.12566 1.13712 1.13158 1.14417 1.15044 1.15264 1.16613 1.16976 1.17595 1.18866 1.1894 1.18663 1.19887 1.20917 1.2345 1.22109 1.26059 1.26962 1.25941 1.26144 1.30165 1.31861 1.32689 1.32974 1.32599 1.36389 1.38049 1.35692 1.38358 1.41893 1.42313 1.42763 1.43428 1.46687 1.51614 1.47942 1.52679 1.52696 1.54847 1.60581 1.59166 1.65518 1.631 1.65127 1.70513 
1.45923 1.4456 1.45983 1.45046 1.43387 1.38678 1.4017 1.39472 1.35846 1.3663 1.37231 1.33604 1.34104 1.30795 1.3119 1.29019 1.28141 1.26489 1.26158 1.25189 1.24721 1.24124 1.22236 1.21103 1.19935 1.20369 1.19064 1.17145 1.14635 1.16846 1.15322 1.14798 1.15883 1.13992 1.13522 1.1357 1.12598 1.12012 1.129 1.11616 1.12698 1.11351 1.11278 1.11202 1.11259 1.11315 1.11413 1.11253 1.11201 1.11277 1.11519 1.11678 1.11983 1.12233 1.12561 1.13262 1.13218 1.13612 1.14845 1.1535 1.15293 1.16309 1.16931 1.18095 1.18811 1.18048 1.192 1.21854 1.21629 1.23419 1.23544 1.24243 1.25095 1.27091 1.29364 1.2721 1.29997 1.31095 1.31603 1.33709 1.36918 1.38916 1.39985 1.40176 1.41571 1.42039 1.44027 1.45115 1.49289 1.50574 1.4963 1.48203 1.53786 1.56894 1.57709 1.64421 1.64261 1.62179 1.64013 1.65532 1.66103 
1.45843 1.4861 1.46009 1.42912 1.42448 1.39531 1.40456 1.38962 1.37872 1.35526 1.34273 1.33588 1.31634 1.30884 1.30748 1.2603 1.28338 1.302 1.27756 1.26293 1.25294 1.22871 1.20639 1.20146 1.20563 1.19631 1.18972 1.18778 1.16577 1.14886 1.16718 1.15786 1.15876 1.15108 1.13704 1.14667 1.12878 1.13135 1.13441 1.12078 1.12653 1.12672 1.11862 1.11756 1.11558 1.11439 1.11902 1.11843 1.11838 1.12014 1.12224 1.12524 1.1266 1.13042 1.13846 1.13683 1.14036 1.14779 1.15206 1.16662 1.16836 1.17046 1.16991 1.18449 1.18235 1.19213 1.20582 1.22621 1.23648 1.21948 1.25033 1.26816 1.27309 1.26789 1.30538 1.31463 1.31141 1.31631 1.31613 1.35257 1.33415 1.36935 1.41289 1.43912 1.39613 1.44604 1.48486 1.48696 1.48005 1.49638 1.51102 1.51835 1.54597 1.5702 1.57017 1.56108 1.60194 1.62359 1.62029 1.66337 1.68476 
1.51299 1.47706 1.44839 1.48694 1.40485 1.40337 1.40412 1.42547 1.38415 1.37664 1.36532 1.35488 1.33363 1.3111 1.31273 1.28795 1.28605 1.25608 1.295 1.26154 1.23648 1.22472 1.24553 1.22332 1.20758 1.21965 1.21078 1.20475 1.1966 1.17696 1.18615 1.1872 1.16306 1.14822 1.15003 1.13603 1.14049 1.14264 1.12953 1.13383 1.12933 1.1294 1.12938 1.12407 1.1236 1.11944 1.12351 1.12434 1.1256 1.12707 1.12944 1.13222 1.13358 1.13884 1.13978 1.14881 1.15169 1.14823 1.16716 1.16318 1.17154 1.18034 1.18082 1.19394 1.20027 1.2173 1.21805 1.22774 1.23847 1.24533 1.25 1.25916 1.27399 1.28187 1.30963 1.29681 1.3463 1.33025 1.34841 1.36094 1.38765 1.38264 1.41079 1.4212 1.46598 1.43267 1.47803 1.48548 1.5112 1.52219 1.52589 1.50205 1.55378 1.55501 1.59613 1.63641 1.65509 1.68802 1.67418 1.67622 1.78935 
1.47495 1.51182 1.48989 1.46525 1.45096 1.39769 1.40454 1.37456 1.37651 1.36276 1.36411 1.36696 1.35635 1.31807 1.30844 1.29215 1.2852 1.29036 1.23348 1.24515 1.23991 1.25197 1.22061 1.22344 1.22519 1.20957 1.21568 1.19728 1.1832 1.18892 1.17527 1.17693 1.16442 1.15503 1.15399 1.15009 1.14901 1.13613 1.13786 1.14019 1.13974 1.14021 1.13589 1.1347 1.12908 1.13143 1.1324 1.13109 1.13337 1.13406 1.13681 1.13945 1.14334 1.14614 1.15036 1.1559 1.15491 1.17056 1.16413 1.17936 1.18662 1.18127 1.18929 1.20584 1.20378 1.20891 1.2256 1.22929 1.255 1.24752 1.255 1.27475 1.28347 1.2881 1.32616 1.31938 1.33444 1.33666 1.36734 1.36972 1.40321 1.44009 1.43258 1.43625 1.47631 1.44818 1.49437 1.48358 1.52197 1.5469 1.55501 1.56169 1.61999 1.58793 1.59147 1.60847 1.66747 1.69337 1.64854 1.69026 1.74205 
1.50758 1.50176 1.50149 1.48951 1.44668 1.44703 1.39971 1.43733 1.41307 1.34742 1.35586 1.3538 1.35032 1.32927 1.30548 1.31513 1.3159 1.28699 1.30957 1.27567 1.26444 1.26198 1.25974 1.23847 1.24748 1.22236 1.2044 1.21238 1.18854 1.18137 1.17448 1.18268 1.17508 1.17162 1.16521 1.14892 1.14771 1.1483 1.14226 1.14166 1.14484 1.14388 1.14517 1.14438 1.13418 1.13819 1.14115 1.13943 1.13981 1.1423 1.14432 1.147 1.15112 1.15532 1.16085 1.16268 1.1633 1.16978 1.17781 1.18576 1.19116 1.19452 1.20023 1.20764 1.22415 1.22028 1.23181 1.25636 1.24613 1.26216 1.26998 1.27053 1.308 1.31073 1.30301 1.34449 1.36434 1.37797 1.3895 1.37224 1.41269 1.426 1.42113 1.46333 1.41203 1.52432 1.48078 1.50288 1.54105 1.56512 1.55525 1.5638 1.59565 1.62474 1.63932 1.68205 1.65431 1.66412 1.70949 1.72156 1.76095 
1.52491 1.53193 1.50288 1.45462 1.48124 1.44528 1.46598 1.41283 1.40967 1.42702 1.39124 1.40316 1.37931 1.32202 1.33769 1.28519 1.34022 1.29613 1.27686 1.25933 1.27859 1.25007 1.27259 1.23488 1.23365 1.22161 1.21608 1.20682 1.19533 1.18912 1.18859 1.16592 1.18563 1.17534 1.15545 1.16278 1.15695 1.16147 1.15555 1.15328 1.1548 1.15418 1.15225 1.14357 1.14962 1.14322 1.14465 1.14883 1.14852 1.14874 1.15199 1.15519 1.15614 1.16367 1.16097 1.17028 1.17887 1.17803 1.18758 1.19477 1.1974 1.20006 1.19996 1.22082 1.22828 1.24147 1.24778 1.26225 1.25986 1.2818 1.28662 1.29279 1.30268 1.31619 1.36361 1.33403 1.35317 1.37251 1.38367 1.40892 1.39829 1.43625 1.47414 1.45632 1.49536 1.51623 1.49749 1.53895 1.55517 1.57293 1.5777 1.58504 1.63339 1.61901 1.67101 1.64991 1.67643 1.68639 1.74419 1.71775 1.72586 
1.49848 1.50909 1.47166 1.44585 1.48439 1.44022 1.42916 1.43576 1.36924 1.40757 1.40061 1.38224 1.34362 1.32284 1.35032 1.35564 1.29291 1.2966 1.29192 1.26237 1.29046 1.27954 1.2686 1.22744 1.2381 1.24476 1.2224 1.21991 1.21256 1.19957 1.19275 1.18157 1.18949 1.17292 1.1873 1.17448 1.16654 1.16077 1.1601 1.16565 1.16159 1.15389 1.15508 1.15546 1.14886 1.15374 1.15444 1.15334 1.15402 1.15753 1.1598 1.16266 1.16643 1.16953 1.17107 1.17745 1.18177 1.19506 1.19192 1.19539 1.21236 1.21336 1.22665 1.2263 1.23492 1.24418 1.24062 1.27224 1.27827 1.28728 1.30355 1.30748 1.31795 1.34022 1.36139 1.36994 1.37648 1.38466 1.40703 1.40887 1.41808 1.42838 1.47016 1.47003 1.51498 1.49967 1.53283 1.54006 1.56182 1.56618 1.5918 1.62454 1.61921 1.65561 1.64494 1.68988 1.71679 1.73639 1.71611 1.76597 1.74423 
1.51481 1.47942 1.50282 1.44484 1.46758 1.47262 1.44024 1.42418 1.45891 1.39676 1.38147 1.36282 1.37457 1.3521 1.3118 1.34315 1.3495 1.2838 1.3114 1.28118 1.27236 1.27177 1.26649 1.26286 1.23834 1.22829 1.24237 1.22861 1.22031 1.21243 1.20494 1.18364 1.20024 1.19015 1.18733 1.18255 1.19208 1.16576 1.16337 1.17344 1.1639 1.16 1.15112 1.16164 1.16171 1.15982 1.16138 1.16066 1.16407 1.16573 1.16775 1.17084 1.17322 1.17883 1.18295 1.18607 1.19154 1.19555 1.20641 1.20427 1.20963 1.22214 1.22991 1.2375 1.2471 1.25219 1.26016 1.28827 1.28352 1.31078 1.31425 1.32575 1.33429 1.33861 1.35427 1.3673 1.38359 1.38968 1.39394 1.43932 1.44352 1.4583 1.47742 1.46901 1.53993 1.52545 1.54247 1.58127 1.54515 1.58842 1.64703 1.60159 1.65266 1.61065 1.69919 1.66367 1.71056 1.68992 1.77708 1.75377 1.84134 
1.54841 1.52508 1.50431 1.47106 1.47889 1.42501 1.45182 1.4242 1.41908 1.42241 1.37675 1.37674 1.38739 1.3833 1.36589 1.33485 1.30432 1.31419 1.28335 1.29396 1.26136 1.28763 1.26143 1.26897 1.23843 1.24075 1.21413 1.23158 1.22688 1.2314 1.19734 1.19478 1.19265 1.1932 1.17809 1.18578 1.18752 1.18322 1.18003 1.17524 1.17454 1.16072 1.16356 1.17026 1.16592 1.16498 1.17171 1.17135 1.17216 1.17343 1.17585 1.17929 1.18119 1.18703 1.19 1.20293 1.19805 1.21388 1.21467 1.21469 1.22925 1.2272 1.23928 1.26116 1.24902 1.27706 1.26048 1.27731 1.29962 1.32077 1.33883 1.32657 1.34722 1.35545 1.37015 1.37243 1.38574 1.41913 1.44874 1.42651 1.43108 1.473 1.50035 1.48696 1.50555 1.56325 1.56329 1.57312 1.58464 1.6019 1.62228 1.67282 1.65047 1.67941 1.68689 1.71841 1.72843 1.72249 1.80137 1.77399 1.79721 
1.58311 1.5219 1.52611 1.49184 1.46049 1.48246 1.46169 1.44497 1.44809 1.4046 1.43188 1.39784 1.37523 1.36674 1.33682 1.34326 1.35263 1.32716 1.31288 1.264 1.30374 1.3068 1.28411 1.27848 1.25352 1.27011 1.25388 1.22449 1.21786 1.23263 1.22118 1.20445 1.18802 1.19009 1.19016 1.20055 1.19063 1.18202 1.1742 1.18333 1.17259 1.18048 1.17685 1.17041 1.1715 1.17881 1.17673 1.17758 1.17972 1.18063 1.18407 1.1867 1.19029 1.19317 1.2017 1.20787 1.21697 1.21658 1.22305 1.22752 1.24274 1.2364 1.2495 1.26622 1.26817 1.27769 1.29088 1.30572 1.30076 1.32106 1.33403 1.33952 1.33944 1.39022 1.37313 1.38583 1.39681 1.42912 1.45224 1.4655 1.49887 1.47257 1.53008 1.50457 1.53579 1.54172 1.57734 1.59914 1.59045 1.63449 1.69147 1.66802 1.66469 1.66637 1.74836 1.75645 1.79597 1.77579 1.76745 1.79728 1.87604 
1.52691 1.5002 1.5393 1.45426 1.45174 1.4823 1.44509 1.44761 1.43593 1.4333 1.43155 1.4009 1.40529 1.36852 1.35974 1.37205 1.33657 1.32299 1.33323 1.27783 1.30017 1.28626 1.27339 1.26164 1.263 1.22339 1.22791 1.24308 1.23498 1.22035 1.22622 1.23129 1.20815 1.22236 1.21728 1.20215 1.19089 1.19281 1.18688 1.17985 1.18775 1.19127 1.18439 1.17349 1.17964 1.18072 1.18557 1.1835 1.1883 1.18939 1.19243 1.19587 1.19967 1.20115 1.20595 1.21773 1.22 1.2311 1.22987 1.23925 1.25063 1.26705 1.26687 1.26933 1.27933 1.29631 1.2778 1.31901 1.32241 1.31803 1.35666 1.36248 1.36869 1.36908 1.38759 1.42692 1.41028 1.4083 1.45905 1.46374 1.47633 1.48125 1.48821 1.50645 1.51536 1.57713 1.59381 1.57932 1.60163 1.62559 1.6286 1.64856 1.68609 1.73672 1.73817 1.75139 1.76277 1.81231 1.80189 1.84243 1.84185 
1.55817 1.52805 1.50815 1.49009 1.49352 1.50533 1.47808 1.46567 1.44624 1.38616 1.40871 1.41425 1.41378 1.38576 1.37028 1.36023 1.35209 1.30192 1.33557 1.34203 1.30754 1.30016 1.3032 1.29588 1.26917 1.29415 1.25065 1.2606 1.23575 1.25317 1.22172 1.21362 1.20724 1.22181 1.19881 1.20198 1.18832 1.20389 1.19633 1.19831 1.1841 1.19077 1.1855 1.19493 1.19116 1.19183 1.19331 1.19512 1.19277 1.19782 1.20092 1.20448 1.20867 1.21333 1.21419 1.22432 1.22724 1.22863 1.24076 1.24819 1.25951 1.27477 1.27542 1.273 1.27941 1.31119 1.30601 1.31276 1.34234 1.35084 1.36507 1.35116 1.3728 1.40587 1.41248 1.40859 1.42983 1.4491 1.48477 1.49581 1.46494 1.52337 1.50635 1.5223 1.56558 1.59512 1.62033 1.64426 1.64829 1.64025 1.65428 1.69549 1.69299 1.73828 1.72444 1.8099 1.81399 1.81838 1.8398 1.87362 1.87681 
1.54879 1.51937 1.55247 1.4967 1.47816 1.48139 1.48273 1.4379 1.46895 1.46753 1.44065 1.38811 1.40815 1.39518 1.35969 1.37526 1.3419 1.3349 1.32727 1.2927 1.31556 1.31589 1.30142 1.28252 1.2903 1.27118 1.28734 1.25596 1.23773 1.24326 1.22427 1.2291 1.23612 1.24168 1.21189 1.21929 1.22592 1.20337 1.20346 1.19154 1.19648 1.19049 1.20284 1.20097 1.19766 1.19914 1.20012 1.20117 1.20258 1.20651 1.20953 1.21401 1.21901 1.21975 1.22689 1.23199 1.23974 1.24118 1.24714 1.258 1.27502 1.27053 1.28755 1.28552 1.29804 1.3168 1.32311 1.3437 1.34737 1.35055 1.36846 1.3828 1.40802 1.41244 1.42822 1.43873 1.44422 1.46692 1.49621 1.51443 1.52698 1.53463 1.52125 1.59849 1.56889 1.58755 1.61341 1.66743 1.59457 1.67789 1.69147 1.70383 1.73514 1.75804 1.73077 1.79806 1.79567 1.82318 1.85542 1.84043 1.90224 
1.5574 1.53443 1.55926 1.48442 1.50029 1.51444 1.47727 1.46997 1.44193 1.43023 1.41176 1.42459 1.42005 1.39579 1.37634 1.39264 1.36292 1.36673 1.34076 1.3078 1.29304 1.30314 1.29246 1.26593 1.30299 1.29479 1.26781 1.26055 1.25665 1.23297 1.24552 1.24434 1.22591 1.24471 1.23574 1.21348 1.21463 1.21626 1.20254 1.20455 1.21679 1.20868 1.20838 1.20538 1.21094 1.20903 1.21331 1.20959 1.21316 1.21527 1.21826 1.22188 1.22801 1.22981 1.23609 1.23996 1.25263 1.25106 1.26092 1.26931 1.27939 1.28571 1.29288 1.30774 1.30197 1.32508 1.34197 1.346 1.35614 1.3884 1.3996 1.40076 1.39785 1.4276 1.43994 1.42425 1.46478 1.47114 1.5006 1.50094 1.55812 1.51479 1.55953 1.57182 1.5972 1.58461 1.63125 1.66006 1.63016 1.65866 1.76172 1.73154 1.76527 1.76143 1.79745 1.80396 1.83857 1.82454 1.84546 1.8747 1.90243 
1.56862 1.54642 1.52245 1.54556 1.53997 1.51753 1.49062 1.47788 1.45588 1.47629 1.41941 1.46748 1.39435 1.41683 1.3728 1.36275 1.40208 1.34696 1.37182 1.33909 1.35538 1.31402 1.31876 1.31904 1.3172 1.29765 1.28639 1.28877 1.26805 1.26669 1.27259 1.25024 1.25224 1.22941 1.23644 1.23331 1.21093 1.22383 1.21838 1.22171 1.22103 1.22392 1.22132 1.21554 1.21534 1.21213 1.21417 1.21921 1.22194 1.22407 1.22711 1.23049 1.23685 1.23625 1.24391 1.2494 1.25451 1.26254 1.2806 1.27613 1.27927 1.29325 1.29677 1.32161 1.31907 1.32918 1.34079 1.36085 1.37829 1.3733 1.38723 1.41131 1.42851 1.41473 1.4526 1.48328 1.46642 1.47092 1.49641 1.51855 1.52408 1.57131 1.58458 1.59682 1.60038 1.6497 1.6652 1.69883 1.65705 1.72095 1.74121 1.72752 1.8051 1.78576 1.82583 1.81307 1.86266 1.92006 1.89089 1.95939 1.97305 
1.54826 1.58418 1.59643 1.5086 1.4649 1.51289 1.48404 1.47556 1.52424 1.45229 1.44805 1.41073 1.45652 1.39 1.38732 1.39773 1.3558 1.3758 1.34432 1.34916 1.34229 1.32151 1.28829 1.34405 1.31406 1.3105 1.29512 1.2856 1.26514 1.27366 1.2588 1.25673 1.25807 1.23942 1.23688 1.23039 1.21038 1.23492 1.22557 1.22291 1.22119 1.21755 1.22487 1.21805 1.21979 1.22165 1.22582 1.2263 1.2308 1.23252 1.23607 1.23992 1.24427 1.25034 1.25987 1.26003 1.26941 1.2707 1.28402 1.29718 1.30478 1.30876 1.32724 1.3258 1.34154 1.33835 1.35302 1.37011 1.35385 1.37664 1.381 1.42422 1.4227 1.45579 1.45134 1.47727 1.48525 1.50574 1.51954 1.55722 1.55114 1.55886 1.58086 1.60809 1.62496 1.62269 1.6553 1.67331 1.72947 1.7521 1.67615 1.76616 1.80502 1.78628 1.84504 1.83932 1.84687 1.93615 1.93025 1.84513 1.94678 
1.59902 1.62261 1.56481 1.54992 1.539 1.4985 1.50055 1.48518 1.48041 1.49112 1.45919 1.44956 1.4507 1.44856 1.38089 1.40316 1.36786 1.34939 1.3477 1.33705 1.30414 1.34345 1.32938 1.30505 1.30423 1.30379 1.32708 1.27227 1.29642 1.2631 1.24762 1.25736 1.25984 1.2534 1.24414 1.24089 1.22361 1.2262 1.22537 1.22967 1.23131 1.23138 1.22967 1.23063 1.23185 1.23041 1.23227 1.23564 1.23815 1.24162 1.24514 1.24915 1.25402 1.26088 1.26349 1.27703 1.28081 1.28044 1.28669 1.29591 1.31575 1.32087 1.32023 1.34089 1.33878 1.36114 1.36704 1.38287 1.38836 1.38735 1.43956 1.41053 1.45448 1.46916 1.47006 1.50337 1.49479 1.5064 1.53742 1.52362 1.58709 1.58304 1.58314 1.61648 1.6648 1.65652 1.67774 1.69987 1.68889 1.70504 1.80074 1.80704 1.79542 1.7993 1.82432 1.82477 1.91176 1.87566 1.93377 1.91305 1.97237 
1.63605 1.57247 1.57166 1.56136 1.57669 1.55903 1.48455 1.49065 1.50113 1.47495 1.48928 1.4873 1.4087 1.42102 1.42322 1.41622 1.37223 1.364 1.36942 1.32967 1.35896 1.33344 1.31802 1.33482 1.31263 1.32266 1.31064 1.2871 1.2935 1.27928 1.27988 1.27112 1.26648 1.26977 1.25663 1.24269 1.24009 1.23867 1.24312 1.23011 1.23933 1.23358 1.24406 1.24641 1.23905 1.24269 1.24185 1.24348 1.24746 1.24997 1.25432 1.25833 1.26359 1.26733 1.27281 1.27728 1.28971 1.29667 1.31074 1.31862 1.31657 1.33064 1.33472 1.34355 1.34731 1.38514 1.37798 1.40079 1.38776 1.41065 1.44155 1.4535 1.44641 1.48245 1.49338 1.52469 1.50189 1.55009 1.55574 1.60467 1.61851 1.57032 1.62166 1.6687 1.70007 1.67585 1.70104 1.73643 1.72636 1.75524 1.72396 1.7578 1.77782 1.8648 1.85615 1.92372 1.88778 1.90809 1.94496 1.97732 2.00973 
1.62555 1.61647 1.58147 1.5966 1.56148 1.51476 1.50373 1.52625 1.52301 1.45102 1.45376 1.4524 1.42586 1.42028 1.41005 1.40692 1.41109 1.41022 1.35873 1.36941 1.3438 1.36429 1.33907 1.35336 1.3233 1.33305 1.29752 1.3185 1.27544 1.28846 1.27155 1.28038 1.26083 1.25775 1.26967 1.26222 1.26143 1.24267 1.25643 1.25369 1.25365 1.24288 1.25485 1.24401 1.24712 1.25239 1.2521 1.25608 1.25658 1.25892 1.26361 1.26772 1.27218 1.27754 1.28168 1.28925 1.2942 1.30007 1.31238 1.31826 1.33707 1.33646 1.35161 1.3521 1.36277 1.3793 1.38915 1.39136 1.41068 1.43175 1.45311 1.47746 1.45509 1.51812 1.48943 1.50418 1.5353 1.56004 1.59055 1.58483 1.61878 1.59242 1.63583 1.67578 1.67836 1.73233 1.73852 1.75146 1.76715 1.774 1.77826 1.83832 1.87588 1.87933 1.8755 1.90154 1.93219 1.90735 2.01707 2.02404 2.01114 
1.6268 1.60944 1.63769 1.54197 1.57624 1.59118 1.54455 1.50245 1.53076 1.48312 1.48628 1.43923 1.4741 1.4437 1.40426 1.41929 1.41365 1.41958 1.39554 1.34967 1.364 1.36594 1.36283 1.33904 1.3432 1.33489 1.32756 1.30629 1.30673 1.29034 1.28702 1.29107 1.2941 1.27714 1.28041 1.2784 1.26535 1.25558 1.25904 1.26808 1.25445 1.24278 1.25481 1.25867 1.25573 1.26019 1.26087 1.26001 1.26697 1.26842 1.27299 1.27891 1.28185 1.28902 1.29314 1.29926 1.30586 1.31511 1.3127 1.3346 1.33652 1.35236 1.35467 1.3857 1.38203 1.38531 1.39816 1.422 1.41934 1.4411 1.46377 1.48827 1.48832 1.51209 1.52422 1.55908 1.56022 1.56327 1.58521 1.61564 1.57728 1.67606 1.66269 1.69316 1.64591 1.73754 1.70384 1.78272 1.80192 1.79534 1.79189 1.83709 1.87392 1.90803 1.90406 1.92658 1.87731 1.96532 2.03484 2.05046 2.02563 
1.65407 1.58467 1.58109 1.59425 1.58383 1.55827 1.53773 1.54619 1.51337 1.47467 1.47185 1.45729 1.45957 1.42031 1.48013 1.42139 1.42515 1.39539 1.42348 1.36918 1.40187 1.36668 1.3447 1.361 1.32414 1.30985 1.32073 1.33055 1.30591 1.31432 1.29303 1.29303 1.28043 1.26913 1.28643 1.27204 1.27018 1.27147 1.27611 1.25468 1.25815 1.26398 1.25838 1.26744 1.26392 1.26508 1.26708 1.27516 1.27367 1.27771 1.28247 1.28587 1.29215 1.30007 1.30533 1.30871 1.32578 1.32394 1.33214 1.34885 1.33889 1.35602 1.36762 1.39016 1.38448 1.39892 1.43078 1.43326 1.42959 1.44964 1.46388 1.47658 1.4931 1.54627 1.53683 1.52839 1.57174 1.59401 1.59839 1.60519 1.61863 1.66006 1.65901 1.68958 1.67794 1.76605 1.74657 1.73693 1.7814 1.791 1.803 1.83702 1.87025 1.89482 1.91197 1.94649 1.88895 2.01666 2.01724 2.03402 2.06978 
