3.30629 3.34632 3.1908 3.15928 3.05159 2.79765 2.8329 2.91327 2.78182 2.8249 2.63051 2.6779 2.64689 2.55543 2.44091 2.43413 2.48156 2.19217 2.33886 2.20845 2.14932 2.11677 2.04189 2.01892 2.00531 1.93251 1.82832 1.7993 1.78323 1.6489 1.64725 1.59684 1.51736 1.48252 1.47589 1.42567 1.40555 1.32913 1.33274 1.28862 1.24603 1.202 1.16618 1.13834 1.1107 1.10576 1.06812 1.0581 1.03025 1.01342 1 0.989621 0.975282 0.974044 0.955668 0.963475 0.969038 0.936226 0.96379 0.962342 0.958112 0.95741 0.989811 0.952178 0.993089 1.0091 1.01265 1.07445 1.02704 1.08442 1.06402 1.12884 1.13301 1.15849 1.1468 1.13545 1.21907 1.25732 1.3209 1.29882 1.33873 1.28553 1.37893 1.36207 1.39683 1.49236 1.4303 1.47113 1.5304 1.50941 1.61447 1.64 1.68282 1.61078 1.72361 1.81248 1.75239 1.81931 1.80651 1.87361 1.891 
3.30902 3.07567 3.33498 3.10844 2.98929 2.97528 2.87911 2.89692 2.85676 2.79712 2.68683 2.6337 2.56834 2.46275 2.41441 2.51109 2.35056 2.32519 2.20657 2.28872 2.20681 2.04755 2.00876 1.93365 1.84823 1.84588 1.80961 1.84358 1.72169 1.72189 1.53591 1.61614 1.52936 1.49407 1.43823 1.44395 1.40285 1.32818 1.30666 1.2484 1.21871 1.20666 1.17191 1.13765 1.12126 1.11045 1.08201 1.05083 1.02936 1.01423 1 0.988447 0.979752 0.966329 0.953714 0.953417 0.951225 0.936344 0.970494 0.955997 0.954678 0.983346 0.992313 1.00483 0.992706 1.00845 1.01132 1.04104 1.06284 1.10068 1.07482 1.12629 1.10577 1.11094 1.16286 1.22438 1.24801 1.24851 1.24139 1.33698 1.31543 1.30918 1.33326 1.44598 1.44559 1.42806 1.53728 1.6024 1.58008 1.58656 1.57553 1.61778 1.6833 1.6719 1.70965 1.80203 1.81355 1.74939 1.8089 1.84956 1.79142 
3.41166 3.31348 3.25171 3.00913 3.07427 2.94115 2.94314 2.84466 2.82893 2.85805 2.70459 2.66708 2.59666 2.63671 2.44724 2.32983 2.43268 2.24222 2.24639 2.22672 2.15274 2.06309 1.9492 1.97177 1.92118 1.90115 1.86009 1.77281 1.74227 1.73704 1.63274 1.61348 1.51489 1.52639 1.53012 1.43895 1.40582 1.28393 1.33652 1.22361 1.23156 1.20215 1.17248 1.13734 1.12363 1.09666 1.07045 1.04685 1.02867 1.01419 1 0.990205 0.97479 0.971914 0.961649 0.957807 0.950443 0.951788 0.955344 0.967574 0.95726 0.967509 0.981528 0.974227 1.00453 0.988707 1.0534 1.04017 1.0707 1.08141 1.11464 1.15525 1.14427 1.13239 1.16105 1.18265 1.23966 1.25174 1.28335 1.29442 1.29544 1.32822 1.40156 1.38415 1.38865 1.46935 1.46071 1.55627 1.56296 1.52202 1.58871 1.61617 1.59867 1.70973 1.70877 1.75202 1.76908 1.76708 1.88624 1.84302 1.91931 
3.19133 3.19546 3.12139 3.06056 3.04714 2.99198 2.93339 2.83523 2.81015 2.68218 2.72024 2.59686 2.56292 2.45771 2.4631 2.28128 2.38197 2.26887 2.24362 2.18039 2.21924 2.03871 1.96153 1.88075 1.97894 1.90579 1.79663 1.77954 1.65476 1.63249 1.62382 1.56572 1.55443 1.53945 1.44659 1.41006 1.41604 1.33445 1.29499 1.28714 1.24174 1.18147 1.16802 1.14684 1.13082 1.08729 1.06632 1.0563 1.03116 1.01681 1 0.986821 0.97621 0.962675 0.961787 0.964176 0.958536 0.95621 0.96857 0.95018 0.960031 0.971104 0.962254 0.982159 1.01125 1.01004 1.03774 1.06969 1.01311 1.04814 1.06039 1.09435 1.11423 1.15014 1.18214 1.12924 1.22628 1.2297 1.29411 1.28445 1.31796 1.34419 1.3845 1.47261 1.45631 1.47937 1.49913 1.50074 1.5376 1.53387 1.58116 1.63075 1.63939 1.63034 1.74831 1.72718 1.73095 1.81278 1.79199 1.90201 1.93727 
3.06055 3.23128 3.17628 3.11375 2.95075 2.90182 2.85365 2.88197 2.75976 2.71929 2.60553 2.58611 2.41227 2.46006 2.50692 2.44232 2.3119 2.34946 2.23948 2.2264 2.16797 2.16738 2.05799 1.93234 1.91544 1.8886 1.80851 1.72572 1.69716 1.70481 1.66421 1.58883 1.54822 1.51303 1.47475 1.36815 1.37681 1.34861 1.27491 1.26832 1.26149 1.20174 1.186 1.12997 1.13555 1.09386 1.07759 1.04076 1.0313 1.01565 1 0.986912 0.981572 0.967775 0.957527 0.962217 0.954275 0.954472 0.967361 0.961181 0.968683 0.954577 0.981238 0.994551 1.00026 1.01599 1.04021 1.04703 1.06804 1.07346 1.06233 1.1166 1.1342 1.12876 1.15987 1.24972 1.20439 1.2295 1.28524 1.29839 1.28234 1.36314 1.29996 1.38189 1.43492 1.46585 1.46446 1.45669 1.55402 1.53851 1.56121 1.66171 1.63989 1.60462 1.66957 1.75236 1.77158 1.83625 1.82595 1.81543 1.91071 
3.21999 3.20553 3.15031 3.0564 3.02026 3.0413 2.94763 2.83266 2.88215 2.8172 2.66352 2.61437 2.51132 2.53688 2.48691 2.41364 2.4176 2.24746 2.14822 2.20175 2.11835 2.0414 1.97244 1.93993 1.8811 1.85559 1.8349 1.79463 1.69639 1.67965 1.62901 1.5508 1.53352 1.49596 1.48376 1.42186 1.37897 1.33856 1.27091 1.25367 1.21593 1.19673 1.16821 1.13395 1.11809 1.08795 1.07374 1.04666 1.03166 1.01467 1 0.987983 0.974774 0.968969 0.965224 0.958532 0.95791 0.966231 0.949436 0.953248 0.951448 0.967381 0.97096 0.99817 0.994916 1.03426 1.01916 1.03766 1.05052 1.07887 1.05287 1.13846 1.12397 1.12819 1.15991 1.1779 1.25123 1.25836 1.27103 1.2741 1.32537 1.36003 1.34141 1.46492 1.38706 1.43297 1.47183 1.50209 1.48746 1.56687 1.61668 1.64536 1.67413 1.65635 1.70046 1.75869 1.76554 1.77731 1.8198 1.9021 1.95488 
3.24085 3.22461 3.21038 3.09979 3.11133 2.79245 2.90956 2.98507 2.90134 2.70773 2.73032 2.67011 2.58509 2.50008 2.45893 2.30208 2.40129 2.26782 2.32063 2.13709 2.05529 2.11066 2.00106 1.97476 1.98586 1.81632 1.80359 1.79036 1.7553 1.67879 1.64473 1.60126 1.55449 1.50573 1.44685 1.43126 1.3848 1.29413 1.29879 1.25872 1.2262 1.20479 1.16738 1.15587 1.11129 1.09626 1.07522 1.05019 1.02878 1.01622 1 0.988708 0.976277 0.966553 0.956936 0.952489 0.944931 0.949493 0.961314 0.955733 0.948371 0.961707 0.996443 0.996789 0.996867 1.02012 1.01979 1.04518 1.06652 1.05936 1.10545 1.11106 1.14411 1.14394 1.1767 1.17144 1.21774 1.24983 1.26263 1.22758 1.29333 1.32393 1.42358 1.41099 1.39242 1.46668 1.48961 1.55512 1.49418 1.58431 1.57073 1.63137 1.63529 1.72782 1.80079 1.71475 1.79158 1.82249 1.81916 1.82415 1.88708 
3.34941 3.26212 3.09221 3.06936 3.0146 2.9431 2.87835 2.94998 2.84907 2.59441 2.57616 2.53526 2.6065 2.4659 2.35575 2.38455 2.23812 2.39511 2.14699 2.15589 2.17323 2.11789 2.01461 1.91417 1.91537 1.83703 1.91816 1.7714 1.71657 1.6974 1.64989 1.56844 1.53565 1.44967 1.4757 1.38456 1.35358 1.34089 1.29489 1.24318 1.24218 1.1826 1.17854 1.14328 1.10988 1.08718 1.07125 1.04602 1.02838 1.01546 1 0.988116 0.978771 0.972966 0.966412 0.965339 0.95569 0.961791 0.946714 0.955994 0.97723 0.971284 0.980854 0.998737 0.987726 0.980553 1.03412 1.03248 1.05213 1.05335 1.08793 1.09595 1.15833 1.15456 1.14925 1.174 1.21678 1.25516 1.29006 1.30108 1.29042 1.41616 1.37532 1.40127 1.41869 1.5093 1.48856 1.56302 1.56284 1.5184 1.58414 1.60477 1.65028 1.72411 1.74178 1.73669 1.76205 1.88065 1.87657 1.86557 1.90759 
3.13909 3.16641 3.1701 3.09626 2.98718 3.07806 3.00273 2.84536 2.7208 2.71228 2.70497 2.51885 2.54657 2.61936 2.44166 2.41854 2.24365 2.25929 2.21816 2.14255 2.15363 2.06044 2.08985 1.89382 1.90036 1.87506 1.78163 1.74803 1.69557 1.69696 1.64121 1.58756 1.537 1.47223 1.46354 1.3823 1.39096 1.34998 1.31399 1.2735 1.22714 1.19726 1.18344 1.13631 1.11718 1.0988 1.07333 1.04641 1.0302 1.01503 1 0.987846 0.979705 0.973902 0.962609 0.95508 0.954117 0.969984 0.945499 0.954411 0.962124 0.955467 0.959118 0.996959 0.962287 1.02865 1.02908 1.05091 1.06246 1.05353 1.07396 1.09056 1.12826 1.16243 1.15202 1.21558 1.23433 1.26752 1.25899 1.29569 1.31346 1.33133 1.34174 1.42687 1.42085 1.44375 1.49872 1.49483 1.55711 1.57929 1.68775 1.63697 1.67632 1.73365 1.68502 1.70517 1.73835 1.7778 1.82541 1.85127 1.8647 
3.24559 3.04418 3.0963 3.03881 2.80748 2.90933 2.86923 2.73295 2.72326 2.71458 2.69659 2.58921 2.57251 2.46558 2.50742 2.27664 2.37685 2.28244 2.28584 2.15137 2.09824 2.08535 2.0772 1.95847 1.92971 1.82173 1.79676 1.7219 1.73451 1.62787 1.59593 1.5554 1.50679 1.50436 1.4825 1.37576 1.3757 1.36379 1.28573 1.27924 1.22403 1.20772 1.16944 1.15556 1.10168 1.09311 1.07082 1.04757 1.03249 1.01726 1 0.987235 0.978915 0.97152 0.959667 0.953508 0.961963 0.969358 0.950205 0.963331 0.961744 0.960042 0.983552 0.990583 0.999497 0.999268 1.0237 1.05217 1.05879 1.06076 1.06627 1.1327 1.16376 1.15418 1.21037 1.19569 1.20124 1.21155 1.26864 1.33236 1.32215 1.31991 1.41029 1.44829 1.4125 1.42888 1.46751 1.52883 1.50882 1.56716 1.63271 1.66009 1.64367 1.77331 1.69647 1.70528 1.80898 1.82106 1.8775 1.84531 1.94817 
3.19117 3.13623 3.15379 3.03723 2.97085 2.96484 2.87724 2.74326 2.87949 2.75803 2.65363 2.60356 2.57821 2.52462 2.37873 2.38114 2.27668 2.26257 2.17735 2.16777 2.10755 2.02041 1.9817 1.91534 1.98746 1.85237 1.81934 1.77337 1.71403 1.66486 1.65445 1.52518 1.54662 1.48411 1.42619 1.40489 1.37596 1.36779 1.30599 1.24186 1.22751 1.19528 1.17498 1.13786 1.1115 1.08879 1.06219 1.04768 1.02919 1.01426 1 0.986652 0.975184 0.9673 0.964465 0.96322 0.952066 0.962497 0.957826 0.955371 0.956481 0.960561 0.97712 0.978653 0.996959 1.01216 1.02774 1.04865 1.03401 1.06586 1.08346 1.13785 1.13548 1.17101 1.18705 1.21214 1.20453 1.26983 1.27807 1.30502 1.33381 1.37626 1.36508 1.45807 1.41479 1.51486 1.45465 1.48404 1.54213 1.59168 1.60914 1.62314 1.66045 1.66443 1.7368 1.78511 1.78296 1.86473 1.81019 1.85938 1.9131 
3.22781 3.21226 3.12396 2.93787 3.07689 3.00845 2.89714 2.87365 2.85958 2.79374 2.67837 2.56223 2.52558 2.50042 2.37705 2.3939 2.35644 2.31645 2.26866 2.09356 2.14428 2.05172 2.07377 2.00759 1.88883 1.86356 1.80268 1.75251 1.71726 1.65558 1.63348 1.61495 1.53632 1.50741 1.41521 1.4122 1.3599 1.35429 1.30772 1.2732 1.20819 1.19335 1.16445 1.15217 1.11176 1.09306 1.0647 1.05462 1.03028 1.01403 1 0.985733 0.978843 0.967933 0.96751 0.961155 0.951932 0.94848 0.959 0.973275 0.962667 0.970529 0.952373 0.98926 1.00849 1.02975 1.0256 1.0376 1.07307 1.07515 1.11822 1.14491 1.15502 1.17266 1.18664 1.25441 1.2184 1.2618 1.27672 1.32443 1.31026 1.35269 1.40434 1.40902 1.42311 1.41911 1.47557 1.51799 1.54927 1.53367 1.65932 1.69967 1.6428 1.73114 1.7596 1.70642 1.79756 1.86237 1.81186 1.85468 1.94616 
3.28797 3.11635 3.18475 3.02196 3.22352 2.90486 2.85307 2.67305 2.64994 2.59073 2.59481 2.59425 2.46272 2.4166 2.38929 2.23797 2.28121 2.28142 2.11869 2.15792 2.04789 2.01833 1.9797 1.96268 1.93596 1.85465 1.76082 1.72448 1.74762 1.65878 1.56849 1.58342 1.5305 1.50846 1.42462 1.39926 1.36725 1.32788 1.28543 1.23884 1.23196 1.17665 1.16186 1.13984 1.11549 1.09411 1.06738 1.04787 1.02875 1.0146 1 0.98899 0.981149 0.967842 0.9691 0.954965 0.958585 0.948426 0.96821 0.948825 0.961461 0.982661 0.984763 0.998394 0.997291 1.01866 1.06547 1.0469 1.06437 1.06665 1.12402 1.11618 1.16087 1.13856 1.19627 1.22259 1.21001 1.25815 1.24132 1.28545 1.29505 1.33175 1.39681 1.39953 1.37493 1.49938 1.55174 1.57879 1.52129 1.57625 1.57624 1.67526 1.70241 1.73159 1.72727 1.74427 1.8446 1.81073 1.89216 1.90055 1.93991 
3.27434 3.15571 3.07151 3.05942 3.00664 2.82299 2.89881 2.77794 2.74782 2.70711 2.68881 2.55983 2.4741 2.48198 2.38063 2.37722 2.30392 2.24372 2.16775 2.14269 2.06587 2.09228 1.98584 1.99493 1.9425 1.84118 1.80474 1.68832 1.71313 1.68177 1.65146 1.53685 1.50105 1.50079 1.41599 1.40025 1.3204 1.3218 1.30168 1.26298 1.22918 1.19161 1.16884 1.13234 1.10984 1.09086 1.06529 1.0488 1.02933 1.0128 1 0.987411 0.978839 0.972676 0.967443 0.959444 0.958672 0.965111 0.962903 0.956977 0.972887 0.9824 0.977071 0.994507 1.00983 1.01422 1.01907 1.05163 1.0639 1.09212 1.0987 1.10643 1.18574 1.1291 1.17122 1.19999 1.25163 1.228 1.28376 1.3415 1.34811 1.34567 1.36223 1.43098 1.46125 1.51753 1.43964 1.53071 1.57142 1.58287 1.60756 1.62732 1.64404 1.71909 1.71568 1.77985 1.85946 1.84606 1.93716 1.83793 1.88846 
3.14572 3.09795 3.00309 3.04282 2.94244 2.95767 2.74759 2.77697 2.83947 2.6771 2.59122 2.55362 2.45067 2.47771 2.43247 2.35292 2.34435 2.178 2.19049 2.11926 2.05632 2.09142 1.97957 1.95032 1.85465 1.84149 1.71898 1.79468 1.71723 1.63754 1.59593 1.55589 1.50857 1.4933 1.4013 1.42546 1.34618 1.30826 1.28404 1.25798 1.2196 1.1824 1.15747 1.14119 1.10597 1.0784 1.06709 1.04462 1.02935 1.01329 1 0.988723 0.978595 0.968704 0.973822 0.963866 0.956871 0.960665 0.974106 0.969744 0.968561 0.966004 0.991653 0.993354 0.996273 0.996361 1.01718 1.05728 1.05405 1.08429 1.10759 1.10614 1.12026 1.14963 1.18023 1.20581 1.25283 1.24896 1.28692 1.27329 1.30726 1.33567 1.37634 1.43191 1.43468 1.46711 1.47838 1.57004 1.48813 1.5849 1.63557 1.70688 1.6669 1.66095 1.74133 1.74755 1.81585 1.79024 1.87142 1.93022 1.86424 
3.30294 3.16665 2.97373 3.02629 2.9753 2.86624 2.85031 2.82307 2.81195 2.75105 2.58235 2.62288 2.61374 2.52147 2.48411 2.2792 2.41446 2.23771 2.12453 2.04068 2.10919 2.01 2.04776 1.98782 1.8277 1.86495 1.77495 1.71778 1.71968 1.65129 1.59125 1.56338 1.45447 1.46604 1.43467 1.40431 1.35324 1.30277 1.30197 1.24054 1.23644 1.1792 1.17089 1.12245 1.09379 1.08332 1.06168 1.05199 1.02874 1.01329 1 0.988135 0.979759 0.965585 0.963979 0.956374 0.946851 0.954526 0.965441 0.973455 0.997001 0.978945 1.00664 1.0118 0.99055 1.03455 1.04509 1.07462 1.09467 1.08062 1.10122 1.13317 1.15334 1.13353 1.18243 1.19776 1.21241 1.27604 1.33236 1.30634 1.34379 1.4062 1.38244 1.41757 1.44109 1.45586 1.55781 1.52151 1.59241 1.5752 1.63449 1.6643 1.65658 1.67887 1.73905 1.72946 1.86383 1.85003 1.91976 1.93694 1.93368 
3.30366 3.05188 2.97285 3.06628 2.98161 2.77133 2.81544 2.74137 2.68556 2.70609 2.58866 2.5663 2.55209 2.5021 2.44139 2.30892 2.31354 2.2331 2.1985 2.16977 2.02914 2.03258 1.97797 1.95257 1.88371 1.84645 1.80647 1.7403 1.74959 1.64712 1.60739 1.55145 1.46244 1.47639 1.40848 1.37567 1.32057 1.28307 1.28959 1.25056 1.21087 1.19605 1.16087 1.1297 1.11233 1.08751 1.06821 1.04227 1.02603 1.01408 1 0.990569 0.977474 0.9674 0.96577 0.96291 0.956524 0.9695 0.964733 0.967978 0.965383 0.973042 0.991951 0.999446 1.00453 1.01691 1.04944 1.07187 1.07197 1.05142 1.10816 1.14435 1.15068 1.18715 1.1859 1.21735 1.25867 1.26022 1.28685 1.30933 1.33051 1.36314 1.37571 1.45628 1.42887 1.4523 1.54811 1.54227 1.60297 1.64861 1.6196 1.67962 1.6868 1.727 1.72653 1.80033 1.78533 1.8254 1.83263 1.8947 1.86644 
3.15612 3.00395 3.09447 3.01145 2.90582 2.83832 2.84617 2.82934 2.60708 2.6583 2.49744 2.56833 2.5351 2.43968 2.31046 2.4259 2.3512 2.23082 2.16528 2.12673 2.12 2.03223 1.93173 1.93085 1.89948 1.83927 1.8302 1.7617 1.67762 1.58578 1.59095 1.53984 1.50448 1.44434 1.4397 1.37507 1.39406 1.32424 1.28231 1.25088 1.21666 1.1804 1.15645 1.13779 1.10492 1.08744 1.06634 1.04202 1.02385 1.01328 1 0.988614 0.9783 0.972693 0.968806 0.967432 0.960449 0.961221 0.967786 0.962905 0.980357 0.981374 0.998105 0.99144 1.02035 1.03032 1.06401 1.08717 1.04848 1.11086 1.12767 1.16682 1.1945 1.15945 1.20415 1.21715 1.23873 1.23326 1.28741 1.32391 1.30877 1.38386 1.41551 1.44108 1.46679 1.42808 1.54864 1.53654 1.59374 1.64384 1.60843 1.65586 1.70291 1.74547 1.74614 1.81337 1.79734 1.83708 1.86939 1.92578 1.93336 
3.19131 3.11721 3.06067 3.21932 2.95213 2.90486 2.81738 2.72924 2.71711 2.61061 2.59155 2.53893 2.51362 2.47443 2.3848 2.26428 2.22947 2.2128 2.16422 2.07629 2.06493 2.01366 1.97563 1.88564 1.91217 1.81498 1.72502 1.71466 1.68419 1.68948 1.5687 1.5282 1.50198 1.44328 1.45563 1.3978 1.36424 1.3408 1.30812 1.24302 1.21473 1.1966 1.1665 1.12173 1.11019 1.08677 1.068 1.04267 1.02776 1.01155 1 0.990071 0.981276 0.971442 0.970773 0.966594 0.963966 0.955362 0.961172 0.971426 0.979835 0.963284 0.998503 1.00582 1.02658 1.01661 1.03545 1.03697 1.10929 1.10954 1.10513 1.13274 1.15067 1.18697 1.18995 1.20886 1.23516 1.26613 1.30644 1.31998 1.32432 1.38503 1.38441 1.47983 1.48532 1.51291 1.54764 1.54396 1.56336 1.58649 1.65627 1.67013 1.70142 1.75022 1.69495 1.80646 1.7624 1.82619 1.89399 1.9255 1.98537 
2.99148 3.06177 2.95929 2.92006 2.94214 2.87817 2.90191 2.76327 2.75219 2.59704 2.64262 2.43478 2.45149 2.43629 2.36915 2.26558 2.24451 2.15574 2.1397 2.15908 2.07966 1.96477 1.94503 1.93433 1.89011 1.82743 1.76139 1.70474 1.65956 1.61238 1.55741 1.50562 1.49516 1.46182 1.4021 1.38024 1.3543 1.31778 1.27057 1.23403 1.21527 1.17723 1.15045 1.13246 1.10157 1.08274 1.06046 1.04418 1.0261 1.01241 1 0.989444 0.977628 0.970501 0.971574 0.964268 0.965853 0.964677 0.975282 0.983128 0.973573 0.983947 0.995342 0.996112 1.0333 1.03063 1.01918 1.06553 1.08365 1.08659 1.10536 1.12912 1.14696 1.21031 1.20306 1.25282 1.26579 1.25965 1.27633 1.34711 1.33204 1.31004 1.43548 1.43753 1.45108 1.48738 1.53891 1.56557 1.55417 1.59422 1.66337 1.73231 1.73294 1.69476 1.72215 1.84196 1.81292 1.81799 1.89481 1.94855 1.97393 
3.07158 3.22605 2.95069 2.93176 2.79617 2.88027 2.70559 2.72905 2.63013 2.67612 2.53592 2.4921 2.50626 2.3767 2.36514 2.29104 2.29422 2.22839 2.14392 2.0774 2.04268 1.99476 1.95372 1.82187 1.863 1.80211 1.79464 1.6928 1.67242 1.61216 1.61906 1.53157 1.51156 1.4339 1.40432 1.38936 1.33721 1.3142 1.27833 1.23387 1.20193 1.17554 1.1413 1.14063 1.103 1.08582 1.0623 1.04196 1.0257 1.01258 1 0.98761 0.981902 0.974104 0.972939 0.969205 0.965227 0.946469 0.967906 0.976695 0.974791 0.996306 1.00888 0.993281 1.0386 1.01413 1.05795 1.06383 1.07698 1.11112 1.1046 1.15112 1.14303 1.20907 1.18023 1.22601 1.25548 1.27629 1.31188 1.33954 1.34962 1.40452 1.39545 1.44635 1.47749 1.47029 1.53501 1.55498 1.57124 1.61485 1.6714 1.65724 1.72407 1.7152 1.84343 1.83191 1.84792 1.86299 1.86492 1.94701 1.95957 
3.04465 3.11247 2.9517 2.8456 2.89439 2.77253 2.74113 2.72636 2.72566 2.63221 2.66568 2.5395 2.45087 2.37541 2.42981 2.24286 2.2015 2.21525 2.15348 2.03336 1.98331 1.96939 1.93703 1.89276 1.8724 1.83277 1.72267 1.69441 1.63806 1.63899 1.56594 1.51942 1.49705 1.4355 1.38243 1.36207 1.36274 1.29574 1.25683 1.24537 1.19562 1.17456 1.15337 1.11987 1.10656 1.07456 1.06855 1.04299 1.02851 1.01207 1 0.990596 0.978132 0.976908 0.970328 0.970967 0.96778 0.970055 0.984195 0.97823 0.975924 0.990813 1.00398 1.00084 1.02834 1.03457 1.0792 1.06788 1.0889 1.10039 1.13802 1.15931 1.19531 1.17239 1.18716 1.23034 1.25392 1.27045 1.34218 1.35042 1.34913 1.39215 1.4336 1.45978 1.4517 1.56762 1.53578 1.55081 1.61181 1.68771 1.66547 1.64906 1.75629 1.76885 1.79316 1.80368 1.80605 1.88634 1.87901 1.97543 2.01538 
3.03104 3.06451 2.91688 3.01885 2.75921 2.84923 2.68133 2.66649 2.64601 2.55436 2.53209 2.47479 2.45995 2.38771 2.41067 2.23964 2.27255 2.09866 2.12637 2.0745 2.05983 1.96227 1.90711 1.93248 1.86277 1.77003 1.75304 1.70826 1.667 1.60786 1.5612 1.50307 1.47087 1.46092 1.43059 1.34988 1.34688 1.30104 1.26719 1.23196 1.20734 1.16926 1.14963 1.12354 1.10475 1.07797 1.05323 1.0423 1.02539 1.01321 1 0.989124 0.982677 0.975873 0.971544 0.978245 0.963555 0.968611 0.979565 0.987639 0.981171 0.986915 1.00335 1.01189 1.01696 1.03774 1.04418 1.06719 1.09213 1.13426 1.13045 1.13126 1.14936 1.18095 1.23265 1.25875 1.23625 1.28655 1.32818 1.34493 1.35052 1.37763 1.44326 1.41911 1.47498 1.49924 1.53792 1.59924 1.58837 1.64832 1.65701 1.64711 1.76381 1.73414 1.80261 1.843 1.89835 1.86922 1.89863 1.96744 1.98406 
3.04909 3.10663 2.94461 2.89008 2.83952 2.77432 2.74628 2.86958 2.62492 2.55843 2.57908 2.49796 2.40856 2.44641 2.40332 2.2738 2.24212 2.10286 2.03196 2.03261 2.00348 1.88936 1.89564 1.9175 1.78181 1.7906 1.73088 1.63206 1.64065 1.57085 1.52154 1.56235 1.49984 1.44828 1.39599 1.37726 1.29904 1.29363 1.2563 1.25236 1.18547 1.17668 1.13768 1.12143 1.08854 1.08054 1.05571 1.04128 1.02508 1.01159 1 0.990829 0.981229 0.978459 0.973445 0.97341 0.96869 0.974153 0.973608 0.988127 0.985064 0.994239 0.992011 1.02915 1.04424 1.0509 1.03542 1.08034 1.08477 1.12104 1.12615 1.16598 1.18036 1.20961 1.18037 1.25988 1.25963 1.31096 1.29685 1.31964 1.382 1.41458 1.41172 1.44548 1.48142 1.53556 1.585 1.54945 1.62244 1.69677 1.69868 1.70485 1.76373 1.73431 1.82618 1.82203 1.89782 1.89649 1.9289 1.98651 1.9711 
2.9535 2.9335 3.0408 2.90428 2.84247 2.80305 2.66054 2.65403 2.65931 2.53938 2.57446 2.43122 2.43538 2.39178 2.32837 2.21305 2.22242 2.14778 2.05527 2.05773 1.99895 1.96753 1.90333 1.88555 1.83436 1.73512 1.77828 1.66377 1.65224 1.59035 1.53545 1.49217 1.4588 1.4341 1.39135 1.36695 1.32946 1.29597 1.22545 1.22118 1.20781 1.1759 1.1488 1.11776 1.08769 1.0735 1.05749 1.04146 1.02756 1.01162 1 0.990962 0.984844 0.976714 0.96646 0.971911 0.970328 0.981382 0.990113 0.983276 0.995584 1.01561 1.01616 0.998237 1.03896 1.03739 1.06413 1.06657 1.07467 1.12315 1.14046 1.12192 1.18739 1.19934 1.21938 1.25284 1.25991 1.29942 1.32154 1.37826 1.37375 1.42884 1.41937 1.45617 1.49766 1.52039 1.58396 1.6234 1.64527 1.6444 1.69326 1.73922 1.76055 1.76084 1.81166 1.77508 1.86878 1.91788 1.96456 1.94081 1.96937 
3.12244 3.04511 2.94707 2.89625 2.81093 2.78754 2.71423 2.74219 2.64197 2.61615 2.46808 2.49794 2.4442 2.35663 2.29223 2.25801 2.18067 2.09322 2.09688 2.06388 1.95138 1.92215 1.91257 1.82438 1.79994 1.72943 1.68433 1.66497 1.64997 1.57848 1.55829 1.51039 1.48348 1.38336 1.37658 1.34242 1.3293 1.27679 1.25433 1.21849 1.20445 1.15781 1.14316 1.12104 1.09722 1.0759 1.05742 1.04385 1.02709 1.01131 1 0.99191 0.98445 0.979828 0.974135 0.976801 0.966172 0.978545 0.969629 0.98456 0.996354 1.01457 1.00483 1.01736 1.05055 1.03691 1.08366 1.08877 1.10528 1.15267 1.12385 1.14071 1.18738 1.20057 1.22432 1.24224 1.2568 1.3273 1.34214 1.37746 1.38715 1.41139 1.40201 1.48496 1.48353 1.52405 1.53609 1.57337 1.63274 1.69778 1.63988 1.73257 1.76173 1.81157 1.80457 1.87767 1.84902 1.89114 1.92658 1.97744 1.9774 
2.94493 3.04931 2.92854 2.83332 2.78963 2.70031 2.68897 2.6381 2.65007 2.48923 2.49522 2.47102 2.27144 2.39679 2.36062 2.18144 2.18841 2.11794 2.05685 2.04307 1.99047 1.95546 1.83461 1.82194 1.8166 1.81474 1.71955 1.67822 1.582 1.57447 1.54455 1.50564 1.4614 1.43727 1.38649 1.35939 1.31271 1.25675 1.25919 1.2232 1.19431 1.16436 1.13721 1.10737 1.09759 1.06879 1.05995 1.03911 1.02478 1.01016 1 0.990209 0.984159 0.98377 0.976125 0.972986 0.974421 0.970368 0.988106 0.979545 1.00543 1.00943 1.01282 1.03808 1.02298 1.04731 1.05418 1.08635 1.09757 1.13088 1.12558 1.15215 1.19732 1.18439 1.21949 1.25222 1.26067 1.3295 1.34817 1.35579 1.3897 1.44151 1.46427 1.47475 1.48928 1.50772 1.56643 1.6116 1.63516 1.68111 1.69089 1.7351 1.73366 1.78553 1.83122 1.83868 1.86458 1.90802 1.94938 1.97702 1.98766 
3.05508 2.87435 2.91061 2.89994 2.774 2.74914 2.70932 2.62162 2.65482 2.53142 2.48759 2.45533 2.41828 2.34021 2.24437 2.2728 2.20325 2.09284 2.1023 2.00988 2.01996 1.88308 1.87676 1.82429 1.7674 1.76146 1.68065 1.64062 1.62819 1.59148 1.52803 1.45437 1.44139 1.42785 1.38535 1.34601 1.30086 1.26887 1.24216 1.21615 1.18161 1.14034 1.13338 1.11624 1.09191 1.07247 1.05615 1.03589 1.02105 1.00979 1 0.991065 0.986867 0.981367 0.975911 0.970808 0.977678 0.98493 0.977932 0.99007 0.988286 0.999615 1.01029 1.02436 1.05508 1.04965 1.07926 1.11287 1.11699 1.1475 1.16291 1.17872 1.1859 1.23654 1.26183 1.24881 1.26836 1.344 1.3513 1.35314 1.38627 1.43375 1.45155 1.42645 1.48823 1.54172 1.56995 1.56944 1.63376 1.70862 1.68928 1.70294 1.76137 1.78567 1.81281 1.85459 1.90304 1.89744 1.91208 2.00386 1.9602 
2.90768 2.95894 2.93345 2.82603 2.72831 2.75076 2.68263 2.68823 2.55685 2.48633 2.43121 2.37198 2.35262 2.24828 2.23339 2.22359 2.16629 2.10283 2.10592 2.02207 1.90311 1.93561 1.88051 1.80687 1.77608 1.71653 1.67745 1.62439 1.61078 1.5485 1.51634 1.46421 1.48714 1.39379 1.40677 1.34952 1.2869 1.28292 1.2303 1.20403 1.18573 1.16359 1.13953 1.11373 1.08494 1.06749 1.05791 1.03771 1.02101 1.00977 1 0.990553 0.986422 0.988103 0.975024 0.975372 0.984824 0.979434 0.994515 0.981626 1.00171 1.01148 1.02854 1.03945 1.04395 1.04747 1.08142 1.08989 1.07224 1.11819 1.14375 1.17931 1.21133 1.24079 1.24943 1.27787 1.32415 1.31664 1.33929 1.37357 1.35487 1.39412 1.48094 1.49149 1.5051 1.58282 1.57711 1.61262 1.65646 1.68473 1.68866 1.72649 1.79517 1.83007 1.80616 1.88828 1.84565 1.86538 1.96528 1.99132 2.07729 
2.9673 2.9383 2.78909 2.78069 2.83995 2.61467 2.58814 2.54408 2.62116 2.51125 2.4091 2.36873 2.34881 2.27914 2.16315 2.19542 2.20018 2.11073 2.03816 2.0448 1.99103 1.90949 1.88278 1.77444 1.79498 1.7844 1.64759 1.62043 1.60578 1.56064 1.50737 1.48438 1.42784 1.40342 1.37343 1.34083 1.28566 1.27727 1.23485 1.19989 1.19433 1.1638 1.12854 1.10911 1.09397 1.07262 1.05154 1.03069 1.0232 1.00951 1 0.991443 0.98412 0.978161 0.980708 0.983496 0.975412 0.978812 0.991675 1.00502 1.01712 1.0094 1.01272 1.02118 1.05089 1.08406 1.06228 1.10806 1.11169 1.12035 1.15263 1.1829 1.20028 1.21923 1.23357 1.27716 1.3031 1.35524 1.341 1.36229 1.4288 1.4781 1.49002 1.48165 1.49798 1.55028 1.57004 1.61534 1.63315 1.63619 1.73868 1.70866 1.80857 1.78677 1.84365 1.89174 1.87327 1.90918 1.94745 1.99168 2.02909 
2.89729 2.90478 2.85133 2.79417 2.64561 2.76714 2.66005 2.61093 2.47753 2.5122 2.44504 2.38087 2.38676 2.32037 2.27069 2.17154 2.15897 2.07292 1.99314 1.98144 1.93143 1.88936 1.85474 1.81046 1.73707 1.74847 1.64483 1.7084 1.53363 1.56251 1.54601 1.46702 1.41439 1.3865 1.34777 1.33403 1.29877 1.27936 1.23993 1.19991 1.17703 1.15286 1.13798 1.10483 1.08513 1.06789 1.05405 1.03195 1.01959 1.01015 1 0.993188 0.98516 0.983563 0.977154 0.978585 0.980508 0.988087 0.984544 0.992925 1.00354 1.02348 1.02543 1.02238 1.0472 1.06858 1.07832 1.09476 1.14149 1.1438 1.15293 1.18163 1.1941 1.22073 1.25488 1.2801 1.29301 1.32862 1.36361 1.38257 1.45908 1.45262 1.47316 1.53005 1.53869 1.54453 1.59952 1.59765 1.65608 1.63948 1.75741 1.76295 1.7336 1.79595 1.85863 1.85808 1.88058 1.89026 1.94533 2.0264 2.02625 
2.92348 2.85455 2.79904 2.79098 2.69718 2.64686 2.58687 2.5982 2.52213 2.51979 2.42862 2.24619 2.34188 2.30253 2.25391 2.10223 2.12106 2.09061 2.05403 1.97013 1.93564 1.8488 1.85369 1.81217 1.72318 1.71517 1.70037 1.59917 1.59103 1.50846 1.52739 1.47155 1.43864 1.3935 1.36885 1.34719 1.27902 1.27324 1.23089 1.20089 1.16927 1.15411 1.12765 1.11181 1.08666 1.06838 1.04566 1.03009 1.02344 1.00966 1 0.99275 0.986134 0.981157 0.981685 0.983034 0.984654 0.989422 0.985152 0.992603 1.00165 1.01798 1.01867 1.03637 1.0355 1.06565 1.07757 1.11052 1.13525 1.13569 1.16272 1.2132 1.21687 1.24377 1.26653 1.24359 1.2973 1.34768 1.32559 1.39542 1.44937 1.46853 1.48739 1.48654 1.54402 1.54543 1.59405 1.59649 1.64165 1.72863 1.77694 1.74694 1.81589 1.81939 1.87397 1.92211 1.91373 2.01164 1.98964 2.02141 2.01503 
2.92634 2.75649 2.79715 2.79329 2.64354 2.50371 2.67687 2.58045 2.51074 2.31916 2.33774 2.36246 2.27971 2.26761 2.1404 2.12789 2.13711 2.09272 2.00579 1.97334 1.90953 1.88745 1.82005 1.76484 1.74727 1.68836 1.65079 1.59239 1.59855 1.52825 1.4813 1.45018 1.42957 1.38568 1.35844 1.32947 1.28348 1.27096 1.21593 1.19673 1.16908 1.1434 1.11704 1.10684 1.08173 1.06159 1.05551 1.02951 1.02138 1.00862 1 0.991595 0.98425 0.983384 0.981279 0.981672 0.98333 0.988046 0.986113 0.989613 1.01236 1.01411 1.03112 1.03661 1.06474 1.06438 1.08368 1.10503 1.11741 1.15844 1.15607 1.22237 1.20909 1.23127 1.30297 1.27977 1.31933 1.34039 1.3658 1.41077 1.43874 1.48475 1.45739 1.51848 1.57172 1.58345 1.61991 1.66809 1.65834 1.69438 1.77401 1.78592 1.78704 1.92458 1.88247 1.93856 1.98275 1.98677 2.02296 2.08542 2.14094 
2.83737 2.81641 2.69454 2.6979 2.63279 2.64159 2.58313 2.49647 2.53838 2.49069 2.33054 2.33627 2.2916 2.20471 2.10553 2.05576 2.08344 2.06072 2.00288 1.89662 1.86892 1.83634 1.77764 1.77185 1.70674 1.68466 1.6324 1.59494 1.55531 1.48374 1.49576 1.4629 1.41744 1.37887 1.35214 1.30652 1.28034 1.24608 1.22694 1.18865 1.16941 1.13041 1.1183 1.0947 1.0839 1.06231 1.04457 1.03172 1.01946 1.00789 1 0.993559 0.989468 0.989381 0.982758 0.985794 0.976738 0.983001 0.992522 0.994414 1.02206 1.03661 1.04411 1.05728 1.05881 1.06587 1.09014 1.11048 1.13594 1.15113 1.17392 1.19195 1.23044 1.21536 1.29226 1.31474 1.37863 1.34606 1.38348 1.39457 1.46742 1.46288 1.49943 1.49101 1.52 1.56795 1.64519 1.66289 1.64079 1.71672 1.723 1.74567 1.83464 1.83973 1.89481 1.9023 1.95931 1.98946 1.99355 2.06765 2.04891 
2.80241 2.68828 2.85142 2.70572 2.57165 2.61401 2.43252 2.44219 2.42932 2.39651 2.37251 2.28844 2.29551 2.18779 2.18153 2.11128 2.15425 2.12145 1.94329 1.97208 1.88916 1.83263 1.79708 1.76 1.73072 1.65013 1.63555 1.62162 1.5386 1.55837 1.4604 1.41695 1.42033 1.36665 1.31219 1.30401 1.26751 1.24145 1.21485 1.19627 1.17118 1.14546 1.11352 1.10237 1.07135 1.06658 1.04049 1.02852 1.01877 1.00874 1 0.993741 0.986158 0.989217 0.984959 0.986664 0.985077 0.994348 1.00176 1.01479 1.01052 1.01829 1.04098 1.05755 1.06799 1.07662 1.12705 1.10954 1.1428 1.1675 1.16692 1.20916 1.23093 1.26033 1.26829 1.28407 1.31375 1.36301 1.37182 1.3964 1.39823 1.47724 1.50014 1.55985 1.58549 1.60649 1.62828 1.6505 1.68041 1.7409 1.74889 1.76976 1.83205 1.8325 1.88259 1.9621 1.97223 2.00491 2.02897 2.04436 2.15325 
2.73575 2.73984 2.77282 2.70379 2.60627 2.58101 2.5299 2.47753 2.46788 2.3999 2.38843 2.34768 2.2365 2.13553 2.13123 2.05877 2.0165 1.99086 1.93466 1.9008 1.89085 1.87823 1.82814 1.7599 1.70644 1.63748 1.65776 1.56187 1.52752 1.48349 1.46433 1.42537 1.39096 1.38576 1.32239 1.27479 1.28449 1.24124 1.21952 1.1995 1.16086 1.14143 1.11193 1.09971 1.07506 1.05918 1.04796 1.02639 1.01919 1.00937 1 0.993895 0.9895 0.986601 0.988799 0.98945 0.985472 0.997311 1.00168 1.00455 1.02197 1.03039 1.04054 1.06441 1.07309 1.09042 1.10257 1.12552 1.12702 1.14842 1.18505 1.21371 1.23506 1.27295 1.27064 1.31144 1.33428 1.39903 1.37904 1.41919 1.45164 1.50166 1.53135 1.57697 1.5608 1.61616 1.62405 1.64993 1.70732 1.76961 1.76332 1.83616 1.8175 1.88748 1.91845 1.91121 1.98792 1.95265 2.06615 2.07537 2.082 
2.81582 2.74268 2.69858 2.69635 2.60183 2.55319 2.4732 2.4361 2.40937 2.40002 2.31436 2.29924 2.23048 2.17209 2.13715 2.05331 2.0087 1.94991 2.0082 1.90799 1.86197 1.86977 1.78898 1.75146 1.68843 1.68985 1.66885 1.6168 1.54688 1.49901 1.459 1.44089 1.38239 1.3655 1.32037 1.31685 1.26007 1.22657 1.21044 1.2096 1.1428 1.13489 1.1175 1.09018 1.07556 1.06271 1.04643 1.02685 1.01714 1.00836 1 0.994528 0.991457 0.986971 0.988534 0.984549 0.992576 0.992355 1.00471 1.01015 1.02128 1.03014 1.02666 1.06987 1.07289 1.09922 1.12338 1.11954 1.13777 1.16878 1.20395 1.21641 1.22329 1.26011 1.30229 1.28237 1.33934 1.41079 1.40338 1.40574 1.43461 1.46371 1.51511 1.56132 1.55283 1.60209 1.65861 1.69539 1.68302 1.72497 1.76842 1.83198 1.83457 1.9067 1.90467 1.92018 1.97178 2.01601 2.01166 2.08883 2.06698 
2.69081 2.73282 2.71276 2.65685 2.66509 2.51653 2.56286 2.45456 2.43914 2.32427 2.29567 2.29821 2.19114 2.17509 2.04365 2.11556 2.05468 1.98213 1.93711 1.8663 1.86814 1.80317 1.80992 1.69334 1.65881 1.63289 1.6073 1.57709 1.54385 1.48754 1.45339 1.42412 1.39051 1.33404 1.34031 1.28528 1.23818 1.23188 1.20962 1.17503 1.14475 1.13086 1.1074 1.09345 1.07723 1.05741 1.03461 1.03017 1.01598 1.00718 1 0.992929 0.989499 0.990641 0.986088 0.99467 0.995882 0.996697 1.01385 1.00935 1.02171 1.03838 1.04182 1.05861 1.07855 1.08856 1.10179 1.10303 1.13846 1.17201 1.20059 1.22223 1.24583 1.27986 1.31584 1.30831 1.34307 1.41059 1.39449 1.40856 1.46872 1.48108 1.52587 1.55641 1.59651 1.60732 1.68594 1.67143 1.75576 1.74543 1.80471 1.78693 1.85301 1.86399 1.87465 1.93801 1.97629 2.00924 2.05145 2.12059 2.10848 
2.77438 2.70801 2.67891 2.61605 2.51606 2.53318 2.48731 2.36846 2.37867 2.35465 2.34117 2.29799 2.19052 2.13288 2.11069 2.08806 1.99438 1.93343 1.88595 1.92607 1.85493 1.81613 1.7341 1.75426 1.66739 1.66028 1.58819 1.5809 1.52053 1.49494 1.46954 1.40942 1.38541 1.34155 1.31446 1.29286 1.26183 1.24101 1.18589 1.18492 1.15613 1.12919 1.10034 1.08695 1.06936 1.05058 1.0398 1.02804 1.01522 1.0062 1 0.994229 0.989147 0.989706 0.991215 0.986689 0.996163 1.00216 1.01312 1.01512 1.01987 1.0333 1.05177 1.06841 1.09121 1.09187 1.10916 1.13905 1.15857 1.16598 1.19081 1.20188 1.2694 1.26804 1.30535 1.32188 1.33359 1.38506 1.40554 1.41878 1.45012 1.5238 1.50646 1.54461 1.60086 1.62506 1.65606 1.71246 1.75437 1.79011 1.80504 1.80105 1.82436 1.86968 1.94179 1.9778 2.00981 2.03083 2.07643 2.08882 2.17117 
2.76792 2.76675 2.68622 2.67176 2.56434 2.46143 2.48068 2.43306 2.34763 2.27261 2.21159 2.25206 2.19006 2.14964 2.0832 2.02994 2.02563 1.99435 1.85098 1.93071 1.81889 1.80083 1.74888 1.73049 1.64912 1.64014 1.61347 1.57835 1.49869 1.46565 1.45323 1.41124 1.36899 1.32265 1.30598 1.27512 1.2214 1.21867 1.175 1.16983 1.13423 1.12536 1.09801 1.0864 1.06158 1.04993 1.0382 1.0303 1.01616 1.00587 1 0.995245 0.990371 0.990094 0.988555 0.995491 0.997048 0.999871 1.01279 1.03061 1.03047 1.02922 1.05151 1.06257 1.08901 1.11922 1.134 1.14772 1.1822 1.19894 1.20602 1.21618 1.25224 1.3159 1.31915 1.34425 1.37599 1.39438 1.39035 1.42427 1.45938 1.54238 1.5533 1.58601 1.62935 1.6615 1.65859 1.76052 1.71 1.79781 1.81558 1.86662 1.877 1.90644 1.92445 1.93991 2.02242 2.04238 2.12114 2.09207 2.13666 
2.67789 2.70272 2.67156 2.61284 2.59627 2.58854 2.38449 2.38204 2.30621 2.27058 2.35544 2.19323 2.16346 2.08355 2.14533 2.04329 2.02809 1.97272 1.86067 1.8644 1.86039 1.8038 1.76872 1.67807 1.69799 1.63737 1.58062 1.51964 1.51699 1.45504 1.39964 1.40102 1.37269 1.34808 1.2998 1.26515 1.24946 1.22514 1.18764 1.158 1.13437 1.11614 1.099 1.08658 1.06971 1.04705 1.03445 1.02544 1.0158 1.00714 1 0.994758 0.991422 0.989416 0.992114 1.0023 0.995841 0.998441 1.01391 1.02101 1.0263 1.03893 1.05116 1.08326 1.08635 1.09919 1.11496 1.14273 1.16471 1.16987 1.20304 1.24036 1.23887 1.27306 1.30491 1.32583 1.36457 1.41308 1.41684 1.42868 1.50397 1.47135 1.52542 1.55674 1.60302 1.61854 1.6842 1.70592 1.71939 1.75251 1.79278 1.82312 1.86686 1.8673 1.94739 1.96571 2.03076 2.08969 2.0741 2.17463 2.16737 
2.75508 2.68976 2.59078 2.55368 2.52462 2.49594 2.43332 2.42734 2.30205 2.31133 2.27144 2.18882 2.1816 2.1569 2.1356 2.0221 1.97679 1.98448 1.90521 1.89078 1.80122 1.76187 1.70643 1.70572 1.67467 1.65731 1.5877 1.53092 1.51357 1.48487 1.42273 1.40571 1.36055 1.3449 1.31393 1.26535 1.25405 1.21781 1.17824 1.15845 1.14535 1.12506 1.1019 1.08047 1.07091 1.0441 1.03536 1.02077 1.01587 1.00695 1 0.994927 0.995459 0.991187 0.99214 0.995492 0.996313 1.01612 1.01751 1.02682 1.03183 1.04186 1.0589 1.06172 1.07821 1.10302 1.10393 1.14507 1.17082 1.19947 1.2372 1.23605 1.25769 1.30167 1.30398 1.35526 1.34326 1.38671 1.40976 1.43055 1.47954 1.51413 1.55933 1.57248 1.5698 1.64459 1.69626 1.69282 1.73701 1.76801 1.83298 1.85581 1.88761 1.92014 1.95911 1.99705 1.98691 2.06547 2.09953 2.10319 2.18821 
2.67497 2.6346 2.5711 2.52937 2.47822 2.43704 2.46616 2.37455 2.35222 2.30626 2.24289 2.18338 2.21013 2.10133 2.10564 2.00197 1.94162 1.9197 1.87752 1.84401 1.81214 1.77094 1.7379 1.68498 1.62946 1.57919 1.54213 1.50919 1.48231 1.46936 1.42902 1.39373 1.37326 1.31317 1.29346 1.27646 1.25447 1.2162 1.18379 1.14685 1.15136 1.11593 1.10587 1.07783 1.05933 1.0471 1.03384 1.02216 1.01437 1.00546 1 0.995132 0.993701 0.995005 0.996913 1.0013 0.993927 1.00747 1.01602 1.01897 1.03187 1.05301 1.05733 1.08898 1.09275 1.12385 1.12169 1.13302 1.15445 1.17419 1.22416 1.21755 1.29227 1.29183 1.31791 1.35186 1.37464 1.39997 1.44587 1.48763 1.48934 1.5487 1.55019 1.57792 1.60259 1.63109 1.66528 1.70515 1.76066 1.81589 1.81182 1.8891 1.88661 1.92805 1.9178 2.06323 2.03643 2.07049 2.12267 2.14601 2.15062 
2.65786 2.64589 2.5874 2.66582 2.53255 2.44809 2.42683 2.34966 2.24671 2.37493 2.25836 2.17523 2.15619 2.13855 2.05817 2.00839 1.93911 1.94168 1.9178 1.84688 1.79414 1.77236 1.7531 1.65635 1.62202 1.59985 1.52094 1.53387 1.49731 1.48294 1.44427 1.38068 1.35209 1.34651 1.29096 1.25851 1.24368 1.21387 1.17117 1.14374 1.13558 1.11625 1.09545 1.0795 1.06589 1.04563 1.03287 1.02715 1.01281 1.00484 1 0.995894 0.991923 0.992106 0.998209 0.998046 0.999901 1.0057 1.01324 1.02787 1.03914 1.04718 1.04873 1.08695 1.09187 1.11175 1.11937 1.163 1.17646 1.19443 1.21094 1.21969 1.28726 1.30008 1.30973 1.32453 1.35204 1.40787 1.44631 1.47454 1.51047 1.50884 1.55544 1.61685 1.6044 1.59342 1.72396 1.73507 1.78256 1.80571 1.81755 1.82047 1.94915 1.9253 1.99105 2.04403 2.00995 2.06805 2.16846 2.15649 2.13229 
2.74348 2.62515 2.52913 2.48589 2.477 2.48212 2.36454 2.40024 2.32119 2.28729 2.20273 2.22061 2.12095 2.05798 2.04465 2.02014 1.90095 1.89709 1.8815 1.89986 1.7992 1.72676 1.68402 1.6381 1.62038 1.58002 1.54942 1.50686 1.47993 1.44707 1.43878 1.38921 1.34763 1.32484 1.28789 1.26227 1.223 1.18948 1.18898 1.16457 1.13932 1.11367 1.08806 1.07239 1.05638 1.04711 1.03711 1.02579 1.01378 1.00536 1 0.995212 0.995212 0.996285 0.993573 0.999703 0.998709 1.00465 1.01093 1.0175 1.05297 1.04908 1.07386 1.08158 1.11065 1.10942 1.13386 1.13687 1.17346 1.19975 1.20082 1.2431 1.2474 1.30762 1.33404 1.34247 1.38782 1.42252 1.43965 1.44809 1.47787 1.50965 1.56089 1.62222 1.61697 1.67355 1.6886 1.74569 1.70867 1.80695 1.8212 1.91266 1.87464 1.90344 1.92199 2.01878 2.03741 2.082 2.06854 2.1207 2.20548 
2.63879 2.68402 2.57328 2.52123 2.53528 2.43743 2.43718 2.35669 2.38541 2.27539 2.21746 2.12478 2.10042 2.02967 2.08759 2.03902 1.90404 1.87568 1.9006 1.83663 1.80879 1.79304 1.69428 1.70185 1.6551 1.64369 1.51629 1.50658 1.51696 1.44511 1.42055 1.36473 1.36091 1.29743 1.27069 1.26386 1.25561 1.18984 1.18272 1.15301 1.13289 1.10416 1.09115 1.06769 1.06039 1.04494 1.03296 1.0239 1.01148 1.00539 1 0.995788 0.99508 0.992919 0.993643 1.00476 0.99834 1.00227 1.0145 1.01404 1.04277 1.05539 1.05766 1.08665 1.09496 1.12207 1.13716 1.16209 1.15275 1.17679 1.20142 1.23297 1.28179 1.29962 1.32478 1.35494 1.39627 1.41934 1.40971 1.48686 1.49282 1.53901 1.58869 1.58978 1.6346 1.65042 1.67527 1.75105 1.74257 1.78645 1.80631 1.86344 1.89527 1.90568 1.97576 1.9784 2.02644 2.08508 2.15809 2.1757 2.15218 
2.62842 2.58498 2.5884 2.47344 2.4427 2.38995 2.38442 2.31648 2.26374 2.25979 2.16403 2.13422 2.08806 2.0142 2.03088 1.95279 1.92603 1.92145 1.83877 1.77919 1.81342 1.71781 1.74106 1.66937 1.63276 1.59108 1.519 1.51665 1.49354 1.45991 1.37532 1.39025 1.35145 1.32299 1.27154 1.25684 1.24086 1.20497 1.19197 1.1598 1.12944 1.10278 1.08906 1.0664 1.06377 1.04549 1.02917 1.02287 1.01282 1.00543 1 0.99671 0.996937 0.99508 0.999886 0.998536 1.00109 1.01491 1.02403 1.02875 1.046 1.06602 1.06595 1.07359 1.09735 1.11395 1.13171 1.15652 1.17649 1.19985 1.21979 1.26146 1.28738 1.2935 1.29466 1.38007 1.37587 1.39092 1.46606 1.48938 1.53682 1.51943 1.56397 1.59674 1.62009 1.70251 1.70378 1.73629 1.75893 1.81791 1.83992 1.86424 1.8858 1.93063 1.97499 2.01452 2.01424 2.06705 2.12615 2.14996 2.12738 
2.64231 2.56189 2.60632 2.47133 2.43081 2.4451 2.38962 2.36321 2.2205 2.22764 2.23768 2.18805 2.1764 2.06457 2.00307 2.07589 1.97649 1.90972 1.85157 1.82331 1.70211 1.77186 1.66519 1.6415 1.58663 1.57421 1.52164 1.48073 1.49215 1.45272 1.40081 1.35616 1.3336 1.31199 1.28188 1.24319 1.23386 1.19262 1.16741 1.15456 1.11713 1.10925 1.09239 1.07717 1.06045 1.04309 1.02975 1.02171 1.00983 1.00525 1 0.996794 0.994189 0.994337 1.00175 1.00222 1.00946 1.00832 1.01318 1.02924 1.04072 1.05455 1.06244 1.0782 1.11731 1.10389 1.1252 1.16299 1.1652 1.17241 1.21737 1.26464 1.27277 1.29046 1.3282 1.35816 1.39485 1.41909 1.44515 1.47817 1.52005 1.54414 1.56323 1.56058 1.61367 1.67881 1.67706 1.75581 1.76248 1.82556 1.84132 1.92567 1.89612 1.98718 1.98409 2.01923 2.06483 2.05871 2.13513 2.22385 2.22131 
2.66189 2.64314 2.56846 2.45879 2.41866 2.35614 2.37839 2.22776 2.2687 2.26389 2.23344 2.16402 2.0782 2.08042 1.97503 1.93574 1.90735 1.90415 1.81843 1.83108 1.74968 1.65056 1.69525 1.6272 1.60437 1.57081 1.49145 1.50294 1.48443 1.42352 1.39204 1.33914 1.3435 1.33549 1.27711 1.24704 1.22978 1.19248 1.15563 1.15777 1.12454 1.10621 1.10142 1.08317 1.06153 1.04468 1.02633 1.01723 1.01132 1.00503 1 0.998167 0.995833 0.994904 0.994637 1.00157 1.00818 1.00939 1.02389 1.03612 1.04202 1.04785 1.06329 1.07905 1.10188 1.13167 1.14514 1.16516 1.192 1.21417 1.24441 1.26678 1.28105 1.31373 1.31865 1.37294 1.40455 1.42317 1.43903 1.48938 1.51978 1.52145 1.57368 1.61994 1.6389 1.66988 1.72552 1.71979 1.77663 1.77233 1.8256 1.87857 1.88704 1.95025 1.9846 1.99819 2.03759 2.10594 2.09362 2.11933 2.17296 
2.561 2.62214 2.52735 2.49813 2.4246 2.40258 2.30905 2.30697 2.27632 2.21269 2.10957 2.16269 2.13477 2.04932 1.95875 1.96119 1.88315 1.95699 1.8604 1.79405 1.77815 1.68799 1.70343 1.66589 1.61171 1.53627 1.54536 1.49659 1.49626 1.42026 1.41734 1.36013 1.31696 1.30601 1.26236 1.26746 1.2288 1.20403 1.17896 1.16 1.13005 1.11524 1.08496 1.07954 1.0585 1.04043 1.03 1.02172 1.01199 1.00463 1 0.997242 0.993981 0.994236 0.99863 1.00502 1.00663 1.01525 1.02507 1.03601 1.04637 1.04503 1.06335 1.0926 1.10649 1.12105 1.12594 1.15056 1.17805 1.21933 1.21581 1.25418 1.3095 1.32175 1.34268 1.352 1.39961 1.43973 1.47034 1.50497 1.50338 1.52101 1.56543 1.63287 1.63875 1.69039 1.71323 1.73184 1.75279 1.8416 1.85475 1.88234 1.96595 1.93751 1.98196 2.03802 2.04216 2.05915 2.14424 2.17134 2.18579 
2.56505 2.66472 2.62399 2.4987 2.51428 2.4 2.36156 2.33131 2.28394 2.17257 2.2349 2.10727 2.0565 2.03459 1.99828 1.96647 1.94709 1.87004 1.84351 1.76497 1.73738 1.69229 1.68503 1.65528 1.6193 1.59867 1.54792 1.50975 1.45107 1.40576 1.39802 1.3591 1.34481 1.29995 1.25823 1.22592 1.22047 1.19409 1.1683 1.14669 1.14024 1.10524 1.08072 1.07728 1.05985 1.04376 1.0289 1.02364 1.01348 1.00429 1 0.996368 0.99486 0.995055 0.999324 1.00087 1.01223 1.01507 1.01685 1.031 1.04223 1.06867 1.0719 1.08082 1.11322 1.12475 1.13254 1.16009 1.17493 1.20104 1.23731 1.23343 1.29503 1.29878 1.34304 1.34943 1.40687 1.41464 1.41349 1.47723 1.51148 1.53947 1.61381 1.60309 1.64414 1.66662 1.68709 1.71017 1.74463 1.82515 1.82163 1.8797 1.91736 1.94716 2.0341 1.96634 2.05803 2.09675 2.13226 2.21608 2.19262 
2.64637 2.65048 2.51051 2.50157 2.46111 2.40838 2.37507 2.30955 2.36998 2.19855 2.16307 2.14526 2.11034 2.0908 2.00312 1.95807 1.89379 1.9084 1.8481 1.78381 1.76189 1.68978 1.72397 1.65014 1.61882 1.57618 1.56808 1.45757 1.49093 1.45442 1.37309 1.38845 1.30536 1.2864 1.26983 1.23017 1.22537 1.20286 1.15296 1.14544 1.11814 1.10902 1.09348 1.0731 1.05524 1.04119 1.03234 1.01778 1.01168 1.00662 1 0.997151 0.995382 0.995583 0.996887 1.00109 1.0057 1.01772 1.02002 1.02596 1.04296 1.05208 1.05758 1.09307 1.10059 1.11737 1.14383 1.15803 1.19208 1.19508 1.25788 1.25875 1.2731 1.31652 1.35179 1.39308 1.42759 1.41718 1.4203 1.50085 1.50799 1.52356 1.59858 1.62693 1.62607 1.66146 1.70551 1.74984 1.75168 1.82567 1.82133 1.90759 1.92284 1.97069 1.93559 1.98942 2.0484 2.08161 2.15904 2.21549 2.22634 
2.64222 2.5234 2.55227 2.47679 2.43898 2.42976 2.32783 2.37145 2.28066 2.22901 2.19569 2.10949 2.10356 2.05563 1.96426 1.96449 1.97008 1.89017 1.8074 1.82334 1.76448 1.73687 1.64611 1.65409 1.61979 1.54384 1.53207 1.49939 1.46842 1.42725 1.40363 1.39202 1.37172 1.32425 1.28705 1.26079 1.21762 1.19958 1.18571 1.15972 1.12965 1.10706 1.09185 1.07272 1.06633 1.04599 1.03239 1.02474 1.01321 1.00639 1 0.996492 0.992689 0.994316 0.997158 1.00088 1.00713 1.01206 1.01849 1.02407 1.03832 1.05465 1.07826 1.08002 1.10281 1.11771 1.14049 1.15854 1.16073 1.21354 1.22201 1.23442 1.28829 1.29447 1.37105 1.36135 1.39245 1.41417 1.46521 1.48518 1.48565 1.55179 1.56013 1.62367 1.62939 1.70481 1.74772 1.74196 1.78276 1.80052 1.8378 1.91255 1.87922 1.91671 1.97861 1.98898 2.08391 2.12167 2.1471 2.19248 2.23082 
2.60899 2.55762 2.52557 2.51922 2.42807 2.393 2.4303 2.28003 2.31018 2.24912 2.16582 2.14148 2.11662 2.08559 2.0064 1.95018 1.98547 1.92308 1.87571 1.77739 1.7505 1.76103 1.7122 1.67947 1.62104 1.57449 1.52021 1.51291 1.48292 1.43307 1.38845 1.38056 1.33365 1.30219 1.28493 1.24821 1.23586 1.1957 1.17486 1.16007 1.13564 1.10506 1.08826 1.06898 1.06309 1.04402 1.03014 1.01932 1.01258 1.0056 1 0.996961 0.995649 0.992217 0.998184 1.00185 1.0122 1.01311 1.02237 1.03645 1.04209 1.06077 1.0715 1.08879 1.10273 1.12237 1.14681 1.14545 1.18297 1.22761 1.24422 1.27034 1.26631 1.3027 1.31524 1.37572 1.39977 1.40239 1.43161 1.51224 1.5081 1.50022 1.5776 1.58454 1.65919 1.6623 1.68641 1.75726 1.76077 1.85992 1.85828 1.88004 1.92659 2.02453 1.94385 2.01203 2.07211 2.10908 2.15336 2.18159 2.15879 
2.63995 2.63609 2.57558 2.56549 2.44347 2.44401 2.3879 2.32665 2.29435 2.24732 2.18978 2.11781 2.1272 2.02421 2.03543 1.96975 1.90748 1.92238 1.85403 1.85588 1.72731 1.71484 1.68462 1.66191 1.60574 1.61082 1.51219 1.5222 1.45995 1.42908 1.398 1.37111 1.33697 1.31701 1.28206 1.24535 1.23699 1.19472 1.17736 1.16526 1.12024 1.10636 1.08028 1.0723 1.06228 1.0421 1.02979 1.01957 1.01163 1.00428 1 0.995214 0.991673 0.991195 0.996145 1.0016 1.00042 1.0054 1.01181 1.02756 1.03802 1.05719 1.05981 1.08572 1.11283 1.12891 1.1234 1.15109 1.17662 1.23031 1.2383 1.23689 1.26596 1.31706 1.29889 1.34183 1.37065 1.40397 1.46358 1.49478 1.49359 1.52692 1.60538 1.61405 1.65853 1.66951 1.75593 1.77232 1.78987 1.8226 1.81482 1.87076 1.89875 1.94574 1.985 1.97783 2.04415 2.09296 2.14689 2.17085 2.15553 
2.6008 2.60719 2.48623 2.50661 2.43436 2.44238 2.41764 2.31274 2.28449 2.23023 2.1799 2.16366 2.11669 2.06864 2.02937 2.017 1.91086 1.91507 1.87788 1.83771 1.76039 1.72878 1.67216 1.6509 1.67139 1.58886 1.57032 1.46908 1.47092 1.44914 1.41348 1.37845 1.33866 1.31942 1.28365 1.24714 1.22516 1.20282 1.16392 1.1446 1.12024 1.11445 1.08946 1.07136 1.05264 1.04386 1.03615 1.02332 1.01123 1.00641 1 0.996294 0.996169 0.995319 0.995689 0.998815 1.00277 1.01911 1.02542 1.02089 1.03407 1.04822 1.07673 1.07957 1.11049 1.12647 1.13392 1.16087 1.18151 1.19654 1.22168 1.25545 1.28997 1.29663 1.32744 1.38316 1.39643 1.40783 1.44154 1.4731 1.48737 1.54822 1.58167 1.59591 1.63577 1.66427 1.68044 1.71373 1.73747 1.77199 1.81736 1.89601 1.94385 1.95107 1.97357 2.00052 2.11369 2.07328 2.10597 2.13892 2.18932 
2.64033 2.59363 2.56667 2.50133 2.4391 2.39754 2.39015 2.38737 2.32427 2.26647 2.20674 2.08936 2.05496 2.07986 2.10297 2.03297 1.96258 1.91006 1.89413 1.78934 1.77786 1.78742 1.65828 1.68014 1.62044 1.5933 1.52878 1.52419 1.52825 1.40527 1.41582 1.38762 1.34475 1.33664 1.27431 1.25698 1.21404 1.2159 1.17579 1.1678 1.13987 1.09897 1.10422 1.07705 1.05913 1.05133 1.02583 1.02008 1.01278 1.00616 1 0.996588 0.993617 0.996043 0.994744 1.00001 1.00293 1.01609 1.02808 1.02458 1.04233 1.03978 1.06162 1.08215 1.10477 1.10552 1.1459 1.14632 1.17771 1.18007 1.25344 1.24978 1.27522 1.3249 1.31858 1.33767 1.3906 1.42153 1.42107 1.4385 1.51103 1.53876 1.57453 1.62546 1.654 1.62246 1.66582 1.74202 1.77152 1.7944 1.85051 1.8978 1.95385 1.93583 1.96214 2.04001 2.06001 2.0476 2.12263 2.12491 2.21235 
2.65552 2.63746 2.63406 2.58829 2.44605 2.45697 2.41194 2.34402 2.3083 2.26483 2.23509 2.23847 2.17272 2.11605 2.08719 1.97425 1.96071 1.96235 1.81107 1.8258 1.76614 1.74051 1.73892 1.67447 1.59893 1.63414 1.53959 1.52496 1.48536 1.43312 1.43233 1.38282 1.35317 1.32984 1.30397 1.27977 1.21938 1.21246 1.18496 1.16018 1.13019 1.11333 1.09803 1.06951 1.05925 1.0411 1.02951 1.01958 1.01256 1.00625 1 0.996468 0.993513 0.99396 0.988954 0.999919 0.996302 1.00241 1.01549 1.02752 1.04829 1.05132 1.07004 1.08289 1.08669 1.12098 1.12786 1.17288 1.18393 1.21687 1.23103 1.23922 1.28806 1.30645 1.31904 1.333 1.37183 1.41256 1.43648 1.45743 1.47789 1.54986 1.56218 1.62416 1.6149 1.67028 1.71587 1.72627 1.76632 1.81296 1.86011 1.89729 1.9027 1.93097 1.98662 2.01405 2.03178 2.08213 2.10131 2.19214 2.19185 
2.71095 2.6634 2.63065 2.50052 2.50171 2.36029 2.42746 2.34753 2.25405 2.28803 2.21686 2.20894 2.15906 2.1356 2.01586 1.99063 1.96963 1.94533 1.88975 1.8195 1.77942 1.7806 1.68426 1.66679 1.63844 1.59091 1.59043 1.5627 1.47082 1.46542 1.45302 1.3764 1.33439 1.3118 1.29909 1.27327 1.21764 1.19787 1.18962 1.15348 1.1351 1.12174 1.09993 1.08157 1.06099 1.04371 1.03195 1.02547 1.01363 1.00607 1 0.996337 0.993427 0.990596 0.990179 0.995908 1.00709 1.00662 1.01799 1.0315 1.04029 1.05522 1.05783 1.0789 1.10564 1.10504 1.12568 1.13884 1.16691 1.17772 1.21254 1.24036 1.28621 1.32425 1.30689 1.34391 1.35765 1.40878 1.45132 1.49604 1.51956 1.53548 1.55134 1.55647 1.61325 1.64869 1.65066 1.70597 1.76448 1.80093 1.86154 1.86974 1.83717 1.92277 1.96955 1.96959 2.04618 2.07443 2.04447 2.19778 2.21592 
2.66964 2.68106 2.66045 2.51829 2.56102 2.47667 2.36599 2.41204 2.38877 2.29452 2.18364 2.21679 2.15476 2.12097 2.05524 1.97666 1.98562 1.98377 1.91325 1.89291 1.81579 1.75601 1.67845 1.71313 1.66498 1.6024 1.59381 1.49666 1.50614 1.47789 1.42718 1.4184 1.37123 1.31742 1.30258 1.28334 1.24902 1.21049 1.17862 1.17603 1.14032 1.13186 1.09741 1.08434 1.06946 1.05437 1.04027 1.02256 1.01722 1.00627 1 0.995598 0.9928 0.994585 0.993093 0.999608 0.999649 1.00497 1.00973 1.01442 1.02281 1.04603 1.06984 1.07076 1.08919 1.11629 1.12917 1.13746 1.17139 1.19332 1.21718 1.23242 1.2395 1.29992 1.31224 1.35346 1.35336 1.38274 1.44086 1.4609 1.51154 1.52867 1.55354 1.60572 1.60046 1.65348 1.70539 1.69199 1.73061 1.77616 1.87981 1.81609 1.89856 1.91682 1.9534 2.00989 1.97875 2.02377 2.07956 2.17192 2.16637 
2.74394 2.65068 2.60213 2.57904 2.49239 2.49377 2.44369 2.40723 2.25708 2.34054 2.21604 2.23741 2.22866 2.12436 2.07002 2.06874 1.96491 1.91218 1.90968 1.87432 1.84264 1.78263 1.75362 1.66473 1.63933 1.61175 1.56516 1.52904 1.50421 1.49323 1.4337 1.41485 1.34728 1.34268 1.29978 1.28472 1.24891 1.2051 1.17796 1.14815 1.14526 1.12851 1.10106 1.08439 1.07087 1.05037 1.03713 1.02735 1.01488 1.007 1 0.994985 0.992002 0.992845 0.987967 0.996791 0.994909 1.01118 1.0162 1.02988 1.02262 1.04062 1.04993 1.07095 1.07971 1.08382 1.13263 1.13906 1.17075 1.1968 1.21759 1.2332 1.25162 1.28901 1.30828 1.33761 1.36227 1.40741 1.41243 1.46376 1.51906 1.51305 1.53974 1.56823 1.59741 1.67624 1.60766 1.71895 1.72653 1.80554 1.79857 1.86412 1.91327 1.92297 1.89909 1.98017 2.01464 2.07873 2.16563 2.16486 2.15497 
2.78473 2.71781 2.63781 2.62579 2.58824 2.51657 2.46516 2.49636 2.39637 2.35166 2.29617 2.3015 2.17317 2.16332 2.05557 2.07229 2.01601 1.99504 1.92194 1.91526 1.84488 1.80526 1.74101 1.70355 1.68294 1.67576 1.6145 1.52552 1.51119 1.49791 1.45616 1.41827 1.39651 1.3231 1.31223 1.302 1.26688 1.21812 1.20549 1.15382 1.12613 1.12244 1.10397 1.08892 1.07024 1.05042 1.03677 1.02584 1.01526 1.00649 1 0.995313 0.991767 0.989396 0.992806 0.991582 0.993231 1.00284 1.01066 1.01789 1.02825 1.03689 1.04609 1.07113 1.09447 1.09691 1.12269 1.14933 1.14588 1.17548 1.22913 1.21325 1.22785 1.26741 1.33309 1.3662 1.32594 1.39352 1.4214 1.44012 1.47996 1.50064 1.55767 1.57352 1.60974 1.60861 1.6574 1.66617 1.73417 1.72756 1.83014 1.79671 1.83223 1.89832 1.93223 1.97045 2.02671 2.02869 2.06062 2.14095 2.12168 
2.8393 2.6777 2.76027 2.5997 2.64007 2.57085 2.55647 2.49684 2.43239 2.29908 2.29682 2.24209 2.19592 2.18126 2.12922 2.06954 2.01439 1.97524 1.99383 1.91447 1.88384 1.82897 1.76086 1.66784 1.67743 1.65425 1.57392 1.56593 1.52096 1.47376 1.43973 1.43809 1.36902 1.36771 1.32237 1.28069 1.2421 1.22091 1.20254 1.16797 1.16045 1.12483 1.10122 1.07962 1.08294 1.05885 1.04268 1.02838 1.01698 1.00656 1 0.994018 0.991739 0.988401 0.984548 0.995572 0.992862 0.989997 0.999497 1.01561 1.02688 1.02514 1.02662 1.05796 1.07325 1.11232 1.11513 1.12612 1.1576 1.18012 1.17737 1.21346 1.23877 1.30024 1.30297 1.32387 1.34782 1.39216 1.37443 1.41549 1.49975 1.48971 1.53216 1.57546 1.6037 1.66089 1.59908 1.69948 1.77668 1.75322 1.77857 1.82215 1.83794 1.85632 1.92808 1.99002 1.99628 2.03234 2.06503 2.12038 2.15817 
2.78105 2.69567 2.73683 2.65688 2.63628 2.5811 2.47632 2.43406 2.4039 2.35853 2.3363 2.29215 2.21751 2.20403 2.15718 2.08776 2.07561 2.00808 1.9487 1.94743 1.85345 1.80726 1.81225 1.74936 1.68511 1.65211 1.62673 1.59316 1.56559 1.50058 1.47366 1.4288 1.42013 1.345 1.33871 1.30784 1.26152 1.21889 1.20242 1.18219 1.15767 1.12855 1.12339 1.08611 1.08312 1.06041 1.04263 1.02934 1.01675 1.00746 1 0.993693 0.988738 0.982676 0.989793 0.992357 0.994458 0.99444 0.989829 1.02034 1.02048 1.03042 1.04495 1.03838 1.07709 1.09279 1.09181 1.1196 1.15003 1.17211 1.18373 1.23792 1.26712 1.26714 1.30623 1.33037 1.3518 1.37323 1.42919 1.4207 1.45817 1.49162 1.4985 1.57782 1.61059 1.58802 1.66853 1.70649 1.68793 1.74108 1.81155 1.82015 1.85425 1.90184 1.87653 1.99276 1.99645 2.05445 1.99395 2.1217 2.10886 
2.86698 2.70395 2.6297 2.62147 2.64436 2.50872 2.50948 2.47225 2.42649 2.38532 2.31124 2.25875 2.24404 2.23627 2.1044 2.05388 2.06485 2.00008 1.94725 1.95212 1.86885 1.77935 1.77032 1.78292 1.70754 1.70614 1.62428 1.53979 1.55236 1.51765 1.45383 1.41984 1.38227 1.37147 1.3198 1.31563 1.28521 1.23146 1.22357 1.18723 1.14721 1.1252 1.11095 1.09488 1.07282 1.05909 1.04302 1.02948 1.01824 1.00725 1 0.993621 0.988373 0.986237 0.987127 0.977248 0.988912 0.996297 0.997375 1.01444 1.02368 1.03128 1.03704 1.04064 1.08732 1.08944 1.09531 1.13562 1.1399 1.1789 1.17818 1.22496 1.23526 1.27319 1.25259 1.30013 1.35039 1.36294 1.35337 1.41948 1.48351 1.50754 1.54468 1.56354 1.60701 1.5992 1.6287 1.64823 1.67813 1.76841 1.78539 1.79107 1.84971 1.8733 1.93114 1.94348 1.97532 2.01007 2.02802 2.07056 2.16902 
2.90165 2.84311 2.7783 2.67232 2.59315 2.5613 2.55291 2.53412 2.46932 2.39523 2.37811 2.27523 2.23036 2.211 2.1413 2.17426 2.08087 2.00268 2.02597 1.92047 1.9062 1.82685 1.82221 1.75353 1.76648 1.66155 1.61829 1.60896 1.57214 1.54323 1.49554 1.44015 1.41005 1.40957 1.35635 1.29158 1.26704 1.23529 1.2049 1.19558 1.16757 1.13539 1.12167 1.09457 1.08684 1.06201 1.04534 1.0331 1.0157 1.00897 1 0.991649 0.989235 0.98478 0.988912 0.987188 0.991501 0.994685 1.00442 1.00562 1.00389 1.02737 1.04744 1.04223 1.07309 1.07344 1.09737 1.11609 1.12887 1.1324 1.17513 1.19233 1.23502 1.25691 1.2724 1.31445 1.3523 1.37813 1.34915 1.41553 1.45157 1.45805 1.52858 1.52769 1.5409 1.58349 1.60235 1.66357 1.67985 1.72614 1.76112 1.77791 1.80741 1.85386 1.87387 1.94906 1.94598 1.98396 2.04054 2.07843 2.06386 
2.92692 2.87052 2.73179 2.73123 2.65133 2.6596 2.52823 2.57825 2.55974 2.4327 2.48201 2.36935 2.29314 2.21976 2.13796 2.18796 2.04254 2.02749 2.00294 1.97017 1.87706 1.84518 1.81082 1.77832 1.73007 1.68866 1.67371 1.57009 1.58854 1.52569 1.50745 1.45826 1.43641 1.39933 1.35579 1.29689 1.27142 1.26647 1.24255 1.19416 1.16156 1.14706 1.11957 1.10241 1.07968 1.05673 1.04516 1.0305 1.01903 1.00829 1 0.993006 0.987577 0.984728 0.986073 0.98072 0.983185 0.993579 0.994394 1.00538 1.02409 1.03746 1.02296 1.04775 1.05953 1.07475 1.08912 1.11387 1.13607 1.14526 1.16835 1.18623 1.19992 1.24362 1.26671 1.29545 1.32642 1.35783 1.37556 1.40359 1.45848 1.43226 1.49545 1.52842 1.57821 1.56773 1.57131 1.65797 1.65348 1.75833 1.76143 1.77904 1.76904 1.83981 1.89422 1.91205 1.93646 1.96254 2.00211 2.09351 2.09291 
2.88073 2.84217 2.7487 2.80075 2.64872 2.67158 2.56235 2.57641 2.48316 2.43963 2.43251 2.33984 2.27964 2.24784 2.19574 2.17383 2.09079 2.06546 2.02109 1.94041 1.95826 1.91326 1.82646 1.81175 1.76041 1.72646 1.65771 1.62081 1.58002 1.54709 1.49627 1.47355 1.42515 1.38927 1.37395 1.33554 1.27823 1.26581 1.21221 1.18437 1.17824 1.14456 1.12702 1.10374 1.08557 1.05849 1.05306 1.03534 1.02153 1.00924 1 0.993087 0.986868 0.984155 0.981059 0.979161 0.982659 0.984358 1.00244 0.997409 1.01206 1.01862 1.02177 1.04336 1.04768 1.07853 1.07113 1.11489 1.12047 1.14123 1.15596 1.19388 1.19482 1.23209 1.24872 1.27963 1.31094 1.34353 1.40403 1.40899 1.4435 1.46288 1.42892 1.52841 1.5559 1.57911 1.58217 1.6405 1.68979 1.73189 1.72262 1.78221 1.80261 1.81491 1.85905 1.88885 1.90804 1.95359 1.99244 2.05663 2.10838 
2.95932 2.80841 2.88023 2.81809 2.75861 2.67358 2.66389 2.52433 2.58609 2.53303 2.40439 2.36129 2.28719 2.28426 2.23817 2.11213 2.14808 2.08974 2.02159 1.98046 1.95405 1.90939 1.85566 1.77271 1.79102 1.72404 1.71923 1.65377 1.56884 1.57479 1.50104 1.46973 1.42868 1.3907 1.3513 1.3292 1.28315 1.28022 1.23984 1.2086 1.17349 1.16033 1.1289 1.11449 1.08533 1.0637 1.04916 1.03402 1.01955 1.01055 1 0.992043 0.986169 0.984955 0.979504 0.978593 0.977662 0.97125 0.990379 0.990107 1.00598 1.0199 1.00561 1.03755 1.04636 1.06127 1.08434 1.11357 1.12456 1.14982 1.16914 1.15973 1.1965 1.22913 1.23259 1.28404 1.32272 1.32404 1.34542 1.37171 1.40327 1.46016 1.46134 1.53336 1.54183 1.59941 1.6209 1.66436 1.66237 1.67959 1.70293 1.73546 1.75333 1.82924 1.78072 1.88101 1.94648 1.94439 1.9428 2.00419 2.09916 
3.0169 2.90173 2.83094 2.81053 2.74909 2.6045 2.63464 2.58063 2.58176 2.56183 2.45955 2.39946 2.37572 2.2579 2.22103 2.22341 2.17827 2.04319 2.07816 1.92112 1.92559 1.89067 1.88532 1.83182 1.79475 1.72624 1.66611 1.65028 1.60823 1.57297 1.49884 1.4972 1.47253 1.41399 1.35263 1.35434 1.29764 1.25387 1.25034 1.22928 1.18137 1.14846 1.13576 1.12156 1.0854 1.07093 1.05452 1.03411 1.02064 1.00857 1 0.991089 0.988287 0.977342 0.976169 0.982922 0.97094 0.98387 0.976958 0.986363 0.986028 1.01475 1.03475 1.04024 1.04213 1.05396 1.07477 1.09061 1.11984 1.14128 1.15452 1.16957 1.17763 1.21905 1.25623 1.25788 1.27603 1.30521 1.35056 1.39278 1.41233 1.4639 1.46256 1.49103 1.53977 1.5728 1.58767 1.60156 1.6748 1.67289 1.68755 1.72809 1.78307 1.77757 1.86075 1.87488 1.93277 1.94303 1.94882 1.96105 2.01503 
3.02768 2.90425 2.97839 2.79741 2.74694 2.7393 2.7185 2.64079 2.55212 2.52422 2.46462 2.3836 2.36729 2.29748 2.25505 2.22547 2.14345 2.18692 2.13909 2.05003 1.99568 1.96891 1.89314 1.81334 1.82694 1.75883 1.71648 1.68813 1.62953 1.57188 1.51067 1.51208 1.47402 1.43315 1.38212 1.34841 1.32155 1.27849 1.23722 1.23983 1.19632 1.16424 1.14925 1.11227 1.08825 1.06521 1.05407 1.03772 1.0233 1.01002 1 0.991416 0.982771 0.977413 0.977068 0.969493 0.975187 0.974462 0.986227 0.989761 0.997449 1.00535 1.01461 1.04496 1.02726 1.06141 1.06859 1.08976 1.09509 1.14217 1.14256 1.17003 1.18412 1.22796 1.24241 1.26483 1.28673 1.3166 1.35305 1.3768 1.4086 1.4224 1.43787 1.46732 1.52962 1.48992 1.58334 1.63424 1.61923 1.70648 1.67029 1.69097 1.7638 1.81698 1.84229 1.8764 1.92058 1.95301 1.98464 2.01378 1.99437 
3.12607 2.92018 2.94361 2.85378 2.76199 2.76198 2.72252 2.62036 2.58451 2.60282 2.51033 2.40836 2.36694 2.2868 2.27725 2.2923 2.20617 2.16047 2.05671 2.0288 1.94817 1.93237 1.90029 1.82825 1.82143 1.77313 1.71296 1.67019 1.61522 1.59428 1.54472 1.48971 1.47828 1.45871 1.40497 1.3418 1.32669 1.29241 1.26216 1.23258 1.19458 1.15725 1.15331 1.11155 1.08481 1.07684 1.05678 1.03931 1.01979 1.01237 1 0.991296 0.984149 0.979685 0.971638 0.97007 0.977386 0.970961 0.976388 0.992421 0.989388 0.991664 1.00989 1.02511 1.06226 1.04192 1.06247 1.07712 1.09861 1.13945 1.13085 1.16434 1.18904 1.20114 1.18168 1.24122 1.26961 1.30205 1.30683 1.37784 1.39564 1.40195 1.45888 1.44791 1.49077 1.52916 1.58542 1.61447 1.59157 1.65026 1.73127 1.71673 1.78659 1.75756 1.78884 1.84447 1.87259 1.93208 1.94196 1.96449 2.0268 
2.97484 3.09976 2.94215 2.89928 2.86184 2.72994 2.72458 2.62221 2.62925 2.51264 2.50038 2.45363 2.38694 2.38022 2.35111 2.2792 2.27958 2.1753 2.11191 2.02606 2.01767 1.95271 1.86496 1.86393 1.79448 1.76289 1.75087 1.66435 1.63405 1.57946 1.55059 1.5352 1.48519 1.44577 1.40351 1.37688 1.3221 1.27701 1.27481 1.24125 1.20156 1.16719 1.15279 1.11169 1.09691 1.07222 1.05644 1.04042 1.02356 1.01309 1 0.989798 0.982905 0.978558 0.975468 0.97023 0.977938 0.972631 0.972474 0.980083 0.992155 1.00528 1.01109 1.02665 1.0268 1.06886 1.06578 1.09517 1.09627 1.10617 1.126 1.15371 1.19977 1.20789 1.22512 1.23628 1.25028 1.29794 1.31514 1.37246 1.37934 1.3797 1.44516 1.46223 1.48528 1.4936 1.55207 1.5786 1.57405 1.6581 1.66351 1.67968 1.73218 1.75415 1.7846 1.81731 1.90175 1.85445 1.94168 1.99482 1.93929 
3.02986 3.08076 2.96821 2.87489 2.8832 2.79749 2.84559 2.70138 2.59012 2.57009 2.62528 2.53429 2.39382 2.37084 2.33173 2.26438 2.2535 2.16257 2.10272 2.04372 2.07682 2.00137 1.91872 1.843 1.82398 1.80058 1.71182 1.69807 1.66219 1.58831 1.57691 1.52211 1.47672 1.42671 1.41507 1.34867 1.33675 1.27045 1.25321 1.23606 1.19347 1.18101 1.14051 1.1274 1.10047 1.07623 1.05564 1.04344 1.02659 1.01181 1 0.990745 0.982706 0.977877 0.969081 0.967434 0.968392 0.978621 0.972476 0.984983 0.982667 0.994777 1.00422 1.01511 1.03715 1.0527 1.06462 1.06669 1.08189 1.11297 1.13327 1.13269 1.15275 1.19355 1.19651 1.2361 1.26994 1.2918 1.34446 1.36906 1.37768 1.39124 1.44821 1.49518 1.47341 1.49986 1.54587 1.56275 1.5832 1.66431 1.60788 1.68494 1.72465 1.80328 1.77534 1.79321 1.80873 1.90982 1.93518 1.94204 2.00858 
3.11162 2.95405 2.95594 2.96706 2.91738 2.83288 2.84928 2.67928 2.62958 2.57079 2.52597 2.50021 2.44007 2.37364 2.34936 2.28007 2.27119 2.24417 2.13315 2.09604 2.03372 2.00569 1.89735 1.9273 1.83818 1.80252 1.7818 1.67911 1.65842 1.63033 1.57767 1.53314 1.4999 1.44936 1.4225 1.38103 1.34494 1.28193 1.27392 1.22091 1.21749 1.17936 1.15598 1.12305 1.1043 1.07885 1.06121 1.04576 1.02814 1.01232 1 0.989619 0.983165 0.975339 0.976279 0.963578 0.971998 0.977783 0.974437 0.977872 0.979977 0.987214 0.992913 1.00869 1.02769 1.03011 1.02555 1.06727 1.07115 1.09473 1.14144 1.13209 1.15058 1.19152 1.23914 1.24034 1.23335 1.33412 1.31839 1.3202 1.37447 1.4004 1.42366 1.43305 1.47444 1.46797 1.48866 1.57156 1.60102 1.58794 1.67633 1.64107 1.68628 1.7713 1.77165 1.80437 1.81327 1.8946 1.92577 1.97328 1.91696 
3.15787 3.03799 3.05109 2.92557 2.92144 2.85382 2.68275 2.73057 2.69197 2.59098 2.55333 2.53823 2.44192 2.31406 2.3844 2.31885 2.30358 2.25701 2.10257 2.0499 2.06325 2.00473 1.96989 1.9014 1.88579 1.80117 1.77392 1.70504 1.6736 1.61121 1.58987 1.55331 1.50216 1.48401 1.40049 1.36289 1.35902 1.3043 1.27669 1.24315 1.23042 1.17709 1.16818 1.12557 1.1074 1.08338 1.06232 1.04409 1.02877 1.01233 1 0.989558 0.98038 0.974951 0.967674 0.963207 0.961321 0.958278 0.974589 0.969164 0.987257 0.975984 1.00501 1.01247 1.00421 1.05057 1.03851 1.07066 1.0866 1.097 1.10059 1.15859 1.17081 1.18203 1.19408 1.20303 1.23603 1.26107 1.31249 1.32264 1.36958 1.36536 1.39169 1.41895 1.44945 1.4412 1.52803 1.52342 1.57818 1.57696 1.66537 1.69543 1.67349 1.74407 1.76093 1.80138 1.77511 1.8673 1.88665 1.94189 1.97101 
3.17275 3.09533 3.07571 2.98099 2.98223 2.82048 2.8405 2.76783 2.72887 2.69275 2.61273 2.48589 2.49834 2.42222 2.34852 2.3528 2.26169 2.23224 2.1085 2.11771 2.10526 2.01927 1.9572 1.92994 1.87915 1.82054 1.78216 1.71393 1.654 1.63048 1.60313 1.55201 1.49903 1.45166 1.41772 1.38177 1.37289 1.2944 1.29016 1.23646 1.21752 1.19909 1.16064 1.12769 1.11028 1.07947 1.06037 1.04142 1.03036 1.01415 1 0.987503 0.981748 0.974182 0.966472 0.964313 0.967992 0.959339 0.956598 0.964475 0.988148 0.972171 0.983121 1.00604 1.01851 1.01819 1.04253 1.04198 1.06617 1.09408 1.10604 1.13226 1.14731 1.18763 1.19975 1.22924 1.24735 1.24983 1.28214 1.34409 1.36855 1.32922 1.36584 1.43446 1.47571 1.51101 1.49491 1.53188 1.56923 1.57828 1.66253 1.6231 1.67902 1.71309 1.7965 1.78448 1.80248 1.8539 1.9297 1.92898 1.97266 
3.17561 3.03981 3.09015 2.99647 2.97524 2.8823 2.86316 2.76556 2.69791 2.68858 2.57857 2.57604 2.49816 2.37829 2.3932 2.31004 2.32246 2.19214 2.17628 2.13155 2.09121 2.02166 1.93715 1.90231 1.8408 1.85177 1.76596 1.70604 1.70036 1.6655 1.58078 1.55515 1.55241 1.47284 1.42647 1.38343 1.35714 1.30226 1.27866 1.26916 1.22877 1.19616 1.15737 1.14279 1.11427 1.0928 1.06365 1.04512 1.02747 1.01303 1 0.989201 0.977275 0.973971 0.96567 0.967518 0.964474 0.965984 0.973333 0.965851 0.966396 0.975644 0.985045 0.994694 0.999861 1.0212 1.03724 1.04366 1.08616 1.08421 1.12936 1.1226 1.16667 1.17744 1.20682 1.22449 1.26751 1.25393 1.2688 1.34128 1.34968 1.35275 1.39268 1.4284 1.454 1.48298 1.46096 1.51108 1.52966 1.59291 1.62527 1.67407 1.72636 1.74012 1.81451 1.78665 1.78146 1.87157 1.83837 1.9206 1.97699 
3.13861 3.18467 3.10847 3.00892 2.96091 2.81327 2.80574 2.73245 2.68691 2.6492 2.61573 2.62193 2.49335 2.46943 2.42248 2.39862 2.29342 2.23116 2.20286 2.19961 2.0926 2.05379 1.94794 1.93456 1.91434 1.82551 1.78543 1.74279 1.66676 1.64621 1.58586 1.55295 1.52146 1.48882 1.4525 1.41479 1.36436 1.31844 1.2881 1.24931 1.22242 1.20069 1.1726 1.13406 1.10894 1.08464 1.06104 1.04491 1.02949 1.01416 1 0.988124 0.979639 0.969967 0.96561 0.956671 0.964999 0.966858 0.95859 0.968308 0.972305 0.986913 0.981088 1.00344 0.994032 1.01828 1.03367 1.04544 1.08111 1.06946 1.12876 1.12762 1.12136 1.1377 1.20138 1.21162 1.22325 1.26285 1.26886 1.34144 1.26867 1.35007 1.37468 1.42296 1.47241 1.50056 1.49405 1.53434 1.51816 1.58516 1.60187 1.62407 1.64168 1.71713 1.72311 1.78857 1.79521 1.83427 1.83321 1.93291 1.84634 
3.20683 3.25887 3.12409 3.02696 2.91417 2.91326 2.88437 2.84155 2.7303 2.68629 2.70304 2.54376 2.52007 2.50942 2.45113 2.40874 2.31588 2.29575 2.21901 2.13629 2.10505 2.06688 1.98911 1.93841 1.90971 1.81961 1.79555 1.73945 1.6877 1.66657 1.6137 1.57661 1.52206 1.46765 1.43759 1.41868 1.35626 1.33492 1.29521 1.26258 1.22027 1.19174 1.18792 1.12829 1.11103 1.09015 1.06795 1.04487 1.02823 1.01363 1 0.989129 0.977624 0.972217 0.96706 0.961293 0.954474 0.954224 0.963775 0.949761 0.966358 0.970307 0.975615 1.00685 1.01396 1.00484 1.03582 1.05714 1.05242 1.06059 1.0985 1.13116 1.14445 1.13222 1.16218 1.20842 1.21915 1.25553 1.2606 1.26659 1.33267 1.33369 1.3647 1.37623 1.44733 1.43368 1.50653 1.50028 1.56266 1.57677 1.60261 1.65762 1.66325 1.65586 1.74326 1.6748 1.77366 1.84037 1.82797 1.87564 1.9622 
3.23078 3.16908 3.07648 3.04272 3.03267 2.97552 2.90123 2.9005 2.76222 2.70859 2.58669 2.65949 2.5653 2.61157 2.46423 2.36486 2.29581 2.24736 2.21772 2.14569 2.09303 2.08067 1.98455 1.96814 1.90584 1.86184 1.82125 1.74521 1.71819 1.67943 1.61968 1.59433 1.57206 1.47787 1.46618 1.39339 1.35157 1.3269 1.31551 1.26263 1.23401 1.19547 1.17759 1.13972 1.11734 1.09287 1.07291 1.05015 1.03041 1.01519 1 0.988256 0.978909 0.971222 0.961463 0.954493 0.952268 0.955912 0.955873 0.959698 0.967828 0.974349 0.964049 1.00043 1.00751 1.02649 1.00788 1.03328 1.07097 1.0793 1.08515 1.12028 1.12532 1.13803 1.17741 1.20028 1.21588 1.27269 1.25067 1.24138 1.29338 1.33299 1.38722 1.42424 1.40198 1.42157 1.52483 1.55685 1.54698 1.58707 1.56931 1.6205 1.66307 1.7145 1.72919 1.72199 1.75924 1.80915 1.80359 1.83237 1.8903 
3.27372 3.17486 3.11034 3.15719 3.0049 2.88459 2.80021 2.84447 2.78365 2.72889 2.6257 2.53095 2.47103 2.51597 2.44021 2.41505 2.35967 2.24199 2.24939 2.17705 2.15008 2.05619 1.99577 1.96739 1.91439 1.89165 1.76408 1.76928 1.72799 1.66629 1.62189 1.60226 1.57035 1.50022 1.44711 1.40759 1.35651 1.349 1.31087 1.27544 1.22231 1.19459 1.16724 1.13926 1.11686 1.09022 1.06938 1.04923 1.02773 1.01438 1 0.987512 0.979177 0.96444 0.957341 0.958969 0.956786 0.95848 0.955829 0.956279 0.959454 0.968451 0.969366 0.976192 0.980166 1.02799 1.01729 1.04648 1.042 1.066 1.09554 1.09426 1.10612 1.15297 1.17747 1.18382 1.21743 1.24101 1.2462 1.29135 1.31741 1.33919 1.35188 1.40128 1.47037 1.43484 1.50196 1.49303 1.53241 1.57187 1.60267 1.6288 1.63916 1.65569 1.69745 1.75664 1.78029 1.80456 1.8867 1.88478 1.8855 
3.2901 3.24953 3.21411 3.10473 3.08366 2.991 2.97094 2.83744 2.92302 2.79823 2.68554 2.62169 2.61941 2.59698 2.44805 2.37762 2.36922 2.2529 2.32679 2.18859 2.14659 2.05179 2.03749 1.98898 1.92655 1.86644 1.81057 1.7645 1.72245 1.72787 1.61651 1.60029 1.57598 1.51144 1.46144 1.43025 1.40123 1.35646 1.28992 1.28347 1.22199 1.20401 1.17561 1.14248 1.13102 1.09685 1.06685 1.04282 1.03342 1.01375 1 0.987884 0.976301 0.962825 0.957562 0.965526 0.949549 0.943347 0.955757 0.949108 0.964938 0.940277 0.9746 0.977622 1.00047 1.00121 1.02442 1.02811 1.05116 1.04195 1.08278 1.11666 1.09772 1.15385 1.14087 1.17629 1.1853 1.20957 1.2748 1.27418 1.29147 1.333 1.33227 1.40026 1.40344 1.41252 1.46856 1.50291 1.51039 1.5601 1.56264 1.6372 1.61452 1.66844 1.71454 1.77377 1.74988 1.83576 1.82935 1.85718 1.86227 
3.28817 3.27806 3.11884 3.08156 3.02749 3.0222 2.89707 2.83007 2.80035 2.70094 2.62275 2.59595 2.55958 2.47675 2.53747 2.32951 2.30916 2.32392 2.29943 2.17977 2.17362 2.06957 2.02916 1.99089 1.91544 1.84103 1.83765 1.75285 1.74246 1.68918 1.65025 1.5964 1.57211 1.49666 1.48209 1.41885 1.40859 1.34323 1.29469 1.27408 1.22625 1.20061 1.18219 1.16266 1.12341 1.09116 1.07579 1.0501 1.03012 1.01463 1 0.987367 0.97395 0.968833 0.957865 0.958526 0.954094 0.951297 0.961042 0.954812 0.950868 0.972962 0.970104 0.989319 0.999027 1.00407 1.04429 1.01538 1.0434 1.08069 1.08052 1.11056 1.11523 1.13053 1.16638 1.17626 1.20871 1.20385 1.25936 1.2914 1.29529 1.33935 1.35036 1.36576 1.41506 1.44738 1.41812 1.49993 1.50267 1.59465 1.56815 1.61742 1.60634 1.65538 1.71313 1.76426 1.78476 1.80814 1.79908 1.82755 1.82849 
3.21651 3.13736 3.16164 3.08584 3.08126 2.9277 2.97113 2.95721 2.82054 2.73715 2.71045 2.63812 2.62912 2.51563 2.49851 2.45886 2.35345 2.33601 2.25068 2.22566 2.14667 2.1038 2.02277 1.94795 1.96501 1.87376 1.82358 1.8127 1.71109 1.72529 1.61698 1.58332 1.55227 1.51252 1.46224 1.44337 1.37936 1.3484 1.33594 1.29339 1.23486 1.20301 1.17152 1.14937 1.11679 1.10014 1.06819 1.05087 1.03475 1.01575 1 0.986638 0.977568 0.966432 0.960295 0.957781 0.953001 0.95168 0.947645 0.940209 0.956286 0.969837 0.963295 0.96085 1.01097 1.01317 1.00932 1.02766 1.03306 1.06023 1.07171 1.10098 1.11007 1.11656 1.17343 1.18986 1.21876 1.21848 1.2191 1.27785 1.31629 1.29102 1.34493 1.38914 1.42547 1.42076 1.42628 1.48696 1.47777 1.56302 1.56865 1.6126 1.61385 1.66571 1.69952 1.65849 1.79833 1.74755 1.79903 1.83672 1.84222 
3.3655 3.2035 3.14324 3.11244 3.08075 3.01058 2.95804 2.97079 2.8901 2.69836 2.7179 2.59864 2.59386 2.4901 2.46552 2.4335 2.34266 2.27113 2.29407 2.2674 2.26286 2.10419 2.07976 1.99146 1.92211 1.83158 1.89006 1.82567 1.74729 1.73072 1.63407 1.61147 1.5506 1.51624 1.46618 1.40606 1.37125 1.35459 1.31802 1.26917 1.24517 1.21641 1.18454 1.1502 1.13042 1.09579 1.06766 1.05186 1.03278 1.01629 1 0.986268 0.974783 0.961962 0.956428 0.95188 0.953073 0.95999 0.952783 0.957611 0.953218 0.955586 0.972496 0.969844 0.960957 1.00386 1.01357 1.02307 1.00879 1.05339 1.06553 1.11843 1.1029 1.13803 1.16464 1.16307 1.18307 1.24271 1.24732 1.24961 1.3314 1.33172 1.31514 1.35053 1.41169 1.44038 1.4858 1.47032 1.49709 1.55799 1.58086 1.62372 1.63527 1.65324 1.68486 1.74814 1.75223 1.72619 1.78605 1.86773 1.82358 
3.25948 3.27985 3.32037 3.12153 3.1042 3.04441 2.99827 2.91106 2.81293 2.78994 2.74886 2.76059 2.6489 2.59022 2.48995 2.44331 2.39282 2.32203 2.29759 2.2101 2.16525 2.1806 2.07392 2.02407 1.93394 1.91829 1.89702 1.79594 1.77606 1.67612 1.6837 1.63668 1.57099 1.49438 1.49301 1.41997 1.41194 1.3684 1.31066 1.28613 1.23852 1.21085 1.1722 1.15166 1.12551 1.09745 1.07528 1.05242 1.03412 1.01468 1 0.985008 0.975787 0.967282 0.956818 0.955534 0.940377 0.957734 0.95303 0.941151 0.951818 0.946343 0.958783 0.973443 0.977791 0.994549 0.993013 1.01499 1.05264 1.06146 1.07648 1.09906 1.13573 1.11112 1.15553 1.15214 1.19762 1.18873 1.23713 1.2464 1.2576 1.29698 1.34837 1.34508 1.40346 1.4493 1.42728 1.442 1.4766 1.53739 1.56552 1.55724 1.6105 1.65365 1.68474 1.72948 1.75256 1.81166 1.80481 1.85127 1.79194 
3.27342 3.25773 3.18646 3.15631 3.0602 2.99271 2.95681 2.9141 2.84723 2.81171 2.79828 2.68458 2.62367 2.58362 2.47976 2.47037 2.42411 2.33249 2.29919 2.18145 2.18026 2.12157 2.0358 2.02046 1.96041 1.93241 1.81227 1.80329 1.77433 1.75595 1.67225 1.61759 1.51635 1.56261 1.4672 1.4488 1.40698 1.34614 1.33694 1.26349 1.26186 1.2094 1.18036 1.14562 1.12808 1.10063 1.07248 1.05427 1.03184 1.01608 1 0.986626 0.973543 0.966186 0.957695 0.950556 0.943932 0.948084 0.948237 0.951669 0.95565 0.954684 0.957313 0.981076 0.981479 0.992471 0.995671 1.02797 1.03003 1.04956 1.05974 1.10569 1.08401 1.12898 1.11637 1.16801 1.20644 1.21203 1.21928 1.24966 1.28163 1.33404 1.33732 1.38007 1.39626 1.38116 1.44303 1.4797 1.51386 1.55421 1.53479 1.5675 1.61571 1.6507 1.69692 1.70764 1.74047 1.72595 1.78654 1.76703 1.79401 
3.3436 3.29685 3.21551 3.16854 3.02264 3.01574 3.06176 2.89247 2.87621 2.80716 2.77637 2.68104 2.55457 2.60278 2.4818 2.43594 2.39651 2.39327 2.29947 2.23611 2.1682 2.15171 2.01122 1.99882 2.01107 1.91821 1.84859 1.80898 1.78112 1.755 1.69978 1.61059 1.57707 1.53682 1.47251 1.43477 1.41559 1.35664 1.31579 1.28099 1.24555 1.21127 1.19075 1.15239 1.12112 1.1012 1.07839 1.0493 1.03415 1.01549 1 0.987113 0.972727 0.965733 0.963235 0.953187 0.937633 0.93994 0.951362 0.947716 0.9478 0.963133 0.961181 0.971516 0.971348 0.976735 0.981801 0.997031 1.04426 1.02697 1.0782 1.07145 1.12218 1.11601 1.14607 1.15672 1.1815 1.17388 1.21384 1.22918 1.29244 1.29379 1.2956 1.32148 1.38669 1.40204 1.42115 1.48339 1.49009 1.52218 1.55252 1.59615 1.62224 1.63742 1.62093 1.69654 1.76176 1.78427 1.79129 1.83544 1.86185 
3.3164 3.21656 3.34458 3.18982 3.09536 3.0329 3.1048 2.87865 2.83408 2.84564 2.78531 2.6711 2.63395 2.59819 2.55724 2.44993 2.28263 2.37561 2.35599 2.22603 2.151 2.11685 2.05921 2.03359 1.94528 1.94083 1.90513 1.83364 1.79681 1.72741 1.67821 1.62035 1.57212 1.52574 1.51308 1.4525 1.39092 1.36461 1.33805 1.28093 1.25097 1.22291 1.1716 1.15229 1.13457 1.10138 1.08347 1.05753 1.035 1.01678 1 0.986157 0.972826 0.963338 0.954418 0.947111 0.941867 0.936714 0.944982 0.943807 0.944584 0.963191 0.969629 0.972669 0.971241 0.993837 1.00619 1.00997 1.02569 1.0517 1.06255 1.05922 1.08556 1.09679 1.0999 1.20378 1.20151 1.21138 1.23173 1.23674 1.25041 1.29058 1.37474 1.34736 1.37282 1.38684 1.43344 1.4779 1.4656 1.56609 1.51541 1.59489 1.58189 1.61707 1.64379 1.6899 1.65612 1.77399 1.77019 1.82693 1.82054 
3.2764 3.28033 3.26439 3.13256 3.14418 3.05783 3.00122 2.9447 2.86397 2.83385 2.79693 2.7319 2.6321 2.60638 2.43781 2.51917 2.40411 2.32359 2.32759 2.26196 2.1816 2.19301 2.05833 1.98819 1.98043 1.90338 1.85817 1.82539 1.80252 1.73226 1.66803 1.62241 1.57688 1.49434 1.49275 1.45461 1.38453 1.35896 1.31463 1.28354 1.24752 1.22795 1.18035 1.15748 1.12818 1.09822 1.07591 1.05512 1.03396 1.01701 1 0.986091 0.972943 0.964291 0.958281 0.947816 0.940822 0.939073 0.946296 0.950966 0.945098 0.959299 0.958605 0.967386 0.963085 0.999789 0.995907 0.982424 1.03921 1.04257 1.03692 1.0649 1.08376 1.12408 1.11531 1.16544 1.1785 1.21473 1.22606 1.23131 1.2616 1.31182 1.35397 1.36906 1.36806 1.38043 1.42143 1.46496 1.46219 1.47234 1.50459 1.57036 1.58135 1.64329 1.65403 1.68433 1.68773 1.73935 1.80691 1.81719 1.88343 
3.39151 3.33426 3.29981 3.1683 3.09896 3.03607 3.03712 3.01151 2.79354 2.78107 2.79816 2.64367 2.66732 2.59801 2.5926 2.48858 2.48957 2.38373 2.26187 2.30376 2.25675 2.12452 2.06789 2.04844 1.99675 1.92664 1.87197 1.81418 1.79617 1.69358 1.66471 1.66283 1.59919 1.5332 1.49902 1.45343 1.40407 1.35875 1.32165 1.29273 1.24617 1.21381 1.18096 1.15283 1.13663 1.10152 1.08117 1.05379 1.03459 1.01604 1 0.986286 0.974534 0.966526 0.948558 0.947881 0.948264 0.944656 0.941926 0.947234 0.944015 0.9332 0.955798 0.962275 0.986373 0.986569 0.995416 1.01938 1.02472 1.0405 1.03973 1.07646 1.09539 1.11681 1.12439 1.14043 1.18917 1.19977 1.23744 1.2167 1.29716 1.25609 1.35056 1.34507 1.35991 1.40545 1.39425 1.44075 1.46771 1.49541 1.54568 1.583 1.59973 1.58806 1.70321 1.65624 1.74536 1.75448 1.77645 1.78206 1.86443 
3.38811 3.27779 3.17627 3.21878 3.08386 3.09885 3.04824 2.93508 2.9795 2.81915 2.74213 2.76237 2.64951 2.61046 2.56952 2.43481 2.44185 2.3258 2.36177 2.22083 2.2231 2.16088 2.13729 2.00362 2.05305 1.95456 1.87288 1.82388 1.78653 1.72943 1.61628 1.62263 1.55612 1.51974 1.49721 1.43265 1.4253 1.35989 1.3616 1.3098 1.2585 1.21859 1.18579 1.16122 1.12856 1.10871 1.07174 1.0552 1.03449 1.01545 1 0.985244 0.973431 0.964993 0.957614 0.948175 0.937519 0.945212 0.9283 0.93502 0.935378 0.952331 0.939822 0.9696 0.968213 0.988023 0.981124 1.02527 1.01911 1.05784 1.06221 1.06637 1.08703 1.12517 1.11235 1.15143 1.1787 1.20143 1.22312 1.25265 1.2554 1.3093 1.26096 1.3215 1.39364 1.40129 1.44149 1.44427 1.44288 1.52376 1.5311 1.56153 1.57647 1.64413 1.65131 1.695 1.69734 1.76271 1.76778 1.78677 1.83546 
3.43917 3.36802 3.22864 3.18967 3.11347 3.03794 3.07632 2.89743 2.98823 2.85504 2.89907 2.73707 2.68047 2.63468 2.56423 2.46112 2.41737 2.44138 2.28491 2.22569 2.20132 2.13463 2.04553 2.01239 1.94504 1.9091 1.86282 1.86109 1.76569 1.75538 1.67842 1.61056 1.57057 1.53425 1.50629 1.43396 1.40378 1.36174 1.33675 1.28206 1.26764 1.2178 1.18155 1.16031 1.13202 1.10734 1.08088 1.05701 1.03476 1.01711 1 0.985071 0.969866 0.962172 0.95405 0.955884 0.94257 0.935554 0.930649 0.944398 0.947248 0.94691 0.953957 0.953156 0.973905 0.985392 0.998046 1.02121 1.00957 1.03395 1.06879 1.05607 1.059 1.11597 1.11473 1.15987 1.15248 1.18312 1.20273 1.21893 1.23044 1.29716 1.34744 1.3397 1.39263 1.37984 1.45584 1.45032 1.48103 1.50172 1.48011 1.53567 1.55647 1.60428 1.64717 1.69311 1.71474 1.7617 1.7464 1.76519 1.85304 
3.43203 3.38984 3.29048 3.27011 3.12253 3.19912 3.03578 3.02406 2.95074 2.82342 2.76108 2.69303 2.622 2.58449 2.55266 2.5027 2.4825 2.33849 2.33798 2.22594 2.211 2.17135 2.09866 2.06736 1.95545 1.9136 1.88804 1.81009 1.82695 1.72227 1.6736 1.61486 1.56433 1.53757 1.47619 1.45743 1.41586 1.36688 1.32628 1.2867 1.26076 1.22107 1.19464 1.16796 1.1233 1.10162 1.08309 1.05651 1.03964 1.01771 1 0.984168 0.97337 0.958233 0.956725 0.945388 0.938239 0.946383 0.936249 0.939135 0.935314 0.938442 0.963899 0.972164 0.954905 0.992257 1.00239 1.01553 1.03582 1.0197 1.0529 1.05791 1.08361 1.1138 1.11912 1.12292 1.16835 1.21742 1.18567 1.24883 1.26961 1.2486 1.28785 1.36589 1.37109 1.36743 1.40889 1.45063 1.4674 1.51052 1.5066 1.5691 1.56833 1.63757 1.62082 1.68306 1.70597 1.72734 1.79471 1.79358 1.82814 
3.41096 3.41128 3.30958 3.18898 3.13714 3.13009 3.00925 2.94653 2.92372 2.85863 2.73285 2.68011 2.64946 2.53122 2.54867 2.51963 2.49697 2.37029 2.3626 2.3166 2.19367 2.10652 2.11536 2.04602 2.00662 1.94647 1.8882 1.85186 1.78296 1.73052 1.64906 1.65082 1.60368 1.53917 1.50521 1.45301 1.39374 1.37843 1.32887 1.30439 1.24643 1.2319 1.17971 1.16508 1.1318 1.10433 1.08042 1.06062 1.03611 1.01754 1 0.984399 0.971266 0.958919 0.952845 0.938392 0.945723 0.937235 0.937442 0.942157 0.941891 0.950451 0.954202 0.960164 0.965252 0.992668 0.964874 0.99779 0.994953 1.03473 1.05117 1.05589 1.09 1.09433 1.11403 1.16133 1.14751 1.20229 1.22759 1.23191 1.26096 1.27518 1.31797 1.35028 1.32252 1.3961 1.40041 1.44715 1.45758 1.51558 1.52154 1.57455 1.53655 1.60503 1.61862 1.68259 1.67871 1.70313 1.7107 1.81256 1.8714 
3.34802 3.3936 3.37263 3.27351 3.15648 3.09517 2.94311 3.00049 2.91841 2.96059 2.81186 2.73255 2.72233 2.66486 2.57837 2.47464 2.50041 2.35722 2.32591 2.24733 2.2176 2.20343 2.11443 2.03136 2.03323 1.94193 1.88379 1.82847 1.76505 1.75192 1.69406 1.62237 1.59092 1.56015 1.499 1.47829 1.40124 1.37283 1.32823 1.30031 1.26077 1.21793 1.18827 1.16542 1.12398 1.10637 1.08202 1.05937 1.0352 1.0172 1 0.984978 0.974426 0.961867 0.950519 0.942809 0.940372 0.934551 0.938685 0.929371 0.946565 0.94665 0.945247 0.961716 0.958244 0.96837 0.993622 0.99849 1.0112 1.01765 1.03995 1.0821 1.09743 1.11668 1.11835 1.12553 1.18089 1.20286 1.19055 1.21125 1.26299 1.31088 1.31417 1.32289 1.33604 1.41111 1.40917 1.48235 1.49175 1.51265 1.53713 1.57266 1.61728 1.61634 1.64563 1.68016 1.73607 1.77329 1.76028 1.76444 1.83544 
3.46613 3.28618 3.33281 3.22092 3.14169 3.15215 3.0163 2.90872 3.03934 2.8469 2.81074 2.72945 2.63792 2.66676 2.52201 2.48387 2.43715 2.4393 2.31257 2.22241 2.19948 2.12359 2.09561 2.0159 2.03836 1.9524 1.89714 1.81239 1.7918 1.70209 1.69769 1.62719 1.58565 1.53862 1.53194 1.45421 1.42685 1.37184 1.33895 1.30355 1.27059 1.21575 1.19721 1.15294 1.13125 1.09808 1.07524 1.05837 1.03586 1.01866 1 0.986721 0.972016 0.961638 0.955006 0.947777 0.938248 0.940708 0.940315 0.940001 0.930546 0.952639 0.944835 0.968762 0.974976 0.978562 0.994791 1.01492 1.02389 1.02325 1.04778 1.05447 1.1059 1.09402 1.12396 1.16381 1.17779 1.21465 1.17898 1.23592 1.24732 1.27715 1.30296 1.33102 1.35776 1.38653 1.42713 1.44288 1.45969 1.47231 1.56509 1.55159 1.53919 1.56679 1.62007 1.67646 1.69387 1.71691 1.75829 1.76884 1.78536 
3.32716 3.38014 3.23158 3.15383 3.15402 3.06086 3.08767 2.97539 2.99254 2.85117 2.83366 2.76714 2.65548 2.63752 2.54085 2.56317 2.41164 2.39298 2.37262 2.24336 2.21395 2.13767 2.07292 2.07007 1.96327 1.91925 1.89149 1.85684 1.81272 1.73224 1.69224 1.61955 1.59815 1.56678 1.49061 1.45943 1.41675 1.34922 1.33255 1.29213 1.24561 1.22318 1.18689 1.1668 1.12696 1.10505 1.08565 1.05615 1.03497 1.01694 1 0.984672 0.973493 0.967217 0.956614 0.95206 0.935825 0.935077 0.93644 0.940344 0.935676 0.947598 0.956229 0.961051 0.956401 0.967744 0.970102 1.01087 1.00615 1.02841 1.03022 1.07159 1.08442 1.08509 1.12841 1.12605 1.15403 1.184 1.21172 1.23718 1.25594 1.282 1.29041 1.33916 1.36374 1.4038 1.36284 1.45508 1.46451 1.4511 1.47624 1.55286 1.57853 1.64406 1.6782 1.66731 1.69721 1.71821 1.76731 1.8043 1.80608 
3.48192 3.41522 3.27505 3.11104 3.1654 3.11556 2.98417 2.9494 2.89306 2.80209 2.79653 2.8435 2.64098 2.59038 2.48614 2.46192 2.49076 2.39862 2.32677 2.27366 2.202 2.15459 2.13115 2.05755 1.99336 1.94033 1.87476 1.82376 1.8293 1.76103 1.68595 1.62011 1.55185 1.52583 1.50818 1.4645 1.42816 1.3789 1.33378 1.27859 1.27248 1.21579 1.18715 1.16332 1.12907 1.10525 1.08033 1.05496 1.03397 1.01722 1 0.984407 0.970834 0.962787 0.952327 0.950919 0.933913 0.946345 0.950899 0.935383 0.945947 0.952684 0.949682 0.944576 0.972767 0.98465 0.994029 0.996872 1.01653 1.01763 1.03329 1.05872 1.07754 1.11793 1.13372 1.14642 1.13569 1.18159 1.22021 1.1998 1.24127 1.29058 1.31843 1.35727 1.38159 1.36605 1.42085 1.40538 1.4842 1.53173 1.54591 1.49606 1.58118 1.62348 1.59046 1.64284 1.6677 1.68112 1.79083 1.78074 1.81664 
3.36303 3.40435 3.25086 3.22713 3.29537 3.12114 2.97457 3.02617 2.92731 2.79177 2.77038 2.74673 2.72643 2.65571 2.58199 2.57369 2.50579 2.41483 2.39697 2.24577 2.24588 2.14581 2.15732 2.07647 2.00408 1.96706 1.86219 1.82252 1.78212 1.72004 1.67593 1.65105 1.59587 1.52902 1.50859 1.48255 1.42008 1.37692 1.34835 1.30725 1.25601 1.22053 1.19712 1.16877 1.1242 1.10378 1.08341 1.05738 1.03552 1.01726 1 0.986132 0.971481 0.963231 0.952411 0.946286 0.937114 0.942793 0.937931 0.925691 0.938647 0.964084 0.949069 0.958673 0.963741 0.982246 0.988375 0.997981 1.01214 1.02675 1.06083 1.04311 1.07422 1.09981 1.104 1.12345 1.15449 1.12545 1.20229 1.2205 1.26272 1.27317 1.27783 1.32218 1.39378 1.32917 1.41444 1.48273 1.47997 1.49697 1.50488 1.54669 1.58615 1.574 1.66077 1.66931 1.67547 1.76316 1.72599 1.77534 1.80651 
