4.44179 4.39651 4.26956 4.2909 4.11961 4.10236 3.97156 3.95442 3.73381 3.67605 3.64528 3.48667 3.43591 3.3232 3.33346 3.14491 3.16414 3.00459 2.9575 2.82657 2.81871 2.64311 2.65341 2.546 2.4387 2.38281 2.35171 2.19826 2.16115 2.08909 2.05739 1.9568 1.84693 1.79552 1.71726 1.66078 1.57375 1.50892 1.48355 1.4356 1.37129 1.32515 1.27418 1.22929 1.19128 1.15301 1.10563 1.07651 1.04641 1.02334 1 0.97967 0.96298 0.953068 0.940808 0.935502 0.921744 0.93557 0.951172 0.949238 0.966822 0.946145 0.977286 0.99992 1.03617 1.03464 1.07567 1.10362 1.15318 1.15716 1.19385 1.1982 1.24965 1.27543 1.33543 1.32096 1.40442 1.38465 1.45654 1.52173 1.57175 1.59672 1.63353 1.64035 1.69836 1.78302 1.71076 1.87105 1.89948 1.91124 1.95403 2.03149 2.09026 2.1573 2.16002 2.17582 2.25506 2.36468 2.36084 2.36983 2.39326 
4.56706 4.38212 4.28002 4.27812 4.15012 4.03919 3.99911 3.86738 3.7414 3.75622 3.59708 3.58512 3.43399 3.34953 3.28187 3.20975 3.13822 2.98754 2.93015 2.86049 2.72106 2.6771 2.66675 2.47887 2.46915 2.38952 2.29567 2.24618 2.13187 2.07503 2.05944 1.95332 1.85771 1.79466 1.72586 1.67154 1.57957 1.53144 1.47696 1.42641 1.37993 1.31593 1.27545 1.23624 1.18485 1.14812 1.11111 1.06796 1.04905 1.02229 1 0.980211 0.963811 0.953896 0.944382 0.943848 0.936468 0.943808 0.950702 0.943381 0.968058 0.980181 0.996002 1.00957 1.01726 1.05842 1.08676 1.08428 1.13381 1.13657 1.18061 1.21079 1.26256 1.26054 1.3452 1.32749 1.43156 1.3922 1.46328 1.50496 1.50158 1.5588 1.60444 1.69838 1.70934 1.78897 1.83584 1.8079 1.85128 1.96608 1.93289 2.03361 2.04654 2.08429 2.09937 2.24618 2.26775 2.30636 2.30454 2.3711 2.50919 
4.49911 4.43609 4.26262 4.23764 4.12866 4.03495 3.91361 3.82923 3.78285 3.73223 3.62602 3.48109 3.36837 3.41538 3.32553 3.1795 3.09021 2.93751 2.99921 2.79128 2.78519 2.6914 2.57319 2.52028 2.49796 2.3371 2.29767 2.21604 2.13261 2.12038 1.98872 1.90435 1.87613 1.81697 1.72805 1.64592 1.58661 1.52502 1.4997 1.41464 1.36871 1.30612 1.25805 1.23166 1.18558 1.14268 1.1151 1.07511 1.04626 1.02314 1 0.981404 0.963581 0.956427 0.941072 0.940576 0.927057 0.950577 0.954129 0.955357 0.966862 0.960128 0.974504 1.00239 1.01561 1.0398 1.05359 1.10193 1.12399 1.1513 1.15704 1.23635 1.28138 1.2855 1.31357 1.34433 1.42132 1.45666 1.49282 1.52039 1.56189 1.54899 1.67841 1.7009 1.74573 1.76944 1.77977 1.85157 1.90541 1.92807 1.91781 1.99709 2.06764 2.09505 2.13761 2.24178 2.23758 2.26672 2.35238 2.40963 2.40879 
4.5265 4.40109 4.37145 4.1413 4.0552 4.05613 3.98413 3.88614 3.71732 3.66308 3.63432 3.48243 3.43283 3.32706 3.26588 3.15476 3.10149 3.00755 2.91469 2.85296 2.82104 2.68069 2.61229 2.52285 2.45149 2.38388 2.32158 2.21082 2.12095 2.08967 1.99132 1.93091 1.85852 1.79351 1.70102 1.67435 1.61416 1.52028 1.48235 1.41175 1.37712 1.30253 1.26331 1.23566 1.1813 1.14303 1.11197 1.07413 1.04589 1.02231 1 0.980612 0.965573 0.955383 0.943059 0.932798 0.933047 0.938762 0.943085 0.948575 0.961015 0.986936 1.00777 0.995434 1.0237 1.02589 1.05183 1.08333 1.10701 1.15567 1.1715 1.22484 1.25763 1.29686 1.34134 1.32476 1.42726 1.38902 1.51516 1.52912 1.56773 1.61804 1.6499 1.63985 1.72525 1.70916 1.77667 1.86525 1.8617 1.94487 1.95525 2.02131 2.05011 2.20723 2.16587 2.28605 2.31261 2.24972 2.34353 2.37194 2.54388 
4.46779 4.38135 4.29026 4.18538 4.19369 4.00075 3.90727 3.89215 3.83721 3.77168 3.55629 3.50854 3.43417 3.28289 3.28717 3.25068 3.08335 2.99208 2.92337 2.86525 2.81344 2.71238 2.62524 2.51403 2.40161 2.34105 2.28208 2.20025 2.11702 2.08528 1.9876 1.91296 1.84351 1.77531 1.70911 1.63865 1.58451 1.54724 1.46591 1.41537 1.36206 1.32025 1.26878 1.22707 1.18148 1.14942 1.10986 1.08318 1.05008 1.02212 1 0.979697 0.963893 0.958076 0.938166 0.944967 0.933387 0.939849 0.940764 0.947656 0.966041 0.980566 0.995395 0.999429 1.03947 1.04332 1.07357 1.08872 1.12786 1.13156 1.17411 1.20953 1.23932 1.31034 1.33072 1.35417 1.39189 1.42497 1.46576 1.56054 1.54546 1.62927 1.67506 1.67659 1.7327 1.76543 1.79484 1.86426 1.86798 1.94122 1.992 1.99587 2.09298 2.11753 2.09449 2.19186 2.28971 2.26646 2.34541 2.37797 2.41338 
4.43395 4.44897 4.29495 4.22882 4.13319 4.0209 3.98641 3.80751 3.82325 3.66321 3.57098 3.49368 3.38312 3.38315 3.30597 3.21717 3.11371 3.12482 2.87569 2.88848 2.75273 2.72915 2.61293 2.51543 2.42822 2.38698 2.3146 2.21032 2.09064 2.03999 2.00365 1.92503 1.87606 1.81649 1.71978 1.65465 1.61593 1.52578 1.48478 1.42153 1.366 1.31437 1.2789 1.22673 1.18611 1.14781 1.11037 1.07954 1.04342 1.02182 1 0.981286 0.967997 0.961547 0.940241 0.933526 0.945597 0.950601 0.940785 0.951131 0.972667 0.963044 0.977807 1.00079 1.04478 1.03619 1.07497 1.0933 1.11907 1.13677 1.17906 1.20757 1.24763 1.27859 1.32503 1.38206 1.37353 1.4395 1.48593 1.52092 1.55413 1.58809 1.63238 1.65294 1.72578 1.72601 1.82889 1.83961 1.97225 1.91463 1.98138 2.05186 1.9958 2.11881 2.14391 2.19281 2.33734 2.2759 2.34114 2.36823 2.43609 
4.47921 4.37794 4.347 4.16376 4.10326 3.99807 3.97235 3.90758 3.83429 3.64008 3.63015 3.46502 3.41004 3.34152 3.24993 3.08503 3.11424 3.11517 2.90147 2.80894 2.7728 2.74943 2.60165 2.51077 2.41881 2.33949 2.30346 2.18218 2.14339 2.0796 1.98315 1.89675 1.84068 1.81893 1.74524 1.65934 1.58207 1.52156 1.45742 1.41759 1.36159 1.30293 1.27096 1.21824 1.18891 1.14467 1.10536 1.07656 1.04623 1.02256 1 0.981035 0.965258 0.951125 0.940333 0.939775 0.947317 0.933027 0.942549 0.948339 0.944772 0.971729 1.0019 1.01439 1.02711 1.05076 1.05228 1.11172 1.15657 1.17359 1.20413 1.20537 1.25013 1.25276 1.32188 1.34959 1.38696 1.43998 1.47088 1.48775 1.53962 1.5725 1.65181 1.69877 1.69909 1.78098 1.75715 1.82323 1.88409 1.95437 1.96678 2.03412 2.15066 2.17731 2.1422 2.28838 2.26791 2.26824 2.36032 2.4403 2.42959 
4.49245 4.377 4.25491 4.26465 4.09192 4.04936 3.94737 3.87329 3.71859 3.68189 3.60152 3.59174 3.48176 3.33359 3.29394 3.15377 3.12615 3.02287 2.94536 2.85976 2.76652 2.68016 2.64604 2.52314 2.46413 2.3527 2.29164 2.17097 2.14202 2.09698 2.02069 1.91769 1.84042 1.80774 1.68148 1.66879 1.61833 1.51234 1.47288 1.38809 1.3586 1.30192 1.2649 1.21709 1.17151 1.13602 1.11035 1.07412 1.04705 1.02213 1 0.983406 0.968526 0.959207 0.93901 0.94186 0.936712 0.954528 0.941307 0.966943 0.968663 0.991667 0.993264 1.00261 1.02028 1.0163 1.06699 1.09908 1.11811 1.17622 1.19903 1.22966 1.25236 1.29633 1.3157 1.36303 1.41606 1.4101 1.48668 1.52543 1.52939 1.54357 1.63736 1.67993 1.68334 1.76868 1.77339 1.82753 1.93439 1.94096 2.00659 2.0132 2.05558 2.07742 2.16263 2.30124 2.26219 2.32398 2.47088 2.36472 2.53331 
4.39061 4.44338 4.32561 4.15497 4.07408 4.01331 3.93621 3.88881 3.76158 3.70117 3.60606 3.54862 3.47369 3.41033 3.27597 3.2528 3.09264 3.00325 2.8461 2.85631 2.76657 2.65539 2.5985 2.51744 2.43954 2.35964 2.26875 2.22768 2.11143 2.08876 1.95745 1.89704 1.88595 1.80359 1.71476 1.65508 1.57443 1.50828 1.46189 1.40664 1.37522 1.31798 1.26432 1.2197 1.17734 1.14103 1.10796 1.07623 1.04372 1.02201 1 0.982001 0.968503 0.951485 0.949899 0.940708 0.932102 0.938776 0.947258 0.953212 0.957383 0.969315 0.985421 1.0161 1.02116 1.06273 1.05093 1.10521 1.14922 1.13312 1.1831 1.22352 1.23782 1.28249 1.34121 1.31317 1.43825 1.45776 1.49743 1.48802 1.54593 1.54913 1.67096 1.65695 1.70803 1.81122 1.81601 1.85186 1.90855 1.92315 1.95195 1.97077 2.08257 2.11994 2.18542 2.28107 2.23232 2.23935 2.35399 2.36199 2.45749 
4.39398 4.29674 4.27123 4.23805 4.04716 4.10667 3.93142 3.82379 3.78274 3.55432 3.64746 3.46949 3.34988 3.29131 3.17386 3.1117 3.10661 2.95943 2.91094 2.82818 2.72818 2.62484 2.57213 2.53604 2.43178 2.3513 2.29827 2.19519 2.14571 2.06728 2.01895 1.89419 1.85977 1.77079 1.70774 1.66701 1.58927 1.51832 1.4906 1.41037 1.37898 1.32459 1.25568 1.2132 1.16742 1.13052 1.10195 1.0738 1.04444 1.02092 1 0.981562 0.966187 0.955895 0.94006 0.942195 0.950148 0.933636 0.95241 0.959986 0.969847 0.967231 0.989194 1.01644 1.01125 1.03752 1.07588 1.10542 1.16535 1.15675 1.17221 1.21373 1.2709 1.22936 1.31096 1.34633 1.42582 1.44677 1.51374 1.55331 1.57316 1.65312 1.67199 1.71431 1.75186 1.76147 1.82163 1.8429 1.92477 1.96165 2.06893 2.10178 2.0178 2.1143 2.13807 2.22668 2.25327 2.24199 2.39633 2.38025 2.4551 
4.42238 4.42086 4.27237 4.15786 4.08691 4.06328 3.94916 3.86774 3.73711 3.6459 3.65166 3.52446 3.44216 3.3581 3.28934 3.18225 3.06357 3.02923 2.88974 2.84182 2.74764 2.68241 2.60811 2.49388 2.49918 2.39595 2.30012 2.24563 2.12698 2.04778 1.96611 1.91941 1.90146 1.77732 1.72275 1.65228 1.57279 1.5365 1.47957 1.40886 1.36289 1.31686 1.26682 1.23091 1.18543 1.13928 1.10058 1.07502 1.04672 1.01987 1 0.983498 0.96564 0.95215 0.939874 0.936105 0.935419 0.939766 0.96028 0.961101 0.944131 0.98782 0.989026 1.03279 1.04314 1.06138 1.08033 1.10879 1.13382 1.16428 1.16923 1.21949 1.25743 1.29293 1.3638 1.39407 1.43142 1.40639 1.47593 1.49594 1.54047 1.60216 1.63269 1.70619 1.77335 1.7724 1.85325 1.84874 1.91283 1.93003 2.01266 2.05601 2.07415 2.21529 2.30957 2.27746 2.20925 2.29304 2.35695 2.38088 2.5311 
4.41042 4.32661 4.19802 4.17128 4.09214 4.10694 3.89392 3.92953 3.80034 3.67023 3.61205 3.50667 3.31977 3.29203 3.267 3.14296 3.0958 2.98523 2.93308 2.83152 2.7674 2.65618 2.56702 2.53125 2.42804 2.34262 2.23019 2.14368 2.17822 2.07173 1.97454 1.89077 1.87255 1.81507 1.71921 1.62733 1.58547 1.53877 1.46646 1.40953 1.35013 1.3093 1.25653 1.22557 1.17861 1.14199 1.10468 1.07381 1.04695 1.0202 1 0.982969 0.968664 0.961509 0.946733 0.940139 0.94709 0.955872 0.937817 0.948746 0.974904 0.998929 0.992564 1.00704 1.03645 1.07247 1.09226 1.11893 1.16184 1.1158 1.19121 1.21997 1.29568 1.30509 1.32893 1.37406 1.40451 1.43619 1.48558 1.54119 1.55489 1.63301 1.68279 1.7407 1.77465 1.79489 1.82063 1.88835 1.9045 1.9061 2.05164 2.07807 2.15262 2.10356 2.1734 2.18532 2.23528 2.32274 2.32884 2.40047 2.49536 
4.49534 4.4427 4.16688 4.18652 4.03121 4.04942 3.95442 3.80732 3.7936 3.63348 3.55769 3.48727 3.40244 3.3565 3.31349 3.2011 3.06991 2.96539 3.00359 2.8472 2.7543 2.64367 2.57854 2.50257 2.46415 2.37613 2.26583 2.19362 2.14178 2.03855 1.96827 1.88028 1.84864 1.76846 1.71414 1.62568 1.57636 1.4958 1.4639 1.4253 1.36727 1.29458 1.26214 1.2165 1.17646 1.13819 1.10109 1.07809 1.04795 1.01952 1 0.980717 0.969725 0.956738 0.945861 0.946033 0.94341 0.947672 0.958723 0.960979 0.97708 0.985899 0.997284 1.0012 1.02263 1.0531 1.08239 1.08714 1.14721 1.17088 1.18078 1.23078 1.23843 1.30471 1.3049 1.36476 1.39253 1.47664 1.47631 1.54222 1.57612 1.59906 1.69562 1.6917 1.75128 1.73188 1.79808 1.86559 1.91526 1.98146 2.02626 2.01733 2.04795 2.06745 2.25966 2.21518 2.24657 2.35703 2.32961 2.48716 2.49499 
4.41705 4.40236 4.21838 4.1827 4.07612 4.03023 3.9143 3.84973 3.64493 3.63085 3.62099 3.52583 3.38216 3.22899 3.18344 3.09838 3.15577 3.03124 2.92626 2.80043 2.77138 2.65524 2.55923 2.41574 2.43816 2.30413 2.27424 2.20996 2.1057 2.03087 2.01229 1.92979 1.83082 1.73889 1.71006 1.64235 1.58018 1.52442 1.47228 1.41177 1.34008 1.31161 1.26734 1.21207 1.18667 1.13602 1.10826 1.07176 1.04731 1.02162 1 0.981226 0.966381 0.955987 0.949858 0.939457 0.953517 0.944769 0.952715 0.970193 0.97606 0.974352 1.01536 1.0323 1.03316 1.05683 1.1008 1.09285 1.12309 1.16272 1.19397 1.19176 1.24006 1.31063 1.29887 1.36493 1.41831 1.43047 1.47004 1.52579 1.57544 1.58229 1.66361 1.74668 1.76102 1.77066 1.81466 1.85103 1.90487 1.98622 1.97555 2.05618 2.06669 2.1091 2.22285 2.27681 2.29436 2.3011 2.29294 2.52529 2.49608 
4.4815 4.40283 4.32705 4.10116 4.08148 3.98786 3.9884 3.83332 3.58986 3.69298 3.53438 3.38212 3.32576 3.33116 3.19926 3.13791 3.08349 2.97987 2.88735 2.78217 2.81562 2.65311 2.56588 2.48611 2.38613 2.33787 2.24414 2.20104 2.15011 2.03197 1.96094 1.90123 1.86628 1.75751 1.73652 1.64315 1.58815 1.52652 1.4762 1.39945 1.36348 1.30839 1.26448 1.23803 1.18067 1.13713 1.10775 1.0703 1.04735 1.02144 1 0.982417 0.970879 0.960334 0.954501 0.944561 0.940767 0.945337 0.959174 0.959781 0.972212 0.966602 1.00711 1.02389 1.03255 1.064 1.09358 1.11552 1.14106 1.16101 1.18211 1.24638 1.27425 1.2946 1.34044 1.39854 1.44205 1.44715 1.48001 1.49644 1.55598 1.61843 1.63615 1.72353 1.72246 1.80483 1.87183 1.8551 1.95299 1.98426 2.07099 2.09096 2.1455 2.16233 2.16458 2.23159 2.30117 2.32826 2.34138 2.36042 2.49297 
4.43118 4.35545 4.24999 4.25232 4.08958 3.94609 3.87601 3.81973 3.82826 3.61561 3.53482 3.46894 3.43466 3.31162 3.24841 3.11849 2.9741 3.00074 2.91587 2.84894 2.74993 2.65263 2.59466 2.57524 2.43613 2.31665 2.2853 2.19027 2.06882 2.03585 2.00708 1.91469 1.86621 1.78265 1.6971 1.64684 1.57751 1.53083 1.4678 1.44027 1.35401 1.28624 1.25922 1.21072 1.17981 1.14378 1.10587 1.07039 1.04587 1.02206 1 0.982859 0.968133 0.954678 0.953115 0.945895 0.937612 0.940718 0.939673 0.960598 0.968437 0.974481 0.999882 1.03212 1.02913 1.06641 1.09047 1.10512 1.11551 1.16541 1.1998 1.23565 1.27827 1.28776 1.38138 1.39741 1.33442 1.45278 1.53617 1.58347 1.56084 1.5831 1.65228 1.68702 1.71934 1.80447 1.81854 1.94814 1.88027 2.02819 2.10058 2.08021 2.1498 2.08058 2.17688 2.25547 2.29197 2.36421 2.43289 2.37631 2.50912 
4.40216 4.31703 4.23553 4.16339 4.0363 3.9878 3.87944 3.76367 3.73175 3.62248 3.63147 3.45912 3.33842 3.2633 3.20666 3.06201 3.03072 2.99536 2.88829 2.84452 2.74483 2.62937 2.6037 2.44688 2.38183 2.36862 2.23343 2.22373 2.12969 2.03984 1.96551 1.90542 1.83768 1.77586 1.68622 1.63533 1.55558 1.5197 1.46242 1.41079 1.37683 1.29697 1.26139 1.21068 1.16357 1.13699 1.10158 1.07753 1.04224 1.01996 1 0.983503 0.966118 0.953318 0.951698 0.948629 0.9391 0.963394 0.951463 0.965869 0.962239 0.985197 1.00212 1.0326 1.03063 1.05495 1.07271 1.11052 1.16269 1.14135 1.22118 1.24009 1.2511 1.29288 1.35219 1.3633 1.40199 1.43963 1.50079 1.53517 1.56304 1.62607 1.61024 1.72872 1.74779 1.81561 1.87492 1.87424 1.95164 1.98454 1.95408 2.06774 2.08609 2.15023 2.18007 2.30695 2.31216 2.41382 2.40181 2.5003 2.45578 
4.45495 4.36054 4.17119 4.17312 4.10895 4.00668 3.85156 3.79924 3.61734 3.62715 3.55817 3.45335 3.32475 3.26064 3.24841 3.10488 3.05164 3.04008 2.88348 2.84246 2.64511 2.63575 2.58011 2.48171 2.41397 2.34201 2.27269 2.15449 2.14424 2.06976 1.94944 1.85119 1.82817 1.77945 1.66337 1.65106 1.60913 1.51833 1.46263 1.40594 1.34867 1.30797 1.26132 1.22352 1.17721 1.14375 1.1037 1.07543 1.04618 1.0198 1 0.981207 0.969076 0.962851 0.950823 0.944536 0.951714 0.945833 0.960127 0.951857 0.961471 0.986428 1.00464 1.02194 1.03513 1.08238 1.10196 1.14461 1.13936 1.16906 1.23304 1.24159 1.27421 1.31345 1.32403 1.38311 1.42424 1.48135 1.51285 1.53718 1.54463 1.61294 1.65245 1.68706 1.72272 1.76384 1.87307 1.8641 1.92933 1.99056 2.02593 2.12921 2.02701 2.13643 2.19441 2.25652 2.2836 2.34565 2.29386 2.4342 2.5236 
4.31973 4.22394 4.23066 4.18096 4.0621 3.96378 3.81103 3.80623 3.73754 3.62089 3.51608 3.46241 3.36056 3.23624 3.20239 3.10885 3.05418 2.96718 2.87675 2.77872 2.72073 2.66221 2.60649 2.47379 2.40709 2.33961 2.30429 2.18408 2.1111 2.03192 1.97641 1.8995 1.81249 1.78487 1.69505 1.63383 1.59202 1.5075 1.45955 1.39191 1.34883 1.31191 1.26028 1.21998 1.17715 1.1381 1.09886 1.07191 1.04119 1.02109 1 0.983551 0.966957 0.959028 0.949175 0.945625 0.93067 0.950924 0.949138 0.962272 0.974177 0.97659 1.01882 1.06067 1.06667 1.08441 1.10964 1.14638 1.14286 1.17566 1.20823 1.21669 1.30047 1.33012 1.35584 1.38726 1.45204 1.44721 1.48957 1.55388 1.55108 1.65303 1.68934 1.73563 1.75279 1.77849 1.84046 1.95216 2.0061 1.961 2.02628 2.07711 2.1466 2.16444 2.15985 2.32015 2.28628 2.35922 2.42794 2.38396 2.62896 
4.28057 4.27422 4.13029 4.07042 4.12908 3.91994 3.8625 3.83166 3.71999 3.61229 3.50581 3.46657 3.37351 3.31311 3.1883 3.08337 3.0283 3.0062 2.92613 2.79009 2.73887 2.58531 2.56146 2.49286 2.39267 2.34165 2.25793 2.19414 2.07428 2.05421 1.94945 1.8791 1.79591 1.75635 1.68156 1.61442 1.57428 1.52516 1.46635 1.39984 1.33939 1.30716 1.26865 1.20289 1.17294 1.13367 1.10095 1.07501 1.0451 1.02069 1 0.981069 0.971366 0.962264 0.95411 0.949915 0.940234 0.951098 0.949131 0.959673 0.977512 0.98972 0.999177 1.02823 1.03302 1.04931 1.06169 1.11616 1.14905 1.20711 1.20076 1.22792 1.26404 1.33248 1.34853 1.3932 1.40988 1.47237 1.54572 1.52186 1.56065 1.60705 1.6833 1.69638 1.75693 1.79913 1.89482 1.92229 1.94754 2.01155 2.02295 2.05451 2.11728 2.17474 2.17637 2.25337 2.32026 2.32354 2.40228 2.48476 2.42395 
4.33869 4.39598 4.28084 4.11601 4.02158 3.98492 3.88353 3.66321 3.70962 3.65063 3.53293 3.43328 3.36587 3.18782 3.17955 3.10779 3.03183 2.96749 2.81031 2.81495 2.71087 2.63424 2.57431 2.50498 2.3846 2.27455 2.22137 2.14873 2.10612 2.00072 1.94379 1.87666 1.7928 1.77017 1.68068 1.63162 1.57972 1.49959 1.44683 1.39793 1.34602 1.29435 1.25911 1.20766 1.1769 1.1403 1.10341 1.07052 1.04502 1.02056 1 0.983163 0.971815 0.960058 0.947947 0.94124 0.955312 0.937874 0.956568 0.959084 0.978277 0.985781 1.0108 1.04627 1.04 1.05945 1.07477 1.15162 1.15688 1.168 1.22953 1.2845 1.31097 1.29416 1.34162 1.38289 1.47546 1.4996 1.49702 1.57404 1.57331 1.61258 1.67335 1.74684 1.81841 1.83061 1.82186 1.9382 1.90895 1.97728 2.05094 2.09529 2.14936 2.21032 2.17187 2.2718 2.3441 2.33103 2.38659 2.43146 2.44428 
4.33886 4.30054 4.23925 4.09368 4.02096 3.96017 3.84173 3.83048 3.67301 3.53682 3.52398 3.45293 3.41419 3.25815 3.1749 3.17488 3.03109 2.96765 2.83669 2.75053 2.69404 2.61457 2.54675 2.47325 2.43267 2.34032 2.1791 2.1631 2.08295 2.0381 1.95142 1.88169 1.81439 1.7774 1.71305 1.62926 1.56384 1.51148 1.46644 1.40293 1.34427 1.2975 1.25767 1.2034 1.16953 1.13245 1.10293 1.07444 1.0445 1.02047 1 0.982029 0.972043 0.961323 0.949994 0.95201 0.964927 0.959642 0.945172 0.966441 0.989431 0.986104 1.00593 1.02925 1.05962 1.06337 1.08025 1.13145 1.17551 1.19576 1.22563 1.23442 1.24407 1.31521 1.34547 1.40036 1.42169 1.46512 1.52058 1.54985 1.61673 1.65121 1.64669 1.74232 1.79584 1.80741 1.84444 1.91939 1.90996 2.05652 2.0529 2.10907 2.12581 2.27264 2.22763 2.24932 2.37487 2.35632 2.45734 2.50952 2.54405 
4.29771 4.29946 4.18636 4.12408 3.94613 3.96976 3.84896 3.76335 3.76642 3.55978 3.56925 3.4078 3.34125 3.37358 3.22593 3.02081 3.05026 2.91326 2.85853 2.74237 2.72603 2.60614 2.59679 2.42329 2.37716 2.33073 2.24302 2.16238 2.09827 2.01731 1.94021 1.87598 1.82165 1.77878 1.67926 1.62911 1.55397 1.50322 1.44921 1.4161 1.33531 1.31574 1.25861 1.206 1.16954 1.12965 1.10075 1.07021 1.0418 1.01896 1 0.982915 0.973752 0.959144 0.953251 0.951159 0.949433 0.952276 0.973666 0.988678 0.973935 1.00513 0.989102 1.03893 1.04905 1.08677 1.10361 1.13183 1.18569 1.15228 1.22845 1.24817 1.26965 1.28792 1.36533 1.35825 1.37628 1.50568 1.49709 1.57741 1.6099 1.6945 1.7605 1.69266 1.78948 1.81159 1.89126 1.92448 1.9443 1.99986 1.98244 2.10999 2.08984 2.19801 2.25045 2.24513 2.31237 2.45729 2.39395 2.54131 2.51844 
4.26551 4.14771 4.18877 4.13931 3.93267 3.90908 3.75354 3.72541 3.7533 3.59804 3.52588 3.40441 3.32536 3.2371 3.09648 3.02819 3.01204 2.89698 2.88913 2.79025 2.70108 2.56544 2.59273 2.4569 2.36721 2.36266 2.19951 2.17834 2.08586 2.0585 1.96953 1.90896 1.80483 1.72383 1.69977 1.60985 1.59135 1.53453 1.43066 1.39357 1.33193 1.27973 1.24873 1.22084 1.17977 1.13115 1.09804 1.07136 1.04618 1.0205 1 0.982953 0.972693 0.959895 0.951044 0.950125 0.952345 0.963005 0.961736 0.980114 0.997192 1.02081 1.00846 1.02406 1.05332 1.07275 1.10825 1.109 1.15845 1.19071 1.23887 1.25441 1.29959 1.33565 1.38411 1.40433 1.42735 1.4796 1.54621 1.57528 1.62473 1.64162 1.66959 1.73679 1.74975 1.84415 1.83796 1.87996 1.9335 1.94426 2.08222 2.04309 2.16764 2.23424 2.268 2.28964 2.35196 2.41186 2.40333 2.60647 2.54651 
4.29344 4.13555 4.11463 3.97681 3.96187 3.92453 3.75038 3.73707 3.71767 3.5946 3.44762 3.34078 3.33261 3.23233 3.12168 3.01185 2.98555 2.92168 2.84885 2.7804 2.68395 2.66745 2.54543 2.45233 2.3239 2.31334 2.21745 2.1592 2.11964 2.02621 1.93358 1.85725 1.82565 1.72672 1.66159 1.61534 1.56234 1.52258 1.45779 1.40364 1.35405 1.31469 1.24549 1.20883 1.17289 1.13341 1.09656 1.07351 1.04384 1.01855 1 0.985283 0.968676 0.960282 0.952763 0.949614 0.951875 0.962716 0.960107 0.978857 0.98862 1.001 1.00713 1.02364 1.06319 1.07514 1.09632 1.14233 1.17263 1.20683 1.22395 1.22437 1.29506 1.33857 1.40568 1.40611 1.48067 1.46876 1.5198 1.60747 1.5558 1.6627 1.65435 1.75704 1.79698 1.76477 1.92698 1.93531 1.96917 2.08669 2.09064 2.09146 2.1621 2.17348 2.32215 2.25932 2.24913 2.36593 2.40227 2.45793 2.51537 
4.26115 4.29648 4.11979 4.1456 3.98671 3.85632 3.83063 3.77126 3.58903 3.56265 3.52134 3.36621 3.35554 3.18084 3.12234 3.1139 2.99459 2.88017 2.8318 2.80355 2.71677 2.61798 2.54841 2.46835 2.35448 2.30515 2.2478 2.14098 2.08349 1.9662 1.92836 1.85774 1.83939 1.72268 1.68363 1.63287 1.55048 1.51476 1.4448 1.36286 1.33146 1.27467 1.24429 1.20499 1.17153 1.1332 1.09866 1.06837 1.04047 1.02041 1 0.983278 0.973412 0.964731 0.959198 0.959803 0.961552 0.960123 0.971123 0.976203 0.981718 1.01008 1.00792 1.04341 1.07151 1.07385 1.1328 1.16238 1.18363 1.20658 1.23146 1.26655 1.24642 1.32505 1.40178 1.38613 1.45807 1.4998 1.51271 1.59812 1.65687 1.64128 1.65529 1.7819 1.83662 1.83312 1.82881 1.92524 1.95049 2.04671 2.04082 2.07692 2.16515 2.24146 2.18083 2.33709 2.32781 2.42078 2.48339 2.51895 2.61517 
4.31384 4.20384 4.09775 4.0694 4.04354 3.96282 3.79075 3.6837 3.63368 3.58899 3.4896 3.35125 3.29779 3.22367 3.08274 3.07716 2.958 2.88085 2.92534 2.75799 2.62712 2.60889 2.41953 2.43375 2.37082 2.29558 2.22746 2.15096 2.05019 1.99017 1.92299 1.89783 1.79995 1.70745 1.64855 1.61947 1.5225 1.49985 1.44975 1.37498 1.33451 1.30562 1.25209 1.20501 1.1629 1.13488 1.09695 1.06627 1.03968 1.01875 1 0.98466 0.969746 0.963728 0.949721 0.953979 0.957536 0.945506 0.967925 0.981686 0.972512 0.984228 1.01019 1.03124 1.09245 1.07503 1.13101 1.15259 1.16268 1.21079 1.22683 1.24281 1.27597 1.33887 1.37905 1.41249 1.47476 1.54763 1.58166 1.56614 1.64407 1.72853 1.72742 1.78606 1.79252 1.89117 1.93257 1.9471 1.98448 2.07526 2.03508 2.11029 2.17425 2.20917 2.22862 2.35533 2.38925 2.35095 2.51363 2.50058 2.55611 
4.27711 4.25649 4.00266 4.08211 3.96264 3.87373 3.79413 3.70006 3.55869 3.47749 3.43573 3.31713 3.35073 3.18332 3.06659 3.04291 2.96891 2.87153 2.83384 2.82812 2.71634 2.63372 2.50308 2.45382 2.35416 2.26905 2.23237 2.12091 2.09376 1.99821 1.89502 1.8752 1.80094 1.70816 1.66314 1.59401 1.57082 1.50841 1.42688 1.40794 1.33332 1.2943 1.24334 1.19663 1.17166 1.13022 1.10066 1.07018 1.04795 1.01875 1 0.985571 0.971422 0.967314 0.95509 0.945456 0.955418 0.960928 0.973792 0.979203 0.99668 1.00591 1.03155 1.05126 1.04656 1.10029 1.10008 1.14465 1.14298 1.17663 1.22985 1.28306 1.30203 1.33475 1.34761 1.37529 1.45366 1.54016 1.5011 1.54307 1.5861 1.63462 1.74598 1.72471 1.79001 1.83904 1.91457 1.90628 1.95596 2.06233 2.06963 2.07016 2.16571 2.22483 2.23083 2.35043 2.40584 2.45142 2.48433 2.60887 2.59947 
4.22982 4.17661 4.0855 4.03833 3.99555 3.83421 3.7345 3.74218 3.63636 3.46369 3.45101 3.2656 3.35103 3.187 3.19581 3.00473 2.92889 2.83963 2.80609 2.77618 2.61846 2.5681 2.4988 2.41548 2.33598 2.30282 2.20609 2.12417 2.05221 1.96591 1.94097 1.87283 1.79231 1.7184 1.65847 1.59073 1.55253 1.49566 1.44058 1.37473 1.33992 1.2825 1.24683 1.21002 1.1574 1.12847 1.09701 1.06709 1.03998 1.01908 1 0.985393 0.975414 0.96867 0.957938 0.957696 0.972434 0.95194 0.970821 0.980989 0.995918 1.01598 1.02063 1.02868 1.07024 1.09929 1.12868 1.12111 1.16796 1.21564 1.22518 1.26052 1.31507 1.38552 1.39222 1.41918 1.493 1.51474 1.55854 1.55501 1.62909 1.70064 1.73322 1.8036 1.85196 1.82914 1.88581 1.92395 1.97653 2.07236 2.07382 2.15557 2.17213 2.21555 2.22806 2.33859 2.39961 2.54103 2.54899 2.56452 2.62017 
4.33661 4.2501 4.26351 4.08667 3.90944 3.86044 3.73233 3.68879 3.60614 3.57555 3.53827 3.319 3.29715 3.11233 3.04682 3.06343 2.91946 2.86449 2.85184 2.7191 2.70609 2.5765 2.5089 2.3687 2.30828 2.23426 2.16719 2.09269 2.05895 2.00061 1.93032 1.86746 1.81287 1.74298 1.66949 1.59989 1.55168 1.4769 1.47689 1.37612 1.33662 1.2753 1.229 1.20291 1.16653 1.12999 1.0888 1.06385 1.0401 1.01958 1 0.98493 0.973717 0.96228 0.963005 0.956116 0.951919 0.958732 0.963897 0.981465 0.993178 1.00701 1.03705 1.03919 1.077 1.10069 1.12471 1.14419 1.14794 1.19021 1.273 1.26586 1.32493 1.35983 1.37797 1.42856 1.41522 1.50631 1.51703 1.62091 1.63203 1.65705 1.78147 1.81974 1.82982 1.84076 1.88692 1.96025 1.95897 2.00441 2.0805 2.1398 2.19188 2.24813 2.27731 2.34361 2.36979 2.49025 2.41164 2.5068 2.53931 
4.38819 4.22688 4.0897 4.00391 3.9506 3.78536 3.78331 3.70861 3.56346 3.54355 3.38053 3.32939 3.20603 3.1085 3.1569 3.00779 2.99637 2.87374 2.81263 2.72981 2.72303 2.50893 2.48173 2.42798 2.38858 2.28531 2.19428 2.12847 2.03318 2.0152 1.93908 1.8456 1.75485 1.76135 1.64671 1.57896 1.54379 1.48413 1.43976 1.38879 1.34197 1.28711 1.24852 1.18744 1.15317 1.12515 1.09531 1.064 1.04042 1.01798 1 0.984108 0.975237 0.963922 0.960439 0.962343 0.962131 0.953104 0.960193 0.979986 0.982328 1.00143 1.0276 1.04114 1.06348 1.08512 1.10006 1.14751 1.15025 1.20389 1.26847 1.28278 1.33211 1.34504 1.38813 1.4704 1.47153 1.51417 1.53141 1.61489 1.68019 1.69101 1.69475 1.79259 1.79556 1.81737 1.9127 1.97239 1.98518 2.02868 2.08483 2.12255 2.26854 2.17081 2.22493 2.33684 2.40313 2.53173 2.52691 2.52988 2.64891 
4.22652 4.0923 4.07168 3.94034 3.84423 3.84516 3.75853 3.62636 3.47887 3.53327 3.43939 3.381 3.30994 3.26269 3.08645 3.01583 2.91741 2.85568 2.78727 2.71596 2.64926 2.52331 2.50269 2.40769 2.33677 2.32277 2.18342 2.11644 2.06021 1.91506 1.93044 1.86409 1.7462 1.76343 1.63265 1.5999 1.53479 1.49607 1.40482 1.3749 1.31252 1.27364 1.22707 1.19965 1.15744 1.12719 1.09425 1.05994 1.04207 1.0182 1 0.984582 0.974647 0.967964 0.959777 0.969579 0.962703 0.97488 0.975193 1.00632 1.00585 1.02375 1.03782 1.07079 1.06347 1.11424 1.1153 1.1676 1.19861 1.20269 1.2585 1.2989 1.32256 1.39528 1.41172 1.43937 1.50677 1.52552 1.54305 1.61397 1.64605 1.67943 1.75834 1.77311 1.86737 1.85272 1.89382 2.00342 1.97626 2.05966 2.1871 2.17606 2.22385 2.26854 2.24739 2.38416 2.39205 2.43954 2.59252 2.61842 2.63779 
4.22904 4.09746 4.05169 4.0334 3.89916 3.84405 3.72728 3.56071 3.61463 3.4442 3.40232 3.38191 3.27362 3.1064 3.06286 2.94302 2.90779 2.79359 2.73222 2.71379 2.6268 2.55854 2.39316 2.45498 2.29836 2.27976 2.14719 2.06568 2.07382 1.96296 1.9171 1.86457 1.79075 1.69229 1.64478 1.61692 1.53247 1.45734 1.40762 1.37625 1.30689 1.28285 1.22784 1.19174 1.16367 1.12729 1.09492 1.06524 1.03761 1.01788 1 0.987041 0.976357 0.968929 0.962615 0.963119 0.949583 0.969904 0.978148 0.983001 0.996991 1.01744 1.03484 1.06314 1.08632 1.11262 1.12267 1.13413 1.20144 1.22924 1.28348 1.28879 1.3672 1.3375 1.37486 1.46647 1.46844 1.55011 1.60126 1.66844 1.74004 1.75902 1.75959 1.79613 1.87706 1.86275 1.94973 1.95852 2.00236 2.10859 2.11207 2.20084 2.24732 2.28367 2.33406 2.39187 2.48952 2.57697 2.50017 2.60587 2.61273 
4.18941 4.12189 4.0903 3.96612 3.78192 3.8196 3.76887 3.6342 3.51765 3.48773 3.40282 3.29216 3.23264 3.1246 2.99713 3.05557 2.93917 2.9109 2.71202 2.65407 2.60125 2.55434 2.4817 2.40664 2.32751 2.20441 2.17928 2.1042 2.02112 1.94376 1.89141 1.81212 1.75111 1.70161 1.63924 1.56935 1.53609 1.45588 1.39553 1.36142 1.30256 1.28425 1.22967 1.19043 1.15107 1.11988 1.09115 1.06564 1.03789 1.01763 1 0.98614 0.975812 0.965696 0.965363 0.960601 0.971648 0.983347 0.976316 0.994102 1.00978 1.03208 1.03119 1.05686 1.08863 1.11909 1.14588 1.14547 1.21154 1.28053 1.26763 1.29571 1.33983 1.35395 1.4193 1.42338 1.47212 1.56797 1.56057 1.61541 1.70288 1.7373 1.80573 1.80621 1.80804 1.99472 1.98108 1.99846 2.05162 2.04667 2.13062 2.16238 2.21569 2.31761 2.37526 2.44718 2.49805 2.4722 2.48186 2.58217 2.61231 
4.14652 4.08601 4.03472 3.89389 3.82585 3.75632 3.8403 3.60088 3.53872 3.43237 3.31739 3.31946 3.17032 3.12548 3.08274 3.00837 2.92692 2.788 2.77218 2.64969 2.61859 2.47753 2.43076 2.42805 2.31306 2.26038 2.18015 2.09543 2.06304 1.95433 1.89367 1.83906 1.74942 1.66795 1.62205 1.57413 1.52896 1.46479 1.41167 1.3658 1.31473 1.27725 1.20678 1.19246 1.15901 1.12071 1.09044 1.0573 1.03864 1.01489 1 0.986168 0.978584 0.973893 0.96488 0.965947 0.961983 0.958229 0.980739 0.991453 1.01526 1.03183 1.04327 1.06727 1.09869 1.11846 1.1485 1.21134 1.22551 1.23469 1.29972 1.34212 1.3439 1.38591 1.40155 1.45113 1.50736 1.60626 1.61327 1.64571 1.64918 1.73461 1.77614 1.78562 1.84071 1.86792 1.95515 2.04084 2.07363 2.03916 2.106 2.18374 2.27826 2.32133 2.34811 2.41682 2.48159 2.53276 2.52324 2.5611 2.65878 
4.07727 4.04923 4.04558 3.89926 3.809 3.69721 3.68101 3.63461 3.51341 3.4544 3.34756 3.29674 3.13508 3.15958 2.992 2.99059 2.90293 2.77012 2.76997 2.64928 2.59544 2.45693 2.47137 2.36101 2.24855 2.21974 2.17199 2.03644 2.02557 1.93095 1.88634 1.81641 1.78853 1.70938 1.64247 1.57634 1.52344 1.45835 1.40203 1.36397 1.30762 1.26638 1.24871 1.18247 1.15001 1.10926 1.09377 1.06294 1.03481 1.01597 1 0.986082 0.976919 0.965889 0.96996 0.966938 0.978314 0.974964 0.983658 0.9882 1.01649 1.04485 1.07014 1.06985 1.10149 1.11747 1.14729 1.18357 1.21236 1.2449 1.31398 1.31912 1.34695 1.38057 1.38895 1.42638 1.45751 1.51625 1.57223 1.63997 1.71006 1.74611 1.73043 1.83002 1.88239 1.94315 1.97351 2.00666 2.12009 2.10372 2.15288 2.23612 2.23241 2.31351 2.38661 2.40257 2.43473 2.43569 2.57887 2.58088 2.62056 
4.06953 4.1645 3.95989 3.8843 3.83611 3.77546 3.61965 3.49323 3.47406 3.4693 3.36372 3.22491 3.18333 3.10777 3.05775 2.9467 2.79144 2.77125 2.69986 2.65468 2.59447 2.50725 2.44631 2.27415 2.32751 2.18091 2.18327 2.05317 2.01748 1.91479 1.86441 1.7739 1.74345 1.67615 1.58415 1.59334 1.50218 1.45511 1.42714 1.35877 1.30594 1.2651 1.21733 1.17919 1.13678 1.12132 1.08685 1.0544 1.03475 1.0151 1 0.986216 0.97769 0.97387 0.962848 0.965582 0.967048 0.976723 0.994035 1.00857 1.01825 1.03757 1.06684 1.06203 1.11848 1.12811 1.15895 1.19908 1.18622 1.28114 1.29971 1.31736 1.3578 1.43897 1.4443 1.49905 1.52594 1.55277 1.61755 1.65475 1.67582 1.73278 1.8169 1.80142 1.85828 1.97027 1.99376 2.01415 2.0483 2.0883 2.1398 2.2608 2.28799 2.33525 2.37649 2.42326 2.43976 2.51272 2.58741 2.59499 2.68987 
4.21276 4.07374 3.82607 3.80532 3.76041 3.72165 3.71724 3.58411 3.50386 3.46329 3.21548 3.24735 3.16315 3.10353 3.03829 2.90711 2.9388 2.80852 2.68222 2.61505 2.55033 2.47739 2.43427 2.34115 2.25042 2.22462 2.12589 2.04611 1.97377 1.92492 1.84275 1.80858 1.72444 1.70144 1.63469 1.58016 1.4935 1.43937 1.40508 1.33551 1.32152 1.27282 1.22468 1.19098 1.1534 1.11628 1.08334 1.0577 1.03603 1.01621 1 0.98668 0.979002 0.976029 0.96433 0.977142 0.975086 0.981017 0.987537 0.996376 1.02722 1.04131 1.05762 1.06475 1.12898 1.11191 1.16449 1.18623 1.22394 1.2435 1.3126 1.35715 1.33721 1.36067 1.45112 1.47328 1.55264 1.60019 1.62877 1.66544 1.6665 1.7309 1.81934 1.85231 1.89 1.95302 2.00701 2.04173 2.09626 2.10573 2.22918 2.18304 2.28594 2.34047 2.33212 2.42801 2.47337 2.56021 2.61538 2.64702 2.67891 
4.12027 4.04272 3.89085 3.8569 3.78948 3.70813 3.65027 3.58189 3.55073 3.48252 3.35854 3.20553 3.20236 3.03393 2.95313 2.95151 2.84557 2.74522 2.70878 2.60593 2.55832 2.49038 2.44276 2.35249 2.2627 2.22461 2.082 2.03881 1.98561 1.94267 1.86827 1.82918 1.72573 1.62607 1.60312 1.52973 1.49374 1.45215 1.38126 1.32214 1.30156 1.2537 1.21694 1.1806 1.14075 1.1127 1.08236 1.05396 1.03612 1.0156 1 0.986034 0.978799 0.973029 0.971228 0.984286 0.972039 0.981031 0.991807 1.00461 1.02293 1.04254 1.06601 1.08185 1.11334 1.12265 1.16347 1.21292 1.27135 1.26741 1.31425 1.3612 1.35788 1.40479 1.44102 1.51047 1.57298 1.65277 1.62996 1.64764 1.73639 1.77429 1.77658 1.83843 1.91826 1.92923 2.00073 2.07493 2.08603 2.12331 2.19843 2.27376 2.34219 2.32938 2.37205 2.44195 2.48786 2.69181 2.61884 2.68286 2.76788 
4.1543 3.84501 3.96695 3.8561 3.80007 3.62821 3.46781 3.66244 3.47685 3.37951 3.1896 3.15752 3.17411 3.00426 3.06144 2.87508 2.8129 2.80693 2.70961 2.5982 2.61182 2.4766 2.33326 2.33626 2.21909 2.23327 2.10857 2.03482 1.97086 1.91822 1.8636 1.7705 1.71827 1.63295 1.60642 1.56005 1.48392 1.40801 1.38915 1.35538 1.29979 1.25507 1.21945 1.17423 1.13791 1.10823 1.08269 1.05331 1.03799 1.01476 1 0.987869 0.983915 0.975058 0.973786 0.97902 0.984461 0.988373 0.98494 1.00479 1.01542 1.04174 1.06355 1.09547 1.11179 1.16021 1.15851 1.20488 1.22253 1.29081 1.32527 1.34648 1.36974 1.40162 1.47367 1.4787 1.51048 1.60894 1.62964 1.68392 1.74651 1.73536 1.83069 1.86125 1.94924 2.02178 2.09512 2.05649 2.11382 2.21613 2.21664 2.25335 2.27788 2.39701 2.42783 2.49664 2.4514 2.57359 2.63622 2.7293 2.74793 
3.99704 3.90744 3.84127 3.69292 3.74928 3.66806 3.59032 3.53534 3.49294 3.28254 3.27349 3.21649 3.20611 3.09828 3.01355 2.88009 2.79257 2.69817 2.6319 2.65497 2.52274 2.44054 2.37812 2.28732 2.29572 2.16105 2.12565 2.01543 1.9965 1.93012 1.8501 1.76218 1.75305 1.66026 1.61247 1.54157 1.49116 1.45793 1.38369 1.31968 1.30016 1.24504 1.19989 1.16942 1.13679 1.10646 1.07543 1.05118 1.03342 1.01473 1 0.98856 0.979404 0.977682 0.972179 0.9778 0.972569 0.969484 0.989822 1.00875 1.03159 1.06998 1.06279 1.10172 1.13488 1.12587 1.17718 1.20374 1.23932 1.26844 1.2841 1.3323 1.38019 1.45189 1.4528 1.54496 1.5639 1.57461 1.63204 1.68351 1.73474 1.76314 1.8744 1.87223 1.83501 1.95336 2.05501 2.12045 2.14859 2.18147 2.16418 2.28809 2.31165 2.42207 2.42242 2.55379 2.55672 2.5742 2.65674 2.60635 2.75193 
3.94737 3.99559 3.81913 3.76127 3.69545 3.59062 3.53912 3.46028 3.42382 3.3442 3.25167 3.27637 3.05986 3.00502 2.96344 2.81103 2.82643 2.71736 2.65689 2.54112 2.50594 2.36025 2.31152 2.2861 2.1662 2.177 2.0912 1.99646 1.963 1.87157 1.80965 1.77931 1.68643 1.67401 1.59719 1.52257 1.48388 1.42478 1.34842 1.33405 1.29188 1.25422 1.21557 1.17044 1.12206 1.10202 1.08075 1.05619 1.03388 1.01507 1 0.990055 0.980173 0.975692 0.976722 0.970902 0.974235 1.00489 1.01669 1.00777 1.04206 1.05047 1.07741 1.1077 1.11982 1.1556 1.1788 1.22074 1.23939 1.27021 1.31461 1.35748 1.4031 1.4036 1.4508 1.52162 1.59561 1.63913 1.66445 1.72905 1.72419 1.82452 1.86575 1.8623 1.86572 2.05282 2.02109 2.05138 2.17527 2.17841 2.26868 2.25928 2.38908 2.34145 2.43443 2.49752 2.54194 2.55437 2.6875 2.75515 2.78732 
3.90945 3.91944 3.81132 3.69191 3.54991 3.58715 3.5699 3.42348 3.40117 3.24564 3.25284 3.19495 3.00925 2.98919 2.91477 2.89098 2.79378 2.64509 2.63579 2.5554 2.50844 2.3654 2.38329 2.24796 2.17067 2.12577 2.05135 1.99112 1.9271 1.83094 1.78883 1.77507 1.6749 1.62058 1.58827 1.52595 1.47266 1.41017 1.37077 1.32225 1.26301 1.23328 1.19525 1.15995 1.14045 1.11132 1.072 1.05226 1.03046 1.01314 1 0.988805 0.980479 0.978292 0.974516 0.971381 0.985809 0.997081 1.00887 1.00478 1.04523 1.0652 1.08192 1.10615 1.1259 1.15676 1.18048 1.23369 1.25801 1.27913 1.35021 1.35527 1.41481 1.42517 1.47889 1.53158 1.58337 1.6395 1.66077 1.71705 1.79057 1.81713 1.89738 1.91363 1.9264 1.98003 1.98607 2.08726 2.10409 2.23299 2.28963 2.29503 2.4271 2.42934 2.44693 2.4884 2.53908 2.5827 2.66222 2.63795 2.78856 
3.90769 3.82867 3.79253 3.74887 3.71787 3.60441 3.60912 3.43368 3.37191 3.27735 3.23347 3.09675 2.99071 2.99007 2.85155 2.79715 2.73816 2.66733 2.58783 2.507 2.47123 2.38173 2.3322 2.30739 2.23654 2.1488 2.08166 1.95215 1.99812 1.86447 1.77176 1.72616 1.6965 1.64734 1.58115 1.50084 1.45733 1.41008 1.3774 1.308 1.25626 1.23534 1.19367 1.15411 1.1279 1.09442 1.0673 1.05049 1.03512 1.01077 1 0.990474 0.980838 0.973604 0.978947 0.982857 0.997885 0.998216 1.01775 1.03154 1.04751 1.03683 1.08457 1.12142 1.11856 1.15737 1.22929 1.23729 1.24922 1.32595 1.32585 1.39765 1.41048 1.48132 1.51371 1.56229 1.60963 1.66622 1.68127 1.698 1.76848 1.80183 1.84056 1.88089 1.98874 2.04122 2.09607 2.10851 2.152 2.2249 2.26951 2.30054 2.36419 2.50177 2.47642 2.54653 2.62646 2.6475 2.71042 2.75276 2.82182 
3.96815 3.89341 3.76334 3.80315 3.57084 3.63557 3.45674 3.3626 3.31841 3.19735 3.22821 3.09221 3.03357 3.03335 2.86482 2.85611 2.73091 2.5973 2.55975 2.49445 2.43654 2.40413 2.33586 2.27665 2.12281 2.09598 2.02659 1.9471 1.9312 1.83941 1.77159 1.71792 1.64916 1.59665 1.54812 1.50797 1.44302 1.42702 1.35797 1.31586 1.26352 1.22358 1.19032 1.16742 1.11854 1.09557 1.06505 1.04804 1.03472 1.01187 1 0.990993 0.986705 0.9799 0.983218 0.990861 0.988979 1.01211 1.00392 1.01803 1.06573 1.06708 1.09132 1.1094 1.1801 1.17496 1.19669 1.21836 1.27001 1.31728 1.33589 1.37618 1.44542 1.48297 1.5151 1.50511 1.589 1.67376 1.70983 1.72336 1.76757 1.82915 1.86376 1.89848 1.97142 1.98284 2.06996 2.15487 2.20546 2.25917 2.22404 2.37824 2.37498 2.44088 2.41635 2.49286 2.61792 2.7163 2.73838 2.76671 2.83641 
3.93592 3.89845 3.74253 3.72873 3.70255 3.59414 3.48324 3.2982 3.4127 3.20352 3.16696 3.0286 2.97989 2.92588 2.90673 2.74879 2.69631 2.66024 2.60163 2.52186 2.41653 2.35998 2.31515 2.24388 2.16811 2.09734 2.01651 1.99211 1.92975 1.85022 1.76027 1.69982 1.64668 1.61195 1.57377 1.50565 1.46743 1.39319 1.35959 1.30007 1.26064 1.22143 1.17805 1.14807 1.12211 1.09072 1.06712 1.0511 1.02668 1.01235 1 0.991888 0.987178 0.984104 0.987068 0.986936 1.00138 1.014 1.02871 1.03252 1.05953 1.06118 1.06145 1.12428 1.14681 1.1864 1.19996 1.2467 1.27476 1.31454 1.34951 1.40994 1.42098 1.45788 1.5226 1.56905 1.58145 1.63463 1.71768 1.79398 1.79699 1.8703 1.85632 1.93938 2.01784 2.00848 2.11445 2.13381 2.21214 2.29143 2.32002 2.33997 2.44493 2.42078 2.51495 2.59842 2.66714 2.70192 2.7936 2.83483 2.87625 
3.86287 3.81282 3.68636 3.67365 3.57246 3.52908 3.46521 3.29191 3.35305 3.20934 2.97929 3.06013 2.98301 2.9057 2.85639 2.84863 2.65778 2.56162 2.46508 2.49085 2.36252 2.3433 2.2691 2.22476 2.16737 2.133 1.99153 1.97196 1.91162 1.82591 1.78671 1.72858 1.66517 1.59292 1.52506 1.50438 1.42436 1.38838 1.34671 1.29538 1.25608 1.21567 1.17926 1.14323 1.11577 1.09399 1.06823 1.04845 1.02742 1.01243 1 0.991204 0.985423 0.986643 0.987372 0.983833 1.01051 1.01143 1.01922 1.03909 1.07795 1.07492 1.10186 1.12002 1.15292 1.18422 1.2262 1.24965 1.28418 1.34066 1.37392 1.41298 1.43958 1.50633 1.53422 1.5302 1.61179 1.68522 1.72692 1.76626 1.78254 1.8909 1.92758 1.97751 2.05491 2.03963 2.13637 2.15296 2.22795 2.31377 2.35329 2.37447 2.49403 2.48172 2.5394 2.63799 2.66563 2.64617 2.71841 2.77421 2.87826 
3.91116 3.75279 3.7004 3.63597 3.55768 3.44433 3.35572 3.32905 3.23836 3.20472 3.07084 2.95517 2.95437 2.83804 2.81592 2.70146 2.67056 2.59139 2.49677 2.44164 2.4645 2.34473 2.24433 2.18844 2.08922 2.08461 1.95569 1.92057 1.86528 1.77315 1.77051 1.67228 1.59779 1.58546 1.52098 1.50981 1.43689 1.36603 1.35722 1.30297 1.24784 1.20421 1.17686 1.14289 1.11622 1.09946 1.06425 1.04645 1.02655 1.0096 1 0.992201 0.988316 0.985997 0.989466 0.99353 1.0007 1.0176 1.0268 1.03715 1.07461 1.05493 1.11941 1.14168 1.16531 1.21297 1.23208 1.25101 1.30633 1.32406 1.40008 1.43676 1.48186 1.47377 1.54705 1.58668 1.64521 1.70507 1.76262 1.75399 1.84535 1.88714 1.92725 2.0033 2.03732 2.15021 2.14919 2.14275 2.19834 2.27899 2.36054 2.41837 2.49007 2.48519 2.56064 2.62751 2.71738 2.73956 2.79461 2.86867 2.86211 
3.80278 3.67149 3.64287 3.61951 3.54441 3.53568 3.36086 3.27275 3.28785 3.15102 3.02409 3.02495 2.93927 2.85037 2.73362 2.78926 2.65433 2.59087 2.57619 2.44459 2.38807 2.32957 2.19342 2.19559 2.1421 2.04229 1.94688 1.93395 1.85816 1.80786 1.732 1.65405 1.6272 1.54001 1.5303 1.46541 1.39583 1.39149 1.32028 1.29332 1.24155 1.19931 1.17553 1.14895 1.11822 1.0784 1.06415 1.03821 1.02153 1.00947 1 0.994955 0.988734 0.989219 0.994306 0.997777 1.0092 1.02012 1.0292 1.05123 1.05274 1.09054 1.12925 1.13948 1.15085 1.18935 1.23168 1.27023 1.30884 1.32367 1.36895 1.46035 1.49394 1.48963 1.54777 1.63409 1.67935 1.71634 1.74811 1.78568 1.8671 1.90671 1.95924 2.00038 2.0185 2.11559 2.14448 2.23577 2.28013 2.31949 2.35844 2.45244 2.48332 2.52981 2.5691 2.66275 2.72001 2.73127 2.81394 2.84154 2.99006 
3.73582 3.70711 3.63174 3.65104 3.47662 3.36785 3.40743 3.26587 3.18509 3.04159 3.04723 3.00222 2.85529 2.86586 2.76921 2.69589 2.60332 2.53751 2.47671 2.44694 2.38646 2.25854 2.22981 2.17034 2.04309 2.03067 1.96893 1.86605 1.83748 1.77798 1.71273 1.66476 1.60643 1.55538 1.5189 1.42422 1.44201 1.37468 1.30873 1.2837 1.23064 1.19843 1.15673 1.12562 1.09725 1.07802 1.05803 1.03324 1.02196 1.01053 1 0.99313 0.98895 0.991016 0.991934 0.993942 1.01658 1.01887 1.04176 1.05725 1.07547 1.10328 1.10744 1.12374 1.17589 1.21894 1.25396 1.30312 1.29037 1.35586 1.37922 1.43589 1.48318 1.52456 1.56267 1.64543 1.63663 1.70748 1.76133 1.80574 1.8932 1.91975 1.99631 1.98647 2.07056 2.13983 2.15728 2.21063 2.25529 2.29298 2.34457 2.4177 2.53274 2.62461 2.63002 2.7105 2.71227 2.83831 2.80905 2.94436 2.99181 
3.73014 3.6762 3.5324 3.50778 3.37864 3.32225 3.29402 3.076 3.06582 3.07965 2.99 2.97447 2.80169 2.83077 2.72067 2.67651 2.61223 2.55417 2.46376 2.43612 2.30402 2.31236 2.19989 2.17311 2.05964 2.03287 1.90408 1.9227 1.79896 1.77993 1.70798 1.68229 1.61935 1.5634 1.5002 1.43754 1.41002 1.38473 1.31016 1.25671 1.24197 1.18763 1.15311 1.12927 1.10904 1.07979 1.05785 1.03791 1.02104 1.01053 1 0.993181 0.988123 0.994567 0.995022 1.00159 1.00666 1.02866 1.02374 1.06517 1.07959 1.08224 1.12701 1.14535 1.18113 1.23538 1.25833 1.32288 1.30528 1.38235 1.43931 1.46008 1.48228 1.54374 1.58482 1.63107 1.65933 1.74135 1.78153 1.83589 1.87957 1.89395 1.99449 2.04264 2.08528 2.18131 2.17175 2.29449 2.25028 2.35408 2.40099 2.4238 2.5344 2.61196 2.60056 2.733 2.68218 2.77711 2.86676 2.89249 2.89132 
3.64169 3.63074 3.54376 3.41182 3.37408 3.37207 3.31125 3.24189 3.22902 3.02927 2.98269 2.97444 2.90766 2.8049 2.70463 2.59326 2.57029 2.46249 2.441 2.41169 2.27879 2.26256 2.14038 2.09669 2.02493 2.02882 1.93354 1.88251 1.81415 1.74662 1.71159 1.62707 1.58747 1.5228 1.50056 1.43685 1.38634 1.32696 1.30504 1.27372 1.22484 1.18272 1.15679 1.12199 1.10938 1.08549 1.05964 1.0366 1.02347 1.0083 1 0.995832 0.993394 0.990708 0.997495 1.00443 1.01369 1.02761 1.03918 1.06534 1.06961 1.09674 1.14191 1.15494 1.17438 1.22774 1.24692 1.27597 1.35792 1.38546 1.41172 1.46767 1.50665 1.52562 1.58125 1.62312 1.6424 1.76222 1.76146 1.8314 1.87561 2.03815 2.00827 2.02122 2.10106 2.13815 2.20375 2.28678 2.27398 2.376 2.42979 2.47932 2.6187 2.59456 2.66056 2.78078 2.75181 2.8592 2.89507 2.92519 3.01458 
3.57244 3.62729 3.5521 3.37806 3.41122 3.28567 3.22717 3.15276 3.12006 2.9745 2.97126 2.85524 2.80282 2.7247 2.6565 2.61044 2.51332 2.52713 2.40623 2.36233 2.30283 2.19955 2.16461 2.04401 2.07327 1.99026 1.91729 1.84222 1.79572 1.75617 1.66479 1.61941 1.60174 1.51661 1.48889 1.43309 1.37695 1.34731 1.29477 1.25943 1.22353 1.19359 1.16185 1.12124 1.10105 1.06711 1.04905 1.03127 1.01751 1.00944 1 0.99572 0.992483 0.998656 0.996925 1.00906 1.02618 1.03434 1.05339 1.06384 1.07747 1.13164 1.13912 1.16871 1.19815 1.21989 1.25546 1.31668 1.33753 1.38864 1.40493 1.48632 1.53485 1.56127 1.61766 1.66419 1.74623 1.72101 1.79644 1.88161 1.90134 1.91764 2.07644 2.072 2.12359 2.22601 2.21283 2.28247 2.29364 2.44835 2.46151 2.50876 2.51766 2.61099 2.65948 2.73794 2.73578 2.86297 2.88971 2.96197 3.02351 
3.58181 3.61676 3.48555 3.48061 3.31034 3.26425 3.22782 3.11052 3.02918 2.99849 2.93753 2.84558 2.79948 2.73303 2.64407 2.59728 2.51344 2.41888 2.45933 2.3275 2.271 2.22858 2.15182 2.04285 2.04693 1.98874 1.90515 1.85107 1.76801 1.76964 1.67078 1.64799 1.61667 1.52903 1.46712 1.41413 1.36423 1.34306 1.28066 1.21911 1.20965 1.1819 1.15182 1.1185 1.08475 1.07218 1.05232 1.0301 1.01799 1.00774 1 0.996152 0.995664 0.996744 1.00679 1.00904 1.02626 1.04158 1.0494 1.06695 1.10847 1.13896 1.15361 1.19612 1.21045 1.23942 1.28605 1.33384 1.34082 1.38759 1.4492 1.52163 1.52105 1.57091 1.63671 1.66327 1.72865 1.7636 1.83728 1.84991 1.92808 1.94487 2.05944 2.10659 2.13742 2.17647 2.24334 2.34879 2.30937 2.41338 2.49026 2.50288 2.58766 2.64677 2.66553 2.72746 2.81019 2.88 2.91151 2.95126 3.03173 
3.43604 3.47613 3.35147 3.32993 3.30569 3.11145 3.17372 3.09872 3.0588 2.96141 2.93861 2.82931 2.74565 2.74785 2.62451 2.57465 2.4782 2.40995 2.27303 2.31175 2.22226 2.17387 2.17457 2.08677 1.97871 1.94362 1.83844 1.84105 1.7621 1.73604 1.68742 1.59743 1.55991 1.51019 1.45237 1.38624 1.36617 1.32169 1.30101 1.26315 1.2125 1.20175 1.15239 1.11337 1.09518 1.06842 1.04332 1.03739 1.01759 1.00632 1 0.996186 0.993161 0.999959 1.00619 1.00935 1.02774 1.04044 1.05743 1.09215 1.09027 1.14454 1.14581 1.19822 1.23295 1.25112 1.29714 1.31569 1.36787 1.38225 1.45756 1.50758 1.48863 1.60153 1.65592 1.68368 1.73214 1.79187 1.81739 1.87057 1.89081 1.98628 2.06125 2.10967 2.08506 2.20791 2.24408 2.26192 2.29762 2.42809 2.51069 2.55084 2.63578 2.68843 2.74584 2.73881 2.80639 2.90072 2.95188 3.04674 3.07673 
3.53538 3.51201 3.30454 3.37694 3.26258 3.21539 3.11238 2.98348 2.9846 3.00273 2.92207 2.80735 2.75284 2.69838 2.6852 2.61464 2.48685 2.36641 2.32072 2.33589 2.21886 2.1628 2.14649 2.0383 1.94977 1.89383 1.8665 1.80349 1.75666 1.68575 1.67307 1.58664 1.55844 1.47251 1.46507 1.39449 1.34424 1.2968 1.27122 1.20718 1.20091 1.1684 1.14683 1.11177 1.08562 1.06303 1.04468 1.02809 1.0164 1.00536 1 0.997799 0.999337 1.00052 1.00225 1.02651 1.03621 1.03715 1.06563 1.09848 1.09907 1.13359 1.1585 1.18903 1.21436 1.26569 1.29835 1.32427 1.37164 1.43628 1.48314 1.50858 1.56077 1.5833 1.6354 1.68162 1.7564 1.8172 1.83185 1.92996 1.91848 1.94212 2.05022 2.10344 2.19783 2.23396 2.30232 2.33087 2.45257 2.47957 2.51711 2.53357 2.60858 2.66665 2.75863 2.80387 2.88777 2.94909 3.02253 2.98649 3.06781 
3.46197 3.41461 3.37448 3.32788 3.2315 3.13223 2.98489 3.05966 3.04392 2.87809 2.82036 2.72572 2.71794 2.65576 2.57178 2.47153 2.37752 2.37829 2.33715 2.24471 2.24624 2.14938 2.08203 1.9988 1.93656 1.9792 1.8803 1.78741 1.74018 1.70805 1.60028 1.58239 1.54872 1.49868 1.42155 1.39131 1.33799 1.29064 1.26054 1.22436 1.19952 1.1625 1.13592 1.10766 1.07613 1.05491 1.03373 1.02542 1.01532 1.00515 1 0.999023 0.996884 1.00401 1.00944 1.01684 1.03503 1.04685 1.07214 1.09596 1.10896 1.13752 1.13241 1.19834 1.2434 1.26956 1.30609 1.34281 1.37183 1.40592 1.49846 1.5215 1.55505 1.62081 1.65065 1.71457 1.73431 1.80622 1.83841 1.89363 1.93461 2.02754 2.03261 2.10358 2.19458 2.22068 2.34984 2.34943 2.41569 2.43781 2.494 2.62393 2.61775 2.67634 2.72262 2.80211 2.851 3.01931 2.88737 3.05296 3.09894 
3.53317 3.36672 3.30247 3.28489 3.13606 3.14285 3.08597 2.99074 2.9655 2.91936 2.84549 2.68434 2.67585 2.61777 2.56946 2.45756 2.44041 2.32408 2.33196 2.25356 2.23347 2.1303 2.07346 1.96651 1.96442 1.91996 1.82211 1.75695 1.75681 1.62443 1.63163 1.52699 1.52245 1.47327 1.42831 1.38194 1.35324 1.27404 1.26625 1.19955 1.18808 1.1752 1.12795 1.09377 1.08133 1.0552 1.03906 1.02288 1.01204 1.00296 1 0.9974 0.998769 1.00524 1.00662 1.01614 1.03367 1.05392 1.0814 1.09822 1.1274 1.15043 1.18941 1.21609 1.24811 1.27117 1.30817 1.35212 1.39774 1.43056 1.4901 1.55844 1.56997 1.63938 1.66116 1.72221 1.76599 1.7993 1.89065 1.95294 1.94756 2.03412 2.11784 2.17133 2.14443 2.29351 2.28525 2.38989 2.41587 2.55932 2.56147 2.55161 2.63613 2.73005 2.82456 2.82994 2.90338 2.98672 3.00429 3.06233 3.17053 
3.39628 3.35985 3.36567 3.29385 3.22139 3.11476 3.12621 3.08374 2.80975 2.81248 2.78776 2.6807 2.72175 2.66602 2.5711 2.47359 2.38616 2.36005 2.29807 2.21723 2.11867 2.15364 2.04575 1.98771 1.91339 1.89338 1.81338 1.74197 1.68706 1.6465 1.59076 1.57246 1.52552 1.48748 1.40849 1.3591 1.30994 1.31111 1.251 1.20687 1.18493 1.13723 1.11851 1.10156 1.07094 1.05443 1.03109 1.02109 1.01237 1.00489 1 0.998391 1.00204 1.00714 1.01538 1.02046 1.0377 1.05719 1.07589 1.09802 1.11779 1.15834 1.16613 1.20936 1.24285 1.27963 1.33827 1.34742 1.38418 1.47599 1.51667 1.55482 1.58787 1.64184 1.71753 1.76367 1.72767 1.86785 1.89045 1.91383 1.97916 2.0452 2.134 2.18701 2.22792 2.28986 2.34329 2.43356 2.44424 2.49394 2.58732 2.56419 2.66492 2.74167 2.76369 2.87426 2.86053 2.97314 3.07317 3.13318 3.15911 
3.39511 3.36881 3.3427 3.21121 3.17286 3.0875 3.05971 2.95031 2.99602 2.72483 2.80444 2.70212 2.62396 2.57182 2.55455 2.42884 2.42381 2.24112 2.25424 2.19413 2.11732 2.06924 2.02159 1.9807 1.9503 1.86792 1.76184 1.75043 1.72396 1.66602 1.63049 1.55222 1.47026 1.44368 1.40008 1.38874 1.32985 1.26685 1.27551 1.20172 1.16895 1.14627 1.11917 1.0892 1.06589 1.04729 1.03552 1.02047 1.00984 1.00391 1 0.999423 1.00261 1.01377 1.01809 1.02533 1.04649 1.06245 1.07727 1.09489 1.13058 1.14185 1.18606 1.22769 1.24706 1.29459 1.33785 1.36219 1.43134 1.45038 1.4936 1.54304 1.566 1.63982 1.68416 1.75706 1.81216 1.85389 1.89749 1.94006 2.02835 2.07353 2.14522 2.17366 2.26185 2.3015 2.37684 2.43566 2.48021 2.55074 2.53113 2.67426 2.6772 2.73413 2.83306 2.85851 2.97639 3.05321 3.11143 3.15755 3.16009 
3.40269 3.37014 3.27141 3.19857 3.07001 3.10581 3.01784 2.95986 2.83882 2.7855 2.74089 2.67343 2.62359 2.49179 2.44676 2.41032 2.33742 2.30909 2.27755 2.13539 2.18346 2.08027 2.00202 1.91717 1.94523 1.81646 1.85478 1.69023 1.72743 1.65563 1.57286 1.55362 1.49622 1.487 1.40036 1.31172 1.30002 1.27441 1.24883 1.20941 1.18709 1.14495 1.11752 1.08685 1.06867 1.05261 1.02642 1.02357 1.01157 1.00194 1 0.999677 1.00259 1.00969 1.0164 1.03373 1.04712 1.06044 1.08347 1.11429 1.12516 1.17161 1.19303 1.23351 1.25418 1.26887 1.34204 1.35361 1.43095 1.50341 1.48212 1.53689 1.59243 1.65263 1.68831 1.74606 1.80645 1.86184 1.91323 1.97813 2.00041 2.09906 2.13292 2.19853 2.21401 2.32506 2.32309 2.45249 2.42285 2.53378 2.63716 2.59861 2.76277 2.74746 2.82623 2.93937 2.95592 3.00682 3.07697 3.15499 3.2072 
3.36349 3.29328 3.24641 3.1133 3.13431 3.06461 3.09117 2.91288 2.87063 2.76238 2.74439 2.68191 2.58835 2.51243 2.44499 2.38247 2.35081 2.31654 2.18415 2.16703 2.08717 2.06325 1.98862 2.02172 1.92572 1.85852 1.74996 1.76068 1.66241 1.61991 1.58601 1.50043 1.48847 1.44803 1.38871 1.35262 1.311 1.26552 1.22032 1.19376 1.17065 1.14656 1.11019 1.08551 1.06498 1.04757 1.02607 1.01968 1.00905 1.00296 1 1.00033 1.00382 1.01091 1.01956 1.02863 1.0402 1.07076 1.0898 1.11059 1.12738 1.15995 1.20011 1.22983 1.26155 1.32061 1.33646 1.37622 1.43014 1.49624 1.52292 1.57922 1.60163 1.634 1.68708 1.74794 1.78655 1.89902 1.89049 1.9854 2.07144 2.11011 2.10743 2.20215 2.23144 2.30085 2.38757 2.41821 2.4769 2.52652 2.64513 2.67599 2.7239 2.77218 2.89895 2.97988 3.00444 3.06693 3.06954 3.19037 3.19267 
3.42452 3.33804 3.27857 3.08589 3.13299 3.07452 2.8728 2.82406 2.81604 2.7172 2.67489 2.58428 2.60232 2.57329 2.42807 2.33873 2.37681 2.17738 2.21239 2.17307 2.07607 2.01233 2.00544 1.92863 1.84173 1.79951 1.75587 1.69645 1.65538 1.63348 1.57409 1.49342 1.45412 1.43243 1.38934 1.30614 1.30467 1.27418 1.21102 1.20915 1.1725 1.11706 1.09411 1.08887 1.06792 1.04536 1.02594 1.01114 1.00674 1.00309 1 0.999663 1.00677 1.00943 1.02618 1.03413 1.05016 1.07781 1.0864 1.11149 1.14283 1.16723 1.21617 1.24251 1.25651 1.29481 1.36036 1.39151 1.44118 1.49572 1.54309 1.56642 1.64874 1.67364 1.71606 1.76768 1.84778 1.91958 1.90239 2.01378 2.04381 2.11557 2.16398 2.23361 2.25058 2.36939 2.41307 2.47176 2.54445 2.59444 2.61677 2.71193 2.71342 2.80852 2.79641 2.92991 3.02127 3.10103 3.13492 3.18202 3.24465 
3.23593 3.22801 3.2265 3.18707 3.02759 3.06767 2.96894 2.85992 2.79775 2.70238 2.6782 2.68375 2.63488 2.47039 2.37549 2.40877 2.31942 2.24107 2.19208 2.14091 2.06932 2.04315 2.02852 1.92027 1.88942 1.85722 1.73976 1.67841 1.64726 1.62777 1.52294 1.51899 1.48046 1.38951 1.36673 1.32624 1.3024 1.25938 1.21233 1.20454 1.14941 1.11834 1.10618 1.07672 1.05589 1.02748 1.02883 1.01398 1.00431 1.00286 1 1.00203 1.00514 1.01062 1.02614 1.0326 1.05716 1.06727 1.09181 1.12125 1.13027 1.15033 1.20822 1.25686 1.27573 1.31532 1.3526 1.4039 1.46395 1.47259 1.56631 1.55386 1.6246 1.65401 1.72479 1.78238 1.85757 1.88346 1.95406 2.02878 2.04472 2.11029 2.15361 2.22251 2.28412 2.37791 2.3833 2.46387 2.53329 2.55072 2.69289 2.67817 2.76826 2.80159 2.90612 2.99675 3.06309 3.16613 3.13635 3.19974 3.2484 
3.35633 3.1663 3.24478 3.11178 2.99839 2.99218 2.92052 2.84638 2.80191 2.74614 2.68386 2.6515 2.49791 2.50941 2.41952 2.40975 2.31684 2.25069 2.23255 2.10228 2.08346 2.07721 1.98133 1.92981 1.88335 1.8158 1.77209 1.70073 1.67021 1.59726 1.56351 1.51308 1.447 1.43256 1.36715 1.3308 1.27769 1.24974 1.22197 1.1877 1.15043 1.12028 1.09604 1.073 1.05359 1.03954 1.02558 1.0149 1.00722 1.0013 1 1.00056 1.00559 1.01372 1.0216 1.03579 1.05634 1.07499 1.10633 1.11996 1.14774 1.17231 1.19052 1.25064 1.28466 1.3282 1.37262 1.41153 1.4523 1.48353 1.51336 1.57286 1.63515 1.68278 1.74748 1.77961 1.83842 1.89305 1.92211 1.98828 2.02372 2.14569 2.1909 2.2068 2.35199 2.3807 2.48812 2.44047 2.5669 2.58563 2.67073 2.75795 2.80596 2.84985 2.87202 2.95088 2.98973 3.06197 3.14161 3.21315 3.28399 
3.36187 3.17318 3.14423 3.11628 2.98413 2.92307 2.96924 2.89947 2.77689 2.69821 2.63318 2.51742 2.51218 2.46245 2.40684 2.34616 2.37571 2.20349 2.09744 2.12307 2.05125 1.97455 1.96482 1.90631 1.81801 1.80205 1.70871 1.66466 1.65145 1.58293 1.51823 1.478 1.44168 1.39761 1.36298 1.31318 1.30249 1.24795 1.1993 1.1619 1.14263 1.12143 1.09715 1.08082 1.05097 1.03536 1.02739 1.01072 1.00627 1.00126 1 1.00242 1.0066 1.01437 1.02161 1.03694 1.05993 1.07439 1.09434 1.10842 1.1254 1.19798 1.21527 1.2645 1.27069 1.30802 1.37525 1.41616 1.44632 1.48928 1.55272 1.6285 1.64295 1.67475 1.72404 1.8124 1.85528 1.92943 1.95937 2.0018 2.04756 2.15302 2.1587 2.24213 2.30677 2.37235 2.41582 2.53955 2.59025 2.59249 2.65151 2.75009 2.79665 2.9287 2.93091 2.98626 3.02729 3.06967 3.15859 3.22112 3.26606 
3.23536 3.15282 3.10769 3.05617 3.0011 2.81079 2.8223 2.80823 2.85871 2.75778 2.65982 2.51506 2.42597 2.49225 2.40838 2.29843 2.25132 2.1568 2.18143 2.16663 2.03903 1.97132 1.93989 1.86409 1.82093 1.76828 1.72046 1.67494 1.61354 1.55177 1.54284 1.47737 1.45331 1.40859 1.36737 1.29213 1.26832 1.24427 1.22627 1.16425 1.1403 1.12029 1.08938 1.07159 1.05332 1.03241 1.02752 1.01265 1.00254 1.00209 1 1.0012 1.00845 1.01441 1.03435 1.04832 1.06228 1.08434 1.09488 1.12456 1.14784 1.19604 1.21756 1.27522 1.28762 1.32583 1.36287 1.39295 1.44659 1.50256 1.57252 1.59539 1.68469 1.68637 1.75659 1.7854 1.84356 1.92109 1.95572 2.03162 2.06601 2.11918 2.16301 2.22999 2.33879 2.38011 2.45724 2.49451 2.56486 2.58451 2.72215 2.68401 2.78524 2.90978 2.93007 3.01073 3.05079 3.13064 3.12028 3.27571 3.29287 
3.27755 3.16143 3.13145 3.0186 2.97137 2.92497 2.85184 2.74591 2.78951 2.7008 2.60301 2.52463 2.55098 2.50143 2.46073 2.32765 2.19423 2.25749 2.11088 2.17297 2.04203 1.97079 1.91657 1.86483 1.82476 1.77971 1.73486 1.6734 1.62125 1.56348 1.53082 1.43006 1.43573 1.3847 1.34601 1.3196 1.24964 1.24058 1.20152 1.17782 1.10617 1.11652 1.10681 1.07715 1.04513 1.03157 1.02288 1.0113 1.00649 1.0011 1 1.00254 1.01043 1.01567 1.02431 1.043 1.0657 1.07188 1.10521 1.12057 1.16099 1.19079 1.22794 1.24854 1.3026 1.34565 1.38033 1.42133 1.44894 1.51775 1.55057 1.6038 1.63144 1.69073 1.76032 1.81958 1.83809 1.93838 1.97075 2.08075 2.07357 2.14143 2.171 2.28399 2.29856 2.43928 2.43042 2.5079 2.53226 2.65434 2.70739 2.74822 2.79889 2.88484 2.91791 3.00271 3.06047 3.15709 3.16967 3.26406 3.295 
3.16206 3.18661 3.09181 2.96879 2.94962 2.95529 2.92909 2.78206 2.73711 2.72474 2.57072 2.50255 2.54206 2.49076 2.40098 2.3459 2.34405 2.2156 2.15339 2.0864 1.98318 1.97061 1.9776 1.88981 1.79683 1.77897 1.67563 1.65789 1.61426 1.59266 1.53718 1.4687 1.44999 1.40267 1.33836 1.27628 1.27991 1.23868 1.2047 1.16465 1.11814 1.10351 1.08599 1.07073 1.03863 1.02805 1.02407 1.00575 1.00434 1.00203 1 1.00141 1.00857 1.01215 1.02625 1.03987 1.07228 1.07321 1.10309 1.13534 1.14962 1.18472 1.23555 1.26887 1.28868 1.32534 1.38146 1.43452 1.45725 1.50358 1.51959 1.61387 1.63802 1.71833 1.78277 1.7816 1.87266 1.94124 1.97646 2.03918 2.09203 2.15819 2.22362 2.23983 2.37414 2.39609 2.44237 2.49827 2.58776 2.60386 2.70099 2.76529 2.78105 2.8974 3.01955 3.00377 3.09475 3.13618 3.14678 3.24328 3.3487 
3.22585 3.18545 3.1024 3.03786 2.90055 2.88409 2.87584 2.83471 2.67967 2.66731 2.59342 2.60662 2.48912 2.39489 2.34061 2.25696 2.22082 2.13842 2.14578 2.08902 2.03313 1.93694 1.96519 1.89246 1.77708 1.75976 1.70978 1.65757 1.62127 1.57262 1.50103 1.45594 1.40929 1.37365 1.32819 1.30894 1.2685 1.23227 1.20503 1.1753 1.12628 1.11368 1.07967 1.06131 1.04506 1.03448 1.02885 1.00934 1.00636 0.999178 1 1.00216 1.01193 1.01661 1.02244 1.04058 1.06162 1.08392 1.11215 1.13133 1.16002 1.18697 1.23812 1.2636 1.31001 1.35851 1.38901 1.40896 1.45664 1.48065 1.55976 1.62069 1.64086 1.7338 1.74709 1.82546 1.87483 1.92842 1.97056 2.04181 2.05813 2.17621 2.20424 2.27225 2.39755 2.41335 2.42164 2.52798 2.62606 2.61561 2.7294 2.73301 2.79049 2.86801 3.00461 2.97468 3.12956 3.14331 3.20826 3.29448 3.32405 
3.18154 3.1018 2.9794 2.9276 2.90177 2.86554 2.87955 2.78434 2.73258 2.62889 2.60812 2.48692 2.47228 2.39176 2.36579 2.33871 2.26798 2.15926 2.12573 2.07435 2.02086 1.98515 1.93502 1.84664 1.81765 1.71825 1.66795 1.67544 1.56968 1.53601 1.49392 1.44812 1.41909 1.39813 1.33166 1.29882 1.26639 1.20932 1.1788 1.15085 1.13495 1.10346 1.08417 1.07023 1.04093 1.02742 1.01373 1.01121 1.00158 1.00095 1 1.00188 1.01046 1.02258 1.03116 1.04058 1.06632 1.08126 1.11511 1.12765 1.17672 1.19128 1.22046 1.27196 1.30173 1.35682 1.39791 1.45456 1.46472 1.53527 1.56045 1.59536 1.65706 1.71538 1.79473 1.85819 1.87873 1.95032 1.9694 2.03665 2.10902 2.17439 2.20586 2.29428 2.35562 2.42484 2.45727 2.53325 2.60344 2.62208 2.67828 2.77727 2.83083 2.89909 2.97302 3.01729 3.15919 3.19172 3.20164 3.27968 3.3666 
3.25817 3.15156 3.04781 2.96811 2.94789 2.81174 2.77343 2.72364 2.74239 2.62158 2.57876 2.60644 2.46024 2.35421 2.30871 2.27652 2.22808 2.15497 2.12846 2.05338 2.00593 1.93068 1.89223 1.83926 1.78132 1.73732 1.69481 1.62446 1.63169 1.57838 1.49215 1.44892 1.43906 1.38359 1.32378 1.25362 1.28759 1.20876 1.20125 1.13475 1.1374 1.09751 1.07931 1.06734 1.04588 1.03531 1.01588 1.01059 1.00345 1.00049 1 1.00525 1.01047 1.01543 1.02705 1.05307 1.05908 1.08482 1.12479 1.14349 1.16117 1.19373 1.23354 1.2631 1.3154 1.34182 1.38668 1.45859 1.46309 1.52548 1.58026 1.62168 1.70068 1.71109 1.76807 1.85136 1.90807 1.96782 2.02222 2.04507 2.08794 2.18141 2.23688 2.22792 2.3475 2.43596 2.48264 2.52956 2.64982 2.65364 2.73702 2.69795 2.84512 2.84626 2.93106 3.05572 3.13548 3.16721 3.20224 3.33985 3.37286 
3.11877 2.99578 3.10187 2.98909 2.88591 2.82915 2.91854 2.78006 2.72038 2.57903 2.61688 2.4706 2.53002 2.39637 2.37787 2.31251 2.22651 2.13523 2.08774 2.0869 2.04634 1.91292 1.8716 1.81389 1.82977 1.76108 1.70514 1.62337 1.61531 1.53255 1.52002 1.44389 1.38778 1.39133 1.3243 1.28143 1.27081 1.2169 1.19195 1.14342 1.13735 1.09846 1.08631 1.0699 1.04619 1.02302 1.01446 1.00881 1.00333 0.99827 1 1.00468 1.00644 1.01566 1.03232 1.04273 1.06352 1.08078 1.10857 1.14316 1.16699 1.19706 1.2482 1.28627 1.30354 1.36353 1.37469 1.45633 1.47409 1.51225 1.56885 1.624 1.68528 1.74817 1.80127 1.83545 1.88167 1.92393 1.98168 2.04767 2.11345 2.17216 2.21601 2.29304 2.36951 2.44458 2.44433 2.5309 2.62375 2.68769 2.73882 2.73885 2.87746 2.92651 2.97363 3.07692 3.1181 3.1996 3.24206 3.2775 3.31684 
3.14039 3.06169 3.04323 2.86204 2.92225 2.86323 2.81768 2.68854 2.65424 2.62881 2.43157 2.43566 2.44907 2.42282 2.29534 2.24079 2.2275 2.16259 2.12656 2.02689 2.01842 1.89769 1.89447 1.7997 1.80355 1.75424 1.68039 1.60839 1.59438 1.51191 1.49398 1.47359 1.4426 1.3543 1.32429 1.28409 1.25622 1.19604 1.1904 1.13751 1.12353 1.09747 1.07424 1.0638 1.04107 1.02331 1.01318 1.00396 1.00158 0.99952 1 1.00302 1.01176 1.02618 1.03768 1.04962 1.0699 1.09155 1.12235 1.13105 1.17351 1.20204 1.23194 1.28284 1.30914 1.37462 1.39413 1.45094 1.48841 1.54056 1.55935 1.61802 1.6479 1.71759 1.79904 1.82556 1.91524 1.99986 2.02069 2.06952 2.11898 2.10288 2.22904 2.26848 2.35919 2.43935 2.47805 2.49681 2.65101 2.69299 2.72734 2.80504 2.87204 3.00823 2.95034 3.04341 3.11805 3.18836 3.22294 3.33131 3.40984 
3.12013 3.01009 3.04601 2.89721 3.01111 2.8431 2.80759 2.76939 2.74992 2.62792 2.50821 2.47688 2.39945 2.38004 2.27462 2.31241 2.21496 2.18487 2.09525 2.0851 1.94477 1.91588 1.8732 1.8025 1.79749 1.71013 1.62983 1.62472 1.59024 1.55017 1.49893 1.41613 1.38235 1.36542 1.31954 1.24591 1.24442 1.22685 1.16901 1.15359 1.12317 1.09786 1.08749 1.05665 1.03991 1.02973 1.01519 1.00962 1.00095 1.0002 1 1.00383 1.00642 1.01893 1.03399 1.0503 1.06817 1.10181 1.11119 1.14329 1.17145 1.21399 1.2348 1.27928 1.30881 1.33246 1.38659 1.42485 1.4883 1.52147 1.5854 1.64816 1.67751 1.72247 1.78704 1.87753 1.89646 1.91499 2.04277 2.076 2.12425 2.19163 2.24363 2.31343 2.40733 2.44544 2.51605 2.55116 2.65898 2.67816 2.73621 2.8351 2.88614 2.88975 2.97904 2.98832 3.11713 3.18656 3.26025 3.30114 3.38488 
3.13377 3.02818 3.13984 2.8973 2.91226 2.75092 2.70937 2.69274 2.58068 2.56389 2.58661 2.4914 2.42191 2.3356 2.34518 2.25779 2.16781 2.13648 2.08076 2.07154 1.99767 1.94437 1.87229 1.78908 1.74341 1.69638 1.66774 1.63058 1.57446 1.52834 1.4699 1.44189 1.39091 1.33956 1.30095 1.2583 1.26699 1.20861 1.17814 1.14788 1.11702 1.09677 1.07933 1.04558 1.04323 1.02558 1.01943 1.00372 1.00027 0.998303 1 1.00486 1.01383 1.02301 1.02996 1.04847 1.07396 1.08159 1.1223 1.15327 1.17334 1.21826 1.25086 1.28157 1.30764 1.34462 1.38825 1.4414 1.50753 1.54439 1.56758 1.64298 1.69429 1.72183 1.80548 1.85652 1.90747 1.94979 2.04859 2.06503 2.13696 2.22056 2.20148 2.31508 2.39389 2.43057 2.50971 2.55585 2.61237 2.6594 2.73066 2.78943 2.85356 2.92858 2.99675 3.03088 3.10503 3.17232 3.26675 3.33661 3.38294 
3.05412 3.12571 3.04699 2.85998 2.81368 2.82253 2.80702 2.83282 2.67223 2.56336 2.55024 2.35281 2.55018 2.39072 2.25691 2.23952 2.19742 2.09618 2.12765 1.96966 1.96734 1.94131 1.8796 1.80575 1.74506 1.71662 1.68326 1.62474 1.58098 1.55998 1.46787 1.43812 1.40581 1.33814 1.3408 1.29601 1.25461 1.19012 1.17167 1.13602 1.12341 1.10411 1.06979 1.05218 1.03512 1.03231 1.01535 1.00436 0.998977 0.9993 1 1.00456 1.00984 1.02254 1.03109 1.05411 1.06744 1.10542 1.12581 1.14261 1.16897 1.19929 1.2476 1.28578 1.32394 1.34948 1.40295 1.45832 1.50835 1.54965 1.58393 1.58328 1.70173 1.75104 1.79364 1.84961 1.88937 1.95115 2.01786 2.09048 2.17217 2.20636 2.277 2.31269 2.3861 2.4913 2.47305 2.55149 2.62313 2.65729 2.77651 2.77459 2.85335 2.99485 3.03021 3.0649 3.19318 3.15684 3.26524 3.30418 3.34197 
3.10204 3.00341 3.02622 2.97462 2.94005 2.78306 2.84042 2.70894 2.54681 2.57738 2.58572 2.53832 2.44714 2.38902 2.309 2.25732 2.19055 2.12088 2.06356 2.05064 1.94392 1.89589 1.91333 1.81593 1.72213 1.72302 1.72219 1.58995 1.57051 1.50479 1.47538 1.41704 1.40676 1.33449 1.32284 1.29039 1.23948 1.20545 1.17829 1.1571 1.1339 1.1011 1.0713 1.04821 1.03878 1.02487 1.00917 1.00907 1.00066 0.999489 1 1.00441 1.01415 1.02175 1.02894 1.0526 1.07679 1.09405 1.11991 1.15215 1.18661 1.19504 1.2282 1.28876 1.30743 1.36195 1.39866 1.44361 1.49729 1.53735 1.59746 1.63838 1.6634 1.74403 1.80567 1.86643 1.88852 1.96427 2.00665 2.08174 2.12565 2.21812 2.25219 2.31433 2.3954 2.45925 2.527 2.59441 2.66722 2.67241 2.78386 2.86564 2.8944 2.96453 3.03915 3.08585 3.11652 3.18999 3.24534 3.32335 3.4383 
3.10315 3.11862 2.92528 2.96179 2.86313 2.86017 2.79827 2.6647 2.61083 2.60646 2.59526 2.4336 2.4115 2.35674 2.26084 2.23627 2.15455 2.12563 2.0233 2.02407 1.93378 1.86177 1.85277 1.80745 1.78942 1.7157 1.68249 1.62532 1.56688 1.52594 1.48101 1.43596 1.39121 1.35737 1.32949 1.30519 1.22843 1.19845 1.16513 1.14376 1.12439 1.09922 1.06879 1.06674 1.03437 1.0291 1.01521 1.00449 0.997662 0.999108 1 1.00619 1.01231 1.02425 1.03988 1.04738 1.06511 1.09366 1.12668 1.14641 1.18488 1.20443 1.25194 1.27885 1.32588 1.34038 1.41095 1.45376 1.50427 1.53924 1.58823 1.65377 1.6887 1.7646 1.79527 1.87681 1.91885 1.96686 2.0111 2.09421 2.14295 2.20639 2.26087 2.38703 2.38192 2.49309 2.48884 2.58223 2.65162 2.71143 2.73584 2.83182 2.93604 2.99122 3.02987 3.0817 3.12227 3.21782 3.30075 3.24781 3.41755 
3.07344 3.00015 2.91394 2.93646 2.86073 2.77783 2.67904 2.6219 2.61155 2.62171 2.50926 2.48442 2.4137 2.33456 2.32692 2.2777 2.16119 2.10003 2.02393 2.02258 1.94458 1.91961 1.84717 1.77885 1.74274 1.73718 1.6612 1.61033 1.56016 1.51561 1.46057 1.42459 1.36986 1.3462 1.31101 1.29842 1.22587 1.20536 1.19096 1.14436 1.11069 1.11105 1.06381 1.04163 1.03912 1.02152 1.00758 1.00491 1.00078 0.999201 1 1.00524 1.01242 1.01724 1.02869 1.05994 1.06909 1.09255 1.12085 1.14229 1.18111 1.21051 1.24168 1.28947 1.32722 1.36003 1.39339 1.47411 1.50853 1.53478 1.58745 1.62758 1.71024 1.72978 1.77823 1.87257 1.92058 1.98457 1.99905 2.10023 2.17057 2.22849 2.30111 2.30991 2.34835 2.41811 2.49344 2.56621 2.64425 2.73859 2.72673 2.81928 2.88089 2.96451 3.06052 3.0605 3.09948 3.22585 3.24128 3.28214 3.45788 
3.01402 2.99857 2.95956 2.85922 2.90266 2.77001 2.78519 2.694 2.67057 2.53326 2.44418 2.45916 2.38676 2.27422 2.22891 2.19639 2.17695 2.10573 2.1177 1.97637 1.97516 1.89377 1.86163 1.81807 1.76404 1.6869 1.63227 1.61975 1.5855 1.51547 1.4661 1.44128 1.3841 1.31572 1.31075 1.28579 1.25917 1.20501 1.15489 1.13825 1.12966 1.09642 1.08607 1.06047 1.03241 1.01273 1.00342 1.00665 0.999558 0.998004 1 1.0053 1.0101 1.01956 1.03053 1.06081 1.07986 1.09842 1.11896 1.14804 1.16335 1.20328 1.25867 1.3049 1.35156 1.36041 1.4074 1.45518 1.51781 1.53493 1.59229 1.62509 1.71815 1.72447 1.79704 1.83024 1.96377 1.95339 2.02378 2.09859 2.14887 2.18457 2.23766 2.29736 2.35401 2.42184 2.49675 2.56729 2.6401 2.71362 2.77371 2.80373 2.89723 2.96459 3.05089 3.09372 3.18838 3.21304 3.32353 3.32763 3.34281 
3.12724 3.0296 2.87995 2.92481 2.95231 2.89696 2.74878 2.71672 2.55414 2.63428 2.49724 2.43974 2.39268 2.35498 2.28831 2.18574 2.19362 2.10375 2.06996 1.99528 1.94138 1.89027 1.86578 1.79984 1.78262 1.66644 1.67005 1.60356 1.54163 1.52667 1.46359 1.38241 1.38826 1.32141 1.29471 1.26219 1.24744 1.19108 1.17129 1.15008 1.10931 1.08794 1.07894 1.05582 1.02999 1.01746 1.01516 0.999488 1.00161 0.998206 1 1.0059 1.01162 1.02374 1.03476 1.04877 1.08859 1.09637 1.1183 1.14683 1.186 1.21459 1.23611 1.29469 1.31078 1.35732 1.39317 1.43875 1.50695 1.55698 1.58867 1.64947 1.72914 1.75762 1.80837 1.8757 1.92826 1.95632 2.0527 2.1011 2.20296 2.19413 2.26934 2.35681 2.4318 2.43221 2.49934 2.57846 2.62859 2.72765 2.7104 2.83593 2.86909 2.94981 3.02611 3.11457 3.17344 3.18995 3.31609 3.3775 3.38421 
3.10106 2.99794 3.06366 2.93447 2.82399 2.78582 2.68782 2.76031 2.6089 2.51463 2.51254 2.4277 2.35991 2.31206 2.22811 2.23191 2.12264 2.16123 2.01708 1.96459 1.9622 1.88711 1.85997 1.80132 1.75167 1.66445 1.68506 1.62114 1.5388 1.53383 1.51281 1.41946 1.35839 1.34962 1.25403 1.28259 1.24094 1.2193 1.17208 1.15092 1.1198 1.09255 1.07289 1.04929 1.04163 1.02282 1.01665 1.00909 1.00223 0.997348 1 1.00568 1.01029 1.02638 1.03235 1.05328 1.07122 1.08768 1.13026 1.1426 1.18712 1.20964 1.25736 1.27341 1.32712 1.38829 1.42064 1.44203 1.48768 1.54483 1.59073 1.6726 1.70333 1.75708 1.84006 1.85157 1.92845 1.98506 2.05356 2.09725 2.14082 2.17806 2.24385 2.32069 2.40752 2.44162 2.51376 2.55072 2.69598 2.71765 2.71446 2.84917 2.91006 2.94652 3.07854 3.10596 3.07356 3.27419 3.30835 3.3363 3.3916 
3.03454 3.04843 2.94754 2.90725 2.78184 2.7896 2.67926 2.65122 2.5431 2.5774 2.46628 2.53448 2.3782 2.38843 2.30885 2.17312 2.1493 2.11368 2.09866 2.02423 1.95663 1.85696 1.88182 1.74868 1.76272 1.70022 1.68392 1.5759 1.57439 1.51148 1.47996 1.40941 1.39216 1.31852 1.28807 1.25423 1.22184 1.20203 1.17479 1.1293 1.11461 1.08222 1.05693 1.06022 1.03533 1.01748 1.01285 1.00975 0.997197 0.998968 1 1.00373 1.01408 1.02377 1.04202 1.05467 1.07662 1.0958 1.1175 1.15045 1.19552 1.20881 1.23705 1.28761 1.32269 1.37345 1.40649 1.46307 1.50423 1.52903 1.60863 1.6308 1.70497 1.77773 1.76622 1.88638 1.90507 1.98243 2.06853 2.08187 2.14664 2.20167 2.2855 2.33834 2.43751 2.47485 2.53738 2.58935 2.60098 2.63948 2.74365 2.84713 2.90915 2.9719 3.04012 3.12358 3.17875 3.15812 3.28608 3.3606 3.33679 
2.9751 3.10241 2.99637 2.83859 2.87742 2.77325 2.81547 2.72168 2.60479 2.61133 2.47425 2.46932 2.40789 2.31126 2.24586 2.22015 2.14641 2.09268 2.01114 1.99975 1.90749 1.91178 1.83249 1.78138 1.74226 1.72536 1.65059 1.58894 1.54693 1.52821 1.44905 1.39026 1.39042 1.34079 1.3281 1.26734 1.24929 1.20262 1.17368 1.14731 1.11855 1.08104 1.05697 1.03701 1.03927 1.01738 1.01193 1.00253 0.998645 0.996945 1 1.00505 1.013 1.01918 1.04375 1.05514 1.08368 1.09271 1.12857 1.1336 1.19322 1.20885 1.25634 1.28381 1.32411 1.36853 1.42137 1.46972 1.52108 1.52842 1.59561 1.6441 1.67174 1.74329 1.77487 1.84057 1.90113 1.98413 2.04073 2.08524 2.18686 2.24405 2.28896 2.35381 2.39585 2.48741 2.51867 2.62145 2.62628 2.73532 2.74621 2.80617 2.94748 3.01546 3.01991 3.08357 3.1804 3.1863 3.34848 3.35268 3.43324 
3.10143 3.10677 2.85503 2.95901 2.88241 2.86902 2.74816 2.68542 2.64306 2.50512 2.4602 2.45386 2.35141 2.31579 2.30024 2.17939 2.17102 2.1157 2.14103 2.01248 1.94062 1.86437 1.83053 1.78941 1.77366 1.69893 1.67656 1.60044 1.52916 1.51352 1.49569 1.39792 1.39182 1.33007 1.3382 1.24643 1.25118 1.2036 1.16066 1.13974 1.11408 1.07312 1.06869 1.04867 1.03221 1.02386 1.01144 1.00443 1.00275 0.998992 1 1.00345 1.01507 1.02087 1.04379 1.05293 1.07542 1.09929 1.13535 1.14535 1.1837 1.20761 1.24021 1.28382 1.34988 1.38769 1.41301 1.44904 1.49014 1.55311 1.59172 1.65865 1.67874 1.75616 1.82739 1.86891 1.89541 1.99302 2.03064 2.10387 2.15265 2.22075 2.24806 2.35155 2.37971 2.47439 2.51727 2.58508 2.64259 2.69282 2.73864 2.82552 2.93574 2.94805 2.94069 3.10264 3.1416 3.25535 3.27697 3.36393 3.38104 
3.11728 3.01242 3.05299 2.98302 2.79586 2.81237 2.73671 2.67773 2.56188 2.5757 2.4385 2.47177 2.34448 2.33424 2.24927 2.17921 2.15841 2.16112 2.07259 2.00817 1.95383 1.84816 1.85842 1.80757 1.78187 1.69084 1.64948 1.64839 1.54485 1.47632 1.4653 1.44143 1.37403 1.37412 1.2832 1.25453 1.23557 1.20806 1.16156 1.15126 1.11984 1.08093 1.07914 1.05033 1.04053 1.02401 1.00685 1.00109 0.999719 0.998746 1 1.00592 1.01315 1.02347 1.03673 1.05784 1.08339 1.09718 1.12396 1.15307 1.17742 1.21519 1.24877 1.29785 1.34284 1.33943 1.41634 1.47228 1.50048 1.57273 1.61721 1.63994 1.71471 1.75564 1.80379 1.83702 1.90452 1.96633 2.01059 2.07466 2.1322 2.2207 2.25681 2.3272 2.39931 2.45728 2.49957 2.62196 2.6471 2.73227 2.74265 2.84425 2.93777 2.93165 3.04337 3.08961 3.17014 3.24829 3.30266 3.32286 3.45054 
3.09778 3.10621 3.04727 2.89407 2.89644 2.82037 2.68317 2.65908 2.59487 2.55943 2.46732 2.49823 2.39837 2.36366 2.29787 2.20845 2.2335 2.11079 2.06132 2.01692 1.95015 1.9268 1.80056 1.79086 1.70907 1.69234 1.65433 1.57145 1.52435 1.53972 1.43528 1.39281 1.37094 1.35267 1.30543 1.22902 1.19887 1.19906 1.15152 1.13336 1.1182 1.0899 1.06859 1.04896 1.03223 1.02218 1.01054 1.00286 1.00024 0.998998 1 1.00595 1.01432 1.02288 1.03915 1.06556 1.07332 1.09174 1.1281 1.13916 1.17358 1.22898 1.25675 1.29761 1.32711 1.37428 1.40494 1.47016 1.49464 1.57869 1.6335 1.66899 1.6863 1.77552 1.77613 1.89749 1.92389 1.95266 2.06103 2.09971 2.14561 2.22335 2.30693 2.37072 2.38771 2.42524 2.53266 2.58945 2.62348 2.72266 2.78744 2.89244 2.91458 2.95133 3.05636 3.07714 3.16253 3.27657 3.28407 3.32163 3.42176 
3.12019 3.1202 2.90199 2.92659 2.82815 2.76186 2.77376 2.60288 2.55372 2.55001 2.39469 2.49304 2.37736 2.37989 2.31181 2.21411 2.18507 2.07202 2.01249 1.97754 1.96605 1.89172 1.82466 1.76288 1.79185 1.67554 1.64297 1.5914 1.56388 1.50017 1.47167 1.40168 1.35853 1.34895 1.27457 1.28521 1.2141 1.19755 1.17826 1.13369 1.12014 1.09785 1.07064 1.04105 1.03915 1.01729 1.01325 1.0042 0.99844 0.996947 1 1.00482 1.01518 1.02158 1.03782 1.05455 1.07776 1.09915 1.13319 1.15416 1.18143 1.21798 1.24092 1.29761 1.32155 1.37751 1.40674 1.46608 1.53038 1.52278 1.61329 1.63776 1.6952 1.80354 1.796 1.84616 1.897 1.95833 2.02585 2.11283 2.19432 2.22915 2.29878 2.32709 2.38134 2.47013 2.49197 2.53422 2.61412 2.75154 2.78318 2.81889 2.88513 2.97779 3.05083 3.06823 3.16658 3.25597 3.26808 3.3611 3.40049 
3.01876 3.07871 2.90969 2.81782 2.81043 2.80784 2.66731 2.64462 2.6842 2.54328 2.44351 2.45832 2.3799 2.30583 2.30025 2.21925 2.15678 2.11938 2.07235 2.08199 1.95223 1.87624 1.85141 1.8063 1.75989 1.6871 1.66745 1.59267 1.54912 1.4985 1.45767 1.41373 1.39155 1.33543 1.33154 1.23246 1.22331 1.18305 1.16279 1.13746 1.12142 1.09523 1.06475 1.05396 1.03144 1.02483 1.00659 1.00839 1.00283 0.998474 1 1.00561 1.01319 1.02331 1.03806 1.05624 1.07465 1.10442 1.11965 1.15846 1.18524 1.20886 1.23001 1.30919 1.33244 1.36135 1.43235 1.46358 1.49712 1.53544 1.58521 1.64324 1.73494 1.74602 1.80822 1.86078 1.8869 1.99623 2.02925 2.13665 2.15525 2.23181 2.27364 2.35644 2.41602 2.43331 2.48919 2.61982 2.656 2.72821 2.79319 2.81762 2.90375 2.98944 2.99261 3.12615 3.21419 3.25541 3.29532 3.35064 3.43475 
3.02198 2.95324 2.9643 2.88531 2.85993 2.80997 2.67944 2.6895 2.58755 2.55563 2.44131 2.43201 2.33163 2.31375 2.28059 2.20326 2.14917 2.10863 2.08928 1.9822 1.93311 1.89133 1.8813 1.76497 1.6952 1.65183 1.62569 1.56918 1.59568 1.46505 1.4778 1.4519 1.35094 1.33102 1.31908 1.235 1.2384 1.20034 1.16069 1.12935 1.10577 1.09298 1.0641 1.06369 1.03842 1.01717 1.00935 1.00171 0.997636 0.998167 1 1.0047 1.01321 1.02598 1.04225 1.04786 1.07578 1.09971 1.11596 1.16422 1.17677 1.21826 1.26387 1.29892 1.31276 1.36814 1.43728 1.473 1.49534 1.5706 1.6056 1.66261 1.71722 1.76895 1.80622 1.86354 1.9383 1.99233 1.99508 2.10249 2.11428 2.20217 2.26696 2.28822 2.40569 2.45669 2.52398 2.55008 2.63694 2.72476 2.78612 2.8539 2.88749 3.03667 3.05351 3.08899 3.12565 3.23011 3.29822 3.44109 3.43263 
3.05235 3.01168 2.94468 2.93121 2.83863 2.79028 2.63442 2.63734 2.64697 2.61558 2.49302 2.41099 2.35528 2.32163 2.29446 2.1479 2.12918 2.09645 2.05577 1.96176 1.92369 1.87134 1.81047 1.78416 1.74257 1.68241 1.62337 1.61162 1.57667 1.47912 1.42844 1.42768 1.37464 1.33605 1.29744 1.28592 1.20849 1.20915 1.17035 1.13881 1.10571 1.08595 1.06382 1.052 1.04181 1.01659 1.00402 1.00269 0.997406 0.998538 1 1.00511 1.01319 1.02557 1.035 1.05629 1.07468 1.10576 1.12565 1.14525 1.1787 1.21873 1.24382 1.29161 1.33496 1.35169 1.415 1.44428 1.51221 1.55808 1.59176 1.65837 1.70859 1.77966 1.83334 1.86874 1.94215 1.96842 2.0173 2.10144 2.1604 2.25004 2.26831 2.35034 2.44448 2.51175 2.52164 2.60143 2.66347 2.66054 2.80775 2.83602 2.91932 2.97439 3.05281 3.08733 3.14055 3.2237 3.26033 3.32652 3.44854 
2.98923 3.00324 3.0102 2.83334 2.93437 2.69702 2.71572 2.6618 2.55116 2.61968 2.43698 2.40773 2.39 2.32221 2.23395 2.20239 2.18791 2.10551 2.05467 1.97564 1.93465 1.87766 1.84036 1.7679 1.74446 1.7069 1.61738 1.63983 1.56008 1.52148 1.45192 1.40991 1.37465 1.33622 1.2966 1.24746 1.22583 1.2065 1.17949 1.15052 1.09198 1.09524 1.06308 1.05278 1.03353 1.02508 1.01069 1.00246 0.997111 0.997723 1 1.00508 1.01269 1.02347 1.04144 1.05144 1.07885 1.096 1.1292 1.1435 1.18204 1.22126 1.26828 1.3013 1.35231 1.38498 1.42028 1.47325 1.51024 1.55253 1.6141 1.6452 1.70184 1.77341 1.80786 1.8859 1.91424 1.98639 2.0402 2.12113 2.13791 2.22055 2.26434 2.34376 2.39872 2.47418 2.49095 2.59519 2.649 2.73288 2.75769 2.8081 2.94129 2.97572 3.0462 3.09073 3.2048 3.21473 3.28767 3.40866 3.45544 
3.04772 3.07004 2.88774 2.88554 2.86586 2.83201 2.68716 2.66408 2.63308 2.58191 2.44428 2.52714 2.37397 2.35259 2.29363 2.20471 2.15004 2.09019 2.03457 2.00414 1.9277 1.89022 1.81947 1.80782 1.7522 1.66022 1.64512 1.58565 1.55389 1.53029 1.4791 1.42536 1.34888 1.31275 1.29838 1.25576 1.23548 1.19574 1.14786 1.13215 1.10057 1.07767 1.05811 1.04899 1.02681 1.01782 1.01137 1.00011 0.997067 0.997422 1 1.00447 1.01409 1.0218 1.03956 1.05837 1.0799 1.10432 1.1199 1.15459 1.18027 1.22208 1.25141 1.29513 1.33761 1.34985 1.41281 1.45027 1.50262 1.55386 1.61722 1.68543 1.69856 1.77416 1.80324 1.85026 1.93616 1.97772 2.05078 2.12338 2.14571 2.26524 2.28133 2.40579 2.40969 2.49074 2.50101 2.60598 2.66367 2.71371 2.76099 2.7926 2.9011 2.96921 3.02669 3.1329 3.15071 3.17784 3.36305 3.35147 3.51877 
3.0933 3.07519 2.944 2.83056 2.73708 2.75961 2.64173 2.71967 2.66231 2.60908 2.49285 2.49908 2.41275 2.38269 2.29633 2.19299 2.14299 2.08166 2.07843 2.01579 1.91233 1.89563 1.81391 1.76913 1.7254 1.71845 1.64923 1.62488 1.58195 1.51011 1.46858 1.37116 1.35578 1.32499 1.30845 1.26358 1.22088 1.22268 1.15044 1.14184 1.10514 1.07658 1.0753 1.05309 1.02273 1.02635 1.00533 1.00115 1.0013 0.99724 1 1.0049 1.01462 1.0272 1.04518 1.0559 1.0706 1.08952 1.12761 1.1617 1.1808 1.21116 1.26588 1.28778 1.34615 1.37714 1.40538 1.46824 1.50797 1.55923 1.60684 1.65459 1.69177 1.71526 1.82496 1.90782 1.97201 1.96471 2.00693 2.10537 2.121 2.1699 2.25886 2.3932 2.47125 2.4242 2.51247 2.57665 2.58775 2.71377 2.76121 2.79712 2.88761 2.97906 2.98827 3.07071 3.13471 3.26131 3.29223 3.37936 3.43728 
2.99042 2.93962 2.94218 2.81761 2.85615 2.69723 2.72682 2.6691 2.59164 2.57175 2.48816 2.43891 2.35152 2.31826 2.22108 2.13836 2.16686 2.10818 2.05542 1.91194 1.92668 1.87061 1.85051 1.79987 1.70793 1.67002 1.628 1.58411 1.50414 1.49197 1.45796 1.40806 1.40218 1.30981 1.28597 1.24981 1.20282 1.17788 1.16673 1.1295 1.12065 1.08101 1.06348 1.04064 1.04337 1.0144 1.01116 1.00612 1.0006 0.998174 1 1.00538 1.01379 1.02719 1.04041 1.05323 1.07828 1.099 1.1338 1.14933 1.16926 1.22092 1.26645 1.27826 1.33888 1.37776 1.44156 1.46355 1.50029 1.54044 1.60969 1.65425 1.70644 1.77124 1.80578 1.85643 1.93549 2.01977 2.05303 2.09929 2.17598 2.22339 2.25181 2.32737 2.41375 2.46561 2.53882 2.60972 2.65719 2.71657 2.84461 2.86442 2.93077 2.98501 3.05673 3.08672 3.17296 3.23109 3.32004 3.38302 3.42531 
3.00053 2.93397 2.98251 2.89404 2.84944 2.78518 2.67219 2.6205 2.61837 2.49198 2.53592 2.38208 2.41498 2.30717 2.29462 2.27399 2.12765 2.07641 2.03197 2.03267 1.96823 1.90894 1.79927 1.81515 1.73317 1.67854 1.64059 1.58161 1.54976 1.48586 1.47306 1.43224 1.36488 1.35337 1.25737 1.26775 1.23874 1.20685 1.15298 1.13693 1.11875 1.09032 1.056 1.05124 1.02736 1.01498 1.01485 1.0016 1.00055 0.997756 1 1.00446 1.01374 1.02444 1.04036 1.05516 1.07822 1.1065 1.1287 1.15419 1.19225 1.20961 1.25241 1.30851 1.32255 1.39615 1.43796 1.45733 1.52441 1.55292 1.6088 1.65194 1.69263 1.74378 1.81065 1.89182 1.94852 1.99203 2.05051 2.09625 2.18299 2.227 2.27373 2.33887 2.43311 2.47713 2.54122 2.60689 2.60119 2.72932 2.7897 2.86291 2.96619 3.03817 3.09847 3.10687 3.22743 3.31887 3.31981 3.39987 3.39312 
3.11109 2.95472 3.04267 2.93742 2.8164 2.73977 2.68713 2.59507 2.59427 2.47858 2.51197 2.39965 2.40687 2.32834 2.2228 2.21103 2.20394 2.08862 2.10332 1.96259 1.92467 1.87585 1.82718 1.84572 1.75921 1.68606 1.6313 1.58115 1.5335 1.50491 1.44535 1.42026 1.34211 1.33147 1.28265 1.2603 1.23893 1.18772 1.17656 1.12552 1.09803 1.08377 1.07183 1.03506 1.02976 1.01274 1.00781 1.00089 0.998412 0.99667 1 1.00592 1.01668 1.02323 1.03995 1.04874 1.07208 1.09108 1.12553 1.15825 1.18709 1.21998 1.24868 1.28951 1.33367 1.38283 1.42552 1.45157 1.53792 1.56206 1.61436 1.658 1.71803 1.7398 1.80729 1.92252 1.92418 2.00261 2.02588 2.1416 2.17247 2.25425 2.27071 2.35531 2.41013 2.47113 2.50088 2.57616 2.63977 2.72012 2.81574 2.86146 2.90392 2.93847 2.98977 3.13789 3.17824 3.28309 3.26135 3.33114 3.4148 
3.08801 3.01422 2.94004 2.91196 2.79031 2.7995 2.65704 2.6516 2.56131 2.55342 2.52552 2.41804 2.34934 2.32267 2.29033 2.15524 2.1106 2.12389 2.03667 2.00338 1.93189 1.91404 1.81642 1.85342 1.70308 1.68868 1.61485 1.60103 1.55068 1.48686 1.44045 1.41459 1.36179 1.35234 1.30799 1.24359 1.22431 1.16555 1.16988 1.13981 1.11466 1.08445 1.06433 1.04621 1.02702 1.01616 1.00978 0.999784 1.00032 0.996436 1 1.00497 1.01671 1.0285 1.04769 1.05616 1.0827 1.09779 1.13026 1.15123 1.18283 1.20769 1.25597 1.29636 1.31589 1.38561 1.41096 1.45353 1.50633 1.54288 1.59855 1.65769 1.70762 1.75733 1.82888 1.89344 1.89268 1.99812 2.04518 2.08823 2.15692 2.24459 2.29792 2.36534 2.44377 2.44804 2.53228 2.61165 2.6973 2.7308 2.7812 2.83018 2.9195 2.92128 3.07088 3.08157 3.22247 3.27154 3.27022 3.32554 3.42645 
2.95174 3.05607 2.89329 2.87056 2.90811 2.76692 2.74032 2.64199 2.58357 2.51123 2.49165 2.43587 2.35503 2.33939 2.23408 2.1649 2.13114 2.10332 2.03619 2.01293 2.00698 1.89409 1.77951 1.77882 1.75808 1.67946 1.62985 1.55734 1.5618 1.51767 1.43863 1.41285 1.36845 1.34871 1.29058 1.25243 1.21139 1.18499 1.1748 1.14013 1.10805 1.0905 1.06592 1.05438 1.02959 1.01876 1.01036 1.00334 0.995993 0.996438 1 1.00576 1.01313 1.02277 1.04409 1.06354 1.06676 1.09409 1.12243 1.16016 1.18308 1.20752 1.25842 1.29654 1.32405 1.3785 1.43045 1.46128 1.50867 1.55557 1.59795 1.64573 1.68629 1.74218 1.83747 1.84631 1.91148 2.01745 2.04999 2.0838 2.15584 2.2113 2.2646 2.35097 2.46074 2.4656 2.55458 2.61587 2.59193 2.76833 2.78611 2.87726 2.88738 2.97675 3.05351 3.15557 3.17211 3.2403 3.32412 3.3898 3.46181 
2.99676 2.91305 2.94477 2.85474 2.84897 2.77182 2.79281 2.6931 2.59241 2.52491 2.52312 2.31399 2.3733 2.36934 2.22665 2.21241 2.12208 2.09409 2.00989 1.95439 1.96848 1.89864 1.81741 1.78677 1.76967 1.70053 1.63395 1.58866 1.55179 1.47454 1.45057 1.43438 1.35941 1.33767 1.30778 1.24302 1.21722 1.20417 1.15915 1.11728 1.10559 1.07713 1.05351 1.05883 1.03992 1.02115 1.01248 1.00026 0.997677 0.998978 1 1.00455 1.01396 1.02692 1.04119 1.06282 1.07268 1.10311 1.1187 1.15543 1.18159 1.21448 1.25613 1.29469 1.32647 1.371 1.4012 1.48231 1.51573 1.53424 1.59403 1.66483 1.72245 1.7574 1.82271 1.88895 1.96054 1.99321 2.01701 2.08651 2.15943 2.23013 2.27402 2.35087 2.41873 2.47513 2.47211 2.5928 2.66068 2.71872 2.76541 2.83459 2.91358 2.97806 3.06854 3.13595 3.14673 3.26192 3.29475 3.32855 3.46676 
