2.02962 1.99998 1.9637 1.96809 1.93974 1.89285 1.87368 1.83707 1.83677 1.79323 1.7537 1.75641 1.71127 1.67845 1.65639 1.6285 1.6164 1.57081 1.56155 1.53726 1.51348 1.51808 1.48415 1.44333 1.44126 1.41498 1.41139 1.37348 1.35616 1.34557 1.31368 1.2908 1.27556 1.25331 1.24127 1.21832 1.20045 1.18795 1.1781 1.15429 1.14015 1.12459 1.10462 1.09318 1.07724 1.06269 1.04982 1.03755 1.0242 1.01157 1 0.988459 0.976999 0.965707 0.956276 0.943696 0.933998 0.931584 0.912461 0.906975 0.899403 0.888743 0.885999 0.878395 0.870528 0.865101 0.865992 0.853125 0.852806 0.838213 0.843656 0.840357 0.842545 0.81912 0.814484 0.823241 0.82199 0.805091 0.814094 0.823644 0.796133 0.828821 0.817967 0.807519 0.826841 0.811617 0.806271 0.810636 0.820327 0.803896 0.81095 0.797762 0.827214 0.808467 0.823517 0.825573 0.833814 0.827685 0.835989 0.810839 0.828858 
2.01978 1.99378 1.96276 1.95271 1.91053 1.84977 1.87891 1.84101 1.81433 1.78189 1.75788 1.7442 1.70944 1.66638 1.64424 1.62674 1.60238 1.60082 1.56783 1.54738 1.53425 1.50589 1.48581 1.46076 1.43732 1.41463 1.4078 1.37591 1.35014 1.32899 1.31099 1.29227 1.27174 1.25168 1.2369 1.22051 1.19917 1.18456 1.16962 1.15003 1.13666 1.11969 1.10622 1.08957 1.07688 1.06195 1.05016 1.03541 1.02479 1.01225 1 0.989139 0.976848 0.967687 0.956078 0.944268 0.938268 0.926989 0.924129 0.906909 0.902844 0.894773 0.891089 0.881882 0.875454 0.865871 0.869833 0.856159 0.852599 0.845484 0.839023 0.840166 0.826781 0.831851 0.825381 0.8126 0.815151 0.824852 0.824387 0.812095 0.824719 0.806097 0.811061 0.829886 0.813949 0.82504 0.808828 0.810632 0.804933 0.801407 0.821756 0.812261 0.830301 0.852409 0.8416 0.843961 0.825639 0.862956 0.845544 0.875746 0.844355 
2.01933 1.99951 1.93764 1.93639 1.91859 1.88978 1.85459 1.83571 1.8122 1.7889 1.74224 1.7339 1.70754 1.68555 1.64243 1.63541 1.61942 1.58695 1.55523 1.55264 1.50909 1.50063 1.46467 1.43998 1.42 1.41787 1.38138 1.37323 1.348 1.32655 1.3143 1.28828 1.27191 1.25493 1.22741 1.21003 1.20425 1.18691 1.16842 1.15193 1.14306 1.12416 1.10776 1.08979 1.07639 1.06177 1.04953 1.03619 1.025 1.012 1 0.988863 0.978131 0.967503 0.956043 0.947348 0.9363 0.931232 0.924933 0.911782 0.904365 0.894756 0.892565 0.879444 0.876725 0.867696 0.863542 0.854733 0.854536 0.854497 0.836459 0.843784 0.844434 0.834784 0.828294 0.832722 0.827777 0.837194 0.824998 0.810778 0.838656 0.81854 0.824842 0.82905 0.835238 0.817932 0.817927 0.842414 0.820814 0.818322 0.841587 0.815517 0.840545 0.836233 0.84749 0.850249 0.839143 0.856145 0.871729 0.841133 0.865772 
2.01491 1.96372 1.95974 1.93358 1.89317 1.87258 1.83717 1.82279 1.79518 1.76593 1.75311 1.70957 1.70082 1.67091 1.65578 1.62853 1.59492 1.58399 1.54658 1.53179 1.53383 1.50072 1.46277 1.46137 1.42262 1.40763 1.36822 1.37704 1.34511 1.32226 1.30269 1.27472 1.26547 1.24358 1.2342 1.2117 1.19164 1.18313 1.16425 1.14775 1.13342 1.11556 1.10253 1.08947 1.07547 1.06431 1.05001 1.03502 1.02385 1.01181 1 0.989042 0.97871 0.967027 0.957192 0.95177 0.934157 0.930221 0.92136 0.910795 0.907123 0.897921 0.894388 0.875889 0.878577 0.874803 0.863068 0.869917 0.857386 0.859835 0.848043 0.843121 0.840636 0.843676 0.848043 0.835623 0.848398 0.831575 0.835018 0.805575 0.838163 0.829827 0.814704 0.842588 0.816325 0.827344 0.824397 0.840554 0.824262 0.848942 0.829554 0.818484 0.827611 0.856361 0.835451 0.863474 0.868013 0.854301 0.83892 0.876748 0.869746 
2.00117 1.98883 1.94818 1.91602 1.8904 1.85813 1.83528 1.8208 1.7921 1.77708 1.75559 1.71859 1.70655 1.67999 1.64751 1.61624 1.58725 1.56966 1.54551 1.54326 1.50505 1.48164 1.45623 1.44328 1.40921 1.40425 1.38091 1.3477 1.33613 1.31145 1.31019 1.2812 1.26092 1.24247 1.22872 1.20734 1.18805 1.17805 1.15592 1.15037 1.13282 1.11855 1.10547 1.09161 1.07232 1.06412 1.05 1.03402 1.02286 1.01101 1 0.988972 0.979771 0.969595 0.957471 0.947757 0.939408 0.934165 0.924211 0.912487 0.910555 0.899357 0.895259 0.887448 0.877671 0.87587 0.8703 0.864717 0.866103 0.860283 0.852529 0.843624 0.858869 0.842959 0.846496 0.848583 0.829909 0.837778 0.839061 0.829166 0.866568 0.84648 0.836031 0.83892 0.835928 0.835421 0.834279 0.853242 0.835035 0.85462 0.840704 0.827546 0.834497 0.858901 0.860155 0.87541 0.892849 0.859459 0.840678 0.898455 0.900892 
1.99252 1.96344 1.95091 1.9201 1.89595 1.83704 1.83565 1.81381 1.80261 1.77078 1.73004 1.71067 1.68981 1.65939 1.64399 1.61974 1.59157 1.54174 1.54918 1.51577 1.51011 1.48745 1.45573 1.4281 1.40579 1.38828 1.37553 1.34537 1.34202 1.3195 1.29537 1.28413 1.26399 1.24163 1.22147 1.20875 1.18675 1.16659 1.16023 1.14675 1.12466 1.11221 1.10071 1.08425 1.07342 1.05932 1.04678 1.03405 1.02266 1.01164 1 0.989192 0.978168 0.96889 0.957687 0.949049 0.942415 0.931935 0.925699 0.915071 0.912684 0.90172 0.893022 0.888873 0.888835 0.884298 0.888362 0.858913 0.865502 0.864083 0.860947 0.859613 0.862788 0.854068 0.850242 0.843502 0.84429 0.846594 0.837793 0.843786 0.82784 0.847488 0.827787 0.832903 0.857384 0.851871 0.837886 0.865115 0.862434 0.847084 0.853842 0.856961 0.872279 0.847494 0.898595 0.901287 0.90632 0.87158 0.880012 0.915709 0.937521 
1.9736 1.94784 1.92447 1.89351 1.90294 1.85406 1.82247 1.80639 1.76154 1.74442 1.73047 1.70258 1.68621 1.65398 1.63414 1.61478 1.58384 1.54936 1.53752 1.51431 1.49928 1.4842 1.45608 1.43645 1.40788 1.39739 1.36519 1.34174 1.32886 1.31185 1.30495 1.28154 1.24784 1.23686 1.21624 1.20674 1.1874 1.17355 1.15906 1.1458 1.12668 1.11528 1.10086 1.08625 1.07163 1.06062 1.0462 1.03512 1.02261 1.01082 1 0.989625 0.979811 0.967303 0.961215 0.949797 0.941314 0.933815 0.924724 0.921588 0.91169 0.906174 0.896738 0.887546 0.887571 0.868331 0.875276 0.871471 0.864977 0.866201 0.868457 0.857446 0.843567 0.852217 0.856463 0.852987 0.845401 0.846881 0.864725 0.85002 0.858492 0.850388 0.831334 0.874404 0.84256 0.841155 0.84003 0.856564 0.839021 0.861866 0.870682 0.860321 0.873206 0.867043 0.868724 0.869986 0.876803 0.882213 0.895692 0.911878 0.910665 
2.0011 1.9523 1.89882 1.89842 1.89609 1.83035 1.82045 1.81688 1.75969 1.72682 1.71417 1.692 1.66593 1.65492 1.62385 1.60444 1.59309 1.57257 1.53097 1.5115 1.48877 1.479 1.45347 1.42032 1.40694 1.38822 1.36785 1.34731 1.32711 1.30593 1.29705 1.2748 1.25464 1.24456 1.2165 1.20586 1.19058 1.1644 1.15017 1.14288 1.13129 1.11344 1.09689 1.08138 1.07069 1.05901 1.0476 1.0316 1.02112 1.01058 1 0.989779 0.980522 0.968977 0.960582 0.954484 0.943105 0.933804 0.928389 0.919175 0.911408 0.905026 0.897925 0.898381 0.884515 0.887847 0.880048 0.886043 0.872498 0.868433 0.868975 0.857809 0.860397 0.867869 0.860684 0.835108 0.849459 0.866494 0.848612 0.83899 0.864949 0.860197 0.860598 0.846586 0.843019 0.876768 0.859058 0.87249 0.897724 0.865582 0.872187 0.868748 0.895489 0.892463 0.888264 0.888491 0.904342 0.894417 0.880497 0.899656 0.894656 
1.95787 1.93969 1.92039 1.88946 1.8616 1.81007 1.81516 1.77713 1.76229 1.71625 1.71013 1.68938 1.6727 1.64115 1.59658 1.59612 1.561 1.54183 1.51178 1.49484 1.48442 1.46458 1.43675 1.40539 1.40281 1.38307 1.36207 1.34275 1.32759 1.2997 1.28267 1.26532 1.25886 1.24022 1.21256 1.2031 1.18119 1.16609 1.15596 1.1369 1.12093 1.10672 1.09384 1.08129 1.07044 1.05554 1.04361 1.03217 1.02059 1.01093 1 0.990106 0.979664 0.970434 0.961566 0.954497 0.946439 0.937036 0.928449 0.921182 0.914277 0.910847 0.909511 0.895173 0.893041 0.885599 0.888565 0.876365 0.869944 0.883531 0.868818 0.87936 0.866964 0.867547 0.870929 0.865899 0.851745 0.870121 0.850319 0.868129 0.879873 0.848 0.858861 0.873763 0.848801 0.873695 0.864019 0.87753 0.874887 0.855978 0.899346 0.905896 0.896292 0.900139 0.886349 0.893635 0.888658 0.919363 0.898594 0.920945 0.916281 
1.96137 1.93322 1.90925 1.89164 1.83873 1.81813 1.79082 1.7813 1.74819 1.74004 1.69813 1.65385 1.65958 1.63798 1.60934 1.57614 1.55385 1.54315 1.52289 1.48811 1.4805 1.45714 1.43812 1.4198 1.40432 1.3825 1.34933 1.34847 1.31332 1.30427 1.27091 1.25398 1.23806 1.22503 1.2049 1.19451 1.18155 1.16256 1.15109 1.13859 1.12574 1.10737 1.09451 1.08017 1.06982 1.05599 1.04165 1.03069 1.02165 1.01057 1 0.990555 0.980496 0.972367 0.963345 0.953792 0.946132 0.938337 0.932283 0.921248 0.916935 0.910392 0.913434 0.904817 0.894619 0.898218 0.893797 0.893251 0.879757 0.87684 0.8759 0.877415 0.882834 0.871445 0.875463 0.873846 0.858666 0.872321 0.867172 0.852871 0.855748 0.882277 0.862438 0.865201 0.861708 0.898615 0.877873 0.87815 0.886705 0.873215 0.897666 0.899915 0.886777 0.916806 0.906102 0.934418 0.905493 0.901845 0.948627 0.928128 0.950457 
1.96229 1.9128 1.89108 1.88575 1.84355 1.80786 1.79367 1.75711 1.75299 1.74316 1.69296 1.67065 1.64284 1.61876 1.59372 1.57946 1.56001 1.53428 1.528 1.4834 1.47462 1.45434 1.4348 1.41175 1.3896 1.37039 1.35383 1.33076 1.30227 1.28995 1.28002 1.25779 1.24583 1.22989 1.21318 1.19125 1.18348 1.1664 1.1352 1.1319 1.11613 1.10319 1.09709 1.07832 1.06803 1.05466 1.04406 1.03092 1.0206 1.00968 1 0.990537 0.980941 0.970912 0.963175 0.955414 0.951049 0.938987 0.929053 0.927814 0.925909 0.914855 0.913463 0.900249 0.894864 0.90239 0.892258 0.890735 0.880114 0.874375 0.886897 0.883073 0.873465 0.878046 0.880044 0.871874 0.86779 0.88541 0.868629 0.868418 0.871489 0.896647 0.88796 0.862355 0.883578 0.898244 0.897031 0.909688 0.886145 0.909168 0.896307 0.894357 0.889261 0.885132 0.894803 0.898677 0.94896 0.939078 0.936179 0.960253 0.943514 
1.92478 1.90205 1.87943 1.8411 1.83277 1.80665 1.78841 1.75876 1.73219 1.69012 1.67244 1.65365 1.64326 1.60513 1.57772 1.57369 1.53535 1.53386 1.51807 1.48665 1.45626 1.44226 1.42646 1.40626 1.39282 1.37181 1.33514 1.331 1.30634 1.29872 1.26993 1.25601 1.24235 1.21793 1.20954 1.19256 1.17849 1.15919 1.14801 1.13027 1.12134 1.10338 1.094 1.07507 1.06374 1.05536 1.04233 1.02936 1.0201 1.0095 1 0.990597 0.982362 0.97222 0.96145 0.955421 0.945989 0.941919 0.932509 0.928104 0.926238 0.91404 0.922877 0.906217 0.89753 0.901573 0.890426 0.900315 0.896245 0.877744 0.869603 0.884655 0.888299 0.875226 0.887271 0.886839 0.885414 0.878359 0.883495 0.879767 0.887516 0.883437 0.874673 0.887331 0.868399 0.904437 0.896205 0.870432 0.896544 0.92122 0.900813 0.935015 0.912588 0.946955 0.925827 0.956716 0.935605 0.955526 0.955174 0.951894 0.952047 
1.92668 1.90758 1.88205 1.82936 1.83956 1.80883 1.77779 1.76812 1.74662 1.71245 1.66605 1.65896 1.63923 1.60416 1.59887 1.57309 1.55657 1.53484 1.49772 1.47108 1.46721 1.42253 1.42745 1.4008 1.36929 1.3657 1.34898 1.32798 1.28866 1.27063 1.266 1.25622 1.23004 1.20816 1.19482 1.18762 1.17141 1.15094 1.14014 1.12259 1.11862 1.09974 1.08946 1.07294 1.06426 1.05439 1.04162 1.03124 1.01879 1.00997 1 0.990334 0.980541 0.971634 0.96462 0.954673 0.947799 0.946421 0.933903 0.93026 0.930261 0.920617 0.920623 0.913259 0.915078 0.905308 0.896571 0.896515 0.896501 0.893277 0.890636 0.895763 0.884431 0.878262 0.880826 0.88766 0.885601 0.879817 0.899243 0.884991 0.871307 0.893815 0.870696 0.900043 0.897566 0.889688 0.931073 0.903902 0.909974 0.90468 0.920022 0.914226 0.929358 0.945786 0.96415 0.951836 0.948288 0.977526 0.965863 0.99523 0.992992 
1.94182 1.88533 1.8503 1.84078 1.82124 1.79939 1.76175 1.74681 1.69376 1.67539 1.67721 1.62558 1.62643 1.62894 1.58674 1.56689 1.54425 1.5134 1.48569 1.46557 1.44034 1.42445 1.40902 1.39193 1.36838 1.35939 1.31769 1.31751 1.29338 1.28073 1.26993 1.26076 1.23665 1.21007 1.19542 1.17526 1.17071 1.15459 1.14251 1.12543 1.10761 1.09651 1.08609 1.0752 1.06739 1.05054 1.04064 1.03083 1.01984 1.00855 1 0.990479 0.983003 0.974104 0.964492 0.9587 0.952142 0.944768 0.939195 0.939252 0.931861 0.924094 0.91386 0.919863 0.910187 0.905604 0.90286 0.893407 0.904319 0.901845 0.904679 0.894964 0.889199 0.896134 0.890399 0.919903 0.890741 0.88109 0.880352 0.87704 0.909487 0.879243 0.894503 0.900014 0.904408 0.922486 0.904962 0.898932 0.927034 0.915865 0.955838 0.934079 0.948669 0.925524 0.914108 0.975417 0.982262 0.960796 0.99664 0.985586 0.998903 
1.92914 1.87135 1.85022 1.82016 1.79621 1.79558 1.7309 1.74305 1.70609 1.70364 1.65928 1.65078 1.59991 1.58397 1.58306 1.55345 1.53091 1.47901 1.48348 1.46693 1.44674 1.4397 1.40858 1.38772 1.35665 1.3462 1.33263 1.30805 1.2981 1.27597 1.26411 1.24784 1.22247 1.21133 1.19778 1.17526 1.16397 1.15156 1.13651 1.12391 1.10908 1.09986 1.0844 1.07758 1.06052 1.05035 1.03842 1.02833 1.01871 1.00906 1 0.99113 0.982234 0.973465 0.965973 0.958765 0.952945 0.955341 0.943686 0.93367 0.931972 0.922865 0.924363 0.916738 0.919764 0.903186 0.916363 0.900392 0.90919 0.8938 0.899686 0.89365 0.887849 0.900595 0.896702 0.897288 0.901406 0.915499 0.907173 0.898396 0.903016 0.906888 0.91655 0.912805 0.913494 0.939717 0.91607 0.955397 0.916701 0.95 0.91331 0.918469 0.95415 0.962729 0.963349 0.97529 0.984896 0.972955 0.989471 0.958362 0.977846 
1.88381 1.83646 1.87706 1.82643 1.78903 1.76444 1.73198 1.69037 1.67966 1.67776 1.65184 1.64707 1.60273 1.59141 1.55507 1.54356 1.53885 1.49754 1.46971 1.45935 1.43984 1.42887 1.3914 1.36763 1.35086 1.34166 1.3263 1.30359 1.28038 1.27266 1.25448 1.2277 1.2161 1.20179 1.19355 1.18191 1.16359 1.14782 1.1328 1.12375 1.11061 1.09856 1.08245 1.07615 1.06103 1.04749 1.03767 1.02746 1.01832 1.00876 1 0.991221 0.983238 0.976531 0.9683 0.962058 0.957641 0.94864 0.943124 0.940455 0.928871 0.926475 0.92132 0.91541 0.920022 0.921868 0.909916 0.913428 0.918413 0.907071 0.916672 0.904229 0.899522 0.916884 0.903635 0.909056 0.894882 0.887634 0.915025 0.942997 0.894777 0.90991 0.908713 0.915412 0.917816 0.935079 0.948904 0.955344 0.955575 0.953126 0.950236 1.00329 0.983732 0.992666 0.943763 0.994067 0.992003 1.02414 0.949554 0.998264 1.00659 
1.89724 1.86432 1.8411 1.83721 1.7797 1.75523 1.74626 1.7138 1.68043 1.66381 1.65849 1.61232 1.60353 1.56032 1.54067 1.54525 1.5186 1.48898 1.48487 1.44121 1.43924 1.38729 1.36991 1.36774 1.34858 1.33543 1.32186 1.29803 1.29364 1.26688 1.2513 1.23342 1.22441 1.202 1.19051 1.16905 1.16127 1.14938 1.12555 1.12194 1.10308 1.09028 1.08145 1.06844 1.05985 1.04776 1.03805 1.02614 1.01724 1.00914 1 0.991564 0.98351 0.976898 0.973235 0.959095 0.956705 0.948981 0.94854 0.941548 0.937699 0.931279 0.932622 0.924225 0.916943 0.908818 0.910735 0.907504 0.914143 0.909164 0.896268 0.913619 0.913763 0.904292 0.913044 0.908207 0.897341 0.904505 0.917914 0.911927 0.919042 0.927927 0.938918 0.936818 0.945479 0.954781 0.934932 0.973423 0.956636 0.960928 0.97593 0.979155 0.981246 0.965237 0.997262 1.00189 0.98027 1.01608 1.01235 1.01201 1.02371 
1.87208 1.84605 1.83581 1.82276 1.78465 1.75591 1.72368 1.69932 1.68093 1.63977 1.62035 1.61041 1.58976 1.5814 1.53502 1.51583 1.51142 1.49041 1.45993 1.43578 1.41455 1.40823 1.37949 1.36689 1.35452 1.33493 1.30618 1.30498 1.28949 1.27143 1.2495 1.23455 1.21658 1.1983 1.17793 1.16964 1.15268 1.13885 1.13266 1.11622 1.10779 1.09251 1.07555 1.06903 1.05766 1.04755 1.03443 1.02692 1.01832 1.0083 1 0.992336 0.982334 0.977563 0.971149 0.964154 0.956228 0.952978 0.945251 0.940146 0.938907 0.929845 0.926879 0.927182 0.923325 0.924602 0.924573 0.913101 0.91614 0.915657 0.906882 0.916787 0.909624 0.910042 0.930996 0.92361 0.919987 0.92233 0.913504 0.927028 0.924163 0.919376 0.941257 0.935677 0.933089 0.937065 0.971054 0.955265 0.969571 0.922576 0.97822 0.970878 0.974216 1.01914 1.01603 1.0125 1.01107 1.03272 1.02033 1.02629 1.03806 
1.86382 1.83919 1.80615 1.78185 1.76254 1.73255 1.71773 1.68781 1.68403 1.64714 1.63001 1.59072 1.58516 1.56051 1.54363 1.50515 1.49842 1.47268 1.4649 1.42718 1.41096 1.39713 1.38389 1.36209 1.34172 1.32013 1.31508 1.28015 1.26808 1.25217 1.24561 1.2235 1.21066 1.18768 1.18368 1.15708 1.14763 1.13924 1.1273 1.11166 1.10169 1.08479 1.07972 1.06703 1.05152 1.0437 1.03632 1.02666 1.01653 1.00831 1 0.992067 0.984199 0.978062 0.972217 0.966256 0.958867 0.951739 0.94842 0.945951 0.942238 0.936622 0.939829 0.932884 0.927356 0.922182 0.921766 0.928402 0.927064 0.915724 0.926007 0.919518 0.917578 0.932094 0.92237 0.928271 0.918053 0.925751 0.912817 0.94122 0.928062 0.938401 0.951495 0.948318 0.965658 0.967065 0.989275 0.974609 0.957508 0.970362 0.979835 1.00915 0.999231 1.0136 1.00487 0.9977 1.02765 1.01668 1.03757 1.01255 1.05109 
1.84218 1.81697 1.76678 1.768 1.72827 1.72705 1.69333 1.68898 1.66417 1.63471 1.61769 1.58867 1.55967 1.56788 1.54244 1.51279 1.48778 1.4771 1.43378 1.42043 1.37805 1.38935 1.38411 1.36453 1.34755 1.31259 1.29561 1.28139 1.26914 1.24825 1.2378 1.22058 1.20544 1.18951 1.17306 1.15476 1.14367 1.13267 1.11384 1.11021 1.09472 1.08145 1.06947 1.06611 1.05235 1.04291 1.03466 1.02432 1.01566 1.00825 1 0.992372 0.985013 0.978513 0.974241 0.968857 0.960739 0.958667 0.948259 0.943392 0.946216 0.944197 0.936583 0.936199 0.933411 0.928113 0.932606 0.927131 0.920531 0.92814 0.919082 0.920532 0.925376 0.939207 0.924158 0.951263 0.946134 0.948136 0.949865 0.947597 0.924502 0.94574 0.974451 0.96186 0.961282 0.956123 0.967425 0.991402 0.973223 0.956814 0.989488 0.981209 1.00291 1.02044 0.998607 1.04972 1.07784 1.06934 1.06695 1.05273 1.07511 
1.82371 1.82201 1.76785 1.75586 1.7263 1.73122 1.69439 1.68144 1.67421 1.62836 1.59526 1.60005 1.56249 1.53374 1.51514 1.50387 1.45424 1.46655 1.43705 1.42254 1.41715 1.39005 1.36462 1.35585 1.33381 1.30617 1.30405 1.2656 1.2622 1.24168 1.22859 1.21016 1.18999 1.19147 1.17548 1.15431 1.14254 1.13165 1.1143 1.11001 1.09557 1.08124 1.07062 1.05845 1.05069 1.04145 1.03324 1.02476 1.0164 1.00664 1 0.992537 0.986828 0.979861 0.974754 0.967412 0.963164 0.959741 0.953853 0.950047 0.951782 0.950443 0.937286 0.94359 0.946273 0.930727 0.932065 0.928867 0.935631 0.926092 0.939486 0.939637 0.930353 0.960827 0.942984 0.941136 0.948375 0.925593 0.962211 0.965364 0.963664 0.973124 0.965213 0.993206 1.00117 0.962077 0.988385 0.981564 0.984272 0.981738 1.01806 1.01498 1.03295 1.03894 1.03889 1.05233 1.04555 1.04114 1.06553 1.07691 1.10518 
1.81283 1.81273 1.77632 1.76185 1.72214 1.66742 1.71294 1.65727 1.61695 1.61257 1.61421 1.57318 1.51542 1.53318 1.48542 1.47952 1.46102 1.43626 1.42905 1.41686 1.39589 1.37786 1.36304 1.33543 1.31584 1.30366 1.30266 1.26566 1.2569 1.24007 1.22387 1.21576 1.18465 1.18285 1.1674 1.15198 1.14155 1.11663 1.11879 1.09876 1.09639 1.08224 1.07112 1.06118 1.04958 1.0412 1.03447 1.02048 1.01387 1.00642 1 0.99315 0.987073 0.980733 0.975324 0.967501 0.968946 0.961311 0.952659 0.952845 0.947334 0.945864 0.944826 0.936967 0.941443 0.937918 0.935934 0.945055 0.926597 0.935593 0.941117 0.952738 0.916236 0.940063 0.953954 0.942965 0.962357 0.968667 0.959813 0.96509 0.967315 0.982452 0.966405 0.985594 0.960133 1.0044 1.00854 0.999914 1.01386 1.0233 1.02095 1.01172 1.03504 1.03315 1.04866 1.03767 1.08363 1.08318 1.10027 1.10763 1.11244 
1.82526 1.75792 1.75409 1.72863 1.70571 1.7203 1.64957 1.6783 1.62643 1.57502 1.57085 1.57337 1.53194 1.52929 1.50543 1.45339 1.47148 1.43743 1.42707 1.39898 1.3887 1.37405 1.33886 1.32798 1.31224 1.29937 1.27428 1.26598 1.25451 1.23546 1.21978 1.20439 1.19214 1.17129 1.16394 1.14434 1.13567 1.11763 1.1154 1.10544 1.09262 1.07642 1.0656 1.05633 1.04702 1.04058 1.03325 1.02077 1.01401 1.00657 1 0.993899 0.987552 0.980048 0.973457 0.967581 0.961735 0.970603 0.956845 0.948293 0.952709 0.954133 0.939963 0.944383 0.940015 0.942805 0.940888 0.941456 0.940888 0.948877 0.948219 0.955811 0.945335 0.935711 0.970525 0.950365 0.956239 0.948478 0.97465 0.961397 0.977349 0.976634 1.00115 0.996156 0.985677 0.997513 1.02127 1.01947 1.023 1.03075 1.02517 1.06648 1.02897 1.0839 1.0705 1.11156 1.07882 1.11615 1.10142 1.09294 1.12936 
1.77185 1.75852 1.73931 1.71921 1.72752 1.70278 1.66904 1.62746 1.63289 1.58995 1.54868 1.53045 1.52871 1.51295 1.50608 1.48603 1.45211 1.42901 1.39705 1.38894 1.3516 1.35999 1.33594 1.31907 1.2937 1.28766 1.26781 1.25404 1.24461 1.23329 1.21301 1.19724 1.17746 1.17581 1.15724 1.14533 1.12879 1.12154 1.10886 1.09527 1.0851 1.07725 1.06419 1.05507 1.04515 1.03609 1.02811 1.02055 1.0133 1.00677 1 0.993261 0.986811 0.983069 0.979395 0.974381 0.966616 0.961547 0.959345 0.956621 0.958012 0.945347 0.955176 0.947926 0.952416 0.942011 0.944479 0.952076 0.947283 0.938194 0.958479 0.970932 0.956341 0.954724 0.963599 0.98267 0.967008 0.963182 0.978117 0.97883 0.998777 1.00279 0.993021 1.00983 1.01236 1.00764 1.03478 1.02673 1.03383 1.06259 1.02196 1.05517 1.02721 1.09638 1.09815 1.09488 1.09528 1.13433 1.10705 1.13827 1.11129 
1.75319 1.76106 1.73817 1.69898 1.65136 1.645 1.65628 1.6469 1.61434 1.5909 1.55024 1.56065 1.5325 1.50095 1.47972 1.4529 1.4451 1.41994 1.40857 1.38157 1.37338 1.35855 1.31924 1.30603 1.28228 1.30126 1.26124 1.25795 1.23552 1.21888 1.21058 1.19753 1.18138 1.17069 1.15753 1.14371 1.13201 1.11539 1.1007 1.09817 1.083 1.07908 1.06643 1.05796 1.04682 1.03901 1.02859 1.02139 1.01318 1.00625 1 0.994573 0.988447 0.984101 0.976116 0.974263 0.967992 0.965574 0.957379 0.967871 0.967619 0.95988 0.949762 0.958345 0.951539 0.959222 0.950909 0.954777 0.954089 0.947465 0.952164 0.956434 0.96442 0.949195 0.960828 0.977879 0.971487 0.992613 0.997062 0.992995 1.00671 1.00332 1.02234 1.02423 1.01272 1.01392 1.02188 1.05737 1.04053 1.09293 1.05948 1.05667 1.09255 1.07594 1.08658 1.09375 1.10476 1.14484 1.16234 1.14554 1.19778 
1.74723 1.73741 1.73225 1.70281 1.68834 1.6388 1.63963 1.61908 1.58092 1.58282 1.52595 1.53021 1.52163 1.50147 1.48237 1.45771 1.43694 1.40357 1.38789 1.39315 1.35518 1.33074 1.30832 1.31957 1.29773 1.27579 1.2679 1.23211 1.23936 1.21412 1.20324 1.19118 1.18265 1.14904 1.14819 1.13201 1.1263 1.11245 1.09759 1.0902 1.07577 1.0674 1.0594 1.05188 1.04192 1.03561 1.02662 1.01973 1.0132 1.00609 1 0.994654 0.988643 0.984313 0.980728 0.976926 0.972265 0.967061 0.967128 0.966303 0.963189 0.958407 0.958266 0.957851 0.967102 0.959878 0.961861 0.961229 0.961467 0.97194 0.963977 0.962652 0.961724 0.978689 0.988058 0.975901 0.982871 0.983263 1.01614 0.990227 1.02055 1.02537 1.01797 1.04627 1.04673 1.03945 1.03409 1.05442 1.09892 1.09356 1.08378 1.11213 1.10347 1.09968 1.1094 1.10231 1.10794 1.14324 1.15936 1.16873 1.1516 
1.71712 1.70355 1.73155 1.6792 1.66399 1.65353 1.64519 1.59531 1.58832 1.56964 1.54674 1.50267 1.50843 1.45913 1.4684 1.45188 1.40893 1.39965 1.37824 1.35612 1.32233 1.31912 1.31406 1.30009 1.27833 1.27481 1.26091 1.2319 1.21821 1.19915 1.19356 1.18172 1.17093 1.15917 1.15185 1.13127 1.12212 1.10897 1.10318 1.08472 1.07331 1.06518 1.05848 1.04959 1.04351 1.03175 1.02651 1.01837 1.01267 1.00643 1 0.995102 0.989827 0.98512 0.981573 0.978813 0.97749 0.967773 0.970383 0.966733 0.96521 0.960064 0.962763 0.962632 0.953984 0.960105 0.961744 0.963599 0.97401 0.965738 0.984898 0.97745 0.980561 0.98947 0.96927 0.983637 0.987601 0.996052 1.00185 1.00214 1.02526 1.01543 1.03798 1.03484 1.04246 1.04815 1.03833 1.06711 1.07437 1.05412 1.08584 1.10303 1.11214 1.09155 1.14345 1.17046 1.11942 1.15993 1.147 1.19524 1.21775 
1.75497 1.69489 1.70425 1.68161 1.65859 1.64043 1.64077 1.60343 1.56762 1.54284 1.524 1.50108 1.49926 1.48655 1.46798 1.45546 1.39099 1.38803 1.38294 1.36056 1.35235 1.333 1.30634 1.29835 1.27366 1.26144 1.25029 1.22501 1.21738 1.20414 1.17748 1.16819 1.16897 1.15377 1.14815 1.12187 1.10811 1.10128 1.09601 1.08753 1.07384 1.06333 1.05513 1.04934 1.0387 1.03377 1.02388 1.01863 1.01105 1.00601 1 0.994702 0.98951 0.98531 0.979154 0.97895 0.979821 0.971162 0.96421 0.967137 0.959878 0.971083 0.969134 0.961523 0.966485 0.966476 0.976728 0.966319 0.981005 0.962921 0.985805 0.971052 0.985454 1.00414 0.986341 1.00428 1.0066 0.997856 1.02476 1.01923 1.02461 1.02927 1.0483 1.02272 1.04343 1.05109 1.09579 1.07197 1.0896 1.09319 1.10191 1.07237 1.09565 1.14182 1.09311 1.19251 1.16133 1.16292 1.22054 1.1984 1.20725 
1.70192 1.71555 1.72168 1.67227 1.64022 1.61983 1.58998 1.56948 1.57105 1.51224 1.51685 1.48475 1.46909 1.47748 1.44839 1.40829 1.40552 1.35613 1.35124 1.32623 1.32396 1.32709 1.29585 1.2807 1.26292 1.26578 1.24507 1.2206 1.21806 1.19917 1.19657 1.16452 1.17414 1.14799 1.13847 1.11591 1.11376 1.10228 1.09039 1.07271 1.07442 1.05804 1.05495 1.04705 1.03932 1.02691 1.02178 1.01581 1.01085 1.00527 1 0.995181 0.992969 0.98969 0.982079 0.98375 0.977544 0.975051 0.973681 0.970757 0.971204 0.970112 0.969355 0.979065 0.96731 0.965261 0.970093 0.970117 0.981233 0.975911 0.981323 0.979282 1.00564 0.989721 1.01045 1.00525 1.01726 1.00605 1.01686 1.00726 1.03048 1.05343 1.04088 1.04988 1.0682 1.06967 1.09134 1.11815 1.10978 1.07606 1.13378 1.15389 1.15497 1.15104 1.19567 1.18143 1.16137 1.17839 1.21597 1.18819 1.18087 
1.734 1.68702 1.6563 1.65919 1.61312 1.57562 1.57724 1.58379 1.53742 1.51526 1.50416 1.47659 1.47365 1.44499 1.44783 1.42465 1.39474 1.37408 1.36574 1.31641 1.33673 1.30405 1.29381 1.25935 1.26547 1.24927 1.2314 1.22167 1.21601 1.19419 1.18787 1.18253 1.1577 1.14414 1.13361 1.117 1.10843 1.10201 1.07648 1.07378 1.07112 1.06001 1.05609 1.0477 1.03204 1.02976 1.02661 1.01496 1.0106 1.00471 1 0.995347 0.991563 0.987543 0.986005 0.986704 0.986642 0.982021 0.974713 0.978983 0.977224 0.967046 0.967552 0.977312 0.971194 0.979284 0.979464 0.99217 0.981237 0.983486 0.997232 1.00528 0.994007 0.999785 1.01064 0.999861 1.03534 0.995765 1.04339 1.03343 1.03836 1.07874 1.03075 1.06028 1.1019 1.0909 1.08341 1.09464 1.11081 1.14497 1.12285 1.15634 1.13255 1.15669 1.18805 1.18725 1.19264 1.17204 1.22273 1.21426 1.29718 
1.69656 1.6661 1.64754 1.62115 1.62198 1.60044 1.56932 1.53458 1.52629 1.51816 1.48347 1.46205 1.46071 1.45215 1.42968 1.42008 1.41799 1.36329 1.35157 1.31851 1.32396 1.29433 1.27179 1.27337 1.25021 1.2477 1.23045 1.22449 1.20295 1.17724 1.17811 1.15873 1.15232 1.13177 1.12157 1.11162 1.10247 1.09179 1.08369 1.07169 1.06757 1.06066 1.05096 1.03928 1.03499 1.02774 1.02153 1.01596 1.01114 1.00448 1 0.995891 0.992599 0.988809 0.986118 0.984026 0.982618 0.978107 0.974893 0.976574 0.975059 0.97985 0.976502 0.977282 0.973621 0.981662 0.983804 0.986667 0.988607 0.991963 1.00539 0.99704 1.0075 1.00849 1.01667 1.03311 1.02773 1.05016 1.0457 1.04171 1.05187 1.04971 1.06157 1.07346 1.08209 1.10842 1.08778 1.1052 1.13253 1.12811 1.13995 1.15614 1.15259 1.19715 1.18069 1.20771 1.2428 1.23252 1.28286 1.26878 1.28987 
1.6738 1.66631 1.64722 1.59914 1.62239 1.56727 1.55041 1.55192 1.52035 1.49713 1.4981 1.45981 1.44065 1.43576 1.42776 1.38537 1.38941 1.36976 1.34372 1.30711 1.30009 1.28775 1.25741 1.251 1.23815 1.23925 1.21621 1.21568 1.1782 1.16982 1.16821 1.14734 1.14463 1.13517 1.11948 1.11043 1.09679 1.07993 1.07529 1.06998 1.06639 1.04918 1.04741 1.04151 1.03009 1.02445 1.01902 1.01456 1.0079 1.00444 1 0.99612 0.993874 0.990478 0.983928 0.983777 0.986333 0.978737 0.989536 0.979662 0.984498 0.972727 0.979287 0.979097 0.978152 0.986457 0.986797 0.998074 1.00909 0.987661 1.00922 1.00166 1.00827 1.0235 1.02775 1.03674 1.03349 1.02673 1.05262 1.04855 1.06926 1.08239 1.07985 1.10096 1.10111 1.1029 1.12005 1.13856 1.13775 1.12981 1.15016 1.1831 1.15992 1.18902 1.23552 1.22641 1.18536 1.26056 1.25954 1.25966 1.32568 
1.66659 1.66877 1.59925 1.60879 1.56318 1.5744 1.55012 1.55372 1.49334 1.4859 1.46158 1.46676 1.44932 1.41513 1.40609 1.39186 1.35917 1.34541 1.32336 1.31379 1.30288 1.28355 1.26023 1.24707 1.23575 1.21854 1.1944 1.19036 1.18569 1.18146 1.15734 1.14349 1.14374 1.13209 1.11009 1.1025 1.09396 1.08133 1.07336 1.06088 1.05389 1.05713 1.04486 1.03499 1.03076 1.02419 1.01687 1.01478 1.00815 1.00411 1 0.996265 0.992806 0.990783 0.98812 0.987343 0.984242 0.987897 0.984024 0.985169 0.981564 0.983832 0.989581 0.983067 0.991615 0.993481 0.983238 0.999884 0.997308 1.0043 1.01626 1.01774 1.01719 1.0305 1.04918 1.05229 1.03905 1.06692 1.04895 1.05202 1.08351 1.09726 1.07825 1.11085 1.11136 1.13635 1.12323 1.14237 1.15485 1.18997 1.19204 1.17985 1.20683 1.24585 1.18243 1.22618 1.26456 1.23438 1.28842 1.31579 1.32721 
1.66391 1.64494 1.61215 1.57158 1.54881 1.58133 1.5571 1.53061 1.5036 1.48096 1.43283 1.44093 1.42924 1.38935 1.40486 1.3818 1.3639 1.32832 1.32436 1.29005 1.29193 1.28745 1.26132 1.25945 1.22751 1.2003 1.1974 1.19762 1.185 1.16584 1.15469 1.14025 1.1298 1.11816 1.11249 1.10426 1.08795 1.08343 1.07452 1.05938 1.06153 1.05036 1.04068 1.03294 1.02765 1.023 1.01364 1.01189 1.00722 1.0035 1 0.996882 0.992813 0.991746 0.988967 0.985714 0.985194 0.983355 0.988142 0.985272 0.988913 0.989455 0.989121 0.992201 0.995444 1.00441 0.993905 1.00982 1.00421 1.009 1.02454 1.01798 1.02753 1.03356 1.04617 1.05969 1.05397 1.06735 1.05617 1.07342 1.07305 1.09183 1.11691 1.10794 1.12029 1.16248 1.17514 1.17629 1.17323 1.15916 1.22518 1.18356 1.199 1.22924 1.22332 1.24957 1.2613 1.26171 1.30799 1.30156 1.32797 
1.62349 1.65313 1.61744 1.5426 1.5722 1.5536 1.54215 1.51055 1.49565 1.46787 1.48091 1.41924 1.44468 1.38414 1.3803 1.35658 1.33055 1.319 1.31606 1.27808 1.26937 1.26387 1.24767 1.23861 1.21388 1.20439 1.19842 1.18647 1.17189 1.14992 1.15615 1.13152 1.1133 1.12886 1.09991 1.09579 1.08551 1.08233 1.05945 1.0643 1.05514 1.05108 1.03603 1.03398 1.02409 1.02142 1.01397 1.0096 1.00629 1.00358 1 0.996094 0.995247 0.993522 0.99141 0.992661 0.98703 0.991624 0.990013 0.990644 0.989927 0.994271 0.988333 0.999443 1.00017 1.00866 1.00601 1.01191 1.01431 1.01048 1.02103 1.03013 1.03292 1.03908 1.03318 1.07347 1.03802 1.05744 1.08318 1.05751 1.09237 1.1116 1.12215 1.13728 1.15746 1.14215 1.16521 1.17398 1.20295 1.18649 1.18542 1.2389 1.24809 1.21867 1.27559 1.26108 1.26808 1.28818 1.31463 1.32964 1.33002 
1.64044 1.60141 1.59058 1.5419 1.55363 1.52608 1.48811 1.48391 1.46504 1.44329 1.43832 1.39641 1.40069 1.39961 1.35831 1.31771 1.32897 1.31785 1.30569 1.29619 1.27771 1.25574 1.24805 1.23465 1.21082 1.21092 1.18629 1.17819 1.15971 1.15966 1.14989 1.13018 1.12334 1.11665 1.08785 1.08863 1.07724 1.0746 1.06247 1.05428 1.0439 1.04253 1.03778 1.0286 1.02291 1.01645 1.0139 1.01098 1.00491 1.0028 1 0.997301 0.994706 0.996132 0.992048 0.993709 0.99004 0.995145 0.988144 0.984575 0.9942 0.99552 1.00264 1.02343 1.01255 1.00489 1.01227 1.01096 1.02308 1.02594 1.02172 1.04815 1.05407 1.03776 1.07329 1.07122 1.07781 1.07397 1.09528 1.09219 1.10252 1.08277 1.10927 1.13383 1.14735 1.18183 1.16141 1.1604 1.17343 1.22011 1.26039 1.21208 1.23408 1.25762 1.25477 1.28451 1.30202 1.30297 1.29741 1.32338 1.36362 
1.60954 1.60726 1.54061 1.56442 1.53032 1.53729 1.50204 1.47372 1.46262 1.44255 1.43138 1.3895 1.38929 1.3742 1.34386 1.33486 1.29581 1.3262 1.27915 1.28942 1.27663 1.23471 1.25538 1.20624 1.20176 1.19107 1.17691 1.17236 1.14875 1.14273 1.14873 1.12632 1.10374 1.10327 1.09975 1.08606 1.08513 1.0661 1.06211 1.04843 1.04214 1.04136 1.03102 1.02788 1.02289 1.01577 1.01087 1.00972 1.00646 1.00267 1 0.997804 0.996007 0.992937 0.993843 0.994642 0.99403 0.997819 0.996318 1.00162 0.998674 1.00741 1.00656 1.01047 1.01907 1.01724 1.02419 1.01416 1.03213 1.03071 1.05135 1.05839 1.05721 1.05334 1.07625 1.06714 1.07163 1.06674 1.11632 1.10145 1.12951 1.13457 1.12447 1.15384 1.16252 1.18767 1.16924 1.20816 1.22347 1.21892 1.23506 1.25624 1.2765 1.30046 1.26949 1.30856 1.32543 1.3177 1.33746 1.33492 1.36492 
1.6115 1.58624 1.54993 1.54473 1.52014 1.4937 1.47201 1.476 1.45854 1.43229 1.40119 1.38919 1.36878 1.35083 1.34404 1.33909 1.31034 1.3257 1.28684 1.28063 1.24811 1.24391 1.23581 1.22379 1.19384 1.19984 1.18297 1.16152 1.1674 1.13938 1.13402 1.10786 1.11633 1.08057 1.08087 1.08348 1.07222 1.06129 1.06266 1.05856 1.04455 1.03875 1.0288 1.01858 1.02355 1.01498 1.01236 1.0084 1.00527 1.00217 1 0.997528 0.996641 0.997782 0.993286 0.995434 0.995832 1.00087 0.997739 0.999246 1.00207 1.00582 0.995843 1.00373 1.01289 1.01881 1.02551 1.03195 1.02932 1.04788 1.0332 1.05811 1.04928 1.06582 1.06685 1.0928 1.10298 1.09204 1.10427 1.1125 1.12447 1.11321 1.15071 1.16267 1.18171 1.17138 1.21332 1.19185 1.26794 1.23193 1.27433 1.22624 1.26343 1.3139 1.28649 1.28674 1.34266 1.36052 1.36937 1.35744 1.39331 
1.59695 1.59911 1.54409 1.5342 1.48914 1.48207 1.47387 1.42454 1.42753 1.41982 1.39425 1.3702 1.33803 1.37116 1.34945 1.33914 1.28613 1.29414 1.26242 1.2456 1.22543 1.24078 1.21494 1.20799 1.2026 1.19155 1.17452 1.14803 1.14001 1.12679 1.11711 1.11124 1.11309 1.10917 1.09032 1.08079 1.06535 1.05883 1.05264 1.04663 1.04348 1.0345 1.02479 1.02342 1.02144 1.01228 1.01002 1.00675 1.00413 1.0016 1 0.99826 0.998266 0.997387 0.996184 0.992719 0.995936 0.997684 1.00132 0.99639 1.0021 1.0077 1.01367 1.00639 1.02123 1.02127 1.02746 1.0215 1.04354 1.04924 1.06308 1.04539 1.06944 1.06069 1.08572 1.09407 1.10866 1.09852 1.12983 1.12682 1.16 1.14884 1.17911 1.1469 1.18003 1.18636 1.21529 1.25122 1.21918 1.24785 1.21548 1.29964 1.3179 1.29105 1.28825 1.33883 1.37623 1.37193 1.33495 1.37078 1.3876 
1.56636 1.53025 1.5033 1.50777 1.48623 1.48877 1.47322 1.4482 1.41548 1.40921 1.40224 1.37555 1.33908 1.34478 1.31771 1.30754 1.27167 1.29208 1.27649 1.23904 1.23465 1.21586 1.19852 1.2019 1.18477 1.19379 1.16283 1.14832 1.13921 1.12113 1.10436 1.11047 1.09348 1.10204 1.073 1.0792 1.06414 1.06548 1.05282 1.04043 1.0327 1.02628 1.01999 1.02186 1.01803 1.01314 1.01092 1.00691 1.00448 1.00178 1 0.999093 0.998399 0.997458 0.99838 1.00025 0.997127 0.994124 1.00731 1.0022 1.00155 1.00371 1.01674 1.00957 1.03325 1.03002 1.02705 1.04453 1.04575 1.06945 1.06674 1.06262 1.07168 1.08885 1.08543 1.09023 1.10387 1.12421 1.12631 1.11685 1.15445 1.14658 1.14275 1.13791 1.20596 1.20618 1.22856 1.2078 1.21588 1.24221 1.27706 1.26034 1.30799 1.32026 1.31758 1.34305 1.37621 1.3828 1.40304 1.37667 1.41837 
1.58496 1.55089 1.50965 1.49779 1.47649 1.49523 1.44345 1.43736 1.39772 1.40414 1.40144 1.36154 1.35594 1.32739 1.31277 1.29432 1.26388 1.27896 1.24721 1.21746 1.2261 1.20263 1.21282 1.20513 1.18234 1.15697 1.15803 1.1424 1.11651 1.0988 1.12326 1.10178 1.09052 1.08897 1.07304 1.06697 1.05413 1.05383 1.0485 1.03884 1.0413 1.02231 1.01703 1.01653 1.01163 1.01268 1.00795 1.00711 1.00313 1.00094 1 0.999415 0.999936 0.998267 0.999667 1.00303 1.00358 1.00479 1.00625 1.00559 1.01227 1.01269 1.0175 1.02324 1.02127 1.03268 1.03042 1.04343 1.05888 1.06075 1.06717 1.05771 1.06801 1.10592 1.12384 1.10528 1.12537 1.12298 1.13886 1.13417 1.16475 1.16354 1.18114 1.19574 1.18926 1.24146 1.23639 1.27014 1.23839 1.29147 1.27892 1.34199 1.30705 1.32182 1.34258 1.37104 1.34943 1.39961 1.3773 1.44943 1.44772 
1.53241 1.50696 1.51149 1.48466 1.46642 1.45302 1.44902 1.4065 1.4187 1.39385 1.37598 1.33278 1.35983 1.30716 1.30313 1.29844 1.27822 1.26992 1.24198 1.21085 1.2167 1.19426 1.19258 1.18738 1.17343 1.15377 1.15916 1.13537 1.11975 1.11471 1.11146 1.09836 1.07677 1.06569 1.0738 1.05745 1.05095 1.0407 1.04561 1.03463 1.02757 1.02532 1.01813 1.01791 1.01043 1.00938 1.00551 1.00417 1.00344 1.00126 1 0.999256 1.0005 0.999775 0.999065 1.00496 1.00603 1.00449 1.00666 1.00852 1.01268 1.02305 1.02653 1.02293 1.0386 1.03712 1.03907 1.06688 1.05858 1.07571 1.06647 1.09668 1.10019 1.08891 1.10194 1.10769 1.11919 1.14699 1.13875 1.15532 1.20375 1.20932 1.20641 1.20199 1.25081 1.25483 1.27635 1.28625 1.26391 1.29045 1.30302 1.35972 1.33946 1.35618 1.36801 1.37423 1.37023 1.39215 1.44437 1.45833 1.44947 
1.52809 1.50309 1.46565 1.50053 1.47788 1.40658 1.41155 1.39065 1.37054 1.36344 1.31763 1.32847 1.30345 1.29821 1.26851 1.27543 1.25506 1.24605 1.26418 1.21689 1.21969 1.21279 1.17679 1.16584 1.13765 1.15335 1.14297 1.12541 1.11205 1.10618 1.09308 1.08341 1.08081 1.07169 1.06747 1.05405 1.0506 1.04389 1.0339 1.03441 1.0242 1.02005 1.01483 1.01887 1.01367 1.00936 1.00282 1.00517 1.00166 1.00082 1 1.00008 1.00012 1.00069 1.00535 1.00117 1.00341 1.00933 1.01531 1.01455 1.01711 1.02709 1.02407 1.03581 1.03574 1.0476 1.04021 1.05856 1.05721 1.06784 1.0762 1.06439 1.09363 1.10519 1.1042 1.13222 1.12158 1.13191 1.16127 1.16315 1.18013 1.19225 1.20629 1.21712 1.2071 1.23039 1.23957 1.26439 1.28228 1.31159 1.3225 1.32205 1.36216 1.35818 1.38549 1.37631 1.37278 1.40665 1.44129 1.48242 1.50816 
1.50979 1.47812 1.47009 1.44353 1.46491 1.42683 1.38339 1.38597 1.36245 1.39321 1.3357 1.32531 1.32171 1.29132 1.28708 1.28147 1.25351 1.23481 1.2103 1.21563 1.18706 1.19611 1.18145 1.15731 1.15517 1.13847 1.1321 1.1265 1.10552 1.11292 1.1002 1.07863 1.0652 1.07682 1.06156 1.05592 1.03955 1.0378 1.02818 1.03667 1.0224 1.02429 1.01423 1.01534 1.00844 1.00824 1.00177 1.00108 1.00014 1.00076 1 0.999533 1.00118 0.999868 1.00163 1.00232 1.00598 1.0088 1.01637 1.01262 1.01933 1.02741 1.03937 1.0432 1.04929 1.05373 1.05664 1.0615 1.06626 1.09353 1.09782 1.09975 1.11684 1.11576 1.14711 1.14021 1.14559 1.18122 1.16868 1.15984 1.18426 1.18765 1.21526 1.20995 1.23761 1.25113 1.25075 1.26666 1.28793 1.30787 1.32665 1.33927 1.32142 1.39948 1.38432 1.4163 1.4442 1.4784 1.47927 1.45461 1.53059 
1.51663 1.47738 1.45577 1.46033 1.43175 1.38553 1.38386 1.38001 1.35305 1.36158 1.32107 1.30458 1.3001 1.28982 1.27158 1.27639 1.24562 1.22179 1.22649 1.20351 1.1724 1.17909 1.16345 1.16563 1.13411 1.13826 1.11361 1.13464 1.0963 1.09333 1.08136 1.08533 1.07606 1.05708 1.05036 1.05158 1.03961 1.03691 1.02593 1.02613 1.02308 1.01415 1.01881 1.01082 1.00738 1.00764 1.00185 1.00022 1.00016 0.999308 1 0.999965 1.00106 1.00593 1.00408 1.00697 1.0094 1.01445 1.01909 1.02156 1.02103 1.03409 1.03815 1.04087 1.0443 1.05058 1.04753 1.06907 1.07748 1.08377 1.10283 1.10228 1.11243 1.10658 1.12681 1.14467 1.16017 1.17339 1.19342 1.19778 1.20415 1.21337 1.21296 1.2286 1.26704 1.24574 1.29335 1.30383 1.3357 1.30495 1.33892 1.35623 1.36465 1.39726 1.39453 1.41489 1.44273 1.4611 1.47636 1.48171 1.4988 
1.49793 1.48414 1.44163 1.41942 1.42902 1.42512 1.38931 1.38498 1.37862 1.34831 1.32421 1.31271 1.26169 1.2823 1.27957 1.25226 1.25068 1.22181 1.20624 1.20476 1.17355 1.17046 1.16321 1.14416 1.13758 1.11915 1.11034 1.11249 1.09326 1.08096 1.0826 1.0763 1.06267 1.0564 1.05328 1.04298 1.02808 1.02842 1.0313 1.01663 1.01676 1.01574 1.01035 1.00611 1.01091 1.00514 1.00231 1.00137 0.998446 0.999475 1 1.00073 1.00215 1.00288 1.00505 1.0094 1.00934 1.01182 1.01449 1.02169 1.02896 1.03338 1.03563 1.04972 1.05114 1.06091 1.05937 1.07398 1.07857 1.0942 1.09078 1.11671 1.1176 1.12661 1.12448 1.15183 1.14779 1.18182 1.16725 1.19892 1.21845 1.22253 1.21245 1.25383 1.26569 1.2634 1.31012 1.28229 1.3323 1.35501 1.36849 1.38358 1.37248 1.38236 1.42907 1.40529 1.45956 1.45674 1.47655 1.47123 1.54419 
1.48262 1.45422 1.43023 1.42146 1.40291 1.36952 1.35327 1.37173 1.30833 1.32331 1.32923 1.29913 1.28458 1.26554 1.24083 1.227 1.22326 1.23045 1.19465 1.19265 1.17938 1.1712 1.15226 1.14148 1.12472 1.11096 1.09307 1.10776 1.08025 1.087 1.08679 1.07001 1.06465 1.05782 1.04151 1.04041 1.02649 1.02091 1.0236 1.01593 1.01637 1.00801 1.00769 1.00412 0.999746 1.00089 0.998813 1.00112 1.0005 0.9997 1 1.00121 1.00271 1.00286 1.00487 1.00812 1.0103 1.02167 1.02344 1.0265 1.03363 1.0432 1.04968 1.05774 1.04938 1.05165 1.05399 1.08457 1.09708 1.09883 1.10413 1.10823 1.13291 1.13085 1.14969 1.16532 1.16491 1.17748 1.19062 1.21144 1.23257 1.22094 1.25359 1.25058 1.27234 1.29888 1.30839 1.3433 1.35495 1.3529 1.37183 1.3837 1.36961 1.42074 1.43805 1.47406 1.50636 1.49431 1.50997 1.51376 1.56274 
1.43914 1.4686 1.44285 1.40976 1.37467 1.35688 1.35581 1.36602 1.3488 1.33268 1.30514 1.29438 1.28083 1.22673 1.25753 1.2338 1.20446 1.20824 1.19017 1.19424 1.16053 1.14297 1.14537 1.13374 1.12373 1.10668 1.09998 1.0915 1.08322 1.06526 1.06948 1.05878 1.05605 1.05078 1.04757 1.02861 1.03513 1.02532 1.01813 1.01044 1.0084 1.01308 1.00838 1.00503 1.00491 1.00272 0.999129 0.998801 0.999153 0.999225 1 1.00202 1.0034 1.00544 1.00899 1.00728 1.01816 1.01411 1.01986 1.03131 1.03417 1.03932 1.0429 1.06649 1.06552 1.07058 1.07193 1.08339 1.08217 1.0916 1.11415 1.13461 1.13893 1.14245 1.16426 1.15146 1.18544 1.18514 1.20532 1.2064 1.22615 1.26185 1.2569 1.28238 1.29751 1.28044 1.30445 1.34311 1.34556 1.34789 1.36649 1.37024 1.42014 1.41166 1.4561 1.45678 1.48951 1.47852 1.52069 1.53502 1.56872 
1.44219 1.41483 1.40412 1.39399 1.37958 1.36322 1.31802 1.34059 1.30702 1.32209 1.29648 1.25527 1.24784 1.24595 1.21662 1.1968 1.19965 1.19103 1.17854 1.17423 1.1297 1.15181 1.12276 1.12562 1.10489 1.11362 1.0966 1.09239 1.06211 1.06994 1.06568 1.05614 1.05442 1.04304 1.03311 1.03492 1.02598 1.01852 1.02061 1.01121 1.01104 1.00697 1.00492 0.999464 1.00125 0.998357 0.997692 0.998565 0.999312 0.998723 1 1.00192 1.00494 1.00615 1.01099 1.00935 1.01425 1.02393 1.02646 1.0318 1.03302 1.05265 1.04541 1.05845 1.06194 1.06411 1.07803 1.10132 1.08244 1.11132 1.12401 1.12674 1.13099 1.15057 1.16052 1.16725 1.19494 1.20339 1.23179 1.21747 1.22506 1.25936 1.26569 1.26796 1.31111 1.30739 1.33147 1.33501 1.36633 1.36758 1.41711 1.3925 1.45186 1.44605 1.44747 1.49115 1.46577 1.51005 1.54856 1.56624 1.57204 
1.41834 1.4164 1.3831 1.42106 1.34874 1.37218 1.30847 1.3259 1.31273 1.26394 1.26034 1.24981 1.23385 1.24613 1.19677 1.2134 1.17397 1.16114 1.15131 1.16692 1.13373 1.12769 1.12125 1.11355 1.09801 1.08274 1.10173 1.06292 1.06911 1.05758 1.05435 1.06112 1.05177 1.03494 1.03949 1.02963 1.02074 1.01934 1.01331 1.00981 1.0053 1.00025 0.997711 1.00477 1.00134 1.00108 0.996869 0.995323 0.99742 0.998699 1 1.0023 1.00592 1.00487 1.012 1.01009 1.01669 1.02027 1.02849 1.04327 1.04492 1.0538 1.05855 1.06577 1.06947 1.07527 1.07423 1.0783 1.10873 1.10501 1.11817 1.13033 1.13429 1.17246 1.1818 1.17707 1.20309 1.18118 1.23475 1.2292 1.26064 1.2732 1.30164 1.2891 1.31522 1.3239 1.36181 1.37437 1.35566 1.40392 1.43226 1.43306 1.41574 1.42964 1.47891 1.51659 1.53123 1.53382 1.54707 1.53766 1.58464 
1.41708 1.39974 1.40185 1.39064 1.33375 1.35111 1.32321 1.31691 1.30633 1.26041 1.26508 1.24609 1.24112 1.21526 1.22711 1.17588 1.17724 1.18099 1.18657 1.13968 1.15299 1.13594 1.10115 1.10453 1.10634 1.09021 1.09512 1.06796 1.06532 1.06249 1.05868 1.04328 1.04386 1.03421 1.03899 1.02458 1.02514 1.01203 1.01089 1.00708 1.00238 1.00391 1.00189 0.998555 0.998724 0.99607 0.994095 0.99779 0.996319 0.998729 1 1.00297 1.00445 1.00895 1.00876 1.01564 1.01602 1.0223 1.03068 1.03272 1.03471 1.04242 1.05677 1.06353 1.06987 1.07736 1.07948 1.08851 1.11365 1.12099 1.11913 1.14305 1.14664 1.16246 1.18662 1.18219 1.19539 1.22002 1.24826 1.25231 1.26428 1.27613 1.29412 1.31065 1.32087 1.31981 1.37581 1.38804 1.39638 1.39078 1.45171 1.4323 1.43926 1.46598 1.49868 1.49402 1.54961 1.55681 1.5876 1.58319 1.63475 
1.41364 1.40793 1.37563 1.37005 1.36502 1.34691 1.30853 1.29903 1.27501 1.25891 1.25629 1.25268 1.24244 1.2026 1.21007 1.17593 1.16543 1.1747 1.16989 1.14786 1.1419 1.10323 1.109 1.1171 1.1088 1.09484 1.06838 1.05365 1.06648 1.04258 1.05113 1.04714 1.03047 1.03227 1.02321 1.01715 1.00194 1.00559 1.01015 1.00027 0.997715 1.0001 1.00067 0.993737 0.990445 0.991161 0.99559 0.995469 0.996283 0.998289 1 1.00222 1.00564 1.00859 1.01425 1.01556 1.02114 1.02456 1.03272 1.0445 1.04791 1.05292 1.05414 1.07301 1.08212 1.08348 1.09356 1.10063 1.10598 1.11574 1.12646 1.14518 1.16213 1.16288 1.18367 1.20107 1.2206 1.21486 1.22712 1.26525 1.24886 1.28666 1.30658 1.28575 1.32378 1.33697 1.36646 1.37912 1.36822 1.44784 1.45401 1.44611 1.45434 1.46402 1.49544 1.52765 1.53833 1.5877 1.56186 1.6052 1.62107 
1.41328 1.33665 1.37166 1.35803 1.33064 1.33314 1.32394 1.29041 1.2624 1.24304 1.23246 1.21344 1.20621 1.19146 1.17651 1.18802 1.16296 1.1638 1.14744 1.14052 1.12825 1.11155 1.10935 1.08563 1.09462 1.09651 1.0639 1.07207 1.03829 1.03314 1.04254 1.03417 1.03345 1.02452 1.01508 1.01012 1.014 1.00508 1.01098 0.986314 1.0016 0.99818 0.990378 0.996355 0.995543 0.99402 0.989748 0.994963 0.996148 0.998207 1 1.0029 1.00592 1.01041 1.01245 1.01966 1.02224 1.03239 1.03708 1.03367 1.04115 1.05722 1.06231 1.07503 1.08291 1.09256 1.09831 1.11467 1.1334 1.14318 1.14759 1.15288 1.16952 1.17982 1.19904 1.21258 1.22842 1.23071 1.24774 1.26051 1.29002 1.29829 1.2879 1.32228 1.34451 1.34276 1.38564 1.39655 1.37051 1.42075 1.43538 1.44572 1.4818 1.50874 1.54217 1.56203 1.53588 1.56295 1.58146 1.58423 1.60274 
1.3878 1.41903 1.35138 1.3308 1.31666 1.29267 1.28876 1.25727 1.26335 1.23229 1.2571 1.20842 1.21222 1.21775 1.17689 1.16939 1.14892 1.14446 1.12635 1.11965 1.12729 1.11826 1.10297 1.0955 1.06501 1.0769 1.06872 1.07453 1.0536 1.02957 1.04491 1.03473 1.02097 1.02395 1.00883 1.0117 1.00514 1.00403 0.994704 0.998921 0.99516 0.993322 0.994664 1.00145 0.994468 0.992015 0.992285 0.995305 0.995347 0.997734 1 1.00261 1.00577 1.00989 1.01488 1.01935 1.02378 1.02935 1.03402 1.04534 1.04712 1.064 1.07108 1.07329 1.088 1.0894 1.10255 1.10982 1.118 1.12607 1.15094 1.15731 1.1713 1.17784 1.20375 1.21796 1.21775 1.24308 1.24276 1.26137 1.29217 1.28458 1.29954 1.32132 1.34499 1.35575 1.38908 1.39787 1.42684 1.45964 1.44174 1.47535 1.50467 1.49548 1.51688 1.55805 1.58176 1.59011 1.61515 1.64025 1.6341 
1.35176 1.35795 1.3566 1.32967 1.30505 1.29468 1.26591 1.26231 1.25309 1.25369 1.22893 1.17736 1.20851 1.21011 1.17291 1.16687 1.17275 1.15681 1.13607 1.11245 1.10859 1.09784 1.09658 1.08782 1.07832 1.05957 1.05787 1.05114 1.05924 1.02446 1.02721 1.0306 1.01701 1.01613 1.01631 1.01388 1.00531 0.989309 1.00148 0.993702 1.00104 0.998733 0.999195 0.987473 0.991261 0.985837 0.992967 0.994225 0.994952 0.997206 1 1.00325 1.00623 1.01069 1.01227 1.02088 1.02973 1.02795 1.03439 1.04239 1.05771 1.06111 1.07051 1.08315 1.08707 1.09927 1.11433 1.13073 1.13304 1.13034 1.14096 1.15947 1.16546 1.18481 1.19177 1.19586 1.21981 1.22697 1.26334 1.27631 1.29724 1.29328 1.32936 1.3526 1.36324 1.39509 1.40818 1.41814 1.45317 1.44571 1.47181 1.48004 1.49951 1.51526 1.54352 1.54947 1.59653 1.57837 1.64037 1.65706 1.66719 
1.35432 1.32362 1.3253 1.32269 1.28505 1.26463 1.26673 1.2671 1.25218 1.24426 1.18293 1.18095 1.21044 1.17482 1.1575 1.17011 1.14707 1.13626 1.12336 1.12604 1.10336 1.09686 1.09638 1.10101 1.09312 1.08658 1.06577 1.0531 1.06118 1.03235 1.03472 1.02476 1.01713 1.01565 1.013 1.00567 0.998634 1.00097 0.989455 0.989282 0.995844 0.991636 0.992146 0.989403 0.992509 0.989516 0.992572 0.993387 0.995293 0.997505 1 1.00375 1.00667 1.01248 1.01519 1.02291 1.0278 1.0354 1.0443 1.04668 1.05086 1.05666 1.06862 1.08365 1.08006 1.10349 1.11079 1.12739 1.11841 1.13691 1.16075 1.15592 1.16797 1.18389 1.20146 1.23306 1.2327 1.24954 1.28461 1.29482 1.30513 1.30475 1.32759 1.33562 1.35595 1.40148 1.40653 1.42709 1.43652 1.45878 1.48237 1.5112 1.51108 1.52949 1.51099 1.59041 1.58134 1.6075 1.62878 1.66121 1.64907 
1.32006 1.32077 1.31942 1.27863 1.32893 1.26403 1.26845 1.26092 1.20228 1.24302 1.21233 1.18982 1.20391 1.18876 1.14312 1.15081 1.14596 1.1286 1.11868 1.11626 1.0841 1.09979 1.07485 1.0627 1.06985 1.05976 1.04639 1.03968 1.03531 1.03358 1.03355 1.01639 1.00892 1.02344 1.00071 0.997623 0.991277 0.987473 0.992641 0.98846 0.984122 0.993354 0.982904 0.988979 0.984019 0.987797 0.990649 0.993428 0.993815 0.99661 1 1.00331 1.00835 1.01424 1.02054 1.02465 1.02448 1.03651 1.04597 1.05064 1.05789 1.07117 1.08086 1.08297 1.10497 1.1063 1.10989 1.12513 1.13029 1.14553 1.16761 1.18032 1.19093 1.20699 1.23354 1.19377 1.26459 1.25272 1.26701 1.292 1.30048 1.298 1.33262 1.37712 1.36312 1.40179 1.40157 1.44865 1.45496 1.46116 1.48031 1.51119 1.53838 1.56625 1.55607 1.56642 1.60141 1.63199 1.68148 1.63284 1.6989 
1.33797 1.35215 1.2789 1.28796 1.29435 1.25589 1.24086 1.24168 1.21624 1.22431 1.22634 1.20914 1.17867 1.186 1.16022 1.12908 1.13353 1.12623 1.13688 1.10458 1.08931 1.0897 1.08721 1.07991 1.05022 1.05828 1.03436 1.01887 1.03307 1.03203 1.03163 0.998893 1.01029 0.997086 1.00048 1.00295 0.991552 0.985097 0.995781 0.987789 0.990783 0.982376 0.984122 0.984526 0.984321 0.986072 0.989773 0.989347 0.993301 0.996476 1 1.00477 1.00808 1.01427 1.01784 1.02516 1.03663 1.03605 1.04916 1.0518 1.06037 1.06935 1.08451 1.08231 1.10032 1.10567 1.11737 1.12433 1.14602 1.14789 1.16273 1.17531 1.1923 1.20215 1.22292 1.23404 1.24138 1.26054 1.28887 1.30505 1.31663 1.33162 1.34993 1.37503 1.39008 1.39028 1.43291 1.43632 1.46407 1.48711 1.49624 1.52158 1.5143 1.54694 1.5545 1.59895 1.63363 1.65103 1.6403 1.66441 1.69171 
1.33586 1.32832 1.2827 1.27904 1.2577 1.24485 1.22314 1.21819 1.21081 1.20039 1.19419 1.19897 1.18342 1.14963 1.13321 1.13585 1.1181 1.12314 1.1063 1.09941 1.08013 1.08907 1.06094 1.07867 1.05355 1.05098 1.02787 1.03617 1.04379 1.01347 1.01215 1.0023 1.00861 1.00096 0.998364 0.991259 0.992386 0.987102 0.985831 0.989195 0.980796 0.978496 0.983948 0.98364 0.984632 0.98893 0.988469 0.989257 0.991711 0.995875 1 1.00401 1.00842 1.01425 1.02327 1.02163 1.02752 1.04188 1.0487 1.05334 1.06353 1.06924 1.07818 1.09009 1.09805 1.11226 1.12726 1.13809 1.14087 1.16599 1.16415 1.19183 1.20525 1.20981 1.20967 1.23398 1.25603 1.26806 1.28545 1.31675 1.30413 1.33946 1.33823 1.37126 1.40738 1.41886 1.44455 1.45837 1.45834 1.47311 1.51543 1.54015 1.54963 1.59158 1.57009 1.60254 1.62971 1.65741 1.66271 1.6755 1.69729 
1.31707 1.2987 1.28271 1.26585 1.27932 1.26455 1.25246 1.23998 1.20555 1.22309 1.17092 1.17577 1.15389 1.16542 1.14475 1.11843 1.12825 1.08921 1.10147 1.09547 1.08077 1.07051 1.07259 1.05159 1.04109 1.04578 1.02543 1.02816 1.02967 1.00599 1.00942 1.01896 1.00866 1.00147 0.987133 0.98532 0.992264 0.987602 0.983727 0.98231 0.989896 0.982073 0.991142 0.983026 0.984657 0.985272 0.986295 0.987568 0.994398 0.996635 1 1.0044 1.00926 1.01553 1.02366 1.0261 1.0302 1.04254 1.04512 1.05548 1.06742 1.06837 1.09191 1.08973 1.10392 1.1163 1.12554 1.13893 1.14152 1.15891 1.16276 1.17699 1.19165 1.21567 1.22872 1.2439 1.24362 1.27003 1.3001 1.29953 1.32717 1.35299 1.36498 1.37701 1.40482 1.40936 1.43452 1.47122 1.45702 1.52262 1.52919 1.50907 1.59419 1.57378 1.59643 1.64032 1.62543 1.67286 1.65127 1.71017 1.71666 
1.32773 1.31687 1.29193 1.2504 1.23597 1.21692 1.25013 1.21544 1.20132 1.20187 1.18043 1.17052 1.1516 1.14516 1.1497 1.14981 1.11082 1.1112 1.09607 1.07217 1.06488 1.06445 1.04503 1.0501 1.04238 1.0353 1.02071 1.01609 1.01438 1.01847 0.997599 1.00089 1.00182 1.00034 0.993461 0.991574 0.988399 0.987562 0.97687 0.98716 0.981848 0.982426 0.985675 0.981853 0.983306 0.983761 0.988394 0.989737 0.992075 0.996269 1 1.00481 1.00878 1.01725 1.02198 1.02711 1.03327 1.04089 1.05299 1.05585 1.06326 1.08394 1.07365 1.08778 1.10675 1.11829 1.12592 1.1338 1.16295 1.165 1.18714 1.19152 1.20627 1.22737 1.25218 1.2413 1.2746 1.28409 1.31246 1.30339 1.36018 1.37845 1.35461 1.35807 1.39889 1.42693 1.4507 1.45411 1.49642 1.50279 1.55465 1.53976 1.55626 1.61422 1.6105 1.63407 1.64874 1.68402 1.71062 1.70396 1.73866 
1.25307 1.29761 1.27604 1.2581 1.26432 1.23249 1.21749 1.23482 1.18347 1.17203 1.16638 1.16634 1.17942 1.13389 1.13305 1.10704 1.11887 1.10342 1.06561 1.07604 1.05538 1.05988 1.04798 1.05584 1.02585 1.04192 1.03686 1.02168 1.00662 1.01595 1.00194 0.988346 0.988971 0.989982 0.982501 0.983983 0.985522 0.974561 0.978496 0.976814 0.981025 0.981911 0.983454 0.979561 0.982978 0.985661 0.986295 0.989425 0.992639 0.995743 1 1.00555 1.01044 1.01427 1.02234 1.02493 1.0369 1.04298 1.05442 1.0606 1.06844 1.07539 1.08836 1.0987 1.11049 1.11167 1.14299 1.14868 1.15677 1.16474 1.18457 1.19522 1.19633 1.21895 1.26131 1.27091 1.27081 1.27405 1.28893 1.31739 1.33703 1.35269 1.39696 1.38369 1.4273 1.44083 1.48163 1.46629 1.48443 1.49856 1.53726 1.5371 1.57637 1.5963 1.60257 1.6276 1.63778 1.66609 1.70911 1.72411 1.76401 
1.30838 1.301 1.26392 1.23914 1.22714 1.19991 1.21108 1.20922 1.18983 1.18546 1.17517 1.15836 1.13734 1.0984 1.12689 1.1207 1.09075 1.10301 1.08296 1.06531 1.07922 1.05635 1.05592 1.02305 1.04706 1.03598 1.02995 1.00721 1.01369 1.00039 1.01143 0.998648 0.995498 0.988483 0.987862 0.983212 0.983669 0.974038 0.98277 0.97931 0.976084 0.977346 0.979646 0.973108 0.978895 0.985358 0.984976 0.990138 0.991577 0.995542 1 1.00565 1.01024 1.01749 1.02207 1.03025 1.03643 1.04756 1.05431 1.05943 1.06799 1.0826 1.08928 1.1004 1.11032 1.12274 1.12794 1.14522 1.16352 1.17576 1.18431 1.19334 1.20978 1.22493 1.23438 1.25321 1.2765 1.293 1.31041 1.32614 1.33232 1.37105 1.40436 1.39528 1.44599 1.44673 1.46426 1.48331 1.50372 1.52024 1.54686 1.55118 1.57222 1.62789 1.5947 1.67421 1.65618 1.68587 1.7288 1.75726 1.75095 
1.27697 1.30218 1.24458 1.25411 1.22868 1.23882 1.21217 1.19816 1.20716 1.17605 1.15768 1.12102 1.14175 1.12464 1.11997 1.09387 1.09582 1.0931 1.09387 1.05365 1.07541 1.05487 1.06556 1.03571 1.02869 1.03282 1.0051 1.02162 1.00372 1.00366 1.00037 0.988706 0.987834 0.99193 0.980191 0.979948 0.979211 0.977165 0.970457 0.9738 0.978213 0.97581 0.975456 0.980539 0.979839 0.979422 0.983866 0.989959 0.992125 0.99511 1 1.00458 1.00989 1.01782 1.02371 1.02732 1.0401 1.04811 1.05175 1.0622 1.07701 1.08603 1.08736 1.10571 1.11747 1.12981 1.14022 1.14992 1.16596 1.18936 1.18746 1.20328 1.21141 1.24474 1.26543 1.25519 1.27998 1.29037 1.29545 1.33147 1.35566 1.36207 1.39743 1.41807 1.41623 1.44434 1.44957 1.48711 1.51724 1.49028 1.56681 1.57428 1.57561 1.62259 1.63275 1.63505 1.67266 1.67037 1.71883 1.74954 1.78623 
1.2969 1.26507 1.25492 1.24798 1.21067 1.19576 1.19676 1.20233 1.16588 1.19153 1.14113 1.17018 1.12607 1.1131 1.10185 1.09166 1.09156 1.07927 1.07874 1.05878 1.06286 1.05096 1.02582 1.02426 1.0299 1.02823 0.995714 1.01231 0.990145 0.993799 0.982111 0.976981 0.995083 0.981034 0.98091 0.970453 0.969925 0.97058 0.970743 0.977353 0.976911 0.9751 0.979084 0.976861 0.980566 0.978176 0.985634 0.986308 0.991774 0.994907 1 1.00522 1.01033 1.01677 1.02011 1.02918 1.03923 1.0447 1.05182 1.06612 1.07922 1.07875 1.0963 1.09179 1.11481 1.13249 1.13703 1.15148 1.15534 1.17524 1.18565 1.21209 1.23395 1.24398 1.27942 1.27375 1.28819 1.30065 1.3224 1.34183 1.3662 1.3438 1.40192 1.41558 1.42539 1.44906 1.47559 1.48819 1.51796 1.54433 1.57046 1.57924 1.58911 1.60974 1.66935 1.67754 1.67984 1.70507 1.72741 1.77565 1.73873 
1.29937 1.24381 1.2382 1.24024 1.20863 1.18771 1.21391 1.17911 1.16414 1.17829 1.14842 1.15737 1.15611 1.12812 1.11693 1.07823 1.07748 1.06724 1.08094 1.03851 1.06309 1.04014 1.05794 1.03696 1.02073 1.00955 1.00634 1.02026 0.981696 0.995552 0.991007 0.974839 0.988687 0.981388 0.975735 0.983206 0.979162 0.969179 0.974744 0.975998 0.969299 0.968919 0.975914 0.976229 0.978656 0.977066 0.982012 0.984736 0.991984 0.995214 1 1.00478 1.01055 1.01767 1.02522 1.03374 1.0427 1.04787 1.05757 1.06301 1.08209 1.08453 1.09689 1.10484 1.11598 1.14821 1.14671 1.15699 1.17522 1.18457 1.21644 1.21458 1.21558 1.25807 1.23728 1.27439 1.28829 1.30662 1.31403 1.34677 1.37125 1.36411 1.38811 1.41052 1.42782 1.45962 1.47836 1.48992 1.50929 1.55159 1.5445 1.57556 1.6103 1.63185 1.65607 1.6831 1.69946 1.72872 1.72615 1.77551 1.80977 
1.25587 1.22623 1.24696 1.22894 1.21897 1.20921 1.1975 1.1716 1.15466 1.17188 1.13882 1.1271 1.12389 1.1358 1.10205 1.10308 1.07894 1.04766 1.0522 1.04742 1.06195 1.02874 1.02564 1.02148 1.03228 1.00895 1.00162 1.00813 0.995513 1.0003 0.997425 0.984286 0.992382 0.975127 0.97638 0.978036 0.973853 0.970939 0.971901 0.96957 0.972972 0.972762 0.972939 0.975511 0.977816 0.979183 0.983949 0.986701 0.989648 0.994736 1 1.0058 1.01098 1.0176 1.02387 1.03239 1.0408 1.0525 1.05655 1.06042 1.075 1.08802 1.09207 1.11042 1.11239 1.12967 1.15128 1.14923 1.16147 1.18928 1.19259 1.1987 1.24521 1.25523 1.26257 1.26256 1.30106 1.32082 1.31379 1.33367 1.37226 1.38729 1.41567 1.43837 1.48398 1.4494 1.47436 1.50021 1.55845 1.55522 1.5543 1.58703 1.60931 1.62576 1.65877 1.69474 1.71658 1.73865 1.75779 1.77906 1.79015 
1.27075 1.27099 1.21688 1.22015 1.20564 1.15642 1.18305 1.18911 1.17047 1.14276 1.12038 1.12577 1.123 1.10436 1.0803 1.09107 1.05687 1.07212 1.06838 1.06017 1.03545 1.03893 1.03102 1.01484 1.02828 0.997121 1.01704 1.00686 0.9861 0.99064 0.994374 0.974549 0.976451 0.977778 0.970569 0.965385 0.971839 0.966984 0.965254 0.971433 0.966554 0.968941 0.971517 0.973367 0.976817 0.979025 0.982868 0.986556 0.989951 0.994726 1 1.00598 1.0116 1.01781 1.02753 1.03223 1.04238 1.04897 1.05643 1.06537 1.07982 1.08815 1.10327 1.11383 1.11775 1.1379 1.14842 1.15732 1.15663 1.19698 1.20833 1.20774 1.2281 1.24503 1.24585 1.27415 1.31611 1.30807 1.31832 1.33201 1.37291 1.39806 1.40827 1.40976 1.47871 1.445 1.50245 1.51367 1.52677 1.50434 1.57202 1.59186 1.59788 1.63433 1.64669 1.65613 1.71413 1.74454 1.75084 1.74087 1.8201 
1.28836 1.24575 1.22166 1.20463 1.19868 1.19454 1.17323 1.15941 1.15006 1.15579 1.14358 1.12194 1.14824 1.104 1.09946 1.08824 1.06188 1.07108 1.04867 1.03522 1.03102 1.03661 1.03317 1.01867 1.00688 1.00842 1.00331 0.982926 0.989889 0.998811 0.996127 0.975523 0.980815 0.976135 0.97451 0.966543 0.969367 0.970365 0.968888 0.973861 0.970446 0.968376 0.976752 0.973488 0.974996 0.97488 0.982093 0.98754 0.989353 0.994772 1 1.00625 1.0123 1.01763 1.02354 1.03274 1.04345 1.05423 1.06435 1.06762 1.08442 1.09291 1.10309 1.11347 1.13116 1.13508 1.15549 1.16338 1.17685 1.18973 1.20116 1.23205 1.24334 1.25094 1.27811 1.28628 1.30761 1.31663 1.31835 1.36211 1.39555 1.38549 1.4072 1.4404 1.45419 1.44563 1.49657 1.53807 1.54587 1.56333 1.5506 1.58368 1.61647 1.64572 1.64601 1.6744 1.70459 1.7032 1.77318 1.75689 1.80983 
1.20507 1.21095 1.21418 1.24357 1.19809 1.17847 1.18281 1.16061 1.16479 1.14025 1.13741 1.12446 1.08062 1.09982 1.10141 1.08984 1.08571 1.06165 1.04546 1.04684 1.03872 1.02415 1.01079 1.03441 1.01063 1.0114 1.01057 1.00136 0.997165 0.996295 0.988038 0.979824 0.97157 0.971781 0.96825 0.971964 0.965334 0.963446 0.965325 0.964903 0.959838 0.972044 0.967886 0.97326 0.973372 0.977532 0.980445 0.98612 0.989459 0.99527 1 1.00505 1.01204 1.01822 1.02639 1.03426 1.0425 1.0532 1.06733 1.07113 1.08316 1.08384 1.10158 1.11211 1.12373 1.13381 1.14511 1.16178 1.18297 1.18181 1.19801 1.236 1.21689 1.27145 1.28356 1.28449 1.30246 1.32247 1.3186 1.37955 1.37215 1.39599 1.41731 1.42676 1.47971 1.49181 1.49281 1.50929 1.55464 1.55677 1.59092 1.59458 1.65117 1.64093 1.67595 1.69615 1.72642 1.73904 1.77727 1.76028 1.86311 
1.22858 1.19648 1.21518 1.20376 1.21385 1.18082 1.16243 1.13458 1.14263 1.13102 1.12554 1.11017 1.10396 1.09547 1.0903 1.08082 1.06925 1.07718 1.03687 1.04983 1.05561 1.03136 1.01943 0.99673 1.01356 1.00891 0.990266 0.956086 0.983921 0.983953 0.978435 0.980622 0.97119 0.975856 0.97282 0.960842 0.964918 0.959969 0.96902 0.963513 0.965804 0.970765 0.96984 0.979512 0.97672 0.976392 0.98108 0.984227 0.989752 0.994364 1 1.00586 1.01257 1.02042 1.02683 1.03653 1.04193 1.05263 1.05734 1.06964 1.07745 1.08919 1.09939 1.11492 1.13379 1.12862 1.15273 1.16298 1.17334 1.18719 1.22515 1.22206 1.25384 1.26437 1.26087 1.29609 1.29915 1.33565 1.35903 1.33921 1.39029 1.40508 1.43357 1.42178 1.47711 1.46141 1.50445 1.53244 1.54558 1.57314 1.57464 1.59884 1.63138 1.65646 1.68521 1.71304 1.7373 1.72681 1.77516 1.79679 1.80979 
1.22581 1.22819 1.20944 1.18943 1.18232 1.17847 1.17844 1.15237 1.15601 1.11775 1.11619 1.10301 1.11391 1.07823 1.08679 1.08548 1.06583 1.04966 1.0477 1.04517 1.01863 1.01496 1.01831 1.00798 1.00699 1.01842 0.991291 0.975212 0.977396 0.973779 0.963883 0.979957 0.984302 0.96233 0.969011 0.965178 0.968284 0.962363 0.968419 0.968072 0.96494 0.964979 0.968389 0.972297 0.973052 0.977699 0.978891 0.98361 0.988297 0.99464 1 1.0061 1.01398 1.02154 1.02874 1.03662 1.03852 1.05177 1.05781 1.07228 1.07759 1.09201 1.11162 1.11558 1.13441 1.1403 1.15097 1.16962 1.18336 1.1913 1.20885 1.23801 1.24597 1.24984 1.26896 1.28656 1.33104 1.34137 1.34675 1.38179 1.38688 1.41387 1.42911 1.43019 1.46749 1.46616 1.49334 1.53634 1.54235 1.57265 1.60072 1.62639 1.67124 1.65338 1.6807 1.72102 1.73863 1.74559 1.77863 1.81349 1.79056 
1.28217 1.2083 1.21758 1.19336 1.19694 1.1479 1.15239 1.15922 1.13512 1.13472 1.12674 1.12356 1.09319 1.08515 1.07057 1.08363 1.0761 1.04905 1.03816 1.03534 1.00044 1.01542 1.0157 1.01529 1.02308 0.997034 0.99541 0.980028 0.978454 0.963252 0.98595 0.970532 0.966314 0.966405 0.972965 0.96429 0.966728 0.962427 0.968629 0.95894 0.965075 0.970972 0.969988 0.966335 0.971882 0.974352 0.978808 0.984593 0.990073 0.994587 1 1.00632 1.01209 1.01981 1.02869 1.03612 1.04012 1.05191 1.05714 1.07077 1.07887 1.08805 1.10263 1.10942 1.13052 1.14362 1.15289 1.1784 1.1875 1.20714 1.22078 1.22198 1.24937 1.26535 1.2827 1.28424 1.31601 1.33197 1.3443 1.37957 1.38267 1.41329 1.43451 1.45381 1.45689 1.50092 1.51263 1.54083 1.55263 1.59311 1.57223 1.59138 1.64548 1.66281 1.69274 1.72364 1.75657 1.77057 1.78843 1.79669 1.83849 
1.21788 1.20402 1.20129 1.18157 1.17123 1.16098 1.17477 1.14713 1.09909 1.12972 1.11653 1.09917 1.08076 1.09708 1.07097 1.06158 1.06649 1.03716 1.02515 1.03625 1.01733 1.00851 0.999714 0.986676 0.98392 1.00053 0.984479 0.971843 0.969745 0.970154 0.968271 0.949337 0.952002 0.968456 0.972254 0.95738 0.958861 0.956447 0.968713 0.961043 0.958837 0.966269 0.966039 0.965701 0.971752 0.975172 0.981849 0.98446 0.988361 0.994433 1 1.00615 1.01415 1.0198 1.02828 1.03618 1.04599 1.05329 1.06416 1.07057 1.08289 1.09033 1.11242 1.1269 1.12767 1.14745 1.16641 1.1891 1.1816 1.20667 1.20951 1.23683 1.25605 1.26385 1.27969 1.30403 1.33425 1.33228 1.34579 1.38193 1.40384 1.39112 1.42192 1.44037 1.48298 1.49791 1.50225 1.53873 1.55245 1.56914 1.56204 1.6508 1.67745 1.68613 1.68418 1.72173 1.7571 1.75604 1.77572 1.84411 1.88028 
1.22717 1.21494 1.22501 1.2372 1.1788 1.18143 1.17491 1.14336 1.1222 1.10538 1.10967 1.09225 1.11902 1.07357 1.06518 1.05061 1.04701 1.02125 1.04089 1.04167 1.03748 1.02041 1.01267 0.993397 0.996427 0.987438 0.992247 0.974974 0.987788 0.97144 0.95523 0.962807 0.966658 0.961103 0.956915 0.967549 0.957614 0.96336 0.966201 0.960935 0.962079 0.959413 0.963427 0.971367 0.97107 0.974641 0.978438 0.983696 0.988353 0.993864 1 1.00668 1.01264 1.01953 1.02642 1.03618 1.04681 1.05758 1.06428 1.08041 1.0851 1.10404 1.11812 1.12328 1.13562 1.14319 1.16102 1.17624 1.18271 1.19091 1.22448 1.24234 1.2556 1.27933 1.28082 1.32283 1.31244 1.34875 1.36011 1.36937 1.39538 1.42835 1.44023 1.43854 1.4895 1.48278 1.52637 1.53822 1.55092 1.58855 1.60751 1.61938 1.65829 1.67136 1.70158 1.7226 1.76066 1.79575 1.78213 1.8367 1.84561 
1.20572 1.2281 1.19077 1.22957 1.15133 1.1727 1.16305 1.14326 1.13603 1.12652 1.10579 1.11025 1.06428 1.1088 1.06069 1.07315 1.06761 1.02602 1.03796 1.02927 1.02595 1.02722 0.999701 0.996417 0.970486 0.991964 0.982909 0.980923 0.99333 0.974287 0.969678 0.965323 0.963803 0.967676 0.955017 0.959538 0.948456 0.956394 0.95731 0.955092 0.960617 0.965558 0.96621 0.965275 0.966286 0.975471 0.977846 0.983066 0.989093 0.99384 1 1.00622 1.01211 1.02025 1.02863 1.03954 1.0453 1.06165 1.06481 1.07721 1.07691 1.09887 1.10653 1.12406 1.13478 1.15063 1.16579 1.17671 1.1888 1.20931 1.20275 1.23543 1.23375 1.2768 1.2929 1.2963 1.3249 1.33552 1.34989 1.36091 1.39736 1.42009 1.42284 1.44687 1.47999 1.50196 1.54509 1.53594 1.57184 1.59196 1.6235 1.62983 1.6724 1.68552 1.71278 1.6994 1.75375 1.76569 1.75712 1.81151 1.81498 
1.24623 1.177 1.18208 1.20068 1.15609 1.17614 1.14544 1.13708 1.12593 1.13072 1.11343 1.10419 1.06759 1.08458 1.0782 1.06701 1.04488 1.03834 1.03949 1.01038 1.01854 1.02723 1.00821 0.987843 1.01394 1.00118 0.981399 0.987692 0.970482 0.962946 0.966411 0.975628 0.957767 0.974367 0.958954 0.954445 0.960984 0.961013 0.957263 0.956003 0.962188 0.957609 0.965336 0.966526 0.968523 0.973431 0.97835 0.983715 0.98886 0.994044 1 1.00668 1.01469 1.01992 1.02866 1.03628 1.04651 1.05998 1.06853 1.07645 1.08406 1.09514 1.11346 1.12344 1.13229 1.14922 1.15751 1.17596 1.18849 1.20494 1.21964 1.22775 1.24392 1.28419 1.28888 1.31353 1.31351 1.33643 1.35003 1.38367 1.39209 1.41609 1.42259 1.45803 1.46309 1.5009 1.51331 1.54226 1.54768 1.57371 1.58483 1.63364 1.62975 1.69171 1.71092 1.72252 1.78089 1.76883 1.82468 1.83521 1.83684 
1.215 1.1867 1.20474 1.20015 1.16709 1.15398 1.1152 1.13002 1.12018 1.11831 1.10477 1.09124 1.1038 1.0525 1.06199 1.05458 1.05686 1.04141 1.04014 1.03108 1.01589 1.01482 0.983935 0.982349 1.00804 0.992639 0.980307 0.973287 0.983021 0.963773 0.963684 0.961092 0.962853 0.967189 0.959114 0.956863 0.957777 0.95952 0.959162 0.961107 0.958252 0.96571 0.965207 0.970998 0.974072 0.972049 0.980049 0.983305 0.989076 0.993965 1 1.0068 1.01434 1.02129 1.0303 1.03693 1.0439 1.05429 1.06705 1.08067 1.08457 1.09612 1.11152 1.12252 1.13687 1.1546 1.17016 1.17203 1.18544 1.19847 1.21607 1.24399 1.25432 1.28102 1.29879 1.31563 1.3287 1.34435 1.36856 1.37258 1.41318 1.44136 1.44027 1.48085 1.46763 1.51761 1.5463 1.55852 1.54881 1.60979 1.60659 1.63276 1.64335 1.69818 1.71745 1.74925 1.71668 1.75293 1.79734 1.79626 1.8422 
1.1844 1.19366 1.20447 1.19575 1.19339 1.15367 1.13238 1.12819 1.12933 1.08472 1.09233 1.11165 1.08163 1.08331 1.05972 1.03877 1.05303 1.03531 1.03237 1.00686 1.01844 1.00207 0.999495 1.00296 0.985361 0.988236 0.97689 0.981253 0.98362 0.974001 0.966002 0.96502 0.96579 0.964516 0.967047 0.953945 0.957191 0.955615 0.962637 0.959448 0.96102 0.961326 0.959999 0.963046 0.971172 0.971255 0.97729 0.980978 0.98836 0.994172 1 1.00639 1.0132 1.02093 1.03131 1.03574 1.04576 1.05634 1.06921 1.07372 1.08676 1.10735 1.11471 1.12504 1.14268 1.15122 1.16177 1.18261 1.1892 1.22235 1.2252 1.24119 1.24908 1.26952 1.29668 1.29738 1.32675 1.34657 1.37447 1.38872 1.41167 1.42315 1.45379 1.4696 1.49525 1.4803 1.53989 1.5562 1.58892 1.60663 1.62051 1.61131 1.64462 1.69199 1.70121 1.71555 1.78307 1.78332 1.8101 1.80451 1.84761 
1.179 1.20267 1.18332 1.20264 1.14428 1.12633 1.13028 1.14115 1.11845 1.074 1.07595 1.09171 1.10542 1.05166 1.06799 1.06554 1.04655 1.03634 1.02959 1.02401 1.01601 0.983404 0.997025 0.999232 1.01552 0.978926 0.961733 0.982693 0.969218 0.974862 0.964148 0.973581 0.95811 0.966781 0.961188 0.964777 0.960818 0.963092 0.961211 0.963665 0.955039 0.957854 0.964916 0.962282 0.967723 0.974544 0.978385 0.983298 0.987684 0.993753 1 1.00641 1.01351 1.02157 1.03162 1.04005 1.04845 1.05588 1.06895 1.08034 1.09404 1.09686 1.11257 1.1334 1.14087 1.1508 1.16466 1.18236 1.18966 1.21077 1.23802 1.23878 1.24369 1.27041 1.27904 1.302 1.33556 1.33648 1.37949 1.35766 1.39159 1.44107 1.45693 1.464 1.48361 1.51533 1.50413 1.57432 1.57646 1.59493 1.64668 1.64228 1.67868 1.66858 1.70957 1.74379 1.74259 1.79697 1.79052 1.83705 1.87365 
1.20148 1.18919 1.17517 1.16139 1.16931 1.15811 1.13155 1.10454 1.08069 1.10044 1.10519 1.08541 1.07482 1.05481 1.04409 1.04325 1.03975 1.03965 1.03006 1.03166 1.0236 1.0102 0.999724 1.00997 0.984768 0.998552 0.967823 0.98718 0.961721 0.96468 0.969935 0.962894 0.958954 0.956642 0.956919 0.965794 0.955637 0.950397 0.958326 0.953692 0.960668 0.963284 0.965063 0.965934 0.967986 0.973723 0.977287 0.983824 0.988091 0.993581 1 1.00651 1.01339 1.0209 1.03187 1.0413 1.04659 1.05787 1.0718 1.07787 1.09288 1.09402 1.10691 1.12253 1.14116 1.15679 1.15601 1.17567 1.19764 1.20948 1.23369 1.2417 1.25903 1.26791 1.28368 1.31223 1.33414 1.34721 1.35803 1.37964 1.38224 1.4306 1.44695 1.44965 1.49473 1.50556 1.5222 1.53629 1.58496 1.59033 1.63108 1.60521 1.66826 1.68433 1.71359 1.74774 1.75079 1.75234 1.80865 1.84002 1.86859 
1.21288 1.19846 1.1692 1.17947 1.1737 1.12941 1.15427 1.13599 1.11481 1.10929 1.08475 1.09812 1.06629 1.07958 1.05476 1.04149 1.04077 1.00525 1.03462 1.01161 0.998451 0.999182 0.986822 1.02178 0.991714 0.992007 0.981743 0.97122 0.975784 0.972958 0.960316 0.962057 0.957922 0.968245 0.947743 0.956898 0.951551 0.943943 0.963201 0.953511 0.957297 0.960364 0.962092 0.961194 0.967424 0.974323 0.976263 0.982268 0.988329 0.993568 1 1.00653 1.01221 1.02135 1.02753 1.03747 1.04586 1.05742 1.0742 1.07638 1.0889 1.09751 1.12053 1.12088 1.13035 1.15699 1.16775 1.17985 1.18776 1.19717 1.23274 1.25677 1.23975 1.26281 1.29296 1.31141 1.33527 1.37407 1.36142 1.39729 1.41747 1.41802 1.44301 1.48013 1.49349 1.51583 1.52742 1.57724 1.55902 1.59873 1.61486 1.64765 1.65203 1.70953 1.7248 1.70963 1.79104 1.80285 1.83597 1.83309 1.88907 
1.22182 1.23491 1.16685 1.18457 1.17252 1.14201 1.12398 1.11761 1.13119 1.12093 1.10931 1.07356 1.06592 1.06155 1.0484 1.03566 1.02205 1.05855 1.02911 1.00922 1.01552 1.0017 1.0057 0.995117 0.988025 0.987456 0.97253 0.982079 0.97122 0.96543 0.967344 0.962511 0.966849 0.960941 0.959679 0.95347 0.953706 0.952147 0.955741 0.954222 0.95426 0.957641 0.95825 0.963916 0.970568 0.972697 0.977564 0.980477 0.987407 0.993478 1 1.00772 1.01398 1.02269 1.03007 1.03636 1.05 1.05913 1.06495 1.07663 1.08403 1.10406 1.11676 1.12485 1.15 1.15338 1.17147 1.18525 1.19346 1.21034 1.23581 1.24699 1.26695 1.28449 1.30203 1.32546 1.33853 1.34398 1.37893 1.3774 1.41469 1.41531 1.4393 1.45099 1.49898 1.51487 1.54982 1.54159 1.57463 1.59716 1.60716 1.65672 1.68459 1.66481 1.70165 1.72191 1.75098 1.80489 1.83693 1.84915 1.855 
1.17369 1.15164 1.19451 1.19438 1.14023 1.15981 1.13473 1.13661 1.13099 1.08517 1.07879 1.09083 1.07949 1.07128 1.04634 1.05637 1.0346 1.00594 1.0397 1.00241 1.00122 1.00307 0.99719 0.987772 0.998572 0.981271 0.965679 0.967572 0.982494 0.960097 0.961863 0.972157 0.956946 0.956004 0.94752 0.966971 0.954729 0.956994 0.958565 0.952878 0.956783 0.960663 0.964207 0.964534 0.967519 0.972697 0.978008 0.979678 0.987935 0.993849 1 1.00716 1.01432 1.01908 1.02971 1.03943 1.04574 1.05746 1.07112 1.07698 1.09195 1.09887 1.11171 1.12692 1.13734 1.14783 1.16455 1.17922 1.18348 1.21543 1.21439 1.25068 1.25743 1.27467 1.29975 1.31576 1.33295 1.34464 1.39052 1.38806 1.41981 1.42983 1.43888 1.45308 1.49923 1.51868 1.54683 1.56864 1.56957 1.6256 1.62102 1.65699 1.6844 1.68344 1.75484 1.74938 1.75111 1.80079 1.82347 1.86241 1.88128 
1.24025 1.19649 1.22318 1.15918 1.16378 1.13782 1.14384 1.16413 1.10874 1.09359 1.10033 1.08779 1.07756 1.07388 1.04035 1.04951 1.03233 1.0626 1.04204 1.00057 1.01559 1.00987 0.987141 1.00093 0.99561 0.994109 0.975567 0.9765 0.972421 0.949022 0.958827 0.964861 0.959368 0.960967 0.949478 0.960776 0.959692 0.960437 0.954148 0.962107 0.955354 0.961506 0.963617 0.968723 0.96815 0.97136 0.977831 0.982817 0.988223 0.993906 1 1.00723 1.01348 1.02098 1.03144 1.03912 1.045 1.05964 1.07017 1.08126 1.08894 1.10575 1.10999 1.12891 1.13941 1.15442 1.16155 1.17463 1.20909 1.2128 1.2184 1.23473 1.27237 1.281 1.28621 1.3104 1.33393 1.34483 1.35438 1.39349 1.40943 1.41746 1.44045 1.48096 1.49762 1.52641 1.51374 1.59419 1.58827 1.60941 1.63412 1.65671 1.6375 1.69608 1.71591 1.75417 1.75338 1.80318 1.80302 1.8455 1.87036 
1.20803 1.18657 1.18475 1.15482 1.15002 1.16415 1.1326 1.12457 1.09893 1.12912 1.10681 1.07611 1.05978 1.06983 1.06138 1.04911 1.05125 1.03234 1.03682 1.02451 1.01556 0.99751 0.990229 0.975141 0.976239 0.981154 0.967977 0.970708 0.971201 0.956525 0.959596 0.972703 0.949495 0.945556 0.948477 0.94574 0.947107 0.954519 0.954856 0.958403 0.959377 0.965195 0.962069 0.962496 0.972883 0.968874 0.978289 0.981719 0.988014 0.993688 1 1.00714 1.01434 1.02027 1.02762 1.03909 1.04911 1.05984 1.06803 1.08555 1.0943 1.10459 1.11529 1.12488 1.14781 1.15971 1.17338 1.17964 1.20679 1.21798 1.22869 1.25976 1.28223 1.28302 1.3036 1.31854 1.33471 1.36221 1.37764 1.3614 1.42426 1.42162 1.46611 1.47052 1.48091 1.51973 1.53553 1.55821 1.5797 1.59452 1.64528 1.62301 1.64078 1.66869 1.73068 1.72648 1.75329 1.82558 1.83272 1.83902 1.83171 
1.21339 1.17772 1.19394 1.18409 1.15064 1.13109 1.11306 1.13209 1.13572 1.11751 1.08471 1.07318 1.06589 1.07431 1.0543 1.04293 1.03207 1.02355 1.02497 1.02224 1.00725 1.00385 0.989669 0.98219 0.990941 0.984084 0.964039 0.971877 0.966023 0.96265 0.963517 0.975277 0.961443 0.947515 0.965038 0.963133 0.95203 0.950385 0.950692 0.953323 0.951762 0.955967 0.961001 0.963909 0.968054 0.96941 0.976671 0.983168 0.98689 0.993815 1 1.00721 1.01388 1.02224 1.03181 1.04125 1.0438 1.06282 1.06893 1.07854 1.08377 1.10244 1.11255 1.11846 1.14722 1.16019 1.16887 1.18773 1.19836 1.21351 1.22169 1.23894 1.26481 1.26299 1.28744 1.29985 1.33774 1.35275 1.35435 1.38327 1.40428 1.43066 1.45256 1.45534 1.5055 1.51239 1.5282 1.54617 1.55812 1.62958 1.62632 1.6224 1.66876 1.70879 1.69562 1.72396 1.75451 1.78531 1.82371 1.84012 1.83758 
1.21533 1.19256 1.19824 1.18227 1.18215 1.14878 1.14734 1.12751 1.12466 1.10399 1.07266 1.08175 1.05685 1.0602 1.05367 1.05541 1.04954 1.03413 1.02135 1.02831 0.997532 1.02111 0.995239 0.995819 0.972975 0.973751 0.970693 0.949863 0.965594 0.974504 0.957128 0.964717 0.970304 0.958956 0.952843 0.958424 0.957405 0.950103 0.955209 0.953864 0.952645 0.957502 0.961198 0.968959 0.966812 0.971539 0.976928 0.982816 0.987366 0.993084 1 1.0063 1.01394 1.02298 1.03126 1.04172 1.05202 1.05455 1.06878 1.07686 1.09862 1.10484 1.11196 1.13082 1.13859 1.15413 1.16651 1.18769 1.20756 1.21391 1.23093 1.24218 1.2576 1.27813 1.30387 1.31847 1.32923 1.34734 1.36402 1.39523 1.39936 1.41469 1.43618 1.47554 1.49108 1.52466 1.54296 1.54794 1.58868 1.64434 1.62752 1.63246 1.65014 1.65186 1.69224 1.76374 1.78239 1.81783 1.83789 1.85101 1.84179 
1.17796 1.20514 1.17957 1.17367 1.15954 1.1467 1.13177 1.10385 1.11406 1.10849 1.09732 1.05853 1.06686 1.07318 1.05857 1.03962 1.03355 1.02269 1.03233 1.00194 1.01473 1.00345 0.986061 0.979923 1.00652 0.977062 0.982492 0.963844 0.973887 0.979846 0.956924 0.957524 0.961567 0.954608 0.945026 0.955009 0.958719 0.957365 0.947622 0.958235 0.954404 0.965356 0.962682 0.9639 0.967807 0.970262 0.977109 0.983464 0.988494 0.994204 1 1.00716 1.01361 1.02295 1.03152 1.04042 1.04601 1.05799 1.06644 1.07751 1.09151 1.10564 1.11522 1.13105 1.13852 1.15817 1.16589 1.18362 1.20402 1.21258 1.23597 1.25585 1.259 1.27865 1.29228 1.30324 1.33858 1.36536 1.37467 1.38512 1.42842 1.44731 1.43375 1.48317 1.50297 1.50352 1.5321 1.55761 1.58108 1.6031 1.64265 1.63085 1.66573 1.72174 1.72517 1.76908 1.78555 1.76024 1.80699 1.85098 1.86298 
1.1935 1.18528 1.19168 1.17274 1.15466 1.159 1.14052 1.11521 1.1307 1.10024 1.09271 1.08097 1.09863 1.06594 1.07401 1.0397 1.0466 1.01388 1.00548 1.01299 1.02399 1.01103 1.00576 0.985597 0.989052 0.987426 0.982018 0.961738 0.956275 0.972091 0.964834 0.955024 0.960377 0.95399 0.95096 0.963216 0.955936 0.953818 0.952248 0.953945 0.95447 0.958004 0.967143 0.964459 0.970265 0.971923 0.97724 0.982915 0.98672 0.993964 1 1.00735 1.01321 1.02007 1.02973 1.04083 1.04794 1.05996 1.06999 1.07595 1.09368 1.09527 1.12102 1.12172 1.13525 1.15657 1.16908 1.19344 1.20242 1.22762 1.22364 1.26412 1.27225 1.28843 1.29135 1.31102 1.31838 1.36406 1.36922 1.3872 1.4045 1.41816 1.44541 1.47696 1.49177 1.51057 1.54297 1.5617 1.56122 1.59847 1.61367 1.654 1.70347 1.6553 1.72979 1.76747 1.75109 1.79591 1.81392 1.842 1.83532 
1.20706 1.18636 1.18636 1.18964 1.14333 1.13197 1.1076 1.12599 1.12722 1.08623 1.10625 1.08632 1.06669 1.05729 1.07118 1.05593 1.03218 1.0426 1.03387 0.997911 1.01045 0.987682 0.978983 0.999491 0.97794 0.965464 0.979054 0.963739 0.971751 0.968313 0.967944 0.962914 0.957452 0.967623 0.951341 0.953307 0.941049 0.956608 0.9516 0.953289 0.960944 0.958076 0.962787 0.964329 0.966552 0.970354 0.978596 0.978791 0.988145 0.993382 1 1.0074 1.01481 1.02174 1.03208 1.03697 1.05058 1.05611 1.0713 1.07713 1.08918 1.10267 1.11998 1.11948 1.1335 1.16527 1.18093 1.18465 1.19175 1.204 1.23139 1.23753 1.26451 1.29085 1.2899 1.31198 1.32442 1.3522 1.37764 1.40694 1.42644 1.45963 1.43733 1.4775 1.50701 1.51783 1.53221 1.57635 1.58992 1.60713 1.61994 1.59425 1.65962 1.69551 1.68615 1.75912 1.73956 1.79789 1.815 1.80768 1.87651 
1.19886 1.2201 1.21343 1.18399 1.14298 1.16587 1.12596 1.13188 1.11623 1.10686 1.09149 1.08495 1.08001 1.04294 1.04979 1.07118 1.04378 1.03559 1.01145 1.01431 1.00946 0.998661 0.989251 1.001 0.967487 0.977365 0.986428 0.964759 0.966788 0.971394 0.960188 0.957389 0.947964 0.956823 0.947285 0.9541 0.95443 0.95647 0.950775 0.956578 0.961262 0.958027 0.957048 0.963058 0.96899 0.970423 0.975865 0.983121 0.987661 0.993264 1 1.00693 1.01468 1.021 1.03204 1.03846 1.0491 1.06392 1.07092 1.0859 1.08938 1.1012 1.11443 1.12708 1.14022 1.15881 1.16847 1.18149 1.20083 1.2071 1.23725 1.25328 1.27509 1.28894 1.29608 1.32519 1.33512 1.36271 1.35137 1.37923 1.39522 1.43429 1.45511 1.47014 1.48788 1.51649 1.54363 1.55608 1.58547 1.6091 1.64298 1.65493 1.6864 1.7104 1.69864 1.76366 1.7851 1.78566 1.82668 1.83635 1.88321 
1.21163 1.16432 1.18989 1.17939 1.15421 1.13476 1.1215 1.12488 1.11043 1.10374 1.07751 1.0905 1.07584 1.0812 1.06434 1.0428 1.04469 1.04246 1.02533 1.01203 1.02114 1.00851 1.00495 0.994718 0.980359 0.979047 0.976704 0.962247 0.965575 0.977379 0.964216 0.958511 0.954429 0.953203 0.947042 0.95762 0.95933 0.962989 0.952132 0.955255 0.953351 0.959714 0.96141 0.965555 0.971596 0.977228 0.975133 0.982525 0.986836 0.993816 1 1.00765 1.01404 1.02228 1.02864 1.03773 1.04631 1.0541 1.06904 1.07542 1.09604 1.09788 1.11538 1.12978 1.13961 1.14209 1.16752 1.18519 1.2075 1.21927 1.2312 1.24811 1.26668 1.28459 1.28542 1.32586 1.34849 1.35863 1.35749 1.39854 1.40629 1.42342 1.45584 1.45819 1.47465 1.4947 1.52386 1.5428 1.56524 1.59584 1.60663 1.65823 1.68649 1.70783 1.70282 1.751 1.75488 1.79776 1.77532 1.83632 1.89135 
1.20125 1.19691 1.18992 1.19104 1.14414 1.15604 1.13077 1.1184 1.11501 1.0937 1.08596 1.07755 1.06572 1.03958 1.07118 1.07155 1.03712 1.05441 1.0103 1.0063 1.00022 0.983549 0.995382 0.972037 1.00752 0.980617 0.980346 0.957235 0.960539 0.95431 0.966233 0.947502 0.953561 0.952743 0.950575 0.966416 0.94779 0.953919 0.9592 0.95167 0.955716 0.960389 0.959726 0.962075 0.970232 0.971934 0.977367 0.982343 0.988077 0.993055 1 1.00669 1.01522 1.02328 1.03127 1.03672 1.05151 1.0548 1.07061 1.08227 1.09736 1.09723 1.11298 1.12974 1.14087 1.15439 1.16642 1.19053 1.20615 1.21504 1.22888 1.24912 1.25103 1.27317 1.28594 1.31427 1.3235 1.35622 1.36371 1.39391 1.41425 1.41755 1.45605 1.50476 1.49543 1.51165 1.5592 1.54055 1.59039 1.61358 1.62812 1.64345 1.67814 1.67306 1.69726 1.75221 1.76906 1.8112 1.85633 1.84443 1.8838 
1.21824 1.18906 1.19354 1.14765 1.15639 1.14012 1.1326 1.11596 1.11472 1.1222 1.06799 1.07078 1.05657 1.06939 1.05679 1.05152 1.04497 1.02906 1.01294 1.02947 0.996224 0.996125 1.01335 0.981743 0.980884 0.963375 0.972744 0.970861 0.976757 0.9484 0.963959 0.954072 0.950334 0.951805 0.950478 0.94256 0.949943 0.957415 0.949006 0.955524 0.957176 0.963968 0.959758 0.967282 0.970234 0.977231 0.975544 0.98319 0.987804 0.993949 1 1.00679 1.0146 1.01974 1.032 1.04126 1.04755 1.05906 1.07161 1.07158 1.09212 1.10135 1.11477 1.125 1.13528 1.15964 1.18244 1.18342 1.1985 1.20825 1.23564 1.23718 1.26299 1.2678 1.28658 1.32348 1.3189 1.32911 1.36734 1.38562 1.43007 1.4192 1.44474 1.47412 1.4959 1.53056 1.52373 1.5321 1.58677 1.61276 1.61393 1.64463 1.67235 1.69256 1.69025 1.69931 1.78243 1.81721 1.81482 1.83784 1.86613 
1.23158 1.18884 1.19429 1.16206 1.15211 1.16429 1.13614 1.13208 1.08188 1.09374 1.06739 1.05304 1.05677 1.05488 1.07145 1.06433 1.01609 1.04908 1.02077 1.00307 1.02612 0.99071 1.00928 0.980183 0.982822 0.97907 0.975397 0.974402 0.972188 0.969563 0.974561 0.95836 0.952408 0.948301 0.956547 0.942422 0.950175 0.953727 0.953326 0.954406 0.955034 0.960152 0.956125 0.962709 0.967869 0.970683 0.975961 0.983824 0.987708 0.994279 1 1.00668 1.01344 1.02171 1.03028 1.04106 1.04489 1.0584 1.07071 1.08272 1.0931 1.10268 1.11526 1.12767 1.14312 1.14738 1.15999 1.18269 1.20561 1.21429 1.21902 1.25632 1.26125 1.28368 1.29432 1.29206 1.32325 1.33868 1.37309 1.40822 1.4164 1.42588 1.43697 1.4934 1.4659 1.51304 1.5525 1.57794 1.56705 1.61031 1.6147 1.61942 1.66626 1.68593 1.73193 1.74797 1.76646 1.78091 1.82802 1.85699 1.84432 
1.20983 1.20342 1.18093 1.18262 1.17145 1.1705 1.12718 1.13569 1.0935 1.1052 1.08288 1.0729 1.06049 1.07504 1.04628 1.03471 1.02091 1.02145 1.02756 1.00348 0.98735 0.999609 0.989252 0.988712 0.985006 0.99137 0.97672 0.977008 0.97559 0.960023 0.96522 0.958254 0.967888 0.955682 0.950115 0.9515 0.957483 0.954616 0.953323 0.95926 0.953268 0.963787 0.961408 0.968454 0.965419 0.974286 0.977988 0.982157 0.98945 0.99405 1 1.00688 1.01495 1.02191 1.02827 1.03577 1.04868 1.05667 1.06628 1.07783 1.0955 1.10741 1.11751 1.12753 1.14101 1.14625 1.16927 1.18505 1.20863 1.20682 1.23586 1.23409 1.28187 1.27222 1.29036 1.30639 1.32626 1.34032 1.3598 1.39451 1.39875 1.42754 1.43437 1.446 1.48151 1.52219 1.56569 1.55837 1.57557 1.58378 1.63874 1.64446 1.6713 1.67561 1.70995 1.7539 1.74973 1.795 1.80762 1.85269 1.83119 
1.1997 1.18317 1.19409 1.18364 1.18482 1.14332 1.13372 1.13457 1.09281 1.09696 1.11362 1.09144 1.08708 1.0515 1.08342 1.04741 1.02686 1.04509 1.01637 1.00181 1.01676 1.00204 0.999701 0.989583 0.984023 0.977756 0.978079 0.98266 0.988239 0.960773 0.960818 0.959514 0.966181 0.966732 0.958262 0.959353 0.946259 0.966653 0.957387 0.952763 0.955476 0.961939 0.962724 0.968723 0.96875 0.972484 0.977164 0.98357 0.988605 0.994274 1 1.00728 1.01524 1.02227 1.0326 1.0394 1.04988 1.0554 1.07169 1.07603 1.09205 1.10582 1.1034 1.11958 1.12954 1.15271 1.16006 1.17842 1.19123 1.21101 1.22109 1.24624 1.26309 1.28787 1.28509 1.30098 1.3284 1.35148 1.37632 1.37991 1.40761 1.42855 1.44925 1.46726 1.48626 1.501 1.5389 1.52131 1.58042 1.5857 1.6147 1.66273 1.62842 1.68097 1.72562 1.71995 1.77878 1.79117 1.77932 1.85702 1.85942 
1.22251 1.19754 1.18151 1.17234 1.15628 1.13171 1.16378 1.13632 1.09513 1.09249 1.09554 1.10285 1.07111 1.07741 1.06108 1.03181 1.04006 1.03457 1.01768 1.00351 1.00657 1.01716 0.9932 1.00327 0.978546 0.992159 1.00032 0.980652 0.972161 0.975955 0.965354 0.970262 0.960836 0.956642 0.961631 0.958513 0.960523 0.94967 0.960759 0.960701 0.957221 0.956812 0.963634 0.964126 0.969856 0.971304 0.978526 0.982733 0.987293 0.993503 1 1.00695 1.01461 1.02153 1.03047 1.03664 1.04771 1.05594 1.06734 1.07814 1.07915 1.09732 1.11103 1.12641 1.13984 1.162 1.16121 1.17535 1.20702 1.22507 1.23191 1.23689 1.27022 1.27596 1.28583 1.31058 1.32126 1.35847 1.37672 1.39305 1.40717 1.42488 1.46836 1.46454 1.50379 1.52314 1.54413 1.55212 1.5984 1.60782 1.62614 1.65916 1.65854 1.68301 1.69983 1.73665 1.74999 1.78736 1.80065 1.85519 1.86822 
1.18305 1.18386 1.18978 1.17755 1.15258 1.16402 1.11928 1.12585 1.10651 1.12079 1.06949 1.10086 1.08135 1.0724 1.0663 1.04685 1.05013 1.01699 1.02058 1.03882 1.02121 1.01462 0.97668 1.00917 0.996153 0.972772 0.97735 0.964204 0.976672 0.973015 0.964009 0.965954 0.956101 0.96243 0.947875 0.948849 0.959936 0.961662 0.956053 0.958548 0.96005 0.959224 0.964653 0.966164 0.968257 0.976172 0.977907 0.9845 0.987121 0.993747 1 1.00605 1.01304 1.02358 1.03245 1.03672 1.04676 1.05862 1.06705 1.0786 1.09449 1.09539 1.10655 1.12299 1.13926 1.15441 1.17554 1.17996 1.20302 1.22785 1.221 1.26721 1.26649 1.25816 1.28676 1.31788 1.3265 1.35937 1.36326 1.37937 1.40039 1.42976 1.44579 1.46439 1.50124 1.5132 1.52138 1.54362 1.57135 1.56922 1.61721 1.65953 1.65075 1.68302 1.68492 1.73734 1.79533 1.79782 1.77769 1.84261 1.90305 
1.2029 1.19678 1.20121 1.16427 1.11787 1.16216 1.14824 1.11205 1.13145 1.13045 1.10857 1.09112 1.07359 1.04764 1.07897 1.0289 1.0391 1.02651 1.01413 1.01788 1.00309 1.02764 1.01249 0.989835 0.988966 0.993126 0.989909 0.975978 0.971709 0.984547 0.961243 0.978418 0.955399 0.958754 0.963465 0.957278 0.955149 0.960105 0.954636 0.960632 0.955362 0.962756 0.966536 0.968504 0.971491 0.972243 0.978247 0.981386 0.987387 0.993695 1 1.00678 1.01285 1.02141 1.03018 1.03379 1.05001 1.05584 1.07179 1.0779 1.09494 1.10282 1.10748 1.13309 1.14125 1.14541 1.16209 1.17647 1.19048 1.21439 1.21418 1.25704 1.26027 1.26896 1.29682 1.30833 1.32792 1.355 1.38158 1.38561 1.41366 1.43033 1.45902 1.4768 1.47082 1.4916 1.53225 1.54055 1.56801 1.57397 1.61475 1.60769 1.68326 1.6987 1.74392 1.72944 1.76126 1.76844 1.81739 1.83157 1.86695 
