5.77864 5.55877 5.4478 5.39923 5.21962 5.25322 5.14274 4.94189 4.83896 4.68372 4.61583 4.49586 4.3697 4.27818 4.19579 4.05538 3.91872 3.78831 3.74574 3.65474 3.52341 3.38823 3.27219 3.22057 3.05194 2.94008 2.86659 2.81095 2.68747 2.57373 2.47892 2.38734 2.2781 2.18713 2.10489 1.99772 1.95373 1.82801 1.77774 1.69813 1.59594 1.52468 1.44468 1.39192 1.32465 1.25952 1.20315 1.1409 1.09314 1.04418 1 0.960112 0.924842 0.891691 0.866121 0.82953 0.809487 0.787409 0.772994 0.771244 0.755922 0.736953 0.753334 0.748522 0.735019 0.751502 0.744274 0.757111 0.751006 0.758967 0.793686 0.799514 0.814644 0.840556 0.842456 0.847777 0.8798 0.909519 0.905884 0.941827 0.970682 0.997694 1.00362 1.0122 1.05441 1.07431 1.12638 1.10639 1.10042 1.16653 1.18014 1.21113 1.19476 1.2382 1.32075 1.30893 1.32132 1.34304 1.4401 1.46675 1.52424 
5.65033 5.67967 5.49405 5.31077 5.26818 5.17569 5.00832 4.98158 4.73939 4.72553 4.56825 4.52717 4.3981 4.22504 4.07799 3.96204 3.97484 3.91081 3.74767 3.61284 3.52694 3.44245 3.33364 3.23317 3.09834 3.03513 2.87802 2.80587 2.67865 2.58764 2.43676 2.37562 2.30927 2.2101 2.10268 2.02283 1.94223 1.82397 1.74709 1.66706 1.58567 1.53416 1.45885 1.39378 1.31398 1.25805 1.19756 1.14413 1.09287 1.04535 1 0.959867 0.92423 0.887134 0.860588 0.828821 0.807801 0.7868 0.774518 0.759544 0.738094 0.738836 0.735666 0.742344 0.745016 0.70805 0.735912 0.737774 0.768078 0.780983 0.775007 0.801177 0.808348 0.801219 0.865239 0.886549 0.851009 0.914419 0.904994 0.952925 0.982586 0.976364 0.966195 1.00495 1.05828 1.04934 1.10688 1.08643 1.1401 1.19488 1.19449 1.18354 1.31283 1.27355 1.29623 1.32741 1.40351 1.44311 1.3841 1.35817 1.43814 
5.67601 5.57404 5.5365 5.41392 5.31854 5.18548 5.09038 4.92512 4.86112 4.75092 4.57606 4.47729 4.40096 4.26943 4.16957 4.10935 3.98975 3.89674 3.74289 3.60263 3.49551 3.42191 3.31026 3.18818 3.05852 2.98622 2.84622 2.78672 2.67888 2.5722 2.4959 2.40123 2.28525 2.20516 2.10558 2.02991 1.94332 1.84048 1.77352 1.67833 1.60921 1.52136 1.46463 1.38672 1.316 1.26259 1.19919 1.1433 1.09406 1.04495 1 0.959397 0.923091 0.891595 0.856984 0.836655 0.806101 0.793133 0.771296 0.749652 0.75362 0.747144 0.745272 0.74273 0.74436 0.718389 0.732772 0.742251 0.744061 0.78269 0.756587 0.783617 0.816235 0.810292 0.855719 0.893232 0.884051 0.891923 0.864895 0.964179 0.942645 0.978704 0.950274 1.02506 1.00447 1.12061 1.13279 1.14421 1.17429 1.18079 1.1996 1.31882 1.2903 1.28664 1.24449 1.34357 1.41125 1.39401 1.37233 1.45978 1.50103 
5.79958 5.61619 5.49964 5.44671 5.24999 5.09789 5.02824 4.92702 4.77125 4.75122 4.56845 4.46629 4.35506 4.33399 4.17857 4.01901 3.89883 3.87699 3.76907 3.62074 3.51568 3.35138 3.27868 3.17917 3.06783 2.98284 2.83233 2.74566 2.69467 2.57015 2.42352 2.38492 2.29272 2.18824 2.10595 2.01023 1.90941 1.85175 1.77136 1.66624 1.60088 1.50918 1.44837 1.40284 1.32364 1.25735 1.19974 1.14286 1.09233 1.04559 1 0.959131 0.91915 0.886235 0.859189 0.842889 0.810823 0.796011 0.759909 0.754403 0.758167 0.740706 0.730846 0.751647 0.726438 0.72585 0.736991 0.730978 0.756326 0.754149 0.771002 0.799393 0.806834 0.830292 0.86165 0.859191 0.843291 0.870404 0.904122 0.971137 0.983947 1.0493 1.00858 1.0789 1.07876 1.08002 1.08486 1.11542 1.16329 1.18236 1.2133 1.24392 1.28998 1.28174 1.27272 1.28487 1.36181 1.42025 1.41375 1.50554 1.43875 
5.79076 5.59501 5.53674 5.23816 5.27096 5.13479 4.9661 4.96013 4.8927 4.72917 4.61053 4.55184 4.39017 4.24011 4.16593 4.04172 3.98047 3.81702 3.67727 3.64157 3.49299 3.39136 3.2743 3.19473 3.085 2.99037 2.87082 2.78556 2.67193 2.60881 2.49973 2.38435 2.27157 2.1789 2.08583 2.01127 1.93303 1.83045 1.75757 1.68308 1.59832 1.52128 1.46248 1.38032 1.31915 1.25631 1.19907 1.14872 1.09199 1.04526 1 0.960302 0.924444 0.88471 0.856516 0.834296 0.807927 0.797746 0.770834 0.763602 0.752125 0.751682 0.730972 0.719988 0.755828 0.736288 0.745755 0.757399 0.752706 0.78155 0.791614 0.799514 0.797169 0.798656 0.865951 0.851463 0.882653 0.845012 0.865322 0.962943 1.01228 1.02492 1.03585 1.00491 1.10098 1.07377 1.07441 1.10246 1.19608 1.18782 1.20976 1.22815 1.21758 1.29517 1.28831 1.35438 1.40912 1.38615 1.42599 1.44037 1.50638 
5.68758 5.6043 5.41934 5.30277 5.23252 5.14244 5.03837 4.9534 4.85621 4.70054 4.59726 4.45743 4.39887 4.20479 4.16233 4.06369 3.93462 3.79259 3.73569 3.60458 3.53097 3.41955 3.33436 3.16441 3.07243 2.9927 2.89219 2.77179 2.66759 2.57657 2.5143 2.40432 2.30422 2.16599 2.11047 2.0143 1.93356 1.82677 1.77944 1.67902 1.61071 1.5238 1.46807 1.38274 1.32 1.257 1.19968 1.13997 1.09181 1.04472 1 0.960085 0.922857 0.888552 0.86205 0.826634 0.796937 0.799544 0.768628 0.764589 0.754138 0.735899 0.740744 0.750936 0.750067 0.737906 0.751284 0.740951 0.748673 0.770373 0.792148 0.812469 0.824263 0.822337 0.829125 0.822844 0.896574 0.884127 0.937279 0.935257 0.925692 0.990289 1.01772 1.01745 1.07824 1.03581 1.10699 1.17083 1.12254 1.17668 1.21785 1.18745 1.23275 1.274 1.36604 1.3074 1.38894 1.38894 1.4294 1.45936 1.53525 
5.70235 5.53819 5.42003 5.38515 5.26231 5.19968 5.13619 4.91837 4.79068 4.67401 4.64007 4.4087 4.4048 4.17768 4.18314 4.03807 3.95685 3.8316 3.68605 3.56402 3.47732 3.41371 3.31808 3.20942 3.09671 2.98403 2.90626 2.74821 2.6944 2.56468 2.46561 2.35999 2.26099 2.19716 2.10426 2.01662 1.92947 1.83738 1.76666 1.67292 1.59823 1.53006 1.44847 1.37841 1.31394 1.25278 1.19553 1.14033 1.09089 1.04535 1 0.957988 0.925102 0.894795 0.854999 0.830066 0.807565 0.792337 0.764348 0.765072 0.763035 0.746038 0.7483 0.740593 0.718468 0.730442 0.758045 0.783942 0.769173 0.781847 0.806232 0.760478 0.82671 0.806334 0.855371 0.831014 0.866249 0.928106 0.955416 0.978509 0.921181 0.964015 1.02597 0.988026 1.03915 1.05249 1.09547 1.16499 1.13771 1.18377 1.23664 1.27224 1.31444 1.24203 1.3107 1.37541 1.32207 1.36719 1.45001 1.45655 1.5483 
5.71633 5.53676 5.40224 5.34104 5.26533 5.19383 5.03354 4.92811 4.83182 4.63729 4.62798 4.45088 4.34423 4.24821 4.18449 4.08591 3.99066 3.75149 3.72982 3.58735 3.48876 3.36912 3.28362 3.17211 3.08261 3.00362 2.88094 2.73974 2.67734 2.59818 2.47947 2.3773 2.29537 2.1794 2.1206 2.02189 1.92825 1.83213 1.75788 1.68245 1.59866 1.53187 1.45494 1.40278 1.31029 1.25792 1.19574 1.13627 1.09442 1.04405 1 0.961399 0.924285 0.884044 0.853424 0.842206 0.816605 0.791292 0.784664 0.764474 0.75037 0.73471 0.756787 0.749087 0.725896 0.750687 0.749389 0.766388 0.763954 0.782081 0.779269 0.799887 0.795452 0.851571 0.857791 0.882352 0.88966 0.925081 0.93673 0.926831 0.93869 0.963015 1.02548 1.04031 1.04247 1.07658 1.09685 1.0921 1.14206 1.1952 1.16971 1.22667 1.31162 1.32807 1.33791 1.34894 1.36795 1.48144 1.47046 1.41056 1.45361 
5.62783 5.60512 5.46497 5.37643 5.31105 5.16568 5.01941 4.91681 4.81508 4.70862 4.61324 4.52577 4.36557 4.25665 4.17241 4.0328 3.91569 3.80997 3.69159 3.65569 3.53319 3.39343 3.26244 3.23681 3.14069 3.00029 2.86064 2.80699 2.66345 2.57025 2.47641 2.36234 2.28252 2.20811 2.09003 2.02644 1.92197 1.84108 1.76 1.6797 1.61142 1.52379 1.46068 1.39231 1.31726 1.25667 1.1992 1.14301 1.09449 1.04462 1 0.960137 0.923513 0.891149 0.862922 0.831884 0.813058 0.785144 0.776768 0.752224 0.750279 0.744482 0.744412 0.763633 0.755999 0.769944 0.768204 0.742847 0.770776 0.787371 0.777076 0.814517 0.813466 0.805827 0.847965 0.842191 0.871531 0.934572 0.964521 0.978931 0.958566 1.02582 1.01933 1.00477 1.02744 1.08222 1.13043 1.15326 1.18964 1.15843 1.20745 1.20611 1.25373 1.3103 1.29791 1.41355 1.35137 1.43653 1.37694 1.4872 1.40506 
5.76627 5.5696 5.50626 5.34207 5.25104 5.2275 5.11346 4.8998 4.80028 4.71694 4.59396 4.45167 4.39092 4.28369 4.14767 3.98157 3.95931 3.82648 3.68407 3.64826 3.49938 3.37558 3.27228 3.20297 3.06023 2.95619 2.85986 2.74937 2.66192 2.59625 2.48922 2.42277 2.32386 2.20138 2.0975 2.00859 1.93645 1.84545 1.75261 1.67401 1.60346 1.5229 1.45745 1.38683 1.3143 1.26097 1.19636 1.13869 1.09247 1.0435 1 0.959433 0.925218 0.892684 0.8655 0.836467 0.810273 0.793944 0.780353 0.765431 0.767263 0.751236 0.737095 0.728667 0.737494 0.729292 0.750094 0.773881 0.775381 0.772156 0.807088 0.791361 0.802449 0.829067 0.852262 0.855768 0.859985 0.891065 0.947601 0.965248 0.967139 1.0022 1.02713 1.04587 1.06138 1.09706 1.13779 1.11044 1.11965 1.21461 1.21852 1.22532 1.32236 1.26493 1.42481 1.37067 1.40331 1.39493 1.43111 1.46145 1.56 
5.69066 5.49569 5.54751 5.38555 5.33232 5.17559 5.05546 4.95698 4.74259 4.65851 4.60514 4.48659 4.35797 4.26832 4.149 4.02678 3.94664 3.81051 3.66946 3.60687 3.47271 3.41134 3.27351 3.14001 3.07468 2.9946 2.83778 2.76903 2.67222 2.58244 2.49094 2.37155 2.2692 2.16389 2.12416 2.0195 1.91176 1.84675 1.7467 1.65024 1.61319 1.52042 1.43841 1.38357 1.32075 1.25373 1.19756 1.14242 1.09244 1.04366 1 0.959846 0.921494 0.887757 0.869803 0.840521 0.814558 0.782275 0.7666 0.759834 0.757385 0.73024 0.734149 0.744374 0.761222 0.744753 0.739233 0.750002 0.770669 0.759142 0.789943 0.799573 0.824092 0.80356 0.836378 0.842156 0.896135 0.905421 0.919353 0.953528 1.00324 1.00811 0.997674 1.01927 1.04948 1.084 1.09365 1.16996 1.20225 1.16494 1.23376 1.23123 1.28642 1.27757 1.30341 1.37147 1.35507 1.39259 1.42541 1.48569 1.46329 
5.75493 5.59877 5.39604 5.40611 5.19351 5.09579 5.09065 4.88518 4.76639 4.67821 4.60771 4.49124 4.3584 4.20518 4.11436 4.01938 3.92885 3.79582 3.68427 3.58133 3.50062 3.38534 3.24558 3.2266 3.04683 2.94133 2.8901 2.73957 2.67883 2.56359 2.4831 2.3694 2.31592 2.20872 2.10367 1.99722 1.92543 1.84527 1.75631 1.6944 1.59891 1.51341 1.44551 1.37904 1.31289 1.2609 1.1994 1.13959 1.08747 1.04348 1 0.960682 0.922756 0.887439 0.861584 0.832672 0.812591 0.786137 0.77913 0.774919 0.770944 0.741372 0.749067 0.734563 0.729119 0.744613 0.739342 0.773102 0.786394 0.784196 0.797973 0.752855 0.807504 0.839723 0.832849 0.845443 0.855311 0.876415 0.932385 0.94871 0.958887 0.978234 1.03828 1.07904 1.03965 1.0804 1.13254 1.13696 1.083 1.1946 1.22579 1.2837 1.3183 1.31036 1.32308 1.36385 1.3803 1.39718 1.42203 1.43754 1.47965 
5.66096 5.58087 5.51376 5.22559 5.31321 5.12262 5.09973 4.90598 4.82128 4.68247 4.59037 4.46842 4.36428 4.24795 4.16111 4.03153 3.90613 3.77773 3.77122 3.62907 3.52247 3.41082 3.33325 3.11942 3.0691 3.00239 2.84674 2.77809 2.6688 2.58423 2.47316 2.38179 2.25158 2.20027 2.10532 1.99644 1.94089 1.83321 1.73631 1.67751 1.59093 1.51321 1.45325 1.38296 1.31397 1.25319 1.20155 1.13767 1.08938 1.04303 1 0.959528 0.923891 0.89443 0.864028 0.838504 0.812338 0.79467 0.780723 0.759713 0.76008 0.752749 0.753822 0.717211 0.736978 0.768142 0.743828 0.774876 0.782791 0.76196 0.764881 0.769005 0.790351 0.859884 0.853391 0.844679 0.915373 0.939144 0.905561 0.947929 1.01169 1.012 1.01886 1.0366 1.09476 1.07776 1.14926 1.12023 1.13627 1.2322 1.19518 1.28559 1.31461 1.29112 1.26929 1.36373 1.36263 1.44514 1.37557 1.485 1.48646 
5.67605 5.61979 5.55115 5.40337 5.13214 5.15241 5.02575 4.94025 4.85907 4.71195 4.53076 4.50657 4.36607 4.25042 4.11808 3.99093 3.91189 3.79426 3.71573 3.63422 3.46937 3.38869 3.28767 3.17004 3.05049 2.95999 2.8377 2.74336 2.65223 2.5531 2.48521 2.38824 2.28711 2.23433 2.10816 1.994 1.93163 1.82854 1.73645 1.67229 1.59272 1.51686 1.44369 1.38344 1.31187 1.24519 1.19557 1.13834 1.09162 1.043 1 0.959579 0.922564 0.892557 0.863826 0.836838 0.807693 0.789558 0.788121 0.747388 0.77354 0.759097 0.736977 0.744835 0.746734 0.755833 0.756172 0.751157 0.781245 0.772764 0.804246 0.808963 0.810611 0.838866 0.837668 0.835411 0.935311 0.92593 0.937342 0.95335 0.963641 0.999122 1.04578 1.06355 1.01678 1.07406 1.15477 1.15317 1.17787 1.20415 1.20029 1.23269 1.1901 1.2719 1.33818 1.3609 1.34553 1.46208 1.45763 1.44273 1.44148 
5.7062 5.5816 5.48382 5.3367 5.16456 5.20477 4.9733 4.94242 4.811 4.65694 4.56869 4.41775 4.38987 4.22806 4.15205 3.98505 3.92064 3.86547 3.73605 3.58369 3.47036 3.39712 3.28502 3.16548 3.11473 2.9123 2.83929 2.76001 2.65341 2.57185 2.45722 2.37102 2.27072 2.20103 2.06539 2.02623 1.92258 1.83862 1.75287 1.68033 1.59581 1.5254 1.45469 1.39037 1.31941 1.2494 1.18974 1.14019 1.09017 1.0438 1 0.961446 0.92413 0.893142 0.861418 0.835175 0.816641 0.795619 0.781106 0.770386 0.76396 0.760059 0.763209 0.754384 0.740639 0.728347 0.771634 0.755413 0.752365 0.769962 0.804498 0.817867 0.828811 0.838583 0.840206 0.899152 0.87607 0.925431 0.942569 0.978319 0.980562 0.985034 1.02775 1.01672 1.08778 1.07486 1.1275 1.13346 1.1446 1.17863 1.2106 1.22846 1.31248 1.30582 1.38516 1.37749 1.39665 1.46925 1.44941 1.5279 1.47569 
5.66855 5.62683 5.44064 5.42967 5.18389 5.16027 5.07614 4.91481 4.81973 4.62977 4.53651 4.48545 4.34059 4.23326 4.19248 4.04348 3.9067 3.78997 3.72955 3.635 3.45 3.32129 3.23836 3.17538 3.07468 2.9826 2.85994 2.76298 2.68024 2.57607 2.46249 2.3395 2.2864 2.17915 2.10745 2.00905 1.91807 1.81007 1.75128 1.66364 1.61401 1.51545 1.4421 1.388 1.30937 1.2497 1.19348 1.14445 1.08917 1.04358 1 0.959456 0.926085 0.890046 0.850997 0.838812 0.8158 0.7965 0.781664 0.763586 0.751736 0.76871 0.754905 0.769772 0.741185 0.758625 0.738839 0.773462 0.746794 0.730398 0.798602 0.825097 0.817758 0.81036 0.869395 0.851501 0.900388 0.857492 0.927869 0.978084 1.01286 1.02545 1.05131 1.05539 1.08409 1.10978 1.17138 1.19553 1.17123 1.20745 1.21844 1.21679 1.30571 1.29409 1.37942 1.40645 1.4235 1.43276 1.44205 1.47221 1.46159 
5.6651 5.618 5.47542 5.29322 5.15189 5.07227 5.09945 4.89359 4.7672 4.63333 4.54528 4.46016 4.29857 4.23817 4.13951 4.00291 3.8897 3.82315 3.7134 3.63555 3.46561 3.31901 3.25299 3.21434 3.0211 2.95759 2.8809 2.75561 2.66769 2.57057 2.47126 2.37484 2.25375 2.20541 2.09324 2.03985 1.92098 1.82866 1.76703 1.64063 1.58379 1.51774 1.44535 1.38838 1.31277 1.25797 1.19929 1.1432 1.08995 1.04439 1 0.959681 0.923732 0.890964 0.858688 0.83474 0.827476 0.790377 0.776777 0.762877 0.762155 0.754252 0.744635 0.736624 0.755866 0.763522 0.734197 0.78751 0.781861 0.77661 0.803695 0.782851 0.81457 0.845408 0.839066 0.878431 0.881932 0.898832 0.944578 0.926147 1.01027 0.99064 1.0097 1.08543 1.06004 1.12493 1.11074 1.19812 1.11628 1.23709 1.26616 1.27146 1.30067 1.30966 1.31103 1.37151 1.44227 1.45723 1.4747 1.4778 1.52417 
5.63578 5.51603 5.4098 5.43072 5.22624 5.0863 5.01036 4.90147 4.7631 4.68713 4.48761 4.37926 4.35818 4.24016 4.06475 4.04853 3.89004 3.73144 3.68765 3.60336 3.42144 3.3433 3.23525 3.13025 3.05214 2.91504 2.8307 2.75047 2.64668 2.57456 2.46228 2.37662 2.27617 2.18254 2.09939 2.00039 1.91996 1.83411 1.76218 1.66612 1.6032 1.51204 1.456 1.37271 1.31168 1.24861 1.19266 1.13847 1.0913 1.04421 1 0.960804 0.9222 0.89283 0.858946 0.846687 0.818095 0.793958 0.7851 0.770662 0.760782 0.756834 0.753748 0.753822 0.7525 0.75098 0.789075 0.771598 0.752577 0.797971 0.793393 0.801234 0.817264 0.824411 0.872406 0.888865 0.840839 0.906108 0.925051 0.948139 0.974247 1.01073 1.03614 1.09288 1.10317 1.14157 1.1177 1.12071 1.18662 1.28604 1.20104 1.30229 1.2742 1.34653 1.31283 1.3792 1.37782 1.43308 1.45576 1.46623 1.50533 
5.70254 5.549 5.51697 5.34057 5.19737 5.18148 4.9783 4.91033 4.76856 4.6769 4.54026 4.45169 4.36291 4.21763 4.15243 3.99111 3.93493 3.8028 3.64285 3.60874 3.42387 3.35888 3.23195 3.19684 3.05611 2.96357 2.85246 2.71396 2.67822 2.55529 2.42433 2.33274 2.2736 2.18293 2.0507 1.98801 1.90911 1.82924 1.75216 1.67099 1.59389 1.52356 1.45569 1.36465 1.31442 1.2534 1.19669 1.13855 1.09017 1.04267 1 0.959987 0.921724 0.887914 0.859124 0.828015 0.805325 0.802262 0.773151 0.767163 0.761486 0.751324 0.737682 0.748271 0.758406 0.734503 0.761735 0.74875 0.778075 0.8096 0.819534 0.793232 0.850267 0.84066 0.828882 0.87592 0.908915 0.94333 0.965089 0.985853 0.956598 1.07887 1.03662 1.07755 1.08048 1.0955 1.13742 1.13742 1.14879 1.20008 1.22062 1.26477 1.24653 1.32291 1.3143 1.35885 1.38836 1.43629 1.52742 1.46319 1.59401 
5.60877 5.51258 5.44166 5.32701 5.2401 5.02091 4.9539 4.91829 4.79142 4.69148 4.52202 4.47085 4.36273 4.21109 4.16232 4.02007 3.88027 3.77239 3.67552 3.55265 3.39555 3.28108 3.27125 3.15754 3.03043 2.92924 2.85231 2.73764 2.64861 2.55619 2.45637 2.3468 2.26696 2.18791 2.08117 2.02016 1.91478 1.85823 1.75463 1.67034 1.59486 1.50991 1.44137 1.37189 1.3079 1.24721 1.19398 1.13843 1.09107 1.0436 1 0.960428 0.925399 0.893379 0.866929 0.839879 0.811157 0.78351 0.764913 0.767097 0.757129 0.755373 0.755156 0.746468 0.772408 0.74796 0.768886 0.781905 0.766978 0.782306 0.816554 0.806487 0.835513 0.849066 0.848529 0.880268 0.904698 0.921501 0.945284 0.946787 1.0049 1.00947 1.09739 1.07266 1.10714 1.10531 1.08294 1.17716 1.2623 1.19737 1.23203 1.28977 1.32861 1.29498 1.36762 1.39263 1.40261 1.44499 1.35571 1.44666 1.52657 
5.63593 5.44531 5.50378 5.30334 5.16196 5.11649 5.01434 4.8408 4.80742 4.62269 4.58128 4.48016 4.33755 4.2202 4.10244 4.03607 3.89905 3.76433 3.70969 3.55175 3.42147 3.35209 3.25624 3.18389 3.04924 2.93321 2.8887 2.76671 2.66668 2.55422 2.44306 2.3709 2.26717 2.18745 2.06632 2.01167 1.90073 1.83915 1.71665 1.6728 1.58502 1.52415 1.44072 1.37257 1.31806 1.25895 1.18902 1.1421 1.09056 1.04306 1 0.959614 0.922004 0.897589 0.859792 0.842539 0.821026 0.793177 0.781184 0.776572 0.766319 0.753249 0.746908 0.742569 0.733038 0.744643 0.739595 0.773758 0.753243 0.779046 0.809794 0.815862 0.819201 0.837603 0.894869 0.857941 0.920814 0.977129 0.963541 0.955984 0.939778 1.04825 1.02247 1.07892 1.11845 1.0788 1.11926 1.11791 1.18122 1.23716 1.2998 1.28055 1.25336 1.36 1.32365 1.42421 1.41255 1.45645 1.51687 1.51029 1.5836 
5.71884 5.60887 5.42373 5.34306 5.13324 4.96562 5.03426 4.76499 4.71942 4.66742 4.57597 4.40597 4.38417 4.24377 4.08622 4.03206 3.85417 3.78779 3.65662 3.52774 3.48467 3.30565 3.21311 3.14307 3.05885 2.93143 2.82041 2.78556 2.66837 2.52979 2.47963 2.33914 2.26631 2.15486 2.06615 1.99054 1.9193 1.8297 1.75433 1.67634 1.59956 1.52146 1.44517 1.38479 1.30902 1.24437 1.19476 1.13871 1.08811 1.04348 1 0.960584 0.924502 0.89171 0.869336 0.837078 0.818446 0.793159 0.794409 0.762274 0.765104 0.767322 0.759148 0.75143 0.740868 0.759805 0.776791 0.764837 0.753531 0.79462 0.820494 0.805334 0.827642 0.840709 0.886778 0.894706 0.927138 0.907178 0.976285 0.94199 0.969261 1.00182 0.977959 1.05854 1.08477 1.0724 1.15897 1.19968 1.14798 1.24164 1.23466 1.2826 1.31841 1.39014 1.42924 1.3968 1.39197 1.48698 1.51589 1.52871 1.51359 
5.62112 5.53295 5.46246 5.34152 5.26854 5.10822 5.00064 4.79314 4.73552 4.6629 4.50288 4.42374 4.29764 4.20073 4.11935 3.99013 3.85576 3.84136 3.70637 3.54323 3.48777 3.35611 3.26228 3.1663 3.03318 2.95721 2.86424 2.71906 2.68725 2.56009 2.46977 2.36556 2.23106 2.12686 2.06137 1.99315 1.91726 1.82895 1.73113 1.65117 1.59441 1.51751 1.45432 1.37408 1.30992 1.24758 1.1945 1.13832 1.09404 1.04376 1 0.959764 0.926168 0.897695 0.863581 0.843986 0.814365 0.791046 0.784567 0.781906 0.766173 0.750069 0.742364 0.779801 0.757119 0.722147 0.778227 0.780009 0.791022 0.780755 0.794006 0.815412 0.84265 0.849305 0.853073 0.920438 0.894034 0.904803 0.970245 0.926901 1.02746 1.01251 1.06113 1.09415 1.14287 1.10341 1.13155 1.17893 1.21162 1.2521 1.25536 1.25529 1.32671 1.35258 1.35253 1.33959 1.49633 1.42539 1.46562 1.52353 1.52361 
5.65366 5.4841 5.38022 5.23895 5.25914 5.10717 4.97213 4.84723 4.68417 4.66359 4.49765 4.42073 4.32342 4.16202 4.09619 4.02055 3.9113 3.78525 3.63105 3.57885 3.47956 3.35378 3.22321 3.11387 3.08643 2.95529 2.83588 2.77557 2.63165 2.53777 2.45281 2.35597 2.25267 2.17314 2.07501 1.99667 1.88908 1.79645 1.74623 1.65578 1.59345 1.51691 1.4328 1.37541 1.30954 1.24906 1.1947 1.14321 1.08747 1.04283 1 0.960916 0.927776 0.89756 0.86655 0.834147 0.827769 0.810314 0.781246 0.76882 0.760743 0.75131 0.765714 0.765704 0.753191 0.762052 0.758155 0.761801 0.793819 0.806733 0.795095 0.833253 0.823359 0.875855 0.863337 0.88881 0.916321 0.930298 0.957365 0.998721 0.971618 0.985545 1.01884 1.13469 1.10505 1.0777 1.14851 1.14431 1.19238 1.2659 1.26309 1.32299 1.29086 1.34264 1.28838 1.38357 1.42049 1.37496 1.56041 1.48968 1.58094 
5.63859 5.54604 5.38899 5.29281 5.22502 5.10336 4.91079 4.8958 4.81778 4.68623 4.56918 4.43965 4.39223 4.16362 4.09112 3.94805 3.94787 3.77193 3.64999 3.53986 3.44613 3.30298 3.22145 3.13077 3.06444 2.91965 2.81519 2.74202 2.58378 2.53849 2.44419 2.36307 2.26313 2.18471 2.02974 1.98589 1.90985 1.82703 1.73577 1.65407 1.58374 1.51334 1.44559 1.37799 1.30986 1.25953 1.18809 1.14262 1.08626 1.04327 1 0.959428 0.923915 0.895282 0.858975 0.849675 0.822734 0.80669 0.793224 0.775673 0.767359 0.771264 0.76483 0.75318 0.760472 0.76819 0.753471 0.760628 0.780308 0.815721 0.790914 0.803036 0.834231 0.85679 0.88823 0.91783 0.906936 0.910543 0.967312 1.00046 1.00016 1.01963 1.02774 1.06018 1.0531 1.10314 1.12682 1.17915 1.24593 1.27423 1.21475 1.25829 1.29395 1.31029 1.39158 1.38829 1.45441 1.48861 1.446 1.57449 1.52696 
5.58387 5.54488 5.30041 5.32644 5.19524 5.046 4.97762 4.78295 4.70671 4.63167 4.55674 4.37488 4.26075 4.17954 4.05531 3.99614 3.88592 3.77283 3.70672 3.53933 3.43968 3.30658 3.23078 3.14311 3.06367 2.93803 2.82945 2.72022 2.6497 2.52259 2.4704 2.36113 2.22528 2.14751 2.05764 1.97637 1.90673 1.8069 1.73899 1.65319 1.5779 1.51424 1.44525 1.37127 1.3166 1.24734 1.18473 1.13706 1.08754 1.04205 1 0.96272 0.92696 0.886612 0.869258 0.84439 0.823698 0.805901 0.796922 0.759997 0.777357 0.759304 0.770648 0.754037 0.740089 0.7466 0.774343 0.766475 0.785699 0.80781 0.814743 0.819582 0.836166 0.886141 0.908183 0.920766 0.901522 0.970209 0.988623 0.942122 0.97924 1.02194 1.02783 1.06214 1.08954 1.14844 1.17494 1.22601 1.22677 1.22098 1.28522 1.31829 1.29289 1.37651 1.40092 1.41934 1.37622 1.40239 1.48943 1.50767 1.54492 
5.6245 5.50371 5.37002 5.34237 5.18875 5.048 4.99477 4.84738 4.75972 4.70415 4.52933 4.39716 4.31341 4.13217 4.05174 3.99202 3.86831 3.75211 3.66856 3.61196 3.43927 3.34351 3.23722 3.11129 3.01232 2.9337 2.82965 2.74695 2.61678 2.54381 2.45395 2.33421 2.25248 2.14848 2.08124 2.0083 1.90633 1.81532 1.73777 1.65653 1.57991 1.51434 1.43788 1.36931 1.30942 1.24679 1.19169 1.13987 1.09169 1.04226 1 0.960324 0.929636 0.896157 0.862688 0.839749 0.815613 0.798454 0.791728 0.768849 0.757553 0.759526 0.760426 0.754239 0.762171 0.771771 0.77752 0.782555 0.790394 0.790117 0.817887 0.834471 0.895869 0.88173 0.852994 0.919125 0.912465 0.979103 0.938914 0.999827 0.993135 1.04537 1.11746 1.09429 1.14775 1.14466 1.15603 1.23769 1.22042 1.22233 1.26758 1.26617 1.33698 1.3701 1.28423 1.40085 1.4641 1.47979 1.55705 1.48879 1.56243 
5.64884 5.56803 5.41463 5.35019 5.16878 5.07247 4.9705 4.92957 4.77075 4.66457 4.51682 4.44178 4.3495 4.24491 4.00198 3.95974 3.83945 3.72571 3.66166 3.55077 3.47072 3.36201 3.20552 3.16636 3.04918 2.95655 2.80807 2.74931 2.62711 2.54745 2.46279 2.32831 2.27224 2.13486 2.05488 1.96297 1.90619 1.83632 1.725 1.66976 1.58101 1.52079 1.44324 1.37796 1.31348 1.24139 1.19696 1.14203 1.08817 1.04256 1 0.961914 0.92541 0.893731 0.869337 0.839486 0.821427 0.803924 0.786801 0.787867 0.784303 0.751895 0.743375 0.759957 0.756458 0.774919 0.745667 0.781741 0.793711 0.812194 0.787012 0.803722 0.851444 0.82756 0.877938 0.92535 0.913639 0.93413 0.983743 1.0099 0.98405 1.01391 1.02164 1.09822 1.10028 1.13881 1.18238 1.24218 1.22376 1.25493 1.3124 1.30888 1.26848 1.3627 1.31883 1.40882 1.4566 1.41295 1.51564 1.55271 1.61298 
5.62773 5.51484 5.36144 5.23236 5.1471 5.06592 4.95921 4.79396 4.74667 4.54934 4.45423 4.36213 4.30735 4.1406 4.04128 3.88601 3.83593 3.74528 3.64637 3.55588 3.45628 3.3447 3.20238 3.14049 3.06941 2.89725 2.82853 2.7312 2.68373 2.5075 2.43159 2.35653 2.25128 2.17025 2.06573 1.99137 1.88351 1.80709 1.74248 1.65755 1.59057 1.5251 1.43862 1.36357 1.30735 1.24709 1.19086 1.13459 1.08779 1.04225 1 0.961568 0.927489 0.891212 0.869152 0.843054 0.820636 0.802128 0.794089 0.786551 0.766917 0.766284 0.760821 0.769879 0.757166 0.778971 0.765056 0.791862 0.803647 0.816449 0.828184 0.812483 0.832011 0.868325 0.892374 0.898102 0.926687 0.972829 0.958492 0.968137 0.974461 1.04106 1.0747 1.08196 1.10901 1.09389 1.18758 1.201 1.29686 1.29317 1.30113 1.35383 1.3334 1.37296 1.38584 1.46763 1.45163 1.48161 1.53279 1.53644 1.59559 
5.544 5.41766 5.38573 5.20571 5.26363 5.04947 4.98141 4.92717 4.83556 4.55906 4.52727 4.48169 4.35843 4.20331 4.10416 3.94326 3.8796 3.70961 3.67428 3.54823 3.45374 3.39294 3.21271 3.12852 3.02591 2.93716 2.83562 2.73619 2.60108 2.54947 2.43271 2.37289 2.26971 2.15544 2.08167 1.9915 1.89031 1.8206 1.73362 1.65514 1.5799 1.51726 1.43533 1.36313 1.31305 1.24666 1.1859 1.13735 1.0866 1.04266 1 0.961148 0.927462 0.898871 0.869574 0.836928 0.81924 0.807556 0.793702 0.775833 0.757377 0.760685 0.781207 0.749679 0.783875 0.777326 0.763778 0.806343 0.776369 0.814978 0.807953 0.809106 0.840125 0.865858 0.930239 0.923677 0.939945 0.885225 0.993186 0.971195 1.02328 1.02834 1.01411 1.12204 1.16404 1.16227 1.20405 1.25372 1.21967 1.24966 1.2548 1.38419 1.31787 1.37992 1.45076 1.40791 1.4589 1.44947 1.42606 1.5268 1.5729 
5.54551 5.46947 5.41412 5.29856 5.22766 5.10096 4.98222 4.83661 4.71605 4.63772 4.52859 4.4373 4.30512 4.23293 4.11735 4.02381 3.84273 3.74596 3.62766 3.5683 3.44708 3.33795 3.28744 3.10521 2.99677 2.90294 2.82541 2.72157 2.64411 2.5442 2.46617 2.34856 2.27267 2.16497 2.05533 1.9672 1.88547 1.80577 1.72416 1.66217 1.57801 1.49763 1.45285 1.37067 1.31371 1.24045 1.1948 1.13582 1.08503 1.04142 1 0.96125 0.926911 0.898594 0.860018 0.844798 0.832986 0.801413 0.792075 0.776838 0.769888 0.762971 0.77697 0.758005 0.773603 0.775891 0.784964 0.795964 0.794442 0.81307 0.805133 0.849005 0.860469 0.869139 0.87469 0.902102 0.970307 0.985846 0.972254 0.992357 1.0009 0.993142 1.04441 1.13234 1.0852 1.13119 1.11755 1.18663 1.23413 1.21669 1.27016 1.31495 1.33741 1.35623 1.37445 1.46646 1.51578 1.50015 1.53004 1.48193 1.57141 
5.6173 5.58135 5.35879 5.24913 5.15132 5.06929 4.86599 4.80886 4.68335 4.55682 4.54116 4.33791 4.24603 4.10301 4.07333 3.95596 3.93811 3.75915 3.61618 3.46441 3.38163 3.32988 3.25342 3.12366 3.04761 2.97128 2.82057 2.74296 2.61132 2.55187 2.44816 2.30449 2.24241 2.15994 2.04186 1.97014 1.86521 1.83064 1.72971 1.65443 1.57854 1.50146 1.43631 1.36136 1.30527 1.23862 1.18614 1.13976 1.09203 1.04402 1 0.960284 0.929793 0.894042 0.864745 0.833026 0.829993 0.819841 0.802442 0.779891 0.781174 0.777422 0.766911 0.756775 0.765286 0.781073 0.781401 0.778134 0.79477 0.805435 0.834256 0.861698 0.847431 0.914063 0.884489 0.908853 0.914011 0.953683 0.965964 1.02364 1.05357 1.04588 1.07143 1.10503 1.10798 1.14609 1.16033 1.15172 1.17914 1.20418 1.30551 1.32587 1.33987 1.37661 1.37718 1.36459 1.52198 1.51101 1.49318 1.57948 1.65121 
5.5947 5.43336 5.39861 5.25211 5.15208 5.11923 4.90412 4.74187 4.80573 4.60786 4.37281 4.40468 4.28939 4.08176 4.07905 4.0246 3.8498 3.72055 3.64445 3.54397 3.37966 3.27864 3.24423 3.1051 2.983 2.89428 2.80197 2.72183 2.61144 2.55313 2.42249 2.34447 2.23996 2.14659 2.08068 2.00261 1.89306 1.81359 1.74187 1.64596 1.58228 1.50066 1.42677 1.37571 1.29951 1.25352 1.18811 1.13016 1.08738 1.04197 1 0.961666 0.929679 0.899644 0.867925 0.846932 0.822331 0.813231 0.789394 0.781488 0.767206 0.774801 0.763517 0.779877 0.785618 0.795759 0.768982 0.774456 0.786118 0.792373 0.79581 0.829632 0.900335 0.855395 0.837108 0.887829 0.931611 0.930781 0.956834 0.978492 1.029 1.06459 1.08038 1.08012 1.18515 1.20285 1.21704 1.26934 1.23736 1.27547 1.28855 1.34423 1.35331 1.39177 1.34736 1.43135 1.40309 1.44384 1.57392 1.55599 1.53955 
5.5812 5.43345 5.34739 5.21308 5.14994 5.01339 4.99755 4.75152 4.67538 4.58075 4.4119 4.39431 4.27517 4.16207 4.08315 3.97378 3.85167 3.70835 3.66556 3.46759 3.43248 3.35165 3.22926 3.12306 3.01759 2.94387 2.81533 2.72441 2.61442 2.52858 2.42923 2.32877 2.27237 2.16139 2.0612 1.99643 1.90865 1.80224 1.73543 1.66721 1.57769 1.49023 1.43026 1.3646 1.31366 1.24117 1.18819 1.13616 1.08618 1.04123 1 0.96203 0.926862 0.895469 0.874403 0.851893 0.818148 0.802682 0.790169 0.785422 0.779383 0.771186 0.753801 0.776061 0.75923 0.783076 0.796867 0.763203 0.839393 0.800032 0.836228 0.851453 0.870022 0.867737 0.924196 0.939298 0.930961 0.968349 0.971037 0.992355 1.00366 1.00355 1.07319 1.03373 1.19234 1.12607 1.15812 1.27329 1.22995 1.34296 1.2711 1.34042 1.43184 1.3713 1.39224 1.41518 1.5282 1.42105 1.5572 1.63176 1.59173 
5.51441 5.4721 5.32817 5.16227 5.05122 5.07942 4.95793 4.72715 4.68832 4.60699 4.45146 4.31327 4.24168 4.14711 4.08258 3.96577 3.82865 3.68554 3.64561 3.53631 3.43753 3.29028 3.23034 3.12407 2.9791 2.92089 2.80027 2.69391 2.58639 2.46385 2.40117 2.2894 2.2504 2.16232 2.07755 1.977 1.89686 1.80249 1.71678 1.6556 1.57768 1.49747 1.42411 1.35759 1.296 1.2446 1.18926 1.13749 1.08882 1.04355 1 0.962281 0.928522 0.896307 0.871808 0.855797 0.813427 0.806864 0.796434 0.778958 0.778646 0.780708 0.749779 0.764555 0.764202 0.793348 0.781173 0.786849 0.814358 0.825246 0.839877 0.826916 0.863868 0.88868 0.883189 0.940596 0.953133 0.949276 0.977747 1.04037 1.01314 1.07046 1.03593 1.13868 1.16172 1.13654 1.214 1.18845 1.20448 1.30958 1.26361 1.32597 1.36043 1.41246 1.41973 1.37308 1.52842 1.50251 1.53961 1.48522 1.70873 
5.59432 5.40514 5.3949 5.24402 5.19231 4.95837 4.93306 4.83385 4.73692 4.58878 4.46682 4.30918 4.2907 4.155 4.03176 3.99309 3.83736 3.68513 3.61103 3.57844 3.46036 3.28732 3.19758 3.11489 3.02837 2.90712 2.80832 2.6901 2.61457 2.54106 2.38173 2.29897 2.22144 2.16015 2.054 1.95165 1.87422 1.76673 1.71152 1.63617 1.57362 1.49245 1.42869 1.36066 1.29994 1.24044 1.17897 1.13608 1.08892 1.04082 1 0.962937 0.928032 0.899576 0.869716 0.85176 0.826911 0.804153 0.793854 0.79173 0.778797 0.790709 0.770111 0.796923 0.786105 0.80479 0.803959 0.795436 0.794443 0.821455 0.845384 0.892196 0.851081 0.891613 0.893685 0.920721 0.969395 0.95178 0.995487 1.02919 1.05817 1.00506 1.09858 1.13597 1.15203 1.14213 1.22418 1.212 1.21042 1.23745 1.29051 1.37728 1.39838 1.31543 1.486 1.44965 1.49697 1.52763 1.55314 1.56753 1.57933 
5.60762 5.45969 5.2782 5.17134 5.09334 5.02591 4.84191 4.77958 4.63752 4.61928 4.47723 4.29363 4.2784 4.16061 4.04144 3.94932 3.83179 3.71215 3.64276 3.51126 3.4153 3.29211 3.17404 3.10282 2.99129 2.84898 2.79349 2.70905 2.61509 2.51429 2.42764 2.30844 2.20059 2.15424 2.07884 1.97504 1.87165 1.8075 1.72124 1.65525 1.57006 1.50154 1.43373 1.35906 1.3037 1.24999 1.18563 1.13261 1.08595 1.04194 1 0.963801 0.927803 0.897267 0.866101 0.84179 0.817811 0.813197 0.80578 0.789817 0.774722 0.774833 0.769347 0.792682 0.760127 0.813012 0.793036 0.78309 0.795088 0.812119 0.851852 0.840695 0.889533 0.905199 0.912506 0.912862 0.935591 0.961108 1.02281 1.02928 1.05562 1.03678 1.11431 1.14857 1.11705 1.18282 1.23786 1.27828 1.16469 1.31466 1.31431 1.29822 1.32595 1.42151 1.43371 1.50559 1.48631 1.55592 1.46057 1.53842 1.60492 
5.50972 5.35413 5.35219 5.09438 5.12929 4.96549 4.90471 4.78869 4.63966 4.54449 4.46321 4.29 4.23927 4.16279 4.03465 3.95562 3.8099 3.70067 3.58212 3.51766 3.42132 3.32453 3.23409 3.0873 3.01651 2.90377 2.80438 2.69736 2.61771 2.47859 2.40738 2.28839 2.21686 2.13499 2.05322 1.95147 1.89162 1.79837 1.72752 1.63055 1.57163 1.49767 1.42863 1.35619 1.29629 1.2436 1.18059 1.13584 1.08743 1.04069 1 0.961891 0.930377 0.900752 0.871156 0.849681 0.824658 0.812598 0.800636 0.793145 0.77423 0.775856 0.760423 0.789949 0.781596 0.796364 0.799873 0.811568 0.801761 0.811809 0.828352 0.845222 0.868067 0.926559 0.909862 0.925768 0.969556 1.00672 1.00175 1.03419 1.06629 1.01965 1.09034 1.10457 1.12695 1.14483 1.2337 1.26261 1.2295 1.27025 1.36124 1.36505 1.38888 1.43416 1.41315 1.42742 1.52074 1.48032 1.52995 1.57521 1.5798 
5.42878 5.416 5.34843 5.17239 5.13658 5.01985 4.86572 4.8574 4.63703 4.63031 4.46749 4.37613 4.26006 4.13426 4.06354 3.90537 3.79243 3.72823 3.55907 3.50669 3.30843 3.27173 3.17204 3.10834 2.97328 2.85439 2.79703 2.67796 2.59703 2.51536 2.3819 2.33567 2.17714 2.12963 2.05144 1.98754 1.8931 1.80979 1.70403 1.65905 1.55623 1.4905 1.41722 1.36376 1.29762 1.23752 1.18289 1.13547 1.08801 1.04017 1 0.963229 0.929716 0.896901 0.872431 0.841986 0.827029 0.820067 0.803292 0.787358 0.790484 0.783853 0.789118 0.782826 0.769782 0.788897 0.772283 0.813068 0.811049 0.822174 0.865615 0.863496 0.842286 0.926261 0.887875 0.924015 0.957834 1.02061 1.0057 1.0652 1.02389 1.10446 1.11753 1.15265 1.16465 1.17408 1.21054 1.25751 1.26395 1.30014 1.30936 1.42798 1.33018 1.46324 1.39225 1.46355 1.5004 1.56246 1.50548 1.57488 1.73571 
5.50787 5.46518 5.361 5.11836 5.09676 5.01466 4.85482 4.79398 4.71337 4.5678 4.47303 4.36485 4.22474 4.07658 4.09227 3.92051 3.82396 3.71469 3.61548 3.50311 3.44921 3.27022 3.18816 3.05956 2.92971 2.87163 2.80339 2.69856 2.60363 2.46313 2.40446 2.33882 2.22417 2.1226 2.04335 1.98137 1.89995 1.80266 1.71461 1.63637 1.56726 1.49312 1.41733 1.35711 1.29463 1.2353 1.18686 1.13329 1.08565 1.04001 1 0.96246 0.928314 0.902287 0.876007 0.844666 0.821373 0.818261 0.806809 0.794261 0.775981 0.786718 0.802477 0.788588 0.773969 0.784738 0.778593 0.79355 0.783289 0.82296 0.848106 0.850162 0.868647 0.890902 0.963601 0.899694 0.959525 1.00101 1.0098 1.05341 1.06019 1.05724 1.10036 1.13526 1.16735 1.11936 1.21101 1.25298 1.30917 1.26906 1.3535 1.36164 1.38671 1.43297 1.49764 1.44157 1.48154 1.57556 1.61 1.66488 1.6591 
5.54479 5.45612 5.27217 5.13073 5.10822 4.98683 4.87548 4.79945 4.64349 4.58006 4.45634 4.3874 4.20991 4.15476 4.05002 4.01591 3.84561 3.69852 3.57687 3.47724 3.36276 3.273 3.20233 3.06403 3.02433 2.91762 2.7709 2.70076 2.6091 2.50363 2.39565 2.31595 2.23342 2.13221 2.04608 1.95523 1.87225 1.77346 1.69944 1.65718 1.54904 1.49672 1.42746 1.36147 1.29956 1.24891 1.18385 1.12887 1.08316 1.04136 1 0.96234 0.926153 0.900885 0.870317 0.857462 0.836311 0.813033 0.80433 0.804883 0.799273 0.79016 0.77805 0.771802 0.78403 0.779629 0.797226 0.817616 0.818987 0.833229 0.879301 0.850671 0.88827 0.93853 0.886199 0.925331 0.957874 0.976956 1.00054 1.02003 1.07559 1.10821 1.10367 1.08087 1.17325 1.17522 1.20639 1.22003 1.30038 1.29018 1.37013 1.27316 1.37817 1.38345 1.43516 1.47126 1.49684 1.52242 1.59782 1.61754 1.66513 
5.52339 5.37729 5.37339 5.25084 5.09429 4.96499 4.90889 4.79504 4.58813 4.5318 4.37152 4.31993 4.28113 4.14686 4.08774 3.90694 3.77898 3.6782 3.564 3.48187 3.33648 3.24244 3.21647 3.11106 3.01241 2.88748 2.7347 2.70081 2.59282 2.54898 2.38323 2.32594 2.20504 2.14216 2.04159 1.97768 1.87344 1.80243 1.69017 1.64951 1.57992 1.49164 1.42493 1.36679 1.30389 1.23516 1.18414 1.13495 1.084 1.04131 1 0.960702 0.928751 0.899237 0.87597 0.847268 0.84101 0.826114 0.815347 0.788148 0.783834 0.778681 0.791033 0.788161 0.766613 0.801191 0.809264 0.802679 0.828954 0.821993 0.874789 0.891274 0.853046 0.88488 0.911119 0.946428 0.936004 0.978532 1.0386 1.00477 1.02814 1.07739 1.08647 1.13027 1.18422 1.16011 1.20188 1.24574 1.24582 1.31042 1.3252 1.34838 1.40082 1.41252 1.43512 1.48274 1.55976 1.55375 1.57405 1.59625 1.53724 
5.56468 5.44589 5.27093 5.18112 5.08449 4.94846 4.80544 4.73715 4.65843 4.50616 4.42124 4.29603 4.21675 4.05669 4.04376 3.89981 3.80577 3.67544 3.53879 3.45704 3.38048 3.22609 3.17904 3.02812 2.98198 2.89008 2.71521 2.6879 2.57848 2.4748 2.40195 2.28188 2.22216 2.10279 2.04303 1.93571 1.88285 1.80906 1.72869 1.63368 1.55188 1.49202 1.41333 1.36458 1.29691 1.24093 1.18196 1.12851 1.08318 1.03994 1 0.963714 0.930517 0.900714 0.869031 0.845512 0.834583 0.815377 0.795643 0.791509 0.78296 0.778913 0.77006 0.791698 0.793044 0.796963 0.789152 0.794205 0.808917 0.850841 0.836507 0.878471 0.850749 0.891808 0.906588 0.921183 0.972138 1.01454 1.01525 0.986121 1.09626 1.0609 1.12555 1.14694 1.17696 1.20271 1.21849 1.25221 1.30667 1.31605 1.34669 1.35935 1.46577 1.43566 1.44769 1.50963 1.5709 1.60206 1.54123 1.55677 1.60793 
5.54752 5.37748 5.29687 5.16234 5.03439 4.91419 4.78635 4.73784 4.67155 4.49235 4.4901 4.32429 4.30706 4.11267 4.0312 3.83511 3.88312 3.67095 3.49185 3.49381 3.29361 3.2966 3.13201 3.00786 2.95059 2.84474 2.79701 2.66312 2.60685 2.52329 2.37991 2.32102 2.22762 2.12864 2.04632 1.98383 1.89907 1.77561 1.6937 1.6258 1.54813 1.49883 1.40353 1.35306 1.30861 1.24435 1.18257 1.13279 1.08161 1.03957 1 0.963573 0.928047 0.901135 0.871205 0.853184 0.83511 0.809155 0.811807 0.777083 0.781013 0.780382 0.768313 0.799967 0.775381 0.784842 0.791175 0.805084 0.804338 0.836604 0.859271 0.872812 0.899756 0.898139 0.879 0.991912 0.951734 0.995373 1.00105 1.04778 1.05729 1.07126 1.07662 1.12553 1.19502 1.19082 1.20213 1.22266 1.32132 1.30689 1.32262 1.37687 1.39539 1.48292 1.41032 1.44094 1.55168 1.60003 1.54106 1.65376 1.61307 
5.56848 5.34199 5.26905 5.17142 5.08423 4.97578 4.8929 4.79726 4.59591 4.56169 4.36205 4.32413 4.23997 4.10571 3.97899 3.88094 3.72796 3.67867 3.55565 3.48957 3.41694 3.28543 3.16589 3.06832 2.93541 2.85937 2.78049 2.71291 2.55586 2.49314 2.38025 2.30102 2.22325 2.12575 2.01958 1.96108 1.87445 1.78629 1.70065 1.64666 1.55175 1.48475 1.43019 1.34599 1.28724 1.23403 1.1811 1.1314 1.08714 1.04099 1 0.962902 0.929732 0.90821 0.877022 0.854432 0.825126 0.81756 0.812237 0.794952 0.779499 0.808477 0.781317 0.805872 0.797033 0.79804 0.80402 0.826689 0.85309 0.842082 0.850131 0.875651 0.884881 0.914074 0.926479 0.956907 0.960786 1.01362 0.96558 1.08305 1.06799 1.07537 1.111 1.16054 1.18545 1.14733 1.20431 1.27099 1.28685 1.36602 1.36406 1.35973 1.39586 1.45336 1.50092 1.50501 1.49851 1.54136 1.57528 1.58962 1.60469 
5.4182 5.36848 5.21056 5.16444 5.10524 4.93244 4.86943 4.68173 4.69124 4.58812 4.41503 4.32595 4.2479 4.06608 3.98242 3.89984 3.76155 3.70615 3.52261 3.43512 3.33495 3.23959 3.16736 3.03939 2.98674 2.88226 2.74474 2.69555 2.58284 2.49869 2.37939 2.30186 2.21959 2.11195 2.04618 1.93904 1.84681 1.7762 1.69573 1.64972 1.54786 1.47088 1.42601 1.36567 1.2913 1.24754 1.17868 1.12811 1.0863 1.04005 1 0.96486 0.931366 0.906815 0.875991 0.855503 0.828608 0.826809 0.800203 0.803395 0.80075 0.781801 0.785359 0.778724 0.81413 0.810133 0.810304 0.824283 0.836245 0.860827 0.892933 0.862054 0.896146 0.867567 0.925954 0.947507 0.978706 0.973873 0.990175 1.03197 1.05198 1.10066 1.08422 1.17818 1.22831 1.16208 1.25936 1.28934 1.36343 1.35498 1.38021 1.35711 1.42852 1.45287 1.52575 1.49685 1.57801 1.58604 1.56177 1.70171 1.61999 
5.52908 5.34637 5.27099 5.16525 5.00436 4.97324 4.76433 4.74774 4.67274 4.48852 4.45779 4.27586 4.19468 4.17595 3.9766 3.87323 3.77919 3.68966 3.60758 3.51338 3.31343 3.2445 3.10728 3.07224 2.91953 2.88484 2.75216 2.66948 2.55202 2.45854 2.43781 2.31291 2.17872 2.13 2.01561 1.91935 1.88253 1.78559 1.69014 1.63631 1.55897 1.47638 1.41223 1.35301 1.28992 1.23609 1.18528 1.13298 1.08539 1.04021 1 0.964668 0.931158 0.905333 0.878748 0.853684 0.841953 0.825721 0.799975 0.799912 0.780174 0.788424 0.81186 0.791213 0.786318 0.776924 0.798404 0.787865 0.821215 0.813586 0.851969 0.880588 0.912959 0.941482 0.924751 0.968061 0.971567 1.00305 1.06681 1.00965 1.07541 1.12363 1.13287 1.17568 1.16824 1.20455 1.24561 1.2779 1.34244 1.30644 1.346 1.41287 1.40945 1.39506 1.53079 1.47826 1.49589 1.544 1.64977 1.63105 1.61701 
5.46108 5.33096 5.22774 5.1528 4.98505 4.94492 4.88855 4.73168 4.63786 4.53917 4.3828 4.26934 4.19269 4.07424 3.97837 3.90018 3.70404 3.64386 3.60499 3.49156 3.38291 3.28753 3.20145 3.08328 2.95836 2.83964 2.7748 2.64618 2.55177 2.49438 2.38494 2.27011 2.1987 2.14025 2.0303 1.92696 1.83695 1.78571 1.70018 1.61747 1.55005 1.4898 1.41973 1.35206 1.30024 1.23892 1.18089 1.12844 1.07986 1.03943 1 0.962856 0.929804 0.903425 0.880262 0.85405 0.850598 0.830918 0.818561 0.800237 0.801635 0.812177 0.776991 0.791497 0.791998 0.823637 0.813246 0.82371 0.813711 0.818081 0.846136 0.89988 0.860607 0.918183 0.987421 0.962239 0.967282 1.02014 1.05653 1.03697 1.07809 1.06579 1.09359 1.1892 1.20163 1.21371 1.1993 1.26862 1.2852 1.35065 1.35057 1.34665 1.42824 1.4955 1.42674 1.57648 1.58576 1.69388 1.62789 1.73521 1.66246 
5.49321 5.30505 5.22636 5.09022 5.10277 5.00697 4.82087 4.66274 4.64807 4.46217 4.44514 4.30795 4.21483 4.09871 4.00428 3.87253 3.73613 3.6957 3.51302 3.42978 3.3688 3.229 3.13411 3.05123 2.92085 2.85093 2.74855 2.62238 2.55572 2.46879 2.35465 2.32013 2.18206 2.11158 2.01205 1.93405 1.86315 1.77551 1.69718 1.61447 1.55251 1.48597 1.41457 1.35346 1.29454 1.23595 1.18099 1.12823 1.08588 1.03997 1 0.965639 0.933183 0.905599 0.878832 0.852092 0.839461 0.815852 0.819689 0.803471 0.804682 0.787774 0.808184 0.806224 0.820431 0.808494 0.782131 0.813187 0.845035 0.830721 0.868681 0.883485 0.90249 0.891826 0.983707 0.960698 0.97336 0.980323 1.03338 1.08755 1.14391 1.12422 1.14974 1.15678 1.23722 1.26688 1.26778 1.22427 1.32906 1.36717 1.35478 1.41934 1.44306 1.4758 1.51833 1.50729 1.62021 1.62794 1.52599 1.59667 1.73016 
5.48302 5.29551 5.15841 5.09701 4.99369 4.8989 4.81135 4.58466 4.60136 4.56775 4.30858 4.27462 4.16335 4.08387 3.96336 3.82598 3.78123 3.57328 3.54716 3.44723 3.3094 3.25404 3.12702 3.03065 2.92226 2.84556 2.75802 2.70049 2.5748 2.4896 2.33775 2.27972 2.18884 2.10481 2.01684 1.93878 1.86322 1.78998 1.68432 1.60617 1.55674 1.47812 1.41264 1.35301 1.29421 1.22683 1.17906 1.12669 1.08257 1.03958 1 0.964726 0.934711 0.902477 0.880718 0.848315 0.833365 0.824197 0.81837 0.809762 0.796968 0.791366 0.79809 0.794834 0.811627 0.808295 0.789737 0.797783 0.859348 0.843818 0.858996 0.885333 0.899987 0.95609 0.940269 0.967059 0.989039 0.993705 1.0103 1.09488 1.09513 1.09721 1.12551 1.17772 1.21932 1.2175 1.25495 1.32645 1.30588 1.37433 1.34514 1.42287 1.46073 1.55152 1.46289 1.49628 1.55529 1.56089 1.60182 1.62244 1.72933 
5.49675 5.35306 5.21261 5.09266 5.05536 4.89758 4.81184 4.69087 4.55133 4.42908 4.31205 4.21983 4.15529 4.04679 3.97147 3.85177 3.81798 3.55755 3.54603 3.42478 3.30483 3.25173 3.18937 3.06306 2.9481 2.83966 2.75857 2.66421 2.5695 2.47504 2.4082 2.27216 2.18784 2.12309 2.03564 1.9278 1.85904 1.76218 1.71188 1.61337 1.56032 1.49453 1.39871 1.34183 1.28931 1.23823 1.17905 1.12394 1.08226 1.03965 1 0.96517 0.935209 0.903501 0.88274 0.8585 0.843979 0.828761 0.821303 0.808625 0.801132 0.789895 0.792084 0.791441 0.813741 0.819265 0.83515 0.834137 0.841604 0.856972 0.883727 0.849001 0.91109 0.938926 0.955665 0.926107 0.976332 1.0082 1.04812 1.07134 1.08393 1.0735 1.15787 1.16647 1.17671 1.26512 1.26035 1.2626 1.36702 1.34965 1.32072 1.38109 1.47569 1.49887 1.5634 1.56054 1.56139 1.57498 1.6626 1.73948 1.72493 
5.46364 5.3861 5.28405 5.20308 5.04914 4.88727 4.78067 4.75163 4.51466 4.45926 4.32359 4.35147 4.14993 4.01779 3.92895 3.85738 3.77473 3.62355 3.53011 3.4566 3.37084 3.25426 3.19049 3.02923 2.90341 2.82649 2.74216 2.6228 2.56591 2.42413 2.3624 2.2687 2.16952 2.10303 1.99143 1.93319 1.84029 1.78441 1.67759 1.62393 1.53058 1.48054 1.42805 1.35275 1.2966 1.23386 1.1734 1.12922 1.08241 1.03799 1 0.963765 0.934525 0.907184 0.881421 0.867184 0.844775 0.8222 0.804256 0.816206 0.797088 0.795158 0.801728 0.792724 0.799262 0.815566 0.837402 0.819882 0.839042 0.839453 0.881691 0.908493 0.885032 0.917434 0.934362 0.978275 1.00414 1.00421 1.04348 1.00467 1.08706 1.10289 1.13044 1.18016 1.15025 1.21171 1.3084 1.30369 1.31581 1.36236 1.37078 1.42154 1.50182 1.46806 1.53386 1.51937 1.61423 1.63983 1.66394 1.6406 1.72804 
5.50221 5.39294 5.16006 5.09281 4.97133 4.91098 4.74417 4.69493 4.62491 4.48193 4.35152 4.24256 4.16946 4.14692 3.85026 3.85053 3.70519 3.58809 3.51567 3.4424 3.33664 3.26563 3.13392 2.98167 2.90766 2.85489 2.75075 2.6021 2.537 2.46818 2.35636 2.26068 2.18643 2.08873 2.01911 1.92596 1.85915 1.74065 1.69372 1.62456 1.54781 1.46982 1.40997 1.34946 1.27267 1.23379 1.18061 1.12663 1.08347 1.03876 1 0.963244 0.934387 0.901997 0.878266 0.858351 0.838673 0.826432 0.826979 0.802907 0.81724 0.797799 0.80493 0.765989 0.801575 0.828655 0.838541 0.840253 0.865105 0.862678 0.831835 0.906893 0.92261 0.937403 0.923418 0.971708 0.993664 0.995748 1.07952 1.07112 1.13797 1.09609 1.16262 1.21615 1.22481 1.22476 1.23293 1.35172 1.33061 1.35085 1.42722 1.40547 1.49695 1.42851 1.54259 1.55721 1.62608 1.58694 1.59847 1.64306 1.66428 
5.46838 5.23677 5.20532 5.07396 4.97438 4.85764 4.80143 4.66895 4.58262 4.45106 4.37397 4.19181 4.15225 4.08703 3.95061 3.82211 3.76159 3.65408 3.56904 3.42062 3.34071 3.21844 3.06538 3.03264 2.889 2.81459 2.75206 2.64827 2.57653 2.45916 2.36267 2.2939 2.16147 2.11004 2.02399 1.89018 1.84936 1.77333 1.70422 1.62957 1.54806 1.4724 1.40329 1.34559 1.27685 1.22598 1.17599 1.12806 1.07684 1.03894 1 0.965839 0.934896 0.904727 0.880906 0.854657 0.843547 0.838732 0.824462 0.805257 0.812368 0.810674 0.805399 0.793321 0.803455 0.827723 0.806254 0.837408 0.859468 0.884674 0.877039 0.891948 0.913029 0.933472 0.955406 1.00377 1.00541 1.04157 1.03362 1.09698 1.10637 1.16568 1.18268 1.1623 1.19668 1.22436 1.25901 1.29558 1.35569 1.3386 1.41113 1.4715 1.51273 1.49573 1.49788 1.60203 1.50576 1.57132 1.67104 1.6745 1.75586 
5.37262 5.26469 5.20693 5.05001 4.93444 4.95109 4.76114 4.68789 4.55178 4.58871 4.34538 4.25826 4.21096 4.11991 3.95203 3.79233 3.71398 3.60762 3.52859 3.47109 3.32167 3.21952 3.13561 2.98147 2.87583 2.81914 2.71695 2.58524 2.54634 2.48817 2.35385 2.27996 2.1674 2.07436 1.99994 1.93732 1.82161 1.75735 1.68142 1.60466 1.53529 1.47517 1.41254 1.34167 1.29655 1.23433 1.17922 1.12733 1.08151 1.03907 1 0.964835 0.932352 0.907376 0.885745 0.858254 0.825612 0.830594 0.827412 0.815121 0.798435 0.810542 0.81031 0.805892 0.826364 0.81573 0.831807 0.842026 0.868834 0.867711 0.871302 0.899144 0.923114 0.931609 0.954 0.98679 0.98655 1.03775 1.03099 1.06231 1.09737 1.09925 1.18795 1.19811 1.2533 1.22559 1.29022 1.25138 1.33834 1.35042 1.38954 1.39119 1.48396 1.46989 1.54562 1.55742 1.61023 1.63883 1.60213 1.65191 1.72112 
5.44306 5.28099 5.15852 5.10326 5.03032 4.82733 4.67617 4.64067 4.66988 4.48192 4.39977 4.32177 4.09698 4.05428 3.94687 3.85626 3.74311 3.58994 3.5859 3.43807 3.33881 3.21494 3.10477 2.98959 2.93886 2.83652 2.7651 2.66081 2.52772 2.45189 2.31453 2.28741 2.16014 2.0732 2.01113 1.92914 1.83719 1.76772 1.68486 1.61926 1.53197 1.46464 1.40807 1.35063 1.28199 1.23436 1.1764 1.12819 1.08025 1.03903 1 0.964502 0.933553 0.905729 0.880721 0.86272 0.842279 0.827399 0.829803 0.8078 0.812111 0.828634 0.792507 0.793544 0.818835 0.81627 0.810389 0.862577 0.862843 0.882883 0.868208 0.927847 0.94069 0.965706 0.95126 0.987242 1.02468 1.02317 1.0108 1.03774 1.08891 1.13228 1.17562 1.17544 1.18453 1.24549 1.31764 1.30342 1.35752 1.41552 1.34531 1.4581 1.42878 1.45217 1.52439 1.51394 1.59097 1.63625 1.62046 1.67726 1.71745 
5.37883 5.25732 5.08663 5.11925 4.931 4.91633 4.7942 4.66774 4.57525 4.43585 4.33431 4.21903 4.10858 4.0409 3.93223 3.79905 3.71586 3.62123 3.4955 3.38653 3.33948 3.22261 3.13652 2.99884 2.89597 2.8129 2.68795 2.61308 2.54882 2.41862 2.35178 2.25485 2.18188 2.07027 1.98833 1.90235 1.84949 1.78016 1.66214 1.60567 1.55253 1.48831 1.39992 1.34003 1.28476 1.22326 1.17809 1.12858 1.08001 1.03776 1 0.965173 0.931675 0.903752 0.88233 0.862538 0.844592 0.832333 0.816358 0.820895 0.804295 0.824749 0.805402 0.805643 0.814433 0.833057 0.828623 0.861246 0.851245 0.865646 0.882227 0.908684 0.915027 0.956128 0.956765 0.994398 1.02709 1.0573 1.11454 1.07964 1.1293 1.12004 1.14158 1.21213 1.21244 1.30716 1.31221 1.2866 1.33425 1.33719 1.47036 1.4102 1.48392 1.53816 1.60251 1.54714 1.58178 1.60037 1.68378 1.64395 1.77372 
5.38443 5.3282 5.18901 5.09579 5.00421 4.80464 4.74537 4.66094 4.59508 4.4719 4.32125 4.20311 4.09535 4.01261 3.90007 3.80157 3.73162 3.64158 3.50594 3.43339 3.23953 3.21889 3.11687 3.02039 2.89313 2.85343 2.75548 2.62727 2.54686 2.44431 2.34026 2.26802 2.17931 2.0822 2.03712 1.93497 1.8425 1.75461 1.68538 1.61216 1.54975 1.4744 1.40105 1.3447 1.28367 1.22328 1.1772 1.12694 1.08126 1.03775 1 0.966483 0.934373 0.90325 0.885301 0.862588 0.84666 0.83633 0.815172 0.800291 0.798091 0.811359 0.799501 0.80846 0.831458 0.825448 0.833472 0.8709 0.859847 0.882767 0.894972 0.946855 0.917898 0.915985 0.956464 1.00657 0.988248 1.05553 1.05031 1.15108 1.10992 1.14701 1.18213 1.16763 1.23241 1.28401 1.31253 1.33173 1.42008 1.41999 1.42424 1.45074 1.50501 1.46119 1.50275 1.58501 1.62007 1.68629 1.68735 1.70029 1.73534 
5.33054 5.33511 5.28761 5.04711 5.01233 4.82412 4.77727 4.57768 4.54911 4.49059 4.35094 4.1242 4.19435 3.97209 3.93197 3.84143 3.73368 3.65964 3.45529 3.36276 3.27632 3.15988 3.12048 3.01377 2.94048 2.82813 2.75387 2.5857 2.54974 2.43545 2.32992 2.27472 2.1664 2.08843 2.01772 1.91162 1.82573 1.77814 1.69869 1.62263 1.54314 1.48112 1.4028 1.34167 1.28231 1.22122 1.17489 1.12556 1.08023 1.0388 1 0.966455 0.936161 0.907454 0.878452 0.863664 0.843792 0.834215 0.823127 0.822705 0.798273 0.821856 0.814046 0.82635 0.823651 0.814454 0.822103 0.876038 0.880653 0.862175 0.907856 0.911057 0.97497 0.925204 0.949207 0.999892 0.995619 1.01092 1.04225 1.12155 1.11015 1.14632 1.15364 1.20129 1.27154 1.22799 1.33736 1.34493 1.29962 1.35315 1.37227 1.46675 1.46823 1.5178 1.49046 1.56586 1.63365 1.58953 1.64312 1.80247 1.73393 
5.39835 5.26549 5.08388 5.05015 4.95235 4.84405 4.83255 4.64453 4.51293 4.39989 4.26222 4.26781 4.17071 4.04799 3.91775 3.81715 3.70344 3.66247 3.48616 3.37745 3.28139 3.22007 3.07837 2.99595 2.92245 2.79769 2.72469 2.59157 2.54082 2.44596 2.3341 2.27365 2.19921 2.10027 1.98748 1.91405 1.84631 1.74094 1.65961 1.59735 1.52583 1.47417 1.40344 1.34972 1.28512 1.22755 1.17083 1.12756 1.07661 1.03911 1 0.965448 0.933995 0.910338 0.882155 0.864561 0.854913 0.844221 0.818952 0.806307 0.812026 0.815754 0.818204 0.818945 0.79868 0.832517 0.840444 0.832851 0.855074 0.867242 0.850144 0.942795 0.939428 0.93787 1.00626 1.00744 1.06705 1.02608 1.04716 1.11578 1.13874 1.16607 1.17398 1.22377 1.22286 1.2719 1.3137 1.31015 1.36818 1.4489 1.44946 1.45036 1.4597 1.49283 1.53106 1.59962 1.58597 1.66372 1.68491 1.81215 1.77127 
5.49636 5.26358 5.18062 5.07645 4.85947 4.86112 4.78763 4.65167 4.56197 4.45773 4.34901 4.19228 4.07363 3.96707 3.85064 3.81248 3.69575 3.64825 3.46612 3.3366 3.28521 3.26261 3.04952 3.02889 2.90864 2.77428 2.71488 2.62694 2.54529 2.39242 2.31931 2.23292 2.17014 2.09305 2.01148 1.93893 1.80856 1.7303 1.69012 1.61833 1.53382 1.47455 1.40488 1.33617 1.28101 1.21365 1.176 1.12514 1.08109 1.03853 1 0.966558 0.93389 0.910272 0.890327 0.869284 0.846138 0.838224 0.826163 0.813732 0.806536 0.815249 0.823845 0.830469 0.831169 0.831786 0.846109 0.875969 0.892874 0.864412 0.88725 0.909809 0.931048 0.941114 0.978466 1.02422 1.02891 1.06393 1.11078 1.09174 1.14261 1.18053 1.17654 1.15781 1.25802 1.30116 1.27182 1.31205 1.46729 1.33071 1.4483 1.43429 1.51638 1.60931 1.46793 1.55941 1.60321 1.67155 1.69999 1.75133 1.77131 
5.41098 5.20359 5.11979 5.01326 4.91385 4.73313 4.70272 4.61212 4.53763 4.43635 4.33016 4.26565 4.16749 4.04233 3.90905 3.79028 3.754 3.6127 3.49707 3.43696 3.25204 3.19801 3.04186 2.97018 2.90056 2.77869 2.68924 2.65331 2.52536 2.43666 2.33056 2.25257 2.20038 2.05656 1.99001 1.91327 1.82891 1.74887 1.66975 1.61497 1.53181 1.47064 1.39512 1.3353 1.27522 1.22116 1.18136 1.12523 1.0795 1.03915 1 0.964951 0.934925 0.908732 0.884151 0.861968 0.849168 0.839146 0.818814 0.817906 0.813759 0.810821 0.811093 0.791482 0.814363 0.843042 0.874463 0.85665 0.889736 0.879837 0.909855 0.916976 0.932289 0.976013 1.01026 1.01343 1.0074 1.04851 1.12285 1.1342 1.15102 1.14053 1.24726 1.16452 1.27143 1.31446 1.31495 1.38016 1.40659 1.42899 1.45194 1.50592 1.48475 1.60225 1.57992 1.62678 1.62876 1.69614 1.6492 1.74913 1.7942 
5.28618 5.20416 5.12461 5.10803 4.92281 4.80791 4.69947 4.64852 4.45215 4.48467 4.29155 4.22585 4.04115 3.99171 3.89409 3.8314 3.67217 3.5701 3.49239 3.4302 3.283 3.14414 3.06641 2.98508 2.86208 2.76671 2.68786 2.57542 2.56106 2.44928 2.305 2.27481 2.14885 2.06892 1.9818 1.90763 1.84054 1.75303 1.65564 1.59422 1.53004 1.45749 1.39176 1.33916 1.28404 1.22566 1.17312 1.12226 1.08061 1.03863 1 0.966065 0.938539 0.907232 0.892056 0.870862 0.840068 0.841493 0.829599 0.825421 0.798949 0.816481 0.821552 0.824792 0.805687 0.832322 0.845598 0.872456 0.864358 0.891206 0.913053 0.930428 0.956085 0.937264 0.986098 1.02558 1.0692 1.08513 1.02932 1.07697 1.11633 1.12979 1.18353 1.27567 1.28257 1.30678 1.33391 1.33263 1.39973 1.42393 1.44249 1.45447 1.53519 1.51414 1.61905 1.60552 1.58131 1.68792 1.71278 1.75287 1.77893 
5.38579 5.29996 5.10905 4.9931 4.86367 4.77559 4.7873 4.60791 4.48811 4.39093 4.31956 4.21077 4.12602 4.03946 3.89751 3.81457 3.71874 3.60598 3.47102 3.35603 3.29234 3.1807 3.0751 3.00332 2.85492 2.79753 2.67382 2.63336 2.50276 2.42216 2.30966 2.25051 2.18244 2.07875 1.98459 1.88596 1.83142 1.75538 1.67542 1.60594 1.5333 1.47602 1.40871 1.34628 1.28334 1.21564 1.1699 1.12222 1.07964 1.03635 1 0.967665 0.934043 0.907687 0.884157 0.86548 0.852697 0.822674 0.840708 0.811856 0.800271 0.814846 0.793278 0.833974 0.815674 0.850745 0.843779 0.860249 0.860222 0.904521 0.908679 0.931414 0.94111 0.950549 1.00025 0.997423 1.08572 1.07152 1.07143 1.08602 1.14384 1.1832 1.17605 1.22324 1.23929 1.32015 1.34042 1.35817 1.4012 1.35049 1.46489 1.45807 1.47732 1.53201 1.57393 1.56427 1.57438 1.64285 1.72876 1.6912 1.76081 
5.30369 5.22374 5.13261 4.97245 4.98763 4.95659 4.73777 4.57792 4.49055 4.45283 4.26636 4.18149 4.19484 3.9266 3.89609 3.81805 3.67769 3.58362 3.47233 3.37069 3.29592 3.20806 3.1096 2.98323 2.91013 2.81013 2.69592 2.60797 2.52465 2.40672 2.32544 2.23421 2.14695 2.07533 1.98203 1.89673 1.80194 1.74301 1.67173 1.59305 1.53873 1.47343 1.40229 1.34258 1.27754 1.21776 1.17988 1.12555 1.08078 1.03795 1 0.96674 0.937729 0.905074 0.882273 0.861137 0.847772 0.836044 0.838994 0.81642 0.826377 0.810361 0.828534 0.816855 0.830053 0.842428 0.857563 0.863088 0.862453 0.907843 0.900219 0.918506 0.980283 0.935575 0.994677 0.988781 0.996964 1.02418 1.06759 1.14071 1.10387 1.21054 1.19377 1.23618 1.3081 1.28768 1.29946 1.42597 1.39723 1.40744 1.43041 1.45659 1.54107 1.57151 1.57323 1.61043 1.62113 1.72542 1.75539 1.76686 1.84669 
5.32833 5.28123 5.15758 5.03885 4.98431 4.82406 4.68313 4.60848 4.54167 4.36695 4.33223 4.12908 4.08549 3.96656 3.87808 3.79455 3.70203 3.53952 3.45667 3.42212 3.23122 3.17818 3.1159 2.9709 2.90588 2.76851 2.72067 2.61323 2.50672 2.40909 2.31657 2.21147 2.15431 2.05789 2.02229 1.90967 1.83549 1.73573 1.67521 1.59431 1.52437 1.47956 1.40077 1.34203 1.27926 1.21729 1.17236 1.12055 1.07951 1.03696 1 0.966935 0.936563 0.902727 0.892227 0.872909 0.853238 0.827869 0.817172 0.820186 0.811098 0.822298 0.823489 0.799097 0.828384 0.834075 0.86123 0.88149 0.851785 0.885917 0.908574 0.927461 0.960802 0.970099 0.986439 1.00276 1.01409 1.09753 1.08155 1.14689 1.15797 1.1951 1.23341 1.24493 1.25821 1.34408 1.32244 1.30197 1.39625 1.47797 1.36475 1.41362 1.56267 1.55041 1.55685 1.54391 1.6063 1.65574 1.71484 1.68412 1.78532 
5.34404 5.23278 5.15744 5.1013 4.88333 4.84726 4.64774 4.56961 4.51037 4.36368 4.28836 4.23563 4.0796 3.97558 3.88909 3.78834 3.67646 3.55139 3.48547 3.36411 3.31601 3.15763 3.10196 2.98771 2.91315 2.78755 2.72687 2.61729 2.51011 2.41168 2.33308 2.22729 2.13206 2.07345 1.94561 1.87773 1.80763 1.76073 1.65058 1.59018 1.52727 1.46272 1.41089 1.32799 1.26654 1.21923 1.17453 1.11972 1.0789 1.03784 1 0.96455 0.937018 0.909319 0.89285 0.869497 0.853796 0.833844 0.828724 0.822651 0.819147 0.803076 0.810479 0.822716 0.82628 0.831029 0.844912 0.872992 0.890127 0.89344 0.883789 0.927915 0.951485 0.965409 0.967759 1.00365 1.07197 1.07986 1.09175 1.10805 1.15261 1.17349 1.17447 1.2355 1.28044 1.20518 1.26299 1.36013 1.38715 1.40323 1.42759 1.51449 1.53243 1.5468 1.54557 1.65975 1.64138 1.74872 1.72158 1.76239 1.81549 
5.39156 5.27323 5.1154 5.00873 4.8948 4.62574 4.73785 4.60399 4.50514 4.43099 4.28219 4.2123 4.0985 4.01416 3.82432 3.73914 3.65792 3.62765 3.50178 3.36044 3.24031 3.18765 3.04623 2.9995 2.83286 2.82352 2.68528 2.61664 2.50437 2.41924 2.3013 2.25026 2.15815 2.06112 1.96177 1.90725 1.81256 1.74388 1.64359 1.60293 1.52877 1.45797 1.40049 1.32161 1.2812 1.217 1.16872 1.12466 1.07959 1.03616 1 0.96746 0.936374 0.908376 0.89225 0.863411 0.853841 0.853073 0.817822 0.837634 0.813508 0.809289 0.818591 0.838654 0.817649 0.818304 0.862227 0.847157 0.865092 0.886294 0.929178 0.912829 0.936029 0.961479 0.993735 0.984588 1.03519 1.03321 1.07893 1.11227 1.16049 1.25093 1.23634 1.23964 1.27975 1.25374 1.34102 1.37729 1.41453 1.44366 1.46752 1.49384 1.50588 1.57338 1.62446 1.59663 1.69321 1.62912 1.67467 1.65022 1.78895 
5.3755 5.29105 5.14696 4.9566 4.86806 4.76453 4.76502 4.55278 4.48767 4.41134 4.23703 4.11719 4.01459 3.99294 3.93485 3.74915 3.75784 3.63658 3.53129 3.37845 3.24771 3.15254 3.09102 2.93769 2.89252 2.7727 2.69967 2.5947 2.52893 2.3845 2.36989 2.19299 2.13625 2.07281 1.99607 1.8866 1.80324 1.74891 1.6666 1.57871 1.50495 1.44883 1.40811 1.33315 1.26907 1.22063 1.17075 1.12342 1.07887 1.03699 1 0.966592 0.932096 0.910989 0.888152 0.86654 0.850604 0.83735 0.827719 0.809451 0.819085 0.818982 0.800768 0.822945 0.830932 0.857416 0.86168 0.876342 0.886919 0.87333 0.906719 0.917383 0.962385 0.983033 1.01926 1.00792 1.04825 1.04706 1.06929 1.1124 1.15646 1.21113 1.22101 1.21999 1.25934 1.29309 1.35813 1.31862 1.43189 1.41812 1.48968 1.43148 1.53306 1.55901 1.51594 1.6404 1.65006 1.63812 1.76721 1.72744 1.74573 
5.29104 5.11974 5.16766 4.97175 4.88446 4.82656 4.67464 4.56733 4.45119 4.34758 4.41518 4.22943 4.10293 4.00311 3.86101 3.75177 3.58725 3.56964 3.46712 3.3319 3.29295 3.16643 3.07727 3.04481 2.86983 2.75644 2.73449 2.57841 2.5239 2.43838 2.35286 2.26462 2.12485 2.05013 1.97488 1.88729 1.79225 1.74876 1.65253 1.61433 1.50794 1.45749 1.40167 1.32717 1.27526 1.22447 1.16212 1.1219 1.07572 1.03652 1 0.967367 0.935383 0.912705 0.879 0.865626 0.864958 0.850351 0.839476 0.822438 0.830966 0.813537 0.825511 0.824517 0.825729 0.849387 0.881683 0.872288 0.863498 0.882342 0.9123 0.926732 0.92653 0.985359 1.02805 1.02104 1.03167 1.07442 1.05523 1.14461 1.1724 1.20965 1.24269 1.2524 1.27439 1.34463 1.28068 1.37394 1.36687 1.45915 1.4024 1.46717 1.55501 1.55056 1.64399 1.64072 1.65614 1.68598 1.67638 1.7862 1.88867 
5.26602 5.22769 5.10112 5.00709 4.88401 4.79269 4.69816 4.71579 4.49947 4.40882 4.24217 4.18716 4.06739 4.02844 3.8883 3.73276 3.64941 3.51476 3.44987 3.3221 3.21442 3.14492 3.06947 2.95015 2.85493 2.78362 2.66219 2.63377 2.48265 2.42309 2.31829 2.2097 2.11798 2.07163 2.00082 1.91049 1.83548 1.75748 1.66593 1.57758 1.53896 1.43223 1.39229 1.32531 1.26504 1.22176 1.17604 1.1186 1.0795 1.03844 1 0.96733 0.934266 0.911872 0.890237 0.87202 0.852563 0.844822 0.828125 0.832847 0.807813 0.825402 0.8158 0.812989 0.845354 0.813463 0.864239 0.872006 0.849632 0.901677 0.921017 0.956769 0.964591 1.00481 0.981765 0.996496 1.03038 1.06073 1.13994 1.12473 1.19174 1.14035 1.22593 1.24632 1.28033 1.26809 1.2998 1.40871 1.36564 1.49066 1.50737 1.54505 1.4738 1.57454 1.5531 1.6294 1.69087 1.65924 1.69677 1.77562 1.77195 
5.29925 5.27398 5.08106 5.08192 4.85055 4.82487 4.64809 4.60613 4.57305 4.34467 4.22983 4.24694 4.05735 3.99517 3.86668 3.75935 3.69716 3.54955 3.49409 3.34228 3.26444 3.17433 3.06714 2.95859 2.85503 2.8103 2.69347 2.57556 2.48747 2.40422 2.32135 2.2621 2.16431 2.05206 1.97524 1.89304 1.81497 1.73737 1.66108 1.58978 1.52372 1.45554 1.38728 1.34156 1.26537 1.22599 1.16963 1.11956 1.07495 1.03682 1 0.967382 0.936117 0.91356 0.888163 0.873514 0.857743 0.832565 0.843846 0.822121 0.823151 0.793106 0.819339 0.843968 0.822464 0.814901 0.86876 0.868659 0.869653 0.922809 0.905317 0.928216 0.949299 0.982699 1.01093 1.01395 1.08104 1.09484 1.14144 1.12421 1.12305 1.23473 1.20405 1.27063 1.30614 1.29708 1.32576 1.37751 1.39685 1.44241 1.473 1.45973 1.50666 1.61322 1.6155 1.63533 1.62359 1.72666 1.73047 1.74067 1.76765 
5.31684 5.20772 5.08522 4.95131 4.94263 4.84683 4.69042 4.5579 4.45307 4.37373 4.25348 4.20868 4.03333 4.00596 3.82999 3.79838 3.65358 3.53443 3.44729 3.37762 3.21603 3.20319 3.08586 2.96846 2.88617 2.74278 2.67439 2.56108 2.51752 2.43467 2.3025 2.25179 2.12899 2.08186 1.96035 1.93176 1.82054 1.73146 1.64974 1.60569 1.52045 1.45576 1.40252 1.33061 1.26161 1.22768 1.17973 1.12065 1.0804 1.03741 1 0.965581 0.935614 0.910173 0.891275 0.86453 0.846306 0.829699 0.837992 0.837218 0.831055 0.820729 0.818148 0.807131 0.816578 0.841859 0.856489 0.884299 0.871513 0.909265 0.905149 0.913115 0.974467 0.946309 1.02852 1.01029 1.08323 1.06512 1.06886 1.08971 1.13394 1.25922 1.26901 1.25607 1.29234 1.28103 1.29259 1.35535 1.44005 1.48603 1.51885 1.52442 1.56939 1.55992 1.59524 1.6159 1.60827 1.766 1.7431 1.74601 1.84574 
5.37131 5.24754 5.16415 5.02698 4.983 4.75096 4.71175 4.60693 4.44924 4.40803 4.24868 4.17236 4.11823 4.01328 3.8922 3.7648 3.62107 3.52311 3.51882 3.37754 3.25214 3.13288 3.02856 2.99133 2.87349 2.75806 2.68083 2.53979 2.49711 2.39332 2.30333 2.21608 2.1212 2.06453 1.98031 1.89129 1.81488 1.73695 1.64885 1.60418 1.53913 1.46278 1.38373 1.33532 1.26872 1.22041 1.16299 1.12153 1.0752 1.03838 1 0.965751 0.934723 0.915125 0.885655 0.867602 0.848489 0.85362 0.854253 0.825541 0.804737 0.816241 0.820346 0.818156 0.837411 0.838403 0.842662 0.861142 0.850687 0.892876 0.928124 0.925903 0.965734 0.971208 0.992748 0.978685 1.02268 1.0568 1.0968 1.22042 1.11204 1.15686 1.17329 1.28024 1.23052 1.3167 1.31019 1.41405 1.39276 1.41202 1.34582 1.46191 1.58802 1.60553 1.63639 1.666 1.70997 1.69582 1.76429 1.76063 1.81122 
5.29303 5.22416 5.18601 4.99835 4.92289 4.74791 4.63867 4.5489 4.46904 4.41952 4.28339 4.16175 4.06415 4.03364 3.8505 3.81428 3.60463 3.59531 3.45902 3.33264 3.29145 3.15536 3.09852 2.92523 2.87268 2.78336 2.66185 2.58542 2.56347 2.41337 2.30736 2.23331 2.16669 2.07408 1.97279 1.89704 1.80191 1.74376 1.68248 1.59285 1.54013 1.45707 1.39904 1.33056 1.26234 1.21708 1.17023 1.11921 1.07701 1.03803 1 0.966658 0.934171 0.913642 0.888356 0.868731 0.849525 0.839517 0.828065 0.823534 0.845022 0.824154 0.834834 0.823668 0.835166 0.843009 0.844187 0.864083 0.873847 0.885746 0.906941 0.938296 0.919484 0.958279 1.02977 0.99405 1.04234 1.06372 1.1331 1.14046 1.1999 1.18174 1.23202 1.20117 1.29931 1.29869 1.33694 1.38843 1.4029 1.50438 1.52275 1.45579 1.53663 1.51605 1.5935 1.69047 1.55521 1.70587 1.79519 1.74553 1.82255 
5.38086 5.2552 5.01819 5.03067 4.86111 4.75776 4.66323 4.55443 4.4909 4.34556 4.22458 4.1722 4.04986 3.96429 3.85153 3.78557 3.58876 3.54041 3.4753 3.36909 3.26944 3.1541 3.0842 2.97901 2.89928 2.73299 2.66702 2.60393 2.49092 2.41035 2.28363 2.2595 2.14342 2.03944 2.00542 1.89834 1.82077 1.72841 1.65242 1.58289 1.51633 1.45005 1.39499 1.32285 1.2692 1.22255 1.16734 1.11978 1.07402 1.0373 1 0.966697 0.937415 0.908406 0.885142 0.866369 0.858734 0.85048 0.834717 0.828142 0.821826 0.831429 0.823334 0.845692 0.833173 0.852493 0.867388 0.868499 0.871438 0.900633 0.909538 0.951401 0.963624 0.952795 0.983386 0.975848 1.04317 1.08121 1.13393 1.12751 1.16903 1.17988 1.24557 1.28089 1.28769 1.31282 1.3408 1.35838 1.38387 1.43328 1.45854 1.54846 1.56325 1.5898 1.63346 1.57444 1.74744 1.67383 1.77704 1.76829 1.86424 
5.33174 5.24415 5.12707 4.97834 4.9039 4.72969 4.6323 4.57566 4.43625 4.37765 4.2562 4.22385 3.98052 3.9397 3.82649 3.77651 3.72501 3.52641 3.44148 3.33501 3.27054 3.21043 3.09986 2.97755 2.84603 2.7761 2.70075 2.55729 2.46567 2.40727 2.33078 2.24494 2.14055 2.04395 2.00253 1.92569 1.80666 1.76411 1.65448 1.58373 1.51623 1.45483 1.39129 1.32542 1.27646 1.21918 1.17283 1.12349 1.07752 1.03686 1 0.966385 0.938655 0.912306 0.888327 0.870616 0.855228 0.84171 0.84014 0.827672 0.822077 0.81882 0.824309 0.830979 0.817678 0.850451 0.855171 0.858048 0.876228 0.898712 0.895823 0.962636 0.953106 0.970938 0.979265 1.03938 1.07356 1.0918 1.08482 1.11894 1.147 1.19636 1.23948 1.22491 1.2563 1.30478 1.32257 1.39619 1.35637 1.50199 1.47736 1.54112 1.55983 1.60374 1.61355 1.61063 1.6093 1.64752 1.76879 1.80891 1.90552 
5.3198 5.31772 5.12185 5.0996 4.85139 4.79529 4.63385 4.56994 4.47236 4.34307 4.22141 4.13534 4.03287 4.0031 3.86988 3.81538 3.70021 3.58545 3.45408 3.30969 3.2263 3.16738 3.10113 2.9166 2.84602 2.80102 2.69793 2.59817 2.50942 2.37809 2.33361 2.1996 2.1658 2.06924 1.96652 1.93621 1.82255 1.72134 1.63045 1.59925 1.52614 1.46793 1.38544 1.33676 1.26824 1.22484 1.16915 1.11719 1.07726 1.03769 1 0.96748 0.936247 0.914051 0.887674 0.876478 0.853895 0.836644 0.835293 0.829219 0.822185 0.826163 0.831728 0.83501 0.821818 0.831749 0.82954 0.897889 0.877285 0.887642 0.917409 0.926708 0.930672 0.967276 0.997569 1.0415 1.09184 1.06817 1.11108 1.12539 1.19929 1.20778 1.16701 1.27627 1.2668 1.33612 1.40674 1.41473 1.37695 1.43443 1.50486 1.52092 1.51743 1.5423 1.62967 1.59911 1.69336 1.7119 1.73306 1.81206 1.79952 
5.31735 5.18579 5.12087 5.04993 4.98025 4.83859 4.64648 4.58079 4.45818 4.41984 4.26965 4.09051 4.03153 3.9852 3.84393 3.75269 3.65954 3.55156 3.44649 3.36178 3.27769 3.1826 3.03255 3.00304 2.89 2.78503 2.71936 2.58437 2.51963 2.40727 2.34124 2.19059 2.14097 2.06174 1.99331 1.9208 1.82246 1.74626 1.66648 1.59077 1.54215 1.46251 1.38677 1.33049 1.27844 1.21766 1.17679 1.12118 1.07494 1.03525 1 0.966078 0.939102 0.916416 0.887899 0.862848 0.852512 0.842465 0.832899 0.823885 0.816551 0.829423 0.827048 0.831341 0.848671 0.83915 0.841775 0.858165 0.856655 0.926279 0.944213 0.943274 0.948462 1.00221 1.03297 1.02848 1.06514 1.04018 1.13065 1.13007 1.11993 1.21933 1.24222 1.26865 1.28853 1.32154 1.31342 1.42023 1.3964 1.43584 1.4971 1.49863 1.51066 1.53615 1.57913 1.61573 1.63128 1.73896 1.67194 1.7833 1.75727 
5.32263 5.08444 5.15559 4.95497 4.88806 4.85162 4.72716 4.52321 4.48335 4.38179 4.26891 4.08552 4.06159 3.99498 3.85815 3.77386 3.66053 3.54611 3.46831 3.36541 3.27374 3.1648 3.09641 2.98905 2.88878 2.72549 2.66568 2.60706 2.50752 2.39141 2.30753 2.22133 2.16667 2.05364 1.99653 1.89989 1.79712 1.74434 1.65381 1.61776 1.52595 1.4542 1.38917 1.33885 1.2805 1.21637 1.16542 1.12149 1.07505 1.03783 1 0.965225 0.939707 0.912502 0.88585 0.869107 0.851109 0.849733 0.83346 0.817237 0.824221 0.813362 0.829503 0.825611 0.812661 0.851553 0.828638 0.887029 0.883988 0.882043 0.899548 0.951626 0.944753 0.975786 1.0215 1.01863 1.05645 1.10385 1.11249 1.08491 1.1865 1.24256 1.21898 1.25456 1.29393 1.33398 1.32916 1.44171 1.39815 1.41223 1.4725 1.48837 1.49569 1.57896 1.59151 1.63307 1.68877 1.70294 1.72106 1.77002 1.78414 
5.3094 5.14715 4.98345 4.99986 4.90846 4.72764 4.67996 4.58558 4.43905 4.39111 4.33595 4.14333 4.02724 4.01754 3.82598 3.79238 3.68426 3.58569 3.45145 3.3081 3.21237 3.17257 3.08486 2.94344 2.89979 2.79474 2.73307 2.60062 2.48465 2.37301 2.33517 2.23419 2.13723 2.02747 1.98692 1.89128 1.81052 1.74356 1.65156 1.58281 1.51909 1.45281 1.39729 1.32866 1.27959 1.21545 1.16452 1.12441 1.07658 1.03756 1 0.966701 0.934958 0.909481 0.891149 0.866696 0.855765 0.841837 0.840105 0.837863 0.829448 0.841511 0.820811 0.844707 0.809918 0.840665 0.877319 0.85941 0.882191 0.92992 0.9157 0.95803 0.969979 0.983618 1.00993 1.07179 1.03272 1.092 1.10042 1.17005 1.19052 1.20883 1.19665 1.23162 1.21735 1.27701 1.35675 1.33175 1.46896 1.46576 1.47522 1.56208 1.559 1.58653 1.5799 1.70647 1.70828 1.71552 1.68785 1.76372 1.83494 
5.34348 5.22107 5.09098 4.97183 4.86095 4.69215 4.70062 4.52521 4.37405 4.38142 4.22946 4.26021 4.054 3.91336 3.85592 3.8425 3.61927 3.55336 3.49378 3.32375 3.28869 3.16029 3.10307 2.94566 2.8573 2.76541 2.69263 2.56575 2.48572 2.38529 2.25705 2.2539 2.11807 2.06977 1.96596 1.90002 1.80309 1.75752 1.64498 1.59248 1.51612 1.44946 1.39028 1.33003 1.27405 1.2251 1.16882 1.12001 1.07647 1.03696 1 0.967213 0.936395 0.909483 0.895904 0.866912 0.848481 0.835225 0.847087 0.819086 0.814874 0.821496 0.810463 0.834906 0.83821 0.857892 0.872398 0.870995 0.874565 0.932849 0.949278 0.985318 0.977937 0.970462 1.03026 1.05659 1.05722 1.13274 1.12179 1.13873 1.18218 1.15512 1.24481 1.24662 1.31695 1.29591 1.29112 1.34403 1.39472 1.44489 1.50213 1.50179 1.60674 1.5469 1.55562 1.64184 1.70138 1.70212 1.72572 1.84084 1.76085 
5.25531 5.18607 5.1186 4.98154 4.87566 4.75155 4.54506 4.49794 4.47799 4.30506 4.29313 4.16064 4.11839 3.94452 3.89396 3.7492 3.65327 3.58872 3.48027 3.35821 3.28872 3.14401 3.05895 2.97382 2.8716 2.80259 2.69724 2.5828 2.50583 2.37342 2.30096 2.22609 2.1403 2.06469 1.98137 1.8782 1.83871 1.70936 1.66522 1.59714 1.51421 1.46197 1.39201 1.31837 1.27852 1.21945 1.16114 1.1203 1.07279 1.0382 1 0.967865 0.937778 0.913799 0.894645 0.868269 0.85261 0.849121 0.835121 0.821946 0.829194 0.818025 0.822655 0.840163 0.828008 0.836108 0.859891 0.877311 0.892671 0.917037 0.915996 0.91461 0.983882 0.981632 1.02124 1.02727 1.09226 1.07614 1.14572 1.14284 1.17105 1.15973 1.23355 1.23793 1.30547 1.30602 1.32386 1.33611 1.37973 1.42437 1.45718 1.45161 1.59339 1.59719 1.65325 1.64003 1.64102 1.71001 1.72555 1.72673 1.74344 
5.27676 5.21506 5.10647 4.90187 4.929 4.75779 4.58269 4.52724 4.54848 4.34978 4.26485 4.1556 3.99276 3.97446 3.86476 3.79328 3.68557 3.57235 3.47593 3.38129 3.23257 3.14471 3.12811 2.96775 2.90847 2.79936 2.68457 2.56981 2.50475 2.37627 2.32177 2.217 2.133 2.06399 1.96223 1.89327 1.82281 1.70675 1.67309 1.57995 1.52381 1.44158 1.40073 1.32745 1.26488 1.21336 1.16665 1.11983 1.07615 1.03595 1 0.965614 0.935885 0.912703 0.885511 0.872243 0.854771 0.846655 0.822407 0.830046 0.841103 0.809905 0.837153 0.839475 0.818153 0.841913 0.840869 0.870417 0.862649 0.900587 0.924593 0.953612 0.939411 0.982482 1.00946 1.05237 1.0692 1.09179 1.1003 1.10232 1.1686 1.22532 1.20824 1.24343 1.32705 1.34124 1.32199 1.3796 1.35468 1.43447 1.52666 1.57547 1.53081 1.5777 1.54435 1.6712 1.70987 1.72887 1.7699 1.80643 1.84343 
5.36633 5.15482 5.11389 4.92184 4.97697 4.79192 4.77874 4.62363 4.46357 4.43678 4.25985 4.16725 4.06505 3.9585 3.81335 3.69397 3.66122 3.57654 3.43611 3.38547 3.30959 3.14948 3.04901 2.91982 2.8586 2.74631 2.68841 2.58074 2.49238 2.38632 2.28497 2.27151 2.15265 2.04713 1.93792 1.89524 1.78938 1.69804 1.66661 1.60469 1.51693 1.43878 1.40441 1.31628 1.27224 1.21156 1.16993 1.11933 1.0781 1.03753 1 0.966991 0.936059 0.913146 0.891197 0.874571 0.862732 0.848479 0.838292 0.827283 0.813641 0.819697 0.819776 0.825936 0.845108 0.846053 0.859082 0.858597 0.914175 0.919694 0.925788 0.912539 0.98076 0.964138 1.00139 1.03282 1.07263 1.05178 1.12448 1.15164 1.14763 1.22567 1.24808 1.28225 1.3089 1.26187 1.31648 1.37332 1.34986 1.42073 1.52456 1.49379 1.58051 1.60493 1.66375 1.67729 1.70722 1.7012 1.72443 1.73823 1.89519 
5.22953 5.14324 5.09035 5.04222 4.87875 4.72825 4.73495 4.50206 4.47138 4.39769 4.24755 4.10758 4.01746 3.96929 3.8118 3.73721 3.67106 3.53434 3.45571 3.38046 3.24822 3.18459 3.04787 2.94039 2.82313 2.80514 2.7026 2.55993 2.4882 2.39812 2.3142 2.22754 2.13027 2.06804 2.00985 1.89873 1.82948 1.76347 1.65366 1.58333 1.52393 1.45521 1.40295 1.31045 1.26785 1.21381 1.16939 1.12121 1.07649 1.0379 1 0.966949 0.939984 0.914345 0.888736 0.879371 0.855027 0.835862 0.839163 0.822392 0.811223 0.828824 0.830061 0.831842 0.847328 0.850308 0.865446 0.862964 0.906386 0.902019 0.904342 0.963181 0.973505 0.989463 1.02615 1.02363 1.10515 1.07199 1.09378 1.08407 1.17267 1.17412 1.24857 1.24281 1.25868 1.34336 1.33129 1.37734 1.45473 1.39879 1.54391 1.53688 1.57815 1.49494 1.60151 1.66065 1.67511 1.67641 1.75929 1.83602 1.80724 
5.2836 5.15996 5.09479 4.98565 4.85347 4.72742 4.68506 4.61094 4.51997 4.40992 4.2734 4.21896 4.00144 3.93736 3.89557 3.80203 3.68489 3.49205 3.45884 3.36118 3.302 3.15641 3.06988 2.95951 2.87602 2.74612 2.70362 2.62294 2.49786 2.43229 2.30749 2.25541 2.12789 2.03591 2.00134 1.89036 1.80832 1.70384 1.67137 1.57871 1.51492 1.46478 1.39691 1.32822 1.27001 1.2136 1.16707 1.12177 1.07622 1.03783 1 0.968226 0.939623 0.911639 0.895491 0.876969 0.854161 0.855142 0.836842 0.829652 0.828285 0.83667 0.824146 0.848884 0.849141 0.866713 0.851008 0.86497 0.881564 0.919531 0.901893 0.9651 0.928662 0.989973 0.990859 1.05428 1.10243 1.07655 1.07237 1.11702 1.12988 1.20488 1.2248 1.25231 1.25879 1.3249 1.32164 1.32063 1.37403 1.49159 1.48992 1.52859 1.52899 1.6371 1.60093 1.60308 1.74789 1.75164 1.7724 1.86294 1.81284 
5.23289 5.155 5.09592 5.09841 4.9016 4.75026 4.61324 4.5768 4.49198 4.45068 4.24293 4.15052 4.04179 3.93606 3.812 3.76476 3.71236 3.52193 3.50248 3.34631 3.25544 3.1499 3.04586 2.99242 2.88948 2.7818 2.65066 2.61074 2.48654 2.41519 2.30299 2.24205 2.12381 2.06387 1.95951 1.89014 1.82625 1.74702 1.66951 1.57549 1.51364 1.44332 1.38954 1.3422 1.26217 1.21149 1.16551 1.11904 1.07569 1.038 1 0.967631 0.936624 0.91716 0.884447 0.868115 0.848898 0.845976 0.827757 0.826161 0.813702 0.812308 0.828788 0.842684 0.854436 0.837968 0.873337 0.884285 0.871535 0.897554 0.915943 0.926102 0.949391 0.987572 0.987617 1.0557 1.01748 1.05742 1.0785 1.10606 1.17867 1.23377 1.18747 1.27714 1.34708 1.29667 1.36004 1.39776 1.43212 1.45508 1.42237 1.49449 1.53302 1.45423 1.65534 1.64299 1.62242 1.71526 1.71884 1.79663 1.78724 
5.36321 5.15003 5.05 4.96755 4.90375 4.7777 4.68434 4.64913 4.39939 4.32417 4.23328 4.17221 4.04289 3.96557 3.82578 3.7272 3.67827 3.52029 3.53561 3.30952 3.18915 3.16155 3.05742 2.98151 2.89255 2.75533 2.68191 2.58481 2.4815 2.43353 2.32474 2.21805 2.13443 2.07051 1.97767 1.89908 1.82088 1.75475 1.66291 1.58871 1.50209 1.44699 1.39094 1.31856 1.27691 1.22163 1.15986 1.12116 1.07636 1.03534 1 0.966869 0.94007 0.908953 0.88977 0.871179 0.857018 0.846892 0.834389 0.844888 0.832807 0.838561 0.829771 0.83643 0.828028 0.865566 0.857316 0.880818 0.878086 0.898256 0.904371 0.895778 0.985687 0.965531 1.02329 1.03592 1.07928 1.11182 1.12002 1.15165 1.16945 1.21411 1.25387 1.27081 1.271 1.30862 1.37287 1.40138 1.43023 1.4221 1.53552 1.50816 1.52347 1.62532 1.5659 1.67137 1.72115 1.7363 1.75376 1.77076 1.7981 
5.39165 5.1385 5.07072 5.00749 4.90971 4.76772 4.74248 4.60416 4.43437 4.29139 4.20913 4.11021 4.01122 3.95932 3.78266 3.68933 3.63219 3.50818 3.47086 3.4076 3.27595 3.13156 3.09323 2.92941 2.91789 2.76991 2.67985 2.55878 2.49567 2.40783 2.31292 2.21347 2.14351 2.02515 1.97159 1.87753 1.81911 1.73621 1.65432 1.60471 1.52318 1.45442 1.39711 1.32969 1.2719 1.21929 1.16926 1.11853 1.07956 1.03567 1 0.9677 0.939535 0.907641 0.889914 0.863937 0.850828 0.821708 0.840702 0.834163 0.826298 0.818616 0.838895 0.829622 0.828214 0.856657 0.847628 0.878743 0.894264 0.898165 0.900686 0.944837 1.01339 0.959593 1.0286 1.06394 1.08283 1.10037 1.15203 1.13887 1.16893 1.20646 1.25233 1.3376 1.27494 1.3029 1.34188 1.37379 1.43017 1.44258 1.51354 1.48774 1.51387 1.61076 1.66069 1.61315 1.75392 1.71711 1.74203 1.82135 1.82156 
5.29173 5.24172 5.15498 4.98869 4.81463 4.80932 4.74283 4.53007 4.47999 4.2726 4.22092 4.11199 4.05093 3.93934 3.76046 3.76373 3.72433 3.61329 3.46254 3.33542 3.2296 3.13871 3.07754 2.99643 2.86243 2.75634 2.68192 2.54995 2.48824 2.4311 2.31347 2.20199 2.14038 2.05003 1.96638 1.8811 1.81019 1.72988 1.6833 1.58343 1.51096 1.44967 1.39791 1.32343 1.27671 1.22142 1.16487 1.11908 1.0747 1.03538 1 0.968233 0.938043 0.910258 0.887356 0.867526 0.857462 0.837869 0.834155 0.832478 0.818743 0.820882 0.809222 0.837949 0.852798 0.839336 0.866114 0.870024 0.876037 0.883871 0.920151 0.944677 0.965137 0.979031 1.00089 1.02608 1.08038 1.10136 1.09778 1.11295 1.16733 1.20163 1.26997 1.24524 1.25476 1.29873 1.37141 1.41228 1.40397 1.45792 1.43369 1.50276 1.52175 1.59991 1.6892 1.63373 1.63814 1.72469 1.7423 1.83062 1.80832 
5.29163 5.26218 5.09457 5.00201 4.87614 4.74018 4.62445 4.52984 4.51374 4.42862 4.22324 4.1628 4.13917 3.97251 3.83774 3.76041 3.64759 3.56211 3.40279 3.3253 3.31724 3.15006 2.98743 2.95811 2.88527 2.74271 2.67607 2.58647 2.50419 2.38097 2.32519 2.21455 2.13533 2.04051 1.9636 1.87166 1.78522 1.72521 1.65249 1.58182 1.51926 1.44734 1.38069 1.32358 1.27348 1.21405 1.16363 1.11514 1.07945 1.03499 1 0.966576 0.939256 0.907857 0.88739 0.870647 0.863195 0.838088 0.84891 0.831531 0.814944 0.819073 0.825851 0.833418 0.834788 0.850514 0.82925 0.867103 0.884452 0.886276 0.916967 0.926804 0.98238 0.965117 0.995301 1.01225 1.03903 1.07911 1.08249 1.14849 1.1439 1.23609 1.21675 1.28049 1.30706 1.34159 1.3459 1.43872 1.42745 1.47094 1.54215 1.46867 1.59951 1.62968 1.67836 1.66128 1.71077 1.76669 1.87583 1.79943 1.80302 
5.2417 5.13971 5.14623 5.06962 4.88278 4.71711 4.79161 4.67509 4.49619 4.33278 4.14967 4.14021 4.06313 3.96975 3.87859 3.75484 3.58463 3.55807 3.43044 3.37719 3.25365 3.15583 3.04646 2.97671 2.85921 2.80085 2.66425 2.59137 2.4814 2.37511 2.33177 2.19732 2.1272 2.05357 1.95522 1.86831 1.79557 1.71783 1.66786 1.57901 1.52794 1.46183 1.37984 1.33092 1.27557 1.22181 1.16959 1.12412 1.07503 1.03748 1 0.965238 0.938106 0.917687 0.888243 0.878079 0.859523 0.843945 0.828429 0.817292 0.824353 0.832958 0.819949 0.857179 0.843008 0.846089 0.865281 0.855672 0.867758 0.889283 0.89863 0.934328 0.981432 1.00317 1.02849 1.03201 1.07663 1.10617 1.10557 1.14013 1.18365 1.20282 1.20573 1.2308 1.23886 1.32289 1.33305 1.35682 1.41643 1.43471 1.47046 1.53797 1.54581 1.55226 1.61148 1.67622 1.71341 1.78316 1.74921 1.87744 1.83083 
5.32178 5.20026 5.08708 5.01592 4.96107 4.85693 4.66798 4.53459 4.44542 4.35053 4.2622 4.17047 4.07544 3.96781 3.85503 3.82138 3.58989 3.59907 3.49949 3.30244 3.23981 3.12738 3.00577 2.96931 2.87928 2.80345 2.67861 2.60622 2.4998 2.42807 2.29595 2.20481 2.12278 2.06616 1.96753 1.87729 1.76577 1.72161 1.66038 1.58398 1.49955 1.46743 1.38799 1.33129 1.26962 1.22507 1.16302 1.124 1.07358 1.03575 1 0.966928 0.93601 0.912965 0.89307 0.877072 0.865106 0.844637 0.832611 0.825039 0.829861 0.824345 0.833533 0.839726 0.848665 0.844628 0.885433 0.869296 0.919454 0.868487 0.943712 0.972613 0.992253 1.01936 1.00434 1.01194 1.01617 1.04188 1.14569 1.13954 1.15272 1.17655 1.22343 1.2703 1.30206 1.32488 1.35349 1.37281 1.40719 1.42174 1.48341 1.49194 1.57493 1.59746 1.60442 1.58106 1.66581 1.81476 1.73037 1.79923 1.78756 
5.18969 5.19709 5.0432 4.99684 4.93753 4.76644 4.68332 4.57138 4.4438 4.30733 4.24257 4.11015 4.06706 3.99452 3.88746 3.7414 3.63648 3.57689 3.4769 3.35554 3.23256 3.15075 3.08212 2.92827 2.88793 2.75718 2.68203 2.59806 2.4731 2.36303 2.28831 2.22368 2.10518 2.06318 1.98077 1.86987 1.81389 1.73387 1.66556 1.58591 1.50817 1.45687 1.38903 1.3227 1.26881 1.22055 1.16979 1.12047 1.07506 1.03643 1 0.966567 0.939199 0.917955 0.890529 0.876163 0.864028 0.846659 0.836466 0.823453 0.836365 0.8122 0.819256 0.836255 0.821637 0.839749 0.881478 0.895556 0.863183 0.907348 0.916137 0.917198 0.962098 0.965309 1.0135 1.06302 1.06688 1.08326 1.13221 1.17703 1.16351 1.23631 1.20807 1.24915 1.27944 1.31278 1.39496 1.32027 1.42325 1.46433 1.49057 1.50103 1.57777 1.59604 1.64565 1.63347 1.66123 1.69912 1.74538 1.73069 1.80136 
5.2504 5.17515 4.9894 4.96424 4.87481 4.77927 4.63303 4.59055 4.41201 4.38469 4.18432 4.14005 4.07169 3.96793 3.89128 3.75679 3.64179 3.5457 3.40023 3.35806 3.20658 3.13688 3.05512 2.9418 2.85901 2.80157 2.63265 2.57165 2.51523 2.38448 2.28214 2.22294 2.12914 2.0565 1.9853 1.89573 1.80049 1.72341 1.67539 1.58334 1.50593 1.447 1.3792 1.32817 1.27245 1.21833 1.16594 1.11942 1.07546 1.03488 1 0.967452 0.937287 0.910686 0.889877 0.873358 0.857657 0.835199 0.82177 0.818727 0.824041 0.825754 0.815358 0.826518 0.831108 0.839781 0.835406 0.88573 0.85642 0.933698 0.940061 0.910244 0.94876 0.998873 1.00018 1.0614 1.05276 1.10341 1.07444 1.18978 1.18076 1.19426 1.15987 1.28272 1.3106 1.32023 1.3288 1.37644 1.39718 1.45733 1.48225 1.5348 1.50143 1.5722 1.60787 1.61337 1.7209 1.67782 1.84792 1.78796 1.7702 
5.25025 5.21817 5.10941 4.94181 4.81055 4.81757 4.67874 4.49559 4.4834 4.38521 4.23578 4.16329 4.04206 3.98264 3.9276 3.73423 3.61264 3.58563 3.4982 3.31302 3.21779 3.16786 3.06 2.93113 2.86241 2.76873 2.691 2.54288 2.51308 2.39519 2.26918 2.20645 2.13538 2.03173 1.97021 1.8917 1.81239 1.72895 1.66287 1.59752 1.52095 1.44761 1.39219 1.32646 1.27259 1.21858 1.17168 1.11999 1.07476 1.03824 1 0.967421 0.93867 0.914773 0.895911 0.870683 0.846464 0.840784 0.826729 0.823263 0.844393 0.828051 0.823736 0.82611 0.834264 0.858856 0.828882 0.895681 0.893135 0.906663 0.912636 0.966467 0.975705 1.00762 1.01986 1.07404 1.10248 1.0728 1.12663 1.15453 1.1157 1.18702 1.25131 1.27693 1.24414 1.32482 1.40476 1.40202 1.41047 1.44906 1.51269 1.49141 1.58702 1.61326 1.64071 1.645 1.69181 1.75701 1.74703 1.76301 1.8114 
5.21128 5.15618 5.09597 4.95215 4.89635 4.72766 4.57132 4.6341 4.43948 4.33271 4.26972 4.14169 4.00714 3.95459 3.86128 3.71334 3.69573 3.57643 3.44135 3.39046 3.2424 3.14639 3.05726 2.95795 2.86675 2.77392 2.66389 2.59711 2.48557 2.3829 2.33245 2.22591 2.12972 2.06184 1.9796 1.87906 1.81699 1.74644 1.63579 1.59925 1.52453 1.44589 1.38876 1.31725 1.27589 1.2243 1.16452 1.11754 1.07539 1.03688 1 0.965701 0.936652 0.913303 0.892791 0.872959 0.844698 0.84769 0.851354 0.818566 0.838378 0.818945 0.821507 0.843992 0.812494 0.858099 0.86116 0.903351 0.89211 0.900153 0.92701 0.95768 0.951734 0.975673 1.00351 1.02749 1.03388 1.10132 1.12221 1.12695 1.17533 1.18967 1.19377 1.25351 1.27165 1.30303 1.39718 1.38507 1.46976 1.39388 1.4735 1.48496 1.57436 1.63386 1.61208 1.64723 1.67232 1.71305 1.77755 1.83974 1.82527 
5.24795 5.12541 5.09875 4.95719 4.75881 4.72267 4.66228 4.54229 4.51889 4.31338 4.25662 4.11214 3.96406 3.96946 3.92479 3.71262 3.63963 3.53523 3.43565 3.2868 3.30276 3.18284 3.07603 2.96737 2.86546 2.81227 2.67597 2.60379 2.50506 2.38772 2.35249 2.21659 2.14517 2.06262 1.98151 1.85404 1.81571 1.75 1.65258 1.59619 1.50597 1.46081 1.38041 1.33947 1.27617 1.21274 1.17366 1.12227 1.07379 1.03713 1 0.966514 0.942229 0.91318 0.886931 0.871973 0.862171 0.844587 0.840573 0.8258 0.830538 0.833196 0.840048 0.823416 0.836111 0.820465 0.849733 0.870925 0.916348 0.926545 0.907909 0.928761 0.952509 0.992668 1.00238 1.02518 1.09506 1.12396 1.11433 1.10182 1.10638 1.24659 1.24338 1.26811 1.26683 1.31538 1.32234 1.42363 1.42578 1.39804 1.47916 1.49704 1.59219 1.50701 1.69116 1.65775 1.71902 1.80688 1.80198 1.77921 1.88458 
5.28362 5.16564 5.10173 4.97189 4.926 4.7279 4.66074 4.56011 4.44081 4.36641 4.24794 4.11579 3.98391 3.9392 3.87646 3.69203 3.69571 3.56742 3.4677 3.33844 3.26841 3.17076 3.01735 2.93105 2.87668 2.725 2.63566 2.55767 2.50233 2.42055 2.33445 2.24085 2.16251 2.05878 1.97005 1.91004 1.82887 1.69697 1.66286 1.60259 1.5282 1.45024 1.39601 1.33154 1.27516 1.21634 1.17377 1.12093 1.079 1.0361 1 0.968389 0.935934 0.914984 0.891962 0.86751 0.865889 0.846705 0.83016 0.845402 0.834308 0.795908 0.835203 0.813456 0.856025 0.859281 0.841452 0.852367 0.897058 0.897298 0.954932 0.942009 0.947817 1.03529 1.00456 1.02411 1.05115 1.05813 1.15556 1.12484 1.17313 1.2258 1.18152 1.23882 1.31249 1.3718 1.40613 1.40182 1.3973 1.46022 1.48208 1.50107 1.62837 1.56982 1.646 1.5868 1.61787 1.66923 1.79773 1.89037 1.87981 
5.27329 5.07319 5.08204 4.90198 4.83727 4.72511 4.64629 4.54298 4.46979 4.37314 4.30108 4.1409 4.03808 3.97983 3.86468 3.78562 3.67223 3.55599 3.4496 3.37077 3.26793 3.11729 3.04394 2.96912 2.89067 2.7842 2.72857 2.63309 2.49238 2.41177 2.27626 2.19511 2.14795 2.0479 1.97217 1.87882 1.81088 1.73157 1.66667 1.60165 1.53181 1.44233 1.39781 1.32988 1.27401 1.21984 1.17058 1.12301 1.07503 1.03644 1 0.966215 0.937595 0.910279 0.885226 0.871606 0.857824 0.843478 0.823932 0.831435 0.815507 0.838257 0.843267 0.834014 0.833379 0.855564 0.856 0.870876 0.889501 0.917708 0.928669 0.962596 0.949575 0.989284 1.04425 1.06355 1.02317 1.06815 1.08092 1.18418 1.13708 1.17722 1.27416 1.22328 1.25604 1.29963 1.36797 1.37126 1.39725 1.43179 1.50121 1.55698 1.43821 1.59621 1.62002 1.6519 1.69151 1.7242 1.84547 1.80979 1.77091 
